ts_0	elapsed_0	pkg_0	pp0_0	dram_0	freq_ratio_0_0	c0_ratio_0_0	freq_ratio_0_1	c0_ratio_0_1	freq_ratio_0_2	c0_ratio_0_2	freq_ratio_0_3	c0_ratio_0_3	freq_ratio_0_4	c0_ratio_0_4	freq_ratio_0_5	c0_ratio_0_5	freq_ratio_0_6	c0_ratio_0_6	freq_ratio_0_7	c0_ratio_0_7	ts_1	elapsed_1	pkg_1	pp0_1	dram_1	freq_ratio_1_0	c0_ratio_1_0	freq_ratio_1_1	c0_ratio_1_1	freq_ratio_1_2	c0_ratio_1_2	freq_ratio_1_3	c0_ratio_1_3	freq_ratio_1_4	c0_ratio_1_4	freq_ratio_1_5	c0_ratio_1_5	freq_ratio_1_6	c0_ratio_1_6	freq_ratio_1_7	c0_ratio_1_7	
1350065762.505942	1.000311	47.304522	34.056398	3.795725	1.000000	1.000000	0.999219	0.000737	0.999978	0.000310	1.000000	1.000000	1.000000	1.000000	1.000017	0.000279	1.000000	1.000000	0.999980	0.000293	1350065762.506081	1.000302	45.576015	32.473787	1.664780	1.000000	1.000000	0.999707	0.000416	1.000000	1.000000	1.000026	0.000509	1.000000	1.000000	0.999970	0.000282	1.000000	1.000000	1.000036	0.000416	
1350065763.505940	0.999998	47.223998	33.994938	3.797248	1.000000	1.000000	0.999467	0.000398	0.999510	0.000313	1.000000	1.000000	1.000000	1.000000	0.999450	0.000281	1.000000	1.000000	0.999401	0.000204	1350065763.506069	0.999988	45.648219	32.531989	1.670781	1.000000	1.000000	0.999859	0.000420	1.000000	1.000000	0.999997	0.000453	1.000000	1.000000	0.999799	0.000307	1.000000	1.000000	1.000254	0.000581	
1350065764.505939	0.999999	47.251434	34.015230	3.786152	1.000000	1.000000	1.000376	0.000406	1.000010	0.000197	1.000000	1.000000	1.000000	1.000000	0.999817	0.000221	1.000000	1.000000	1.000149	0.000140	1350065764.506070	1.000001	45.661089	32.540985	1.589461	1.000000	1.000000	0.999698	0.000430	1.000000	1.000000	0.999399	0.000340	1.000000	1.000000	1.000535	0.000223	1.000000	1.000000	0.999709	0.000365	
1350065765.505939	1.000000	47.238968	34.006989	3.793442	1.000000	1.000000	1.000008	0.001197	0.999953	0.000346	1.000000	1.000000	1.000000	1.000000	1.000160	0.000270	1.000000	1.000000	0.999870	0.000183	1350065765.506078	1.000008	45.675655	32.549861	1.661287	0.999999	1.000000	0.999897	0.000543	1.000000	1.000000	1.000425	0.000436	1.000000	1.000000	1.000023	0.000283	1.000000	1.000000	1.000014	0.000381	
1350065766.505939	1.000000	47.208771	33.980484	3.805084	1.000000	1.000000	0.999800	0.000705	0.999994	0.000257	1.000000	1.000000	1.000000	1.000000	0.999849	0.000219	1.000000	1.000000	0.999997	0.000139	1350065766.506070	0.999992	45.638691	32.524891	1.585340	1.000001	1.000000	1.000143	0.000348	1.000000	1.000000	0.999455	0.000336	1.000000	1.000000	0.998915	0.000222	1.000000	1.000000	0.999976	0.000399	
1350065767.505939	1.000000	47.174576	33.949539	3.808945	1.000000	1.000000	0.999909	0.000431	0.999965	0.000276	1.000000	1.000000	1.000000	1.000000	1.000038	0.000287	1.000000	1.000000	0.999981	0.000207	1350065767.506067	0.999997	45.723378	32.597589	1.663534	1.000000	1.000000	1.000405	0.000458	1.000000	1.000000	1.000480	0.000403	1.000000	1.000000	1.000783	0.000281	1.000000	1.000000	1.000006	0.000470	
1350065768.505939	1.000000	47.103607	33.879486	3.789642	1.000000	1.000000	0.999988	0.000410	0.999980	0.000217	1.000000	1.000000	1.000000	1.000000	0.999947	0.000220	1.000000	1.000000	0.999975	0.000139	1350065768.506068	1.000001	45.722201	32.596023	1.586989	1.000000	1.000000	0.999924	0.000388	1.000000	1.000000	0.999986	0.000378	1.000000	1.000000	0.999933	0.000223	1.000000	1.000000	1.000002	0.000368	
1350065769.505939	1.000000	47.190979	33.964752	3.782486	1.000000	1.000000	0.999979	0.000377	0.999973	0.000269	1.000000	1.000000	1.000000	1.000000	1.000037	0.000261	1.000000	1.000000	1.000052	0.000178	1350065769.506067	0.999999	45.722608	32.596116	1.635927	1.000000	1.000000	0.999590	0.000446	1.000000	1.000000	0.999803	0.000428	1.000000	1.000000	0.999596	0.000285	1.000000	1.000000	0.999959	0.000386	
1350065770.505939	1.000000	47.303085	34.068039	3.797562	1.000000	1.000000	1.000059	0.002524	1.000040	0.000223	1.000000	1.000000	1.000000	1.000000	1.000004	0.000201	1.000000	1.000000	0.999891	0.000121	1350065770.506074	1.000007	45.744114	32.617160	1.589283	1.000000	1.000000	1.000444	0.000465	0.999994	1.000000	1.000212	0.000343	1.000000	1.000000	1.000566	0.000205	1.000000	1.000000	0.999982	0.000358	
1350065771.505939	1.000000	47.346252	34.106354	3.801285	1.000000	1.000000	1.000008	0.000786	0.999953	0.000310	1.000000	1.000000	1.000000	1.000000	0.999942	0.000259	1.000000	1.000000	0.999992	0.000199	1350065771.506071	0.999997	45.748021	32.621378	1.647527	1.000000	1.000000	0.999965	0.000444	1.000001	1.000000	0.999976	0.000427	1.000000	1.000000	0.999976	0.000277	1.000000	1.000000	0.999989	0.000494	
1350065772.505939	1.000000	47.266769	34.031708	3.801270	1.000000	1.000000	1.000054	0.000384	0.999904	0.000217	1.000000	1.000000	1.000000	1.000000	1.000030	0.000220	1.000000	1.000000	0.999981	0.000120	1350065772.506070	0.999999	45.744749	32.618943	1.590089	1.000000	1.000000	0.999865	0.000426	1.000005	1.000000	0.999520	0.000339	1.000000	1.000000	0.999991	0.000223	1.000000	1.000000	0.999417	0.000357	
1350065773.505939	1.000000	47.309753	34.076019	3.797379	1.000000	1.000000	0.999851	0.000377	1.000534	0.000291	1.000000	1.000000	1.000000	1.000000	1.000489	0.000272	1.000000	1.000000	1.000523	0.000218	1350065773.506065	0.999995	45.758591	32.633266	1.623543	1.000000	1.000000	0.999935	0.000408	1.000000	1.000000	1.000375	0.000418	1.000000	1.000000	0.999977	0.000271	1.000000	1.000000	1.000172	0.000377	
1350065774.505939	1.000000	47.225769	34.005081	3.793671	1.000000	1.000000	1.000148	0.000386	0.999988	0.000196	1.000000	1.000000	1.000000	1.000000	1.000009	0.000218	1.000000	1.000000	1.000215	0.000119	1350065774.506064	0.999999	45.712324	32.597748	1.589525	1.000000	1.000000	0.999799	0.000449	1.000000	1.000000	0.999742	0.000363	1.000000	1.000000	0.999175	0.000233	1.000000	1.000000	0.999732	0.000323	
1350065775.505939	1.000000	47.338745	34.136368	3.797531	1.000000	1.000000	0.999844	0.000366	0.999528	0.000315	1.000000	1.000000	1.000000	1.000000	0.999493	0.000285	1.000000	1.000000	0.999247	0.000195	1350065775.506069	1.000005	45.769546	32.642872	1.618629	1.000000	1.000000	1.000325	0.000493	1.000000	1.000000	1.000151	0.000427	1.000000	1.000000	1.000623	0.000295	1.000000	1.000000	1.000802	0.000416	
1350065776.505939	1.000000	47.328003	34.056076	3.797287	1.000000	1.000000	0.999774	0.000683	0.999964	0.000254	1.000000	1.000000	1.000000	1.000000	1.000027	0.000228	1.000000	1.000000	1.000030	0.000139	1350065776.506073	1.000004	45.762266	32.633794	1.589257	1.000000	1.000000	0.999561	0.000387	1.000000	1.000000	0.999505	0.000365	1.000000	1.000000	0.998971	0.000223	1.000000	1.000000	0.999726	0.000398	
1350065777.505939	1.000000	47.407410	34.165802	3.797562	1.000000	1.000000	0.999996	0.000375	0.999982	0.000283	1.000000	1.000000	1.000000	1.000000	0.999931	0.000257	1.000000	1.000000	1.000007	0.000177	1350065777.506070	0.999997	45.759114	32.631128	1.625051	1.000000	1.000000	0.999943	0.000453	1.000000	1.000000	1.000424	0.000433	1.000000	1.000000	1.000787	0.000276	1.000000	1.000000	0.999983	0.000342	
1350065778.505939	1.000000	47.220306	33.988983	3.789978	1.000000	1.000000	0.999982	0.000401	0.999985	0.000259	1.000000	1.000000	1.000000	1.000000	0.999943	0.000209	1.000000	1.000000	0.999998	0.000155	1350065778.506070	1.000000	45.700546	32.572006	1.594559	1.000000	1.000000	0.999685	0.000398	1.000000	1.000000	1.000002	0.000393	1.000000	1.000000	0.999973	0.000212	1.000000	1.000000	0.999951	0.000399	
1350065779.505939	1.000000	47.132034	33.907318	3.805481	1.000000	1.000000	0.999949	0.000371	0.999960	0.000261	1.000000	1.000000	1.000000	1.000000	1.000059	0.000294	1.000000	1.000000	0.999958	0.000175	1350065779.506077	1.000007	45.742024	32.612491	1.621098	1.000000	1.000000	1.000646	0.000461	1.000000	1.000000	0.999988	0.000418	1.000000	1.000000	0.999938	0.000293	1.000000	1.000000	1.000004	0.000399	
1350065780.505939	1.000000	47.189392	33.959351	3.805054	1.000000	1.000000	1.000070	0.002296	1.000022	0.000223	1.000000	1.000000	1.000000	1.000000	1.000018	0.000216	1.000000	1.000000	0.999970	0.000139	1350065780.506070	0.999993	45.739360	32.609158	1.585216	1.000000	1.000000	0.999832	0.000436	1.000000	1.000000	0.999971	0.000290	1.000000	1.000000	0.999056	0.000219	1.000000	1.000000	0.999315	0.000330	
1350065781.505939	1.000000	47.209137	33.977798	3.797394	1.000000	1.000000	0.999991	0.000666	0.999956	0.000321	1.000000	1.000000	1.000000	1.000000	0.999938	0.000236	1.000000	1.000000	0.999965	0.000177	1350065781.506082	1.000012	45.750950	32.621880	1.613033	1.000000	1.000000	1.000166	0.000440	1.000000	1.000000	0.999996	0.000436	1.000000	1.000000	1.000791	0.000276	1.000000	1.000000	1.000550	0.000417	
1350065782.505939	1.000000	47.194702	33.961777	3.797714	1.000000	1.000000	0.999981	0.000437	0.999994	0.000250	1.000000	1.000000	1.000000	1.000000	0.999866	0.000216	1.000000	1.000000	1.000025	0.000139	1350065782.506066	0.999984	45.711713	32.595201	1.594050	1.000000	1.000000	0.998873	0.000379	1.000000	1.000000	0.999484	0.000372	1.000000	1.000000	0.999972	0.000237	1.000000	1.000000	0.999998	0.000348	
1350065783.505939	1.000000	47.211899	33.978561	3.800858	1.000000	1.000000	0.999900	0.000346	0.999975	0.000305	1.000000	1.000000	1.000000	1.000000	1.000073	0.000254	1.000000	1.000000	0.999940	0.000180	1350065783.506073	1.000007	45.746479	32.616642	1.612812	1.000000	1.000000	1.000606	0.000453	1.000000	0.999999	1.000411	0.000439	1.000000	1.000000	0.999940	0.000264	1.000000	1.000000	0.999990	0.000390	
1350065784.505939	1.000000	47.333588	34.096970	3.796280	1.000000	1.000000	0.999995	0.003920	0.999995	0.002858	1.000000	1.000000	1.000000	1.000000	1.000000	0.002804	1.000000	1.000000	1.000001	0.002732	1350065784.506072	0.999999	45.840223	32.708817	1.596880	1.000000	1.000000	1.000027	0.004348	1.000000	1.000000	0.999996	0.002956	1.000000	1.000000	1.000007	0.002674	1.000000	1.000000	0.999998	0.002803	
1350065785.505939	1.000000	47.264053	34.035660	3.786209	1.000000	1.000000	1.000063	0.000367	0.999972	0.000305	1.000000	1.000000	1.000000	1.000000	1.000467	0.000278	1.000000	1.000000	1.000528	0.000196	1350065785.506067	0.999995	45.753830	32.623958	1.624474	1.000000	1.000000	1.000188	0.000530	1.000000	1.000000	0.999546	0.000428	1.000000	1.000000	0.999915	0.000277	1.000000	0.999999	0.999989	0.000386	
1350065786.505939	1.000000	47.280930	34.041290	3.805389	1.000000	1.000000	1.000044	0.000671	1.000507	0.000276	1.000000	1.000000	1.000000	1.000000	1.000137	0.000214	1.000000	1.000000	1.000238	0.000155	1350065786.506072	1.000005	45.749130	32.619557	1.593376	1.000000	0.999998	0.999927	0.000335	1.000000	1.000000	0.999980	0.000356	1.000000	1.000000	0.999037	0.000219	1.000000	1.000001	0.999988	0.000373	
1350065787.505940	1.000001	47.124986	33.897001	3.797253	1.000000	1.000000	0.999818	0.000379	0.999520	0.000307	1.000000	1.000000	1.000000	1.000000	0.999415	0.000280	1.000000	1.000000	0.999213	0.000185	1350065787.506073	1.000001	45.765642	32.635955	1.626997	1.000000	1.000002	0.999832	0.000466	1.000000	1.000000	1.000389	0.000504	1.000000	1.000000	1.000732	0.000288	1.000000	1.000000	1.000196	0.000417	
1350065788.505939	0.999999	47.128066	33.901949	3.797245	1.000000	1.000000	0.999927	0.001232	1.000024	0.000240	1.000000	1.000000	1.000000	1.000000	0.999975	0.000216	1.000000	1.000000	0.999983	0.000139	1350065788.506069	0.999996	45.758669	32.629344	1.585089	1.000000	1.000000	1.000285	0.000363	1.000000	1.000000	0.999983	0.000401	1.000000	1.000000	0.999018	0.000221	1.000000	1.000000	0.999192	0.000384	
1350065789.505939	1.000000	47.105240	33.879181	3.809067	1.000000	1.000000	0.999961	0.000385	0.999955	0.000303	1.000000	1.000000	1.000000	1.000000	0.999958	0.000247	1.000000	1.000000	0.999963	0.000178	1350065789.506072	1.000003	45.763835	32.635290	1.619822	1.000000	1.000000	1.000008	0.000459	1.000000	1.000000	0.999995	0.000463	1.000000	1.000000	1.000840	0.000243	1.000000	1.000000	1.000561	0.000383	
1350065790.505939	1.000000	47.147400	33.920547	3.789764	1.000000	1.000000	1.000016	0.009262	1.000009	0.000272	1.000000	1.000000	1.000000	1.000000	1.000055	0.000217	1.000000	1.000000	0.999920	0.000120	1350065790.506070	0.999998	45.709224	32.592271	1.590137	1.000000	1.000000	1.000017	0.000474	1.000000	1.000000	0.999659	0.000425	0.999995	1.000000	0.998978	0.000220	1.000000	1.000000	0.999361	0.000367	
1350065791.505939	1.000000	47.091324	33.865631	3.785995	1.000000	1.000000	0.999931	0.000675	0.999970	0.000368	1.000000	1.000000	1.000000	1.000000	0.999875	0.000268	1.000000	1.000000	1.000015	0.000228	1350065791.506074	1.000004	45.750532	32.620321	1.605096	0.999998	1.000000	0.999947	0.000452	1.000000	1.000000	1.000314	0.000426	1.000005	1.000000	1.000679	0.000320	1.000000	1.000000	1.000509	0.000432	
1350065792.505939	1.000000	47.079483	33.855606	3.805130	1.000000	1.000000	1.000092	0.000371	1.000014	0.000243	1.000000	1.000000	1.000000	1.000000	1.000108	0.000224	1.000000	1.000000	0.999923	0.000121	1350065792.506075	1.000001	45.755663	32.626037	1.590208	1.000002	1.000000	0.999727	0.000320	0.999995	1.000000	0.999979	0.000387	1.000000	1.000000	0.999022	0.000218	1.000000	1.000000	0.999327	0.000359	
1350065793.505939	1.000000	47.095123	33.880875	3.797287	1.000000	1.000000	0.999877	0.000350	0.999963	0.000304	1.000000	1.000000	1.000000	1.000000	0.999931	0.000264	1.000000	1.000000	1.000021	0.000198	1350065793.506071	0.999996	45.755969	32.627146	1.601126	1.000000	1.000000	0.999909	0.000336	1.000006	1.000000	0.999554	0.000505	1.000000	1.000000	1.000782	0.000268	1.000000	1.000000	1.000583	0.000410	
1350065794.505941	1.000002	715815356.810950	715824062.836581	715810528.627898	0.999989	1.000208	0.999986	1.000209	0.999996	1.000207	0.999988	1.000205	0.999989	1.000210	0.999991	1.000205	0.999989	1.000210	0.999989	1.000208	1350065794.506039	0.999968	715790126.220364	715840300.687142	715804448.821956	0.999988	1.000203	0.999986	1.000208	3.893121	0.256915	0.999988	1.000207	0.999989	1.000210	0.999991	1.000205	0.999989	1.000210	0.999989	1.000208	
1350065795.506016	1.000075	0.000000	0.000000	0.000000	-nan	-nan	-nan	-nan	0.000000	inf	-nan	-nan	-nan	0.000000	-nan	-nan	-nan	-nan	-nan	-nan	1350065795.506111	1.000072	0.000000	0.000000	0.000000	-nan	-nan	-nan	-nan	0.000000	inf	-nan	-nan	-nan	-nan	-nan	-nan	-nan	-nan	-nan	-nan	
