ts_0	elapsed_0	pkg_0	pp0_0	dram_0	freq_ratio_0_0	c0_ratio_0_0	freq_ratio_0_1	c0_ratio_0_1	freq_ratio_0_2	c0_ratio_0_2	freq_ratio_0_3	c0_ratio_0_3	freq_ratio_0_4	c0_ratio_0_4	freq_ratio_0_5	c0_ratio_0_5	freq_ratio_0_6	c0_ratio_0_6	freq_ratio_0_7	c0_ratio_0_7	ts_1	elapsed_1	pkg_1	pp0_1	dram_1	freq_ratio_1_0	c0_ratio_1_0	freq_ratio_1_1	c0_ratio_1_1	freq_ratio_1_2	c0_ratio_1_2	freq_ratio_1_3	c0_ratio_1_3	freq_ratio_1_4	c0_ratio_1_4	freq_ratio_1_5	c0_ratio_1_5	freq_ratio_1_6	c0_ratio_1_6	freq_ratio_1_7	c0_ratio_1_7	
1350070388.509167	1.000343	54.298403	41.132678	6.113015	1.075577	0.997039	1.021855	0.002692	1.075573	0.997037	1.066879	0.000465	1.075569	0.997034	1.109060	0.000391	1.075564	0.997032	1.064278	0.000425	1350070388.509298	1.000335	48.570141	35.306777	2.768268	1.269106	0.998841	1.230202	0.000493	1.269106	0.998839	1.230109	0.000488	1.229575	0.000105	1.228326	0.000062	1.228584	0.000065	1.229625	0.000133	
1350070389.509157	0.999990	50.716939	37.536829	6.102966	1.024386	0.997052	1.026587	0.000309	1.024386	0.997051	1.022201	0.000136	1.024386	0.997048	1.014949	0.000155	1.024386	0.997047	1.014433	0.000208	1350070389.509287	0.999989	48.763413	35.476631	2.626829	1.269164	0.999423	1.231273	0.000451	1.269164	0.999422	1.231686	0.000311	1.237043	0.000007	1.234680	0.000007	1.232290	0.000007	1.236305	0.000007	
1350070390.509158	1.000001	50.715925	37.532465	6.115213	1.024083	0.996947	1.020977	0.000409	1.024082	0.996946	1.017839	0.000189	1.024081	0.996944	1.024997	0.000162	1.024080	0.996942	1.026822	0.000253	1350070390.509293	1.000006	48.700607	35.408297	2.715163	1.269136	0.999166	1.230760	0.000533	1.269136	0.999165	1.230013	0.000378	1.228069	0.000106	1.225966	0.000055	1.226091	0.000060	1.230219	0.000056	
1350070391.509157	0.999999	50.715579	37.527700	6.115240	1.023990	0.997100	1.030950	0.000324	1.023990	0.997098	1.026039	0.000135	1.023990	0.997096	1.020982	0.000134	1.023990	0.997094	1.030184	0.000204	1350070391.509288	0.999995	48.581039	35.283090	2.615659	1.269170	0.999440	1.230784	0.000390	1.269170	0.999445	1.231598	0.000332	1.264880	0.000007	1.263639	0.000007	1.271029	0.000007	1.230105	0.000007	
1350070392.509158	1.000001	50.714551	37.526270	6.109064	1.023370	0.997007	1.024455	0.000708	1.023370	0.997004	1.028479	0.000278	1.023370	0.997001	1.027233	0.000234	1.023370	0.997000	1.027205	0.000280	1350070392.509293	1.000005	48.536912	35.233542	2.684069	1.269114	0.998953	1.230467	0.000481	1.269114	0.998947	1.230061	0.000369	1.228667	0.000112	1.220627	0.000048	1.222588	0.000059	1.228035	0.000168	
1350070393.509157	0.999999	50.713061	37.521062	6.109076	1.023677	0.996952	1.027020	0.000345	1.023678	0.996949	1.031847	0.000135	1.023679	0.996946	1.021476	0.000136	1.023680	0.996945	1.021022	0.000207	1350070393.509297	1.000004	48.536607	35.232279	2.586171	1.269157	0.999334	1.231042	0.000435	1.269158	0.999332	1.231663	0.000319	1.265327	0.000007	1.246099	0.000034	1.245425	0.000034	1.227386	0.000035	
1350070394.509158	1.000001	50.713575	37.520869	6.109064	1.023696	0.997038	1.026591	0.000381	1.023695	0.997036	1.021982	0.000166	1.023693	0.997034	1.012473	0.000179	1.023692	0.997032	1.031575	0.000245	1350070394.509289	0.999992	48.561002	35.256603	2.650321	1.269137	0.999144	1.230790	0.000423	1.269137	0.999143	1.230724	0.000378	1.229663	0.000096	1.225686	0.000056	1.225968	0.000057	1.236064	0.000066	
1350070395.509157	0.999999	50.713855	37.522466	6.109076	1.023706	0.996973	1.020722	0.000356	1.023707	0.996971	1.018980	0.000155	1.023708	0.996969	1.021170	0.000136	1.023709	0.996967	1.020639	0.000208	1350070395.509291	1.000002	48.561065	35.254831	2.508586	1.269158	0.999446	1.230746	0.000494	1.269158	0.999445	1.230826	0.000297	1.253820	0.000007	1.269871	0.000007	1.274720	0.000007	1.271673	0.000007	
1350070396.509157	1.000000	50.716003	37.526749	6.115234	1.023297	0.996918	1.031325	0.000359	1.023297	0.996915	1.021864	0.000174	1.023297	0.996912	1.034719	0.000182	1.023297	0.996911	1.017490	0.000268	1350070396.509287	0.999996	48.519896	35.229101	2.653407	1.269118	0.998993	1.230786	0.000422	1.269118	0.998993	1.230467	0.000430	1.227959	0.000081	1.226484	0.000055	1.225321	0.000043	1.229069	0.000137	
1350070397.509157	1.000000	50.665863	37.487259	6.109070	1.023170	0.997022	1.029854	0.000629	1.023169	0.997020	1.033524	0.000191	1.023167	0.997017	1.010972	0.000137	1.023166	0.997016	1.032832	0.000189	1350070397.509296	1.000009	48.627413	35.309052	2.649176	1.269166	0.999423	1.230761	0.000411	1.269166	0.999423	1.231160	0.000317	1.258048	0.000007	1.241695	0.000007	1.224996	0.000007	1.224397	0.000007	
1350070398.509157	1.000000	50.710785	37.516693	6.115234	1.023412	0.996997	0.999574	0.002312	1.023414	0.996995	1.011950	0.000179	1.023415	0.996992	1.008830	0.000206	1.023416	0.996992	1.019393	0.000302	1350070398.509295	0.999999	48.523865	35.233417	2.682604	1.269137	0.999169	1.230742	0.000447	1.269138	0.999167	1.230744	0.000393	1.230981	0.000097	1.233693	0.000049	1.234242	0.000049	1.231254	0.000050	
1350070399.509157	1.000000	50.716217	37.520309	6.096741	1.024553	0.997076	1.026594	0.000344	1.024553	0.997074	1.033514	0.000154	1.024553	0.997073	1.027535	0.000134	1.024553	0.997072	1.028121	0.000205	1350070399.509296	1.000001	48.633346	35.327115	2.595350	1.269166	0.999422	1.230732	0.000406	1.269166	0.999422	1.230290	0.000297	1.234696	0.000007	1.233833	0.000007	1.222161	0.000007	1.263472	0.000007	
1350070400.509157	1.000000	50.715378	37.520157	6.102905	1.023919	0.996987	1.023327	0.000394	1.023919	0.996985	1.014570	0.000195	1.023919	0.996982	1.005123	0.000187	1.023919	0.996980	1.011938	0.000231	1350070400.509285	0.999989	48.340755	35.042636	2.675490	1.269126	0.999082	1.230757	0.000489	1.269126	0.999082	1.231213	0.000363	1.231072	0.000088	1.230799	0.000055	1.233585	0.000049	1.230740	0.000098	
1350070401.509157	1.000000	50.714890	37.515915	6.109070	1.026283	0.997429	1.019498	0.000324	1.026283	0.997429	1.026154	0.000218	1.026283	0.997427	1.026937	0.000127	1.026283	0.997424	1.018407	0.000224	1350070401.509287	1.000002	47.454118	34.171444	2.599467	1.269173	0.999509	1.230746	0.000362	1.269173	0.999509	1.230736	0.000263	1.228466	0.000007	1.228011	0.000007	1.232331	0.000015	0.959140	0.000008	
1350070402.509157	1.000000	50.715912	37.516663	6.121399	1.026124	0.997311	1.028796	0.000612	1.026123	0.997309	1.030958	0.000261	1.026121	0.997307	1.026767	0.000191	1.026121	0.997307	1.026527	0.000243	1350070402.509287	1.000000	47.494278	34.209305	2.636749	1.269143	0.999231	1.230734	0.000416	1.269142	0.999230	1.230736	0.000339	1.230305	0.000096	1.229784	0.000055	1.230180	0.000057	1.278357	0.000048	
1350070403.509157	1.000000	50.711487	37.511063	6.115234	1.027957	0.997651	1.027132	0.000455	1.027958	0.997649	1.030601	0.000186	1.027959	0.997648	1.019748	0.000124	1.027961	0.997645	1.018239	0.000212	1350070403.509290	1.000003	47.716023	34.432541	2.562843	1.269165	0.999467	1.230719	0.000345	1.269167	0.999467	1.230844	0.000287	1.232884	0.000013	1.234392	0.000013	1.230509	0.000013	1.233165	0.000013	
1350070404.509158	1.000001	50.714628	37.518031	6.127558	1.025525	0.997261	1.031874	0.000294	1.025524	0.997258	1.027438	0.000258	1.025523	0.997256	1.023066	0.000207	1.025522	0.997253	1.026842	0.000273	1350070404.509292	1.000002	48.699629	35.413507	2.668009	1.269120	0.999038	1.230803	0.000502	1.269119	0.999037	1.230435	0.000414	1.228630	0.000116	1.217540	0.000057	1.220958	0.000056	1.225736	0.000107	
1350070405.509169	1.000011	50.713387	37.515717	6.109003	1.025830	0.997241	1.035259	0.000263	1.025831	0.997239	1.022692	0.000206	1.025832	0.997238	1.021685	0.000137	1.025833	0.997237	1.021017	0.000207	1350070405.509302	1.000010	48.665956	35.369534	2.628086	1.269157	0.999340	1.230698	0.000476	1.269150	0.999339	1.231210	0.000304	1.271646	0.000007	1.253129	0.000033	1.241210	0.000034	1.219477	0.000028	
1350070406.509157	0.999988	50.716776	37.521718	6.109143	1.023860	0.997005	1.030895	0.000235	1.023860	0.997003	1.023153	0.000224	1.023860	0.997001	1.023312	0.000191	1.023860	0.996999	1.018201	0.000247	1350070406.509286	0.999984	48.697357	35.392854	2.590679	1.269139	0.999187	1.230824	0.000410	1.269146	0.999186	1.230757	0.000347	1.230549	0.000093	1.228502	0.000055	1.229971	0.000056	1.242897	0.000052	
1350070407.509157	1.000000	50.712112	37.516052	6.078247	1.024282	0.997010	1.023929	0.000469	1.024282	0.997008	1.023970	0.000227	1.024282	0.997006	1.032084	0.000116	1.024282	0.997005	1.027071	0.000206	1350070407.509303	1.000017	48.674240	35.370083	2.551669	1.269164	0.999423	1.230754	0.000445	1.269164	0.999422	1.230755	0.000297	1.229090	0.000007	1.246533	0.000007	1.268460	0.000007	1.264110	0.000007	
1350070408.509158	1.000001	50.714689	37.518122	6.109064	1.024394	0.997050	1.002592	0.002190	1.024394	0.997047	1.028552	0.000236	1.024394	0.997044	1.025834	0.000185	1.024394	0.997042	1.018751	0.000260	1350070408.509289	0.999986	48.660246	35.359582	2.659400	1.269138	0.999167	1.230732	0.000458	1.269138	0.999167	1.230741	0.000331	1.231080	0.000089	1.231089	0.000049	1.230542	0.000049	1.226299	0.000051	
1350070409.509157	0.999999	50.714648	37.518514	6.115240	1.025029	0.997196	1.007907	0.000185	1.025028	0.997194	1.025030	0.000188	1.025026	0.997192	1.026197	0.000135	1.025025	0.997191	1.015466	0.000228	1350070409.509289	1.000000	48.654739	35.356644	2.646255	1.269163	0.999424	1.230746	0.000447	1.269163	0.999423	1.230796	0.000319	1.225477	0.000007	1.215776	0.000007	1.227645	0.000007	1.263105	0.000007	
1350070410.509157	1.000000	50.713516	37.515305	6.127563	1.024956	0.997146	1.021656	0.000254	1.024956	0.997144	1.030804	0.000220	1.024956	0.997140	1.024946	0.000178	1.024956	0.997138	1.021233	0.000228	1350070410.509299	1.000010	48.637666	35.345532	2.543035	1.269131	0.999146	1.230487	0.000522	1.269132	0.999146	1.230732	0.000393	1.230553	0.000101	1.231705	0.000055	1.230450	0.000042	1.230106	0.000042	
1350070411.509157	1.000000	50.715225	37.519470	6.102905	1.024284	0.997043	1.026323	0.000195	1.024284	0.997040	1.031730	0.000171	1.024284	0.997039	1.015231	0.000136	1.024284	0.997037	1.021449	0.000226	1350070411.509298	0.999999	48.577622	35.301395	2.626605	1.269162	0.999445	1.231130	0.000391	1.269169	0.999445	1.230798	0.000294	1.233281	0.000007	1.231595	0.000007	1.229763	0.000007	1.230697	0.000007	
1350070412.509158	1.000001	50.667951	37.483958	6.120600	1.021870	0.997115	0.896496	0.004016	1.021870	0.997112	0.875874	0.002903	1.021870	0.997111	0.872298	0.002719	1.021870	0.997108	0.878352	0.002732	1350070412.509290	0.999992	48.646024	35.354962	2.649588	1.268994	0.999122	1.230711	0.004242	1.268987	0.999121	1.230112	0.000369	1.229682	0.000095	1.230486	0.000055	1.230474	0.000055	1.230875	0.000063	
1350070413.509157	0.999999	50.711673	37.514257	6.121405	1.025320	0.997199	1.013069	0.000293	1.025321	0.997197	1.022503	0.000169	1.025322	0.997194	1.032100	0.000134	1.025323	0.997191	1.031023	0.000205	1350070413.509299	1.000009	48.630480	35.338410	2.571724	1.269160	0.999444	1.231310	0.000400	1.269168	0.999443	1.231650	0.000299	1.253417	0.000007	1.237891	0.000007	1.234935	0.000007	1.235667	0.000007	
1350070414.509157	1.000000	50.715332	37.518433	6.109070	1.024975	0.997169	1.005831	0.000977	1.024974	0.997165	1.022967	0.000242	1.024974	0.997163	1.034307	0.000171	1.024974	0.997162	1.030351	0.000250	1350070414.509294	0.999995	48.629638	35.334161	2.695830	1.269146	0.999166	1.230728	0.000437	1.269139	0.999166	1.230722	0.000332	1.228020	0.000090	1.224161	0.000056	1.225979	0.000056	1.225769	0.000056	
1350070415.509164	1.000007	50.713745	37.512817	6.115192	1.026935	0.997435	1.023351	0.000197	1.026935	0.997435	1.029904	0.000177	1.026934	0.997432	1.027439	0.000135	1.026935	0.997430	1.031304	0.000203	1350070415.509294	1.000000	48.630951	35.336090	2.621490	1.269160	0.999400	1.230787	0.000509	1.269153	0.999404	1.230784	0.000338	1.268390	0.000007	1.284289	0.000007	1.271047	0.000007	1.252405	0.000007	
1350070416.509158	0.999994	50.717755	37.516612	6.115042	1.026798	0.997462	1.032187	0.000280	1.026797	0.997461	1.030776	0.000255	1.026796	0.997459	1.035381	0.000220	1.026795	0.997458	1.037612	0.000265	1350070416.509298	1.000004	48.175006	34.889522	2.666402	1.269129	0.999080	1.230756	0.000428	1.269136	0.999079	1.230731	0.000406	1.230286	0.000131	1.226175	0.000077	1.222277	0.000043	1.224728	0.000063	
1350070417.509157	0.999999	50.713717	37.515050	6.109076	1.024954	0.997147	1.020122	0.000511	1.024954	0.997145	1.027062	0.000227	1.024954	0.997142	1.025645	0.000136	1.024954	0.997140	1.019680	0.000209	1350070417.509290	0.999992	47.523853	34.237826	2.591391	1.269161	0.999443	1.230754	0.000362	1.269169	0.999443	1.230786	0.000261	1.232770	0.000007	1.236705	0.000020	1.239643	0.000034	1.231165	0.000027	
1350070418.509157	1.000000	50.713547	37.515030	6.102890	1.025365	0.997173	1.023069	0.002168	1.025366	0.997172	1.018170	0.000237	1.025367	0.997170	1.019312	0.000169	1.025368	0.997170	1.023452	0.000260	1350070418.509293	1.000003	47.544683	34.254914	2.695808	1.269149	0.999226	1.230759	0.000457	1.269142	0.999225	1.230756	0.000330	1.230227	0.000088	1.231179	0.000049	1.226796	0.000042	1.235410	0.000059	
1350070419.509159	1.000002	715784904.118469	715785603.383584	715808662.101337	0.999982	1.000167	0.999980	1.000171	0.999990	1.000165	0.999983	1.000174	0.999982	1.000168	0.999984	1.000161	0.999982	1.000166	0.999983	1.000169	1350070419.509257	0.999964	715827190.497232	715801966.999403	715821503.497067	0.999982	1.000169	0.999980	1.000170	3.893540	0.256876	0.999982	1.000164	0.999983	1.000171	0.999984	1.000162	0.999982	1.000170	0.999982	1.000165	
1350070420.509158	0.999999	0.000000	0.000000	0.000000	-nan	-nan	-nan	-nan	0.000000	inf	-nan	-nan	-nan	0.000000	-nan	-nan	-nan	-nan	-nan	-nan	1350070420.509224	0.999967	0.000000	0.000000	0.000000	-nan	-nan	-nan	-nan	0.000000	inf	-nan	-nan	-nan	-nan	-nan	-nan	-nan	-nan	-nan	-nan	
