ts_0	elapsed_0	pkg_0	pp0_0	dram_0	freq_ratio_0_0	c0_ratio_0_0	freq_ratio_0_1	c0_ratio_0_1	freq_ratio_0_2	c0_ratio_0_2	freq_ratio_0_3	c0_ratio_0_3	freq_ratio_0_4	c0_ratio_0_4	freq_ratio_0_5	c0_ratio_0_5	freq_ratio_0_6	c0_ratio_0_6	freq_ratio_0_7	c0_ratio_0_7	ts_1	elapsed_1	pkg_1	pp0_1	dram_1	freq_ratio_1_0	c0_ratio_1_0	freq_ratio_1_1	c0_ratio_1_1	freq_ratio_1_2	c0_ratio_1_2	freq_ratio_1_3	c0_ratio_1_3	freq_ratio_1_4	c0_ratio_1_4	freq_ratio_1_5	c0_ratio_1_5	freq_ratio_1_6	c0_ratio_1_6	freq_ratio_1_7	c0_ratio_1_7	
1350064279.492879	1.000143	55.108495	41.906496	4.978780	0.801846	0.997579	0.801846	0.997577	0.801845	0.997582	0.801844	0.997575	0.801844	0.997573	0.801843	0.997572	0.801842	0.997571	0.801842	0.997568	1350064279.492928	1.000135	55.088513	41.878016	2.092094	0.810783	0.998492	0.810781	0.998492	0.810780	0.998491	0.810779	0.998491	0.810777	0.998490	0.810776	0.998489	0.810774	0.998488	0.810773	0.998487	
1350064280.492856	0.999977	50.851551	37.638664	4.967902	0.752208	0.996399	0.752208	0.996399	0.752207	0.996395	0.752207	0.996394	0.752207	0.996389	0.752207	0.996388	0.752207	0.996385	0.752207	0.996383	1350064280.492902	0.999974	50.846078	37.624116	1.623608	0.765994	0.998114	0.765994	0.998113	0.765994	0.998111	0.765994	0.998109	0.765993	0.998108	0.765993	0.998108	0.765993	0.998106	0.765993	0.998105	
1350064281.492862	1.000006	50.847185	37.632436	4.967835	0.753035	0.996541	0.753035	0.996541	0.753036	0.996538	0.753036	0.996537	0.753036	0.996540	0.753036	0.996533	0.753036	0.996531	0.753036	0.996527	1350064281.492907	1.000005	50.845891	37.621623	1.597725	0.764585	0.997246	0.764584	0.997244	0.764584	0.997244	0.764584	0.997242	0.764584	0.997241	0.764584	0.997240	0.764584	0.997236	0.764583	0.997234	
1350064282.492856	0.999994	50.847563	37.631328	4.957808	0.753485	0.996454	0.753485	0.996453	0.753485	0.996450	0.753484	0.996450	0.753484	0.996447	0.753484	0.996445	0.753484	0.996444	0.753484	0.996440	1350064282.492902	0.999995	50.844371	37.620656	1.621163	0.763787	0.996509	0.763788	0.996506	0.763788	0.996502	0.763788	0.996499	0.763788	0.996498	0.763788	0.996496	0.763789	0.996496	0.763789	0.996494	
1350064283.492856	1.000000	50.844849	37.628204	4.947556	0.754499	0.996606	0.754500	0.996605	0.754500	0.996603	0.754500	0.996600	0.754500	0.996597	0.754500	0.996597	0.754500	0.996594	0.754501	0.996591	1350064283.492901	0.999999	50.848422	37.624731	1.592622	0.763480	0.996328	0.763480	0.996326	0.763480	0.996323	0.763480	0.996322	0.763480	0.996321	0.763480	0.996320	0.763480	0.996318	0.763480	0.996314	
1350064284.492856	1.000000	50.849686	37.632095	4.962936	0.755302	0.996620	0.755302	0.996618	0.755302	0.996616	0.755302	0.996615	0.755302	0.996612	0.755302	0.996611	0.755302	0.996609	0.755302	0.996608	1350064284.492904	1.000003	50.848338	37.623235	1.619502	0.763104	0.996112	0.763104	0.996110	0.763104	0.996104	0.763103	0.996104	0.763103	0.996101	0.763103	0.996100	0.763103	0.996097	0.763102	0.996094	
1350064285.492863	1.000007	50.846404	37.628509	4.962856	0.755640	0.996834	0.755640	0.996831	0.755640	0.996829	0.755640	0.996828	0.755640	0.996826	0.755640	0.996825	0.755640	0.996821	0.755640	0.996821	1350064285.492907	1.000003	50.844355	37.617513	1.587931	0.763190	0.996187	0.763190	0.996185	0.763191	0.996184	0.763191	0.996181	0.763191	0.996178	0.763191	0.996176	0.763192	0.996172	0.763192	0.996171	
1350064286.492856	0.999993	50.849305	37.631196	4.958485	0.755608	0.996678	0.755608	0.996675	0.755608	0.996672	0.755608	0.996671	0.755608	0.996669	0.755608	0.996668	0.755608	0.996665	0.755608	0.996664	1350064286.492899	0.999992	50.792648	37.577041	1.587232	0.762971	0.996199	0.762971	0.996195	0.762971	0.996192	0.762971	0.996191	0.762971	0.996189	0.762971	0.996187	0.762971	0.996184	0.762971	0.996183	
1350064287.492857	1.000001	50.847287	37.627665	4.972743	0.755551	0.996634	0.755551	0.996631	0.755551	0.996628	0.755551	0.996625	0.755551	0.996623	0.755551	0.996622	0.755550	0.996619	0.755550	0.996619	1350064287.492904	1.000005	50.845540	37.613688	1.589149	0.763029	0.996401	0.763029	0.996398	0.763029	0.996396	0.763029	0.996394	0.763029	0.996392	0.763028	0.996391	0.763028	0.996387	0.763028	0.996383	
1350064288.492856	0.999999	50.847354	37.624731	4.952947	0.755508	0.996617	0.755508	0.996616	0.755508	0.996613	0.755508	0.996611	0.755508	0.996610	0.755508	0.996608	0.755508	0.996607	0.755508	0.996604	1350064288.492901	0.999997	50.845693	37.613856	1.593221	0.762829	0.996171	0.762829	0.996168	0.762829	0.996164	0.762829	0.996162	0.762829	0.996159	0.762830	0.996159	0.762831	0.996157	0.762831	0.996156	
1350064289.492862	1.000006	50.844912	37.618932	4.961900	0.755601	0.996674	0.755601	0.996673	0.755602	0.996670	0.755602	0.996670	0.755602	0.996665	0.755602	0.996665	0.755602	0.996663	0.755602	0.996661	1350064289.492907	1.000006	50.844652	37.610784	1.613851	0.762730	0.996100	0.762730	0.996098	0.762730	0.996097	0.762730	0.996096	0.762731	0.996092	0.762730	0.996090	0.762730	0.996087	0.762730	0.996084	
1350064290.492856	0.999994	50.851515	37.625667	4.943023	0.755306	0.996613	0.755306	0.996610	0.755306	0.996607	0.755306	0.996606	0.755306	0.996603	0.755305	0.996602	0.755305	0.996600	0.755305	0.996598	1350064290.492904	0.999997	50.843480	37.607065	1.589254	0.762435	0.996052	0.762435	0.996048	0.762435	0.996045	0.762434	0.996041	0.762434	0.996040	0.762434	0.996038	0.762434	0.996038	0.762434	0.996035	
1350064291.492857	1.000001	50.796308	37.582865	4.958049	0.755066	0.996649	0.755066	0.996646	0.755066	0.996645	0.755066	0.996642	0.755066	0.996639	0.755066	0.996638	0.755066	0.996635	0.755066	0.996634	1350064291.492903	0.999999	50.846270	37.609838	1.586168	0.762768	0.996345	0.762768	0.996342	0.762768	0.996339	0.762768	0.996339	0.762768	0.996336	0.762768	0.996334	0.762768	0.996332	0.762768	0.996328	
1350064292.492856	0.999999	50.846057	37.617635	4.968099	0.754956	0.996556	0.754956	0.996554	0.754956	0.996552	0.754956	0.996551	0.754956	0.996548	0.754956	0.996546	0.754956	0.996544	0.754956	0.996542	1350064292.492902	0.999999	50.840075	37.603063	1.589845	0.762740	0.996508	0.762740	0.996507	0.762740	0.996506	0.762741	0.996505	0.762741	0.996503	0.762741	0.996500	0.762742	0.996499	0.762741	0.996496	
1350064293.492856	1.000000	50.846588	37.617294	4.957901	0.754635	0.996531	0.754635	0.996528	0.754635	0.996527	0.754635	0.996523	0.754635	0.996521	0.754636	0.996518	0.754636	0.996516	0.754636	0.996514	1350064293.492900	0.999998	50.843527	37.604533	1.587543	0.762457	0.996432	0.762456	0.996430	0.762456	0.996428	0.762457	0.996425	0.762456	0.996423	0.762456	0.996422	0.762456	0.996421	0.762456	0.996419	
1350064294.492856	1.000000	50.850311	37.621613	4.973587	0.754776	0.996515	0.754776	0.996514	0.754776	0.996512	0.754776	0.996508	0.754776	0.996506	0.754776	0.996503	0.754776	0.996503	0.754775	0.996500	1350064294.492901	1.000001	50.845868	37.605814	1.591032	0.762773	0.996875	0.762773	0.996873	0.762773	0.996871	0.762773	0.996870	0.762773	0.996867	0.762773	0.996867	0.762773	0.996865	0.762773	0.996865	
1350064295.492856	1.000000	50.845840	37.618149	4.968246	0.754588	0.996531	0.754588	0.996527	0.754589	0.996526	0.754589	0.996524	0.754589	0.996522	0.754589	0.996520	0.754589	0.996518	0.754589	0.996517	1350064295.492900	0.999999	50.842318	37.599325	1.589326	0.762926	0.997067	0.762925	0.997066	0.762925	0.997064	0.762925	0.997061	0.762925	0.997060	0.762925	0.997059	0.762925	0.997057	0.762925	0.997055	
1350064296.492856	1.000000	50.846542	37.617172	4.947708	0.754411	0.996558	0.754411	0.996556	0.754411	0.996553	0.754411	0.996550	0.754411	0.996548	0.754411	0.996547	0.754411	0.996546	0.754411	0.996544	1350064296.492899	0.999999	50.848040	37.601568	1.589342	0.763585	0.997610	0.763585	0.997609	0.763585	0.997606	0.763585	0.997606	0.763585	0.997604	0.763585	0.997603	0.763585	0.997604	0.763585	0.997608	
1350064297.492857	1.000001	50.848996	37.618571	4.968074	0.754574	0.996539	0.754574	0.996537	0.754574	0.996534	0.754574	0.996532	0.754574	0.996531	0.754574	0.996529	0.754574	0.996527	0.754574	0.996524	1350064297.492900	1.000001	50.842267	37.599497	1.586150	0.762918	0.997243	0.762918	0.997241	0.762918	0.997240	0.762918	0.997238	0.762918	0.997239	0.762918	0.997237	0.762918	0.997235	0.762918	0.997235	
1350064298.492856	0.999999	50.845874	37.612630	4.958211	0.754534	0.996565	0.754534	0.996563	0.754534	0.996561	0.754534	0.996559	0.754533	0.996557	0.754533	0.996551	0.754533	0.996551	0.754533	0.996548	1350064298.492923	1.000023	50.840969	37.593744	1.589868	0.763635	0.997832	0.763635	0.997829	0.763635	0.997828	0.763635	0.997827	0.763635	0.997826	0.763635	0.997826	0.763635	0.997825	0.763635	0.997823	
1350064299.492857	1.000001	50.849652	37.615977	4.947856	0.754581	0.996638	0.754582	0.996636	0.754582	0.996633	0.754582	0.996631	0.754582	0.996628	0.754582	0.996626	0.754583	0.996624	0.754583	0.996621	1350064299.492901	0.999978	50.849092	37.601197	1.591206	0.763425	0.997156	0.763425	0.997156	0.763425	0.997153	0.763425	0.997151	0.763425	0.997149	0.763425	0.997148	0.763425	0.997144	0.763425	0.997144	
1350064300.492857	1.000000	50.840393	37.608093	4.963058	0.759124	0.996419	0.759124	0.996418	0.759124	0.996416	0.759124	0.996412	0.759124	0.996410	0.759124	0.996407	0.759124	0.996405	0.759124	0.996406	1350064300.492902	1.000001	50.828122	37.573969	1.586745	0.783537	0.996780	0.783537	0.996778	0.783537	0.996776	0.783537	0.996774	0.783538	0.996773	0.783537	0.996771	0.783528	0.996769	0.783537	0.996766	
1350064301.492857	1.000000	50.849091	37.613174	4.958160	0.762248	0.996178	0.762248	0.996175	0.762248	0.996172	0.762248	0.996171	0.762248	0.996166	0.762248	0.996165	0.762247	0.996164	0.762247	0.996163	1350064301.492903	1.000001	50.843839	37.588633	1.582854	0.771558	0.997300	0.771558	0.997284	0.771558	0.997282	0.771558	0.997280	0.771558	0.997278	0.771558	0.997277	0.771568	0.997274	0.771558	0.997274	
1350064302.492856	0.999999	50.846179	37.611395	4.952641	0.754353	0.996558	0.754353	0.996557	0.754353	0.996554	0.754354	0.996553	0.754354	0.996550	0.754354	0.996549	0.754354	0.996546	0.754354	0.996542	1350064302.492899	0.999996	50.794899	37.557708	1.589530	0.763188	0.997718	0.763188	0.997729	0.763188	0.997728	0.763188	0.997726	0.763188	0.997726	0.763187	0.997724	0.763187	0.997724	0.763188	0.997723	
1350064303.492856	1.000000	50.844620	37.610565	4.962967	0.754482	0.996574	0.754482	0.996572	0.754482	0.996570	0.754482	0.996568	0.754482	0.996566	0.754482	0.996563	0.754482	0.996562	0.754482	0.996558	1350064303.492900	1.000001	50.840314	37.590937	1.589461	0.762870	0.997507	0.762871	0.997506	0.762871	0.997504	0.762871	0.997503	0.762871	0.997502	0.762871	0.997501	0.762871	0.997500	0.762870	0.997499	
1350064304.492862	1.000006	50.845934	37.610158	4.972672	0.754376	0.996451	0.754376	0.996448	0.754376	0.996444	0.754376	0.996443	0.754376	0.996441	0.754376	0.996439	0.754376	0.996437	0.754376	0.996436	1350064304.492905	1.000005	50.845800	37.600657	1.594261	0.762896	0.997343	0.762896	0.997340	0.762895	0.997340	0.762896	0.997337	0.762895	0.997336	0.762895	0.997335	0.762896	0.997333	0.762895	0.997331	
1350064305.492856	0.999994	50.797498	37.575190	4.977798	0.754568	0.996568	0.754568	0.996567	0.754568	0.996567	0.754568	0.996565	0.754568	0.996564	0.754568	0.996560	0.754568	0.996558	0.754568	0.996554	1350064305.492900	0.999995	50.846187	37.593267	1.586190	0.763358	0.997687	0.763358	0.997687	0.763358	0.997685	0.763358	0.997682	0.763358	0.997682	0.763358	0.997681	0.763358	0.997681	0.763358	0.997678	
1350064306.492856	1.000000	50.845261	37.610062	4.952606	0.754583	0.996637	0.754583	0.996634	0.754583	0.996631	0.754583	0.996630	0.754583	0.996627	0.754583	0.996624	0.754583	0.996623	0.754583	0.996622	1350064306.492900	1.000000	50.840607	37.589066	1.587769	0.763164	0.997453	0.763164	0.997451	0.763164	0.997449	0.763164	0.997446	0.763165	0.997444	0.763165	0.997443	0.763165	0.997443	0.763165	0.997441	
1350064307.492857	1.000001	50.850721	37.615824	4.947703	0.754175	0.996398	0.754175	0.996395	0.754175	0.996393	0.754175	0.996390	0.754175	0.996388	0.754175	0.996387	0.754175	0.996385	0.754174	0.996384	1350064307.492903	1.000003	50.847102	37.595007	1.587779	0.763512	0.997615	0.763512	0.997613	0.763512	0.997612	0.763512	0.997611	0.763511	0.997608	0.763512	0.997607	0.763511	0.997606	0.763511	0.997605	
1350064308.492856	0.999999	50.845721	37.609365	4.962956	0.754266	0.996477	0.754266	0.996474	0.754267	0.996471	0.754267	0.996470	0.754267	0.996467	0.754267	0.996465	0.754267	0.996462	0.754267	0.996460	1350064308.492899	0.999996	50.841820	37.590957	1.587699	0.762906	0.997412	0.762906	0.997411	0.762906	0.997409	0.762906	0.997408	0.762906	0.997408	0.762906	0.997407	0.762906	0.997406	0.762906	0.997404	
1350064309.492857	1.000001	50.846219	37.611536	4.942912	0.753905	0.996384	0.753906	0.996380	0.753906	0.996379	0.753906	0.996377	0.753906	0.996376	0.753905	0.996374	0.753905	0.996372	0.753905	0.996369	1350064309.492901	1.000002	50.847086	37.594868	1.582898	0.763316	0.997485	0.763316	0.997483	0.763316	0.997481	0.763315	0.997480	0.763315	0.997479	0.763315	0.997476	0.763315	0.997476	0.763314	0.997474	
1350064310.492856	0.999999	50.849627	37.614156	4.968434	0.753928	0.996461	0.753928	0.996461	0.753928	0.996458	0.753928	0.996458	0.753928	0.996454	0.753928	0.996453	0.753928	0.996451	0.753927	0.996449	1350064310.492902	1.000001	50.841581	37.588343	1.587904	0.763414	0.997838	0.763415	0.997835	0.763415	0.997836	0.763415	0.997833	0.763416	0.997833	0.763416	0.997832	0.763416	0.997832	0.763416	0.997831	
1350064311.492856	1.000000	50.847977	37.611603	4.972977	0.754065	0.996480	0.754065	0.996478	0.754066	0.996476	0.754065	0.996473	0.754066	0.996471	0.754065	0.996469	0.754065	0.996466	0.754065	0.996466	1350064311.492903	1.000001	50.848401	37.595286	1.586256	0.763386	0.997753	0.763385	0.997751	0.763385	0.997750	0.763385	0.997750	0.763384	0.997749	0.763384	0.997747	0.763384	0.997745	0.763384	0.997744	
1350064312.492856	1.000000	50.843262	37.608231	4.973145	0.753783	0.996305	0.753784	0.996300	0.753783	0.996297	0.753783	0.996295	0.753784	0.996290	0.753783	0.996289	0.753784	0.996288	0.753783	0.996285	1350064312.492901	0.999998	50.843450	37.589870	1.592639	0.763207	0.997319	0.763207	0.997319	0.763207	0.997318	0.763208	0.997316	0.763208	0.997315	0.763208	0.997313	0.763208	0.997311	0.763209	0.997308	
1350064313.492857	1.000001	50.848783	37.612925	4.942760	0.753966	0.996510	0.753966	0.996509	0.753966	0.996505	0.753966	0.996503	0.753966	0.996501	0.753966	0.996499	0.753966	0.996497	0.753966	0.996494	1350064313.492903	1.000002	50.843409	37.590566	1.592572	0.763276	0.997829	0.763276	0.997828	0.763276	0.997826	0.763275	0.997826	0.763275	0.997825	0.763276	0.997824	0.763276	0.997822	0.763276	0.997821	
1350064314.492863	1.000006	50.844042	37.606389	4.951966	0.754065	0.996471	0.754065	0.996469	0.754065	0.996466	0.754066	0.996464	0.754066	0.996461	0.754066	0.996458	0.754066	0.996457	0.754066	0.996454	1350064314.492908	1.000005	50.843328	37.589106	1.607139	0.763717	0.998085	0.763717	0.998086	0.763717	0.998083	0.763717	0.998080	0.763717	0.998079	0.763717	0.998077	0.763717	0.998076	0.763717	0.998076	
1350064315.492863	1.000000	50.846344	37.610748	4.958191	0.753954	0.996418	0.753955	0.996417	0.753954	0.996414	0.753954	0.996412	0.753954	0.996408	0.753954	0.996406	0.753955	0.996402	0.753954	0.996401	1350064315.492910	1.000002	50.843134	37.588277	1.589383	0.763117	0.997755	0.763117	0.997753	0.763117	0.997752	0.763117	0.997751	0.763117	0.997751	0.763117	0.997749	0.763117	0.997749	0.763117	0.997748	
1350064316.492856	0.999993	50.850724	37.614548	4.958179	0.753734	0.996560	0.753734	0.996559	0.753734	0.996557	0.753734	0.996555	0.753734	0.996552	0.753734	0.996549	0.753734	0.996548	0.753734	0.996544	1350064316.492900	0.999990	50.843481	37.590144	1.590958	0.763277	0.997584	0.763277	0.997583	0.763277	0.997583	0.763277	0.997582	0.763277	0.997578	0.763277	0.997576	0.763277	0.997575	0.763277	0.997574	
1350064317.492856	1.000000	50.847000	37.609375	4.957611	0.753529	0.996440	0.753529	0.996438	0.753529	0.996436	0.753529	0.996434	0.753529	0.996433	0.753529	0.996431	0.753529	0.996429	0.753529	0.996427	1350064317.492900	1.000000	50.848648	37.591644	1.590988	0.762995	0.997717	0.762995	0.997716	0.762994	0.997713	0.762994	0.997712	0.762994	0.997711	0.762994	0.997711	0.762994	0.997708	0.762993	0.997709	
1350064318.492856	1.000000	50.847885	37.610168	4.972824	0.753917	0.996568	0.753918	0.996567	0.753918	0.996563	0.753918	0.996561	0.753918	0.996560	0.753918	0.996557	0.753918	0.996556	0.753918	0.996553	1350064318.492899	0.999999	50.841662	37.583883	1.587648	0.762846	0.997716	0.762847	0.997714	0.762847	0.997712	0.762847	0.997711	0.762847	0.997710	0.762847	0.997709	0.762848	0.997708	0.762848	0.997708	
1350064319.492863	1.000007	50.848342	37.612747	4.957912	0.753598	0.996373	0.753597	0.996371	0.753597	0.996369	0.753597	0.996366	0.753597	0.996364	0.753597	0.996361	0.753597	0.996359	0.753597	0.996357	1350064319.492910	1.000011	50.794914	37.553024	1.587843	0.762916	0.997967	0.762916	0.997965	0.762915	0.997964	0.762915	0.997964	0.762915	0.997961	0.762915	0.997961	0.762914	0.997960	0.762914	0.997958	
1350064320.492856	0.999993	50.845124	37.607896	4.957966	0.753610	0.996494	0.753610	0.996492	0.753610	0.996488	0.753611	0.996488	0.753611	0.996485	0.753611	0.996484	0.753611	0.996482	0.753611	0.996479	1350064320.492900	0.999990	50.842764	37.587641	1.584534	0.762812	0.998028	0.762812	0.998028	0.762812	0.998026	0.762812	0.998025	0.762813	0.998024	0.762813	0.998023	0.762813	0.998022	0.762813	0.998022	
1350064321.492856	1.000000	50.846222	37.607162	4.962982	0.753521	0.996569	0.753522	0.996567	0.753522	0.996565	0.753522	0.996562	0.753521	0.996559	0.753521	0.996558	0.753522	0.996556	0.753521	0.996555	1350064321.492900	1.000000	50.842133	37.585556	1.586044	0.762806	0.997981	0.762806	0.997980	0.762806	0.997979	0.762806	0.997977	0.762806	0.997978	0.762806	0.997976	0.762806	0.997976	0.762806	0.997974	
1350064322.492856	1.000000	50.795685	37.571472	4.962952	0.753485	0.996519	0.753485	0.996517	0.753485	0.996514	0.753485	0.996511	0.753485	0.996511	0.753485	0.996506	0.753485	0.996505	0.753485	0.996503	1350064322.492900	1.000000	50.834579	37.579636	1.587799	0.771839	0.997372	0.771839	0.997369	0.771839	0.997368	0.771839	0.997366	0.771840	0.997365	0.771840	0.997364	0.771840	0.997363	0.771841	0.997360	
1350064323.492872	1.000016	715765776.281173	715753546.768856	715762241.307169	0.999988	1.000203	0.999986	1.000207	0.999988	1.000212	0.999988	1.000203	0.999988	1.000206	0.999991	1.000202	0.999988	1.000206	0.999988	1.000204	1350064323.494606	1.001706	714587663.525563	714564539.908743	714605935.394599	0.999988	1.000203	0.999986	1.000206	3.893150	0.256913	0.999988	1.000204	0.999988	1.000206	0.999991	1.000202	0.999988	1.000206	0.999988	1.000204	
1350064324.492857	0.999985	0.000000	0.000000	0.000000	-nan	-nan	-nan	-nan	0.000000	inf	-nan	-nan	-nan	0.000000	-nan	-nan	-nan	-nan	-nan	-nan	1350064324.494440	0.999834	0.000000	0.000000	0.000000	-nan	-nan	-nan	-nan	0.000000	inf	-nan	-nan	-nan	-nan	-nan	-nan	-nan	-nan	-nan	-nan	
