ts_0	elapsed_0	pkg_0	pp0_0	dram_0	freq_ratio_0_0	c0_ratio_0_0	freq_ratio_0_1	c0_ratio_0_1	freq_ratio_0_2	c0_ratio_0_2	freq_ratio_0_3	c0_ratio_0_3	freq_ratio_0_4	c0_ratio_0_4	freq_ratio_0_5	c0_ratio_0_5	freq_ratio_0_6	c0_ratio_0_6	freq_ratio_0_7	c0_ratio_0_7	ts_1	elapsed_1	pkg_1	pp0_1	dram_1	freq_ratio_1_0	c0_ratio_1_0	freq_ratio_1_1	c0_ratio_1_1	freq_ratio_1_2	c0_ratio_1_2	freq_ratio_1_3	c0_ratio_1_3	freq_ratio_1_4	c0_ratio_1_4	freq_ratio_1_5	c0_ratio_1_5	freq_ratio_1_6	c0_ratio_1_6	freq_ratio_1_7	c0_ratio_1_7	
1350064279.683141	1.000129	50.840763	37.688529	6.101752	0.759485	0.997489	0.759485	0.997489	0.759485	0.997486	0.759485	0.997484	0.759485	0.997482	0.759485	0.997481	0.759485	0.997479	0.759485	0.997479	1350064279.683189	1.000116	50.838976	37.670568	2.337604	0.762057	0.998168	0.762057	0.998163	0.762057	0.998162	0.762058	0.998161	0.762057	0.998160	0.762057	0.998158	0.762057	0.998157	0.762055	0.998156	
1350064280.683139	0.999998	50.845998	37.684780	6.127575	0.758924	0.997358	0.758924	0.997357	0.758924	0.997354	0.758924	0.997354	0.758924	0.997352	0.758924	0.997350	0.758924	0.997349	0.758924	0.997347	1350064280.683184	0.999995	50.844615	37.670660	1.648842	0.760491	0.997768	0.760491	0.997765	0.760490	0.997764	0.760491	0.997763	0.760490	0.997761	0.760490	0.997760	0.760491	0.997759	0.760493	0.997759	
1350064281.683139	1.000000	50.847992	37.681030	6.121399	0.758628	0.997226	0.758628	0.997225	0.758628	0.997223	0.758628	0.997221	0.758628	0.997219	0.758628	0.997218	0.758628	0.997216	0.758628	0.997214	1350064281.683184	1.000000	50.844772	37.665482	1.651169	0.760138	0.997682	0.760134	0.997681	0.760137	0.997679	0.760137	0.997676	0.760137	0.997675	0.760137	0.997675	0.760137	0.997674	0.760134	0.997672	
1350064282.683139	1.000000	50.846893	37.674271	6.115128	0.757795	0.996998	0.757795	0.996995	0.757795	0.996993	0.757795	0.996991	0.757795	0.996988	0.757795	0.996985	0.757795	0.996982	0.757795	0.996979	1350064282.683187	1.000003	50.847300	37.661886	1.665675	0.759771	0.997555	0.759775	0.997554	0.759772	0.997552	0.759772	0.997549	0.759772	0.997548	0.759772	0.997546	0.759772	0.997544	0.759774	0.997541	
1350064283.683140	1.000001	50.847715	37.675837	6.096735	0.756714	0.996698	0.756714	0.996696	0.756714	0.996692	0.756714	0.996690	0.756714	0.996689	0.756714	0.996685	0.756714	0.996682	0.756714	0.996683	1350064283.683189	1.000002	50.846003	37.656209	1.612302	0.759029	0.997363	0.759026	0.997362	0.759030	0.997356	0.759030	0.997355	0.759030	0.997354	0.759030	0.997352	0.759031	0.997351	0.759031	0.997352	
1350064284.683139	0.999999	50.846392	37.670812	6.121405	0.755960	0.996628	0.755960	0.996625	0.755960	0.996622	0.755960	0.996620	0.755960	0.996619	0.755960	0.996617	0.755961	0.996616	0.755961	0.996614	1350064284.683183	0.999994	50.844068	37.650508	1.650492	0.758580	0.997249	0.758583	0.997248	0.758580	0.997246	0.758580	0.997245	0.758579	0.997243	0.758580	0.997242	0.758580	0.997240	0.758580	0.997239	
1350064285.683139	1.000000	50.847183	37.669525	6.115234	0.755898	0.996633	0.755898	0.996633	0.755898	0.996628	0.755898	0.996629	0.755898	0.996626	0.755898	0.996623	0.755898	0.996622	0.755898	0.996620	1350064285.683184	1.000001	50.795362	37.610423	1.593886	0.758155	0.997104	0.758152	0.997103	0.758155	0.997102	0.758155	0.997100	0.758156	0.997097	0.758155	0.997096	0.758156	0.997094	0.758154	0.997092	
1350064286.683140	1.000001	50.843747	37.659678	6.101679	0.755668	0.996407	0.755668	0.996406	0.755668	0.996402	0.755668	0.996400	0.755668	0.996398	0.755668	0.996395	0.755668	0.996394	0.755668	0.996392	1350064286.683188	1.000004	50.848854	37.646835	1.687295	0.758389	0.997127	0.758392	0.997126	0.758389	0.997124	0.758388	0.997121	0.758388	0.997119	0.758388	0.997117	0.758388	0.997115	0.758389	0.997115	
1350064287.683139	0.999999	50.848803	37.661825	6.102911	0.755763	0.996661	0.755763	0.996658	0.755763	0.996656	0.755763	0.996653	0.755763	0.996652	0.755763	0.996650	0.755763	0.996649	0.755763	0.996648	1350064287.683183	0.999995	50.842982	37.641027	1.635186	0.757881	0.997064	0.757879	0.997062	0.757882	0.997063	0.757883	0.997063	0.757883	0.997063	0.757883	0.997061	0.757883	0.997060	0.757883	0.997055	
1350064288.683139	1.000000	50.846756	37.659698	6.096741	0.755766	0.996641	0.755766	0.996638	0.755766	0.996635	0.755766	0.996632	0.755766	0.996630	0.755766	0.996629	0.755766	0.996627	0.755766	0.996625	1350064288.683182	0.999999	50.850589	37.648046	1.652895	0.757803	0.997034	0.757806	0.997034	0.757802	0.997030	0.757802	0.997026	0.757802	0.997022	0.757802	0.997021	0.757801	0.997017	0.757801	0.997016	
1350064289.683139	1.000000	50.845917	37.657288	6.109070	0.755760	0.996649	0.755761	0.996646	0.755760	0.996645	0.755761	0.996642	0.755761	0.996640	0.755761	0.996638	0.755761	0.996636	0.755761	0.996636	1350064289.683184	1.000002	50.843775	37.641392	1.587109	0.757298	0.996870	0.757299	0.996868	0.757299	0.996867	0.757300	0.996865	0.757300	0.996863	0.757300	0.996862	0.757300	0.996860	0.757300	0.996858	
1350064290.683139	1.000000	50.847290	37.656281	6.102905	0.756240	0.996780	0.756240	0.996779	0.756240	0.996776	0.756240	0.996775	0.756239	0.996774	0.756239	0.996771	0.756239	0.996770	0.756239	0.996767	1350064290.683186	1.000002	50.845911	37.642918	1.646374	0.756555	0.996722	0.756555	0.996720	0.756555	0.996719	0.756555	0.996717	0.756555	0.996714	0.756555	0.996711	0.756555	0.996709	0.756555	0.996709	
1350064291.683139	1.000000	50.848816	37.655930	6.102905	0.757537	0.997025	0.757537	0.997023	0.757537	0.997020	0.757537	0.997019	0.757538	0.997016	0.757538	0.997014	0.757538	0.997013	0.757538	0.997012	1350064291.683185	0.999999	50.847506	37.645010	1.589372	0.757321	0.996947	0.757321	0.996945	0.757321	0.996943	0.757321	0.996940	0.757321	0.996940	0.757321	0.996938	0.757321	0.996937	0.757321	0.996933	
1350064292.683139	1.000000	50.847916	37.655457	6.115234	0.759285	0.997421	0.759285	0.997419	0.759285	0.997417	0.759285	0.997416	0.759285	0.997414	0.759285	0.997413	0.759285	0.997398	0.759285	0.997397	1350064292.683197	1.000012	50.848103	37.644845	1.615581	0.756353	0.996695	0.756353	0.996694	0.756353	0.996691	0.756353	0.996690	0.756353	0.996689	0.756353	0.996684	0.756353	0.996685	0.756353	0.996686	
1350064293.683139	1.000000	50.793961	37.617828	6.109070	0.759451	0.997478	0.759451	0.997475	0.759451	0.997474	0.759451	0.997472	0.759452	0.997470	0.759451	0.997470	0.759452	0.997481	0.759452	0.997480	1350064293.683184	0.999987	50.848262	37.645971	1.619864	0.756217	0.996673	0.756217	0.996668	0.756217	0.996667	0.756217	0.996665	0.756217	0.996664	0.756217	0.996665	0.756215	0.996660	0.756217	0.996659	
1350064294.683139	1.000000	50.843323	37.653809	6.115234	0.759140	0.997435	0.759141	0.997434	0.759141	0.997431	0.759141	0.997429	0.759141	0.997429	0.759141	0.997427	0.759141	0.997426	0.759141	0.997425	1350064294.683182	0.999998	50.846914	37.644100	1.610309	0.755676	0.996536	0.755676	0.996534	0.755676	0.996532	0.755675	0.996531	0.755675	0.996528	0.755675	0.996526	0.755677	0.996525	0.755674	0.996521	
1350064295.683139	1.000000	50.846039	37.656387	6.121399	0.758079	0.997222	0.758079	0.997219	0.758079	0.997218	0.758079	0.997215	0.758079	0.997213	0.758079	0.997211	0.758079	0.997211	0.758079	0.997210	1350064295.683186	1.000004	50.847191	37.643265	1.587762	0.755655	0.996581	0.755655	0.996579	0.755655	0.996576	0.755656	0.996573	0.755656	0.996572	0.755656	0.996571	0.755657	0.996567	0.755657	0.996567	
1350064296.683139	1.000000	50.850311	37.671646	6.121399	0.758827	0.997361	0.758827	0.997361	0.758827	0.997359	0.758827	0.997358	0.758827	0.997356	0.758827	0.997354	0.758827	0.997352	0.758827	0.997352	1350064296.683183	0.999997	50.848668	37.644938	1.610799	0.755591	0.996515	0.755591	0.996513	0.755590	0.996513	0.755590	0.996510	0.755590	0.996508	0.755590	0.996507	0.755589	0.996502	0.755589	0.996504	
1350064297.683139	1.000000	50.842880	37.669586	6.096741	0.758192	0.997203	0.758192	0.997201	0.758192	0.997201	0.758193	0.997200	0.758193	0.997197	0.758192	0.997195	0.758193	0.997193	0.758193	0.997193	1350064297.683187	1.000004	50.845436	37.641495	1.583047	0.755635	0.996577	0.755635	0.996572	0.755635	0.996572	0.755636	0.996569	0.755635	0.996568	0.755636	0.996565	0.755636	0.996565	0.755637	0.996561	
1350064298.683139	1.000000	50.848053	37.670074	6.121399	0.758594	0.997310	0.758595	0.997309	0.758595	0.997308	0.758594	0.997306	0.758595	0.997302	0.758594	0.997301	0.758595	0.997299	0.758594	0.997297	1350064298.683216	1.000029	50.791552	37.599492	1.594467	0.755568	0.996506	0.755568	0.996505	0.755568	0.996504	0.755565	0.996501	0.755568	0.996500	0.755568	0.996497	0.755568	0.996495	0.755568	0.996494	
1350064299.683139	1.000000	50.846771	37.664307	6.109070	0.757890	0.997150	0.757890	0.997150	0.757890	0.997149	0.757890	0.997148	0.757890	0.997145	0.757890	0.997143	0.757890	0.997142	0.757890	0.997139	1350064299.683183	0.999967	50.852122	37.645861	1.592917	0.755709	0.996496	0.755708	0.996493	0.755708	0.996492	0.755710	0.996489	0.755708	0.996487	0.755707	0.996486	0.755707	0.996480	0.755707	0.996480	
1350064300.683139	1.000000	50.835907	37.667084	6.109070	0.768450	0.996668	0.768450	0.996665	0.768450	0.996661	0.768450	0.996660	0.768451	0.996658	0.768451	0.996656	0.768451	0.996654	0.768451	0.996651	1350064300.683184	1.000001	50.831266	37.622843	1.643935	0.774233	0.995899	0.774234	0.995895	0.774234	0.995892	0.774235	0.995889	0.774235	0.995887	0.774236	0.995885	0.774236	0.995886	0.774237	0.995881	
1350064301.683139	1.000000	50.852814	37.690262	6.078247	0.760876	0.996818	0.760876	0.996816	0.760876	0.996814	0.760875	0.996813	0.760875	0.996811	0.760875	0.996809	0.760874	0.996806	0.760874	0.996805	1350064301.683187	1.000003	50.848704	37.637670	1.589076	0.758472	0.996417	0.758472	0.996416	0.758472	0.996413	0.758472	0.996410	0.758471	0.996407	0.758472	0.996404	0.758471	0.996401	0.758468	0.996401	
1350064302.683139	1.000000	50.846130	37.683350	6.121399	0.757461	0.997029	0.757461	0.997027	0.757461	0.997023	0.757461	0.997020	0.757461	0.997018	0.757461	0.997016	0.757461	0.997015	0.757461	0.997013	1350064302.683185	0.999998	50.846624	37.634593	1.585651	0.754879	0.996474	0.754879	0.996472	0.754879	0.996469	0.754879	0.996467	0.754879	0.996466	0.754879	0.996464	0.754879	0.996461	0.754879	0.996457	
1350064303.683139	1.000000	50.848129	37.685669	6.102905	0.757115	0.997024	0.757115	0.997022	0.757115	0.997021	0.757115	0.997019	0.757115	0.997016	0.757115	0.997016	0.757115	0.997015	0.757115	0.997013	1350064303.683186	1.000001	50.849744	37.640116	1.584471	0.754861	0.996454	0.754862	0.996454	0.754862	0.996451	0.754861	0.996449	0.754861	0.996448	0.754861	0.996444	0.754861	0.996442	0.754864	0.996437	
1350064304.683139	1.000000	50.843994	37.680862	6.109055	0.756779	0.996937	0.756779	0.996936	0.756779	0.996933	0.756779	0.996931	0.756779	0.996930	0.756780	0.996930	0.756780	0.996929	0.756780	0.996927	1350064304.683182	0.999996	50.844948	37.633728	1.620871	0.755030	0.996594	0.755029	0.996592	0.755030	0.996591	0.755029	0.996587	0.755030	0.996585	0.755030	0.996582	0.755030	0.996577	0.755030	0.996579	
1350064305.683139	1.000000	50.846558	37.684448	6.102905	0.756581	0.996887	0.756581	0.996884	0.756581	0.996883	0.756582	0.996882	0.756582	0.996879	0.756582	0.996876	0.756582	0.996875	0.756581	0.996873	1350064305.683183	1.000001	50.849530	37.641505	1.605681	0.754920	0.996477	0.754919	0.996474	0.754919	0.996472	0.754919	0.996471	0.754919	0.996469	0.754918	0.996467	0.754918	0.996466	0.754918	0.996460	
1350064306.683139	1.000000	50.851166	37.688919	6.096741	0.756971	0.996927	0.756971	0.996924	0.756971	0.996924	0.756971	0.996922	0.756970	0.996919	0.756970	0.996918	0.756970	0.996918	0.756970	0.996915	1350064306.683186	1.000003	50.843531	37.637014	1.594889	0.754902	0.996518	0.754902	0.996514	0.754903	0.996513	0.754903	0.996511	0.754903	0.996510	0.754903	0.996507	0.754904	0.996507	0.754904	0.996505	
1350064307.683139	1.000000	50.845581	37.682236	6.127563	0.756602	0.996888	0.756601	0.996886	0.756602	0.996883	0.756602	0.996881	0.756602	0.996879	0.756602	0.996876	0.756602	0.996875	0.756602	0.996873	1350064307.683186	1.000000	50.851028	37.638290	1.584579	0.754833	0.996545	0.754833	0.996541	0.754833	0.996540	0.754832	0.996537	0.754832	0.996537	0.754832	0.996535	0.754830	0.996533	0.754831	0.996533	
1350064308.683139	1.000000	50.848450	37.682663	6.102905	0.756561	0.996849	0.756562	0.996845	0.756562	0.996843	0.756562	0.996841	0.756562	0.996839	0.756562	0.996837	0.756562	0.996835	0.756562	0.996832	1350064308.683185	0.999999	50.844821	37.632467	1.602983	0.754934	0.996627	0.754934	0.996625	0.754934	0.996623	0.754935	0.996621	0.754934	0.996620	0.754934	0.996616	0.754936	0.996616	0.754934	0.996613	
1350064309.683139	1.000000	50.845627	37.679443	6.090576	0.756172	0.996816	0.756172	0.996815	0.756172	0.996813	0.756172	0.996811	0.756172	0.996810	0.756172	0.996806	0.756173	0.996805	0.756173	0.996803	1350064309.683184	0.999999	50.794253	37.595281	1.586076	0.754947	0.996502	0.754947	0.996499	0.754947	0.996497	0.754948	0.996494	0.754948	0.996493	0.754948	0.996491	0.754948	0.996490	0.754949	0.996485	
1350064310.683139	1.000000	50.848450	37.681519	6.115234	0.756166	0.996872	0.756166	0.996871	0.756166	0.996868	0.756166	0.996868	0.756165	0.996866	0.756165	0.996864	0.756165	0.996862	0.756165	0.996859	1350064310.683184	1.000000	50.848541	37.634232	1.589691	0.755048	0.996706	0.755048	0.996703	0.755047	0.996706	0.755047	0.996701	0.755047	0.996699	0.755047	0.996697	0.755046	0.996694	0.755046	0.996696	
1350064311.683140	1.000001	50.796033	37.638255	6.077005	0.756119	0.996731	0.756119	0.996728	0.756119	0.996727	0.756119	0.996726	0.756119	0.996723	0.756119	0.996721	0.756119	0.996719	0.756119	0.996716	1350064311.683188	1.000004	50.845650	37.631393	1.659066	0.755230	0.996512	0.755231	0.996510	0.755231	0.996507	0.755232	0.996505	0.755232	0.996504	0.755232	0.996500	0.755230	0.996499	0.755233	0.996497	
1350064312.683139	0.999999	50.848132	37.675909	6.127569	0.756126	0.996775	0.756126	0.996773	0.756126	0.996771	0.756126	0.996770	0.756126	0.996768	0.756126	0.996767	0.756126	0.996764	0.756125	0.996761	1350064312.683187	0.999999	50.847461	37.634222	1.590776	0.755081	0.996638	0.755077	0.996635	0.755081	0.996633	0.755081	0.996631	0.755081	0.996628	0.755081	0.996627	0.755083	0.996625	0.755081	0.996623	
1350064313.683139	1.000000	50.844269	37.672958	6.115234	0.756138	0.996727	0.756138	0.996725	0.756138	0.996720	0.756139	0.996719	0.756139	0.996717	0.756139	0.996716	0.756139	0.996716	0.756139	0.996714	1350064313.683182	0.999995	50.849421	37.635580	1.592507	0.755342	0.996706	0.755345	0.996703	0.755342	0.996701	0.755341	0.996699	0.755341	0.996697	0.755341	0.996695	0.755340	0.996693	0.755340	0.996690	
1350064314.683139	1.000000	50.847473	37.676147	6.090576	0.756167	0.996839	0.756167	0.996837	0.756167	0.996835	0.756167	0.996834	0.756167	0.996833	0.756167	0.996832	0.756167	0.996830	0.756167	0.996829	1350064314.683182	1.000000	50.845932	37.632706	1.599716	0.755041	0.996590	0.755042	0.996588	0.755042	0.996586	0.755043	0.996584	0.755043	0.996582	0.755043	0.996579	0.755043	0.996575	0.755043	0.996576	
1350064315.683139	1.000000	50.847519	37.673660	6.121399	0.755936	0.996708	0.755936	0.996708	0.755936	0.996705	0.755936	0.996703	0.755936	0.996701	0.755936	0.996699	0.755936	0.996696	0.755936	0.996695	1350064315.683183	1.000001	50.847272	37.633234	1.584547	0.754903	0.996582	0.754903	0.996578	0.754903	0.996575	0.754903	0.996574	0.754904	0.996572	0.754904	0.996571	0.754904	0.996570	0.754903	0.996567	
1350064316.683138	0.999999	50.847171	37.675008	6.109076	0.755803	0.996698	0.755803	0.996697	0.755803	0.996693	0.755803	0.996691	0.755803	0.996689	0.755803	0.996686	0.755803	0.996685	0.755803	0.996683	1350064316.683182	0.999999	50.847232	37.634267	1.590578	0.754700	0.996552	0.754701	0.996549	0.754700	0.996547	0.754700	0.996545	0.754701	0.996542	0.754701	0.996542	0.754700	0.996538	0.754701	0.996534	
1350064317.683139	1.000001	50.849042	37.681162	6.115168	0.755672	0.996743	0.755673	0.996742	0.755673	0.996739	0.755673	0.996738	0.755672	0.996736	0.755673	0.996735	0.755673	0.996732	0.755672	0.996731	1350064317.683184	1.000002	50.846873	37.636403	1.592542	0.754477	0.996456	0.754477	0.996450	0.754477	0.996450	0.754477	0.996450	0.754477	0.996448	0.754477	0.996447	0.754477	0.996445	0.754476	0.996443	
1350064318.683139	1.000000	50.847549	37.674942	6.115234	0.755779	0.996671	0.755779	0.996668	0.755779	0.996666	0.755779	0.996663	0.755779	0.996662	0.755779	0.996660	0.755779	0.996658	0.755779	0.996658	1350064318.683183	0.999999	50.846591	37.632696	1.592668	0.754778	0.996546	0.754777	0.996543	0.754777	0.996541	0.754777	0.996539	0.754777	0.996538	0.754777	0.996535	0.754776	0.996533	0.754776	0.996534	
1350064319.683139	1.000000	50.847748	37.672516	6.096741	0.755739	0.996642	0.755739	0.996638	0.755739	0.996636	0.755739	0.996634	0.755739	0.996630	0.755739	0.996627	0.755739	0.996625	0.755739	0.996625	1350064319.683184	1.000001	50.846204	37.631281	1.592650	0.755005	0.996579	0.755005	0.996578	0.755005	0.996575	0.755005	0.996574	0.755005	0.996571	0.755005	0.996568	0.755005	0.996567	0.755005	0.996565	
1350064320.683139	1.000000	50.847885	37.674103	6.084412	0.755650	0.996575	0.755650	0.996576	0.755650	0.996573	0.755650	0.996570	0.755650	0.996569	0.755650	0.996568	0.755650	0.996565	0.755650	0.996563	1350064320.683182	0.999998	50.847463	37.631847	1.594348	0.755610	0.996698	0.755611	0.996695	0.755611	0.996693	0.755612	0.996690	0.755612	0.996689	0.755612	0.996686	0.755612	0.996685	0.755612	0.996684	
1350064321.683139	1.000000	50.847336	37.673660	6.109070	0.755460	0.996506	0.755459	0.996504	0.755459	0.996502	0.755459	0.996500	0.755459	0.996496	0.755459	0.996495	0.755459	0.996492	0.755459	0.996490	1350064321.683187	1.000005	50.846639	37.630030	1.587715	0.756027	0.996863	0.756027	0.996862	0.756027	0.996860	0.756027	0.996859	0.756027	0.996857	0.756027	0.996854	0.756027	0.996852	0.756027	0.996851	
1350064322.683139	1.000000	50.842056	37.666550	6.102905	0.757969	0.996770	0.757969	0.996768	0.757969	0.996763	0.757970	0.996763	0.757970	0.996760	0.757970	0.996758	0.757970	0.996757	0.757970	0.996754	1350064322.683187	1.000000	50.842621	37.623718	1.691818	0.763694	0.996644	0.763694	0.996641	0.763694	0.996639	0.763694	0.996637	0.763694	0.996634	0.763694	0.996632	0.763694	0.996631	0.763694	0.996627	
1350064323.683156	1.000017	715793115.068099	715810985.108542	715808231.501300	0.999991	1.000219	0.999989	1.000224	0.999998	1.000219	0.999991	1.000220	0.999991	1.000223	0.999993	1.000217	0.999991	1.000222	0.999991	1.000220	1350064323.684716	1.001529	714730642.162461	714730785.864329	714722211.539959	0.999991	1.000220	0.999988	1.000222	3.892984	0.256928	0.999991	1.000220	0.999991	1.000222	0.999993	1.000218	0.999990	1.000222	0.999991	1.000220	
1350064324.683139	0.999983	0.000000	0.000000	0.000000	-nan	-nan	-nan	-nan	8.000000	inf	-nan	-nan	-nan	0.000000	-nan	-nan	-nan	-nan	-nan	-nan	1350064324.683217	0.998501	0.000000	0.000000	0.000000	-nan	-nan	-nan	-nan	0.000000	inf	-nan	-nan	-nan	-nan	-nan	-nan	-nan	-nan	-nan	-nan	
