ts_0	elapsed_0	pkg_0	pp0_0	dram_0	freq_ratio_0_0	c0_ratio_0_0	freq_ratio_0_1	c0_ratio_0_1	freq_ratio_0_2	c0_ratio_0_2	freq_ratio_0_3	c0_ratio_0_3	freq_ratio_0_4	c0_ratio_0_4	freq_ratio_0_5	c0_ratio_0_5	freq_ratio_0_6	c0_ratio_0_6	freq_ratio_0_7	c0_ratio_0_7	ts_1	elapsed_1	pkg_1	pp0_1	dram_1	freq_ratio_1_0	c0_ratio_1_0	freq_ratio_1_1	c0_ratio_1_1	freq_ratio_1_2	c0_ratio_1_2	freq_ratio_1_3	c0_ratio_1_3	freq_ratio_1_4	c0_ratio_1_4	freq_ratio_1_5	c0_ratio_1_5	freq_ratio_1_6	c0_ratio_1_6	freq_ratio_1_7	c0_ratio_1_7	
1350063037.728937	1.000230	61.308679	48.083694	3.784820	0.999887	0.005402	1.000000	1.000000	1.000000	1.000000	1.000000	1.000000	1.000000	1.000000	1.000000	1.000000	1.000000	1.000000	1.003311	0.000189	1350063037.729051	1.000258	47.328230	34.131149	1.996220	1.000000	1.000000	1.000000	1.000000	1.000000	1.000000	1.000000	1.000000	1.002058	0.000293	1.000354	0.000012	0.999630	0.000081	0.999907	0.000062	
1350063038.728929	0.999992	61.222634	47.979759	3.805100	0.999981	0.001927	1.000000	1.000000	1.000000	1.000000	1.000000	1.000000	1.000000	1.000000	1.000000	1.000000	1.000000	1.000000	1.000180	0.000066	1350063038.729050	0.999999	47.424331	34.212130	1.767336	1.000000	1.000000	1.000000	1.000000	1.000000	1.000000	1.000000	1.000000	1.000279	0.000043	0.999910	0.000056	1.000117	0.000092	1.000002	0.002342	
1350063039.728929	1.000000	57.756500	44.509247	3.786087	0.999940	0.001657	0.999999	0.449652	1.000000	1.000000	1.000000	1.000000	1.000000	1.000000	1.000000	1.000000	1.000000	1.000000	0.999926	0.000261	1350063039.729073	1.000023	50.737883	37.523738	1.592050	1.000000	1.000000	1.000000	1.000000	1.000000	1.000000	1.000000	1.000000	1.000001	0.550462	0.999239	0.000012	1.000055	0.000099	0.999752	0.000059	
1350063040.728928	0.999999	55.266059	42.021235	3.804508	0.999981	0.006724	0.999994	0.007458	1.000000	1.000000	1.000000	0.662005	1.000000	1.000000	1.000000	1.000000	1.000000	1.000000	0.999999	0.340617	1350063040.729076	1.000003	53.606157	40.389386	2.794898	1.000000	1.000000	1.000000	1.000000	1.000000	1.000000	1.000000	1.000000	1.000000	1.000000	1.000000	0.002613	1.000003	0.002500	1.000002	0.002429	
1350063041.728929	1.000001	55.402611	42.157110	3.797161	0.999986	0.007318	0.999926	0.000036	1.000000	1.000000	1.001034	0.000008	1.000000	1.000000	1.000000	0.999999	1.000000	1.000000	1.000000	1.000000	1350063041.729072	0.999996	53.523227	40.315868	2.665630	1.000000	1.000000	1.000000	1.000000	1.000000	1.000000	1.000000	1.000000	1.000000	1.000000	1.002487	0.000007	0.999794	0.000060	1.000233	0.000041	
1350063042.728929	1.000000	55.211655	41.964249	3.793915	0.999982	0.001760	0.999995	0.004403	1.000000	1.000000	0.993303	0.000068	1.000000	1.000000	1.000000	1.000000	1.000000	1.000000	1.000000	1.000000	1350063042.729073	1.000001	53.578364	40.357460	2.450620	1.000000	1.000000	1.000000	1.000000	1.000000	1.000000	1.000000	1.000000	1.000000	1.000000	0.999823	0.000072	0.999985	0.000076	0.998439	0.000012	
1350063043.728929	1.000000	55.199158	41.964630	3.790009	0.999981	0.001633	0.999999	0.005506	1.000000	1.000000	1.015781	0.000028	1.000000	0.999999	1.000000	1.000000	1.000000	1.000000	1.000000	1.000000	1350063043.729069	0.999996	53.575443	40.355937	2.623424	1.000000	1.000000	1.000000	1.000000	1.000000	1.000000	1.000000	1.000000	1.000000	1.000000	1.000000	0.000012	0.999989	0.000034	0.993042	0.000074	
1350063044.728929	1.000000	55.291458	42.043808	3.805222	0.999978	0.003110	0.999992	0.004170	1.000000	1.000000	1.000138	0.000142	1.000000	1.000000	1.000000	1.000000	1.000000	1.000000	1.000000	1.000000	1350063044.729076	1.000007	53.596370	40.376979	2.665875	1.000000	1.000000	1.000000	1.000000	1.000000	1.000000	1.000000	1.000000	1.000000	1.000000	0.999965	0.000197	0.999975	0.000076	1.016580	0.000032	
1350063045.728929	1.000000	55.212540	41.965240	3.781937	0.999989	0.004111	1.000000	0.003712	1.000000	1.000000	0.987109	0.000013	1.000000	1.000000	1.000000	1.000000	1.000000	1.000000	1.000000	1.000000	1350063045.729068	0.999992	53.584815	40.367393	2.191287	1.000000	1.000000	1.000000	1.000000	1.000000	1.000000	1.000000	1.000000	1.000000	1.000000	1.001668	0.000012	0.999633	0.000035	0.999843	0.000084	
1350063046.728929	1.000000	55.517349	42.269073	3.789749	0.999982	0.005199	0.999996	0.004808	1.000000	1.000000	1.003079	0.000059	1.000000	1.000000	1.000000	1.000000	1.000000	1.000000	1.000000	1.000000	1350063046.729071	1.000003	53.585390	40.373868	3.456532	1.000000	1.000000	1.000000	1.000000	1.000000	1.000000	1.000000	1.000000	1.000000	1.000000	0.999572	0.000058	0.999979	0.000093	0.999962	0.000031	
1350063047.728929	1.000000	55.392395	42.146484	3.801315	0.999959	0.004918	0.999988	0.002342	1.000000	1.000000	0.998076	0.000026	1.000000	1.000000	1.000000	1.000000	1.000000	1.000000	1.000000	1.000000	1350063047.729061	0.999990	53.589617	40.381081	2.708188	1.000000	1.000000	1.000000	1.000000	1.000000	1.000000	1.000000	1.000000	1.000000	1.000000	1.000933	0.000033	1.000132	0.000079	0.999477	0.000060	
1350063048.728928	0.999999	55.457283	42.208140	3.816852	0.999968	0.001887	0.999999	0.007232	1.000000	1.000000	0.999855	0.000141	1.000000	1.000000	1.000000	1.000000	1.000000	1.000000	1.000000	1.000000	1350063048.729071	1.000010	53.601590	40.385673	3.086502	1.000000	1.000000	1.000000	1.000000	1.000000	1.000000	1.000000	1.000000	1.000000	1.000000	0.999620	0.000077	0.999992	0.000100	1.000757	0.000037	
1350063049.728929	1.000001	55.468270	42.219259	3.793530	0.999969	0.004375	0.999852	0.004196	1.000000	1.000000	1.007713	0.000008	1.000000	1.000000	1.000000	1.000000	0.999999	1.000000	1.000000	1.000000	1350063049.729074	1.000003	53.601412	40.388531	2.964911	1.000000	1.000000	1.000000	1.000000	1.000000	1.000000	1.000000	1.000000	1.000000	1.000000	1.000704	0.000012	0.999727	0.000048	0.999979	0.000055	
1350063050.728929	1.000000	55.527161	42.276947	3.804932	0.999985	0.002905	0.999994	0.007290	1.000000	1.000000	0.999622	0.000079	1.000000	1.000000	1.000000	1.000000	1.000000	1.000000	1.000000	1.000000	1350063050.729081	1.000007	53.556850	40.364284	2.740749	1.000000	1.000000	1.000000	1.000000	1.000000	1.000000	1.000000	1.000000	1.000000	1.000000	1.000609	0.000046	1.000161	0.000060	1.001274	0.000012	
1350063051.728929	1.000000	55.344040	42.107498	3.786316	1.000047	0.005606	0.999998	0.002457	1.000000	1.000000	1.000184	0.000036	1.000000	1.000000	1.000000	1.000000	1.000000	1.000000	1.000000	1.000000	1350063051.729045	0.999964	53.595512	40.400746	2.412837	1.000000	1.000000	1.000000	1.000000	1.000000	1.000000	1.000000	1.000000	1.000000	1.000000	0.996688	0.000012	0.999388	0.000035	0.999716	0.000043	
1350063052.728929	1.000000	55.274048	42.024979	3.790054	0.999811	0.002572	1.000000	0.004201	1.000000	1.000000	0.999852	0.000052	1.000000	1.000000	1.000000	1.000000	1.000000	1.000000	1.000000	1.000000	1350063052.729072	1.000027	53.590429	40.400477	2.348432	1.000000	1.000000	1.000000	1.000000	1.000000	1.000000	1.000000	1.000000	1.000000	1.000000	1.000021	0.000109	1.000331	0.000061	1.000871	0.000012	
1350063053.728929	1.000000	54.147003	40.898193	3.808899	0.999979	0.001274	1.000001	0.005192	1.000000	1.000000	1.000348	0.000054	1.000000	1.000000	1.000000	1.000000	1.000000	1.000000	1.000000	1.000000	1350063053.729073	1.000001	52.372982	39.182854	2.208586	1.000000	1.000000	1.000000	1.000000	1.000000	1.000000	1.000000	1.000000	1.000000	1.000000	0.999446	0.000019	0.999953	0.000041	0.999900	0.000081	
1350063054.728929	1.000000	55.352280	42.103012	3.797455	0.999992	0.001738	1.000085	0.005145	1.000000	1.000000	0.999931	0.000050	1.000000	1.000000	1.000000	1.000000	1.000000	1.000000	1.000000	1.000000	1350063054.729053	0.999980	53.613668	40.423676	2.379030	1.000000	1.000000	1.000000	1.000000	1.000000	1.000000	1.000000	1.000000	1.000000	1.000000	1.000656	0.000050	0.999955	0.000060	0.999060	0.000012	
1350063055.728929	1.000000	55.582214	42.332657	3.793640	0.999978	0.003275	0.999939	0.007740	1.000000	1.000000	1.000047	0.000049	1.000000	1.000000	1.000000	1.000000	1.000000	1.000000	1.000000	1.000000	1350063055.729072	1.000019	53.615249	40.426490	3.317976	1.000000	1.000000	1.000000	1.000000	1.000000	1.000000	1.000000	1.000000	1.000000	1.000000	0.998322	0.000012	0.999967	0.000035	0.985243	0.000044	
1350063056.728929	1.000000	55.655823	42.405914	3.789749	0.999973	0.002016	1.000046	0.008733	1.000000	1.000000	0.999791	0.000055	1.000000	1.000000	1.000000	1.000000	1.000000	1.000000	1.000000	1.000000	1350063056.729073	1.000001	53.609721	40.421104	3.642071	1.000000	1.000000	1.000000	1.000000	1.000000	1.000000	1.000000	1.000000	1.000000	1.000000	0.999621	0.000068	1.000005	0.000081	1.023706	0.000028	
1350063057.728929	1.000000	55.529999	42.280533	3.782120	0.999976	0.005921	0.999805	0.002003	1.000000	1.000000	0.999631	0.000035	1.000000	1.000000	1.000000	1.000000	1.000000	1.000000	1.000000	1.000000	1350063057.729075	1.000002	53.607411	40.415527	2.961695	1.000000	1.000000	1.000000	1.000000	1.000000	1.000000	1.000000	1.000000	1.000000	1.000000	1.000891	0.000012	1.000000	0.000035	1.000149	0.000054	
1350063058.728929	1.000000	55.291016	42.043381	3.797745	0.999967	0.005963	0.999631	0.000427	1.000000	1.000000	0.999883	0.000092	1.000000	1.000000	1.000000	1.000000	1.000000	1.000000	1.000000	1.000000	1350063058.729072	0.999997	53.616484	40.417575	2.222877	1.000000	1.000000	1.000000	1.000000	1.000000	1.000000	1.000000	1.000000	1.000000	1.000000	1.000096	0.000044	1.000006	0.000060	0.999325	0.000037	
1350063059.728929	1.000000	55.309250	42.060242	3.781891	0.999970	0.005990	1.000046	0.000434	1.000000	1.000000	1.000208	0.000044	1.000000	1.000000	1.000000	1.000000	1.000000	1.000000	1.000000	1.000000	1350063059.729065	0.999993	53.577366	40.394048	2.335130	1.000000	1.000000	1.000000	1.000000	1.000000	1.000000	1.000000	1.000000	1.000000	1.000000	0.999810	0.000012	0.999755	0.000052	1.000132	0.000038	
1350063060.728929	1.000000	55.281952	42.044708	3.805374	0.999972	0.006041	0.999983	0.000567	1.000000	1.000000	0.999917	0.000051	1.000000	1.000000	1.000000	1.000000	1.000000	1.000000	1.000000	1.000000	1350063060.729071	1.000006	53.622681	40.431278	2.232286	1.000000	1.000000	1.000000	1.000000	1.000000	1.000000	1.000000	1.000000	1.000000	1.000000	0.999944	0.000055	1.000159	0.000061	0.999288	0.000012	
1350063061.728929	1.000000	55.489075	42.241104	3.793762	0.999965	0.005512	1.000044	0.002775	1.000000	1.000000	1.000032	0.000036	1.000000	1.000000	1.000000	1.000000	1.000000	1.000000	1.000000	1.000000	1350063061.729071	1.000000	53.607132	40.419067	2.849640	1.000000	1.000000	1.000000	1.000000	1.000000	1.000000	1.000000	1.000000	1.000000	1.000000	1.000156	0.000012	0.999989	0.000036	1.000142	0.000046	
1350063062.728935	1.000006	55.236136	41.987314	3.793709	0.999968	0.004103	0.999962	0.000833	1.000000	1.000000	1.000018	0.000064	1.000000	1.000000	1.000000	1.000000	1.000000	1.000000	1.000000	1.000000	1350063062.729074	1.000003	53.605715	40.416028	2.027582	1.000000	1.000000	1.000000	1.000000	1.000000	1.000000	1.000000	1.000000	1.000000	1.000000	1.000005	0.001111	1.000220	0.000074	0.999325	0.000012	
1350063063.728929	0.999994	55.613659	42.364556	3.786003	0.999977	0.006412	1.000000	0.003140	1.000000	1.000000	0.999923	0.000035	1.000000	1.000000	1.000000	1.000000	1.000000	1.000000	1.000000	1.000000	1350063063.729073	0.999999	53.593145	40.403862	2.626620	1.000000	1.000000	1.000000	1.000000	1.000000	1.000000	1.000000	1.000000	1.000000	1.000000	0.999318	0.000019	0.999592	0.000052	0.999406	0.000075	
1350063064.728928	0.999999	55.621544	42.373667	3.801563	0.999938	0.001082	0.999976	0.009155	1.000000	1.000000	0.997079	0.000065	1.000000	1.000000	1.000000	1.000000	1.000000	1.000000	1.000000	1.000000	1350063064.729067	0.999994	53.599273	40.409024	2.706590	1.000000	1.000000	1.000000	1.000000	1.000000	1.000000	1.000000	1.000000	1.000000	1.000000	1.000832	0.000045	1.000078	0.000074	1.004726	0.000012	
1350063065.728929	1.000001	55.572747	42.324712	3.778118	1.000001	0.005715	1.000018	0.010089	1.000000	1.000000	1.000066	0.002728	1.000000	1.000000	1.000000	1.000000	1.000000	1.000000	1.000000	1.000000	1350063065.729075	1.000008	53.647438	40.456780	2.337338	1.000000	1.000000	1.000000	1.000000	1.000000	1.000000	1.000000	1.000000	1.000000	1.000000	0.999982	0.002681	0.999993	0.002719	0.999994	0.002709	
1350063066.728929	1.000000	55.323334	42.074295	3.793701	0.999971	0.002638	0.999963	0.003646	1.000000	1.000000	0.999869	0.000053	1.000000	1.000000	1.000000	1.000000	1.000000	1.000000	1.000000	1.000000	1350063066.729071	0.999996	53.612110	40.421200	2.404383	1.000000	1.000000	1.000000	1.000000	1.000000	1.000000	1.000000	1.000000	1.000000	1.000000	1.000616	0.000045	1.000234	0.000079	1.000107	0.000007	
1350063067.728929	1.000000	55.384903	42.135742	3.805573	0.999969	0.005704	1.000104	0.001265	1.000000	1.000000	1.000186	0.000062	1.000000	1.000000	1.000000	1.000000	1.000000	1.000000	1.000000	1.000000	1350063067.729071	1.000000	53.616241	40.426987	2.598618	1.000000	1.000000	1.000000	1.000000	1.000000	1.000000	1.000000	1.000000	1.000000	1.000000	0.999556	0.000045	0.999967	0.000035	0.999968	0.000048	
1350063068.728929	1.000000	55.329849	42.095261	3.797775	0.999983	0.001040	0.999997	0.006076	1.000000	1.000000	0.999909	0.000055	1.000000	1.000000	1.000000	1.000000	1.000000	1.000000	1.000000	1.000000	1350063068.729064	0.999993	53.595967	40.417501	2.595904	1.000000	1.000000	1.000000	1.000000	1.000000	1.000000	1.000000	1.000000	1.000000	1.000000	1.000412	0.000076	0.999954	0.000076	1.000169	0.000055	
1350063069.728929	1.000000	55.310562	42.062073	3.789749	0.999971	0.000902	0.999997	0.004696	1.000000	1.000000	1.000487	0.000052	1.000000	1.000000	1.000000	1.000000	1.000000	1.000000	1.000000	1.000000	1350063069.729066	1.000002	53.633366	40.436843	2.392345	1.000000	1.000000	1.000000	1.000000	1.000000	1.000000	1.000000	1.000000	1.000000	1.000000	1.000063	0.000037	0.999978	0.000070	0.999741	0.000073	
1350063070.728945	1.000016	715806713.762078	715798004.059639	715761844.848170	0.999989	1.000207	0.999986	1.000211	0.999997	1.000209	0.999989	1.000209	0.999989	1.000211	0.999992	1.000207	0.999989	1.000212	0.999989	1.000209	1350063070.729043	0.999977	715790079.786723	715803582.392404	715804100.400720	0.999988	1.000206	0.999986	1.000211	3.893098	0.256917	0.999989	1.000209	0.999989	1.000211	0.999992	1.000207	0.999989	1.000211	0.999989	1.000210	
1350063071.728929	0.999984	0.000000	0.000000	0.000000	-nan	-nan	-nan	-nan	0.000000	inf	-nan	-nan	-nan	0.000000	-nan	-nan	-nan	-nan	-nan	-nan	1350063071.729013	0.999970	0.000000	0.000000	0.000000	-nan	-nan	-nan	-nan	0.000000	inf	-nan	-nan	-nan	-nan	-nan	-nan	-nan	-nan	-nan	-nan	
