ts_0	elapsed_0	pkg_0	pp0_0	dram_0	freq_ratio_0_0	c0_ratio_0_0	freq_ratio_0_1	c0_ratio_0_1	freq_ratio_0_2	c0_ratio_0_2	freq_ratio_0_3	c0_ratio_0_3	freq_ratio_0_4	c0_ratio_0_4	freq_ratio_0_5	c0_ratio_0_5	freq_ratio_0_6	c0_ratio_0_6	freq_ratio_0_7	c0_ratio_0_7	ts_1	elapsed_1	pkg_1	pp0_1	dram_1	freq_ratio_1_0	c0_ratio_1_0	freq_ratio_1_1	c0_ratio_1_1	freq_ratio_1_2	c0_ratio_1_2	freq_ratio_1_3	c0_ratio_1_3	freq_ratio_1_4	c0_ratio_1_4	freq_ratio_1_5	c0_ratio_1_5	freq_ratio_1_6	c0_ratio_1_6	freq_ratio_1_7	c0_ratio_1_7	
1349476390.840810	1.000492	42.923000	29.346109	6.595357	0.999985	0.997902	0.999859	0.978496	0.999957	0.978197	0.997730	0.002112	0.963476	0.000113	0.970343	0.000125	0.957917	0.000089	0.967888	0.000121	1349476390.841034	1.000485	41.565033	27.915509	6.586040	0.997088	0.006825	0.999969	0.978605	1.001700	0.000104	1.000001	0.971923	1.002243	0.000095	1.021946	0.000086	1.003033	0.000093	0.999934	0.979214	
1349476391.840808	0.999998	43.355979	29.705745	6.866529	1.000000	0.999800	0.999981	0.999891	0.999982	0.999872	1.000060	0.004335	1.036023	0.000014	0.999338	0.000080	0.990867	0.000015	1.008827	0.000015	1349476391.841031	0.999997	42.125039	28.411923	6.854483	1.010046	0.000022	1.000000	0.999901	0.999223	0.000015	1.000000	1.000000	0.999697	0.000102	0.999654	0.000058	0.999317	0.000016	1.000000	1.000000	
1349476392.840807	0.999999	43.250758	29.611066	6.899131	1.000000	0.999916	1.000000	0.999964	1.000000	0.999948	0.999919	0.002263	0.997786	0.000099	1.000087	0.000093	0.991219	0.000051	0.993388	0.000082	1349476392.841030	0.999999	42.002329	28.305142	6.863013	1.010173	0.000186	1.000000	0.999970	1.000439	0.000072	1.000000	1.000000	1.000158	0.000054	1.000177	0.000048	0.999840	0.000063	1.000000	1.000000	
1349476393.840809	1.000002	43.266199	29.626408	6.903307	1.000000	0.999194	0.999991	0.999270	0.999983	0.999268	0.999875	0.001646	0.999035	0.000085	0.999750	0.000105	1.014712	0.000041	1.001789	0.000018	1349476393.841033	1.000003	42.007423	28.307835	6.871118	0.999906	0.000024	1.000000	0.999303	0.999761	0.000013	1.000000	0.999357	1.002195	0.000012	1.001818	0.000013	1.000746	0.000017	1.000000	1.000000	
1349476394.840807	0.999998	43.269492	29.637676	6.900068	1.000000	0.999934	1.000000	0.999951	1.000000	0.999965	0.999791	0.002486	1.002290	0.000099	1.000224	0.000086	0.999890	0.000053	1.005255	0.000099	1349476394.841023	0.999990	42.014505	28.326166	6.875023	0.989604	0.000196	1.000000	0.999961	0.999982	0.000108	1.000000	1.000000	0.999879	0.000086	0.999468	0.000086	0.999766	0.000094	1.000000	1.000000	
1349476395.840808	1.000001	43.282475	29.634859	6.894158	0.999977	0.998096	0.999967	0.998115	0.999960	0.998130	1.000259	0.001791	0.997539	0.000062	0.999739	0.000083	0.999503	0.000015	0.998713	0.000015	1349476395.841047	1.000024	42.027156	28.328282	6.879153	0.997125	0.000026	1.000000	0.998177	0.999618	0.000015	1.000000	0.998245	0.998382	0.000022	0.999750	0.000015	1.002178	0.000015	1.000000	1.000000	
1349476396.840807	0.999999	43.348094	29.697263	6.902259	1.000001	0.999860	1.000000	0.999871	1.000000	0.999894	1.000034	0.002694	0.997949	0.000253	1.000152	0.000109	0.999474	0.000069	1.000208	0.000096	1349476396.841032	0.999985	42.112251	28.413131	6.876309	0.999918	0.001706	1.000000	0.999931	1.000074	0.000068	1.000000	1.000000	1.000033	0.000991	1.000404	0.000095	0.999962	0.000061	1.000000	1.000000	
1349476397.840807	1.000000	43.358383	29.707153	6.914291	1.000000	1.000000	1.000000	1.000000	1.000000	1.000000	0.999858	0.003035	1.007313	0.000093	0.999914	0.000139	1.000741	0.000057	0.999327	0.000015	1349476397.841028	0.999996	42.093936	28.394005	6.890180	1.001476	0.000098	1.000000	1.000000	1.000156	0.000030	1.000000	1.000000	0.999358	0.000047	0.999979	0.002536	1.000755	0.000012	1.000000	1.000000	
1349476398.840808	1.000001	43.502903	29.854571	6.878518	1.000000	0.999961	1.000000	0.999992	1.000000	0.999998	1.000030	0.006129	0.999022	0.000159	1.000038	0.000100	0.999601	0.000053	1.000072	0.000075	1349476398.841035	1.000007	42.047256	28.346270	6.890440	0.995533	0.000160	1.000000	1.000000	0.999512	0.000082	1.000000	1.000000	1.000420	0.000061	1.000799	0.000055	0.999647	0.000061	1.000000	1.000000	
1349476399.840808	1.000000	44.143677	30.494324	6.890015	1.000000	0.997682	1.000000	0.997670	1.000000	0.997669	0.999968	0.009076	0.999968	0.003444	0.999992	0.002930	0.999667	0.003106	0.999995	0.002801	1349476399.841015	0.999980	43.829277	30.141213	6.878113	1.000753	0.002815	1.000000	0.997671	1.000075	0.002800	1.000000	0.997670	1.000065	0.002844	1.000006	0.002738	0.999998	0.002730	1.000000	1.000000	
1349476400.840807	0.999999	43.585414	29.934233	6.874946	1.000000	0.998449	1.000000	0.998449	1.000000	0.998448	1.000288	0.001538	1.000043	0.006921	1.002071	0.000090	1.026642	0.000048	1.000372	0.000241	1349476400.841025	1.000010	42.023444	28.338644	6.863808	0.978815	0.000076	1.000000	0.998452	0.997549	0.000070	1.000000	0.998450	0.996347	0.000049	0.998851	0.000046	1.000734	0.000055	1.000000	1.000000	
1349476401.840806	0.999999	43.609905	29.963087	6.877753	1.000000	0.999572	1.000000	0.999619	1.000000	0.999603	0.999840	0.003711	0.999964	0.007152	0.996546	0.000069	0.985040	0.000015	0.993932	0.000014	1349476401.841027	1.000002	42.034893	28.345084	6.883822	0.985231	0.000022	1.000000	0.999659	0.999532	0.000016	1.000000	0.999707	0.999889	0.000115	0.999750	0.000057	0.999114	0.000017	1.000000	1.000000	
1349476402.840807	1.000001	43.452351	29.800814	6.915658	1.000000	0.999997	1.000000	0.999999	1.000000	1.000000	1.000360	0.001943	0.999725	0.002705	1.000652	0.000086	0.999966	0.000057	0.999955	0.000087	1349476402.841036	1.000009	42.051072	28.367144	6.896254	1.005502	0.000078	1.000000	1.000000	0.999663	0.000069	1.000000	1.000000	1.000071	0.000054	1.000748	0.000046	0.999686	0.000061	1.000000	1.000000	
1349476403.840807	1.000000	43.372116	29.734619	6.902969	1.000000	0.999935	1.000000	0.999933	1.000000	0.999948	1.000093	0.002976	1.000178	0.001488	0.999973	0.000098	0.999136	0.000015	0.999564	0.000015	1349476403.841026	0.999990	41.988152	28.323083	6.884163	0.980974	0.000022	1.000000	0.999951	1.001762	0.000013	1.000000	1.000000	0.999466	0.000012	1.000826	0.000013	0.999861	0.000017	1.000000	1.000000	
1349476404.840807	1.000000	43.436462	29.783020	6.880264	1.000000	0.999997	1.000000	1.000000	1.000000	1.000000	0.999612	0.003036	1.000003	0.001643	0.999904	0.000117	0.990917	0.000055	0.992846	0.000074	1349476404.841036	1.000010	42.034827	28.352835	6.883705	1.031427	0.000081	1.000000	1.000000	0.999888	0.000079	1.000000	1.000000	1.000119	0.000062	0.999871	0.000054	1.000072	0.000065	1.000000	1.000000	
1349476405.840811	1.000004	43.543860	29.892991	6.887042	1.000000	1.000000	1.000001	1.000000	1.000000	1.000000	1.000399	0.002786	0.999947	0.003840	1.000093	0.000121	1.015680	0.000034	1.000491	0.000016	1349476405.841030	0.999994	42.064292	28.363374	6.883525	0.999494	0.000024	1.000000	1.000000	1.000057	0.000013	1.000000	1.000000	0.998181	0.000013	0.987863	0.000012	0.999013	0.000017	1.000000	1.000000	
1349476406.840807	0.999996	43.410607	29.760939	6.900586	1.000000	0.998169	1.000000	0.998168	0.999999	0.998167	0.999940	0.002728	1.000014	0.001498	0.999943	0.000195	0.996860	0.000061	1.004932	0.000106	1349476406.841032	1.000002	42.118191	28.419624	6.886446	0.983462	0.000119	1.000000	0.998167	0.999949	0.000107	1.000000	0.998167	0.999973	0.003550	1.000986	0.000122	1.000195	0.000085	1.000000	1.000000	
1349476407.840807	1.000000	43.310928	29.654556	6.901123	1.000000	0.997793	1.000000	0.997825	1.000000	0.997814	0.999980	0.000231	1.000007	0.001849	1.000141	0.000115	1.006755	0.000015	1.000158	0.000015	1349476407.841033	1.000001	42.022512	28.328800	6.897943	0.997872	0.000024	1.000000	0.997834	1.000047	0.000016	1.000000	0.997873	1.016441	0.000007	0.999701	0.000021	1.000388	0.000016	1.000000	1.000000	
1349476408.840805	0.999998	715814338.459737	715824185.411975	715797794.952597	0.999997	1.000163	0.999995	1.000165	0.999997	1.000170	0.999997	1.000163	0.999997	1.000166	1.000000	1.000161	0.999997	1.000166	0.999997	1.000164	1349476408.840919	0.999886	715852639.135293	715865922.310627	715894018.636455	0.999997	1.000162	0.999995	1.000165	3.892517	0.256946	0.999997	1.000163	0.999997	1.000166	1.000000	1.000161	0.999997	1.000166	0.999997	1.000164	
1349476409.840862	1.000057	0.000000	0.000000	0.000000	-nan	-nan	-nan	-nan	1.000008	inf	-nan	-nan	-nan	0.000000	-nan	-nan	-nan	-nan	-nan	-nan	1349476409.840978	1.000059	0.000000	0.000000	0.000000	-nan	-nan	-nan	-nan	1.345745	inf	-nan	-nan	-nan	-nan	-nan	-nan	-nan	-nan	-nan	-nan	
1349476410.841012	1.000150	0.000000	0.000000	0.000000	-nan	-nan	-nan	-nan	0.000000	inf	-nan	-nan	-nan	0.000000	0.000000	inf	-nan	-nan	-nan	-nan	1349476410.841096	1.000118	0.000000	0.000000	0.000000	-nan	-nan	-nan	-nan	inf	-nan	-nan	-nan	-nan	-nan	-nan	-nan	-nan	-nan	-nan	-nan	
