ts_0	elapsed_0	pkg_0	pp0_0	dram_0	freq_ratio_0_0	c0_ratio_0_0	freq_ratio_0_1	c0_ratio_0_1	freq_ratio_0_2	c0_ratio_0_2	freq_ratio_0_3	c0_ratio_0_3	freq_ratio_0_4	c0_ratio_0_4	freq_ratio_0_5	c0_ratio_0_5	freq_ratio_0_6	c0_ratio_0_6	freq_ratio_0_7	c0_ratio_0_7	ts_1	elapsed_1	pkg_1	pp0_1	dram_1	freq_ratio_1_0	c0_ratio_1_0	freq_ratio_1_1	c0_ratio_1_1	freq_ratio_1_2	c0_ratio_1_2	freq_ratio_1_3	c0_ratio_1_3	freq_ratio_1_4	c0_ratio_1_4	freq_ratio_1_5	c0_ratio_1_5	freq_ratio_1_6	c0_ratio_1_6	freq_ratio_1_7	c0_ratio_1_7	
1350063078.930290	1.000287	47.922004	34.617001	3.804252	1.000000	1.000000	0.999903	0.006148	0.999980	0.000341	1.000000	1.000000	1.000000	1.000000	0.999882	0.000268	1.000000	1.000000	0.999962	0.000367	1350063078.930426	1.000286	46.964667	33.781900	1.716504	0.998592	0.000314	1.000000	1.000000	1.000000	1.000000	0.999654	0.000451	1.000000	1.000000	0.999322	0.000339	1.000000	1.000000	0.999958	0.000372	
1350063079.930287	0.999997	47.569056	34.249267	3.797253	1.000000	1.000000	0.999969	0.001434	0.999982	0.000278	1.000000	1.000000	1.000000	1.000000	1.000114	0.000280	1.000000	1.000000	1.000089	0.000187	1350063079.930419	0.999993	46.876118	33.682240	1.584957	1.000034	0.000377	1.000000	1.000000	1.000000	1.000000	1.000198	0.000428	1.000000	1.000000	1.000018	0.000510	1.000000	1.000000	0.998905	0.000179	
1350063080.930287	1.000000	47.552048	34.228745	3.774216	1.000000	1.000000	1.000022	0.000393	1.000014	0.000217	1.000000	1.000000	1.000000	1.000000	0.999923	0.000210	1.000000	1.000000	1.000114	0.000149	1350063080.930417	0.999998	46.838819	33.655185	1.585117	1.000045	0.000291	1.000000	1.000000	0.999994	1.000000	1.000359	0.000363	1.000000	1.000000	1.000745	0.000350	1.000000	1.000000	1.001889	0.000141	
1350063081.930287	1.000000	47.584229	34.256882	3.789902	1.000000	1.000000	1.002839	0.000392	0.999766	0.000269	1.000000	1.000000	1.000000	1.000000	0.999955	0.000254	1.000000	1.000000	0.999872	0.000256	1350063081.930393	0.999976	46.919144	33.721591	1.591225	0.999835	0.000360	1.000000	1.000000	1.000005	1.000000	0.999988	0.000463	1.000000	1.000000	0.999879	0.000456	1.000000	1.000000	0.999263	0.000315	
1350063082.930287	1.000000	47.643784	34.315475	3.782211	1.000000	1.000000	0.998295	0.000735	1.000199	0.000216	1.000000	1.000000	1.000000	1.000000	1.000020	0.000212	1.000000	1.000000	0.999908	0.000139	1350063082.930417	1.000024	46.967054	33.755520	1.589699	0.999987	0.000368	0.999994	1.000000	1.000000	1.000000	1.000006	0.000347	1.000000	1.000000	1.000157	0.000430	1.000000	1.000000	1.000603	0.000151	
1350063083.930287	1.000000	47.604675	34.277435	3.797256	1.000000	1.000000	1.000286	0.000374	0.999981	0.000281	1.000000	1.000000	1.000000	1.000000	1.000047	0.000252	1.000000	1.000000	0.999998	0.000178	1350063083.930420	1.000003	46.884910	33.698016	1.591273	0.999910	0.000339	1.000006	1.000000	1.000000	1.000000	0.999983	0.000448	1.000000	1.000000	0.999960	0.000483	1.000000	1.000000	1.000463	0.000202	
1350063084.930287	1.000000	47.553223	34.236237	3.793793	1.000000	1.000000	0.999953	0.002492	0.999972	0.000204	1.000000	1.000000	1.000000	1.000000	0.999698	0.000212	1.000000	1.000000	1.000183	0.000139	1350063084.930415	0.999995	46.935370	33.734742	1.591271	0.999905	0.000318	0.999994	1.000000	1.000000	1.000000	0.999991	0.000363	1.000000	1.000000	1.000010	0.000430	1.000000	1.000000	0.999422	0.000141	
1350063085.930287	1.000000	47.626114	34.295639	3.789688	1.000000	1.000000	0.999890	0.000403	1.000462	0.000315	1.000000	1.000000	1.000000	1.000000	1.000729	0.000255	1.000000	1.000000	1.000393	0.000260	1350063085.930416	1.000001	46.947953	33.746565	1.591521	1.000147	0.000357	1.000006	1.000000	1.000000	1.000000	0.999980	0.000427	1.000000	1.000000	0.999999	0.000448	1.000000	1.000000	1.000245	0.000323	
1350063086.930287	1.000000	47.603775	34.272858	3.782104	1.000000	1.000000	1.000396	0.000359	0.999936	0.000215	1.000000	1.000000	1.000000	1.000000	1.000032	0.000193	1.000000	1.000000	0.999989	0.000138	1350063086.930414	0.999998	46.940962	33.739673	1.585468	1.000023	0.000290	0.999994	1.000000	1.000000	1.000000	0.999982	0.000385	1.000000	1.000000	1.000003	0.000347	1.000000	1.000000	1.000154	0.000140	
1350063087.930287	1.000000	47.797623	34.466812	3.790070	1.000000	1.000000	0.999825	0.000731	0.999926	0.003128	1.000000	1.000000	1.000000	1.000000	0.999465	0.000265	1.000000	1.000000	0.999300	0.000191	1350063087.930417	1.000003	46.946296	33.744616	1.816935	0.999987	0.000462	1.000006	1.000000	1.000000	1.000000	0.999416	0.000430	1.000000	1.000000	0.999401	0.000388	1.000000	1.000000	0.999685	0.000201	
1350063088.930287	1.000000	47.683319	34.351135	3.782120	1.000000	1.000000	0.999975	0.000429	0.999980	0.001127	1.000000	1.000000	1.000000	1.000000	0.999861	0.000233	1.000000	1.000000	1.000119	0.000139	1350063088.930418	1.000001	46.944856	33.742506	1.674925	0.999927	0.000323	0.999994	1.000000	1.000000	1.000000	1.000582	0.000413	1.000000	1.000000	1.000225	0.000361	1.000000	1.000000	1.000304	0.000181	
1350063089.930287	1.000000	47.729492	34.396927	3.782425	1.000000	1.000000	1.000005	0.000592	0.999964	0.002772	1.000000	1.000000	1.000000	1.000000	1.000040	0.000231	1.000000	1.000000	0.999949	0.000221	1350063089.930417	0.999999	46.957030	33.753740	1.876573	1.000036	0.000338	1.000006	1.000000	1.000000	1.000000	0.999675	0.000381	1.000000	1.000000	0.999824	0.000364	1.000000	1.000000	0.999109	0.000290	
1350063090.930287	1.000000	48.034500	34.703979	3.797531	1.000000	1.000000	0.999962	0.000356	0.999967	0.002308	1.000000	1.000000	1.000000	1.000000	0.999852	0.000212	1.000000	1.000000	0.999999	0.007231	1350063090.930419	1.000002	46.902559	33.712033	2.818461	0.999966	0.000287	1.000000	1.000000	1.000000	1.000000	1.000425	0.000256	1.000000	1.000000	1.000133	0.000224	1.000000	1.000000	1.001519	0.000145	
1350063091.930287	1.000000	47.935471	34.604172	3.793961	1.000000	1.000000	1.000390	0.000356	0.999943	0.000280	1.000000	1.000000	1.000000	1.000000	1.000120	0.000251	1.000000	1.000000	0.999990	0.006487	1350063091.930419	1.000000	46.961685	33.758743	2.446777	0.999426	0.000329	1.000000	1.000000	1.000000	1.000000	0.999992	0.000340	1.000000	1.000000	1.000447	0.000365	1.000000	1.000000	0.999582	0.000247	
1350063092.930287	1.000000	47.603378	34.271118	3.770660	1.000000	1.000000	0.999808	0.000688	1.000005	0.000216	1.000000	1.000000	1.000000	1.000000	0.999913	0.000214	1.000000	1.000000	1.000006	0.000121	1350063092.930417	0.999998	46.953703	33.751636	1.593204	1.000442	0.000385	1.000000	1.000000	1.000000	1.000000	0.999974	0.000314	1.000000	1.000000	0.999992	0.000358	1.000000	1.000000	1.001023	0.000121	
1350063093.930287	1.000000	47.612747	34.278030	3.789734	1.000000	1.000000	1.000306	0.000371	0.999956	0.000274	1.000000	1.000000	1.000000	1.000000	1.000036	0.000256	1.000000	1.000000	1.000096	0.000205	1350063093.930418	1.000001	46.965760	33.764540	1.587889	0.999928	0.000356	1.000000	1.000000	1.000000	1.000000	0.999697	0.000448	1.000000	1.000000	0.999776	0.000459	1.000000	1.000000	0.999138	0.000259	
1350063094.930287	1.000000	47.845657	34.524475	3.789169	1.000000	1.000000	1.000000	0.005967	0.999995	0.003254	1.000000	1.000000	1.000000	1.000000	0.999995	0.003185	1.000000	1.000000	0.999998	0.002956	1350063094.930422	1.000004	47.164924	33.960891	1.589761	1.000005	0.004419	1.000000	1.000000	1.000000	1.000000	1.000037	0.003136	1.000000	1.000000	1.000029	0.003182	1.000000	1.000000	1.000076	0.002886	
1350063095.930287	1.000000	47.595276	34.264389	3.790070	1.000000	1.000000	0.999992	0.000372	0.999974	0.000264	1.000000	1.000000	1.000000	1.000000	1.000012	0.000257	1.000000	1.000000	0.999839	0.000194	1350063095.930419	0.999997	46.956460	33.753492	1.585302	0.999957	0.000399	1.000000	1.000000	1.000000	1.000000	0.999993	0.000409	1.000000	0.999999	1.000027	0.000436	1.000000	1.000000	0.999966	0.000228	
1350063096.930287	1.000000	47.579956	34.249161	3.793976	1.000000	1.000000	1.000094	0.000370	0.999979	0.000235	1.000000	1.000000	1.000000	1.000000	1.000023	0.000220	1.000000	1.000000	0.999990	0.000120	1350063096.930418	0.999999	46.950347	33.748155	1.583803	0.999974	0.000326	0.999994	1.000000	1.000000	1.000000	0.999950	0.000368	1.000000	1.000001	1.000013	0.000335	1.000000	1.000000	0.999909	0.000122	
1350063097.930288	1.000001	47.603241	34.272581	3.785977	1.000000	1.000000	0.999780	0.000658	1.000578	0.000246	1.000000	1.000000	1.000000	1.000000	1.000519	0.000235	1.000000	1.000000	1.000690	0.000193	1350063097.930456	1.000038	46.968709	33.766207	1.591569	0.999889	0.000397	1.000006	1.000000	1.000000	1.000000	1.000017	0.000439	1.000000	1.000000	0.999930	0.000416	1.000000	1.000000	1.000016	0.000224	
1350063098.930287	0.999999	47.563812	34.234972	3.782001	1.000000	1.000000	1.000343	0.000401	0.999982	0.000234	1.000000	1.000000	1.000000	1.000000	1.000037	0.000221	1.000000	1.000000	0.999949	0.000137	1350063098.930417	0.999961	46.905963	33.716238	1.588472	0.999753	0.000346	0.999994	1.000000	1.000000	1.000000	0.999992	0.000393	1.000000	1.000000	0.999991	0.000342	1.000000	1.000000	0.999861	0.000142	
1350063099.930287	1.000000	47.646835	34.314163	3.767075	1.000000	1.000000	0.999941	0.000393	0.999431	0.000278	1.000000	1.000000	1.000000	1.000000	0.999448	0.000280	1.000000	1.000000	0.999937	0.001828	1350063099.930415	0.999998	46.965376	33.762760	1.588214	1.000252	0.000392	1.000006	1.000000	1.000000	1.000000	0.999983	0.000439	1.000000	1.000000	0.999975	0.000415	1.000000	1.000000	0.999269	0.000339	
1350063100.930287	1.000000	47.791855	34.459595	3.793671	1.000000	1.000000	0.999709	0.000401	1.000025	0.000212	1.000000	1.000000	1.000000	1.000000	0.999998	0.000217	1.000000	1.000000	0.999990	0.005768	1350063100.930415	1.000000	46.951523	33.749741	1.591034	1.000016	0.000315	1.000000	1.000000	1.000000	1.000000	0.999986	0.000374	1.000000	1.000000	0.999940	0.000281	1.000000	1.000000	1.001244	0.000180	
1350063101.930287	1.000000	47.735184	34.401642	3.774551	1.000000	1.000000	1.000293	0.000367	0.999957	0.000262	1.000000	1.000000	1.000000	1.000000	0.999983	0.002213	1.000000	1.000000	1.000029	0.000797	1350063101.930417	1.000002	46.960161	33.757412	1.833035	0.999875	0.000382	0.999995	1.000000	1.000000	1.000000	0.999997	0.000406	1.000001	1.000000	1.000113	0.000354	1.000000	1.000000	1.000133	0.000211	
1350063102.930287	1.000000	47.581635	34.248672	3.782227	1.000000	1.000000	0.999792	0.000700	1.000020	0.000216	1.000000	1.000000	1.000000	1.000000	0.999739	0.000214	1.000000	1.000000	0.999992	0.000138	1350063102.930420	1.000003	46.950965	33.748843	1.588374	0.999980	0.000383	1.000000	1.000000	1.000000	1.000000	0.999990	0.000334	1.000000	1.000000	0.999358	0.000328	1.000000	1.000000	0.999823	0.000150	
1350063103.930287	1.000000	47.577316	34.258606	3.789841	1.000000	1.000000	1.000311	0.000363	0.999950	0.000263	1.000000	1.000000	1.000000	1.000000	1.000020	0.001035	1.000000	1.000000	1.000054	0.000179	1350063103.930419	0.999999	46.960875	33.758379	1.649126	1.000105	0.000351	1.000005	1.000000	0.999994	1.000000	0.999987	0.000459	1.000000	1.000000	0.999965	0.000436	1.000000	1.000000	0.998861	0.000183	
1350063104.930287	1.000000	47.610550	34.280151	3.786087	1.000000	1.000000	0.999960	0.003141	1.000003	0.000223	1.000000	1.000000	1.000000	1.000000	0.999809	0.000214	1.000000	1.000000	0.999810	0.000138	1350063104.930416	0.999997	46.947686	33.745161	1.591405	0.999896	0.000302	0.999994	1.000000	1.000005	0.999999	0.999991	0.000408	1.000000	1.000000	1.000478	0.000421	1.000000	1.000000	0.999636	0.000141	
1350063105.930287	1.000000	47.689087	34.354660	3.797089	1.000000	1.000000	0.999860	0.000344	0.999955	0.000273	1.000000	1.000000	1.000000	1.000000	1.000002	0.001905	1.000000	1.000000	0.999928	0.000182	1350063105.930419	1.000003	46.954963	33.751467	1.767588	0.999995	0.000355	1.000001	1.000000	1.000000	1.000000	0.999978	0.000405	1.000000	1.000000	1.000019	0.000367	1.000000	1.000000	1.000506	0.000209	
1350063106.930287	1.000000	47.586319	34.252045	3.786057	1.000000	1.000000	1.000435	0.000360	0.999990	0.000259	1.000000	1.000000	1.000000	1.000000	0.999813	0.000213	1.000000	1.000000	1.000050	0.000139	1350063106.930415	0.999996	46.953895	33.750793	1.593406	1.000095	0.000290	0.999999	1.000000	1.000000	0.999999	0.999990	0.000380	1.000000	1.000000	1.000004	0.000358	1.000000	1.000000	1.000163	0.000140	
1350063107.930287	1.000000	47.658920	34.326309	3.774185	1.000000	1.000000	0.999836	0.000678	0.999939	0.000271	1.000000	1.000000	1.000000	1.000000	1.000011	0.001325	1.000000	1.000000	1.000032	0.000158	1350063107.930420	1.000005	46.966104	33.763121	1.668983	0.999939	0.000422	1.000000	1.000000	1.000000	1.000001	0.999976	0.000414	1.000000	1.000000	0.999959	0.000359	1.000000	1.000000	1.000680	0.000176	
1350063108.930287	1.000000	47.567093	34.232498	3.797424	1.000000	1.000000	0.999961	0.000326	0.999994	0.000261	1.000000	1.000000	1.000000	1.000000	0.999958	0.000194	1.000000	1.000000	1.000098	0.000158	1350063108.930414	0.999994	46.964345	33.761569	1.590448	1.000027	0.000288	1.000000	1.000000	1.000000	1.000000	0.999996	0.000396	1.000000	1.000000	1.000029	0.000381	1.000000	1.000000	1.000135	0.000158	
1350063109.930287	1.000000	47.594254	34.259003	3.782227	1.000000	1.000000	1.000019	0.000353	0.999971	0.000283	1.000000	1.000000	1.000000	1.000000	0.999985	0.000605	1.000000	1.000000	0.999734	0.000161	1350063109.930417	1.000003	46.910484	33.721407	1.588054	0.999992	0.000368	1.000005	1.000000	1.000000	1.000000	0.999980	0.000412	1.000000	1.000000	0.999938	0.000396	1.000000	1.000000	0.999956	0.000193	
1350063110.930288	1.000001	715821784.496421	715765461.831431	715761981.228259	0.999988	1.000205	0.999986	1.000208	0.999996	1.000205	0.999988	1.000204	0.999988	1.000207	0.999991	1.000203	0.999988	1.000208	0.999988	1.000205	1350063110.930381	0.999964	715825109.992018	715829346.277327	715812499.000394	0.999988	1.000204	0.999986	1.000207	3.893139	0.256914	0.999988	1.000205	0.999988	1.000207	0.999991	1.000203	0.999988	1.000208	0.999988	1.000206	
1350063111.930347	1.000059	0.000000	0.000000	0.000000	-nan	-nan	-nan	-nan	0.000000	inf	-nan	-nan	-nan	0.000000	-nan	-nan	-nan	-nan	-nan	-nan	1350063111.930423	1.000042	0.000000	0.000000	0.000000	-nan	-nan	-nan	-nan	0.000000	inf	-nan	-nan	-nan	-nan	-nan	-nan	-nan	-nan	-nan	-nan	
