ts_0	elapsed_0	pkg_0	pp0_0	dram_0	freq_ratio_0_0	c0_ratio_0_0	freq_ratio_0_1	c0_ratio_0_1	freq_ratio_0_2	c0_ratio_0_2	freq_ratio_0_3	c0_ratio_0_3	freq_ratio_0_4	c0_ratio_0_4	freq_ratio_0_5	c0_ratio_0_5	freq_ratio_0_6	c0_ratio_0_6	freq_ratio_0_7	c0_ratio_0_7	ts_1	elapsed_1	pkg_1	pp0_1	dram_1	freq_ratio_1_0	c0_ratio_1_0	freq_ratio_1_1	c0_ratio_1_1	freq_ratio_1_2	c0_ratio_1_2	freq_ratio_1_3	c0_ratio_1_3	freq_ratio_1_4	c0_ratio_1_4	freq_ratio_1_5	c0_ratio_1_5	freq_ratio_1_6	c0_ratio_1_6	freq_ratio_1_7	c0_ratio_1_7	
1350063078.933017	1.000333	46.342155	33.134350	2.726494	1.000000	1.000000	1.005186	0.000328	1.000000	1.000000	1.000024	0.000415	1.000000	1.000000	1.000102	0.000250	1.000000	1.000000	1.000007	0.000291	1350063078.933148	1.000308	46.701663	33.511543	1.613212	1.000000	1.000000	1.000019	0.002591	1.000000	1.000000	0.999823	0.000349	0.999999	1.000000	0.999258	0.000261	1.000000	1.000000	1.000089	0.000307	
1350063079.933002	0.999985	46.260155	33.051385	2.686838	1.000000	1.000000	1.000060	0.000277	1.000000	1.000000	0.999971	0.000315	1.000000	1.000000	0.999982	0.000339	1.000000	1.000000	0.999958	0.000284	1350063079.933135	0.999987	46.563904	33.358699	1.587057	1.000000	1.000000	0.999964	0.000458	1.000000	1.000000	1.000236	0.000348	1.000000	1.000000	1.000349	0.000304	1.000000	1.000000	0.999129	0.000271	
1350063080.933002	1.000000	46.275528	33.064728	2.689774	1.000000	1.000000	1.000008	0.000248	1.000000	1.000000	0.999895	0.000282	1.000000	1.000000	0.999987	0.000212	1.000000	1.000000	0.999878	0.000215	1350063080.933137	1.000002	46.691760	33.484815	1.588483	1.000000	1.000000	0.999819	0.000782	1.000000	1.000000	1.000006	0.000244	1.000000	1.000000	1.000378	0.000236	1.000000	1.000000	1.000944	0.000221	
1350063081.933002	1.000000	46.256042	33.057022	2.686813	1.000000	1.000000	0.999899	0.000284	1.000000	1.000000	1.000050	0.000309	1.000000	1.000000	1.000493	0.000253	1.000000	1.000000	1.000493	0.000256	1350063081.933124	0.999987	46.619477	33.421947	1.590292	1.000000	1.000000	0.999999	0.000391	1.000000	1.000000	0.999979	0.000369	1.000001	1.000000	0.999944	0.000322	0.999999	1.000000	1.000042	0.000276	
1350063082.933002	1.000000	46.350082	33.136414	2.692215	1.000000	1.000000	1.000540	0.000254	1.000000	1.000000	0.999905	0.000311	1.000000	1.000000	1.000080	0.000211	1.000000	1.000000	1.000078	0.000213	1350063082.933132	1.000008	46.664951	33.454136	1.595217	1.000000	1.000000	1.000454	0.000442	1.000000	1.000000	0.999952	0.000296	1.000000	1.000000	0.999984	0.000259	1.000000	1.000000	0.999965	0.000221	
1350063083.933002	1.000000	46.368408	33.155807	2.697739	1.000000	1.000000	0.999536	0.000289	1.000000	1.000000	1.000062	0.000335	1.000000	1.000000	0.999560	0.000360	1.000000	1.000000	0.999546	0.000289	1350063083.933129	0.999997	46.690483	33.478345	1.583394	1.000000	1.000000	0.999402	0.000411	1.000000	1.000000	0.999970	0.000360	1.000000	1.000000	0.999593	0.000277	1.000000	1.000000	0.999882	0.000304	
1350063084.933002	1.000000	46.335632	33.124878	2.698120	1.000000	1.000000	0.999908	0.000256	1.000000	1.000000	0.999908	0.000297	1.000000	1.000000	0.999953	0.000219	1.000000	1.000000	0.999972	0.000196	1350063084.933133	1.000004	46.722375	33.510881	1.590204	1.000000	1.000000	1.000529	0.000416	1.000000	1.000000	0.999975	0.000289	1.000000	1.000000	1.000321	0.000312	1.000000	1.000000	1.000463	0.000230	
1350063085.933002	1.000000	46.350250	33.136673	2.695389	1.000000	1.000000	1.000083	0.000273	1.000000	1.000000	1.000072	0.000311	1.000000	1.000000	0.999999	0.000262	1.000000	1.000000	0.999962	0.000291	1350063085.933135	1.000002	46.778979	33.567578	1.588498	1.000000	1.000000	0.999658	0.000659	1.000000	1.000000	1.000022	0.000415	0.999999	1.000000	1.000022	0.000280	1.000000	1.000000	0.999651	0.000303	
1350063086.933001	0.999999	46.343626	33.130174	2.692523	1.000000	1.000000	0.999998	0.000234	1.000000	1.000000	0.999881	0.000284	1.000000	1.000000	0.999972	0.000194	1.000000	1.000000	0.999912	0.000215	1350063086.933132	0.999997	46.760307	33.549451	1.588811	1.000000	1.000001	0.999701	0.000447	1.000000	1.000000	0.999986	0.000349	1.000000	1.000000	0.999971	0.000263	1.000000	1.000000	1.000051	0.000221	
1350063087.933002	1.000001	46.337557	33.124709	2.692304	1.000000	1.000000	0.999994	0.000277	1.000000	1.000000	1.000056	0.000346	1.000000	1.000000	0.999985	0.000328	1.000000	1.000000	1.000076	0.000255	1350063087.933133	1.000001	46.746568	33.532683	1.588438	1.000000	1.000000	1.000604	0.000463	0.999999	0.999999	0.999725	0.000415	1.000000	1.000000	0.999379	0.000312	1.000000	1.000000	0.999115	0.000268	
1350063088.933002	1.000000	46.333862	33.122665	2.690048	1.000000	1.000000	0.999976	0.000269	1.000000	1.000000	0.999876	0.000284	1.000000	1.000000	0.999994	0.000241	1.000000	1.000000	0.999857	0.000215	1350063088.933137	1.000004	46.739557	33.524171	1.593545	1.000000	1.000000	0.999936	0.002392	1.000001	1.000000	1.000310	0.000332	1.000000	1.000000	1.000865	0.000242	1.000000	1.000000	1.001034	0.000220	
1350063089.933002	1.000000	46.330154	33.113998	2.700562	1.000000	1.000000	0.999974	0.000249	1.000000	1.000000	1.000072	0.000301	1.000000	1.000000	0.999966	0.000249	1.000000	1.000000	1.000088	0.000255	1350063089.933136	0.999999	46.719680	33.501955	1.585512	1.000000	1.000000	1.000353	0.000424	1.000000	1.000000	0.999942	0.000400	1.000000	1.000000	0.999361	0.000333	1.000000	1.000000	0.999158	0.000273	
1350063090.933002	1.000000	46.369095	33.152313	2.715057	1.000000	1.000000	0.999994	0.003612	1.000000	1.000000	0.999999	0.003957	1.000000	1.000000	0.999998	0.002687	1.000000	1.000000	0.999996	0.002750	1350063090.933134	0.999998	46.717328	33.514987	1.590121	1.000000	1.000000	0.999947	0.003287	1.000000	1.000000	0.999931	0.002819	1.000000	1.000000	0.999998	0.002644	1.000000	1.000000	1.000078	0.002746	
1350063091.933002	1.000000	46.316376	33.100983	2.692566	1.000000	1.000000	1.000043	0.000306	1.000000	1.000000	0.999983	0.000290	1.000000	1.000000	1.000002	0.000254	1.000000	1.000000	0.999904	0.000249	1350063091.933135	1.000001	46.694307	33.473067	1.593428	0.999999	1.000000	1.000043	0.000418	1.000000	1.000000	0.999996	0.000460	1.000000	1.000000	1.000008	0.000245	1.000000	1.000000	0.999138	0.000271	
1350063092.933002	1.000000	46.340164	33.125702	2.692245	1.000000	1.000000	1.000246	0.000309	1.000000	1.000000	0.999879	0.000297	1.000000	1.000000	0.999998	0.000213	1.000000	1.000000	0.999972	0.000206	1350063092.933130	0.999995	46.695333	33.475937	1.591927	1.000000	1.000000	0.999844	0.000552	1.000000	1.000000	1.000529	0.000370	1.000000	1.000000	1.000798	0.000221	1.000000	1.000000	1.001040	0.000221	
1350063093.933002	1.000000	46.282059	33.083344	2.686905	1.000000	1.000000	1.000037	0.000282	1.000000	1.000000	1.000030	0.000312	1.000000	1.000000	1.000508	0.000252	1.000000	1.000000	1.000433	0.000265	1350063093.933141	1.000011	46.715201	33.498351	1.585569	1.000000	1.000000	1.000123	0.000403	1.000000	1.000000	0.999999	0.000412	1.000000	1.000000	0.999988	0.000262	1.000000	1.000000	0.999980	0.000294	
1350063094.933002	1.000000	46.296432	33.082016	2.692688	1.000000	1.000000	0.999937	0.000396	1.000000	1.000000	1.000018	0.000256	1.000000	1.000000	0.999970	0.000221	1.000000	1.000000	0.999984	0.000192	1350063094.933134	0.999993	46.689028	33.471286	1.591823	1.000000	1.000000	1.000312	0.000479	1.000000	1.000000	0.999973	0.000344	1.000000	1.000000	1.000044	0.000256	1.000000	1.000000	0.999972	0.000209	
1350063095.933002	1.000000	46.309372	33.093353	2.696030	1.000000	1.000000	1.000013	0.000210	1.000000	1.000000	0.999972	0.000304	1.000000	1.000000	0.999521	0.000293	1.000000	1.000000	0.999581	0.000260	1350063095.933131	0.999997	46.749931	33.531537	1.593343	1.000000	1.000000	0.999950	0.000768	1.000000	1.000000	0.999932	0.000443	1.000000	1.000000	0.999562	0.000271	1.000000	1.000000	0.999571	0.000265	
1350063096.933002	1.000000	46.303146	33.086395	2.684311	1.000000	1.000000	1.000041	0.000214	1.000000	1.000000	0.999888	0.000280	1.000000	1.000000	0.999980	0.000217	1.000000	1.000000	0.999961	0.000205	1350063096.933131	1.000000	46.720383	33.498093	1.588623	1.000000	1.000000	0.999725	0.000423	1.000000	1.000000	0.999963	0.000369	1.000000	1.000000	1.000449	0.000239	1.000000	1.000000	1.000762	0.000245	
1350063097.933002	1.000000	46.306351	33.088943	2.689804	1.000000	1.000000	0.999958	0.000192	1.000000	1.000000	1.000066	0.000311	1.000000	1.000000	0.999972	0.000238	1.000000	1.000000	0.999955	0.000246	1350063097.933149	1.000018	46.717823	33.496868	1.586825	1.000000	1.000000	1.000278	0.000498	1.000000	1.000000	0.999970	0.000419	1.000000	1.000000	1.000005	0.000285	1.000000	1.000000	0.999690	0.000280	
1350063098.933002	1.000000	46.316925	33.098282	2.684845	1.000000	1.000000	0.999966	0.000196	1.000000	1.000000	0.999993	0.000268	1.000000	1.000000	1.000002	0.000217	1.000000	1.000000	1.000017	0.000207	1350063098.933134	0.999985	46.689529	33.479080	1.593316	1.000000	1.000001	0.999930	0.002392	1.000000	1.000000	1.000057	0.000363	1.000000	1.000000	0.999598	0.000236	1.000000	1.000000	0.998869	0.000220	
1350063099.933002	1.000000	46.350128	33.136703	2.689865	1.000000	1.000000	1.000000	0.000217	1.000000	1.000000	0.999935	0.000306	1.000000	1.000000	0.999992	0.000257	1.000000	1.000000	1.000001	0.000266	1350063099.933133	0.999999	46.755645	33.532243	1.590196	1.000000	0.999999	1.000387	0.000420	1.000000	1.000000	0.999739	0.000387	1.000001	1.000000	0.999571	0.000255	1.000000	1.000000	0.999963	0.000292	
1350063100.933002	1.000000	46.335815	33.124802	2.692398	1.000000	1.000000	1.000056	0.000191	1.000000	1.000000	0.999917	0.000254	1.000000	1.000000	0.999983	0.000227	1.000000	1.000000	0.999897	0.000205	1350063100.933133	1.000000	46.749481	33.525467	1.588791	1.000000	1.000000	0.999793	0.000732	1.000000	1.000000	1.000257	0.000369	0.999999	1.000000	1.000860	0.000211	1.000000	1.000000	1.001161	0.000199	
1350063101.933002	1.000000	46.323135	33.111145	2.698044	1.000000	1.000000	1.000035	0.000212	1.000000	1.000000	1.000063	0.000304	1.000000	1.000000	0.999956	0.000272	1.000000	1.000000	1.000037	0.000258	1350063101.933136	1.000003	46.777306	33.555621	1.587245	1.000000	1.000000	1.000002	0.000416	1.000000	1.000000	0.999979	0.000424	1.000000	1.000000	0.999962	0.000291	1.000000	1.000000	0.999280	0.000292	
1350063102.933002	1.000000	46.335205	33.122726	2.692902	1.000000	1.000000	0.999986	0.000198	1.000000	1.000000	0.999990	0.000311	1.000000	1.000000	0.999957	0.000217	1.000000	1.000000	0.999860	0.000206	1350063102.933133	0.999997	46.758949	33.537366	1.588750	1.000000	1.000001	0.999920	0.000464	1.000000	1.000000	0.999991	0.000401	1.000000	1.000000	1.000059	0.000223	1.000000	1.000000	1.001012	0.000217	
1350063103.933002	1.000000	46.279327	33.080399	2.695282	1.000000	1.000000	0.999966	0.000214	1.000000	1.000000	0.999983	0.000288	1.000000	1.000000	1.000033	0.000259	1.000000	1.000000	1.000103	0.000247	1350063103.933128	0.999995	46.824743	33.600480	1.588875	1.000000	0.999999	1.000052	0.000416	1.000000	1.000000	1.000034	0.000381	1.000000	1.000000	0.999996	0.000269	1.000000	1.000000	0.999049	0.000238	
1350063104.933009	1.000007	46.306961	33.092911	2.687375	1.000000	1.000000	0.999817	0.000196	1.000000	1.000000	0.999997	0.000269	1.000000	1.000000	0.999988	0.000217	1.000000	1.000000	0.999942	0.000208	1350063104.933131	1.000003	46.834205	33.607577	1.593333	1.000000	1.000001	1.000348	0.000438	1.000000	1.000000	0.999997	0.001256	1.000000	1.000000	0.999978	0.000191	1.000000	1.000000	1.000929	0.000234	
1350063105.933002	0.999993	46.304504	33.090698	2.681369	1.000000	1.000000	0.999567	0.000255	1.000000	1.000000	0.999974	0.000284	1.000000	1.000000	1.000531	0.000237	1.000000	1.000000	1.000412	0.000246	1350063105.933133	1.000002	46.806475	33.579160	1.586850	1.000000	1.000000	0.999811	0.000755	1.000000	1.000000	0.999751	0.000427	1.000000	1.000000	0.999270	0.000264	1.000000	1.000000	0.999153	0.000266	
1350063106.933001	0.999999	46.313185	33.100785	2.695224	1.000000	1.000000	1.000763	0.000198	1.000000	1.000000	0.999883	0.000269	1.000000	1.000000	1.000210	0.000215	1.000000	1.000000	1.000079	0.000205	1350063106.933134	1.000001	46.749070	33.538741	1.588850	1.000000	1.000000	0.999988	0.000435	1.000000	1.000000	1.000240	0.000362	0.999999	1.000000	1.000872	0.000213	1.000000	1.000000	1.000937	0.000218	
1350063107.933002	1.000001	46.292085	33.079741	2.681852	1.000000	1.000000	0.999453	0.000309	1.000000	1.000000	1.000061	0.000346	1.000000	1.000000	0.999397	0.000304	1.000000	1.000000	0.999522	0.000274	1350063107.933135	1.000001	46.820726	33.598265	1.588606	1.000000	1.000000	1.000184	0.000588	1.000000	1.000000	0.999986	0.000458	1.000000	1.000000	0.999967	0.000312	1.000000	1.000000	1.000361	0.000271	
1350063108.933002	1.000000	46.320999	33.107758	2.690079	1.000000	1.000000	1.000032	0.000179	1.000000	1.000000	0.999969	0.000282	1.000000	1.000000	0.999982	0.000198	1.000000	1.000000	1.000002	0.000207	1350063108.933135	1.000000	46.780609	33.558823	1.590363	1.000000	1.000000	0.999939	0.002385	1.000000	1.000000	1.000015	0.000350	1.000000	1.000000	1.000006	0.000254	1.000000	1.000000	0.999956	0.000255	
1350063109.933002	1.000000	46.308594	33.092972	2.692429	1.000000	1.000000	0.999957	0.000236	1.000000	1.000000	0.999980	0.000285	1.000000	1.000000	0.999998	0.000256	1.000000	1.000000	0.999978	0.000245	1350063109.933134	0.999999	46.755141	33.531511	1.587068	1.000000	1.000000	1.000345	0.000430	1.000000	1.000000	0.999483	0.000416	1.000000	1.000000	0.999296	0.000277	1.000000	1.000000	0.998839	0.000282	
1350063110.933011	1.000009	715804754.911969	715777069.829754	715788355.821285	0.999990	1.000216	0.999988	1.000223	0.999998	1.000218	0.999990	1.000216	0.999990	1.000221	0.999993	1.000214	0.999990	1.000220	0.999990	1.000217	1350063110.933121	0.999987	715815124.837004	715826389.067232	715834766.228641	0.999990	1.000217	0.999988	1.000220	3.893002	0.256927	0.999990	1.000218	0.999990	1.000219	0.999993	1.000217	0.999990	1.000220	0.999990	1.000218	
1350063111.933046	1.000035	0.000000	0.000000	0.000000	-nan	-nan	-nan	-nan	0.000000	inf	-nan	-nan	-nan	0.000000	-nan	-nan	-nan	-nan	-nan	-nan	1350063111.933123	1.000002	0.000000	0.000000	0.000000	-nan	-nan	-nan	-nan	0.000000	inf	-nan	-nan	-nan	-nan	-nan	-nan	-nan	-nan	-nan	-nan	
