ts_0	elapsed_0	pkg_0	pp0_0	dram_0	freq_ratio_0_0	c0_ratio_0_0	freq_ratio_0_1	c0_ratio_0_1	freq_ratio_0_2	c0_ratio_0_2	freq_ratio_0_3	c0_ratio_0_3	freq_ratio_0_4	c0_ratio_0_4	freq_ratio_0_5	c0_ratio_0_5	freq_ratio_0_6	c0_ratio_0_6	freq_ratio_0_7	c0_ratio_0_7	ts_1	elapsed_1	pkg_1	pp0_1	dram_1	freq_ratio_1_0	c0_ratio_1_0	freq_ratio_1_1	c0_ratio_1_1	freq_ratio_1_2	c0_ratio_1_2	freq_ratio_1_3	c0_ratio_1_3	freq_ratio_1_4	c0_ratio_1_4	freq_ratio_1_5	c0_ratio_1_5	freq_ratio_1_6	c0_ratio_1_6	freq_ratio_1_7	c0_ratio_1_7	
1350069389.375957	1.000388	63.746223	50.502581	3.799658	1.229000	0.994364	1.191333	0.000621	1.228999	0.994349	1.192287	0.003597	1.228999	0.994348	1.192301	0.000368	1.229003	0.994366	1.190753	0.000409	1350069389.376092	1.000341	46.823178	33.586846	2.462494	1.269040	0.998112	1.230739	0.001109	1.269040	0.998110	1.230813	0.000441	1.229515	0.000056	1.229161	0.000146	1.227007	0.000067	1.232143	0.000189	
1350069390.375950	0.999993	64.026764	50.764938	3.785686	1.230636	0.998680	1.192089	0.000690	1.230637	0.998679	1.192284	0.000188	1.230636	0.998678	1.192449	0.000177	1.230637	0.998677	1.192317	0.000165	1350069390.376077	0.999985	46.928439	33.702609	1.834851	1.269165	0.999378	1.230791	0.000279	1.269165	0.999377	1.230864	0.000275	1.241680	0.000007	1.231660	0.000119	1.216824	0.000008	1.231479	0.000007	
1350069391.375956	1.000006	64.139403	50.874483	3.796135	1.226427	0.998512	1.165778	0.003806	1.226427	0.998510	1.157979	0.002701	1.226427	0.998510	1.157882	0.002707	1.226427	0.998509	1.159567	0.002541	1350069391.376079	1.000002	47.040850	33.810910	1.876232	1.268768	0.998880	1.167552	0.002745	1.268769	0.998880	1.164955	0.002482	1.160416	0.002259	1.177215	0.004079	1.161183	0.002268	1.158883	0.002158	
1350069392.375950	0.999994	64.184312	50.916304	3.801246	1.230669	0.998902	1.192286	0.000281	1.230669	0.998901	1.192335	0.000190	1.230669	0.998901	1.192365	0.000178	1.230669	0.998899	1.192325	0.000179	1350069392.376076	0.999997	46.992150	33.772077	1.746221	1.269167	0.999404	1.230794	0.000233	1.269167	0.999403	1.230766	0.000303	1.264241	0.000007	1.232866	0.000112	1.250369	0.000007	1.232981	0.000007	
1350069393.375950	1.000000	64.216232	50.947281	3.790115	1.230659	0.998840	1.192362	0.000301	1.230659	0.998838	1.192355	0.000242	1.230659	0.998838	1.192324	0.000217	1.230659	0.998837	1.192377	0.000220	1350069393.376076	1.000000	46.996033	33.778152	1.799591	1.269144	0.999212	1.230734	0.000272	1.269144	0.999212	1.231063	0.000283	1.230781	0.000099	1.230677	0.000131	1.232997	0.000055	1.233070	0.000096	
1350069394.375950	1.000000	64.249329	50.978210	3.805252	1.230667	0.998881	1.192761	0.000283	1.230667	0.998879	1.192245	0.000190	1.230667	0.998879	1.192239	0.000178	1.230667	0.998878	1.192221	0.000178	1350069394.376074	0.999998	47.002668	33.787708	1.764576	1.269163	0.999361	1.230808	0.000275	1.269163	0.999360	1.230757	0.000316	1.230112	0.000007	1.229730	0.000110	1.199680	0.000007	1.196619	0.000007	
1350069395.375950	1.000000	64.282043	51.008881	3.801300	1.230615	0.998462	1.192127	0.000543	1.230615	0.998461	1.192235	0.000232	1.230615	0.998460	1.192171	0.000313	1.230615	0.998459	1.192326	0.000232	1350069395.376079	1.000005	47.013314	33.798369	1.794898	1.269146	0.999227	1.230802	0.000280	1.269147	0.999227	1.230830	0.000273	1.230221	0.000105	1.231370	0.000141	1.233372	0.000066	1.234200	0.000060	
1350069396.375956	1.000006	64.244719	50.969484	3.801491	1.230672	0.998950	1.192157	0.000277	1.230672	0.998950	1.192432	0.000180	1.230672	0.998949	1.192583	0.000169	1.230672	0.998948	1.192488	0.000180	1350069396.376082	1.000003	47.036613	33.818773	1.729899	1.269163	0.999360	1.230624	0.000232	1.269163	0.999360	1.230765	0.000283	1.238621	0.000007	1.230185	0.000166	1.206425	0.000007	1.205933	0.000007	
1350069397.375950	0.999994	64.254442	50.981475	3.786308	1.230656	0.998793	1.192457	0.000294	1.230656	0.998791	1.193051	0.000227	1.230656	0.998790	1.193176	0.000239	1.230656	0.998789	1.192775	0.000218	1350069397.376081	0.999999	46.988692	33.776491	1.725893	1.269134	0.999081	1.231121	0.000273	1.269134	0.999080	1.230738	0.000263	1.230819	0.000082	1.231621	0.000125	1.233914	0.000051	1.232018	0.000152	
1350069398.375950	1.000000	64.220291	50.958939	3.789948	1.230584	0.998751	1.192372	0.001910	1.230584	0.998750	1.192221	0.000186	1.230584	0.998749	1.191987	0.000177	1.230584	0.998748	1.192346	0.000177	1350069398.376084	1.000003	47.042258	33.816317	1.703593	1.269166	0.999380	1.230827	0.000241	1.269166	0.999379	1.229942	0.000292	1.179214	0.000007	1.228891	0.000122	1.203313	0.000007	1.228169	0.000007	
1350069399.375950	1.000000	64.274048	51.001144	3.797394	1.230642	0.998659	1.192367	0.000349	1.230642	0.998657	1.191796	0.000273	1.230642	0.998656	1.191661	0.000248	1.230642	0.998656	1.191860	0.000263	1350069399.376082	0.999998	47.008253	33.790653	1.796787	1.269140	0.999157	1.230337	0.000322	1.269140	0.999162	1.231547	0.000300	1.229562	0.000078	1.228744	0.000134	1.224453	0.000061	1.222932	0.000059	
1350069400.375950	1.000000	64.264862	50.990463	3.797668	1.230632	0.998660	1.192264	0.000590	1.230632	0.998657	1.192470	0.000205	1.230632	0.998656	1.192418	0.000178	1.230632	0.998654	1.192465	0.000163	1350069400.376074	0.999992	47.020080	33.793700	1.803436	1.269155	0.999273	1.230773	0.000285	1.269155	0.999274	1.230747	0.000302	1.249114	0.000027	1.234571	0.000128	1.249320	0.000034	1.227346	0.000028	
1350069401.375950	1.000000	64.296234	51.020615	3.797394	1.230646	0.998705	1.192275	0.000380	1.230646	0.998704	1.192197	0.000243	1.230646	0.998703	1.192337	0.000230	1.230646	0.998702	1.192328	0.000271	1350069401.376091	1.000017	46.753405	33.525021	1.802917	1.269141	0.999183	1.230844	0.000296	1.269141	0.999183	1.230828	0.000271	1.231067	0.000049	1.230760	0.000177	1.231119	0.000044	1.235699	0.000124	
1350069402.375950	1.000000	64.058517	50.782501	3.797379	1.230656	0.998794	1.192177	0.000333	1.230656	0.998792	1.192420	0.000196	1.230656	0.998792	1.192329	0.000184	1.230656	0.998791	1.192357	0.000185	1350069402.376073	0.999982	46.712200	33.490604	1.766709	1.269161	0.999381	1.230633	0.000254	1.269161	0.999380	1.230762	0.000253	1.228664	0.000014	1.230637	0.000123	1.214252	0.000015	1.217290	0.000016	
1350069403.375950	1.000000	64.272263	50.996948	3.797577	1.230541	0.997744	1.192489	0.000322	1.230540	0.997752	1.192343	0.001045	1.230540	0.997753	1.192259	0.000211	1.230541	0.997751	1.192340	0.000269	1350069403.376070	0.999997	47.048943	33.816450	1.863775	1.269152	0.999272	1.230712	0.000262	1.269152	0.999272	1.230730	0.000292	1.230613	0.000065	1.230725	0.000126	1.234443	0.000051	1.234685	0.000051	
1350069404.375950	1.000000	64.223480	50.948608	3.793457	1.229921	0.992735	1.192282	0.000892	1.229922	0.992718	1.192345	0.004645	1.229922	0.992716	1.192250	0.000178	1.229922	0.992709	1.192379	0.000191	1350069404.376074	1.000004	47.023506	33.805497	2.604512	1.269134	0.999034	1.230742	0.000241	1.269133	0.999033	1.230775	0.000630	1.235278	0.000007	1.230771	0.000128	1.235284	0.000007	1.233317	0.000007	
1350069405.375950	1.000000	64.282272	51.005432	3.805328	1.230494	0.997846	1.192085	0.000574	1.230494	0.997845	1.192129	0.000239	1.230494	0.997844	1.192294	0.000228	1.230494	0.997842	1.192263	0.000836	1350069405.376081	1.000007	47.040980	33.817454	1.931246	1.269098	0.998779	1.230764	0.000585	1.269098	0.998778	1.230803	0.000399	1.230818	0.000049	1.230661	0.000124	1.230335	0.000056	1.230533	0.000113	
1350069406.375950	1.000000	64.333710	51.057983	3.774536	1.230668	0.998904	1.192115	0.000311	1.230668	0.998902	1.192604	0.000176	1.230668	0.998901	1.192363	0.000164	1.230668	0.998900	1.192549	0.000180	1350069406.376073	0.999992	47.041489	33.817321	2.025834	1.268966	0.997704	1.230657	0.001643	1.268966	0.997703	1.230072	0.000328	1.200534	0.000007	1.229430	0.000164	1.203153	0.000007	1.230736	0.000007	
1350069407.375950	1.000000	64.234070	50.955505	3.793610	1.230654	0.998789	1.192359	0.000315	1.230654	0.998787	1.192166	0.000230	1.230654	0.998786	1.192327	0.000250	1.230654	0.998785	1.192257	0.000239	1350069407.376074	1.000001	46.975663	33.767271	1.885618	1.269031	0.998179	1.230835	0.001157	1.269031	0.998176	1.231559	0.000298	1.234747	0.000057	1.232300	0.000116	1.235077	0.000050	1.231335	0.000051	
1350069408.375956	1.000006	64.258711	50.994508	3.801399	1.230582	0.998726	1.192366	0.001894	1.230582	0.998725	1.192523	0.000191	1.230582	0.998724	1.192223	0.000180	1.230582	0.998724	1.192479	0.000181	1350069408.376119	1.000045	47.008838	33.786777	1.965686	1.269007	0.998285	1.230742	0.001249	1.269007	0.998283	1.230762	0.000257	1.226677	0.000007	1.230753	0.000123	1.224070	0.000007	1.228680	0.000007	
1350069409.375950	0.999994	64.310396	51.032790	3.797767	1.230660	0.998833	1.192358	0.000318	1.230660	0.998832	1.192988	0.000214	1.230660	0.998832	1.192994	0.000216	1.230660	0.998831	1.192817	0.000213	1350069409.376074	0.999955	47.021848	33.799405	1.754825	1.269146	0.999234	1.231157	0.000330	1.269146	0.999232	1.230772	0.000281	1.231129	0.000056	1.231020	0.000123	1.231627	0.000056	1.230519	0.000069	
1350069410.375950	1.000000	64.244400	50.964722	3.782211	1.230645	0.998706	1.191966	0.000528	1.230645	0.998705	1.192342	0.000187	1.230645	0.998704	1.192349	0.000177	1.230645	0.998703	1.192330	0.000175	1350069410.376077	1.000003	46.991935	33.775240	1.778391	1.269164	0.999366	1.230789	0.000267	1.269164	0.999378	1.230729	0.000303	1.231659	0.000007	1.230367	0.000117	1.216683	0.000007	1.236790	0.000007	
1350069411.375950	1.000000	64.179260	50.898544	3.801285	1.230556	0.997845	1.192416	0.001089	1.230556	0.997843	1.191674	0.000234	1.230556	0.997843	1.191529	0.000229	1.230556	0.997841	1.191822	0.000232	1350069411.376076	0.999999	46.982482	33.751665	1.935747	1.269117	0.999074	1.230406	0.000440	1.269130	0.999062	1.230777	0.000295	1.221830	0.000058	1.228039	0.000173	1.220567	0.000051	1.220365	0.000051	
1350069412.375950	1.000000	64.150131	50.870651	3.804657	1.229914	0.992566	1.192311	0.005476	1.229914	0.992561	1.192460	0.000205	1.229914	0.992556	1.192406	0.000182	1.229914	0.992550	1.192342	0.000192	1350069412.376081	1.000005	46.971521	33.748122	2.608553	1.269171	0.999294	1.230728	0.000231	1.269157	0.999293	1.230802	0.000281	1.240846	0.000047	1.233976	0.000155	1.248696	0.000035	1.223445	0.000028	
1350069413.375950	1.000000	64.223221	50.943634	3.816589	1.230477	0.997215	1.192302	0.001775	1.230477	0.997211	1.192337	0.000212	1.230478	0.997209	1.192406	0.000226	1.230478	0.997207	1.192483	0.000199	1350069413.376074	0.999993	47.012135	33.776708	1.919889	1.269147	0.999228	1.230858	0.000323	1.269147	0.999228	1.230726	0.000261	1.231329	0.000059	1.230790	0.000145	1.230720	0.000042	1.241337	0.000069	
1350069414.375950	1.000000	64.325867	51.048996	3.801712	1.230669	0.998900	1.192439	0.000250	1.230669	0.998898	1.192319	0.000189	1.230669	0.998898	1.192230	0.000178	1.230669	0.998897	1.192297	0.000195	1350069414.376081	1.000007	46.987819	33.773677	1.749027	1.269166	0.999405	1.230677	0.000253	1.269166	0.999405	1.230760	0.000287	1.230525	0.000052	1.230728	0.000102	1.230757	0.000007	1.227481	0.000007	
1350069415.375957	1.000007	715776873.545733	715787351.950320	715797567.178518	0.999986	1.000191	0.999984	1.000196	0.999994	1.000193	0.999986	1.000192	0.999986	1.000195	0.999989	1.000191	0.999986	1.000195	0.999986	1.000193	1350069415.376047	0.999966	715787510.723790	715788036.171514	715820796.642769	0.999986	1.000192	0.999984	1.000195	3.893281	0.256901	0.999986	1.000193	0.999986	1.000195	0.999989	1.000190	0.999986	1.000195	0.999986	1.000194	
1350069416.375950	0.999993	0.000000	0.000000	0.000000	-nan	-nan	-nan	-nan	0.000000	inf	-nan	-nan	-nan	0.000000	-nan	-nan	-nan	-nan	-nan	-nan	1350069416.376010	0.999963	0.000000	0.000000	0.000000	-nan	-nan	-nan	-nan	0.000000	inf	-nan	-nan	-nan	-nan	-nan	-nan	-nan	-nan	-nan	-nan	
