ts_0	elapsed_0	pkg_0	pp0_0	dram_0	freq_ratio_0_0	c0_ratio_0_0	freq_ratio_0_1	c0_ratio_0_1	freq_ratio_0_2	c0_ratio_0_2	freq_ratio_0_3	c0_ratio_0_3	freq_ratio_0_4	c0_ratio_0_4	freq_ratio_0_5	c0_ratio_0_5	freq_ratio_0_6	c0_ratio_0_6	freq_ratio_0_7	c0_ratio_0_7	ts_1	elapsed_1	pkg_1	pp0_1	dram_1	freq_ratio_1_0	c0_ratio_1_0	freq_ratio_1_1	c0_ratio_1_1	freq_ratio_1_2	c0_ratio_1_2	freq_ratio_1_3	c0_ratio_1_3	freq_ratio_1_4	c0_ratio_1_4	freq_ratio_1_5	c0_ratio_1_5	freq_ratio_1_6	c0_ratio_1_6	freq_ratio_1_7	c0_ratio_1_7	
1350073843.705522	1.000151	89.678833	76.431840	2.694692	1.153846	1.000000	1.153846	1.000000	1.153846	1.000000	1.153846	1.000000	1.153846	1.000000	1.153846	1.000000	1.153846	1.000000	1.153846	1.000000	1350073843.705560	1.000147	76.497231	63.300457	1.586833	1.191793	0.994978	1.191793	0.994974	1.191794	0.994970	1.191794	0.994965	1.191794	0.994965	1.191794	0.994959	1.153847	0.003713	1.153850	0.000611	
1350073844.705519	0.999997	90.139913	76.859812	2.686745	1.153846	1.000000	1.153846	1.000000	1.153846	1.000000	1.153846	1.000000	1.153846	1.000000	1.153846	1.000000	1.153846	1.000000	1.153846	1.000000	1350073844.705556	0.999996	76.835761	63.630309	1.594092	1.191909	0.996512	1.191908	0.996516	1.191908	0.996515	1.191908	0.996511	1.191908	0.996508	1.191908	0.996506	1.153729	0.002566	1.151687	0.000325	
1350073845.705519	1.000000	90.323700	77.051727	2.691925	1.153846	1.000000	1.153846	1.000000	1.153846	1.000000	1.153846	1.000000	1.153846	1.000000	1.153846	1.000000	1.153846	1.000000	1.153846	1.000000	1350073845.705546	0.999990	76.920768	63.708829	1.589585	1.191976	0.996696	1.191976	0.996688	1.191976	0.996686	1.191976	0.996683	1.191976	0.996682	1.191976	0.996680	1.153947	0.002396	1.156237	0.000265	
1350073846.705519	1.000000	90.383118	77.126663	2.697647	1.153846	1.000000	1.153846	1.000000	1.153846	1.000000	1.153846	1.000000	1.153846	1.000000	1.153846	1.000000	1.153846	1.000000	1.153846	1.000000	1350073846.705548	1.000002	76.868567	63.664719	1.586087	1.191841	0.996448	1.191841	0.996446	1.191840	0.996443	1.191841	0.996440	1.191841	0.996439	1.191840	0.996435	1.153832	0.002773	1.152442	0.000320	
1350073847.705519	1.000000	90.538620	77.280396	2.697647	1.153846	1.000000	1.153846	1.000000	1.153846	1.000000	1.153846	1.000000	1.153846	1.000000	1.153846	1.000000	1.153846	1.000000	1.153846	1.000000	1350073847.705547	0.999999	77.004788	63.783111	1.588060	1.191919	0.996695	1.191919	0.996693	1.191919	0.996691	1.191919	0.996687	1.191919	0.996685	1.191919	0.996684	1.153770	0.002409	1.154860	0.000261	
1350073848.705519	1.000000	90.444794	77.195572	2.694824	1.153846	1.000000	1.153846	1.000000	1.153846	1.000000	1.153846	1.000000	1.153846	1.000000	1.153846	1.000000	1.153846	1.000000	1.153846	1.000000	1350073848.705548	1.000001	76.986972	63.761978	1.589476	1.191839	0.996205	1.191839	0.996202	1.191839	0.996200	1.191839	0.996196	1.191839	0.996194	1.191839	0.996190	1.153832	0.002732	1.153542	0.002185	
1350073849.705519	1.000000	90.413727	77.144073	2.689804	1.153846	1.000000	1.153846	1.000000	1.153846	1.000000	1.153846	1.000000	1.153846	1.000000	1.153846	1.000000	1.153846	1.000000	1.153846	1.000000	1350073849.705546	0.999998	77.014811	63.788726	1.592822	1.191982	0.996515	1.191982	0.996513	1.191982	0.996510	1.191982	0.996508	1.191982	0.996506	1.191982	0.996501	1.153894	0.002488	1.156963	0.000277	
1350073850.705519	1.000000	90.401016	77.127121	2.700409	1.153846	1.000000	1.153846	1.000000	1.153846	1.000000	1.153846	1.000000	1.153846	1.000000	1.153846	1.000000	1.153846	1.000000	1.153846	1.000000	1350073850.705547	1.000001	77.061786	63.833298	1.589323	1.191987	0.996626	1.191986	0.996624	1.191987	0.996621	1.191986	0.996619	1.191987	0.996618	1.191986	0.996614	1.153816	0.002461	1.152088	0.000290	
1350073851.705518	0.999999	90.285303	77.007794	2.695086	1.153846	1.000000	1.153846	1.000000	1.153846	1.000000	1.153846	1.000000	1.153846	1.000000	1.153846	1.000000	1.153846	1.000000	1.153846	1.000000	1350073851.705546	0.999999	77.072705	63.837890	1.584474	1.191933	0.996357	1.191933	0.996354	1.191933	0.996352	1.191933	0.996348	1.191933	0.996346	1.191933	0.996344	1.153853	0.002720	1.155335	0.000309	
1350073852.705519	1.000001	90.130529	76.849078	2.695051	1.153846	1.000000	1.153846	1.000000	1.153846	1.000000	1.153846	1.000000	1.153846	1.000000	1.153846	1.000000	1.153846	1.000000	1.153846	1.000000	1350073852.705548	1.000002	77.143820	63.910416	1.587796	1.191975	0.996343	1.191975	0.996340	1.191975	0.996338	1.191975	0.996333	1.191975	0.996333	1.191975	0.996329	1.153783	0.002633	1.152076	0.000295	
1350073853.705521	1.000002	90.150936	76.868643	2.692362	1.153846	1.000000	1.153846	1.000000	1.153846	1.000000	1.153846	1.000000	1.153846	1.000000	1.153846	1.000000	1.153846	1.000000	1.153846	1.000000	1350073853.705549	1.000001	77.200030	63.960053	1.589430	1.191986	0.996624	1.191986	0.996622	1.191986	0.996620	1.191987	0.996616	1.191987	0.996614	1.191987	0.996611	1.153859	0.002520	1.155565	0.000295	
1350073854.705519	0.999998	90.232579	76.949152	2.692418	1.153846	1.000000	1.153846	1.000000	1.153846	1.000000	1.153846	1.000000	1.153846	1.000000	1.153846	1.000000	1.153846	1.000000	1.153846	1.000000	1350073854.705547	0.999998	77.092890	63.855514	1.592578	1.191977	0.996625	1.191977	0.996622	1.191976	0.996627	1.191977	0.996617	1.191977	0.996615	1.191977	0.996611	1.153806	0.002475	1.151533	0.000292	
1350073855.705518	0.999999	90.331553	77.048429	2.695391	1.153846	1.000000	1.153846	1.000000	1.153846	1.000000	1.153846	1.000000	1.153846	1.000000	1.153846	1.000000	1.153846	1.000000	1.153846	1.000000	1350073855.705546	0.999999	77.185651	63.945099	1.589388	1.191949	0.996675	1.191949	0.996673	1.191949	0.996671	1.191949	0.996667	1.191949	0.996666	1.191949	0.996663	1.153752	0.002402	1.154558	0.000294	
1350073856.705519	1.000001	90.415823	77.126956	2.692334	1.153846	1.000000	1.153846	1.000000	1.153846	1.000000	1.153846	1.000000	1.153846	1.000000	1.153846	1.000000	1.153846	1.000000	1.153846	1.000000	1350073856.705547	1.000001	76.088077	62.844789	1.584425	1.191962	0.996386	1.191962	0.996384	1.191962	0.996381	1.191962	0.996378	1.191962	0.996374	1.191962	0.996372	1.153915	0.002708	1.153813	0.000313	
1350073857.705519	1.000000	89.721008	76.428360	2.697784	1.153846	1.000000	1.153846	1.000000	1.153846	1.000000	1.153846	1.000000	1.153846	1.000000	1.153846	1.000000	1.153846	1.000000	1.153846	1.000000	1350073857.705547	1.000000	76.524384	63.278290	1.590942	1.191750	0.996912	1.191750	0.996910	1.191750	0.996908	1.191750	0.996905	1.191751	0.996903	1.191750	0.996900	1.153785	0.002214	1.155395	0.000296	
1350073858.705519	1.000000	90.507095	77.214615	2.692383	1.153846	1.000000	1.153846	1.000000	1.153846	1.000000	1.153846	1.000000	1.153846	1.000000	1.153846	1.000000	1.153846	1.000000	1.153846	1.000000	1350073858.705548	1.000001	77.301532	64.055511	1.589644	1.191746	0.996514	1.191745	0.996512	1.191746	0.996511	1.191746	0.996507	1.191745	0.996506	1.191746	0.996502	1.153770	0.002523	1.153513	0.002151	
1350073859.705519	1.000000	90.454041	77.154999	2.695251	1.153846	1.000000	1.153846	1.000000	1.153846	1.000000	1.153846	1.000000	1.153846	1.000000	1.153846	1.000000	1.153846	1.000000	1.153846	1.000000	1350073859.705547	0.999999	77.294431	64.048981	1.586320	1.191940	0.996717	1.191940	0.996713	1.191940	0.996711	1.191941	0.996707	1.191940	0.996705	1.191941	0.996703	1.153906	0.002345	1.156421	0.000274	
1350073860.705519	1.000000	90.524109	77.220383	2.692719	1.153846	1.000000	1.153846	1.000000	1.153846	1.000000	1.153846	1.000000	1.153846	1.000000	1.153846	1.000000	1.153846	1.000000	1.153846	1.000000	1350073860.705547	1.000000	77.261185	64.016373	1.584595	1.191991	0.996487	1.191992	0.996484	1.191991	0.996481	1.191992	0.996477	1.191991	0.996480	1.191991	0.996475	1.153843	0.002537	1.151796	0.000328	
1350073861.705518	0.999999	90.574244	77.267972	2.689425	1.153846	1.000000	1.153846	1.000000	1.153846	1.000000	1.153846	1.000000	1.153846	1.000000	1.153846	1.000000	1.153846	1.000000	1.153846	1.000000	1350073861.705546	0.999999	77.264020	64.021469	1.586168	1.191945	0.996181	1.191944	0.996178	1.191945	0.996174	1.191945	0.996172	1.191945	0.996170	1.191945	0.996165	1.153808	0.002928	1.155652	0.000313	
1350073862.705519	1.000001	90.514486	77.206637	2.689954	1.153846	1.000000	1.153846	1.000000	1.153846	1.000000	1.153846	1.000000	1.153846	1.000000	1.153846	1.000000	1.153846	1.000000	1.153846	1.000000	1350073862.705581	1.000035	77.243646	64.000259	1.590993	1.191992	0.996486	1.191991	0.996483	1.191992	0.996481	1.191992	0.996476	1.191992	0.996474	1.191991	0.996474	1.153786	0.002498	1.152529	0.000285	
1350073863.705519	1.000000	90.579193	77.267960	2.694931	1.153846	1.000000	1.153846	1.000000	1.153846	1.000000	1.153846	1.000000	1.153846	1.000000	1.153846	1.000000	1.153846	1.000000	1.153846	1.000000	1350073863.705547	0.999966	77.191185	63.962111	1.587868	1.191894	0.996694	1.191894	0.996691	1.191894	0.996689	1.191894	0.996685	1.191894	0.996684	1.191894	0.996681	1.153870	0.002520	1.153697	0.000274	
1350073864.705519	1.000000	90.621353	77.308334	2.697540	1.153846	1.000000	1.153846	1.000000	1.153846	1.000000	1.153846	1.000000	1.153846	1.000000	1.153846	1.000000	1.153846	1.000000	1.153846	1.000000	1350073864.705548	1.000001	77.291232	64.046860	1.587996	1.191926	0.996447	1.191926	0.996444	1.191926	0.996442	1.191926	0.996439	1.191926	0.996435	1.191926	0.996434	1.153764	0.002903	1.153132	0.000318	
1350073865.705519	1.000000	90.612198	77.293442	2.704865	1.153846	1.000000	1.153846	1.000000	1.153846	1.000000	1.153846	1.000000	1.153846	1.000000	1.153846	1.000000	1.153846	1.000000	1.153846	1.000000	1350073865.705556	1.000008	77.340270	64.094405	1.586092	1.190869	0.996915	1.190869	0.996913	1.190869	0.996911	1.190869	0.996907	1.190869	0.996905	1.190869	0.996904	1.153874	0.004432	1.154045	0.003524	
1350073866.705519	1.000000	90.669449	77.351837	2.689758	1.153846	1.000000	1.153846	1.000000	1.153846	1.000000	1.153846	1.000000	1.153846	1.000000	1.153846	1.000000	1.153846	1.000000	1.153846	1.000000	1350073866.705548	0.999992	77.328431	64.082581	1.591428	1.191815	0.996495	1.191815	0.996493	1.191815	0.996490	1.191815	0.996487	1.191815	0.996484	1.191815	0.996481	1.153802	0.002697	1.152212	0.000318	
1350073867.705518	0.999999	90.667536	77.349943	2.698168	1.153846	1.000000	1.153846	1.000000	1.153846	1.000000	1.153846	1.000000	1.153846	1.000000	1.153846	1.000000	1.153846	1.000000	1.153846	1.000000	1350073867.705547	0.999999	77.338636	64.093994	1.591112	1.191965	0.996767	1.191965	0.996765	1.191965	0.996763	1.191965	0.996760	1.191965	0.996758	1.191965	0.996755	1.153857	0.002353	1.155849	0.000243	
1350073868.705518	1.000000	90.682938	77.364288	2.695175	1.153846	1.000000	1.153846	1.000000	1.153846	1.000000	1.153846	1.000000	1.153846	1.000000	1.153846	1.000000	1.153846	1.000000	1.153846	1.000000	1350073868.705547	1.000000	77.289154	64.041107	1.589447	1.191844	0.995934	1.191843	0.995931	1.191844	0.995928	1.191843	0.995926	1.191843	0.995923	1.191844	0.995920	1.153756	0.002803	1.153614	0.002147	
1350073869.705519	1.000001	90.578069	77.272555	2.689695	1.153846	1.000000	1.153846	1.000000	1.153846	1.000000	1.153846	1.000000	1.153846	1.000000	1.153846	1.000000	1.153846	1.000000	1.153846	1.000000	1350073869.705547	1.000000	77.274445	64.031052	1.592865	1.191926	0.996497	1.191926	0.996493	1.191926	0.996493	1.191926	0.996487	1.191926	0.996485	1.191926	0.996482	1.153859	0.003599	1.155436	0.000274	
1350073870.705519	1.000000	90.742096	77.423538	2.695190	1.153846	1.000000	1.153846	1.000000	1.153846	1.000000	1.153846	1.000000	1.153846	1.000000	1.153846	1.000000	1.153846	1.000000	1.153846	1.000000	1350073870.705548	1.000001	76.981448	63.734665	1.584914	1.191893	0.996627	1.191893	0.996622	1.191893	0.996620	1.191893	0.996617	1.191893	0.996616	1.191893	0.996613	1.153751	0.002450	1.151558	0.000293	
1350073871.705542	1.000023	715762542.702972	715745722.893687	715756260.538211	0.999990	1.000217	0.999988	1.000224	0.999998	1.000219	0.999990	1.000218	0.999990	1.000222	0.999993	1.000215	0.999990	1.000221	0.999990	1.000218	1350073871.706522	1.000974	715098470.839660	715120437.275445	715111757.144272	0.999990	1.000218	0.999988	1.000221	3.893007	0.256926	0.999990	1.000219	0.999990	1.000220	0.999993	1.000218	0.999990	1.000221	0.999990	1.000219	
1350073872.705574	1.000032	0.000000	0.000000	0.000000	-nan	-nan	-nan	-nan	0.000000	inf	-nan	-nan	-nan	0.000000	-nan	-nan	-nan	-nan	-nan	-nan	1350073872.705653	0.999131	0.000000	0.000000	0.000000	-nan	-nan	-nan	-nan	0.000000	inf	-nan	-nan	-nan	-nan	-nan	-nan	-nan	-nan	-nan	-nan	
