ts_0	elapsed_0	pkg_0	pp0_0	dram_0	freq_ratio_0_0	c0_ratio_0_0	freq_ratio_0_1	c0_ratio_0_1	freq_ratio_0_2	c0_ratio_0_2	freq_ratio_0_3	c0_ratio_0_3	freq_ratio_0_4	c0_ratio_0_4	freq_ratio_0_5	c0_ratio_0_5	freq_ratio_0_6	c0_ratio_0_6	freq_ratio_0_7	c0_ratio_0_7	ts_1	elapsed_1	pkg_1	pp0_1	dram_1	freq_ratio_1_0	c0_ratio_1_0	freq_ratio_1_1	c0_ratio_1_1	freq_ratio_1_2	c0_ratio_1_2	freq_ratio_1_3	c0_ratio_1_3	freq_ratio_1_4	c0_ratio_1_4	freq_ratio_1_5	c0_ratio_1_5	freq_ratio_1_6	c0_ratio_1_6	freq_ratio_1_7	c0_ratio_1_7	
1349478858.174797	1.000705	55.166216	41.251984	5.677851	1.230879	0.996634	1.230650	0.991984	1.230737	0.991893	1.228238	0.002890	1.194263	0.000185	1.138171	0.000074	1.206233	0.000192	1.170882	0.000102	1349478858.175141	1.000628	56.221941	42.439672	7.242858	1.230743	0.992493	1.230765	0.992117	1.219446	0.001983	1.236305	0.000091	1.013192	0.000098	1.213054	0.000187	1.012590	0.000100	1.230774	0.994460	
1349478859.174796	0.999999	55.307273	41.394388	5.746542	1.230766	0.999957	1.230765	0.999958	1.230766	0.999957	1.231841	0.000203	1.238042	0.000054	1.218187	0.000016	1.226764	0.000142	1.227076	0.000082	1349478859.175134	0.999993	56.778057	42.969276	7.200031	1.230765	0.999956	1.230765	0.999956	1.230766	0.002885	1.230266	0.000011	1.229787	0.000010	1.230871	0.000256	1.230243	0.000012	1.230765	0.999954	
1349478860.174794	0.999998	55.665740	41.717411	5.728130	1.230671	0.998197	1.230716	0.998134	1.230705	0.998150	1.230602	0.003142	1.227305	0.000062	1.239624	0.000067	1.232705	0.000168	1.234087	0.000097	1349478860.175132	0.999998	56.791475	42.970053	7.205107	1.230768	0.998270	1.230763	0.998124	1.230576	0.001972	1.227469	0.000108	1.230849	0.000080	1.230589	0.000222	1.230957	0.000071	1.230829	0.999891	
1349478861.174796	1.000002	55.604050	41.682583	5.754460	1.230763	0.999934	1.230764	0.999935	1.230764	0.999935	1.230270	0.002774	1.226610	0.000012	1.236849	0.000016	1.227288	0.000274	1.234938	0.000039	1349478861.175133	1.000001	56.906058	43.080159	7.219735	1.230765	0.999956	1.230765	0.999956	1.230716	0.002871	1.230750	0.000011	1.230259	0.000012	1.231105	0.000104	1.227910	0.000012	1.230765	0.999955	
1349478862.174795	0.999999	55.589958	41.649683	5.711706	1.230764	0.999934	1.230763	0.999934	1.230763	0.999933	1.230168	0.001042	1.225867	0.000072	1.232091	0.000044	1.230883	0.000185	1.228461	0.000070	1349478862.175133	1.000000	56.968338	43.144409	7.270721	1.230761	0.999912	1.230761	0.999912	1.230140	0.003446	1.224788	0.000067	1.231558	0.000048	1.230380	0.000287	1.231582	0.000050	1.230761	0.999912	
1349478863.174795	1.000000	55.538376	41.594681	5.734665	1.230766	0.998336	1.230765	0.998305	1.230827	0.999933	1.231420	0.000278	1.232146	0.000012	1.226262	0.000014	1.230879	0.000139	1.230778	0.000054	1349478863.175131	0.999998	56.899980	43.097723	7.264754	1.230765	0.998318	1.230765	0.998308	1.230769	0.002812	1.230980	0.000011	1.227505	0.000010	1.230725	0.000109	1.210952	0.000015	1.230827	0.999927	
1349478864.174795	1.000000	55.530365	41.585358	5.730286	1.230665	0.999598	1.230702	0.999542	1.230687	0.999561	1.230697	0.000336	1.225801	0.000071	1.231039	0.000043	1.230686	0.000191	1.231945	0.000104	1349478864.175129	0.999998	56.914736	43.117163	7.312194	1.230769	0.999680	1.230763	0.999486	1.230356	0.002176	1.224513	0.000056	1.230607	0.000048	1.230788	0.000307	1.234335	0.000047	1.230777	0.999889	
1349478865.174795	1.000000	55.557709	41.613373	5.755295	1.230765	0.999948	1.230765	0.999955	1.230765	0.999955	1.229005	0.000242	1.229288	0.000012	1.218774	0.000014	1.230737	0.000156	1.228910	0.000063	1349478865.175128	0.999999	56.982293	43.185435	7.178123	1.230765	0.999953	1.230765	0.999946	1.230749	0.002816	1.228843	0.000011	1.230692	0.000011	1.230744	0.002082	1.236190	0.000014	1.230765	0.999955	
1349478866.174799	1.000004	715800957.533396	715801313.760560	715784764.725477	0.999996	1.000170	0.999993	1.000172	0.999996	1.000177	0.999996	1.000170	0.999996	1.000172	0.999999	1.000167	0.999996	1.000172	0.999996	1.000170	1349478866.174888	0.999760	715983244.846666	715958787.566652	715939560.120045	0.999996	1.000170	0.999993	1.000172	3.892615	0.256941	0.999996	1.000170	0.999996	1.000172	0.999999	1.000167	0.999996	1.000172	0.999996	1.000169	
1349478867.174793	0.999994	0.000000	0.000000	0.000000	-nan	-nan	-nan	-nan	0.000000	inf	-nan	-nan	-nan	0.000000	-nan	-nan	-nan	-nan	-nan	-nan	1349478867.174851	0.999963	0.000000	0.000000	0.000000	-nan	-nan	-nan	-nan	0.000000	inf	-nan	-nan	-nan	-nan	-nan	-nan	-nan	-nan	-nan	-nan	
