ts_0	elapsed_0	pkg_0	pp0_0	dram_0	freq_ratio_0_0	c0_ratio_0_0	freq_ratio_0_1	c0_ratio_0_1	freq_ratio_0_2	c0_ratio_0_2	freq_ratio_0_3	c0_ratio_0_3	freq_ratio_0_4	c0_ratio_0_4	freq_ratio_0_5	c0_ratio_0_5	freq_ratio_0_6	c0_ratio_0_6	freq_ratio_0_7	c0_ratio_0_7	ts_1	elapsed_1	pkg_1	pp0_1	dram_1	freq_ratio_1_0	c0_ratio_1_0	freq_ratio_1_1	c0_ratio_1_1	freq_ratio_1_2	c0_ratio_1_2	freq_ratio_1_3	c0_ratio_1_3	freq_ratio_1_4	c0_ratio_1_4	freq_ratio_1_5	c0_ratio_1_5	freq_ratio_1_6	c0_ratio_1_6	freq_ratio_1_7	c0_ratio_1_7	
1350062638.814035	1.000164	70.623837	57.392990	6.094475	1.000000	1.000000	0.999998	0.624820	1.000000	1.000000	1.000000	1.000000	1.000000	1.000000	1.000000	1.000000	1.000000	1.000000	1.000000	1.000000	1350062638.814098	1.000179	63.929776	50.796508	3.548864	1.000000	1.000000	1.000000	1.000000	1.000000	1.000000	1.000000	1.000000	1.000000	1.000000	1.000000	1.000000	1.000002	0.381480	0.999897	0.007419	
1350062639.814025	0.999990	66.763349	53.532976	6.102966	1.000000	1.000000	1.000041	0.003872	1.000000	1.000000	1.000000	1.000000	1.000000	1.000000	1.000000	1.000000	1.000000	1.000000	1.000000	1.000000	1350062639.814083	0.999985	67.931715	54.781218	3.959319	1.000000	1.000000	1.000000	1.000000	1.000000	1.000000	1.000000	1.000000	1.000000	1.000000	1.000000	1.000000	1.000000	1.000000	0.999951	0.001861	
1350062640.814024	0.999999	66.744204	53.523214	6.127569	1.000000	1.000000	0.999992	0.003688	1.000000	1.000000	1.000000	1.000000	1.000000	1.000000	1.000000	1.000000	1.000000	1.000000	1.000000	1.000000	1350062640.814083	1.000000	68.141937	54.984451	4.080444	1.000000	1.000000	1.000000	1.000000	1.000000	1.000000	1.000000	1.000000	1.000000	1.000000	1.000000	1.000000	1.000000	1.000000	1.000080	0.003565	
1350062641.814025	1.000001	66.834760	53.630762	6.096735	1.000000	1.000000	1.000000	0.004206	1.000000	1.000000	1.000000	1.000000	1.000000	1.000000	1.000000	1.000000	1.000000	1.000000	1.000000	1.000000	1350062641.814083	1.000000	67.972366	54.821304	4.511734	1.000000	1.000000	1.000000	1.000000	1.000000	1.000000	1.000000	1.000000	1.000000	1.000000	1.000000	1.000000	1.000000	1.000000	0.999984	0.003894	
1350062642.814025	1.000000	66.637451	53.439072	6.127563	1.000000	1.000000	0.999972	0.001464	1.000000	1.000000	1.000000	1.000000	1.000000	1.000000	1.000000	1.000000	1.000000	1.000000	1.000000	1.000000	1350062642.814084	1.000001	68.027462	54.860726	3.432828	1.000000	0.999995	1.000000	1.000000	1.000000	1.000000	1.000000	1.000000	1.000000	1.000000	1.000000	1.000000	1.000000	1.000000	0.999983	0.004206	
1350062643.814025	1.000000	66.700363	53.501617	6.139801	1.000000	1.000000	0.999961	0.003988	1.000000	1.000000	1.000000	1.000000	1.000000	1.000000	1.000000	1.000000	1.000000	1.000000	1.000000	1.000000	1350062643.814083	0.999999	68.120625	54.952781	3.778202	1.000000	1.000005	1.000000	1.000000	1.000000	1.000000	1.000000	1.000000	1.000000	1.000000	1.000000	1.000000	1.000000	0.999999	0.999994	0.006065	
1350062644.814024	0.999999	66.666125	53.464193	6.115240	1.000000	1.000000	0.999978	0.001416	1.000000	1.000000	1.000000	1.000000	1.000000	1.000000	1.000000	1.000000	1.000000	1.000000	1.000000	1.000000	1350062644.814080	0.999997	67.825772	54.657945	3.141627	1.000000	1.000000	1.000000	1.000000	1.000000	1.000000	1.000000	1.000000	1.000000	1.000000	1.000000	1.000000	1.000000	1.000000	1.000022	0.003031	
1350062645.814025	1.000001	66.807569	53.617319	6.072077	1.000000	1.000000	1.000047	0.003844	1.000000	1.000000	1.000000	1.000000	1.000000	1.000000	1.000000	1.000000	1.000000	1.000000	1.000000	1.000000	1350062645.814081	1.000001	67.683743	54.518564	3.813748	1.000000	0.999999	1.000000	1.000000	1.000000	1.000000	1.000000	1.000000	1.000000	1.000000	1.000000	1.000000	1.000000	1.000000	0.999997	0.001700	
1350062646.814025	1.000000	66.959229	53.755508	6.102905	1.000000	1.000000	0.999995	0.005114	1.000000	1.000000	1.000000	1.000000	1.000000	1.000000	1.000000	1.000000	1.000000	1.000000	1.000000	1.000000	1350062646.814082	1.000001	67.751187	54.593439	4.539272	1.000000	1.000001	1.000000	1.000000	1.000000	1.000000	1.000000	1.000000	1.000000	1.000000	1.000000	1.000000	1.000000	1.000000	1.000051	0.002439	
1350062647.814025	1.000000	66.737503	53.534454	6.121399	1.000000	1.000000	0.999971	0.001484	1.000000	1.000000	1.000000	1.000000	1.000000	1.000000	1.000000	1.000000	1.000000	1.000000	1.000000	1.000000	1350062647.814084	1.000002	68.027824	54.878191	3.790093	1.000000	1.000000	1.000000	1.000000	1.000000	1.000000	1.000000	1.000000	1.000000	1.000000	1.000000	1.000000	1.000000	1.000000	0.999958	0.005275	
1350062648.814025	1.000000	66.944031	53.740158	6.102905	1.000000	1.000000	0.999995	0.004064	1.000000	1.000000	1.000000	1.000000	1.000000	1.000000	1.000000	1.000000	1.000000	1.000000	1.000000	1.000000	1350062648.814082	0.999998	67.847770	54.703184	4.135948	1.000000	1.000000	1.000000	1.000000	1.000000	1.000000	1.000000	1.000000	1.000000	1.000000	1.000000	1.000000	1.000000	1.000000	1.000013	0.003313	
1350062649.814025	1.000000	66.930832	53.727280	6.115128	1.000000	1.000000	1.000101	0.004429	1.000000	1.000000	1.000000	1.000000	1.000000	1.000000	1.000000	1.000000	1.000000	1.000000	1.000000	1.000000	1350062649.814061	0.999979	67.869115	54.722233	4.384263	1.000000	1.000000	1.000000	1.000000	1.000000	1.000000	1.000000	1.000000	1.000000	1.000000	1.000000	1.000000	1.000000	1.000000	1.000037	0.003425	
1350062650.814025	1.000000	66.879013	53.675232	6.102905	1.000000	1.000000	0.999852	0.003118	1.000000	1.000000	1.000000	1.000000	1.000000	1.000000	1.000000	1.000000	1.000000	1.000000	1.000000	1.000000	1350062650.814082	1.000021	67.726011	54.583648	3.338126	1.000000	1.000000	1.000000	1.000000	1.000000	1.000000	1.000000	1.000000	1.000000	1.000000	1.000000	1.000000	1.000000	1.000000	0.999990	0.001824	
1350062651.814025	1.000000	66.950424	53.745758	6.127563	1.000000	1.000000	1.000231	0.003378	1.000000	1.000000	1.000000	1.000000	1.000000	1.000000	1.000000	1.000000	1.000000	1.000000	1.000000	1.000000	1350062651.814060	0.999978	67.695302	54.569099	3.573794	1.000000	1.000000	1.000000	1.000000	1.000000	1.000000	1.000000	1.000000	1.000000	1.000000	1.000000	1.000000	1.000000	1.000000	0.999901	0.001521	
1350062652.814024	0.999999	67.110416	53.905325	6.121405	1.000000	1.000000	0.999843	0.006087	1.000000	1.000000	1.000000	1.000000	1.000000	1.000000	1.000000	1.000000	1.000000	1.000000	1.000000	1.000000	1350062652.814083	1.000023	67.767355	54.629655	4.770551	1.000000	1.000000	1.000000	1.000000	1.000000	1.000000	1.000000	1.000000	1.000000	1.000000	1.000000	1.000000	1.000000	1.000000	1.000061	0.001611	
1350062653.814025	1.000001	66.868283	53.677485	6.109064	1.000000	1.000000	1.000017	0.005181	1.000000	1.000000	1.000000	1.000000	1.000000	1.000000	1.000000	1.000000	1.000000	1.000000	1.000000	1.000000	1350062653.814082	0.999999	67.966831	54.829429	4.101765	1.000000	1.000000	1.000000	1.000000	1.000000	1.000000	1.000000	1.000000	1.000000	1.000000	1.000000	1.000000	1.000000	1.000000	0.999956	0.004174	
1350062654.814025	1.000000	66.475555	53.259247	6.109070	1.000000	1.000000	0.999998	0.001510	1.000000	1.000000	1.000000	1.000000	1.000000	1.000000	1.000000	1.000000	1.000000	1.000000	1.000000	1.000000	1350062654.814083	1.000001	67.452572	54.316675	3.180005	1.000000	1.000000	1.000000	1.000000	1.000000	1.000000	1.000000	1.000000	1.000000	1.000000	1.000000	1.000000	1.000000	1.000000	1.000045	0.002764	
1350062655.814025	1.000000	66.796616	53.606094	6.121399	1.000000	1.000000	0.999962	0.001480	1.000000	1.000000	1.000000	1.000000	1.000000	1.000000	1.000000	1.000000	1.000000	1.000000	1.000000	1.000000	1350062655.814084	1.000001	67.891491	54.758493	3.225659	1.000000	1.000000	1.000000	1.000000	1.000000	1.000000	1.000000	1.000000	1.000000	1.000000	1.000000	1.000000	1.000000	1.000000	0.999947	0.003280	
1350062656.814025	1.000000	66.872711	53.668472	6.121277	1.000000	1.000000	1.000000	0.001479	1.000000	1.000000	1.000000	1.000000	1.000000	1.000000	1.000000	1.000000	1.000000	1.000000	1.000000	1.000000	1350062656.814085	1.000001	67.934002	54.801721	3.281140	1.000000	1.000000	1.000000	1.000000	1.000000	1.000000	1.000000	1.000000	1.000000	1.000000	1.000000	1.000000	1.000000	1.000000	0.999938	0.003471	
1350062657.814025	1.000000	67.047409	53.842178	6.096741	1.000000	1.000000	0.999975	0.003734	1.000000	1.000000	1.000000	1.000000	1.000000	1.000000	1.000000	1.000000	1.000000	1.000000	1.000000	1.000000	1350062657.814126	1.000041	67.893670	54.761060	4.203502	1.000000	1.000000	1.000000	1.000000	1.000000	1.000000	1.000000	1.000000	1.000000	1.000000	1.000000	1.000000	1.000000	1.000000	1.000071	0.003423	
1350062658.814025	1.000000	67.020096	53.814514	6.121399	1.000000	1.000000	0.999999	0.003132	1.000000	1.000000	1.000000	1.000000	1.000000	1.000000	1.000000	1.000000	1.000000	1.000000	1.000000	1.000000	1350062658.814080	0.999954	67.865580	54.731629	3.475868	0.999994	1.000000	1.000000	1.000000	1.000000	1.000000	1.000000	1.000000	1.000000	1.000000	1.000000	1.000000	1.000000	1.000000	1.000039	0.002286	
1350062659.814025	1.000000	66.853348	53.644791	6.096741	1.000000	1.000000	0.999885	0.001455	1.000000	1.000000	1.000000	1.000000	1.000000	1.000000	1.000000	1.000000	1.000000	1.000000	1.000000	1.000000	1350062659.814082	1.000002	67.792412	54.659381	2.878626	1.000006	1.000000	1.000000	1.000000	1.000000	1.000000	1.000000	1.000000	1.000000	1.000000	1.000000	1.000000	1.000000	1.000000	1.000001	0.001812	
1350062660.814025	1.000000	66.894363	53.687469	6.121399	1.000000	1.000000	1.000086	0.001516	1.000000	1.000000	1.000000	1.000000	1.000000	1.000000	1.000000	1.000000	1.000000	1.000000	1.000000	1.000000	1350062660.814080	0.999998	67.855949	54.722654	2.957647	1.000000	1.000000	1.000000	1.000000	1.000000	1.000000	1.000000	1.000000	1.000000	1.000000	1.000000	1.000000	1.000000	0.999999	0.999992	0.002386	
1350062661.814025	1.000000	67.078094	53.871933	6.127563	1.000000	1.000000	0.999993	0.003788	1.000000	1.000000	1.000000	1.000000	1.000000	1.000000	1.000000	1.000000	1.000000	1.000000	1.000000	1.000000	1350062661.814080	1.000000	67.760605	54.623810	3.643066	1.000000	1.000000	1.000000	1.000000	1.000000	1.000000	1.000000	1.000000	1.000000	1.000000	1.000000	1.000000	1.000000	1.000001	0.999979	0.001624	
1350062662.814025	1.000000	67.229553	54.023361	6.115204	1.000000	1.000000	0.999967	0.006059	1.000000	1.000000	1.000000	1.000000	1.000000	1.000000	1.000000	1.000000	1.000000	1.000000	1.000000	1.000000	1350062662.814082	1.000002	67.693749	54.570971	4.626731	1.000000	1.000000	1.000000	1.000000	1.000000	1.000000	1.000000	1.000000	1.000000	1.000000	1.000000	1.000000	1.000000	1.000000	0.999959	0.001504	
1350062663.814025	1.000000	67.042542	53.832443	6.108078	1.000000	1.000000	1.000015	0.009108	1.000000	1.000000	1.000000	1.000000	1.000000	1.000000	1.000000	1.000000	1.000000	1.000000	1.000000	1.000000	1350062663.814084	1.000002	67.871559	54.734713	3.196542	1.000000	1.000000	1.000000	1.000000	1.000000	1.000000	1.000000	1.000000	1.000000	1.000000	1.000000	1.000000	1.000000	1.000000	0.999977	0.005634	
1350062664.814024	0.999999	67.140338	53.932974	6.115240	1.000000	1.000000	0.999994	0.003445	1.000000	1.000000	1.000000	1.000000	1.000000	1.000000	1.000000	1.000000	1.000000	1.000000	1.000000	1.000000	1350062664.814080	0.999996	67.805344	54.672722	3.485549	1.000000	1.000000	1.000000	1.000000	1.000000	1.000000	1.000000	1.000000	1.000000	1.000000	1.000000	1.000000	1.000000	1.000000	1.000432	0.001625	
1350062665.814025	1.000001	67.317334	54.109842	6.115229	1.000000	1.000000	0.999993	0.006352	1.000000	1.000000	1.000000	1.000000	1.000000	1.000000	1.000000	1.000000	1.000000	1.000000	1.000000	1.000000	1350062665.814085	1.000005	67.821606	54.686768	4.883780	0.999994	1.000000	1.000000	1.000000	1.000000	1.000000	1.000000	1.000000	1.000000	1.000000	1.000000	1.000000	1.000000	1.000000	0.999569	0.001536	
1350062666.814024	0.999999	67.247821	54.041281	6.127569	1.000000	1.000000	0.999999	0.005553	1.000000	1.000000	1.000000	1.000000	1.000000	1.000000	1.000000	1.000000	1.000000	1.000000	1.000000	1.000000	1350062666.814082	0.999997	67.829770	54.694139	4.543334	1.000006	1.000000	1.000000	1.000000	1.000000	1.000000	1.000000	1.000000	1.000000	1.000000	1.000000	1.000000	1.000000	1.000000	1.000032	0.001775	
1350062667.814025	1.000001	66.992902	53.786783	6.115229	1.000000	1.000000	0.999987	0.002313	1.000000	1.000000	1.000000	1.000000	1.000000	1.000000	1.000000	1.000000	1.000000	1.000000	1.000000	1.000000	1350062667.814081	0.999999	68.095844	54.957984	3.963337	1.000000	1.000000	1.000000	1.000000	1.000000	1.000000	1.000000	1.000000	1.000000	1.000000	1.000000	1.000000	1.000000	1.000000	0.999960	0.004651	
1350062668.814024	0.999999	67.096011	53.901861	6.127569	1.000000	1.000000	0.999999	0.004662	1.000000	1.000000	1.000000	1.000000	1.000000	1.000000	1.000000	1.000000	1.000000	1.000000	1.000000	1.000000	1350062668.814080	0.999999	67.918568	54.781714	4.402562	1.000000	1.000000	1.000000	1.000000	1.000000	1.000000	1.000000	1.000000	1.000000	1.000000	1.000000	1.000000	1.000000	1.000000	0.999991	0.002968	
1350062669.814025	1.000001	66.921308	53.712900	6.090570	1.000000	1.000000	0.999943	0.001472	1.000000	1.000000	1.000000	1.000000	1.000000	1.000000	1.000000	1.000000	1.000000	1.000000	1.000000	1.000000	1350062669.814083	1.000003	68.143572	55.007062	3.769275	1.000000	1.000000	1.000000	1.000000	1.000000	1.000000	1.000000	1.000000	1.000000	1.000000	1.000000	1.000000	1.000000	1.000000	0.999952	0.005273	
1350062670.814026	1.000001	715760243.048902	715812712.924842	715778761.508933	0.999990	1.000216	0.999988	1.000220	0.999998	1.000217	0.999990	1.000217	0.999990	1.000219	0.999993	1.000214	0.999990	1.000220	0.999990	1.000217	1350062670.814123	1.000040	715770593.132477	715764017.337059	715775373.790219	0.999990	1.000217	0.999988	1.000219	3.893016	0.256925	0.999990	1.000218	0.999990	1.000219	0.999993	1.000215	0.999990	1.000219	0.999990	1.000217	
1350062671.814054	1.000028	0.000000	0.000000	0.000000	-nan	-nan	-nan	-nan	0.000000	inf	-nan	-nan	-nan	0.000000	0.000000	inf	-nan	-nan	-nan	-nan	1350062671.814142	1.000019	0.000000	0.000000	0.000000	-nan	-nan	-nan	-nan	0.000000	inf	-nan	-nan	-nan	-nan	-nan	-nan	-nan	-nan	-nan	-nan	
