ts_0	elapsed_0	pkg_0	pp0_0	dram_0	freq_ratio_0_0	c0_ratio_0_0	freq_ratio_0_1	c0_ratio_0_1	freq_ratio_0_2	c0_ratio_0_2	freq_ratio_0_3	c0_ratio_0_3	freq_ratio_0_4	c0_ratio_0_4	freq_ratio_0_5	c0_ratio_0_5	freq_ratio_0_6	c0_ratio_0_6	freq_ratio_0_7	c0_ratio_0_7	ts_1	elapsed_1	pkg_1	pp0_1	dram_1	freq_ratio_1_0	c0_ratio_1_0	freq_ratio_1_1	c0_ratio_1_1	freq_ratio_1_2	c0_ratio_1_2	freq_ratio_1_3	c0_ratio_1_3	freq_ratio_1_4	c0_ratio_1_4	freq_ratio_1_5	c0_ratio_1_5	freq_ratio_1_6	c0_ratio_1_6	freq_ratio_1_7	c0_ratio_1_7	
1350067738.151622	1.000459	29.440773	16.354677	6.124691	1.000000	1.000000	1.000105	0.000821	1.000488	0.000102	1.006178	0.000007	1.004458	0.000006	1.001949	0.000007	1.003302	0.000006	0.998556	0.000007	1350067738.151838	1.000465	29.386896	16.205006	1.887276	1.000000	1.000000	0.999404	0.000399	0.973249	0.000008	0.995830	0.000058	0.997016	0.000058	0.977976	0.000009	0.979333	0.000009	0.999390	0.000282	
1350067739.151607	0.999985	29.430511	16.349367	6.127610	1.000000	1.000000	0.999648	0.000403	0.999947	0.000044	1.000007	0.000105	1.000008	0.000101	0.999920	0.000068	0.999757	0.000075	1.000305	0.000085	1350067739.151816	0.999978	29.370487	16.201176	1.776955	1.000000	1.000000	1.001930	0.000405	1.002158	0.000101	1.002492	0.000089	1.002435	0.000076	1.002547	0.000071	1.002815	0.000061	1.000320	0.000598	
1350067740.151613	1.000006	29.551475	16.472604	6.102793	1.000000	1.000000	1.000005	0.004317	1.000040	0.000068	0.995297	0.000007	0.999874	0.000006	0.999433	0.000006	1.000062	0.000006	0.999620	0.000006	1350067740.151818	1.000002	29.397237	16.211547	2.788172	1.000000	1.000000	0.998856	0.000336	1.007217	0.000027	1.006870	0.000029	1.003746	0.000054	1.028026	0.000008	1.028253	0.000008	1.000461	0.000179	
1350067741.151607	0.999994	29.513405	16.433066	6.127447	1.000000	1.000000	1.000221	0.004895	0.998245	0.000030	0.993519	0.000073	0.993347	0.000081	0.989031	0.000052	0.988790	0.000050	0.994126	0.000101	1350067741.151810	0.999992	29.412668	16.223932	3.139872	1.000000	1.000000	0.999462	0.000371	0.998114	0.000103	0.997411	0.000078	0.997305	0.000105	0.996599	0.000072	0.997184	0.000089	0.999563	0.000328	
1350067742.151606	0.999999	29.398527	16.330933	6.115240	1.000000	1.000000	0.997152	0.000353	0.990972	0.000054	0.998819	0.000007	1.001564	0.000007	1.004800	0.000007	1.008095	0.000007	1.008130	0.000007	1350067742.151807	0.999997	29.413604	16.225026	2.718026	1.000000	1.000000	1.000037	0.000352	0.975665	0.000008	0.977802	0.000008	0.996862	0.000037	0.984122	0.000008	0.982289	0.000009	1.000129	0.000431	
1350067743.151613	1.000007	29.493937	16.415765	6.115101	1.000000	1.000000	0.999937	0.000676	1.017060	0.000031	1.005802	0.000088	1.006697	0.000080	1.007980	0.000066	1.006278	0.000080	1.006929	0.000073	1350067743.151836	1.000029	29.425856	16.235581	2.729214	1.000000	1.000000	1.000002	0.000390	1.000922	0.000103	0.999768	0.000114	0.993418	0.000074	0.990425	0.000050	0.992957	0.000066	0.999968	0.000404	
1350067744.151606	0.999993	29.472631	16.394248	6.102932	1.000000	1.000000	1.000074	0.000339	1.000101	0.000054	0.998410	0.000007	0.999244	0.000006	0.999837	0.000007	1.001439	0.000006	1.003084	0.000007	1350067744.151813	0.999977	29.422381	16.231985	2.712785	1.000000	1.000000	0.999972	0.000356	1.014599	0.000008	1.027478	0.000008	1.007084	0.000084	1.012223	0.000036	1.012264	0.000037	0.998712	0.000601	
1350067745.151607	1.000001	29.520510	16.443359	6.139841	1.000000	1.000000	0.999932	0.000377	0.999703	0.000027	1.000070	0.000104	1.000096	0.000064	0.999953	0.000049	0.999637	0.000049	1.000111	0.000164	1350067745.151818	1.000005	29.421148	16.230937	2.712343	1.000000	1.000000	0.999996	0.000420	0.998635	0.000082	0.996891	0.000074	0.999526	0.000074	1.000140	0.000066	0.999982	0.000065	1.002356	0.000315	
1350067746.151606	0.999999	29.441190	16.360337	6.108999	1.000000	1.000000	0.999948	0.000561	1.000167	0.000049	0.995122	0.000007	0.996709	0.000007	1.000546	0.000007	1.002895	0.000006	0.993669	0.000007	1350067746.151820	1.000002	29.400716	16.209686	2.712870	1.000000	1.000000	0.999953	0.000302	1.012209	0.000008	1.027529	0.000008	1.001798	0.000056	1.021652	0.000008	1.020304	0.000009	0.999973	0.000421	
1350067747.151607	1.000001	29.471072	16.391449	6.121256	1.000000	1.000000	1.000075	0.000641	0.999389	0.000017	1.000454	0.000066	1.000339	0.000061	0.999948	0.000052	0.999757	0.000059	1.000528	0.000055	1350067747.151816	0.999996	29.419293	16.230611	2.734630	1.000000	1.000000	1.000011	0.000597	1.000135	0.000077	1.000106	0.000062	1.000785	0.000045	0.999969	0.000049	1.000143	0.000065	1.000020	0.000475	
1350067748.151606	0.999999	29.544721	16.471329	6.121298	1.000000	1.000000	0.999795	0.000617	1.000313	0.000052	0.992093	0.000007	0.992204	0.000007	0.998816	0.000007	1.000185	0.000006	0.993485	0.000006	1350067748.151818	1.000002	29.389425	16.216384	2.702006	1.000000	1.000000	1.001618	0.000336	0.995925	0.000008	0.984139	0.000008	0.999170	0.000051	0.997280	0.000008	0.997745	0.000008	0.999970	0.000640	
1350067749.151606	1.000000	29.522858	16.448212	6.121353	1.000000	1.000000	0.999949	0.000370	0.998131	0.000016	1.000650	0.000061	1.000867	0.000061	1.000039	0.000050	1.000309	0.000049	1.000404	0.000067	1350067749.151817	0.999999	29.419507	16.233795	2.720797	1.000000	1.000000	0.998593	0.000386	1.000362	0.000080	1.001683	0.000079	1.000439	0.000063	0.998923	0.000057	0.997599	0.000071	0.999677	0.000654	
1350067750.151613	1.000007	29.507563	16.432580	6.127475	1.000000	1.000000	0.999920	0.000316	1.000186	0.000052	1.001369	0.000007	0.996485	0.000006	1.001580	0.000006	0.992784	0.000006	0.994290	0.000007	1350067750.151828	1.000011	29.403944	16.217474	2.709809	1.000000	1.000000	0.999913	0.000315	0.999377	0.000008	0.998762	0.000008	0.999497	0.000051	1.009370	0.000008	1.020462	0.000009	1.000562	0.000293	
1350067751.151607	0.999994	29.489739	16.412421	6.109060	1.000000	1.000000	0.999998	0.002248	1.000729	0.000017	0.999962	0.000082	1.000253	0.000061	0.999803	0.000051	1.000506	0.000052	1.001100	0.000056	1350067751.151811	0.999983	29.424784	16.238251	2.731049	1.000000	1.000000	0.999990	0.000387	0.997504	0.000086	0.997346	0.000074	0.996151	0.000058	0.996296	0.000062	0.996265	0.000065	0.999855	0.000374	
1350067752.151606	0.999999	29.465848	16.402787	6.115118	1.000000	1.000000	1.000496	0.000294	0.999715	0.000050	0.999945	0.000007	1.001517	0.000006	1.000377	0.000006	1.001575	0.000006	0.998528	0.000006	1350067752.151800	0.999989	29.413256	16.227915	2.717971	0.999998	1.000000	1.000275	0.000364	1.024861	0.000008	1.022740	0.000008	1.008105	0.000052	1.025993	0.000008	1.026998	0.000009	1.000070	0.000454	
1350067753.151607	1.000001	29.469943	16.392410	6.102899	1.000000	1.000000	1.000805	0.000663	0.999904	0.000016	0.991457	0.000061	0.991183	0.000060	0.989418	0.000049	0.989384	0.000049	0.990116	0.000058	1350067753.151823	1.000023	29.419950	16.235148	2.713866	1.000002	1.000000	0.999422	0.000352	0.997369	0.000079	0.997338	0.000080	0.993509	0.000064	0.997095	0.000065	0.997096	0.000064	0.999917	0.000329	
1350067754.151607	1.000000	29.478912	16.401459	6.127411	1.000000	1.000000	0.999134	0.000602	0.993554	0.000086	0.999034	0.000014	1.000508	0.000014	1.000338	0.000014	1.001103	0.000014	1.001501	0.000014	1350067754.151816	0.999993	29.428121	16.241247	2.705433	1.000000	1.000000	0.999677	0.000351	0.999768	0.000042	0.999419	0.000017	1.003747	0.000064	1.012932	0.000017	1.011868	0.000017	1.000028	0.000847	
1350067755.151607	1.000000	29.458878	16.381561	6.121307	1.000000	1.000000	0.999504	0.000334	1.018742	0.000029	1.007160	0.000074	1.007114	0.000073	1.007952	0.000065	1.007416	0.000067	1.007372	0.000069	1350067755.151824	1.000008	29.418722	16.234945	2.721185	1.000000	1.000000	1.000467	0.000378	1.002103	0.000109	1.002343	0.000102	0.990566	0.000057	0.990580	0.000057	0.991842	0.000065	0.999779	0.000376	
1350067756.151606	0.999999	29.443052	16.366455	6.121267	1.000000	1.000000	1.000034	0.000314	1.000096	0.000056	0.995313	0.000007	0.996605	0.000007	1.001147	0.000007	0.995638	0.000006	1.003726	0.000007	1350067756.151816	0.999992	29.410440	16.227045	2.707313	1.000000	1.000000	0.999702	0.000287	0.974661	0.000008	0.972795	0.000008	1.004024	0.000084	1.008665	0.000036	1.014262	0.000036	0.998940	0.000451	
1350067757.151607	1.000001	29.452059	16.374725	6.127527	1.000000	1.000000	1.000393	0.000310	0.999618	0.000016	1.000392	0.000078	1.000512	0.000057	0.999851	0.000049	1.000550	0.000048	0.989495	0.000056	1350067757.151838	1.000022	29.384365	16.213389	2.716798	1.000000	1.000000	1.000176	0.000382	1.002410	0.000076	1.003196	0.000071	1.003251	0.000057	1.003296	0.000065	1.000211	0.000064	1.001992	0.000279	
1350067758.151606	0.999999	29.494733	16.418564	6.102865	1.000000	1.000000	0.999728	0.000597	0.999965	0.000056	0.996435	0.000007	0.993816	0.000006	0.998064	0.000007	0.997104	0.000006	1.080125	0.000007	1350067758.151816	0.999978	29.410878	16.226079	2.707213	1.000000	1.000000	1.001805	0.000330	1.000992	0.000008	0.996359	0.000008	1.000146	0.000050	0.997217	0.000008	0.998735	0.000008	0.999886	0.000332	
1350067759.151607	1.000001	29.494372	16.418747	6.121302	1.000000	1.000000	1.000052	0.000311	0.999638	0.000015	1.000179	0.000063	1.000531	0.000059	1.000268	0.000052	1.000283	0.000052	0.999850	0.000052	1350067759.151816	1.000000	29.415558	16.229950	2.706314	1.000000	1.000000	0.998011	0.000391	0.998591	0.000149	0.999947	0.000073	0.999566	0.000063	1.000044	0.000062	0.999879	0.000070	0.999970	0.000601	
1350067760.151606	0.999999	29.496870	16.422699	6.121267	1.000000	1.000000	0.999923	0.000299	1.000038	0.000051	1.001593	0.000007	1.000761	0.000006	0.998203	0.000007	0.999625	0.000006	0.998610	0.000006	1350067760.151815	0.999999	29.412259	16.228577	2.715152	1.000000	1.000000	1.000645	0.000317	1.027204	0.000008	1.002436	0.000008	1.000559	0.000050	1.003683	0.000008	1.002771	0.000008	1.000046	0.000422	
1350067761.151607	1.000001	35.944744	22.868569	6.113779	1.000000	1.000000	1.000033	0.005478	1.000000	0.002710	0.999995	0.002641	0.999995	0.002750	0.999997	0.002605	1.000064	0.004161	1.000002	0.002625	1350067761.151813	0.999998	35.238989	22.051067	3.061468	1.000000	1.000000	0.999911	0.003168	1.000000	0.002829	0.999993	0.002819	0.999967	0.002674	0.999974	0.002828	0.999979	0.002555	0.999983	0.004042	
1350067762.151606	0.999999	30.885024	17.823458	6.102911	1.000000	1.000000	1.000136	0.000334	1.000031	0.000050	0.996880	0.000007	0.998192	0.000007	1.000217	0.000007	1.000000	0.006424	1.000000	0.000006	1350067762.151804	0.999991	29.406669	16.221003	4.976135	1.000000	1.000000	1.000424	0.000279	0.986925	0.000008	0.974210	0.000008	0.996668	0.000036	0.981086	0.000009	0.981082	0.000009	0.998866	0.000124	
1350067763.151606	1.000000	30.103912	17.028458	6.121368	1.000000	1.000000	0.999842	0.000597	0.998167	0.000016	1.000104	0.000081	1.000286	0.000062	0.999947	0.000051	0.999907	0.004920	1.000037	0.000052	1350067763.151810	1.000006	29.409432	16.226985	4.051459	1.000000	1.000000	0.999851	0.000337	0.998641	0.000084	1.000019	0.000083	1.000012	0.000066	1.002077	0.000071	1.002750	0.000067	1.000986	0.000218	
1350067764.151606	1.000000	29.506104	16.430557	6.127533	1.000000	1.000000	0.999970	0.000329	1.000498	0.000050	0.998169	0.000006	0.996613	0.000006	1.000314	0.000006	0.993758	0.000006	0.995814	0.000006	1350067764.151813	1.000003	29.411484	16.230891	2.712745	1.000000	1.000000	1.000536	0.000376	1.002384	0.000087	1.026482	0.000008	1.003945	0.000050	1.008934	0.000008	1.002399	0.000008	0.999771	0.000495	
1350067765.151607	1.000001	29.538256	16.465515	6.096628	1.000000	1.000000	0.999955	0.000708	0.996796	0.000016	0.991422	0.000061	0.991696	0.000065	0.989170	0.000050	0.989871	0.000049	0.991148	0.000059	1350067765.151812	0.999999	29.396482	16.226151	2.702807	1.000000	1.000000	0.999828	0.000471	1.000028	0.000110	0.999887	0.000075	0.999639	0.000057	0.999751	0.000066	0.999653	0.000064	1.000174	0.000462	
1350067766.151607	1.000000	29.517227	16.444489	6.115097	1.000000	1.000000	1.000168	0.000294	0.991679	0.000061	1.003876	0.000007	1.005785	0.000007	1.001151	0.000007	1.002011	0.000007	1.002185	0.000007	1350067766.151811	0.999999	29.418882	16.234955	2.709735	1.000000	1.000000	1.000008	0.000350	0.999820	0.000009	0.998814	0.000008	1.000274	0.000051	0.999483	0.000008	1.004444	0.000008	0.999938	0.000696	
1350067767.151607	1.000000	29.506439	16.434692	6.115219	1.000000	1.000000	0.999956	0.000326	1.018520	0.000029	1.006883	0.000075	1.007136	0.000074	1.008027	0.000066	1.007077	0.000073	1.007707	0.000067	1350067767.151807	0.999996	29.405011	16.220693	2.718303	1.000000	1.000000	0.999959	0.000416	1.000076	0.000111	1.000164	0.000110	0.991062	0.000058	0.992695	0.000070	0.991977	0.000066	1.000034	0.000380	
1350067768.151606	0.999999	29.501340	16.428910	6.115149	1.000000	1.000000	0.999969	0.000628	1.000308	0.000051	0.992166	0.000007	0.992753	0.000006	0.999316	0.000006	1.001293	0.000006	1.000811	0.000006	1350067768.151811	1.000004	29.413074	16.226863	2.715489	1.000000	1.000000	1.001932	0.000345	0.998297	0.000008	0.987212	0.000008	1.004164	0.000078	1.007927	0.000043	1.007674	0.000043	0.999592	0.000494	
1350067769.151607	1.000001	29.493990	16.421432	6.121317	1.000000	1.000000	0.999950	0.000334	0.998835	0.000016	1.000631	0.000083	1.000721	0.000059	1.000092	0.000050	0.999790	0.000050	0.999900	0.000054	1350067769.151816	1.000005	29.424245	16.238414	2.719103	1.000000	1.000000	0.997936	0.000379	0.998366	0.000122	0.996949	0.000075	1.000007	0.000057	0.999580	0.000065	1.002900	0.000064	1.000456	0.000394	
1350067770.151627	1.000020	715767478.957121	715773430.993314	715800985.892227	0.999988	1.000201	0.999985	1.000203	0.999995	1.000200	0.999988	1.000200	0.999988	1.000203	0.999990	1.000198	0.999988	1.000203	0.999988	1.000201	1350067770.151721	0.999905	715832060.983753	715860858.206405	715891275.530315	0.999987	1.000200	0.999985	1.000203	3.893198	0.256908	0.999988	1.000201	0.999988	1.000203	0.999990	1.000198	0.999988	1.000203	0.999988	1.000201	
1350067771.151679	1.000052	0.000000	0.000000	0.000000	-nan	-nan	-nan	-nan	0.000000	inf	-nan	-nan	-nan	0.000000	-nan	-nan	-nan	-nan	-nan	-nan	1350067771.151755	1.000034	0.000000	0.000000	0.000000	-nan	-nan	-nan	-nan	0.000000	inf	-nan	-nan	-nan	-nan	-nan	-nan	-nan	-nan	-nan	-nan	
