ts_0	elapsed_0	pkg_0	pp0_0	dram_0	freq_ratio_0_0	c0_ratio_0_0	freq_ratio_0_1	c0_ratio_0_1	freq_ratio_0_2	c0_ratio_0_2	freq_ratio_0_3	c0_ratio_0_3	freq_ratio_0_4	c0_ratio_0_4	freq_ratio_0_5	c0_ratio_0_5	freq_ratio_0_6	c0_ratio_0_6	freq_ratio_0_7	c0_ratio_0_7	ts_1	elapsed_1	pkg_1	pp0_1	dram_1	freq_ratio_1_0	c0_ratio_1_0	freq_ratio_1_1	c0_ratio_1_1	freq_ratio_1_2	c0_ratio_1_2	freq_ratio_1_3	c0_ratio_1_3	freq_ratio_1_4	c0_ratio_1_4	freq_ratio_1_5	c0_ratio_1_5	freq_ratio_1_6	c0_ratio_1_6	freq_ratio_1_7	c0_ratio_1_7	
1350062557.073274	1.000450	30.055494	16.833735	6.118570	1.000000	1.000000	0.998220	0.000678	1.000294	0.000085	1.000417	0.000068	1.002237	0.000016	1.000055	0.005127	1.000184	0.000006	1.002219	0.000007	1350062557.073466	1.000440	29.203951	16.186971	3.889738	1.000000	1.000000	0.999997	0.000495	0.999986	0.000271	0.998508	0.000062	0.980595	0.000008	1.015591	0.000028	1.012193	0.000028	0.995347	0.000102	
1350062558.073263	0.999989	29.849113	16.617995	6.121451	1.000000	1.000000	1.000130	0.000359	1.000082	0.000089	0.999750	0.000125	0.999651	0.000086	0.999843	0.001630	0.999578	0.000053	0.999950	0.000162	1350062558.073464	0.999998	29.257319	16.232132	3.099356	1.000000	1.000000	0.999952	0.000364	1.000948	0.000084	1.000716	0.000142	1.002634	0.000075	1.002459	0.000076	1.002471	0.000072	1.005729	0.000164	
1350062559.073264	1.000001	30.210359	16.975936	6.102854	1.000000	1.000000	1.000393	0.000335	0.999648	0.000039	1.000706	0.000040	1.001785	0.000015	1.006540	0.000059	1.002388	0.000006	1.002368	0.000007	1350062559.073463	0.999999	29.258085	16.230469	2.749255	1.000000	1.000000	1.000030	0.000311	0.998807	0.000069	1.000066	0.000017	0.999554	0.000008	1.001342	0.000008	1.001431	0.000008	1.001457	0.000100	
1350062560.073263	0.999999	29.875044	16.640671	6.127508	1.000000	1.000000	1.000006	0.000742	1.000324	0.000081	0.999634	0.000077	0.999423	0.000055	0.999784	0.001720	0.999267	0.000051	1.000125	0.000056	1350062560.073465	1.000002	29.265493	16.238082	3.116220	1.000000	1.000000	0.999957	0.000425	0.999956	0.000070	0.999901	0.000062	0.999948	0.000060	0.998070	0.000065	0.999809	0.000073	0.999800	0.000293	
1350062561.073264	1.000001	29.816179	16.579803	6.133692	1.000000	1.000000	0.999868	0.000392	0.999607	0.000039	1.000523	0.000038	1.001266	0.000015	0.999893	0.000061	1.004867	0.000006	0.998744	0.000007	1350062561.073475	1.000010	29.261243	16.233007	2.741504	1.000000	1.000000	1.000035	0.000294	0.999843	0.000064	0.999883	0.000046	1.000000	0.000008	1.016299	0.000008	1.001578	0.000008	1.000553	0.000100	
1350062562.073263	0.999999	29.878996	16.639878	6.121313	1.000000	1.000000	1.000080	0.000338	0.999984	0.000073	0.999951	0.000071	0.999600	0.000053	1.000009	0.001678	0.999480	0.000051	0.999928	0.000166	1350062562.073467	0.999992	29.266503	16.238276	3.131144	1.000000	1.000000	0.999965	0.000381	1.000026	0.000074	1.000034	0.000080	0.998184	0.000073	0.999979	0.000074	0.999775	0.000072	0.999611	0.000142	
1350062563.073264	1.000001	30.236284	16.997664	6.127497	1.000000	1.000000	0.999798	0.000354	0.999980	0.000039	1.000070	0.000039	1.001309	0.000016	1.006326	0.000059	1.002950	0.000006	0.995146	0.000006	1350062563.073467	1.000000	29.260025	16.231720	2.740463	1.000000	1.000000	1.000028	0.000313	1.000132	0.000064	1.000047	0.000016	1.016779	0.000008	0.999752	0.000008	1.002000	0.000008	1.000035	0.000099	
1350062564.073264	1.000000	32.594147	19.365112	6.126465	1.000000	1.000000	1.000002	0.005101	0.999999	0.002961	0.999998	0.004917	0.999997	0.002658	0.999843	0.002504	0.999997	0.002692	1.000007	0.002583	1350062564.073469	1.000002	31.456407	18.428386	2.959116	1.000000	1.000000	0.999996	0.003162	0.999989	0.002948	0.999989	0.002703	0.999989	0.002821	0.999990	0.002842	0.999940	0.002688	0.999940	0.004227	
1350062565.073264	1.000000	30.096283	16.856567	6.115234	1.000000	1.000000	0.999981	0.008043	0.999993	0.000880	0.999992	0.000551	0.999633	0.000017	0.998547	0.000007	0.998703	0.000006	0.997222	0.000006	1350062565.073460	0.999991	29.301504	16.272120	4.756467	1.000000	1.000000	0.999952	0.000311	1.000290	0.000049	0.995676	0.000017	0.972386	0.000008	0.979038	0.000008	0.994094	0.000008	1.000526	0.000072	
1350062566.073263	0.999999	29.938200	16.696686	6.115164	1.000000	1.000000	0.999971	0.002828	1.000000	0.000067	0.999963	0.000135	0.989856	0.000052	0.991295	0.000058	0.990480	0.000052	0.996983	0.000170	1350062566.073461	1.000001	29.273349	16.257202	3.352109	1.000000	1.000000	1.000383	0.000338	0.999466	0.000066	1.000429	0.000202	1.003323	0.000072	1.002677	0.000075	1.002120	0.000071	1.001164	0.000151	
1350062567.073264	1.000001	29.861178	16.619216	6.096613	1.000000	1.000000	1.000035	0.000322	0.999961	0.000039	1.000040	0.000038	0.999652	0.000017	0.999095	0.000007	0.999210	0.000007	0.997769	0.000007	1350062567.073465	1.000004	29.289615	16.261516	2.712498	1.000000	1.000000	1.000036	0.000322	1.000453	0.000063	0.999645	0.000017	1.001141	0.000008	0.997363	0.000008	0.982628	0.000008	0.998193	0.000093	
1350062568.073264	1.000000	29.871536	16.629898	6.115082	1.000000	1.000000	0.999976	0.000383	1.000155	0.000085	0.999749	0.000089	1.007868	0.000064	1.006693	0.000079	1.007465	0.000064	1.007864	0.000069	1350062568.073481	1.000016	29.301168	16.272735	2.748766	1.000000	1.000000	0.999560	0.000332	0.999948	0.000097	1.000030	0.000153	0.999584	0.000101	0.989759	0.000065	0.995055	0.000066	0.998476	0.000231	
1350062569.073264	1.000000	29.862808	16.620529	6.115158	1.000000	1.000000	0.999959	0.000450	0.999620	0.000041	1.001829	0.000230	1.002585	0.000015	0.999187	0.000007	1.004029	0.000006	0.999890	0.000007	1350062569.073464	0.999983	29.305046	16.275239	2.715347	1.000000	1.000000	0.999989	0.000349	1.000311	0.000064	1.000156	0.000017	0.998818	0.000008	1.016025	0.000042	1.012205	0.000042	0.998385	0.000129	
1350062570.073264	1.000000	29.879318	16.636169	6.121399	1.000000	1.000000	0.999912	0.000641	1.000013	0.000087	0.996527	0.000117	0.999651	0.000051	1.000031	0.000050	1.000152	0.000051	0.999897	0.000075	1350062570.073463	0.999999	29.306638	16.277100	2.734957	1.000000	1.000000	0.999985	0.000404	1.000006	0.000066	0.999957	0.000125	1.000808	0.000072	0.999691	0.000069	0.999739	0.000065	1.004703	0.000159	
1350062571.073264	1.000000	29.860092	16.617447	6.139771	1.000000	1.000000	1.000024	0.000386	0.999990	0.000039	0.999822	0.000043	1.000379	0.000019	0.999945	0.000007	0.998931	0.000006	1.000063	0.000006	1350062571.073478	1.000015	29.294879	16.265671	2.707006	1.000000	1.000000	1.000009	0.000293	0.999850	0.000069	1.000000	0.000103	0.993594	0.000008	1.005354	0.000008	1.000291	0.000008	1.000008	0.000092	
1350062572.073263	0.999999	29.838652	16.607758	6.115179	1.000000	1.000000	1.000068	0.000319	1.000222	0.000070	1.000000	0.000071	0.999843	0.000049	0.999969	0.000062	1.000118	0.000049	1.000049	0.000055	1350062572.073471	0.999993	29.314061	16.284536	2.724064	1.000000	1.000000	1.000001	0.000358	1.000097	0.000063	0.999915	0.000114	1.000861	0.000060	0.998972	0.000064	0.999376	0.000069	0.999925	0.000266	
1350062573.073264	1.000001	29.732332	16.488372	6.127298	1.000000	1.000000	0.999952	0.000387	0.999606	0.000046	1.000084	0.000046	0.999878	0.000022	1.000000	0.000014	0.999687	0.000012	1.000000	0.000012	1350062573.073476	1.000005	29.205237	16.175914	2.712572	1.000000	1.000000	0.999979	0.000295	0.999887	0.000072	1.000211	0.000024	0.999232	0.000016	1.002222	0.000016	0.997424	0.000016	0.998117	0.000101	
1350062574.073263	0.999999	29.883299	16.637604	6.127432	1.000000	1.000000	1.000058	0.000307	0.999686	0.000066	0.999985	0.001996	0.999236	0.000050	0.999776	0.000050	0.999304	0.000050	0.999872	0.000069	1350062574.073463	0.999987	29.289874	16.271866	2.726797	1.000000	1.000000	0.999967	0.000323	0.999608	0.000066	0.999672	0.000125	0.999616	0.000064	0.998870	0.000068	1.000118	0.000065	1.001028	0.000148	
1350062575.073264	1.000001	29.876146	16.632171	6.127481	1.000000	1.000000	0.999955	0.000653	1.000421	0.000038	1.000536	0.000043	1.001731	0.000021	1.001360	0.000006	1.004975	0.000006	1.000062	0.000006	1350062575.073470	1.000007	29.315242	16.283258	2.715329	1.000000	0.999995	1.000025	0.000359	1.000230	0.000069	0.995486	0.000023	1.004376	0.000008	0.997695	0.000008	0.984751	0.000008	0.998280	0.000093	
1350062576.073263	0.999999	29.877851	16.634263	6.121359	1.000000	1.000000	0.999984	0.000390	1.000187	0.000081	0.999767	0.000099	0.999569	0.000049	1.000190	0.000057	0.999545	0.000048	1.000032	0.000060	1350062576.073491	1.000021	29.324122	16.294382	2.719837	1.000000	1.000005	0.999969	0.000376	1.000080	0.000063	1.000350	0.000204	0.999118	0.000064	1.001628	0.000063	1.002882	0.000067	1.001414	0.000167	
1350062577.073264	1.000001	29.874621	16.632003	6.127497	1.000000	1.000000	0.999977	0.000316	0.999571	0.000040	1.000534	0.000040	1.001375	0.000015	0.998970	0.000007	1.003493	0.000007	1.001191	0.000006	1350062577.073462	0.999971	29.314161	16.283677	2.712588	1.000000	1.000000	0.999981	0.000278	1.000144	0.000062	1.003780	0.000018	1.005103	0.000008	0.994227	0.000008	1.002088	0.000008	1.000096	0.000092	
1350062578.073264	1.000000	29.890091	16.648987	6.102905	1.000000	1.000000	0.999970	0.000320	1.000209	0.000066	0.999688	0.000072	0.989564	0.000050	0.990053	0.000050	0.990317	0.000050	0.990840	0.000059	1350062578.073461	0.999999	29.331296	16.302429	2.726947	1.000000	1.000000	1.000342	0.000365	1.000084	0.000064	0.999997	0.000123	0.999343	0.000064	1.000669	0.000066	0.997765	0.000064	0.999642	0.000146	
1350062579.073264	1.000000	29.885529	16.644333	6.127441	1.000000	1.000000	1.000009	0.000748	0.999607	0.000040	1.000388	0.000039	1.000324	0.000017	0.995735	0.000007	0.996483	0.000007	0.997777	0.000007	1350062579.073473	1.000012	29.331148	16.299092	2.709761	1.000000	1.000000	1.000000	0.000780	0.999536	0.000049	0.999643	0.000017	1.004942	0.000008	0.999950	0.000008	1.018016	0.000008	0.999988	0.000093	
1350062580.073263	0.999999	29.914946	16.673264	6.133673	1.000000	1.000000	0.999971	0.000634	0.999958	0.000083	1.000038	0.000102	1.008267	0.000063	1.007407	0.000071	1.008056	0.000063	1.007907	0.000068	1350062580.073466	0.999993	29.333348	16.302466	2.718509	1.000000	1.000000	0.999674	0.000393	1.000286	0.000084	1.000015	0.000156	1.000109	0.000092	0.990065	0.000064	0.992046	0.000066	0.996758	0.000155	
1350062581.073264	1.000001	29.860430	16.631286	6.127497	1.000000	1.000000	0.999949	0.000390	0.999962	0.000040	0.999970	0.000039	1.000306	0.000015	0.999727	0.000007	0.999438	0.000006	1.000605	0.000007	1350062581.073459	0.999993	29.331273	16.301489	2.704624	1.000000	1.000000	0.999983	0.000312	0.999896	0.000048	0.999697	0.000098	0.998606	0.000008	1.017977	0.000035	1.015197	0.000035	0.998816	0.000120	
1350062582.073263	0.999999	29.910826	16.668137	6.133627	1.000000	1.000000	0.999733	0.000522	1.000187	0.000078	0.999734	0.000071	0.999539	0.000051	1.000101	0.000050	0.999526	0.000051	0.999938	0.000056	1350062582.073487	1.000028	29.335852	16.304950	2.726120	1.000000	1.000000	1.000005	0.000339	1.000066	0.000064	1.000209	0.000122	0.999346	0.000064	1.000282	0.000066	0.999627	0.000064	1.003835	0.000160	
1350062583.073264	1.000001	29.899172	16.656387	6.121393	1.000000	1.000000	1.000009	0.000336	0.999618	0.000040	1.000424	0.000040	1.000663	0.000016	0.998865	0.000007	1.003156	0.000006	1.000924	0.000007	1350062583.073468	0.999981	29.291605	16.274633	2.707571	1.000000	1.000000	1.000070	0.000319	0.999516	0.000064	0.999891	0.000018	1.000000	0.000027	0.997467	0.000008	1.002021	0.000008	1.000207	0.000093	
1350062584.073263	0.999999	29.924223	16.678544	6.133673	1.000000	1.000000	1.000226	0.000632	0.999819	0.000068	0.999978	0.001967	0.999277	0.000056	0.999741	0.000057	0.999892	0.000053	0.999685	0.000058	1350062584.073465	0.999997	29.336288	16.304479	2.712701	1.000000	1.000000	0.999880	0.000340	1.000244	0.000063	0.999671	0.000122	1.000322	0.000056	0.998462	0.000063	0.999421	0.000070	0.999619	0.000150	
1350062585.073264	1.000001	29.899462	16.655578	6.108988	1.000000	1.000000	1.000004	0.000637	1.000302	0.000041	1.000901	0.000045	1.003316	0.000015	1.000756	0.000007	1.002159	0.000006	1.001680	0.000006	1350062585.073465	1.000000	29.339752	16.306870	2.712616	1.000000	1.000000	1.000010	0.000355	0.999410	0.000065	1.000302	0.000125	1.002461	0.000008	1.006404	0.000008	1.002943	0.000008	1.000891	0.000098	
1350062586.073263	0.999999	29.888899	16.646378	6.115240	1.000000	1.000000	0.999615	0.000428	1.000183	0.000080	0.999807	0.000108	0.999611	0.000071	1.000190	0.000051	0.999954	0.000050	1.000006	0.000061	1350062586.073474	1.000009	29.346063	16.309926	2.725973	1.000000	1.000000	0.999963	0.000387	1.000597	0.000074	0.999926	0.000267	0.999216	0.000064	1.000864	0.000067	0.999988	0.000063	0.999774	0.000140	
1350062587.073264	1.000001	29.886812	16.643646	6.121302	1.000000	1.000000	0.999955	0.000331	0.999642	0.000040	1.000312	0.000061	1.000566	0.000035	0.999836	0.000007	0.999437	0.000006	1.001075	0.000006	1350062587.073466	0.999992	29.337594	16.301844	2.704429	1.000000	1.000000	0.999995	0.000300	0.999891	0.000085	1.000156	0.000143	1.006652	0.000008	1.000447	0.000008	1.001230	0.000008	0.999946	0.000092	
1350062588.073263	0.999999	29.890684	16.648896	6.115164	1.000000	1.000000	0.999999	0.000319	1.000135	0.000077	0.999625	0.000070	0.999544	0.000047	1.000062	0.000056	0.999944	0.000048	0.999820	0.000053	1350062588.073467	1.000001	29.339633	16.305771	2.727506	1.000000	1.000000	0.999982	0.000374	1.000120	0.000055	1.000007	0.000118	0.999294	0.000066	0.999785	0.000063	1.000174	0.000064	1.000277	0.000146	
1350062589.073267	1.000004	715759884.746027	715799246.211628	715792651.646269	0.999988	1.000200	0.999985	1.000202	0.999995	1.000200	0.999988	1.000199	0.999988	1.000202	0.999990	1.000197	0.999988	1.000202	0.999988	1.000200	1350062589.073364	0.999897	715864982.956634	715856813.899915	715854545.419152	0.999988	1.000200	0.999985	1.000202	3.893194	0.256909	0.999988	1.000199	0.999988	1.000202	0.999990	1.000197	0.999988	1.000202	0.999988	1.000200	
1350062590.073264	0.999997	0.000000	0.000000	0.000000	-nan	-nan	-nan	-nan	0.000000	inf	-nan	-nan	-nan	0.000000	0.000000	inf	-nan	-nan	-nan	-nan	1350062590.073336	0.999972	0.000000	0.000000	0.000000	-nan	-nan	-nan	-nan	0.000000	inf	-nan	-nan	-nan	-nan	-nan	-nan	-nan	-nan	-nan	-nan	
1350062591.073295	1.000031	0.000000	0.000000	0.000000	-nan	-nan	-nan	-nan	1.345745	inf	-nan	-nan	-nan	0.000000	-nan	-nan	-nan	-nan	-nan	-nan	1350062591.073383	1.000047	0.000000	0.000000	0.000000	-nan	-nan	-nan	-nan	inf	-nan	-nan	-nan	-nan	-nan	-nan	-nan	-nan	-nan	-nan	-nan	
