ts_0	elapsed_0	pkg_0	pp0_0	dram_0	freq_ratio_0_0	c0_ratio_0_0	freq_ratio_0_1	c0_ratio_0_1	freq_ratio_0_2	c0_ratio_0_2	freq_ratio_0_3	c0_ratio_0_3	freq_ratio_0_4	c0_ratio_0_4	freq_ratio_0_5	c0_ratio_0_5	freq_ratio_0_6	c0_ratio_0_6	freq_ratio_0_7	c0_ratio_0_7	ts_1	elapsed_1	pkg_1	pp0_1	dram_1	freq_ratio_1_0	c0_ratio_1_0	freq_ratio_1_1	c0_ratio_1_1	freq_ratio_1_2	c0_ratio_1_2	freq_ratio_1_3	c0_ratio_1_3	freq_ratio_1_4	c0_ratio_1_4	freq_ratio_1_5	c0_ratio_1_5	freq_ratio_1_6	c0_ratio_1_6	freq_ratio_1_7	c0_ratio_1_7	
1349478806.513187	1.000711	80.919169	66.777139	7.667964	1.131534	0.969376	1.130733	0.965624	1.130754	0.965265	1.130742	0.964529	1.130472	0.961524	1.130434	0.962031	1.130473	0.961588	1.130469	0.961526	1349478806.513267	1.000554	71.273253	57.573172	5.921158	1.192437	0.966350	1.192434	0.966328	1.192327	0.963088	1.189881	0.009236	1.192286	0.953188	0.976965	0.000159	1.192289	0.953377	1.194053	0.990590	
1349478807.513182	0.999995	79.455583	65.094793	8.293605	1.088629	0.985982	1.088569	0.986231	1.088583	0.986100	1.088648	0.985934	1.088624	0.985821	1.088573	0.986133	1.088625	0.985813	1.088626	0.985804	1349478807.513263	0.999996	73.418419	59.569822	6.972227	1.192296	0.989010	1.192298	0.989070	1.192300	0.989147	1.152895	0.000107	1.192297	0.988986	1.154347	0.000019	1.192300	0.989149	1.193108	0.999756	
1349478808.513189	1.000007	69.837835	55.614606	7.445688	1.127257	0.780692	1.127267	0.780847	1.127210	0.780882	1.127390	0.780545	1.127355	0.780604	1.127254	0.780823	1.127266	0.780730	1.127358	0.780595	1349478808.513277	1.000014	66.083940	52.334515	6.098440	1.192311	0.781525	1.192310	0.781601	1.192317	0.781702	1.191722	0.000078	1.192307	0.781491	1.255280	0.000052	1.192315	0.781693	1.209090	0.999850	
1349478809.513189	1.000000	79.512756	65.159348	8.256790	1.084502	0.995186	1.084514	0.995298	1.084516	0.995190	1.084509	0.995161	1.084520	0.995018	1.084511	0.995232	1.084520	0.995031	1.084521	0.995029	1349478809.513277	1.000000	73.415634	59.572052	6.908661	1.192297	0.998458	1.192299	0.998536	1.192299	0.998542	1.184729	0.000125	1.192295	0.998312	1.155883	0.000018	1.192298	0.998459	1.192390	0.999774	
1349478810.513193	1.000004	79.282638	64.883984	8.328305	1.091524	0.974981	1.091537	0.975249	1.091545	0.975094	1.091537	0.974928	1.091547	0.974732	1.091545	0.975100	1.091548	0.974722	1.091548	0.974714	1349478810.513272	0.999995	72.857298	58.980596	6.421037	1.192298	0.977688	1.192301	0.977774	1.192300	0.977768	1.160593	0.000084	1.192294	0.977589	1.153548	0.000056	1.192300	0.977762	1.193985	0.999800	
1349478811.513182	0.999989	79.550082	64.505621	10.269201	1.042757	0.995959	1.042761	0.996176	1.042760	0.996136	1.042764	0.995937	1.042759	0.995902	1.042763	0.996048	1.042759	0.995909	1.042760	0.995924	1349478811.513261	0.999989	76.414458	62.098765	8.849142	1.192293	0.999170	1.192293	0.999313	1.192297	0.999389	1.153807	0.000201	1.192296	0.999155	1.150996	0.000015	1.192293	0.999309	1.192323	0.999787	
1349478812.513181	0.999999	79.403015	64.297547	10.505198	1.096859	0.997128	1.041394	0.624440	1.096860	0.997173	1.096861	0.997139	1.096871	0.996945	1.096859	0.997207	1.041251	0.623352	1.096871	0.996975	1349478812.513328	1.000067	78.468147	64.095285	8.848284	1.146725	0.998611	1.146731	0.998678	1.146724	0.998610	1.071190	0.375766	1.146711	0.998417	1.071194	0.375810	1.146716	0.998530	1.146736	0.998761	
1349478813.513182	1.000001	79.165528	64.001251	10.724065	1.192005	0.997562	1.153834	0.003468	1.192008	0.997678	1.192005	0.997595	1.192005	0.997596	1.192008	0.997670	1.153808	0.000296	1.192005	0.997596	1349478813.513319	0.999991	79.452502	65.058741	8.840992	1.054611	0.996676	1.054611	0.996657	1.054611	0.996661	1.054611	0.996626	1.054612	0.996566	1.054610	0.996659	1.054610	0.996651	1.054610	0.996657	
1349478814.513183	1.000001	715818603.376027	715801270.492319	715774015.313950	0.999995	1.000164	0.999992	1.000167	0.999995	1.000172	0.999995	1.000165	0.999995	1.000167	0.999997	1.000162	0.999995	1.000167	0.999995	1.000165	1349478814.513273	0.999954	715830251.352657	715832748.748748	715842153.057920	0.999994	1.000161	0.999992	1.000166	3.892693	0.256934	0.999995	1.000165	0.999995	1.000167	0.999997	1.000162	0.999995	1.000167	0.999995	1.000164	
1349478815.513351	1.000168	0.000000	0.000000	0.000000	-nan	-nan	-nan	-nan	1.000008	inf	-nan	-nan	-nan	0.000000	-nan	-nan	-nan	-nan	-nan	-nan	1349478815.513418	1.000145	0.000000	0.000000	0.000000	-nan	-nan	-nan	-nan	1.345745	inf	-nan	-nan	-nan	-nan	-nan	-nan	-nan	-nan	-nan	-nan	
