ts_0	elapsed_0	pkg_0	pp0_0	dram_0	freq_ratio_0_0	c0_ratio_0_0	freq_ratio_0_1	c0_ratio_0_1	freq_ratio_0_2	c0_ratio_0_2	freq_ratio_0_3	c0_ratio_0_3	freq_ratio_0_4	c0_ratio_0_4	freq_ratio_0_5	c0_ratio_0_5	freq_ratio_0_6	c0_ratio_0_6	freq_ratio_0_7	c0_ratio_0_7	ts_1	elapsed_1	pkg_1	pp0_1	dram_1	freq_ratio_1_0	c0_ratio_1_0	freq_ratio_1_1	c0_ratio_1_1	freq_ratio_1_2	c0_ratio_1_2	freq_ratio_1_3	c0_ratio_1_3	freq_ratio_1_4	c0_ratio_1_4	freq_ratio_1_5	c0_ratio_1_5	freq_ratio_1_6	c0_ratio_1_6	freq_ratio_1_7	c0_ratio_1_7	
1349478806.512601	1.000593	81.421509	67.405329	6.786763	1.124584	0.972121	1.123254	0.965096	1.123548	0.964487	1.123512	0.964437	1.123538	0.964127	1.123510	0.964217	1.123534	0.964154	1.123450	0.964245	1349478806.512683	1.000415	72.656655	58.877020	5.164940	1.192576	0.966021	1.192648	0.965811	1.192247	0.953879	1.192221	0.953226	1.192194	0.953229	1.155295	0.001067	1.003042	0.000104	1.194347	0.990172	
1349478807.512605	1.000004	79.463621	65.231807	7.484665	1.079271	0.985371	1.079290	0.985377	1.079301	0.985211	1.079291	0.985367	1.079303	0.985138	1.079305	0.985257	1.079303	0.985125	1.079294	0.985284	1349478807.512689	1.000006	75.034465	61.099611	6.150873	1.192171	0.988217	1.192174	0.988311	1.192172	0.988221	1.192167	0.988085	1.192169	0.988171	1.153482	0.001653	1.154122	0.000053	1.192987	0.998891	
1349478808.512599	0.999994	70.195502	56.087462	6.610650	1.119232	0.780052	1.119274	0.779995	1.119362	0.779752	1.119333	0.779843	1.119365	0.779744	1.119311	0.779838	1.119400	0.779697	1.119306	0.779929	1349478808.512677	0.999988	67.472713	53.627760	5.338916	1.192256	0.780724	1.192263	0.780875	1.192262	0.780870	1.192256	0.780718	1.192260	0.780812	1.169557	0.000665	1.154219	0.000006	1.209092	0.999554	
1349478809.512599	1.000000	79.520370	65.277023	7.430954	1.073094	0.994532	1.073120	0.994533	1.073143	0.994374	1.073121	0.994522	1.073143	0.994365	1.073156	0.994431	1.073159	0.994364	1.073107	0.994529	1349478809.512676	0.999999	75.384090	61.447294	6.136770	1.192251	0.998070	1.192256	0.998246	1.192252	0.998166	1.192251	0.998110	1.192252	0.998148	1.153955	0.000757	1.153562	0.000076	1.192351	0.999493	
1349478810.512609	1.000010	76.468824	62.264132	7.189045	1.158019	0.977034	1.085408	0.278059	1.158137	0.976828	1.158098	0.976901	1.158141	0.976822	1.085549	0.277969	1.158158	0.976800	1.158071	0.976777	1349478810.512822	1.000146	78.867338	64.964764	5.837603	1.124129	0.976041	1.124133	0.976096	1.124133	0.976089	1.124145	0.975818	1.124129	0.976066	1.097280	0.700157	1.097289	0.700286	1.126970	0.998115	
1349478811.512603	0.999994	79.565751	64.876684	8.699377	1.189186	0.998714	1.162337	0.000252	1.189226	0.998618	1.189198	0.998667	1.189226	0.998501	1.154026	0.000521	1.189209	0.998636	1.189180	0.998616	1349478811.512756	0.999934	79.546147	65.278222	7.782222	1.046291	0.996909	1.046292	0.996967	1.046292	0.996952	1.046293	0.996727	1.046293	0.996949	1.046292	0.996947	1.046292	0.997017	1.046291	0.997255	
1349478812.512597	0.999994	79.410950	64.705861	8.772239	1.185529	0.998393	1.153590	0.000317	1.185530	0.998344	1.185530	0.998389	1.185530	0.998329	1.153725	0.000389	1.185530	0.998389	1.185530	0.998353	1349478812.512735	0.999979	79.558554	65.286343	7.799495	1.045114	0.997009	1.045114	0.997071	1.045114	0.997063	1.045114	0.997065	1.045113	0.997063	1.045113	0.996999	1.045113	0.997056	1.045113	0.997057	
1349478813.512598	1.000001	79.407075	64.712447	8.735648	1.185113	0.998368	1.153406	0.000263	1.185113	0.998366	1.185113	0.998366	1.185113	0.998363	1.153654	0.000403	1.185113	0.998368	1.185113	0.998363	1349478813.512737	1.000002	79.544602	65.280240	7.801957	1.044904	0.996947	1.044904	0.996947	1.044904	0.996941	1.044904	0.996945	1.044904	0.996946	1.044903	0.996939	1.044903	0.996936	1.044903	0.996934	
1349478814.512603	1.000005	715786955.096395	715794327.599903	715775715.653630	0.999992	1.000148	0.999990	1.000154	0.999992	1.000156	0.999993	1.000150	0.999993	1.000153	0.999995	1.000147	0.999993	1.000154	0.999993	1.000150	1349478814.512692	0.999955	715813945.786204	715817421.146741	715845348.167218	0.999993	1.000150	0.999990	1.000153	3.892833	0.256921	0.999993	1.000150	0.999993	1.000154	0.999995	1.000148	0.999993	1.000153	0.999993	1.000152	
1349478815.512671	1.000068	0.000000	0.000000	0.000000	-nan	-nan	-nan	-nan	1.000008	inf	-nan	-nan	-nan	0.000000	-nan	-nan	-nan	-nan	-nan	-nan	1349478815.512734	1.000042	0.000000	0.000000	0.000000	-nan	-nan	-nan	-nan	1.345745	inf	-nan	-nan	-nan	-nan	-nan	-nan	-nan	-nan	-nan	-nan	
