ts_0	elapsed_0	pkg_0	pp0_0	dram_0	freq_ratio_0_0	c0_ratio_0_0	freq_ratio_0_1	c0_ratio_0_1	freq_ratio_0_2	c0_ratio_0_2	freq_ratio_0_3	c0_ratio_0_3	freq_ratio_0_4	c0_ratio_0_4	freq_ratio_0_5	c0_ratio_0_5	freq_ratio_0_6	c0_ratio_0_6	freq_ratio_0_7	c0_ratio_0_7	ts_1	elapsed_1	pkg_1	pp0_1	dram_1	freq_ratio_1_0	c0_ratio_1_0	freq_ratio_1_1	c0_ratio_1_1	freq_ratio_1_2	c0_ratio_1_2	freq_ratio_1_3	c0_ratio_1_3	freq_ratio_1_4	c0_ratio_1_4	freq_ratio_1_5	c0_ratio_1_5	freq_ratio_1_6	c0_ratio_1_6	freq_ratio_1_7	c0_ratio_1_7	
1349478806.512653	1.000665	67.794733	53.975843	6.447373	1.192826	0.973863	1.192212	0.966803	1.192114	0.966405	1.192290	0.966593	1.192272	0.966174	1.192239	0.965601	1.144892	0.000402	1.051855	0.000170	1349478806.512789	1.000593	80.236024	66.470733	6.825024	1.144051	0.990241	1.140957	0.966265	1.140951	0.966268	1.140883	0.965796	1.140902	0.965654	1.140861	0.965577	1.140891	0.965509	1.140967	0.966975	
1349478807.512648	0.999995	69.678938	55.715886	6.976033	1.192120	0.989089	1.192213	0.988830	1.192213	0.988827	1.192178	0.989011	1.192214	0.988825	1.192213	0.988818	1.153575	0.000890	1.160198	0.000008	1349478807.512783	0.999994	79.441376	65.473458	8.011293	1.111774	0.997143	1.110594	0.986598	1.110594	0.986590	1.110587	0.986488	1.110594	0.986584	1.110587	0.986481	1.110587	0.986482	1.110594	0.986576	
1349478808.512648	1.000000	58.955368	45.109787	6.166290	1.192047	0.782256	1.192272	0.781703	1.192271	0.781688	1.192200	0.782092	1.192271	0.781682	1.192236	0.781712	1.045266	0.000413	0.986529	0.000126	1349478808.512789	1.000006	72.794839	58.951171	7.001530	1.165192	0.998925	1.136623	0.781276	1.136617	0.781240	1.136612	0.781081	1.136617	0.781233	1.136605	0.781036	1.136607	0.781073	1.136617	0.781229	
1349478809.512660	1.000012	70.254473	56.333999	6.899179	1.192222	0.998737	1.192245	0.998741	1.192246	0.998740	1.192247	0.998738	1.192248	0.998697	1.192250	0.998644	1.154018	0.000482	1.138580	0.000015	1349478809.512806	1.000017	79.478772	65.520894	7.970080	1.106686	0.996982	1.106642	0.996069	1.106642	0.996069	1.106643	0.995978	1.106645	0.996015	1.106640	0.996023	1.106643	0.995974	1.106642	0.996049	
1349478810.512650	0.999990	69.551020	55.591728	6.963937	1.192170	0.978928	1.192274	0.978709	1.192275	0.978644	1.192235	0.978839	1.192274	0.978703	1.192275	0.978613	1.153755	0.000437	1.156976	0.000068	1349478810.512785	0.999979	79.244476	65.245052	7.575446	1.113744	0.997458	1.110640	0.976581	1.110640	0.976580	1.110635	0.976408	1.110643	0.976509	1.110635	0.976407	1.110633	0.976469	1.110641	0.976554	
1349478811.512646	0.999996	73.906977	59.428052	8.761647	1.192275	0.999717	1.192275	0.999718	1.192276	0.999684	1.192275	0.999716	1.192275	0.999597	1.192274	0.999505	1.153795	0.000477	1.151023	0.000016	1349478811.512777	0.999992	79.517246	64.917305	9.797046	1.067065	0.995382	1.067064	0.995395	1.067064	0.995401	1.067060	0.995316	1.067064	0.995230	1.067064	0.995383	1.067064	0.995381	1.067064	0.995377	
1349478812.512655	1.000009	74.059281	59.562250	8.708539	1.192243	0.999517	1.192240	0.999441	1.192240	0.999439	1.192243	0.999517	1.192240	0.999437	1.192241	0.999371	1.153844	0.000940	1.154304	0.000091	1349478812.512800	1.000023	79.526882	64.913691	9.793263	1.067542	0.995463	1.067542	0.995460	1.067542	0.995458	1.067543	0.995393	1.067539	0.995410	1.067543	0.995397	1.067543	0.995395	1.067542	0.995431	
1349478813.512645	0.999990	74.030298	59.540910	8.759121	1.183039	0.999657	1.183039	0.999660	1.183041	0.999726	1.183038	0.999664	1.183038	0.999646	1.183038	0.999556	1.153818	0.003519	1.153890	0.003181	1349478813.512750	0.999950	79.513396	64.914993	9.817447	1.068623	0.995477	1.068623	0.995448	1.068623	0.995474	1.068624	0.995400	1.068625	0.995386	1.068624	0.995412	1.068623	0.995451	1.068623	0.995447	
1349478814.512658	1.000013	715781123.364137	715808249.932926	715806667.544725	0.999997	1.000177	0.999994	1.000179	0.999996	1.000183	0.999997	1.000176	0.999997	1.000179	0.999999	1.000174	0.999997	1.000179	0.999997	1.000177	1349478814.512748	0.999998	715800842.751913	715805231.551253	715808016.310288	0.999997	1.000176	0.999994	1.000179	3.892565	0.256946	0.999997	1.000177	0.999997	1.000179	0.999999	1.000174	0.999997	1.000179	0.999997	1.000177	
1349478815.512786	1.000128	0.000000	0.000000	0.000000	-nan	-nan	-nan	-nan	1.000008	inf	-nan	-nan	-nan	0.000000	-nan	-nan	-nan	-nan	-nan	-nan	1349478815.512849	1.000101	0.000000	0.000000	0.000000	-nan	-nan	-nan	-nan	1.345745	inf	-nan	-nan	-nan	-nan	-nan	-nan	-nan	-nan	-nan	-nan	
