ts_0	elapsed_0	pkg_0	pp0_0	dram_0	freq_ratio_0_0	c0_ratio_0_0	freq_ratio_0_1	c0_ratio_0_1	freq_ratio_0_2	c0_ratio_0_2	freq_ratio_0_3	c0_ratio_0_3	freq_ratio_0_4	c0_ratio_0_4	freq_ratio_0_5	c0_ratio_0_5	freq_ratio_0_6	c0_ratio_0_6	freq_ratio_0_7	c0_ratio_0_7	ts_1	elapsed_1	pkg_1	pp0_1	dram_1	freq_ratio_1_0	c0_ratio_1_0	freq_ratio_1_1	c0_ratio_1_1	freq_ratio_1_2	c0_ratio_1_2	freq_ratio_1_3	c0_ratio_1_3	freq_ratio_1_4	c0_ratio_1_4	freq_ratio_1_5	c0_ratio_1_5	freq_ratio_1_6	c0_ratio_1_6	freq_ratio_1_7	c0_ratio_1_7	
1350073065.794896	1.000202	83.016362	69.730898	3.799510	1.152167	0.161813	1.132404	0.618209	1.147028	0.997551	1.147028	0.997549	1.147028	0.997546	1.147028	0.997546	1.147028	0.997544	1.147028	0.997541	1350073065.795026	1.000290	71.180032	57.986744	1.655145	1.197767	0.999033	1.197766	0.999031	1.197766	0.999030	1.197766	0.999029	1.168147	0.004730	1.192170	0.848241	1.154093	0.002387	1.191998	0.383793	
1350073066.794889	0.999993	79.432526	66.137634	3.804973	1.153588	0.003101	1.153856	0.003949	1.166458	0.993359	1.166458	0.993354	1.166458	0.993345	1.166458	0.993342	1.166458	0.993338	1.166458	0.993330	1350073066.795000	0.999974	77.646671	64.438915	2.868971	1.192297	0.999910	1.192297	0.999910	1.192297	0.999910	1.192297	0.999910	1.153918	0.000074	1.192297	0.999909	1.153375	0.000059	1.192297	0.999909	
1350073067.794888	0.999999	79.428543	66.125383	3.808674	1.153897	0.002183	1.153821	0.004996	1.165051	0.993363	1.165050	0.993359	1.165050	0.993353	1.165049	0.993348	1.165050	0.993345	1.165050	0.993337	1350073067.794996	0.999996	77.843928	64.625506	2.868618	1.192299	0.999911	1.192299	0.999911	1.192299	0.999911	1.192299	0.999911	1.154213	0.000060	1.192299	0.999911	1.159216	0.000010	1.192299	0.999911	
1350073068.794889	1.000001	79.352585	66.068357	3.785488	1.153974	0.002144	1.153839	0.005003	1.163908	0.993821	1.163908	0.993818	1.163908	0.993810	1.163909	0.993807	1.163907	0.993804	1.163908	0.993799	1350073068.795001	1.000005	77.952185	64.725796	2.785097	1.192295	0.999887	1.192295	0.999886	1.192295	0.999886	1.192295	0.999886	1.153899	0.000121	1.192295	0.999886	1.152907	0.000042	1.192295	0.999886	
1350073069.794888	0.999999	79.432128	66.147219	3.801304	1.153626	0.001858	1.153829	0.004563	1.163496	0.994323	1.163496	0.994318	1.163496	0.994313	1.163495	0.994299	1.163496	0.994295	1.163497	0.994288	1350073069.795021	1.000020	78.021448	64.790542	2.559275	1.192300	0.999910	1.192300	0.999910	1.192299	0.999910	1.192299	0.999910	1.153975	0.000049	1.192300	0.999910	1.158147	0.000010	1.192299	0.999910	
1350073070.794889	1.000001	79.434144	66.155958	3.793591	1.153895	0.002027	1.153821	0.004722	1.163454	0.994115	1.163454	0.994111	1.163454	0.994104	1.163455	0.994102	1.163453	0.994097	1.163454	0.994090	1350073070.795013	0.999992	78.078285	64.846580	2.489263	1.192298	0.999909	1.192298	0.999909	1.192298	0.999909	1.192298	0.999908	1.153913	0.000066	1.192298	0.999909	1.153552	0.000044	1.192298	0.999909	
1350073071.794888	0.999999	79.433792	66.158327	3.812671	1.153830	0.002144	1.153802	0.004498	1.163177	0.994084	1.163176	0.994080	1.163176	0.994075	1.163176	0.994082	1.163176	0.994079	1.163176	0.994072	1350073071.794997	0.999984	78.123791	64.889190	2.413231	1.192299	0.999909	1.192299	0.999909	1.192299	0.999909	1.192299	0.999909	1.153905	0.000063	1.192299	0.999909	1.153677	0.000011	1.192299	0.999908	
1350073072.794888	1.000000	79.434906	66.162109	3.812408	1.153839	0.002011	1.153858	0.004630	1.163244	0.994011	1.163243	0.994006	1.163244	0.993999	1.163243	0.993999	1.163243	0.993994	1.163243	0.993986	1350073072.794995	0.999998	78.163464	64.927065	2.444936	1.192298	0.999910	1.192298	0.999910	1.192298	0.999909	1.192298	0.999910	1.153790	0.000057	1.192298	0.999909	1.153454	0.000039	1.192298	0.999909	
1350073073.794888	1.000000	79.427780	66.153442	3.801270	1.153773	0.001973	1.153782	0.004556	1.162524	0.994431	1.162523	0.994426	1.162523	0.994419	1.162523	0.994407	1.162524	0.994402	1.162524	0.994397	1350073073.795017	1.000022	78.149424	64.911281	2.532629	1.192295	0.999888	1.192295	0.999888	1.192295	0.999887	1.192295	0.999887	1.153896	0.000125	1.192295	0.999887	1.156266	0.000010	1.192295	0.999888	
1350073074.794889	1.000001	79.437150	66.161436	3.805004	1.153804	0.005444	1.153317	0.000791	1.162289	0.994687	1.162289	0.994685	1.162289	0.994678	1.162289	0.994686	1.162288	0.994682	1.162289	0.994677	1350073074.795000	0.999983	78.203030	64.961122	2.356668	1.192298	0.999910	1.192298	0.999910	1.192298	0.999910	1.192298	0.999910	1.153912	0.000063	1.192298	0.999910	1.153019	0.000041	1.192298	0.999910	
1350073075.794889	1.000000	79.429871	66.155655	3.782303	1.147298	0.004271	1.153793	0.003612	1.162219	0.994663	1.162219	0.994659	1.162219	0.994653	1.162218	0.994641	1.162219	0.994639	1.162219	0.994632	1350073075.795012	1.000012	78.242521	64.995945	2.376223	1.192299	0.999910	1.192299	0.999910	1.192299	0.999910	1.192299	0.999910	1.153821	0.000056	1.192299	0.999910	1.155813	0.000011	1.192299	0.999910	
1350073076.794889	1.000000	79.355942	66.089462	3.805084	1.153838	0.002334	1.154138	0.000624	1.163838	0.995367	1.163838	0.995365	1.163838	0.995359	1.163839	0.995367	1.163838	0.995364	1.163838	0.995358	1350073076.794997	0.999985	78.271851	65.026962	1.701670	1.192292	0.999864	1.192292	0.999864	1.192292	0.999864	1.192292	0.999864	1.153726	0.000097	1.192292	0.999864	1.153545	0.000091	1.192292	0.999864	
1350073077.794888	0.999999	79.429702	66.151903	3.785847	1.153838	0.001942	1.147430	0.000012	1.164087	0.995443	1.164087	0.995440	1.164088	0.995436	1.164087	0.995433	1.164087	0.995419	1.164088	0.995414	1350073077.795016	1.000019	78.267291	65.018200	1.586731	1.192297	0.999910	1.192297	0.999911	1.192297	0.999910	1.192297	0.999910	1.153930	0.000094	1.192297	0.999910	1.157868	0.000010	1.192298	0.999910	
1350073078.794889	1.000001	79.434571	66.155989	3.797314	1.153787	0.003437	1.153861	0.003679	1.161432	0.994872	1.161431	0.994868	1.161431	0.994864	1.161431	0.994862	1.161431	0.994868	1.161431	0.994863	1350073078.794995	0.999979	77.161592	63.906019	3.369440	1.192293	0.999887	1.192293	0.999887	1.192293	0.999887	1.192293	0.999887	1.153902	0.000144	1.192293	0.999886	1.153646	0.000062	1.192292	0.999887	
1350073079.794889	1.000000	79.001419	65.716568	3.808578	1.153741	0.005758	1.152808	0.000022	1.185714	0.993064	1.185714	0.993056	1.185714	0.993052	1.185714	0.993046	1.185714	0.993031	1.185715	0.993025	1350073079.795017	1.000022	75.291989	62.026197	2.202375	1.192298	0.999910	1.192298	0.999910	1.192298	0.999910	1.192298	0.999910	1.153862	0.000059	1.192298	0.999910	1.154826	0.000011	1.192298	0.999910	
1350073080.794889	1.000000	79.339142	66.046310	3.797302	1.153780	0.004984	1.153294	0.001120	1.176075	0.993793	1.176075	0.993790	1.176075	0.993783	1.176075	0.993780	1.176075	0.993788	1.176075	0.993782	1350073080.794994	0.999977	76.925192	63.659828	2.451640	1.192296	0.999888	1.192296	0.999888	1.192296	0.999888	1.192296	0.999888	1.154060	0.000064	1.192296	0.999887	1.153548	0.000043	1.192296	0.999887	
1350073081.794888	0.999999	79.435928	66.144137	3.766620	1.153759	0.005922	1.154308	0.000864	1.159442	0.995852	1.159442	0.995850	1.159442	0.995845	1.159442	0.995843	1.159442	0.995842	1.159442	0.995838	1350073081.794995	1.000001	78.455492	65.195388	2.465925	1.192299	0.999910	1.192299	0.999910	1.192299	0.999910	1.192299	0.999910	1.153719	0.000049	1.192299	0.999910	1.152919	0.000011	1.192299	0.999910	
1350073082.794889	1.000001	79.432953	66.142591	3.789547	1.153782	0.003432	1.153728	0.002885	1.161025	0.994933	1.161025	0.994929	1.161025	0.994923	1.161025	0.994922	1.161025	0.994920	1.161025	0.994915	1350073082.794997	1.000002	78.419254	65.160627	2.190502	1.192298	0.999909	1.192298	0.999909	1.192298	0.999909	1.192298	0.999909	1.153817	0.000055	1.192298	0.999909	1.153267	0.000044	1.192298	0.999909	
1350073083.794888	0.999999	79.434265	66.142595	3.789738	1.153836	0.001755	1.153785	0.004770	1.160286	0.995168	1.160286	0.995164	1.160287	0.995159	1.160286	0.995157	1.160286	0.995141	1.160287	0.995137	1350073083.795017	1.000020	78.432145	65.177375	2.763418	1.192295	0.999887	1.192295	0.999887	1.192295	0.999887	1.192295	0.999887	1.153794	0.000129	1.192295	0.999887	1.156152	0.000011	1.192295	0.999887	
1350073084.794889	1.000001	79.437485	66.144056	3.805401	1.153829	0.002619	1.154008	0.001244	1.161356	0.995510	1.161356	0.995508	1.161356	0.995504	1.161356	0.995502	1.161355	0.995512	1.161355	0.995506	1350073084.795031	1.000014	78.444835	65.189131	1.719290	1.192297	0.999909	1.192297	0.999909	1.192297	0.999910	1.192297	0.999909	1.153852	0.000077	1.192297	0.999909	1.153990	0.000060	1.192297	0.999909	
1350073085.794889	1.000000	79.350510	66.066254	3.793625	1.153455	0.005094	1.153630	0.002762	1.160302	0.995067	1.160302	0.995062	1.160302	0.995056	1.160301	0.995055	1.160301	0.995041	1.160302	0.995034	1350073085.795019	0.999988	78.345142	65.103575	2.294476	1.192299	0.999909	1.192299	0.999909	1.192299	0.999909	1.192299	0.999909	1.153900	0.000052	1.192299	0.999909	1.154158	0.000011	1.192299	0.999910	
1350073086.794889	1.000000	79.438248	66.143341	3.801178	1.153789	0.004724	1.153827	0.001724	1.160038	0.995718	1.160038	0.995715	1.160038	0.995711	1.160038	0.995708	1.160038	0.995715	1.160038	0.995711	1350073086.795001	0.999982	78.410826	65.154379	2.072760	1.192298	0.999910	1.192298	0.999910	1.192298	0.999910	1.192298	0.999910	1.153342	0.000068	1.192298	0.999910	1.152953	0.000054	1.192298	0.999910	
1350073087.794888	0.999999	79.435897	66.142702	3.797657	1.153821	0.001649	1.153790	0.004557	1.160760	0.994854	1.160760	0.994850	1.160760	0.994844	1.160760	0.994842	1.160760	0.994838	1.160760	0.994834	1350073087.794997	0.999996	78.440473	65.182958	2.107583	1.192298	0.999910	1.192298	0.999911	1.192298	0.999910	1.192298	0.999910	1.154303	0.000078	1.192298	0.999911	1.159461	0.000010	1.192298	0.999911	
1350073088.794889	1.000001	79.432160	66.137785	3.789517	1.153833	0.001834	1.153887	0.004931	1.160054	0.995750	1.160053	0.995747	1.160054	0.995744	1.160054	0.995741	1.160053	0.995739	1.160053	0.995732	1350073088.794997	1.000000	78.402969	65.145584	2.457153	1.192290	0.999842	1.192290	0.999842	1.192290	0.999842	1.192290	0.999841	1.153855	0.000147	1.192290	0.999841	1.153587	0.000068	1.192290	0.999841	
1350073089.794888	0.999999	79.433166	66.136431	3.801227	1.153832	0.001519	1.153783	0.004568	1.159998	0.995694	1.159998	0.995692	1.159998	0.995686	1.159998	0.995683	1.159998	0.995671	1.159998	0.995665	1350073089.795014	1.000017	78.432297	65.174602	2.050121	1.192299	0.999910	1.192299	0.999910	1.192299	0.999909	1.192299	0.999909	1.153900	0.000049	1.192299	0.999909	1.151434	0.000011	1.192299	0.999909	
1350073090.794889	1.000001	79.441666	66.141859	3.788601	1.130006	0.006408	1.117340	0.004382	1.158161	0.996187	1.158161	0.996185	1.158162	0.996181	1.158161	0.996179	1.158161	0.996188	1.158160	0.996184	1350073090.794997	0.999983	78.035409	64.774915	1.658140	1.177512	0.999921	1.177512	0.999921	1.177512	0.999921	1.177512	0.999921	1.153847	0.003560	1.177512	0.999932	1.153685	0.002812	1.177512	0.999932	
1350073091.794888	0.999999	79.435760	66.138720	3.797077	1.153773	0.003115	1.153839	0.000760	1.160610	0.996157	1.160610	0.996154	1.160610	0.996149	1.160610	0.996148	1.160610	0.996145	1.160610	0.996141	1350073091.795001	1.000004	78.429949	65.168483	1.685662	1.192298	0.999921	1.192298	0.999921	1.192298	0.999921	1.192298	0.999921	1.153716	0.000071	1.192299	0.999910	1.201266	0.000010	1.192298	0.999910	
1350073092.794889	1.000001	79.433838	66.136381	3.797787	1.153852	0.002464	1.153831	0.003828	1.158773	0.996087	1.158772	0.996084	1.158772	0.996080	1.158773	0.996078	1.158773	0.996076	1.158772	0.996072	1350073092.794998	0.999997	78.402419	65.142170	2.559761	1.192298	0.999910	1.192298	0.999910	1.192298	0.999910	1.192298	0.999910	1.153944	0.000057	1.192298	0.999909	1.154012	0.000053	1.192298	0.999909	
1350073093.794888	0.999999	79.433929	66.135821	3.785984	1.153819	0.001954	1.153784	0.002788	1.159942	0.995734	1.159942	0.995731	1.159942	0.995726	1.159942	0.995724	1.159941	0.995720	1.159942	0.995716	1350073093.794994	0.999996	78.395642	65.136830	1.920281	1.192296	0.999887	1.192296	0.999887	1.192296	0.999887	1.192296	0.999887	1.153936	0.000118	1.192296	0.999887	1.154975	0.000010	1.192296	0.999887	
1350073094.794889	1.000001	79.344926	66.048719	3.804913	1.153814	0.001713	1.153854	0.004486	1.168604	0.994689	1.168604	0.994684	1.168604	0.994679	1.168603	0.994664	1.168604	0.994660	1.168604	0.994656	1350073094.795018	1.000024	75.863408	62.598483	2.014905	1.192296	0.999887	1.192296	0.999887	1.192296	0.999887	1.192296	0.999887	1.153213	0.000057	1.192296	0.999887	1.152998	0.000055	1.192296	0.999887	
1350073095.794896	1.000007	715798170.884397	715790718.510340	715806819.558119	0.999989	1.000208	0.999986	1.000212	0.999997	1.000210	0.999989	1.000210	0.999989	1.000212	0.999992	1.000208	0.999989	1.000213	0.999989	1.000210	1350073095.794995	0.999977	715791773.118785	715806302.356423	715787343.355057	0.999988	1.000207	0.999986	1.000212	3.893104	0.256917	0.999989	1.000210	0.999989	1.000212	0.999992	1.000208	0.999989	1.000213	0.999989	1.000211	
1350073096.794889	0.999993	0.000000	0.000000	0.000000	-nan	-nan	-nan	-nan	714287974057.653076	inf	-nan	-nan	-nan	0.000000	0.000000	inf	-nan	-nan	-nan	-nan	1350073096.794962	0.999967	0.000000	0.000000	0.000000	-nan	-nan	-nan	-nan	1.345745	inf	-nan	-nan	-nan	-nan	-nan	-nan	-nan	-nan	-nan	-nan	
