ts_0	elapsed_0	pkg_0	pp0_0	dram_0	freq_ratio_0_0	c0_ratio_0_0	freq_ratio_0_1	c0_ratio_0_1	freq_ratio_0_2	c0_ratio_0_2	freq_ratio_0_3	c0_ratio_0_3	freq_ratio_0_4	c0_ratio_0_4	freq_ratio_0_5	c0_ratio_0_5	freq_ratio_0_6	c0_ratio_0_6	freq_ratio_0_7	c0_ratio_0_7	ts_1	elapsed_1	pkg_1	pp0_1	dram_1	freq_ratio_1_0	c0_ratio_1_0	freq_ratio_1_1	c0_ratio_1_1	freq_ratio_1_2	c0_ratio_1_2	freq_ratio_1_3	c0_ratio_1_3	freq_ratio_1_4	c0_ratio_1_4	freq_ratio_1_5	c0_ratio_1_5	freq_ratio_1_6	c0_ratio_1_6	freq_ratio_1_7	c0_ratio_1_7	
1350073065.774712	1.000252	81.589180	68.195491	4.971403	1.150025	0.004964	1.152526	0.998006	1.152525	0.998004	1.152526	0.998003	1.152526	0.997990	1.143424	0.802040	1.152528	0.997979	1.152528	0.997976	1350073065.774891	1.000359	71.891133	58.663080	2.374986	1.192302	0.999933	1.192302	0.999933	1.192302	0.999933	1.192302	0.999933	1.192293	0.197603	1.192302	0.999933	1.178040	0.000118	1.189861	0.000032	
1350073066.774710	0.999998	78.177471	64.777559	4.967981	1.153758	0.008221	1.188227	0.989276	1.188226	0.989267	1.188227	0.989261	1.188228	0.989244	1.153661	0.000127	1.188226	0.989246	1.188227	0.989232	1350073066.774886	0.999995	79.149185	65.912821	2.785567	1.192268	0.999599	1.192268	0.999599	1.192268	0.999598	1.192268	0.999597	1.192268	0.999597	1.192268	0.999597	1.153859	0.000164	1.153782	0.000207	
1350073067.774709	0.999999	78.308287	64.907700	4.957845	1.153756	0.003267	1.191105	0.992024	1.191105	0.992018	1.191106	0.992011	1.191106	0.992001	1.153858	0.003378	1.191105	0.992003	1.191106	0.991995	1350073067.774886	1.000000	79.333298	66.086365	2.611374	1.192292	0.999843	1.192292	0.999843	1.192292	0.999843	1.192292	0.999843	1.192292	0.999843	1.192292	0.999843	1.153715	0.000108	1.154323	0.000037	
1350073068.774710	1.000001	78.540575	65.127120	4.962749	1.153819	0.003584	1.190653	0.994414	1.190653	0.994416	1.190653	0.994411	1.190654	0.994402	1.154110	0.000745	1.190653	0.994405	1.190654	0.994400	1350073068.774889	1.000003	79.354780	66.101770	2.258401	1.186174	0.995079	1.186174	0.995075	1.186174	0.995070	1.186174	0.995067	1.186174	0.995064	1.186174	0.995058	1.153888	0.000188	1.153966	0.002705	
1350073069.774715	1.000005	78.558155	65.147531	4.993109	1.153751	0.007035	1.189371	0.990536	1.189370	0.990528	1.189371	0.990525	1.189371	0.990510	1.150675	0.000269	1.189370	0.990510	1.189371	0.990500	1350073069.774895	1.000006	79.416443	66.165072	2.696609	1.191459	0.999676	1.191459	0.999675	1.191459	0.999675	1.191459	0.999675	1.191459	0.999675	1.191459	0.999674	1.153723	0.000094	1.145429	0.000029	
1350073070.774710	0.999995	78.594403	65.199972	4.997965	1.153782	0.007847	1.188207	0.988284	1.188207	0.988273	1.188208	0.988271	1.188208	0.988262	1.154078	0.000470	1.188206	0.988272	1.188207	0.988262	1350073070.774824	0.999929	79.423795	66.182162	2.729305	1.191172	0.999412	1.191172	0.999411	1.191172	0.999411	1.191172	0.999410	1.191172	0.999410	1.191172	0.999416	1.154172	0.000099	1.153857	0.000173	
1350073071.774714	1.000004	78.698152	65.307810	4.992778	1.153703	0.004928	1.189548	0.992431	1.189547	0.992427	1.189548	0.992423	1.189548	0.992401	1.153549	0.000486	1.189549	0.992390	1.189549	0.992383	1350073071.774935	1.000111	79.412838	66.186311	2.292348	1.191290	0.999644	1.191290	0.999644	1.191290	0.999644	1.191290	0.999644	1.191290	0.999643	1.191290	0.999643	1.153524	0.000144	1.152946	0.000030	
1350073072.774710	0.999996	78.747771	65.360143	4.972982	1.153826	0.001775	1.191556	0.993015	1.191556	0.993006	1.191555	0.993003	1.191556	0.993004	1.153929	0.004027	1.191555	0.992993	1.191556	0.992985	1350073072.774890	0.999955	79.338368	66.125859	2.470128	1.191191	0.999507	1.191191	0.999507	1.191191	0.999506	1.191191	0.999507	1.191191	0.999507	1.191191	0.999506	1.153857	0.001885	1.153875	0.000089	
1350073073.774710	1.000000	78.802567	65.413361	4.948059	1.153790	0.001565	1.191256	0.992303	1.191256	0.992300	1.191256	0.992299	1.191257	0.992278	1.153776	0.004134	1.191256	0.992288	1.191257	0.992280	1350073073.774887	0.999997	79.417971	66.195472	2.457817	1.191083	0.999528	1.191083	0.999528	1.191083	0.999528	1.191083	0.999528	1.191083	0.999527	1.191083	0.999526	1.153837	0.000179	1.153748	0.000047	
1350073074.774710	1.000000	78.911041	65.523315	4.963211	1.153787	0.002803	1.191732	0.994781	1.191732	0.994774	1.191732	0.994774	1.191732	0.994770	1.153853	0.001383	1.191732	0.994769	1.191732	0.994763	1350073074.774889	1.000002	79.395417	66.170940	2.282466	1.191641	0.999620	1.191641	0.999619	1.191641	0.999619	1.191641	0.999619	1.191641	0.999618	1.191641	0.999618	1.153672	0.000154	1.153746	0.000125	
1350073075.774710	1.000000	78.963638	65.575775	4.948196	1.154073	0.001494	1.192056	0.997116	1.192056	0.997115	1.192056	0.997113	1.192056	0.997121	1.153798	0.000719	1.192055	0.997131	1.192056	0.997131	1350073075.774825	0.999936	79.433313	66.209446	1.823084	1.190619	0.999462	1.190619	0.999462	1.190619	0.999461	1.190619	0.999460	1.190619	0.999460	1.190619	0.999460	1.154010	0.000157	1.152296	0.000050	
1350073076.774710	1.000000	78.958481	65.569626	4.948242	1.153611	0.001583	1.191853	0.996465	1.191853	0.996461	1.191853	0.996459	1.191853	0.996454	1.154038	0.001231	1.191853	0.996432	1.191854	0.996432	1350073076.774887	1.000062	79.398307	66.174441	1.903614	1.190885	0.999510	1.190885	0.999510	1.190885	0.999509	1.190885	0.999508	1.190885	0.999508	1.190885	0.999508	1.153939	0.000143	1.154873	0.000083	
1350073077.774710	1.000000	78.839005	65.450470	4.968155	1.153850	0.002038	1.190817	0.990743	1.190817	0.990741	1.190818	0.990734	1.190818	0.990721	1.153803	0.005427	1.190817	0.990718	1.190818	0.990707	1350073077.774887	1.000000	79.367767	66.142044	2.648407	1.192112	0.999819	1.192112	0.999819	1.192112	0.999819	1.192112	0.999818	1.192112	0.999818	1.192112	0.999818	1.153645	0.000103	1.154298	0.000030	
1350073078.774710	1.000000	78.691574	65.299606	4.942856	1.153815	0.001521	1.191822	0.996186	1.191822	0.996183	1.191823	0.996180	1.191822	0.996173	1.153827	0.001564	1.191822	0.996175	1.191822	0.996175	1350073078.774889	1.000002	78.157367	64.929609	2.141552	1.192132	0.998054	1.192132	0.998052	1.192132	0.998050	1.192132	0.998048	1.192132	0.998047	1.192132	0.998046	1.153883	0.000225	1.153869	0.001375	
1350073079.774710	1.000000	75.866211	62.484756	4.947815	1.153777	0.002512	1.191193	0.992596	1.191193	0.992591	1.191193	0.992587	1.191194	0.992567	1.153844	0.003813	1.191193	0.992580	1.191193	0.992574	1350073079.774889	1.000000	76.195297	62.958939	2.696579	1.192292	0.999843	1.192292	0.999843	1.192292	0.999843	1.192292	0.999843	1.192292	0.999843	1.192292	0.999843	1.153855	0.000112	1.153366	0.000043	
1350073080.774710	1.000000	77.478516	64.080612	4.967758	1.153774	0.005032	1.190928	0.992449	1.190928	0.992444	1.190928	0.992440	1.190929	0.992443	1.153842	0.001336	1.190928	0.992430	1.190929	0.992428	1350073080.774887	0.999998	77.592540	64.350571	2.698934	1.192289	0.999820	1.192289	0.999820	1.192289	0.999820	1.192289	0.999820	1.192289	0.999820	1.192289	0.999819	1.153669	0.000129	1.153868	0.000072	
1350073081.774710	1.000000	79.199356	65.802094	4.953049	1.153872	0.002560	1.191582	0.996227	1.191582	0.996223	1.191582	0.996222	1.191582	0.996219	1.153593	0.000474	1.191581	0.996241	1.191582	0.996237	1350073081.774825	0.999938	79.504333	66.268787	1.998018	1.189888	0.999329	1.189888	0.999328	1.189888	0.999329	1.189888	0.999327	1.189888	0.999326	1.189888	0.999327	1.154026	0.000145	1.153853	0.000046	
1350073082.774710	1.000000	79.043259	65.640869	4.978210	1.153723	0.005561	1.189299	0.988175	1.189299	0.988168	1.189299	0.988167	1.189300	0.988137	1.153871	0.003271	1.189300	0.988126	1.189301	0.988116	1350073082.774889	1.000064	79.414161	66.182157	3.025274	1.187575	0.998701	1.187575	0.998700	1.187575	0.998699	1.187575	0.998697	1.187575	0.998697	1.187575	0.998695	1.153838	0.001840	1.153659	0.000064	
1350073083.774710	1.000000	79.042450	65.636246	4.983093	1.153798	0.001522	1.190264	0.987647	1.190264	0.987640	1.190265	0.987632	1.190265	0.987612	1.153850	0.006902	1.190264	0.987615	1.190265	0.987604	1350073083.774876	0.999987	79.419483	66.188017	2.933709	1.187211	0.998630	1.187211	0.998629	1.187211	0.998628	1.187211	0.998629	1.187211	0.998626	1.187211	0.998624	1.153896	0.000162	1.154222	0.000048	
1350073084.774710	1.000000	79.201950	65.797256	4.987091	1.153786	0.007909	1.187412	0.990840	1.187412	0.990833	1.187412	0.990830	1.187413	0.990828	1.153805	0.004882	1.187412	0.990818	1.187412	0.990806	1350073084.774908	1.000032	79.418941	66.186927	2.468107	1.186983	0.998669	1.186983	0.998667	1.186983	0.998667	1.186983	0.998666	1.186983	0.998665	1.186983	0.998663	1.114089	0.003785	1.116433	0.002743	
1350073085.774710	1.000000	79.251114	65.847794	4.958557	1.153787	0.002780	1.191702	0.995875	1.191702	0.995872	1.191702	0.995870	1.191702	0.995854	1.153799	0.000475	1.191702	0.995867	1.191702	0.995865	1350073085.774886	0.999978	79.420184	66.188921	1.973600	1.188272	0.998904	1.188272	0.998903	1.188272	0.998902	1.188272	0.998902	1.188272	0.998902	1.188272	0.998901	1.153936	0.000131	1.153850	0.000044	
1350073086.774710	1.000000	79.169296	65.763458	4.968185	1.153773	0.006029	1.190583	0.992268	1.190583	0.992260	1.190583	0.992256	1.190583	0.992257	1.153800	0.000468	1.190583	0.992245	1.190583	0.992239	1350073086.774889	1.000003	79.423704	66.189446	2.687660	1.188869	0.999083	1.188869	0.999082	1.188869	0.999081	1.188869	0.999080	1.188869	0.999080	1.188869	0.999079	1.153959	0.000110	1.153763	0.000076	
1350073087.774709	0.999999	79.187438	65.781999	4.963063	1.153805	0.002814	1.191337	0.993381	1.191337	0.993374	1.191338	0.993371	1.191338	0.993351	1.153701	0.003272	1.191337	0.993362	1.191338	0.993359	1350073087.774888	0.999999	79.412246	66.176287	2.480776	1.189113	0.999080	1.189113	0.999079	1.189113	0.999078	1.189113	0.999078	1.189113	0.999077	1.189113	0.999076	1.153942	0.000325	1.154314	0.000046	
1350073088.774710	1.000001	79.247712	65.840590	4.952861	1.153853	0.001419	1.191688	0.995353	1.191688	0.995350	1.191688	0.995347	1.191688	0.995350	1.154112	0.002426	1.191688	0.995337	1.191689	0.995332	1350073088.774886	0.999998	79.417876	66.183659	2.119358	1.188767	0.998968	1.188767	0.998968	1.188767	0.998967	1.188767	0.998966	1.188767	0.998965	1.188767	0.998965	1.153478	0.000203	1.153610	0.000107	
1350073089.774710	1.000000	79.251007	65.839951	4.973038	1.153795	0.001378	1.191604	0.994483	1.191604	0.994478	1.191605	0.994471	1.191605	0.994451	1.153721	0.003097	1.191604	0.994463	1.191605	0.994459	1350073089.774888	1.000002	79.422090	66.185955	2.305065	1.189511	0.999183	1.189511	0.999182	1.189511	0.999182	1.189511	0.999181	1.189511	0.999180	1.189511	0.999180	1.154144	0.000092	1.154091	0.000030	
1350073090.774710	1.000000	79.327988	65.920639	4.968262	1.153836	0.002432	1.191804	0.996107	1.191804	0.996103	1.191804	0.996103	1.191804	0.996098	1.153802	0.001502	1.191804	0.996100	1.191804	0.996096	1350073090.774889	1.000001	79.414567	66.182051	1.933210	1.186918	0.998553	1.186918	0.998552	1.186918	0.998551	1.186919	0.998549	1.186919	0.998548	1.186919	0.998547	1.153850	0.000198	1.153162	0.000088	
1350073091.774710	1.000000	79.176849	65.764725	4.982971	1.153767	0.004369	1.190315	0.990704	1.190315	0.990697	1.190316	0.990694	1.190315	0.990683	1.153780	0.002974	1.190315	0.990687	1.190315	0.990675	1350073091.774887	0.999998	79.421676	66.186756	2.698415	1.188845	0.999005	1.188845	0.999004	1.188845	0.999003	1.188845	0.999002	1.188845	0.999002	1.188845	0.999001	1.153873	0.000111	1.155182	0.000044	
1350073092.774710	1.000000	79.198669	65.786316	4.957932	1.153802	0.002469	1.190914	0.990244	1.190914	0.990235	1.190915	0.990230	1.190915	0.990227	1.153925	0.005455	1.190914	0.990216	1.190915	0.990205	1350073092.774888	1.000001	79.413376	66.177809	2.706891	1.188168	0.998825	1.188168	0.998825	1.188168	0.998824	1.188169	0.998823	1.188169	0.998823	1.188169	0.998822	1.153853	0.001817	1.153783	0.000053	
1350073093.774710	1.000000	79.284378	65.872284	4.978104	1.153877	0.001337	1.191205	0.992859	1.191205	0.992854	1.191205	0.992848	1.191205	0.992835	1.153744	0.004377	1.191205	0.992836	1.191205	0.992828	1350073093.774889	1.000001	79.414078	66.177107	2.490766	1.189966	0.999240	1.189966	0.999239	1.189966	0.999238	1.189966	0.999237	1.189966	0.999237	1.189966	0.999237	1.153856	0.000252	1.153875	0.000065	
1350073094.774710	1.000000	77.603027	64.196503	4.958466	1.153757	0.004847	1.191064	0.992661	1.191064	0.992656	1.191063	0.992651	1.191065	0.992629	1.153959	0.001488	1.191064	0.992639	1.191065	0.992632	1350073094.774889	1.000000	76.781021	63.539444	2.699890	1.192011	0.999775	1.192011	0.999774	1.192011	0.999774	1.192011	0.999774	1.192011	0.999774	1.192011	0.999774	1.153601	0.000127	1.153745	0.000078	
1350073095.774712	1.000002	715807039.493012	715807672.452590	715800321.373548	0.999986	1.000188	0.999983	1.000193	0.999993	1.000190	0.999985	1.000188	0.999986	1.000192	0.999988	1.000187	0.999986	1.000192	0.999986	1.000190	1350073095.774811	0.999922	715822035.332913	715818636.070414	715876956.602251	0.999985	1.000187	0.999983	1.000190	3.893314	0.256898	0.999986	1.000190	0.999985	1.000190	0.999989	1.000188	0.999986	1.000193	0.999986	1.000190	
1350073096.774710	0.999998	0.000000	0.000000	0.000000	-nan	-nan	-nan	-nan	8.000000	inf	-nan	-nan	-nan	0.000000	-nan	-nan	-nan	-nan	-nan	-nan	1350073096.774784	0.999973	0.000000	0.000000	0.000000	-nan	-nan	-nan	-nan	0.000000	inf	-nan	-nan	-nan	-nan	-nan	-nan	-nan	-nan	-nan	-nan	
