ts_0	elapsed_0	pkg_0	pp0_0	dram_0	freq_ratio_0_0	c0_ratio_0_0	freq_ratio_0_1	c0_ratio_0_1	freq_ratio_0_2	c0_ratio_0_2	freq_ratio_0_3	c0_ratio_0_3	freq_ratio_0_4	c0_ratio_0_4	freq_ratio_0_5	c0_ratio_0_5	freq_ratio_0_6	c0_ratio_0_6	freq_ratio_0_7	c0_ratio_0_7	ts_1	elapsed_1	pkg_1	pp0_1	dram_1	freq_ratio_1_0	c0_ratio_1_0	freq_ratio_1_1	c0_ratio_1_1	freq_ratio_1_2	c0_ratio_1_2	freq_ratio_1_3	c0_ratio_1_3	freq_ratio_1_4	c0_ratio_1_4	freq_ratio_1_5	c0_ratio_1_5	freq_ratio_1_6	c0_ratio_1_6	freq_ratio_1_7	c0_ratio_1_7	
1350073065.783064	1.000308	83.190546	69.868935	4.472728	1.099113	0.998406	1.099113	0.998406	1.099113	0.998405	1.099113	0.998404	1.099113	0.998404	1.099113	0.998401	1.099112	0.998399	1.099112	0.998398	1350073065.783098	1.000301	63.387590	50.150148	2.726902	1.230258	0.996022	1.230258	0.996019	1.230258	0.996015	1.230258	0.996013	1.192425	0.002534	1.192185	0.000807	1.217875	0.000068	1.190632	0.000255	
1350073066.783061	0.999997	79.531817	66.216743	4.549788	1.066306	0.997427	1.066306	0.997425	1.066305	0.997424	1.066305	0.997422	1.066305	0.997420	1.066305	0.997420	1.066305	0.997419	1.066305	0.997417	1350073066.783093	0.999995	63.761183	50.528558	2.707319	1.230462	0.997393	1.230461	0.997391	1.230461	0.997388	1.230462	0.997386	1.192462	0.001543	1.192769	0.000318	1.195020	0.000298	1.192925	0.000165	
1350073067.783054	0.999993	79.398864	66.092986	4.557603	1.099662	0.996877	1.099663	0.996874	1.066578	0.504214	1.099664	0.996872	1.099664	0.996868	1.099664	0.996867	1.099664	0.996865	1.099664	0.996863	1350073067.783114	1.000021	66.741382	53.510382	2.693013	1.211536	0.998688	1.211536	0.998687	1.211536	0.998686	1.211536	0.998684	1.192309	0.495614	1.192234	0.001141	1.193408	0.000061	1.192639	0.000220	
1350073068.783054	1.000000	79.462708	66.139465	4.667282	1.134531	0.996463	1.134532	0.996461	1.132218	0.000356	1.134533	0.996460	1.134533	0.996457	1.134533	0.996455	1.134533	0.996453	1.134533	0.996450	1350073068.783106	0.999992	69.659073	56.424835	2.714210	1.192306	0.999977	1.192306	0.999978	1.192306	0.999977	1.192306	0.999978	1.192306	0.999977	1.192267	0.001897	1.184454	0.000011	1.192413	0.000219	
1350073069.783054	1.000000	79.461899	66.135223	4.638809	1.134367	0.996446	1.134367	0.996444	1.139594	0.000325	1.134367	0.996444	1.134367	0.996440	1.134367	0.996438	1.134367	0.996436	1.134367	0.996434	1350073069.783108	1.000002	69.535878	56.296569	2.695490	1.192302	0.999926	1.192301	0.999926	1.192302	0.999926	1.192302	0.999926	1.192302	0.999926	1.192188	0.003770	1.192497	0.000065	1.189448	0.000353	
1350073070.783054	1.000000	79.460648	66.132568	4.578583	1.133720	0.996257	1.133720	0.996261	1.124869	0.000267	1.133720	0.996254	1.133720	0.996251	1.133720	0.996250	1.133720	0.996247	1.133720	0.996243	1350073070.783105	0.999997	69.487459	56.246161	2.699700	1.192306	0.999978	1.192306	0.999978	1.192306	0.999978	1.192306	0.999978	1.192306	0.999978	1.192292	0.001843	1.200747	0.000011	1.192231	0.000214	
1350073071.783054	1.000000	79.461227	66.132278	4.647400	1.133816	0.996405	1.133816	0.996400	1.134936	0.000338	1.133816	0.996401	1.133816	0.996398	1.133816	0.996396	1.133816	0.996394	1.133816	0.996390	1350073071.783111	1.000006	69.573987	56.332840	2.706069	1.192306	0.999976	1.192306	0.999976	1.192306	0.999975	1.192306	0.999975	1.192305	0.999975	1.192192	0.001976	1.191674	0.000357	1.191214	0.000228	
1350073072.783054	1.000000	79.469818	66.141678	4.608383	1.133732	0.996253	1.133732	0.996252	1.130288	0.000314	1.133731	0.996252	1.133731	0.996248	1.133731	0.996246	1.133731	0.996246	1.133731	0.996241	1350073072.783108	0.999997	69.510347	56.268973	2.700829	1.192306	0.999978	1.192306	0.999978	1.192306	0.999978	1.192306	0.999978	1.192306	0.999978	1.192398	0.001871	1.196294	0.000045	1.193289	0.000211	
1350073073.783054	1.000000	79.457870	66.127060	4.579483	1.133592	0.996264	1.133592	0.996262	1.127895	0.000362	1.133592	0.996261	1.133592	0.996257	1.133592	0.996255	1.133592	0.996253	1.133592	0.996249	1350073073.783106	0.999998	69.470637	56.241410	2.703390	1.192304	0.999950	1.192303	0.999949	1.192304	0.999949	1.192304	0.999949	1.192304	0.999949	1.191988	0.002007	1.188323	0.000049	1.191115	0.000344	
1350073074.783054	1.000000	79.466660	66.137634	4.595337	1.133424	0.996238	1.133425	0.996235	1.123801	0.000547	1.133424	0.996235	1.133425	0.996230	1.133424	0.996230	1.133424	0.996227	1.133424	0.996224	1350073074.783107	1.000001	69.549479	56.306160	2.702482	1.192306	0.999975	1.192306	0.999976	1.192306	0.999976	1.192306	0.999976	1.192306	0.999976	1.192340	0.001878	1.212554	0.000012	1.193400	0.000180	
1350073075.783054	1.000000	79.458908	66.130203	4.513916	1.133326	0.996245	1.133327	0.996243	1.128801	0.000314	1.133326	0.996243	1.133327	0.996238	1.133327	0.996238	1.133326	0.996236	1.133326	0.996233	1350073075.783113	1.000006	69.554395	56.311829	2.695052	1.192306	0.999978	1.192306	0.999978	1.192306	0.999978	1.192306	0.999978	1.192306	0.999978	1.192309	0.001948	1.183172	0.000063	1.191207	0.000249	
1350073076.783054	1.000000	79.464264	66.133850	4.608521	1.133536	0.996285	1.133536	0.996283	1.139308	0.000286	1.133536	0.996282	1.133536	0.996280	1.133536	0.996278	1.133536	0.996275	1.133536	0.996272	1350073076.783105	0.999992	69.610779	56.362929	2.700263	1.192306	0.999976	1.192306	0.999976	1.192306	0.999976	1.192306	0.999976	1.192306	0.999976	1.192286	0.001870	1.194235	0.000297	1.193546	0.000200	
1350073077.783054	1.000000	79.460052	66.129257	4.548080	1.133162	0.996195	1.133162	0.996191	1.130885	0.000317	1.133162	0.996192	1.133162	0.996187	1.133162	0.996186	1.133162	0.996184	1.133162	0.996180	1350073077.783108	1.000003	69.628446	56.379449	2.714088	1.192306	0.999978	1.192306	0.999978	1.192306	0.999978	1.192306	0.999978	1.192306	0.999978	1.192299	0.001964	1.192089	0.000274	1.192490	0.000293	
1350073078.783054	1.000000	79.462646	66.129898	4.555069	1.133120	0.996196	1.133120	0.996194	1.132495	0.000364	1.133120	0.996193	1.133120	0.996189	1.133120	0.996187	1.133120	0.996185	1.133120	0.996182	1350073078.783106	0.999998	68.500894	55.248503	2.697896	1.192306	0.999978	1.192306	0.999978	1.192306	0.999978	1.192306	0.999978	1.192306	0.999978	1.192327	0.001826	0.911955	0.000010	1.191239	0.000221	
1350073079.783054	1.000000	78.912445	65.580215	4.415192	1.140578	0.997528	1.140579	0.997526	1.142232	0.000343	1.140579	0.997525	1.140580	0.997524	1.140580	0.997522	1.140580	0.997520	1.140580	0.997519	1350073079.783107	1.000001	67.065320	53.800867	2.702771	1.192302	0.999932	1.192302	0.999933	1.192302	0.999932	1.192302	0.999933	1.192302	0.999932	1.192244	0.003409	1.237662	0.000059	1.188947	0.000228	
1350073080.783061	1.000007	78.929600	65.591938	4.303773	1.146755	0.998692	1.146755	0.998691	1.148873	0.000294	1.146754	0.998691	1.146754	0.998689	1.146754	0.998688	1.146754	0.998687	1.146754	0.998687	1350073080.783115	1.000008	68.317073	55.053173	2.697274	1.192304	0.999953	1.192304	0.999953	1.192304	0.999953	1.192304	0.999953	1.192304	0.999953	1.192351	0.001791	1.195276	0.000019	1.193093	0.000224	
1350073081.783054	0.999993	79.459854	66.122848	4.585542	1.132467	0.996191	1.132468	0.996189	1.134870	0.000356	1.132469	0.996189	1.132469	0.996184	1.132469	0.996182	1.132469	0.996180	1.132469	0.996175	1350073081.783108	0.999993	69.694803	56.440988	2.700824	1.192306	0.999977	1.192306	0.999977	1.192306	0.999977	1.192306	0.999977	1.192306	0.999977	1.192291	0.002088	1.192470	0.000351	1.192417	0.000282	
1350073082.783054	1.000000	79.463318	66.126678	4.503052	1.132200	0.996089	1.132200	0.996086	1.126587	0.000329	1.132198	0.996086	1.132199	0.996081	1.132198	0.996079	1.132198	0.996077	1.132198	0.996073	1350073082.783105	0.999997	69.678927	56.425422	2.706368	1.192306	0.999978	1.192306	0.999978	1.192306	0.999978	1.192306	0.999978	1.192305	0.999978	1.192305	0.001875	1.187988	0.000007	1.191572	0.000201	
1350073083.783054	1.000000	79.463226	66.127533	4.562134	1.132187	0.996150	1.132187	0.996146	1.135302	0.000427	1.132187	0.996148	1.132187	0.996144	1.132187	0.996142	1.132187	0.996140	1.132187	0.996137	1350073083.783106	1.000001	69.689860	56.431968	2.709134	1.192306	0.999978	1.192306	0.999978	1.192306	0.999978	1.192306	0.999978	1.192306	0.999978	1.192293	0.002031	1.192347	0.000088	1.192876	0.000261	
1350073084.783054	1.000000	79.387283	66.063522	4.592850	1.132476	0.996155	1.132476	0.996153	1.137697	0.000514	1.132476	0.996149	1.132476	0.996147	1.132476	0.996146	1.132475	0.996144	1.132476	0.996141	1350073084.783142	1.000036	69.680460	56.427214	2.706140	1.192306	0.999978	1.192306	0.999978	1.192306	0.999978	1.192306	0.999978	1.192306	0.999978	1.192289	0.002327	1.164991	0.000007	1.177645	0.000228	
1350073085.783054	1.000000	79.461212	66.124619	4.596420	1.132113	0.996026	1.132113	0.996022	1.143545	0.000383	1.132114	0.996024	1.132114	0.996018	1.132114	0.996015	1.132114	0.996014	1.132114	0.996010	1350073085.783106	0.999964	69.651601	56.396058	2.706518	1.192306	0.999978	1.192306	0.999977	1.192306	0.999977	1.192306	0.999977	1.192306	0.999977	1.192279	0.001898	1.185549	0.000062	1.204514	0.000256	
1350073086.783054	1.000000	79.463257	66.126953	4.584717	1.132100	0.996130	1.132100	0.996127	1.136994	0.000328	1.132100	0.996128	1.132100	0.996123	1.132100	0.996124	1.132100	0.996120	1.132100	0.996116	1350073086.783103	0.999997	69.669299	56.414787	2.710473	1.192306	0.999978	1.192306	0.999978	1.192306	0.999978	1.192306	0.999978	1.192306	0.999978	1.192305	0.001981	1.194691	0.000275	1.193491	0.000214	
1350073087.783054	1.000000	79.464523	66.126160	4.595932	1.131056	0.996210	1.131056	0.996209	1.116521	0.003238	1.131056	0.996210	1.131056	0.996205	1.131056	0.996204	1.131056	0.996202	1.131056	0.996198	1350073087.783109	1.000006	70.438148	57.198924	2.708510	1.192047	0.999304	1.192047	0.999303	1.192047	0.999303	1.192047	0.999302	1.192047	0.999302	1.166000	0.004683	1.154839	0.002921	1.155334	0.003351	
1350073088.783054	1.000000	79.463974	66.125137	4.562363	1.131773	0.996131	1.131773	0.996127	1.128125	0.000420	1.131773	0.996127	1.131773	0.996124	1.131773	0.996123	1.131773	0.996120	1.131773	0.996117	1350073088.783105	0.999996	69.614799	56.359588	2.705150	1.192305	0.999977	1.192306	0.999977	1.192306	0.999977	1.192306	0.999977	1.192306	0.999977	1.192388	0.001968	1.211071	0.000011	1.192389	0.000211	
1350073089.783054	1.000000	79.463486	66.121414	4.554230	1.131929	0.996154	1.131930	0.996149	1.134196	0.000355	1.131929	0.996150	1.131929	0.996145	1.131929	0.996145	1.131929	0.996142	1.131929	0.996138	1350073089.783105	1.000000	69.669586	56.414429	2.709106	1.192304	0.999953	1.192304	0.999953	1.192304	0.999952	1.192304	0.999952	1.192304	0.999952	1.191728	0.003556	1.192394	0.000047	1.190094	0.000240	
1350073090.783060	1.000006	79.464034	66.126132	4.557041	1.131807	0.996153	1.131807	0.996150	1.118347	0.001460	1.131807	0.996148	1.131807	0.996146	1.131807	0.996145	1.131807	0.996142	1.131807	0.996138	1350073090.783112	1.000007	69.690177	56.435462	2.701138	1.192306	0.999976	1.192306	0.999977	1.192306	0.999977	1.192306	0.999977	1.192306	0.999976	1.192299	0.001884	1.192028	0.000012	1.192277	0.000200	
1350073091.783054	0.999994	79.464936	66.126844	4.540539	1.131611	0.996049	1.131611	0.996047	1.138432	0.000368	1.131609	0.996046	1.131609	0.996041	1.131609	0.996039	1.131609	0.996037	1.131609	0.996036	1350073091.783107	0.999995	69.726118	56.468758	2.684294	1.192306	0.999978	1.192306	0.999978	1.192306	0.999978	1.192305	0.999978	1.192306	0.999978	1.192271	0.001970	1.192260	0.000329	1.192187	0.000245	
1350073092.783054	1.000000	79.467407	66.128326	4.599548	1.131903	0.996176	1.131903	0.996174	1.128736	0.000314	1.131903	0.996174	1.131903	0.996171	1.131903	0.996169	1.131903	0.996167	1.131903	0.996163	1350073092.783108	1.000001	69.682673	56.423194	2.706540	1.192304	0.999953	1.192304	0.999954	1.192304	0.999954	1.192304	0.999954	1.192304	0.999953	1.191938	0.001897	1.208444	0.000007	1.188382	0.000193	
1350073093.783054	1.000000	79.459656	66.117599	4.525009	1.132055	0.996116	1.132055	0.996115	1.123638	0.000436	1.132056	0.996113	1.132056	0.996108	1.132056	0.996107	1.132056	0.996105	1.132056	0.996100	1350073093.783107	0.999999	69.703481	56.438820	2.706301	1.192306	0.999976	1.192305	0.999976	1.192306	0.999976	1.192306	0.999976	1.192306	0.999975	1.192077	0.002040	1.189092	0.000101	1.190826	0.000280	
1350073094.783054	1.000000	79.465591	66.122360	4.467300	1.132134	0.996184	1.132134	0.996180	1.137329	0.000326	1.132132	0.996180	1.132132	0.996176	1.132132	0.996174	1.132132	0.996173	1.132132	0.996170	1350073094.783105	0.999998	67.363822	54.094479	2.700948	1.192306	0.999976	1.192306	0.999976	1.192305	0.999976	1.192306	0.999976	1.192306	0.999975	1.192433	0.001792	1.203349	0.000008	1.192005	0.000192	
1350073095.783062	1.000008	715767855.907769	715807306.282998	715801175.548942	0.999987	1.000200	0.999985	1.000205	0.999995	1.000203	0.999988	1.000204	0.999988	1.000205	0.999991	1.000202	0.999988	1.000207	0.999988	1.000204	1350073095.783152	1.000047	715786851.743560	715747938.538371	715789757.556221	0.999988	1.000202	0.999985	1.000206	3.893163	0.256912	0.999988	1.000204	0.999988	1.000207	0.999991	1.000202	0.999988	1.000207	0.999988	1.000205	
1350073096.783054	0.999992	0.000000	0.000000	0.000000	-nan	-nan	-nan	-nan	714260537984.983398	inf	-nan	-nan	-nan	0.000000	0.000000	inf	-nan	-nan	-nan	-nan	1350073096.783127	0.999975	0.000000	0.000000	0.000000	-nan	-nan	-nan	-nan	1.345745	inf	-nan	-nan	-nan	-nan	-nan	-nan	-nan	-nan	-nan	-nan	
