ts_0	elapsed_0	pkg_0	pp0_0	dram_0	freq_ratio_0_0	c0_ratio_0_0	freq_ratio_0_1	c0_ratio_0_1	freq_ratio_0_2	c0_ratio_0_2	freq_ratio_0_3	c0_ratio_0_3	freq_ratio_0_4	c0_ratio_0_4	freq_ratio_0_5	c0_ratio_0_5	freq_ratio_0_6	c0_ratio_0_6	freq_ratio_0_7	c0_ratio_0_7	ts_1	elapsed_1	pkg_1	pp0_1	dram_1	freq_ratio_1_0	c0_ratio_1_0	freq_ratio_1_1	c0_ratio_1_1	freq_ratio_1_2	c0_ratio_1_2	freq_ratio_1_3	c0_ratio_1_3	freq_ratio_1_4	c0_ratio_1_4	freq_ratio_1_5	c0_ratio_1_5	freq_ratio_1_6	c0_ratio_1_6	freq_ratio_1_7	c0_ratio_1_7	
1349419724.605992	1.001582	79.319013	65.594996	0.000000	1.147522	0.958354	1.147456	0.959498	1.147529	0.958851	1.147492	0.958100	1.148771	0.969820	1.147143	0.953771	1.147096	0.953120	1.147140	0.953833	1349419724.606071	1.000376	67.681340	54.193735	0.000000	1.192273	0.956728	1.192360	0.956049	1.192650	0.959666	1.192306	0.955552	1.169964	0.000125	0.779238	0.000051	1.192327	0.782924	1.194144	0.981533	
1349419725.605991	0.999999	79.344451	65.421235	0.000000	1.122584	0.978814	1.122656	0.978697	1.122679	0.978711	1.122735	0.978467	1.122669	0.978664	1.122717	0.978470	1.122735	0.978461	1.122645	0.978719	1349419725.606077	1.000006	71.135333	57.522271	0.000000	1.192209	0.980378	1.192215	0.980554	1.192214	0.980516	1.192209	0.980336	1.153770	0.001028	1.147818	0.000097	1.192209	0.980382	1.193677	0.999581	
1349419726.605991	1.000000	70.510284	56.761215	0.000000	1.142827	0.790309	1.142934	0.790162	1.143090	0.789978	1.143198	0.789813	1.142996	0.790062	1.143141	0.789847	1.143197	0.789782	1.142974	0.790090	1349419726.606072	0.999995	64.395113	50.891643	0.000000	1.192286	0.790306	1.192294	0.790480	1.192292	0.790462	1.192286	0.790251	1.153186	0.000196	1.168034	0.000036	1.192286	0.790300	1.208392	0.999755	
1349419727.605991	1.000000	79.471725	65.570175	0.000000	1.112065	0.996456	1.112108	0.996388	1.112125	0.996364	1.112151	0.996317	1.112109	0.996382	1.112144	0.996252	1.112151	0.996315	1.112098	0.996349	1349419727.606073	1.000001	71.947853	58.305975	0.000000	1.192288	0.999002	1.192290	0.999069	1.192288	0.998988	1.192286	0.998933	1.153498	0.000118	1.154109	0.000132	1.192286	0.998931	1.192342	0.999765	
1349419728.605990	0.999999	78.791564	64.605286	0.000000	1.104466	0.962704	1.104531	0.962677	1.104568	0.962445	1.104622	0.962393	1.104532	0.962579	1.104596	0.962396	1.104623	0.962386	1.104517	0.962595	1349419728.606074	1.000001	72.524269	58.658880	0.000000	1.192294	0.965194	1.192298	0.965314	1.192298	0.965296	1.192293	0.965089	1.154943	0.000216	1.157751	0.000007	1.192293	0.965137	1.194949	0.999811	
1349419729.605991	1.000001	79.512864	65.077926	0.000000	1.075368	0.995371	1.075369	0.995400	1.075373	0.995173	1.075371	0.995350	1.075367	0.995375	1.075369	0.995211	1.075371	0.995347	1.075368	0.995303	1349419729.606071	0.999997	75.014805	60.956488	0.000000	1.192216	0.999719	1.192212	0.999641	1.192212	0.999638	1.192208	0.999540	1.153816	0.002268	1.153960	0.000099	1.192208	0.999539	1.192220	0.999793	
1349419730.606008	1.000017	79.519085	65.075848	0.000000	1.075076	0.995404	1.075087	0.995384	1.075087	0.995269	1.075086	0.995201	1.075087	0.995330	1.075086	0.995211	1.075085	0.995214	1.075085	0.995320	1349419730.606090	1.000019	75.073077	61.004665	0.000000	1.192213	0.999357	1.192218	0.999493	1.192214	0.999433	1.192211	0.999226	1.153861	0.001141	1.147829	0.000006	1.192212	0.999335	1.192228	0.999652	
1349419731.605988	0.999980	715801537.899116	715795815.290811	715842221.008775	0.999984	1.000024	0.999982	1.000027	0.999983	1.000027	0.999984	1.000024	0.999984	1.000027	0.999987	1.000022	0.999984	1.000027	0.999984	1.000025	1349419731.606100	1.000010	715777419.213907	715791556.057165	715820716.793375	0.999984	1.000025	0.999982	1.000027	3.893415	0.256848	0.999984	1.000025	0.999984	1.000027	0.999987	1.000023	0.999984	1.000028	0.999984	1.000026	
1349419732.606043	1.000055	0.000000	0.000000	0.000000	-nan	-nan	-nan	-nan	1.000008	inf	-nan	-nan	-nan	0.000000	-nan	-nan	-nan	-nan	-nan	-nan	1349419732.606106	1.000006	0.000000	0.000000	0.000000	-nan	-nan	-nan	-nan	1.345745	inf	-nan	-nan	-nan	-nan	-nan	-nan	-nan	-nan	-nan	-nan	
1349419733.606212	1.000169	0.000000	0.000000	0.000000	-nan	-nan	-nan	-nan	0.000000	inf	-nan	-nan	-nan	0.000000	0.000000	inf	-nan	-nan	-nan	-nan	1349419733.606283	1.000177	0.000000	0.000000	0.000000	-nan	-nan	-nan	-nan	inf	-nan	-nan	-nan	-nan	-nan	-nan	-nan	-nan	-nan	-nan	-nan	
