ts_0	elapsed_0	pkg_0	pp0_0	dram_0	freq_ratio_0_0	c0_ratio_0_0	freq_ratio_0_1	c0_ratio_0_1	freq_ratio_0_2	c0_ratio_0_2	freq_ratio_0_3	c0_ratio_0_3	freq_ratio_0_4	c0_ratio_0_4	freq_ratio_0_5	c0_ratio_0_5	freq_ratio_0_6	c0_ratio_0_6	freq_ratio_0_7	c0_ratio_0_7	ts_1	elapsed_1	pkg_1	pp0_1	dram_1	freq_ratio_1_0	c0_ratio_1_0	freq_ratio_1_1	c0_ratio_1_1	freq_ratio_1_2	c0_ratio_1_2	freq_ratio_1_3	c0_ratio_1_3	freq_ratio_1_4	c0_ratio_1_4	freq_ratio_1_5	c0_ratio_1_5	freq_ratio_1_6	c0_ratio_1_6	freq_ratio_1_7	c0_ratio_1_7	
1349476880.773088	1.000443	35.719788	22.246401	5.971766	0.999929	0.003290	0.999987	0.992877	0.999978	0.948213	0.999417	0.000167	0.998920	0.000111	0.999009	0.000087	0.999810	0.000089	0.993342	0.000120	1349476880.773338	1.000467	36.149681	22.584438	7.944821	0.999972	0.054073	1.000001	0.993022	0.997771	0.000110	0.998497	0.000095	0.999481	0.000159	0.999145	0.000089	0.999507	0.000088	0.999983	0.993581	
1349476881.773085	0.999997	36.052068	22.557763	5.949054	0.998481	0.005405	0.999983	0.999527	0.999984	0.999529	0.999329	0.000009	1.001111	0.000009	1.000424	0.000009	0.977528	0.000009	1.013453	0.000053	1349476881.773341	1.000003	36.044413	22.453650	8.125951	0.999980	0.003403	1.000000	0.999609	0.999907	0.000050	0.999325	0.000007	1.000003	0.000258	0.992130	0.000007	1.003211	0.000018	1.000000	1.000000	
1349476882.773084	0.999999	36.004398	22.508048	5.956427	1.000011	0.003543	0.999988	0.999911	0.999979	0.999932	0.993948	0.000097	0.997035	0.000169	0.991416	0.000060	0.995265	0.000062	0.990349	0.000070	1349476882.773339	0.999998	36.114235	22.521726	8.099518	1.000061	0.004370	1.000000	1.000000	1.001890	0.000070	0.997616	0.000069	1.000027	0.000128	1.000924	0.000058	0.998854	0.000050	1.000000	1.000000	
1349476883.773083	0.999999	36.007038	22.507880	5.951254	0.999895	0.003403	1.000000	1.000000	1.000000	0.999999	0.999923	0.000010	0.994539	0.000010	0.998508	0.000010	0.992774	0.000010	0.988205	0.000010	1349476883.773334	0.999995	36.208235	22.613623	8.056971	0.999949	0.007115	1.000000	1.000000	0.993588	0.000038	1.023715	0.000007	0.999974	0.000635	1.001654	0.000007	1.004632	0.000012	1.000000	1.000000	
1349476884.773084	1.000001	36.183742	22.682382	5.958841	1.000028	0.006002	1.000000	1.000000	1.000000	1.000000	1.005717	0.000103	1.005689	0.000093	1.006687	0.000078	1.006874	0.000082	1.006470	0.000122	1349476884.773339	1.000005	35.991397	22.398219	8.099584	0.997426	0.000605	1.000000	1.000000	1.000972	0.000110	1.000099	0.000113	0.999976	0.000174	0.998262	0.000098	0.998901	0.000095	1.000000	1.000000	
1349476885.773087	1.000003	35.784527	22.293937	5.928220	0.999969	0.009670	1.000000	0.884352	1.000000	1.000000	0.999301	0.000914	1.003825	0.000009	1.003253	0.000009	1.000631	0.000009	1.002200	0.000009	1349476885.773336	0.999997	36.694587	23.098430	8.111887	1.000018	0.115877	1.000000	1.000000	0.987339	0.000045	0.970228	0.000008	0.999942	0.000152	1.019712	0.000007	1.008593	0.000007	1.000000	1.000000	
1349476886.773086	0.999999	29.986952	16.470170	5.959143	0.993171	0.003167	1.003870	0.000019	0.999983	0.999323	1.000002	0.005467	0.998863	0.000158	1.000228	0.000063	0.999975	0.000061	1.000337	0.000082	1349476886.773355	1.000019	42.142644	28.561757	8.085631	1.000000	0.999394	1.000000	0.999393	0.998675	0.000107	1.000782	0.000082	1.000037	0.000278	1.000392	0.000066	0.999733	0.000069	1.000000	1.000000	
1349476887.773085	0.999999	32.883942	19.372363	5.956198	1.000001	0.286409	0.999218	0.000685	1.000000	1.000000	1.000131	0.004861	1.018933	0.000009	0.994470	0.000009	0.982048	0.000009	0.994566	0.000009	1349476887.773309	0.999954	40.663126	27.088222	8.104606	0.999999	0.715173	1.000000	1.000000	1.000209	0.004293	0.987975	0.000009	1.000056	0.000117	0.998688	0.000007	1.006698	0.000012	1.000000	1.000000	
1349476888.773085	1.000000	35.745682	22.258682	5.944641	1.000000	1.000000	0.999983	0.002029	0.999999	1.000000	0.997429	0.000070	1.000028	0.000070	1.000052	0.000059	1.002246	0.000059	0.999958	0.000092	1349476888.773332	1.000023	36.339882	22.761106	8.138241	0.974298	0.000074	1.000000	1.000000	0.999891	0.004608	1.003357	0.000070	0.999990	0.000714	0.999959	0.000057	0.998826	0.000062	1.000000	1.000000	
1349476889.773089	1.000004	30.645704	17.133704	5.963401	0.999997	0.123416	0.999980	0.007416	0.999984	0.999941	1.000100	0.000046	1.000420	0.000009	1.000255	0.000009	1.023361	0.000009	1.026352	0.000009	1349476889.773366	1.000034	41.366098	27.776656	8.109587	1.000003	0.877837	1.000000	1.000000	1.003667	0.000085	1.006527	0.000007	0.999954	0.000150	1.000169	0.000007	1.003510	0.000017	1.000000	1.000000	
1349476890.773086	0.999997	29.890168	16.377446	5.961017	0.999880	0.001450	0.999991	0.006970	1.000000	1.000000	1.000347	0.000070	0.999843	0.000113	1.000708	0.000060	0.996912	0.000057	0.996674	0.000059	1349476890.773360	0.999994	42.023688	28.425920	8.115496	1.000000	1.000000	1.000000	1.000000	0.994183	0.000125	0.998037	0.000074	0.987996	0.000169	0.999973	0.000057	0.999160	0.000060	1.000000	1.000000	
1349476891.773085	0.999999	32.850739	19.343295	5.972753	1.000000	0.419512	0.999989	0.005251	1.000000	0.999990	0.999983	0.002984	0.999998	0.003254	0.999977	0.002757	0.999988	0.002749	0.999976	0.002544	1349476891.773304	0.999944	40.458840	26.869044	8.121259	0.999999	0.585959	1.000000	1.000000	1.000267	0.002864	1.000151	0.002504	1.000460	0.004394	1.000040	0.002728	0.999961	0.002765	1.000000	1.000000	
1349476892.773083	0.999998	715790578.616765	715824615.969727	715797128.296082	0.999989	1.000124	0.999986	1.000127	0.999989	1.000132	0.999989	1.000125	0.999989	1.000127	0.999991	1.000123	0.999989	1.000128	0.999989	1.000125	1349476892.773184	0.999880	715853520.041505	715904728.218221	715849851.002742	0.999989	1.000124	0.999986	1.000127	3.893111	0.256895	0.999989	1.000125	0.999989	1.000127	0.999991	1.000123	0.999989	1.000128	0.999989	1.000125	
1349476893.773076	0.999993	0.000000	0.000000	0.000000	-nan	-nan	-nan	-nan	1.000008	inf	-nan	-nan	-nan	0.000000	-nan	-nan	-nan	-nan	-nan	-nan	1349476893.773153	0.999969	0.000000	0.000000	0.000000	-nan	-nan	-nan	-nan	1.345745	inf	-nan	-nan	-nan	-nan	-nan	-nan	-nan	-nan	-nan	-nan	
