ts_0	elapsed_0	pkg_0	pp0_0	dram_0	freq_ratio_0_0	c0_ratio_0_0	freq_ratio_0_1	c0_ratio_0_1	freq_ratio_0_2	c0_ratio_0_2	freq_ratio_0_3	c0_ratio_0_3	freq_ratio_0_4	c0_ratio_0_4	freq_ratio_0_5	c0_ratio_0_5	freq_ratio_0_6	c0_ratio_0_6	freq_ratio_0_7	c0_ratio_0_7	ts_1	elapsed_1	pkg_1	pp0_1	dram_1	freq_ratio_1_0	c0_ratio_1_0	freq_ratio_1_1	c0_ratio_1_1	freq_ratio_1_2	c0_ratio_1_2	freq_ratio_1_3	c0_ratio_1_3	freq_ratio_1_4	c0_ratio_1_4	freq_ratio_1_5	c0_ratio_1_5	freq_ratio_1_6	c0_ratio_1_6	freq_ratio_1_7	c0_ratio_1_7	
1349476880.775061	1.000504	35.160150	21.627512	5.795678	0.999762	0.006872	0.999993	0.993997	0.999905	0.994137	0.991996	0.000051	0.994833	0.000103	0.995292	0.000087	0.997624	0.000224	0.994459	0.000112	1349476880.775313	1.000524	35.989868	22.611396	5.874332	0.999952	0.994257	1.003818	0.000068	1.001570	0.000193	1.001551	0.000242	1.004426	0.000088	1.003761	0.000089	1.000457	0.002345	0.999941	0.994715	
1349476881.775042	0.999981	35.292391	21.750735	5.836888	0.995456	0.001801	0.999983	0.999579	0.999984	0.999577	1.000291	0.000092	0.998974	0.000014	1.000417	0.000014	1.000084	0.000626	0.900704	0.000018	1349476881.775292	0.999979	36.042062	22.670703	5.879197	1.000000	0.999675	1.002658	0.000118	0.999889	0.000014	0.999985	0.000186	0.996505	0.000012	1.000850	0.000013	0.997887	0.000017	1.000000	1.000000	
1349476882.775040	0.999998	35.293631	21.763652	5.843105	1.000075	0.002990	1.000000	0.999962	1.000000	0.999961	0.997168	0.000025	1.001119	0.000067	1.001399	0.000061	0.999425	0.000170	0.998296	0.000080	1349476882.775292	1.000000	36.070404	22.683823	5.908951	1.000000	1.000000	0.989761	0.000027	1.000272	0.000094	0.999837	0.000217	1.000706	0.000053	0.999895	0.000055	1.000723	0.000076	1.000000	1.000000	
1349476883.775041	1.000001	35.359311	21.810801	5.867273	0.999990	0.002960	1.000000	1.000000	1.000000	1.000000	1.001669	0.000074	0.989804	0.000014	1.000367	0.000015	1.000021	0.000167	1.143760	0.000015	1349476883.775285	0.999993	36.088491	22.700322	5.887004	1.000000	1.000000	1.001584	0.000096	1.002824	0.000013	0.999997	0.000233	0.999696	0.000013	1.000302	0.000110	0.998785	0.000016	1.000000	1.000000	
1349476884.775041	1.000000	35.384964	21.835297	5.861572	0.999945	0.003277	0.999979	0.999834	0.999987	0.999893	0.997199	0.000026	1.001191	0.000072	0.999254	0.000069	0.999918	0.000244	0.999034	0.000072	1349476884.775284	0.999999	36.094746	22.706061	5.914083	1.000000	1.000000	0.993598	0.000037	0.999569	0.000081	1.000112	0.000231	1.000162	0.000055	0.998833	0.000044	1.000427	0.000073	1.000000	1.000000	
1349476885.775041	1.000000	35.360229	21.809753	5.872482	0.999977	0.002427	0.999967	0.999852	0.999976	0.999834	1.000868	0.000084	1.002880	0.000014	1.003525	0.000014	1.000454	0.000168	0.991914	0.000015	1349476885.775291	1.000007	36.126886	22.736964	5.893194	1.000000	1.000000	1.001773	0.000097	0.999940	0.000013	0.999980	0.000193	1.000408	0.000012	1.000275	0.000013	0.997171	0.000017	1.000000	1.000000	
1349476886.775041	1.000000	35.371841	21.823486	5.874222	0.994542	0.002952	1.000000	0.999548	1.000000	0.999546	0.999622	0.000026	0.990361	0.000063	0.979175	0.000062	1.000010	0.000625	0.994931	0.000071	1349476886.775295	1.000004	36.132834	22.739837	5.892508	1.000000	0.999578	0.997357	0.000038	0.999995	0.000074	1.000029	0.000216	0.999900	0.000054	1.000155	0.000057	1.000303	0.000069	1.000000	1.000000	
1349476887.775045	1.000004	35.418710	21.868960	5.870826	1.000036	0.002426	1.000000	0.999953	1.000000	0.999922	1.000184	0.000088	1.013863	0.000040	1.051620	0.000015	0.995434	0.000166	0.890458	0.000017	1349476887.775292	0.999997	36.148656	22.757242	5.908984	1.000000	1.000000	0.991196	0.000081	1.002228	0.000013	0.999834	0.000192	0.999971	0.000013	0.999853	0.000013	1.000799	0.000016	1.000000	1.000000	
1349476888.775042	0.999997	36.315054	22.769068	5.868014	1.000018	0.005716	1.000000	0.999955	1.000000	0.999946	0.999989	0.003138	1.000005	0.003092	1.000156	0.002887	1.000195	0.003454	1.000795	0.002973	1349476888.775270	0.999978	36.378880	22.985764	5.898506	1.000000	0.999999	1.000263	0.003006	0.999994	0.002983	1.000005	0.004164	0.999994	0.002929	1.000002	0.002943	0.999694	0.002976	1.000000	1.000000	
1349476889.775040	0.999998	35.380591	21.828762	5.850811	0.999912	0.002734	0.999984	0.999918	0.999992	0.999902	1.000250	0.000074	1.015740	0.000013	1.002246	0.000018	1.001139	0.000170	1.003446	0.000015	1349476889.775281	1.000011	36.124085	22.733759	5.875027	1.000000	1.000000	1.000434	0.000086	0.997652	0.000013	0.999958	0.000193	1.001626	0.000016	1.001029	0.000007	1.007303	0.000022	1.000000	1.000000	
1349476890.775041	1.000001	35.348706	21.798746	5.863184	0.999983	0.002539	0.999979	0.999926	0.999988	0.999911	0.999876	0.000025	0.999011	0.000059	0.999052	0.000060	0.999139	0.000182	0.971945	0.000070	1349476890.775292	1.000011	36.098756	22.720683	5.878949	1.000000	1.000000	1.000544	0.000035	1.000503	0.000070	0.999976	0.000226	0.999476	0.000055	0.999924	0.000056	1.000311	0.002301	1.000000	1.000000	
1349476891.775040	0.999999	35.340030	21.789541	5.855596	0.999975	0.001974	0.999979	0.999886	0.999988	0.999869	0.999887	0.000068	0.999750	0.000014	1.000693	0.000016	1.000065	0.000642	1.144160	0.000014	1349476891.775284	0.999992	36.102496	22.710969	5.881456	1.000000	1.000000	0.998452	0.000086	0.999061	0.000013	0.999990	0.000192	1.000683	0.000012	0.998476	0.000012	0.993410	0.000016	1.000000	1.000000	
1349476892.775044	1.000004	715774941.798723	715776369.724133	715819969.027736	0.999997	1.000177	0.999994	1.000179	0.999996	1.000183	0.999997	1.000176	0.999997	1.000179	0.999999	1.000174	0.999997	1.000179	0.999997	1.000176	1349476892.775148	0.999864	715886061.917464	715864961.374012	715911005.887469	0.999997	1.000176	0.999994	1.000179	3.892565	0.256946	0.999997	1.000176	0.999997	1.000179	0.999999	1.000174	0.999997	1.000179	0.999997	1.000176	
1349476893.775038	0.999994	0.000000	0.000000	0.000000	-nan	-nan	-nan	-nan	0.000000	inf	-nan	-nan	-nan	0.000000	-nan	-nan	-nan	-nan	-nan	-nan	1349476893.775117	0.999969	0.000000	0.000000	0.000000	-nan	-nan	-nan	-nan	0.000000	inf	-nan	-nan	-nan	-nan	-nan	-nan	-nan	-nan	-nan	-nan	
