ts_0	elapsed_0	pkg_0	pp0_0	dram_0	freq_ratio_0_0	c0_ratio_0_0	freq_ratio_0_1	c0_ratio_0_1	freq_ratio_0_2	c0_ratio_0_2	freq_ratio_0_3	c0_ratio_0_3	freq_ratio_0_4	c0_ratio_0_4	freq_ratio_0_5	c0_ratio_0_5	freq_ratio_0_6	c0_ratio_0_6	freq_ratio_0_7	c0_ratio_0_7	ts_1	elapsed_1	pkg_1	pp0_1	dram_1	freq_ratio_1_0	c0_ratio_1_0	freq_ratio_1_1	c0_ratio_1_1	freq_ratio_1_2	c0_ratio_1_2	freq_ratio_1_3	c0_ratio_1_3	freq_ratio_1_4	c0_ratio_1_4	freq_ratio_1_5	c0_ratio_1_5	freq_ratio_1_6	c0_ratio_1_6	freq_ratio_1_7	c0_ratio_1_7	
1349476880.773975	1.000461	36.851935	23.362030	6.977313	0.999998	0.998985	0.999999	0.993383	0.994252	0.000262	0.994363	0.000104	0.994416	0.000098	0.998211	0.000368	0.992949	0.000091	0.989003	0.000111	1349476880.774221	1.000503	36.988518	23.505662	5.869575	1.000000	0.993571	0.998930	0.000630	1.001006	0.000092	1.001382	0.000096	0.815263	0.000106	1.001193	0.000102	1.002123	0.000101	0.999974	0.994034	
1349476881.773973	0.999998	36.986795	23.485900	7.051085	1.000000	0.999998	1.000000	0.999994	0.997691	0.000211	1.010026	0.000025	1.003037	0.000064	1.000031	0.000302	0.997784	0.000015	0.993244	0.000016	1349476881.774215	0.999994	37.123100	23.644733	5.898183	1.000000	0.999994	1.000028	0.000403	1.000235	0.000026	0.966648	0.000061	1.000666	0.000012	1.001845	0.000013	1.000058	0.000106	1.000000	1.000000	
1349476882.773973	1.000000	36.981964	23.479874	7.044128	1.000000	1.000000	1.000000	0.999997	1.001506	0.000251	0.996610	0.000060	0.996457	0.000065	1.000330	0.000363	0.999871	0.000057	1.000342	0.002299	1349476882.774210	0.999995	37.188510	23.695950	5.915771	1.000000	0.999998	0.997601	0.000506	0.998564	0.000056	0.999152	0.000057	0.999851	0.000054	0.999682	0.000056	1.000038	0.000072	1.000000	1.000000	
1349476883.773972	0.999999	36.951879	23.466224	7.046226	1.000000	1.000000	1.000000	1.000000	1.000135	0.000194	1.007483	0.000026	1.000368	0.000067	1.000065	0.000295	1.009163	0.000015	0.999077	0.000015	1349476883.774209	0.999999	37.237584	23.743858	5.900473	1.000000	1.000000	1.000608	0.001564	0.998727	0.000024	1.093215	0.000022	0.999274	0.000012	1.000000	0.000012	0.992013	0.000013	1.000000	1.000000	
1349476884.773973	1.000001	37.022456	23.519234	7.031121	1.000000	0.999991	1.000000	0.999988	0.998675	0.000234	0.987567	0.000056	0.999981	0.000122	0.999997	0.000789	0.990215	0.000060	0.991406	0.000084	1349476884.774207	0.999998	37.242548	23.749237	5.902538	1.000000	1.000000	0.999165	0.001072	0.999365	0.000056	0.998347	0.000056	0.999736	0.000053	1.000074	0.000094	1.001354	0.000069	1.000000	1.000000	
1349476885.773972	0.999999	37.149617	23.641960	7.042029	1.000000	1.000000	1.000000	1.000000	1.000001	0.003187	0.999999	0.002848	0.999816	0.003165	0.999992	0.003676	1.000053	0.002760	0.999989	0.002823	1349476885.774222	1.000015	37.366611	23.872932	5.908755	1.000000	1.000000	1.000311	0.003433	1.000053	0.002808	0.999978	0.002805	1.000008	0.002733	0.999998	0.002753	1.000001	0.002643	1.000000	1.000000	
1349476886.773972	1.000000	37.032486	23.528961	7.015625	1.000000	1.000000	1.000000	0.999997	1.000327	0.000229	1.007770	0.000089	1.006484	0.000094	0.999966	0.000451	1.004023	0.000074	1.006787	0.000111	1349476886.774211	0.999989	37.308423	23.810869	5.911503	1.000000	1.000000	1.000692	0.001369	0.998088	0.000068	1.001400	0.000104	0.999799	0.000084	0.999950	0.000069	1.000010	0.000148	1.000000	1.000000	
1349476887.773972	1.000000	37.034988	23.530136	7.049789	1.000001	1.000000	1.000000	1.000000	1.000137	0.000217	0.992019	0.000027	0.999413	0.000074	1.000129	0.000297	0.999685	0.000016	0.999974	0.000015	1349476887.774211	1.000000	37.282227	23.782013	5.907867	1.000000	1.000000	0.998895	0.001068	1.001242	0.000029	1.000094	0.000025	1.000913	0.000017	1.001312	0.000007	0.998156	0.000007	1.000000	1.000000	
1349476888.773975	1.000003	37.046928	23.542408	7.021768	1.000000	0.999961	1.000000	0.999976	1.000683	0.000234	1.000338	0.000056	0.997195	0.000059	0.999497	0.000340	0.999650	0.000065	0.999872	0.000082	1349476888.774212	1.000001	37.277278	23.776131	5.916834	1.000000	1.000000	0.998492	0.000451	1.001747	0.000059	0.962245	0.000056	0.999892	0.000054	0.999976	0.000130	1.000137	0.000073	1.000000	1.000000	
1349476889.773974	0.999999	37.049581	23.543983	7.034812	1.000000	1.000000	1.000000	0.999998	0.999627	0.000229	0.999493	0.000027	0.999934	0.000110	1.000180	0.000774	1.008724	0.000015	1.001444	0.000015	1349476889.774211	0.999999	37.267308	23.766685	5.918798	1.000000	1.000000	1.000901	0.001084	1.000251	0.000026	1.075644	0.000025	0.999508	0.000013	0.999907	0.000012	0.999932	0.000017	1.000000	1.000000	
1349476890.773973	0.999999	37.031575	23.526481	7.048835	1.000000	0.999949	1.000000	0.999962	0.999001	0.000236	0.999894	0.000069	1.002306	0.000078	0.999681	0.000492	1.000249	0.000056	0.990067	0.000083	1349476890.774216	1.000005	37.248852	23.749637	5.908769	1.000000	1.000000	0.999791	0.000345	0.999801	0.000054	1.003868	0.000059	1.000314	0.000059	0.999938	0.000056	0.999751	0.000065	1.000000	1.000000	
1349476891.773973	1.000000	37.022369	23.515137	7.059204	1.000000	0.999998	1.000000	0.999998	0.999951	0.000215	1.000170	0.000027	1.000036	0.000064	1.000577	0.000301	0.991936	0.000015	1.003130	0.000017	1349476891.774212	0.999996	37.184340	23.699193	5.906167	1.000000	1.000000	0.999966	0.000316	1.001128	0.000027	0.999880	0.000058	0.999066	0.000012	0.999887	0.000017	1.000173	0.000118	1.000000	1.000000	
1349476892.773984	1.000011	715759601.822360	715788944.603532	715764099.059033	0.999992	1.000148	0.999990	1.000154	0.999992	1.000156	0.999993	1.000150	0.999993	1.000152	0.999995	1.000146	0.999992	1.000152	0.999992	1.000149	1349476892.774084	0.999872	715896939.098307	715885163.532490	715911848.601802	0.999993	1.000150	0.999990	1.000152	3.892857	0.256919	0.999992	1.000149	0.999992	1.000152	0.999995	1.000147	0.999992	1.000151	0.999992	1.000150	
1349476893.773969	0.999985	0.000000	0.000000	0.000000	-nan	-nan	-nan	-nan	0.000000	inf	-nan	-nan	-nan	0.000000	-nan	-nan	-nan	-nan	-nan	-nan	1349476893.774039	0.999955	0.000000	0.000000	0.000000	-nan	-nan	-nan	-nan	0.000000	inf	-nan	-nan	-nan	-nan	-nan	-nan	-nan	-nan	-nan	-nan	
