ts_0	elapsed_0	pkg_0	pp0_0	dram_0	freq_ratio_0_0	c0_ratio_0_0	freq_ratio_0_1	c0_ratio_0_1	freq_ratio_0_2	c0_ratio_0_2	freq_ratio_0_3	c0_ratio_0_3	freq_ratio_0_4	c0_ratio_0_4	freq_ratio_0_5	c0_ratio_0_5	freq_ratio_0_6	c0_ratio_0_6	freq_ratio_0_7	c0_ratio_0_7	ts_1	elapsed_1	pkg_1	pp0_1	dram_1	freq_ratio_1_0	c0_ratio_1_0	freq_ratio_1_1	c0_ratio_1_1	freq_ratio_1_2	c0_ratio_1_2	freq_ratio_1_3	c0_ratio_1_3	freq_ratio_1_4	c0_ratio_1_4	freq_ratio_1_5	c0_ratio_1_5	freq_ratio_1_6	c0_ratio_1_6	freq_ratio_1_7	c0_ratio_1_7	
1349476880.775313	1.000460	30.348912	17.009877	5.925986	0.999844	0.001751	0.999758	0.002212	1.000000	0.994532	0.994699	0.000042	0.997222	0.000167	0.998771	0.000042	0.998819	0.000042	1.000166	0.000042	1349476880.775586	1.000505	44.009423	30.443398	5.650696	0.999999	0.999177	1.000001	0.994633	0.981834	0.000045	0.996859	0.000039	0.999702	0.000218	0.997048	0.000039	0.999429	0.000038	1.000001	0.995101	
1349476881.775310	0.999997	31.313894	17.957239	6.003788	0.999958	0.145205	0.996912	0.000263	0.999982	0.999812	0.992350	0.000084	1.001389	0.000306	1.000724	0.000060	0.997581	0.000075	0.998686	0.000087	1349476881.775548	0.999962	43.299432	29.684689	5.756139	0.999998	0.855759	1.000000	0.999830	1.006124	0.000117	0.999995	0.000148	0.999977	0.000286	0.999901	0.000066	0.999956	0.000070	1.000000	1.000000	
1349476882.775311	1.000001	37.098918	23.725670	5.993250	1.000000	1.000000	1.000582	0.001661	1.000000	1.000000	1.000242	0.002243	0.995958	0.000162	0.992328	0.000010	1.014352	0.000009	1.000432	0.000009	1349476882.775559	1.000011	37.693083	24.072658	5.743177	1.017664	0.000085	1.000000	1.000000	0.996081	0.000007	1.002875	0.000007	1.000011	0.003695	1.000285	0.000007	1.000857	0.000007	1.000000	1.000000	
1349476883.775309	0.999998	38.827985	25.452380	5.979565	1.000000	1.000000	0.999983	0.006071	1.000000	0.999921	1.000020	0.002988	1.000171	0.003783	1.000027	0.002860	0.999948	0.002775	1.000005	0.002902	1349476883.775554	0.999995	38.875301	25.255574	5.753020	0.999372	0.002629	1.000000	0.999957	0.999991	0.002851	0.999997	0.002783	0.999991	0.004128	0.999991	0.002802	0.999995	0.002715	1.000000	1.000000	
1349476884.775309	1.000000	36.113144	22.741364	5.985764	1.000000	0.839075	1.000004	0.003906	1.000000	0.999941	0.998889	0.000452	0.998999	0.000160	1.000085	0.000009	1.018975	0.000008	0.823775	0.000011	1349476884.775547	0.999993	38.643578	25.025442	5.741388	1.000013	0.161165	1.000000	0.999944	1.001359	0.000007	0.996404	0.000007	0.999933	0.000132	1.002309	0.000007	1.000285	0.000007	1.000000	1.000000	
1349476885.775309	1.000000	37.351654	23.975266	5.992996	1.000000	1.000000	0.999850	0.006358	1.000000	0.999958	0.999972	0.000868	1.000044	0.000248	0.992539	0.000069	0.992419	0.000065	1.018193	0.000086	1349476885.775559	1.000012	37.597467	23.973530	5.740975	0.932576	0.000031	1.000000	0.999961	0.998714	0.000085	0.999980	0.000078	0.999758	0.000134	0.999975	0.000062	0.999812	0.000072	1.000000	1.000000	
1349476886.775310	1.000001	35.474957	22.101663	5.988672	0.999989	0.735231	1.004473	0.000188	1.000000	0.999709	1.000035	0.001738	1.000029	0.003725	0.998261	0.000010	0.810544	0.000012	0.984984	0.000009	1349476886.775579	1.000020	39.301230	25.698185	5.734367	1.000008	0.265081	1.000000	0.999726	0.945958	0.000009	0.999440	0.000007	1.000190	0.000197	0.987860	0.000007	1.000522	0.000007	1.000000	1.000000	
1349476887.775309	0.999999	34.943149	21.589330	5.984518	1.000000	0.653132	0.999141	0.000232	1.000000	0.999925	0.999978	0.003845	0.999603	0.002584	1.005330	0.000094	1.031154	0.000088	1.004246	0.000147	1349476887.775546	0.999967	39.889420	26.261026	5.746176	0.999998	0.347050	1.000000	0.999937	1.005547	0.000116	1.000051	0.000120	0.999754	0.000182	1.000864	0.000101	1.000206	0.000135	1.000000	1.000000	
1349476888.775309	1.000000	37.156525	23.780121	5.986847	1.000000	1.000000	0.997158	0.000232	1.000000	0.999951	1.000013	0.000959	1.001333	0.000636	1.002919	0.000010	0.976427	0.000009	0.984521	0.000009	1349476888.775552	1.000006	38.043780	24.414436	5.712200	1.000532	0.000081	1.000000	0.999957	0.999474	0.000007	0.999828	0.000007	0.999638	0.000097	0.999830	0.000007	0.999976	0.008035	1.000000	1.000000	
1349476889.775308	0.999999	41.464197	28.060741	6.000265	1.000000	0.807329	1.000002	0.811754	1.000000	0.999945	0.999560	0.002080	1.001273	0.000225	1.002200	0.000065	1.003803	0.000063	0.999724	0.000078	1349476889.775529	0.999977	34.099001	20.489650	5.755396	1.000000	0.192980	0.999997	0.190615	0.998718	0.000072	1.000241	0.000069	1.000670	0.000117	0.999845	0.000062	0.999671	0.001692	1.000000	1.000000	
1349476890.775309	1.000001	42.164282	28.751590	5.989206	1.000000	0.717592	1.000000	1.000000	1.000000	1.000000	1.000457	0.001174	0.997433	0.000173	0.982806	0.000010	0.984198	0.000009	1.001369	0.000009	1349476890.775564	1.000035	33.554595	19.962069	5.790538	1.000002	0.283051	0.999899	0.007115	1.009448	0.000007	0.997333	0.000007	0.999784	0.000098	1.005217	0.000007	1.029594	0.000017	1.000000	1.000000	
1349476891.775312	1.000003	37.159370	23.777163	5.990033	0.999584	0.001356	0.999984	0.999915	0.999984	0.999908	1.000251	0.001207	0.998779	0.000274	0.999611	0.000070	0.999310	0.000062	1.000642	0.000087	1349476891.775563	0.999999	37.733358	24.166557	5.798803	1.000000	1.000000	0.999990	0.005511	0.999600	0.000073	1.000228	0.000071	1.000083	0.000185	0.999493	0.000057	1.000324	0.000061	1.000000	1.000000	
1349476892.775319	1.000007	715820866.888972	715814565.748427	715775095.527433	0.999991	1.000139	0.999989	1.000145	0.999991	1.000149	0.999991	1.000140	0.999991	1.000143	0.999994	1.000138	0.999991	1.000144	0.999991	1.000140	1349476892.775421	0.999858	715923611.075182	715881861.535287	715902749.232547	0.999990	1.000137	0.999988	1.000143	3.892937	0.256911	0.999991	1.000140	0.999991	1.000144	0.999994	1.000138	0.999991	1.000143	0.999991	1.000141	
1349476893.775306	0.999987	0.000000	0.000000	0.000000	-nan	-nan	-nan	-nan	0.000000	inf	-nan	-nan	-nan	0.000000	-nan	-nan	-nan	-nan	-nan	-nan	1349476893.775376	0.999955	0.000000	0.000000	0.000000	-nan	-nan	-nan	-nan	0.000000	inf	-nan	-nan	-nan	-nan	-nan	-nan	-nan	-nan	-nan	-nan	
