ts_0	elapsed_0	pkg_0	pp0_0	dram_0	freq_ratio_0_0	c0_ratio_0_0	freq_ratio_0_1	c0_ratio_0_1	freq_ratio_0_2	c0_ratio_0_2	freq_ratio_0_3	c0_ratio_0_3	freq_ratio_0_4	c0_ratio_0_4	freq_ratio_0_5	c0_ratio_0_5	freq_ratio_0_6	c0_ratio_0_6	freq_ratio_0_7	c0_ratio_0_7	ts_1	elapsed_1	pkg_1	pp0_1	dram_1	freq_ratio_1_0	c0_ratio_1_0	freq_ratio_1_1	c0_ratio_1_1	freq_ratio_1_2	c0_ratio_1_2	freq_ratio_1_3	c0_ratio_1_3	freq_ratio_1_4	c0_ratio_1_4	freq_ratio_1_5	c0_ratio_1_5	freq_ratio_1_6	c0_ratio_1_6	freq_ratio_1_7	c0_ratio_1_7	
1349419560.812289	1.002474	79.167416	65.122269	0.000000	1.145655	0.967845	1.148487	0.994087	1.145727	0.968536	1.145628	0.967747	1.145583	0.967150	1.145625	0.967679	1.145319	0.961382	1.145989	0.968912	1349419560.812366	1.000540	74.169832	60.351824	0.000000	1.156081	0.979282	1.155121	0.970683	1.155137	0.970570	1.155160	0.970781	1.156012	0.977703	1.153906	0.940117	1.167622	0.000149	1.155141	0.972284	
1349419561.812285	0.999996	79.423036	65.125905	0.000000	1.121197	0.992535	1.121227	0.992502	1.121231	0.992270	1.121245	0.992306	1.121230	0.992334	1.121269	0.992152	1.121253	0.992244	1.121249	0.992144	1349419561.812364	0.999998	76.663369	62.657407	0.000000	1.153870	0.994096	1.153855	0.993872	1.153864	0.994058	1.153848	0.993682	1.153848	0.993654	1.153853	0.993828	1.155004	0.000172	1.154526	0.999814	
1349419562.812286	1.000001	79.342744	65.205428	0.000000	1.126902	0.998165	1.126898	0.998360	1.126897	0.998040	1.126902	0.998010	1.126906	0.998155	1.126893	0.998177	1.126898	0.998076	1.126901	0.997989	1349419562.812366	1.000002	75.726769	61.874928	0.000000	1.153884	0.999638	1.153846	0.999064	1.153858	0.999376	1.153846	0.999071	1.153852	0.999269	1.153852	0.999264	1.153225	0.000396	1.153886	0.999711	
1349419563.812286	1.000000	79.475281	65.076340	0.000000	1.115320	0.997776	1.115319	0.997853	1.115319	0.997782	1.115320	0.997714	1.115321	0.997789	1.115319	0.997717	1.115319	0.997759	1.115320	0.997845	1349419563.812365	0.999999	77.479063	63.414871	0.000000	1.153849	0.999834	1.153847	0.999756	1.153850	0.999860	1.153847	0.999768	1.153848	0.999806	1.153848	0.999780	1.154604	0.000539	1.153856	0.999943	
1349419564.812294	1.000008	79.298582	65.075461	0.000000	1.127489	0.990565	1.127506	0.990564	1.127463	0.990638	1.127501	0.990500	1.127474	0.990549	1.127489	0.990550	1.127476	0.990623	1.127477	0.990674	1349419564.812377	1.000012	76.148064	62.241140	0.000000	1.153863	0.992045	1.153851	0.991873	1.153861	0.992016	1.153851	0.991825	1.153852	0.991800	1.153846	0.991706	1.153715	0.003384	1.154758	0.999857	
1349419565.812297	1.000003	79.476301	64.976498	0.000000	1.108759	0.996953	1.108753	0.996814	1.108752	0.996605	1.108752	0.996540	1.108753	0.996724	1.108752	0.996533	1.108753	0.996706	1.108759	0.996750	1349419565.812376	0.999999	78.198790	64.063583	0.000000	1.153855	0.999758	1.153846	0.999526	1.153854	0.999723	1.153853	0.999684	1.153850	0.999571	1.153851	0.999701	1.161011	0.000139	1.153860	0.999874	
1349419566.812290	0.999993	78.181525	63.939453	0.000000	1.130574	0.951433	1.130577	0.951282	1.130569	0.951213	1.130563	0.951372	1.130570	0.951335	1.130574	0.951352	1.130576	0.951525	1.130573	0.951462	1349419566.812364	0.999988	77.680400	63.757245	0.000000	1.153865	0.952666	1.153850	0.952425	1.153858	0.952575	1.153851	0.952441	1.153852	0.952436	1.153848	0.952327	1.153848	0.317000	1.156130	0.999849	
1349419567.812290	1.000000	79.704681	65.220673	0.000000	1.121571	0.988731	1.121619	0.988621	1.121633	0.988577	1.121642	0.988489	1.121602	0.988546	1.121629	0.988500	1.121601	0.988592	1.121592	0.988668	1349419567.812364	1.000000	79.498489	65.361832	0.000000	1.099237	0.987309	1.099233	0.987229	1.099238	0.987324	1.099234	0.987213	1.099233	0.987216	1.099234	0.987287	1.099234	0.987204	1.100633	0.997411	
1349419568.812285	0.999995	79.284271	64.956883	0.000000	1.121634	0.995952	1.121690	0.995869	1.121702	0.995809	1.121700	0.995765	1.121668	0.995859	1.121686	0.995784	1.121668	0.995856	1.121654	0.995876	1349419568.812359	0.999995	79.483110	65.474510	0.000000	1.104875	0.994678	1.104869	0.994579	1.104876	0.994672	1.104869	0.994572	1.104869	0.994572	1.104869	0.994604	1.104869	0.994568	1.105086	0.997574	
1349419569.812287	1.000002	77.944203	63.495072	0.000000	1.138061	0.930457	1.138227	0.930259	1.138270	0.930170	1.138247	0.930203	1.138198	0.930183	1.138286	0.930148	1.138174	0.930231	1.138155	0.930318	1349419569.812366	1.000007	78.813984	64.700358	0.000000	1.115184	0.929156	1.115171	0.928943	1.115184	0.929161	1.115170	0.928938	1.115165	0.928988	1.115171	0.929056	1.115306	0.929841	1.125125	0.998149	
1349419570.812286	0.999999	79.001128	64.526047	0.000000	1.120131	0.978053	1.120185	0.977736	1.120165	0.977753	1.120162	0.977743	1.120121	0.977743	1.120143	0.977755	1.120022	0.977962	1.120143	0.977772	1349419570.812365	0.999999	79.262832	65.123902	0.000000	1.099678	0.976604	1.099678	0.976451	1.099679	0.976591	1.099679	0.976440	1.099674	0.976489	1.099672	0.976524	1.099674	0.976483	1.103007	0.997499	
1349419571.812302	1.000016	69.288352	55.009451	0.000000	1.148109	0.786524	1.148184	0.786413	1.148334	0.786064	1.148369	0.785953	1.148302	0.786184	1.148377	0.786100	1.148222	0.786287	1.148261	0.786140	1349419571.812387	1.000022	73.376229	59.411142	0.000000	1.129993	0.785451	1.129981	0.785348	1.130002	0.785527	1.129981	0.785344	1.129971	0.785180	1.129983	0.785370	1.129970	0.785173	1.159162	0.998924	
1349419572.812286	0.999984	79.463840	64.920425	0.000000	1.110209	0.998164	1.110209	0.998162	1.110203	0.997968	1.110200	0.997811	1.110205	0.997993	1.110203	0.997908	1.110206	0.997997	1.110204	0.997955	1349419572.812365	0.999978	79.486286	65.292448	0.000000	1.090811	0.996871	1.090812	0.996788	1.090810	0.996910	1.090812	0.996780	1.090811	0.996639	1.090811	0.996860	1.090811	0.996630	1.090809	0.996987	
1349419573.812303	1.000017	79.392791	64.442421	0.000000	1.092286	0.991521	1.092354	0.991404	1.092358	0.991335	1.092373	0.991276	1.092340	0.991426	1.092367	0.991392	1.092342	0.991440	1.092328	0.991394	1349419573.812387	1.000022	79.517741	64.966028	0.000000	1.070107	0.990484	1.070099	0.990430	1.070105	0.990525	1.070098	0.990464	1.070101	0.990349	1.070102	0.990500	1.070101	0.990342	1.071038	0.996457	
1349419574.812288	0.999985	79.517323	64.319783	0.000000	1.077944	0.996490	1.078004	0.996381	1.078007	0.996328	1.078022	0.996277	1.077990	0.996399	1.078005	0.996376	1.077979	0.996413	1.077982	0.996365	1349419574.812373	0.999986	79.532643	64.787883	0.000000	1.055730	0.995785	1.055728	0.995736	1.055730	0.995792	1.055728	0.995728	1.055728	0.995607	1.055729	0.995753	1.055728	0.995592	1.055737	0.996111	
1349419575.812294	1.000006	79.513335	64.309446	0.000000	1.078015	0.995341	1.078072	0.995218	1.078071	0.995183	1.078074	0.995128	1.078045	0.995254	1.078056	0.995241	1.078047	0.995254	1.078037	0.995237	1349419575.812381	1.000008	79.449856	64.719202	0.000000	1.056040	0.994432	1.056039	0.994411	1.056042	0.994459	1.056039	0.994404	1.056038	0.994284	1.056037	0.994370	1.056040	0.994300	1.056085	0.995778	
1349419576.812286	0.999992	79.513645	64.298327	0.000000	1.076865	0.995539	1.076911	0.995441	1.076911	0.995435	1.076939	0.995364	1.076913	0.995441	1.076925	0.995424	1.076913	0.995443	1.076895	0.995461	1349419576.812369	0.999988	79.527437	64.778772	0.000000	1.055659	0.994986	1.055657	0.994953	1.055660	0.994995	1.055657	0.994947	1.055656	0.994878	1.055658	0.994960	1.055656	0.994907	1.055704	0.996063	
1349419577.812288	1.000002	715800647.723618	715773490.231258	715826519.390886	0.999970	1.000019	0.999972	1.000039	0.999981	1.000031	0.999972	1.000027	0.999972	1.000030	0.999974	1.000022	0.999971	1.000023	0.999974	1.000037	1349419577.812832	1.000463	715438338.962923	715489556.984104	715496603.440176	0.999974	1.000036	0.999968	1.000023	3.894151	0.256799	0.999971	1.000024	0.999971	1.000026	0.999976	1.000031	0.999971	1.000024	0.999974	1.000035	
1349419578.812277	0.999989	0.000000	0.000000	0.000000	-nan	-nan	-nan	-nan	8.000000	inf	-nan	-nan	-nan	0.000000	-nan	-nan	-nan	-nan	-nan	-nan	1349419578.812350	0.999518	0.000000	0.000000	0.000000	-nan	-nan	-nan	-nan	0.000000	inf	-nan	-nan	-nan	-nan	-nan	-nan	-nan	-nan	-nan	-nan	
1349419579.812332	1.000055	0.000000	0.000000	0.000000	-nan	-nan	-nan	-nan	0.000000	inf	-nan	-nan	-nan	0.000000	0.000000	inf	-nan	-nan	-nan	-nan	1349419579.812403	1.000053	0.000000	0.000000	0.000000	-nan	-nan	-nan	-nan	inf	-nan	-nan	-nan	-nan	-nan	-nan	-nan	-nan	-nan	-nan	-nan	
