ts_0	elapsed_0	pkg_0	pp0_0	dram_0	freq_ratio_0_0	c0_ratio_0_0	freq_ratio_0_1	c0_ratio_0_1	freq_ratio_0_2	c0_ratio_0_2	freq_ratio_0_3	c0_ratio_0_3	freq_ratio_0_4	c0_ratio_0_4	freq_ratio_0_5	c0_ratio_0_5	freq_ratio_0_6	c0_ratio_0_6	freq_ratio_0_7	c0_ratio_0_7	ts_1	elapsed_1	pkg_1	pp0_1	dram_1	freq_ratio_1_0	c0_ratio_1_0	freq_ratio_1_1	c0_ratio_1_1	freq_ratio_1_2	c0_ratio_1_2	freq_ratio_1_3	c0_ratio_1_3	freq_ratio_1_4	c0_ratio_1_4	freq_ratio_1_5	c0_ratio_1_5	freq_ratio_1_6	c0_ratio_1_6	freq_ratio_1_7	c0_ratio_1_7	
1349476900.382347	1.000494	60.655949	47.254824	6.305326	0.999881	0.933689	0.999928	0.928750	0.999953	0.928763	0.999954	0.927353	1.000000	0.928036	1.000000	0.927758	0.999980	0.924750	0.999955	0.918855	1349476900.382428	1.000336	61.963926	48.540700	5.047087	1.000000	0.929277	1.000002	0.928602	1.000001	0.928429	1.000001	0.928514	0.999980	0.925080	1.000001	0.924866	0.999979	0.924829	0.999931	0.994142	
1349476901.382345	0.999998	57.193102	43.715446	6.563703	0.999817	0.845928	0.999821	0.845919	0.999857	0.845856	0.999899	0.845721	0.999939	0.845684	0.999951	0.845708	0.999942	0.845679	0.999806	0.845967	1349476901.382428	1.000000	59.620071	46.124832	5.320587	1.000000	0.846010	1.000000	0.845917	1.000000	0.845950	1.000000	0.845837	1.000000	0.845958	1.000000	0.845815	1.000000	0.845811	1.000000	1.000000	
1349476902.382345	1.000000	55.644089	42.169006	6.433441	0.999864	0.811352	0.999925	0.811310	0.999908	0.811326	0.999940	0.811239	0.999991	0.811100	1.000000	0.811071	1.000000	0.811067	0.999910	0.811339	1349476902.382427	0.999999	58.248469	44.781491	5.182775	1.000000	0.811485	1.000000	0.811298	1.000000	0.811501	1.000000	0.811349	1.000000	0.811583	1.000000	0.811390	1.000000	0.811372	1.000000	1.000000	
1349476903.382344	0.999999	58.080744	44.619397	6.576407	0.999938	0.864652	0.999950	0.864806	0.999961	0.864700	0.999974	0.864617	0.999988	0.864659	0.999988	0.864658	0.999989	0.864656	0.999932	0.864752	1349476903.382425	0.999998	60.081215	46.630048	5.256236	1.000000	0.864758	1.000000	0.864616	1.000000	0.864726	1.000000	0.864611	1.000000	0.864783	1.000000	0.864611	1.000000	0.864621	1.000000	0.999995	
1349476904.382345	1.000001	59.664036	46.205843	6.628534	0.999910	0.900321	0.999956	0.900263	0.999791	0.900880	0.999958	0.900275	1.000000	0.900115	1.000000	0.900113	1.000000	0.900111	0.999959	0.900251	1349476904.382428	1.000003	61.291787	47.844197	5.113571	1.000000	0.900391	1.000000	0.900277	1.000000	0.900363	1.000000	0.900275	1.000000	0.900388	1.000000	0.900271	1.000000	0.900267	1.000000	1.000000	
1349476905.382344	0.999999	57.982950	44.437497	6.671607	0.999786	0.849317	0.999856	0.849255	0.999870	0.849208	0.999895	0.849127	0.999965	0.848991	0.999966	0.848986	0.999935	0.849050	0.999851	0.849249	1349476905.382425	0.999997	60.106555	46.591392	5.572893	1.000000	0.849400	1.000000	0.849207	1.000000	0.849342	1.000000	0.849201	1.000000	0.849393	1.000000	0.849182	1.000000	0.849191	1.000000	1.000000	
1349476906.382344	1.000000	52.091965	38.608429	6.236481	0.999800	0.727681	1.000000	0.727258	0.999975	0.727298	0.999976	0.727175	0.999984	0.727184	0.999903	0.727324	0.999976	0.727183	0.999952	0.727347	1349476906.382425	1.000000	55.481003	42.033005	5.158768	1.000000	0.727275	1.000000	0.727198	1.000000	0.727342	1.000000	0.727248	1.000000	0.727278	1.000000	0.727145	1.000000	0.727156	1.000000	1.000000	
1349476907.382346	1.000002	49.667294	35.858177	6.970400	0.999745	0.629808	0.999835	0.629718	0.999843	0.629731	0.999874	0.629485	0.999941	0.629449	0.999943	0.629551	0.999945	0.629442	0.999818	0.629746	1349476907.382442	1.000017	54.107681	40.372562	6.218874	0.999999	0.629804	1.000000	0.629706	0.999999	0.629714	1.000000	0.629641	1.000000	0.629664	1.000000	0.629471	1.000000	0.629466	1.000000	1.000000	
1349476908.382350	1.000004	715824507.925630	715762476.478885	715806388.305025	0.999990	1.000133	0.999988	1.000138	0.999990	1.000141	0.999990	1.000134	0.999990	1.000137	0.999993	1.000131	0.999990	1.000136	0.999990	1.000134	1349476908.382456	1.000014	715769531.544954	715754648.807314	715775211.448226	0.999990	1.000134	0.999987	1.000136	3.893020	0.256904	0.999990	1.000134	0.999990	1.000137	0.999993	1.000132	0.999990	1.000137	0.999990	1.000135	
1349476909.382343	0.999993	0.000000	0.000000	0.000000	-nan	-nan	-nan	-nan	0.000000	inf	-nan	-nan	-nan	0.000000	-nan	-nan	-nan	-nan	-nan	-nan	1349476909.382423	0.999967	0.000000	0.000000	0.000000	-nan	-nan	-nan	-nan	0.000000	inf	-nan	-nan	-nan	-nan	-nan	-nan	-nan	-nan	-nan	-nan	
