ts_0	elapsed_0	pkg_0	pp0_0	dram_0	freq_ratio_0_0	c0_ratio_0_0	freq_ratio_0_1	c0_ratio_0_1	freq_ratio_0_2	c0_ratio_0_2	freq_ratio_0_3	c0_ratio_0_3	freq_ratio_0_4	c0_ratio_0_4	freq_ratio_0_5	c0_ratio_0_5	freq_ratio_0_6	c0_ratio_0_6	freq_ratio_0_7	c0_ratio_0_7	ts_1	elapsed_1	pkg_1	pp0_1	dram_1	freq_ratio_1_0	c0_ratio_1_0	freq_ratio_1_1	c0_ratio_1_1	freq_ratio_1_2	c0_ratio_1_2	freq_ratio_1_3	c0_ratio_1_3	freq_ratio_1_4	c0_ratio_1_4	freq_ratio_1_5	c0_ratio_1_5	freq_ratio_1_6	c0_ratio_1_6	freq_ratio_1_7	c0_ratio_1_7	
1349476900.382379	1.000521	62.785255	49.318470	5.545725	0.999860	0.923557	0.999910	0.923946	0.999962	0.923506	0.999996	0.923039	0.999974	0.923007	0.999996	0.922679	0.999996	0.918694	0.999974	0.917804	1349476900.382463	1.000346	64.866583	51.492044	4.508908	0.999024	0.923777	0.999003	0.923124	0.999023	0.922671	0.999055	0.954134	0.998997	0.918981	0.999019	0.918762	0.998998	0.918669	0.999028	0.962383	
1349476901.382372	0.999993	57.887561	44.350847	5.430686	0.999631	0.809198	0.999874	0.808797	0.999886	0.808769	0.999926	0.808632	0.999817	0.808909	0.999968	0.808602	0.999928	0.808652	0.999918	0.808670	1349476901.382460	0.999997	60.828512	47.419016	4.605391	0.990013	0.808125	0.990016	0.807944	0.990017	0.807836	0.990017	0.807830	0.990013	0.808142	0.990013	0.807971	0.990012	0.807966	0.991923	0.999195	
1349476902.382370	0.999998	58.844564	45.316294	5.448146	0.999641	0.831437	0.999817	0.831118	0.999836	0.831078	0.999877	0.831005	0.999772	0.831203	0.999953	0.830870	0.999881	0.830995	0.999871	0.831022	1349476902.382457	0.999997	61.818292	48.418882	4.482009	0.992705	0.830623	0.992704	0.830507	0.992702	0.830235	0.992702	0.830245	0.992706	0.830698	0.992704	0.830496	0.992705	0.830505	0.993924	0.999292	
1349476903.382369	0.999999	60.939084	47.402450	5.612371	0.999864	0.873276	0.999904	0.873256	0.999906	0.873206	0.999977	0.873017	0.999866	0.873296	0.999987	0.873015	0.999978	0.873026	0.999919	0.873144	1349476903.382456	0.999999	62.155226	48.763245	4.579869	0.976301	0.871018	0.976294	0.870764	0.976293	0.870702	0.976294	0.870730	0.976303	0.871053	0.976298	0.870877	0.976298	0.870890	0.979310	0.997682	
1349476904.382368	0.999999	62.168196	48.640641	5.581808	0.999921	0.901181	1.000000	0.901060	1.000000	0.901005	1.000000	0.900919	1.000000	0.901001	1.000000	0.900861	1.000000	0.900914	1.000000	0.900911	1349476904.382454	0.999998	63.264983	49.878834	4.373009	0.978592	0.898743	0.978589	0.898650	0.978587	0.898547	0.978586	0.898540	0.978592	0.898778	0.978588	0.898611	0.978588	0.898606	0.980609	0.997661	
1349476905.382390	1.000022	58.760384	45.124605	5.869973	0.999693	0.902073	0.999492	0.375493	0.999800	0.859573	0.999813	0.862041	0.999786	0.862158	0.999826	0.861945	0.999801	0.862043	0.999814	0.861954	1349476905.382505	1.000051	62.335656	48.877084	5.410384	0.982300	0.860828	0.982319	0.860741	0.982351	0.860583	0.982340	0.860603	0.982354	0.860783	0.982366	0.860598	0.982366	0.860594	0.984026	0.958856	
1349476906.382370	0.999980	60.140639	46.541612	5.967069	0.999926	0.914171	0.999957	0.393832	0.999964	0.913996	0.999977	0.913932	0.999952	0.914085	0.999986	0.913916	0.999977	0.913923	0.999977	0.913974	1349476906.382457	0.999952	63.448597	50.031908	5.109727	0.971650	0.911494	0.971649	0.911415	0.971648	0.911347	0.974002	0.997338	0.971651	0.911527	0.971650	0.911422	0.971648	0.911344	0.971648	0.911485	
1349476907.382371	1.000001	51.778118	37.848215	6.119562	0.999777	0.628010	0.999912	0.627931	0.999969	0.627739	1.000000	0.627588	0.999940	0.627784	0.999974	0.627588	1.000000	0.627579	0.999983	0.627613	1349476907.382455	0.999998	56.326478	42.557317	5.953136	0.992612	0.627608	0.992608	0.627307	0.992608	0.627320	0.995273	0.999732	0.992612	0.627649	0.992609	0.627384	0.992610	0.627404	0.992609	0.627393	
1349476908.382375	1.000004	715816128.002136	715795082.985566	715807361.687402	0.999995	1.000170	0.999994	1.000177	1.000003	1.000171	0.999996	1.000174	0.999996	1.000177	0.999999	1.000172	0.999996	1.000177	0.999996	1.000174	1349476908.382480	1.000025	715748583.312706	715805641.549062	715780863.663354	0.999996	1.000171	0.999994	1.000177	3.892582	0.256945	0.999996	1.000175	0.999996	1.000177	0.999999	1.000172	0.999996	1.000177	0.999996	1.000174	
1349476909.382369	0.999994	0.000000	0.000000	0.000000	-nan	-nan	-nan	-nan	0.000000	inf	-nan	-nan	-nan	0.000000	-nan	-nan	-nan	-nan	-nan	-nan	1349476909.382441	0.999961	0.000000	0.000000	0.000000	-nan	-nan	-nan	-nan	0.000000	inf	-nan	-nan	-nan	-nan	-nan	-nan	-nan	-nan	-nan	-nan	
