ts_0	elapsed_0	pkg_0	pp0_0	dram_0	freq_ratio_0_0	c0_ratio_0_0	freq_ratio_0_1	c0_ratio_0_1	freq_ratio_0_2	c0_ratio_0_2	freq_ratio_0_3	c0_ratio_0_3	freq_ratio_0_4	c0_ratio_0_4	freq_ratio_0_5	c0_ratio_0_5	freq_ratio_0_6	c0_ratio_0_6	freq_ratio_0_7	c0_ratio_0_7	ts_1	elapsed_1	pkg_1	pp0_1	dram_1	freq_ratio_1_0	c0_ratio_1_0	freq_ratio_1_1	c0_ratio_1_1	freq_ratio_1_2	c0_ratio_1_2	freq_ratio_1_3	c0_ratio_1_3	freq_ratio_1_4	c0_ratio_1_4	freq_ratio_1_5	c0_ratio_1_5	freq_ratio_1_6	c0_ratio_1_6	freq_ratio_1_7	c0_ratio_1_7	
1349476900.383139	1.000508	60.934419	47.593952	4.885930	0.999933	0.958335	0.999878	0.953579	0.999879	0.953476	0.999976	0.952950	0.999976	0.942759	0.999957	0.942761	0.999944	0.942827	0.999959	0.942721	1349476900.383232	1.000351	52.306304	39.037539	4.052884	0.999957	0.953985	0.999962	0.953604	0.999980	0.953364	1.000001	0.953165	1.000001	0.953305	0.994627	0.000082	1.003573	0.000038	0.999803	0.993559	
1349476901.383134	0.999995	56.909327	43.500965	4.782083	0.999960	0.846345	0.999913	0.846530	0.999979	0.846272	0.999914	0.846337	0.999876	0.846426	0.999825	0.846500	0.999898	0.846537	0.999909	0.846368	1349476901.383217	0.999985	51.558392	38.215418	4.418951	1.000000	0.846587	1.000000	0.846569	1.000000	0.846643	1.000000	0.846652	1.000000	0.846639	1.000006	0.193582	0.995840	0.000111	1.000000	0.999894	
1349476902.383139	1.000005	56.438255	43.027876	4.721427	0.999841	0.835820	0.999966	0.835428	0.999967	0.835433	0.999937	0.835605	0.999885	0.835757	0.999937	0.835458	0.999851	0.835694	0.999938	0.835512	1349476902.383265	1.000048	54.208263	40.865183	4.119309	1.000000	0.835847	1.000000	0.835709	1.000000	0.835866	1.000000	0.835717	1.000000	0.835934	1.000000	0.835724	1.001261	0.000033	1.000000	0.999956	
1349476903.383133	0.999994	58.272595	44.866707	4.800215	0.999945	0.865644	1.000001	0.865554	1.000000	0.865555	1.000000	0.865405	1.000002	0.865571	1.000000	0.865426	1.000000	0.865604	1.000001	0.865394	1349476903.383218	0.999953	55.270662	41.920670	4.216781	1.000000	0.865539	1.000000	0.865533	1.000000	0.865536	1.000000	0.865439	1.000000	0.865560	1.000000	0.865375	1.001784	0.000074	1.000000	0.999993	
1349476904.383133	1.000000	58.851120	45.448349	4.702103	0.999868	0.901502	0.999971	0.901346	0.999973	0.901346	0.999960	0.901337	0.999870	0.901592	0.999975	0.901411	0.999894	0.901582	0.999945	0.901191	1349476904.383219	1.000001	59.029622	45.685854	3.916714	1.000000	0.901568	1.000000	0.901554	1.000000	0.901567	1.000000	0.901402	1.000000	0.901558	1.000000	0.901414	1.000002	0.510495	1.000000	0.999974	
1349476905.383134	1.000001	56.992179	43.513966	4.911967	0.999798	0.850926	0.999960	0.850625	0.999946	0.850645	0.999918	0.850706	0.999820	0.850940	0.999963	0.850618	0.999821	0.850927	0.999904	0.850747	1349476905.383219	1.000000	60.081436	46.683777	4.453827	1.000000	0.851004	1.000000	0.850998	1.000000	0.851011	1.000000	0.850803	1.000000	0.851005	1.000000	0.850814	1.000000	0.850809	1.000000	1.000000	
1349476906.383133	0.999999	51.281299	37.850653	4.501759	0.999793	0.728039	0.999974	0.727759	0.999976	0.727661	0.999927	0.727689	0.999905	0.727864	0.999977	0.727650	0.999788	0.730058	0.999906	0.727759	1349476906.383216	0.999997	55.302524	41.965172	4.002698	1.000000	0.727962	1.000000	0.727959	1.000000	0.727976	1.000000	0.727878	1.000000	0.727974	1.000000	0.727900	1.000000	0.727898	1.000000	1.000000	
1349476907.383135	1.000002	48.589644	34.906962	5.452031	0.999732	0.630838	0.999876	0.630460	0.999929	0.630388	0.999865	0.630485	0.999714	0.630705	0.999955	0.630333	0.999834	0.630551	0.999879	0.630459	1349476907.383223	1.000007	54.149238	40.583002	4.928616	1.000000	0.630689	1.000000	0.630737	1.000000	0.630705	1.000000	0.630563	1.000000	0.630726	1.000000	0.630540	1.000000	0.630534	1.000000	1.000000	
1349476908.383139	1.000004	715820074.412700	715820528.498445	715815323.991998	0.999994	1.000158	0.999992	1.000164	0.999993	1.000165	0.999994	1.000159	0.999994	1.000163	0.999996	1.000156	0.999994	1.000162	0.999994	1.000161	1349476908.383245	1.000022	715806758.729635	715750418.817184	715754534.930039	0.999994	1.000161	0.999991	1.000162	3.892740	0.256930	0.999994	1.000159	0.999994	1.000161	0.999997	1.000158	0.999994	1.000161	0.999994	1.000160	
1349476909.383133	0.999994	0.000000	0.000000	0.000000	-nan	-nan	-nan	-nan	1.000008	inf	-nan	-nan	-nan	0.000000	-nan	-nan	-nan	-nan	-nan	-nan	1349476909.383207	0.999962	0.000000	0.000000	0.000000	-nan	-nan	-nan	-nan	1.345745	inf	-nan	-nan	-nan	-nan	-nan	-nan	-nan	-nan	-nan	-nan	
