ts_0	elapsed_0	pkg_0	pp0_0	dram_0	freq_ratio_0_0	c0_ratio_0_0	freq_ratio_0_1	c0_ratio_0_1	freq_ratio_0_2	c0_ratio_0_2	freq_ratio_0_3	c0_ratio_0_3	freq_ratio_0_4	c0_ratio_0_4	freq_ratio_0_5	c0_ratio_0_5	freq_ratio_0_6	c0_ratio_0_6	freq_ratio_0_7	c0_ratio_0_7	ts_1	elapsed_1	pkg_1	pp0_1	dram_1	freq_ratio_1_0	c0_ratio_1_0	freq_ratio_1_1	c0_ratio_1_1	freq_ratio_1_2	c0_ratio_1_2	freq_ratio_1_3	c0_ratio_1_3	freq_ratio_1_4	c0_ratio_1_4	freq_ratio_1_5	c0_ratio_1_5	freq_ratio_1_6	c0_ratio_1_6	freq_ratio_1_7	c0_ratio_1_7	
1349417323.411987	1.001377	51.226255	37.103293	0.000000	0.988964	0.971809	0.989217	0.996183	0.988937	0.971948	0.988824	0.959757	0.980924	0.003132	0.967396	0.000413	0.952741	0.000279	0.988822	0.960286	1349417323.412153	1.000424	51.612505	37.633232	0.000000	0.981415	0.972776	0.981402	0.972092	0.981177	0.960573	0.980933	0.949838	0.959881	0.000547	0.902834	0.000358	0.978774	0.000621	0.981379	0.973348	
1349417324.411985	0.999998	50.754964	36.580804	0.000000	0.958480	0.995638	0.958481	0.995609	0.958481	0.995634	0.958480	0.995556	0.958133	0.004642	0.957767	0.000862	0.957939	0.000812	0.958487	0.995646	1349417324.412151	0.999998	50.759740	36.730081	0.000000	0.943301	0.994670	0.943303	0.994535	0.943302	0.994559	0.943301	0.994601	0.950759	0.001254	0.948540	0.001004	0.944436	0.001134	0.943287	0.995492	
1349417325.411985	1.000000	50.750656	36.569275	0.000000	0.958389	0.995140	0.958408	0.995067	0.958408	0.995092	0.958406	0.995017	0.955628	0.004534	0.946683	0.000929	0.947788	0.000764	0.958409	0.995091	1349417325.412176	1.000025	50.758693	36.729442	0.000000	0.943938	0.994269	0.943936	0.994160	0.943937	0.994183	0.943937	0.994217	0.945084	0.001222	0.947851	0.000933	0.951073	0.000913	0.943942	0.995657	
1349417326.411988	1.000003	50.751750	36.563272	0.000000	0.956579	0.996324	0.956578	0.996315	0.956579	0.996317	0.956581	0.996231	0.953926	0.004869	0.952582	0.000886	0.955129	0.000828	0.956573	0.996317	1349417326.412160	0.999984	50.704973	36.682532	0.000000	0.943646	0.995732	0.943643	0.995608	0.943644	0.995630	0.943646	0.995722	0.935046	0.002283	0.947396	0.001008	0.960863	0.001118	0.943650	0.995728	
1349417327.411985	0.999997	50.453281	36.228338	0.000000	0.961332	0.996926	0.952954	0.750203	0.961332	0.996881	0.961333	0.996841	0.847127	0.020981	0.836803	0.018240	0.830624	0.017378	0.961342	0.996918	1349417327.412162	1.000002	50.786051	36.740698	0.000000	0.914001	0.995651	0.913999	0.995395	0.913997	0.995580	0.913996	0.995579	0.785555	0.024139	0.795706	0.017500	0.827865	0.265004	0.913995	0.995702	
1349417328.411986	1.000001	46.886033	32.583633	0.000000	0.999982	0.999253	0.999974	0.000340	1.000000	0.999170	1.000000	0.999121	1.000156	0.000267	0.999995	0.003381	1.020668	0.000046	1.000000	0.999169	1349417328.412189	1.000027	50.795720	36.722064	0.000000	0.856215	0.996016	0.856216	0.995951	0.856216	0.995890	0.856216	0.995860	0.862829	0.000437	0.874845	0.000154	0.856215	0.995972	0.856207	0.996775	
1349417329.411996	1.000010	46.855518	32.550440	0.000000	1.000000	0.999970	0.999877	0.000160	1.000000	1.000000	1.000000	0.999942	1.000022	0.000258	0.999986	0.003483	0.999646	0.000015	1.000000	1.000000	1349417329.412183	0.999994	50.797956	36.731161	0.000000	0.856935	0.996869	0.856935	0.996818	0.856935	0.996815	0.856935	0.996863	0.852243	0.000279	0.886464	0.000040	0.856935	0.996865	0.856934	0.996861	
1349417330.411989	0.999993	715806905.200606	715821992.060320	715832834.089187	0.999971	1.000016	0.999970	1.000028	0.999973	1.000034	0.999970	1.000015	0.999970	1.000018	0.999975	1.000023	0.999972	1.000025	0.999971	1.000019	1349417330.412093	0.999910	715844280.519317	715877420.320085	715892231.838900	0.999972	1.000023	0.999968	1.000020	3.894261	0.256788	0.999971	1.000020	0.999971	1.000020	0.999976	1.000025	0.999973	1.000029	0.999971	1.000019	
1349417331.412079	1.000090	0.000000	0.000000	0.000000	-nan	-nan	-nan	-nan	1.000008	inf	-nan	-nan	-nan	0.000000	-nan	-nan	-nan	-nan	-nan	-nan	1349417331.412160	1.000067	0.000000	0.000000	0.000000	-nan	-nan	-nan	-nan	1.345745	inf	-nan	-nan	-nan	-nan	-nan	-nan	-nan	-nan	-nan	-nan	
