ts_0	elapsed_0	pkg_0	pp0_0	dram_0	freq_ratio_0_0	c0_ratio_0_0	freq_ratio_0_1	c0_ratio_0_1	freq_ratio_0_2	c0_ratio_0_2	freq_ratio_0_3	c0_ratio_0_3	freq_ratio_0_4	c0_ratio_0_4	freq_ratio_0_5	c0_ratio_0_5	freq_ratio_0_6	c0_ratio_0_6	freq_ratio_0_7	c0_ratio_0_7	ts_1	elapsed_1	pkg_1	pp0_1	dram_1	freq_ratio_1_0	c0_ratio_1_0	freq_ratio_1_1	c0_ratio_1_1	freq_ratio_1_2	c0_ratio_1_2	freq_ratio_1_3	c0_ratio_1_3	freq_ratio_1_4	c0_ratio_1_4	freq_ratio_1_5	c0_ratio_1_5	freq_ratio_1_6	c0_ratio_1_6	freq_ratio_1_7	c0_ratio_1_7	
1349479002.500573	1.000476	73.124991	58.904143	8.939304	1.192534	0.951323	1.192130	0.946305	1.209799	0.004181	1.192110	0.945768	1.192034	0.943019	1.192034	0.943130	1.192047	0.942827	1.186484	0.000035	1349479002.500698	1.000374	76.969026	62.899307	8.272235	1.192097	0.946284	1.192180	0.945651	1.192182	0.945615	1.192147	0.945455	1.192175	0.942715	1.138413	0.001864	1.241202	0.000033	1.195499	0.992344	
1349479003.500572	0.999999	78.313963	63.728576	10.267802	1.192139	0.999549	1.192140	0.999548	1.153732	0.002520	1.192140	0.999549	1.192140	0.999548	1.192141	0.999549	1.192141	0.999549	1.153674	0.000116	1349479003.500719	1.000021	81.544569	67.142619	9.861793	1.192084	0.998314	1.192084	0.998311	1.192084	0.998310	1.192084	0.998274	1.192084	0.998300	1.153962	0.003319	1.153759	0.000062	1.192084	0.998309	
1349479004.500570	0.999998	78.377408	63.780380	10.263020	1.191947	0.996570	1.191948	0.996628	1.153852	0.002963	1.191947	0.996634	1.191947	0.996636	1.191945	0.996565	1.191945	0.996563	1.156715	0.000008	1349479004.500696	0.999977	81.337845	66.920080	9.884122	1.192105	0.998436	1.192104	0.998441	1.192105	0.998433	1.192105	0.998421	1.192105	0.998427	1.153905	0.002999	1.154742	0.000006	1.192105	0.998437	
1349479005.500570	1.000000	78.619965	64.013062	10.250900	1.192266	0.999579	1.192266	0.999577	1.153774	0.000443	1.192266	0.999574	1.192267	0.999652	1.192268	0.999644	1.192268	0.999651	1.153478	0.000107	1349479005.500697	1.000001	81.606154	67.186063	9.848135	1.191819	0.996184	1.191819	0.996180	1.191819	0.996184	1.191819	0.996128	1.191819	0.996177	1.153954	0.003285	1.153422	0.001674	1.191819	0.996174	
1349479006.500576	1.000006	78.644352	64.033310	10.248688	1.192280	0.998550	1.192275	0.998430	1.153821	0.000495	1.192277	0.998535	1.192273	0.998388	1.192273	0.998385	1.192274	0.998404	1.152604	0.000008	1349479006.500707	1.000010	81.636374	67.210326	9.889198	1.192035	0.996601	1.192037	0.996659	1.192036	0.996638	1.192037	0.996597	1.192034	0.996524	1.154390	0.000815	1.153886	0.003165	1.192080	0.997781	
1349479007.500570	0.999994	78.689281	64.089325	10.327927	1.192236	0.999362	1.192236	0.999364	1.154179	0.000896	1.192238	0.999411	1.192237	0.999416	1.192237	0.999439	1.192236	0.999352	1.154198	0.000092	1349479007.500698	0.999991	81.749611	67.315734	9.898832	1.191995	0.997272	1.191995	0.997266	1.191995	0.997265	1.191995	0.997211	1.191995	0.997261	1.153708	0.000975	1.153826	0.003239	1.191995	0.997260	
1349479008.500570	1.000000	78.806396	64.190460	10.225159	1.192275	0.999631	1.192275	0.999636	1.153568	0.000436	1.192275	0.999636	1.192276	0.999717	1.192276	0.999717	1.192277	0.999699	1.156426	0.000008	1349479008.500696	0.999998	81.836887	67.402320	9.880390	1.192130	0.998687	1.192130	0.998680	1.192130	0.998687	1.192130	0.998593	1.192130	0.998683	1.151345	0.000141	1.153795	0.002576	1.192130	0.998683	
1349479009.500578	1.000008	78.776446	64.170332	10.316841	1.192269	0.999632	1.192266	0.999547	1.153782	0.000448	1.192269	0.999631	1.192265	0.999550	1.192266	0.999547	1.192265	0.999542	1.143929	0.000096	1349479009.500704	1.000008	81.840340	67.402392	9.901134	1.191885	0.996629	1.191885	0.996636	1.191885	0.996634	1.191885	0.996630	1.191885	0.996590	1.153190	0.000181	1.153825	0.004020	1.191885	0.996629	
1349479010.500571	0.999993	78.569116	63.975326	10.282099	1.192164	0.998629	1.192244	0.998431	1.153530	0.000513	1.192214	0.998562	1.192229	0.998450	1.192229	0.998449	1.192245	0.998418	1.140066	0.000009	1349479010.500708	1.000004	81.849690	67.412355	9.909490	1.192063	0.996987	1.192059	0.996880	1.192063	0.997004	1.192061	0.996949	1.192059	0.996871	1.156544	0.000225	1.153874	0.003539	1.192143	0.998074	
1349479011.500569	0.999998	78.329816	63.745056	10.313237	1.191824	0.993062	1.191918	0.992783	1.154127	0.003443	1.191882	0.992976	1.191880	0.992896	1.191894	0.992871	1.191918	0.992766	1.164832	0.000096	1349479011.500705	0.999997	81.808832	67.372172	9.926697	1.191917	0.994439	1.191915	0.994386	1.191915	0.994382	1.191915	0.994341	1.191915	0.994324	1.151767	0.000334	1.154524	0.003317	1.192166	0.997707	
1349479012.500573	1.000004	78.299518	63.723497	10.287571	1.191713	0.994363	1.191713	0.994356	1.153839	0.005368	1.191714	0.994356	1.191714	0.994358	1.191714	0.994352	1.191714	0.994320	1.154028	0.000008	1349479012.500712	1.000007	81.918776	67.479697	9.879204	1.192052	0.998074	1.192052	0.998068	1.192053	0.998070	1.192052	0.998066	1.192052	0.998067	1.157705	0.000181	1.153785	0.003471	1.192052	0.998067	
1349479013.500573	1.000000	715762453.696030	715792412.905380	715769184.420837	0.999992	1.000146	0.999990	1.000150	0.999992	1.000154	0.999992	1.000147	0.999992	1.000149	0.999995	1.000144	0.999992	1.000150	0.999992	1.000147	1349479013.500687	0.999975	715807658.189243	715821977.316109	715784901.637287	0.999992	1.000147	0.999989	1.000149	3.892889	0.256916	0.999992	1.000148	0.999992	1.000149	0.999995	1.000145	0.999992	1.000149	0.999992	1.000147	
1349479014.500566	0.999993	0.000000	0.000000	0.000000	-nan	-nan	-nan	-nan	0.000000	inf	-nan	-nan	-nan	0.000000	-nan	-nan	-nan	-nan	-nan	-nan	1349479014.500626	0.999939	0.000000	0.000000	0.000000	-nan	-nan	-nan	-nan	0.000000	inf	-nan	-nan	-nan	-nan	-nan	-nan	-nan	-nan	-nan	-nan	
1349479015.500608	1.000042	0.000000	0.000000	0.000000	-nan	-nan	-nan	-nan	1.345745	inf	-nan	-nan	-nan	0.000000	-nan	-nan	-nan	-nan	-nan	-nan	1349479015.500670	1.000044	0.000000	0.000000	0.000000	-nan	-nan	-nan	-nan	inf	-nan	-nan	-nan	-nan	-nan	-nan	-nan	-nan	-nan	-nan	-nan	
