ts_0	elapsed_0	pkg_0	pp0_0	dram_0	freq_ratio_0_0	c0_ratio_0_0	freq_ratio_0_1	c0_ratio_0_1	freq_ratio_0_2	c0_ratio_0_2	freq_ratio_0_3	c0_ratio_0_3	freq_ratio_0_4	c0_ratio_0_4	freq_ratio_0_5	c0_ratio_0_5	freq_ratio_0_6	c0_ratio_0_6	freq_ratio_0_7	c0_ratio_0_7	ts_1	elapsed_1	pkg_1	pp0_1	dram_1	freq_ratio_1_0	c0_ratio_1_0	freq_ratio_1_1	c0_ratio_1_1	freq_ratio_1_2	c0_ratio_1_2	freq_ratio_1_3	c0_ratio_1_3	freq_ratio_1_4	c0_ratio_1_4	freq_ratio_1_5	c0_ratio_1_5	freq_ratio_1_6	c0_ratio_1_6	freq_ratio_1_7	c0_ratio_1_7	
1349479002.499259	1.000717	67.442158	53.422531	7.573931	1.192905	0.952778	1.192459	0.947117	1.192505	0.947511	1.215089	0.007059	1.192280	0.942783	1.149535	0.000084	1.192303	0.942798	1.163973	0.000146	1349479002.499410	1.000433	76.137781	62.028762	7.271235	1.154081	0.947933	1.154046	0.947292	1.153981	0.947014	1.154014	0.947060	1.153917	0.945043	1.155877	0.001787	1.153853	0.943134	1.159319	0.993579	
1349479003.499260	1.000001	72.071403	57.739111	8.773078	1.192309	0.999901	1.192303	0.999791	1.192299	0.999837	1.192239	0.005494	1.192305	0.999834	1.157427	0.000061	1.192304	0.999798	1.193114	0.000014	1349479003.499435	1.000025	80.723565	66.251546	8.776941	1.153848	0.999876	1.153848	0.999875	1.153852	0.999967	1.153852	0.999959	1.153846	0.999833	1.153718	0.003781	1.153848	0.999882	1.153852	0.999967	
1349479004.499258	0.999998	75.682105	61.348902	8.786317	1.192242	0.999770	1.192278	0.999724	1.192252	0.999777	1.192284	0.393565	1.192282	0.999722	1.178696	0.000454	1.192282	0.999708	1.192974	0.000064	1349479004.499416	0.999981	79.260865	64.750319	9.171546	1.168699	0.998963	1.168699	0.998959	1.168707	0.999089	1.168701	0.999014	1.168699	0.998952	1.153921	0.004164	1.153851	0.609155	1.168707	0.999083	
1349479005.499263	1.000005	81.314748	66.998764	8.818056	1.192270	0.999644	1.192271	0.999640	1.192267	0.999632	1.192267	0.999639	1.192267	0.999631	1.153880	0.000525	1.192266	0.999630	1.152550	0.000028	1349479005.499407	0.999991	76.701012	62.142241	9.828306	1.191509	0.994667	1.191507	0.994597	1.191509	0.994661	1.191509	0.994669	1.191507	0.994582	1.154013	0.005945	1.154971	0.000011	1.191509	0.994663	
1349479006.499255	0.999992	81.433491	67.104716	8.811458	1.192271	0.999640	1.192269	0.999573	1.192270	0.999620	1.192269	0.999654	1.192269	0.999579	1.153430	0.000484	1.192269	0.999546	1.154266	0.000083	1349479006.499390	0.999983	76.719301	62.153487	9.823653	1.191790	0.994638	1.191787	0.994517	1.191791	0.994670	1.191791	0.994664	1.191787	0.994503	1.153954	0.003232	1.153596	0.002554	1.191792	0.994660	
1349479007.499254	0.999999	81.693803	67.360309	8.839608	1.192195	0.999623	1.192244	0.999554	1.192198	0.999620	1.192199	0.999621	1.192223	0.999584	1.154503	0.000419	1.192259	0.999528	1.167591	0.000015	1349479007.499392	1.000002	76.835806	62.269016	9.795910	1.191923	0.996191	1.191923	0.996176	1.191930	0.996311	1.191925	0.996233	1.191925	0.996028	1.154463	0.001832	1.153819	0.002862	1.191929	0.996299	
1349479008.499257	1.000003	81.994848	67.655262	8.798038	1.192273	0.999688	1.192271	0.999615	1.192273	0.999696	1.192273	0.999687	1.192273	0.999688	1.153552	0.000434	1.192271	0.999612	1.144412	0.000098	1349479008.499416	1.000024	76.905863	62.333597	9.846198	1.192037	0.997795	1.192037	0.997785	1.192043	0.997912	1.192039	0.997843	1.192037	0.997735	1.153225	0.000247	1.153869	0.003814	1.192043	0.997927	
1349479009.499256	0.999999	82.165468	67.838154	8.866097	1.191128	0.993267	1.191129	0.993233	1.191128	0.993253	1.191129	0.993247	1.191128	0.993244	1.154026	0.002951	1.191129	0.993216	1.153941	0.002800	1349479009.499391	0.999975	76.957523	62.382314	9.778107	1.191976	0.997030	1.191976	0.997024	1.191977	0.997030	1.191977	0.997035	1.191977	0.996988	1.153666	0.001080	1.153800	0.003268	1.191977	0.997028	
1349479010.499267	1.000011	82.267530	67.923312	8.841517	1.191881	0.996081	1.191880	0.996070	1.191882	0.996065	1.191881	0.996069	1.191881	0.996067	1.151860	0.000497	1.191881	0.996059	1.153974	0.002898	1349479010.499406	1.000015	76.966022	62.391305	9.814107	1.191915	0.996853	1.191915	0.996844	1.191915	0.996844	1.191915	0.996855	1.191915	0.996805	1.152166	0.000175	1.153781	0.004723	1.191915	0.996850	
1349479011.499258	0.999991	82.069637	67.717655	8.850452	1.192125	0.999302	1.192124	0.999334	1.192122	0.999256	1.192127	0.999380	1.192123	0.999299	1.153889	0.003402	1.192124	0.999332	1.152890	0.000021	1349479011.499421	1.000015	77.083208	62.507682	9.769034	1.192033	0.997714	1.192033	0.997713	1.192039	0.997840	1.192035	0.997764	1.192034	0.997702	1.155542	0.000357	1.153923	0.003756	1.192039	0.997835	
1349479012.499257	0.999999	81.973330	67.619999	8.830697	1.192272	0.999583	1.192271	0.999580	1.192270	0.999585	1.192272	0.999661	1.192271	0.999447	1.153551	0.000526	1.192271	0.999549	1.153209	0.000070	1349479012.499396	0.999975	77.124154	62.548166	9.796464	1.192074	0.998399	1.192074	0.998334	1.192077	0.998528	1.192077	0.998485	1.192082	0.998601	1.152412	0.000389	1.153741	0.002345	1.192082	0.998612	
1349479013.499252	0.999995	715773665.754579	715818905.270177	715785301.331589	0.999997	1.000163	0.999995	1.000166	0.999997	1.000170	0.999997	1.000163	0.999997	1.000166	1.000000	1.000161	0.999997	1.000166	0.999997	1.000164	1349479013.499365	0.999969	715814858.159830	715798042.547835	715820553.950519	0.999997	1.000162	0.999995	1.000165	3.892519	0.256946	0.999997	1.000164	0.999997	1.000166	1.000000	1.000161	0.999997	1.000166	0.999997	1.000164	
1349479014.499281	1.000029	0.000000	0.000000	0.000000	-nan	-nan	-nan	-nan	1.000008	inf	-nan	-nan	-nan	0.000000	-nan	-nan	-nan	-nan	-nan	-nan	1349479014.499355	0.999990	0.000000	0.000000	0.000000	-nan	-nan	-nan	-nan	1.345745	inf	-nan	-nan	-nan	-nan	-nan	-nan	-nan	-nan	-nan	-nan	
1349479015.499458	1.000177	0.000000	0.000000	0.000000	-nan	-nan	-nan	-nan	0.000000	inf	-nan	-nan	-nan	0.000000	-nan	-nan	-nan	-nan	-nan	-nan	1349479015.499520	1.000165	0.000000	0.000000	0.000000	-nan	-nan	-nan	-nan	-nan	-nan	-nan	-nan	-nan	-nan	-nan	-nan	-nan	-nan	-nan	-nan	
