ts_0	elapsed_0	pkg_0	pp0_0	dram_0	freq_ratio_0_0	c0_ratio_0_0	freq_ratio_0_1	c0_ratio_0_1	freq_ratio_0_2	c0_ratio_0_2	freq_ratio_0_3	c0_ratio_0_3	freq_ratio_0_4	c0_ratio_0_4	freq_ratio_0_5	c0_ratio_0_5	freq_ratio_0_6	c0_ratio_0_6	freq_ratio_0_7	c0_ratio_0_7	ts_1	elapsed_1	pkg_1	pp0_1	dram_1	freq_ratio_1_0	c0_ratio_1_0	freq_ratio_1_1	c0_ratio_1_1	freq_ratio_1_2	c0_ratio_1_2	freq_ratio_1_3	c0_ratio_1_3	freq_ratio_1_4	c0_ratio_1_4	freq_ratio_1_5	c0_ratio_1_5	freq_ratio_1_6	c0_ratio_1_6	freq_ratio_1_7	c0_ratio_1_7	
1349416815.839842	1.001072	48.694736	34.623012	0.000000	0.999996	0.989084	0.999907	0.995381	0.999993	0.987898	0.999997	0.977077	0.996614	0.001325	0.973070	0.000119	0.981346	0.000181	0.963480	0.000090	1349416815.840037	1.000443	60.430063	46.159286	0.000000	0.999960	0.988922	1.000001	0.988368	1.000001	0.988282	1.000001	0.988123	0.999980	0.988253	1.000547	0.000277	0.911132	0.000226	0.999892	0.989874	
1349416816.839859	1.000017	49.345371	35.199172	0.000000	1.000000	0.999898	1.000000	0.999909	1.000000	0.999996	1.000000	1.000000	0.999979	0.002012	1.014147	0.000015	1.018959	0.000020	0.999307	0.000100	1349416816.840054	1.000017	61.336684	46.990354	0.000000	1.000000	0.999959	1.000000	1.000000	1.000000	1.000000	1.000000	0.999991	1.000000	0.999820	0.999733	0.000230	1.000644	0.000080	1.000000	1.000000	
1349416817.839840	0.999981	49.509566	35.339755	0.000000	1.000000	0.999901	1.000000	0.999958	1.000000	0.999994	1.000000	0.999991	1.000185	0.003204	0.998931	0.000218	0.998306	0.000208	1.001113	0.000045	1349416817.840035	0.999981	61.446515	47.098143	0.000000	1.000000	0.999962	1.000000	0.999951	1.000000	0.999959	1.000000	0.999991	1.000000	0.999919	1.000006	0.000427	0.999680	0.000177	1.000000	1.000000	
1349416818.839851	1.000011	49.529730	35.359872	0.000000	1.000000	0.999908	1.000000	0.999908	0.999996	0.999961	0.999999	0.999981	1.000098	0.001629	1.000047	0.000334	1.002921	0.000128	1.001085	0.000205	1349416818.840061	1.000026	61.512241	47.157084	0.000000	1.000000	0.999947	1.000000	0.999937	1.000000	0.999964	1.000000	0.999938	1.000000	0.999837	1.000080	0.000317	1.000109	0.000177	1.000000	0.999986	
1349416819.839839	0.999988	49.629452	35.455989	0.000000	1.000000	0.999981	1.000001	1.000001	1.000004	0.999995	1.000001	0.999993	0.999991	0.003770	0.999946	0.000064	0.998301	0.000124	0.990767	0.000024	1349416819.840027	0.999966	61.551629	47.188376	0.000000	1.000000	0.999988	1.000000	0.999991	1.000000	0.999963	1.000000	0.999991	1.000000	0.999998	0.999980	0.000230	0.999873	0.000169	1.000000	1.000000	
1349416820.839840	1.000001	49.623106	35.444470	0.000000	1.000000	0.999976	0.999999	0.999982	1.000000	1.000000	1.000000	1.000000	0.999770	0.002782	0.999874	0.000009	0.995066	0.000036	1.000172	0.000076	1349416820.840033	1.000006	61.607406	47.243859	0.000000	1.000000	0.999982	1.000000	1.000000	1.000000	1.000000	1.000000	1.000000	1.000000	0.999960	0.999966	0.000274	0.999994	0.000066	1.000000	1.000000	
1349416821.839840	1.000000	49.649185	35.470520	0.000000	1.000000	0.999981	1.000000	0.999987	0.999999	0.999999	1.000000	1.000000	1.000187	0.003281	1.002073	0.000107	1.001911	0.000092	0.999660	0.000029	1349416821.840027	0.999994	61.647569	47.280571	0.000000	1.000000	0.999987	1.000000	1.000000	1.000000	1.000000	1.000000	1.000000	1.000000	0.999962	1.000035	0.000230	1.000267	0.000146	1.000000	1.000000	
1349416822.839844	1.000004	50.103953	35.926444	0.000000	1.000000	0.999414	1.000000	0.999387	1.000000	0.999414	1.000000	0.999437	1.000035	0.011662	0.999889	0.009293	0.999994	0.008241	0.999986	0.007927	1349416822.839973	0.999946	61.693968	47.342868	0.000000	1.000000	0.999435	1.000000	0.999435	1.000000	0.999411	1.000000	0.999441	1.000000	0.999334	0.999745	0.002684	0.999996	0.014156	1.000000	1.000000	
1349416823.839841	0.999997	49.589891	35.422778	0.000000	1.000000	0.999935	1.000000	0.999956	1.000000	0.999993	1.000000	0.999991	0.999497	0.000686	1.000190	0.001263	0.999516	0.000123	1.002792	0.000008	1349416823.840030	1.000057	61.696512	47.320912	0.000000	1.000000	0.999961	1.000000	0.999991	1.000000	0.999959	1.000000	0.999991	1.000000	0.999920	1.000479	0.000277	0.999633	0.000125	1.000000	1.000000	
1349416824.839846	1.000005	49.673045	35.488668	0.000000	0.999999	0.999959	0.999999	0.999950	1.000000	0.999954	1.000000	0.999983	0.999970	0.003751	0.999962	0.002181	0.988362	0.000016	0.999925	0.000108	1349416824.840061	1.000031	61.700633	47.327772	0.000000	1.000000	0.999978	1.000000	0.999911	1.000000	1.000000	1.000000	0.999954	1.000000	0.999918	1.000046	0.000209	1.000438	0.000081	1.000000	0.999989	
1349416825.839841	0.999995	49.669057	35.485331	0.000000	1.000001	0.999989	1.000000	0.999991	1.000000	1.000000	1.000000	1.000000	0.999650	0.000547	0.999955	0.002293	0.994643	0.000093	1.000986	0.000015	1349416825.840029	0.999968	61.730885	47.355441	0.000000	1.000000	0.999994	1.000000	1.000000	1.000000	1.000000	1.000000	1.000000	1.000000	0.999984	1.000260	0.000246	1.000154	0.000128	1.000000	1.000000	
1349416826.839841	1.000000	49.617493	35.437454	0.000000	1.000000	0.999438	1.000000	0.999485	1.000000	0.999578	0.999998	0.999557	1.000194	0.000633	1.000081	0.001560	0.994573	0.000027	0.993788	0.000085	1349416826.840056	1.000027	61.726029	47.347052	0.000000	1.000000	0.999471	1.000000	0.999550	1.000000	0.999529	1.000000	0.999559	1.000000	0.999444	0.999090	0.000195	0.999895	0.000070	1.000000	1.000000	
1349416827.839841	1.000000	49.632736	35.454803	0.000000	1.000000	0.999609	1.000000	0.999572	1.000000	0.999665	1.000002	0.999685	0.998513	0.000596	0.999868	0.002239	1.004060	0.000155	1.013047	0.000042	1349416827.840038	0.999982	61.726629	47.349296	0.000000	1.000000	0.999670	1.000000	0.999676	1.000000	0.999683	1.000000	0.999696	1.000000	0.999537	1.000470	0.000373	1.000083	0.000162	1.000000	0.999995	
1349416828.839845	1.000004	715781117.858972	715776276.238153	715824983.400036	0.999970	1.000013	0.999969	1.000023	0.999971	1.000023	0.999971	1.000018	0.999972	1.000022	0.999973	1.000012	0.999972	1.000021	0.999971	1.000014	1349416828.839967	0.999929	715869731.504903	715875645.426514	715878747.002132	0.999971	1.000015	0.999969	1.000021	3.894320	0.256783	0.999972	1.000019	0.999971	1.000018	0.999974	1.000017	0.999971	1.000019	0.999971	1.000018	
1349416829.839837	0.999992	0.000000	0.000000	0.000000	-nan	-nan	-nan	-nan	0.000000	inf	-nan	-nan	-nan	0.000000	-nan	-nan	-nan	-nan	-nan	-nan	1349416829.839908	0.999941	0.000000	0.000000	0.000000	-nan	-nan	-nan	-nan	0.000000	inf	-nan	-nan	-nan	-nan	-nan	-nan	-nan	-nan	-nan	-nan	
