ts_0	elapsed_0	pkg_0	pp0_0	dram_0	freq_ratio_0_0	c0_ratio_0_0	freq_ratio_0_1	c0_ratio_0_1	freq_ratio_0_2	c0_ratio_0_2	freq_ratio_0_3	c0_ratio_0_3	freq_ratio_0_4	c0_ratio_0_4	freq_ratio_0_5	c0_ratio_0_5	freq_ratio_0_6	c0_ratio_0_6	freq_ratio_0_7	c0_ratio_0_7	ts_1	elapsed_1	pkg_1	pp0_1	dram_1	freq_ratio_1_0	c0_ratio_1_0	freq_ratio_1_1	c0_ratio_1_1	freq_ratio_1_2	c0_ratio_1_2	freq_ratio_1_3	c0_ratio_1_3	freq_ratio_1_4	c0_ratio_1_4	freq_ratio_1_5	c0_ratio_1_5	freq_ratio_1_6	c0_ratio_1_6	freq_ratio_1_7	c0_ratio_1_7	
1350074117.769156	1.000152	93.522365	80.344682	4.966698	1.153846	1.000000	1.153846	1.000000	1.153846	1.000000	1.153846	1.000000	1.153846	1.000000	1.153846	1.000000	1.153846	1.000000	1.153846	1.000000	1350074117.769212	1.000145	76.793022	63.493390	1.636588	1.191408	0.992625	1.191408	0.992622	1.191409	0.992618	1.191409	0.992613	1.191408	0.992605	1.154222	0.001874	1.153669	0.003660	1.191409	0.992611	
1350074118.769149	0.999993	93.162006	80.012486	4.962727	1.153846	1.000000	1.153846	1.000000	1.153846	1.000000	1.153846	1.000000	1.153846	1.000000	1.153846	1.000000	1.153846	1.000000	1.153846	1.000000	1350074118.769204	0.999992	77.188004	63.872619	1.635389	1.191944	0.995921	1.191944	0.995918	1.191945	0.995915	1.191945	0.995911	1.191944	0.995907	1.153237	0.000980	1.153853	0.002024	1.191944	0.995910	
1350074119.769149	1.000000	93.215866	80.042587	4.952194	1.153846	1.000000	1.153846	1.000000	1.153846	1.000000	1.153846	1.000000	1.153846	1.000000	1.153846	1.000000	1.153846	1.000000	1.153846	1.000000	1350074119.769202	0.999998	77.255824	63.929108	1.609287	1.191581	0.991686	1.191581	0.991679	1.191582	0.991674	1.191582	0.991665	1.191581	0.991660	1.153868	0.000963	1.153984	0.004565	1.191582	0.991667	
1350074120.769149	1.000000	93.354904	80.175568	4.952896	1.153846	1.000000	1.153846	1.000000	1.153846	1.000000	1.153846	1.000000	1.153846	1.000000	1.153846	1.000000	1.153846	1.000000	1.153846	1.000000	1350074120.769202	1.000000	77.387527	64.053986	1.602585	1.191251	0.992703	1.191251	0.992699	1.191251	0.992697	1.191251	0.992693	1.191251	0.992685	1.154027	0.003080	1.153833	0.001942	1.191251	0.992687	
1350074121.769149	1.000000	93.446014	80.262390	4.947464	1.153846	1.000000	1.153846	1.000000	1.153846	1.000000	1.153846	1.000000	1.153846	1.000000	1.153846	1.000000	1.153846	1.000000	1.153846	1.000000	1350074121.769201	0.999999	77.579450	64.237992	1.594347	1.191578	0.995066	1.191578	0.995062	1.191578	0.995060	1.191578	0.995055	1.191578	0.995051	1.153827	0.003550	1.153889	0.000006	1.191579	0.995052	
1350074122.769149	1.000000	93.481949	80.298492	4.952393	1.153846	1.000000	1.153847	1.000000	1.153846	1.000000	1.153846	1.000000	1.153846	1.000000	1.153846	1.000000	1.153846	1.000000	1.153846	1.000000	1350074122.769202	1.000001	77.546130	64.206116	1.650572	1.191201	0.991598	1.191201	0.991591	1.191201	0.991579	1.191202	0.991571	1.191201	0.991568	1.153714	0.003640	1.153834	0.003859	1.191201	0.991571	
1350074123.769149	1.000000	93.540390	80.354355	4.962921	1.153846	1.000000	1.153846	1.000000	1.153846	1.000000	1.153846	1.000000	1.153846	1.000000	1.153846	1.000000	1.153846	1.000000	1.153846	1.000000	1350074123.769201	0.999999	77.481840	64.152298	1.591585	1.191584	0.991756	1.191584	0.991745	1.191584	0.991734	1.191584	0.991727	1.191584	0.991722	1.153741	0.001065	1.153856	0.004417	1.191584	0.991732	
1350074124.769149	1.000000	93.570969	80.381592	4.977371	1.153846	1.000000	1.153846	1.000000	1.153846	1.000000	1.153846	1.000000	1.153846	1.000000	1.153846	1.000000	1.153846	1.000000	1.153846	1.000000	1350074124.769204	1.000003	77.534458	64.189437	1.603556	1.191569	0.991555	1.191569	0.991552	1.191570	0.991542	1.191570	0.991538	1.191569	0.991531	1.153926	0.001159	1.153728	0.004464	1.191570	0.991534	
1350074125.769149	1.000000	93.617752	80.425812	4.968155	1.153846	1.000000	1.153846	1.000000	1.153846	1.000000	1.153846	1.000000	1.153846	1.000000	1.153846	1.000000	1.153846	1.000000	1.153846	1.000000	1350074125.769200	0.999996	77.592905	64.246491	1.603354	1.191586	0.991796	1.191586	0.991788	1.191586	0.991781	1.191586	0.991777	1.191586	0.991771	1.153817	0.001018	1.153961	0.004456	1.191586	0.991774	
1350074126.769149	1.000000	93.672974	80.480453	4.962738	1.153846	1.000000	1.153846	1.000000	1.153846	1.000000	1.153846	1.000000	1.153846	1.000000	1.153846	1.000000	1.153846	1.000000	1.153846	1.000000	1350074126.769202	1.000002	77.523061	64.173065	1.587888	1.191575	0.991616	1.191575	0.991608	1.191576	0.991601	1.191575	0.991595	1.191575	0.991590	1.153827	0.001096	1.153842	0.004486	1.191575	0.991591	
1350074127.769149	1.000000	93.773727	80.580093	4.973236	1.153846	1.000000	1.153846	1.000000	1.153846	1.000000	1.153846	1.000000	1.153846	1.000000	1.153846	1.000000	1.153846	1.000000	1.153846	1.000000	1350074127.769201	0.999999	77.555051	64.200714	1.591798	1.191961	0.996488	1.191961	0.996486	1.191961	0.996484	1.191961	0.996482	1.191961	0.996479	1.153687	0.001355	1.153854	0.001293	1.191961	0.996479	
1350074128.769149	1.000000	93.799576	80.605331	4.972946	1.153846	1.000000	1.153846	1.000000	1.153846	1.000000	1.153846	1.000000	1.153846	1.000000	1.153846	1.000000	1.153846	1.000000	1.153846	1.000000	1350074128.769203	1.000002	77.753148	64.401656	1.587750	1.192184	0.998600	1.192183	0.998599	1.192184	0.998599	1.192184	0.998598	1.192184	0.998597	1.154006	0.001053	1.154035	0.000078	1.192183	0.998597	
1350074129.769149	1.000000	93.863052	80.668976	4.973221	1.153846	1.000000	1.153846	1.000000	1.153846	1.000000	1.153846	1.000000	1.153846	1.000000	1.153846	1.000000	1.153846	1.000000	1.153846	1.000000	1350074129.769201	0.999998	77.723018	64.369035	1.589542	1.192181	0.998558	1.192181	0.998556	1.192181	0.998555	1.192181	0.998555	1.192181	0.998554	1.153806	0.001144	1.151200	0.000005	1.192181	0.998554	
1350074130.769149	1.000000	93.907379	80.708618	4.958069	1.153846	1.000000	1.153846	1.000000	1.153846	1.000000	1.153846	1.000000	1.153846	1.000000	1.153846	1.000000	1.153846	1.000000	1.153846	1.000000	1350074130.769204	1.000003	76.675147	63.318972	1.591090	1.192036	0.996921	1.192036	0.996917	1.192036	0.996914	1.192036	0.996911	1.192036	0.996910	1.153662	0.001061	1.153848	0.001189	1.192036	0.996912	
1350074131.769149	1.000000	92.207077	78.999832	4.967773	1.153846	1.000000	1.153846	1.000000	1.153846	1.000000	1.153846	1.000000	1.153846	1.000000	1.153846	1.000000	1.153846	1.000000	1.153846	1.000000	1350074131.769202	0.999998	75.598991	62.233609	1.600269	1.191583	0.991733	1.191583	0.991727	1.191584	0.991722	1.191584	0.991716	1.191584	0.991710	1.154004	0.001041	1.153845	0.004442	1.191584	0.991708	
1350074132.769149	1.000000	94.001373	80.792068	4.963211	1.153846	1.000000	1.153846	1.000000	1.153846	1.000000	1.153846	1.000000	1.153846	1.000000	1.153846	1.000000	1.153846	1.000000	1.153846	1.000000	1350074132.769203	1.000001	77.177356	63.811264	1.609297	1.191436	0.991411	1.191436	0.991402	1.191437	0.991392	1.191437	0.991388	1.191436	0.991383	1.154012	0.003129	1.153842	0.004509	1.191436	0.991385	
1350074133.769149	1.000000	94.001678	80.793549	4.947571	1.153846	1.000000	1.153846	1.000000	1.153846	1.000000	1.153846	1.000000	1.153846	1.000000	1.153846	1.000000	1.153846	1.000000	1.153846	1.000000	1350074133.769201	0.999998	77.288737	63.925674	1.585666	1.191231	0.992128	1.191231	0.992120	1.191232	0.992113	1.191232	0.992103	1.191232	0.992095	1.153582	0.002814	1.153844	0.002556	1.191232	0.992097	
1350074134.769149	1.000000	94.040695	80.831757	4.957809	1.153846	1.000000	1.153846	1.000000	1.153846	1.000000	1.153846	1.000000	1.153846	1.000000	1.153846	1.000000	1.153846	1.000000	1.153846	1.000000	1350074134.769202	1.000001	77.198565	63.833405	1.597258	1.191416	0.993236	1.191416	0.993230	1.191416	0.993225	1.191416	0.993220	1.191416	0.993216	1.153905	0.003198	1.153837	0.001558	1.191416	0.993218	
1350074135.769149	1.000000	94.056122	80.846603	4.943008	1.153846	1.000000	1.153846	1.000000	1.153846	1.000000	1.153846	1.000000	1.153846	1.000000	1.153846	1.000000	1.153846	1.000000	1.153846	1.000000	1350074135.769201	0.999999	77.181546	63.814941	1.590074	1.191126	0.993772	1.191125	0.993767	1.191126	0.993761	1.191126	0.993756	1.191126	0.993750	1.153849	0.004401	1.150723	0.000005	1.191126	0.993753	
1350074136.769149	1.000000	94.089828	80.878876	4.937897	1.153846	1.000000	1.153846	1.000000	1.153846	1.000000	1.153846	1.000000	1.153846	1.000000	1.153846	1.000000	1.153847	1.000000	1.153846	1.000000	1350074136.769221	1.000020	77.315621	63.953797	1.591414	1.191441	0.994596	1.191441	0.994592	1.191441	0.994586	1.191441	0.994583	1.191441	0.994578	1.153853	0.003914	1.151863	0.000257	1.191441	0.994580	
1350074137.769149	1.000000	86.177414	72.965988	4.957733	1.153846	1.000000	1.153846	1.000000	1.153846	1.000000	1.153846	1.000000	1.153846	1.000000	1.153846	1.000000	1.153846	1.000000	1.153838	0.094329	1350074137.769226	1.000005	81.777804	68.415261	1.589470	1.157255	0.999491	1.157255	0.999490	1.157255	0.999490	1.157255	0.999490	1.157255	0.999489	1.153991	0.004208	1.153847	0.909174	1.157254	0.999501	
1350074138.769149	1.000000	85.306152	72.097214	4.957962	1.153846	1.000000	1.153846	1.000000	1.153846	1.000000	1.153846	1.000000	1.153846	1.000000	1.153846	1.000000	1.153846	1.000000	1.153802	0.001093	1350074138.769226	1.000000	82.198105	68.835144	1.589172	1.153846	1.000000	1.153846	1.000000	1.153846	1.000000	1.153846	1.000000	1.153846	1.000000	1.153303	0.001124	1.153846	1.000000	1.153846	1.000000	
1350074139.769149	1.000000	85.201340	72.002838	4.957748	1.153846	1.000000	1.153846	1.000000	1.153846	1.000000	1.153846	1.000000	1.153846	1.000000	1.153846	1.000000	1.153846	1.000000	1.153509	0.000903	1350074139.769225	0.999999	82.192568	68.826283	1.592760	1.153846	1.000000	1.153846	1.000000	1.153846	1.000000	1.153846	1.000000	1.153846	1.000000	1.153822	0.001246	1.153846	1.000000	1.153846	1.000000	
1350074140.769149	1.000000	85.354523	72.143936	4.962845	1.153846	1.000000	1.153846	1.000000	1.153846	1.000000	1.153846	1.000000	1.153846	1.000000	1.153846	1.000000	1.153846	1.000000	1.153902	0.001016	1350074140.769229	1.000004	82.156848	68.803432	1.592752	1.153846	1.000000	1.153846	1.000000	1.153846	1.000000	1.153846	1.000000	1.153846	1.000000	1.153840	0.001168	1.153846	1.000000	1.153846	1.000000	
1350074141.769149	1.000000	85.328537	72.117554	4.957916	1.153846	1.000000	1.153846	1.000000	1.153846	1.000000	1.153846	1.000000	1.153846	1.000000	1.153846	1.000000	1.153846	1.000000	1.153669	0.000941	1350074141.769227	0.999998	82.238392	68.869745	1.594287	1.153846	1.000000	1.153846	1.000000	1.153846	1.000000	1.153846	1.000000	1.153846	1.000000	1.153689	0.001289	1.153846	1.000000	1.153846	1.000000	
1350074142.769149	1.000000	85.382477	72.172928	4.957764	1.153846	1.000000	1.153846	1.000000	1.153846	1.000000	1.153846	1.000000	1.153846	1.000000	1.153846	1.000000	1.153846	1.000000	1.154276	0.001029	1350074142.769229	1.000002	82.273387	68.904043	1.589429	1.153846	1.000000	1.153846	1.000000	1.153846	1.000000	1.153846	1.000000	1.153846	1.000000	1.154072	0.003182	1.153846	1.000000	1.153846	1.000000	
1350074143.769149	1.000000	85.391251	72.183441	4.957840	1.153846	1.000000	1.153846	1.000000	1.153846	1.000000	1.153846	1.000000	1.153846	1.000000	1.153846	1.000000	1.153846	1.000000	1.153459	0.001059	1350074143.769229	1.000000	82.300339	68.931015	1.591034	1.153846	1.000000	1.153846	1.000000	1.153846	1.000000	1.153846	1.000000	1.153846	1.000000	1.153570	0.002325	1.153846	1.000000	1.153846	1.000000	
1350074144.769149	1.000000	85.347961	72.140945	4.968033	1.153846	1.000000	1.153847	1.000000	1.153846	1.000000	1.153846	1.000000	1.153846	1.000000	1.153846	1.000000	1.153846	1.000000	1.153802	0.000976	1350074144.769228	0.999999	82.266482	68.898518	1.592744	1.153846	1.000000	1.153846	1.000000	1.153846	1.000000	1.153846	1.000000	1.153846	1.000000	1.153678	0.001289	1.153846	1.000000	1.153846	1.000000	
1350074145.769155	1.000006	84.807310	71.598969	4.952668	1.153846	1.000000	1.153846	1.000000	1.153846	1.000000	1.153846	1.000000	1.153846	1.000000	1.153846	1.000000	1.153846	1.000000	1.153985	0.000932	1350074145.769233	1.000005	80.761162	67.392714	1.589424	1.153846	1.000000	1.153846	1.000000	1.153846	1.000000	1.153846	1.000000	1.153846	1.000000	1.154005	0.001129	1.153846	1.000000	1.153846	1.000000	
1350074146.769159	1.000004	715777644.734880	715785416.001677	715778216.376759	0.999986	1.000193	0.999984	1.000196	0.999994	1.000193	0.999986	1.000193	0.999986	1.000196	0.999989	1.000191	0.999986	1.000196	0.999986	1.000194	1350074146.769247	1.000014	715799245.597877	715780208.445119	715806823.967135	0.999986	1.000193	0.999984	1.000196	3.893278	0.256901	0.999986	1.000194	0.999986	1.000196	0.999989	1.000191	0.999986	1.000196	0.999987	1.000194	
1350074147.769149	0.999990	0.000000	0.000000	0.000000	-nan	-nan	-nan	-nan	8.000000	inf	-nan	-nan	-nan	0.000000	-nan	-nan	-nan	-nan	-nan	-nan	1350074147.769236	0.999989	0.000000	0.000000	0.000000	-nan	-nan	-nan	-nan	0.000000	inf	-nan	-nan	-nan	-nan	-nan	-nan	-nan	-nan	-nan	-nan	
