ts_0	elapsed_0	pkg_0	pp0_0	dram_0	freq_ratio_0_0	c0_ratio_0_0	freq_ratio_0_1	c0_ratio_0_1	freq_ratio_0_2	c0_ratio_0_2	freq_ratio_0_3	c0_ratio_0_3	freq_ratio_0_4	c0_ratio_0_4	freq_ratio_0_5	c0_ratio_0_5	freq_ratio_0_6	c0_ratio_0_6	freq_ratio_0_7	c0_ratio_0_7	ts_1	elapsed_1	pkg_1	pp0_1	dram_1	freq_ratio_1_0	c0_ratio_1_0	freq_ratio_1_1	c0_ratio_1_1	freq_ratio_1_2	c0_ratio_1_2	freq_ratio_1_3	c0_ratio_1_3	freq_ratio_1_4	c0_ratio_1_4	freq_ratio_1_5	c0_ratio_1_5	freq_ratio_1_6	c0_ratio_1_6	freq_ratio_1_7	c0_ratio_1_7	
1350070425.922658	1.000503	46.843592	33.697648	4.942231	1.263789	0.999082	1.228887	0.000393	1.255038	0.000022	1.250771	0.000032	1.263792	0.999093	1.230053	0.000266	1.251633	0.000022	1.229597	0.000015	1350070425.922837	1.000388	46.862788	33.778706	2.730874	1.269134	0.999110	1.226676	0.000372	1.226980	0.000045	1.211774	0.000083	1.269133	0.999109	1.230197	0.000334	1.220479	0.000016	1.201457	0.000057	
1350070426.922649	0.999991	46.866666	33.711426	4.954726	1.269152	0.999307	1.229452	0.000292	1.225907	0.000076	1.226172	0.000068	1.269152	0.999308	1.230777	0.000229	1.223972	0.000068	1.238402	0.000063	1350070426.922829	0.999992	46.970062	33.874756	2.725074	1.269123	0.999034	1.229984	0.000474	1.228768	0.000086	1.229246	0.000098	1.269123	0.999034	1.231315	0.000330	1.233210	0.000077	1.226393	0.000140	
1350070427.922648	0.999999	46.912749	33.761049	4.954701	1.269158	0.999268	1.230829	0.000352	1.233935	0.000009	1.229526	0.000010	1.269158	0.999266	1.230660	0.000175	1.287098	0.000009	1.223793	0.000009	1350070427.922818	0.999989	47.044080	33.943610	2.707290	1.269157	0.999290	1.230753	0.000405	1.230818	0.000049	1.234469	0.000010	1.269157	0.999289	1.230700	0.000248	1.232757	0.000010	1.272884	0.000020	
1350070428.922648	1.000000	46.920151	33.771622	4.964615	1.269098	0.998792	1.230303	0.000687	1.225206	0.000051	1.229176	0.000148	1.269098	0.998790	1.230799	0.000256	1.230461	0.000067	1.233221	0.000035	1350070428.922819	1.000001	47.088914	33.982328	2.715650	1.269122	0.999173	1.230040	0.000451	1.226611	0.000068	1.228027	0.000096	1.269136	0.999172	1.230707	0.000320	1.230489	0.000051	1.230710	0.000051	
1350070429.922648	1.000000	46.918091	33.781693	4.939728	1.269166	0.999331	1.230805	0.000254	1.231760	0.000009	1.229561	0.000010	1.269166	0.999330	1.230649	0.000174	1.232397	0.000010	1.232571	0.000010	1350070429.922823	1.000004	47.103584	33.996780	2.701649	1.269173	0.999324	1.230716	0.000412	1.228793	0.000043	1.229557	0.000010	1.269159	0.999334	1.230717	0.000263	1.231485	0.000010	1.230459	0.000011	
1350070430.922648	1.000000	46.912674	33.786453	4.944733	1.269156	0.999288	1.229946	0.000284	1.224904	0.000048	1.226191	0.000049	1.269156	0.999289	1.230656	0.000218	1.230905	0.000040	1.225974	0.000042	1350070430.922818	0.999995	47.108497	33.999972	2.710661	1.269132	0.999128	1.229958	0.000421	1.227426	0.000057	1.226294	0.000060	1.269132	0.999128	1.230271	0.000343	1.230481	0.000037	1.230850	0.000126	
1350070431.922648	1.000000	46.957809	33.834671	4.944611	1.268821	0.999311	1.230755	0.008985	1.232454	0.000010	1.229442	0.000009	1.268821	0.999310	1.217324	0.000176	1.149022	0.000009	1.253166	0.000009	1350070431.922825	1.000007	47.131937	34.022592	2.698864	1.269157	0.999322	1.230877	0.000377	1.231899	0.000037	1.229198	0.000017	1.269158	0.999310	1.231293	0.000303	1.229073	0.000018	1.229929	0.000011	
1350070432.922648	1.000000	46.911606	33.781494	4.954697	1.269137	0.999090	1.229639	0.000336	1.223981	0.000048	1.228109	0.000115	1.269137	0.999092	1.241103	0.000228	1.231811	0.000039	1.230477	0.000043	1350070432.922831	1.000006	47.139108	34.030879	2.714080	1.269142	0.999226	1.229986	0.000477	1.225760	0.000066	1.225900	0.000061	1.269142	0.999222	1.230751	0.000328	1.231495	0.000051	1.231086	0.000052	
1350070433.922648	1.000000	46.915649	33.785889	4.959702	1.269100	0.999117	1.230823	0.000576	1.229013	0.000009	1.230407	0.000010	1.269100	0.999117	1.230478	0.000161	1.299386	0.000010	1.233184	0.000010	1350070433.922832	1.000001	47.132523	34.021757	2.699170	1.269153	0.999280	1.230747	0.000386	1.231201	0.000044	1.231990	0.000038	1.269153	0.999291	1.230708	0.000303	1.230485	0.000011	1.232438	0.000010	
1350070434.922649	1.000001	46.932374	33.808119	4.954692	1.269154	0.999270	1.229672	0.000270	1.224478	0.000043	1.224158	0.000047	1.269154	0.999270	1.230757	0.000230	1.231791	0.000057	1.230479	0.000042	1350070434.922834	1.000002	47.117464	34.006191	2.689463	1.269127	0.999108	1.230150	0.000485	1.225095	0.000057	1.223777	0.000045	1.269127	0.999096	1.230730	0.000341	1.228653	0.000044	1.229262	0.000147	
1350070435.922648	0.999999	46.925231	33.800295	4.959691	1.269164	0.999310	1.230594	0.000272	1.230275	0.000009	1.230449	0.000010	1.269163	0.999310	1.230660	0.000175	1.231982	0.000010	1.229243	0.000010	1350070435.922829	0.999995	47.086707	33.987017	2.701918	1.269156	0.999313	1.230715	0.000408	1.229985	0.000049	1.218621	0.000010	1.269156	0.999313	1.230328	0.000311	1.238484	0.000011	1.252570	0.000011	
1350070436.922648	1.000000	46.917038	33.787903	4.944717	1.269151	0.999225	1.229514	0.000274	1.212522	0.000047	1.218782	0.000082	1.269151	0.999225	1.231505	0.000206	1.216390	0.000038	1.217442	0.000038	1350070436.922815	0.999986	47.160850	34.049124	2.707359	1.269146	0.999269	1.229733	0.000404	1.225819	0.000064	1.228174	0.000066	1.269146	0.999268	1.231076	0.000356	1.231114	0.000050	1.228637	0.000051	
1350070437.922648	1.000000	46.792755	33.657532	4.949707	1.269145	0.999160	1.231052	0.000334	1.250693	0.000027	1.255208	0.000027	1.269145	0.999158	1.226254	0.000192	1.250389	0.000027	1.230446	0.000016	1350070437.922821	1.000006	47.012446	33.901394	2.704894	1.269147	0.999269	1.230352	0.000418	1.179831	0.000052	1.229993	0.000017	1.269146	0.999247	1.230737	0.000331	1.230848	0.000017	1.236951	0.000017	
1350070438.922649	1.000001	47.783188	34.643461	4.938548	1.260177	0.998801	1.171545	0.003974	1.158382	0.002699	1.159213	0.002460	1.260176	0.998812	1.162015	0.002837	1.156024	0.002328	1.158285	0.002389	1350070438.922795	0.999974	47.326669	34.214009	2.700418	1.264820	0.998779	1.178475	0.004283	1.161330	0.002374	1.160455	0.002600	1.264821	0.998799	1.168121	0.002628	1.159363	0.002293	1.158930	0.002193	
1350070439.922648	0.999999	46.940368	33.806459	4.944722	1.269172	0.999407	1.230447	0.000272	1.211995	0.000006	1.127367	0.000005	1.269173	0.999407	1.225265	0.000159	1.247343	0.000005	1.339362	0.000005	1350070439.922826	1.000031	47.165576	34.052274	2.688302	1.269162	0.999358	1.230763	0.000403	1.231336	0.000044	1.228711	0.000006	1.269154	0.999358	1.230148	0.000264	1.227385	0.000007	1.265671	0.000020	
1350070440.922648	1.000000	46.932434	33.797989	4.964676	1.269089	0.999268	1.229963	0.000274	1.225717	0.000056	1.226315	0.000051	1.269090	0.999268	1.234140	0.000221	1.230784	0.000050	1.230434	0.000043	1350070440.922822	0.999996	47.166649	34.053345	2.708812	1.269143	0.999237	1.229983	0.000426	1.226193	0.000064	1.226889	0.000064	1.269150	0.999237	1.231254	0.000312	1.227429	0.000059	1.226094	0.000050	
1350070441.922648	1.000000	46.933807	33.798477	4.964661	1.269061	0.998945	1.230767	0.002032	1.231724	0.000016	1.229626	0.000010	1.269061	0.998944	1.230647	0.000173	1.227169	0.000009	1.229769	0.000010	1350070441.922819	0.999997	47.183664	34.069258	2.699227	1.269157	0.999312	1.230772	0.000394	1.231169	0.000036	1.231749	0.000017	1.269158	0.999311	1.230764	0.000281	1.242396	0.000018	1.244014	0.000017	
1350070442.922648	1.000000	46.877701	33.753830	4.934738	1.269154	0.999262	1.229662	0.000320	1.224064	0.000044	1.224547	0.000047	1.269154	0.999264	1.227845	0.000208	1.231248	0.000046	1.231130	0.000046	1350070442.922826	1.000007	47.186014	34.069421	2.703320	1.269142	0.999214	1.230103	0.000473	1.224698	0.000058	1.226539	0.000061	1.269142	0.999222	1.230063	0.000334	1.226503	0.000053	1.227247	0.000061	
1350070443.922648	1.000000	46.943268	33.810074	4.949707	1.269140	0.999116	1.230793	0.000499	1.232620	0.000010	1.228329	0.000010	1.269140	0.999114	1.230040	0.000174	1.232692	0.000010	1.231382	0.000010	1350070443.922831	1.000005	47.181313	34.067319	2.710069	1.269153	0.999280	1.230764	0.000389	1.230850	0.000036	1.228919	0.000036	1.269153	0.999269	1.231496	0.000275	1.251936	0.000011	1.234396	0.000011	
1350070444.922648	1.000000	46.949875	33.817932	4.949707	1.269154	0.999269	1.229739	0.000313	1.224239	0.000045	1.226233	0.000054	1.269154	0.999269	1.234160	0.000207	1.226942	0.000038	1.230522	0.000037	1350070444.922857	1.000026	47.165446	34.052612	2.710669	1.269139	0.999203	1.230007	0.000447	1.226157	0.000057	1.226698	0.000068	1.269140	0.999203	1.230781	0.000353	1.230515	0.000052	1.233974	0.000052	
1350070445.922648	1.000000	46.941940	33.807831	4.949707	1.269162	0.999289	1.230599	0.000281	1.230842	0.000010	1.231206	0.000010	1.269162	0.999286	1.230614	0.000173	1.243555	0.000010	1.231842	0.000010	1350070445.922823	0.999966	47.184546	34.071734	2.707276	1.269160	0.999332	1.230768	0.000407	1.231153	0.000036	1.228507	0.000010	1.269159	0.999331	1.230701	0.000254	1.232081	0.000010	1.222182	0.000011	
1350070446.922656	1.000008	46.958070	33.822083	4.959661	1.269159	0.999312	1.229604	0.000257	1.224594	0.000043	1.224910	0.000044	1.269159	0.999312	1.230773	0.000208	1.229623	0.000050	1.230343	0.000038	1350070446.922830	1.000007	47.210840	34.094643	2.701703	1.269144	0.999248	1.229931	0.000404	1.226133	0.000063	1.227362	0.000065	1.269144	0.999246	1.230744	0.000349	1.230842	0.000051	1.232235	0.000066	
1350070447.922648	0.999992	46.942763	33.810378	4.964716	1.269110	0.998728	1.230676	0.000541	1.231816	0.000010	1.229455	0.000009	1.269110	0.998728	1.230746	0.000173	1.236014	0.000009	1.231297	0.000010	1350070447.922825	0.999995	47.207191	34.092074	2.707548	1.269138	0.999141	1.230784	0.000528	1.231003	0.000080	1.229911	0.000010	1.269138	0.999140	1.230726	0.000282	1.229631	0.000011	1.231220	0.000010	
1350070448.922648	1.000000	46.941238	33.807571	4.954727	1.269124	0.999093	1.229908	0.000518	1.212146	0.000046	1.212461	0.000053	1.269124	0.999092	1.231420	0.000228	1.217180	0.000037	1.217159	0.000037	1350070448.922815	0.999990	47.220260	34.102987	2.696148	1.269142	0.999228	1.229974	0.000447	1.225419	0.000056	1.227699	0.000093	1.269142	0.999226	1.230685	0.000298	1.230390	0.000051	1.230801	0.000051	
1350070449.922648	1.000000	46.961884	33.823807	4.944717	1.269158	0.999243	1.231197	0.000263	1.256805	0.000021	1.260572	0.000021	1.269158	0.999243	1.229792	0.000184	1.254381	0.000021	1.230679	0.000010	1350070449.922819	1.000004	47.221824	34.104690	2.715825	1.269158	0.999311	1.230092	0.000374	1.229371	0.000051	1.228444	0.000010	1.269158	0.999310	1.230711	0.000283	1.230778	0.000010	1.225301	0.000011	
1350070450.922649	1.000001	715820426.264639	715796767.976868	715780985.263434	0.999986	1.000187	0.999983	1.000191	0.999993	1.000187	0.999985	1.000187	0.999986	1.000191	0.999988	1.000185	0.999986	1.000190	0.999986	1.000188	1350070450.922741	0.999922	715834357.715415	715852307.627064	715840893.590892	0.999986	1.000188	0.999983	1.000190	3.893326	0.256896	0.999986	1.000188	0.999986	1.000191	0.999988	1.000185	0.999986	1.000190	0.999986	1.000189	
1350070451.922685	1.000036	0.000000	0.000000	0.000000	-nan	-nan	-nan	-nan	0.000000	inf	-nan	-nan	-nan	0.000000	-nan	-nan	-nan	-nan	-nan	-nan	1350070451.922768	1.000027	0.000000	0.000000	0.000000	-nan	-nan	-nan	-nan	0.000000	inf	-nan	-nan	-nan	-nan	-nan	-nan	-nan	-nan	-nan	-nan	
