ts_0	elapsed_0	pkg_0	pp0_0	dram_0	freq_ratio_0_0	c0_ratio_0_0	freq_ratio_0_1	c0_ratio_0_1	freq_ratio_0_2	c0_ratio_0_2	freq_ratio_0_3	c0_ratio_0_3	freq_ratio_0_4	c0_ratio_0_4	freq_ratio_0_5	c0_ratio_0_5	freq_ratio_0_6	c0_ratio_0_6	freq_ratio_0_7	c0_ratio_0_7	ts_1	elapsed_1	pkg_1	pp0_1	dram_1	freq_ratio_1_0	c0_ratio_1_0	freq_ratio_1_1	c0_ratio_1_1	freq_ratio_1_2	c0_ratio_1_2	freq_ratio_1_3	c0_ratio_1_3	freq_ratio_1_4	c0_ratio_1_4	freq_ratio_1_5	c0_ratio_1_5	freq_ratio_1_6	c0_ratio_1_6	freq_ratio_1_7	c0_ratio_1_7	
1350070425.924268	1.000536	46.808820	33.614964	2.716302	1.267908	0.999105	1.226367	0.000316	1.222010	0.000087	1.222728	0.000110	1.267911	0.999117	1.231199	0.000290	1.224219	0.000078	1.222001	0.000058	1350070425.924435	1.000367	46.444537	33.231093	1.594523	1.230678	0.000586	1.269091	0.998814	1.229354	0.000448	1.224055	0.000105	1.269091	0.998814	1.230115	0.000362	1.227549	0.000065	1.222950	0.000061	
1350070426.924244	0.999976	46.961061	33.750004	2.671146	1.269170	0.999434	1.226482	0.000293	1.204291	0.000022	1.203917	0.000021	1.269169	0.999434	1.230796	0.000177	1.233018	0.000006	1.230217	0.000018	1350070426.924415	0.999980	46.519120	33.306835	1.591966	1.222498	0.000281	1.269146	0.999333	1.225435	0.000370	1.205832	0.000035	1.269145	0.999332	1.228868	0.000328	1.205135	0.000019	1.229298	0.000055	
1350070427.924251	1.000007	46.996486	33.780223	2.670849	1.269143	0.999159	1.228771	0.000260	1.233847	0.000060	1.233153	0.000076	1.269142	0.999161	1.230106	0.000260	1.236785	0.000084	1.241918	0.000049	1350070427.924429	1.000014	46.502031	33.301259	1.588082	1.230331	0.000239	1.269130	0.999160	1.230005	0.000424	1.226761	0.000090	1.269130	0.999157	1.230375	0.000357	1.223949	0.000101	1.221719	0.000061	
1350070428.924244	0.999993	47.012990	33.793660	2.679065	1.269176	0.999440	1.230759	0.000236	1.205779	0.000006	1.199987	0.000006	1.269176	0.999436	1.230836	0.000175	1.203597	0.000005	1.201135	0.000006	1350070428.924413	0.999984	46.588269	33.369857	1.594813	1.230803	0.002034	1.269033	0.999117	1.230773	0.000341	1.229878	0.000007	1.269033	0.999117	1.231111	0.000309	1.256404	0.000027	1.227383	0.000027	
1350070429.924244	1.000000	47.024612	33.799500	2.681580	1.269147	0.999181	1.229570	0.000245	1.228356	0.000049	1.229500	0.000058	1.269147	0.999180	1.230634	0.000208	1.232473	0.000076	1.234706	0.000046	1350070429.924417	1.000004	46.585779	33.367907	1.586526	1.227389	0.000215	1.269134	0.999173	1.229913	0.000403	1.226809	0.000068	1.269134	0.999169	1.230695	0.000313	1.230032	0.000057	1.241590	0.000064	
1350070430.924244	1.000000	47.036011	33.812134	2.681763	1.269178	0.999462	1.230711	0.000220	1.227975	0.000005	1.228076	0.000006	1.269178	0.999462	1.230702	0.000175	1.234355	0.000005	1.228671	0.000006	1350070430.924407	0.999990	46.595559	33.376555	1.590134	1.231599	0.000419	1.269124	0.999204	1.231705	0.000329	1.267575	0.000007	1.269124	0.999203	1.231543	0.000323	1.268896	0.000007	1.260314	0.000007	
1350070431.924244	1.000000	47.050842	33.829544	2.695419	1.269154	0.999263	1.229255	0.000234	1.226214	0.000068	1.225571	0.000059	1.269154	0.999267	1.230660	0.000209	1.230850	0.000053	1.230883	0.000041	1350070431.924414	1.000007	46.600706	33.385023	1.590245	1.227776	0.000210	1.269133	0.999163	1.229060	0.000384	1.222366	0.000069	1.269133	0.999158	1.229956	0.000343	1.228260	0.000091	1.227063	0.000043	
1350070432.924244	1.000000	47.043716	33.821426	2.681900	1.269176	0.999462	1.230788	0.000228	1.233952	0.000006	1.229918	0.000006	1.269176	0.999462	1.230782	0.000206	1.227013	0.000005	1.228978	0.000006	1350070432.924414	1.000000	46.614410	33.395859	1.590637	1.232364	0.000164	1.269159	0.999377	1.230893	0.000324	1.229940	0.000007	1.269159	0.999377	1.230192	0.000311	1.227765	0.000007	1.230991	0.000007	
1350070433.924244	1.000000	47.058884	33.831955	2.679123	1.269142	0.999116	1.229297	0.000236	1.224719	0.000047	1.225880	0.000054	1.269141	0.999115	1.230728	0.000203	1.230606	0.000116	1.230906	0.000046	1350070433.924420	1.000006	46.613629	33.394775	1.590124	1.229936	0.000321	1.269123	0.999063	1.230033	0.000421	1.227013	0.000071	1.269123	0.999063	1.230938	0.000308	1.227802	0.000076	1.225096	0.000048	
1350070434.924244	1.000000	47.054001	33.830887	2.684723	1.269175	0.999439	1.230771	0.000234	1.229016	0.000006	1.225764	0.000005	1.269175	0.999434	1.230761	0.000175	1.226411	0.000005	1.226141	0.000006	1350070434.924414	0.999994	46.598361	33.376999	1.588617	1.230987	0.000160	1.269163	0.999396	1.230780	0.000318	1.230137	0.000007	1.269163	0.999395	1.231210	0.000256	1.261397	0.000007	1.267199	0.000007	
1350070435.924244	1.000000	47.056091	33.825790	2.668137	1.269130	0.999092	1.230156	0.000567	1.227031	0.000077	1.226070	0.000061	1.269130	0.999094	1.230658	0.000232	1.231823	0.000045	1.231310	0.000042	1350070435.924410	0.999996	46.626364	33.402952	1.588340	1.229944	0.000737	1.269022	0.998579	1.230267	0.000719	1.224431	0.000052	1.269021	0.998576	1.230657	0.000350	1.230534	0.000150	1.230735	0.000058	
1350070436.924251	1.000007	47.054026	33.822047	2.687405	1.269179	0.999484	1.230766	0.000227	1.231902	0.000005	1.225714	0.000006	1.269179	0.999484	1.230760	0.000168	1.221597	0.000005	1.230064	0.000006	1350070436.924428	1.000018	46.622564	33.399030	1.588778	1.232574	0.000147	1.269160	0.999378	1.230788	0.000343	1.214595	0.000007	1.269159	0.999377	1.230742	0.000308	1.234166	0.000007	1.232152	0.000007	
1350070437.924251	1.000000	46.906342	33.672791	2.692688	1.269143	0.999199	1.229412	0.000258	1.219981	0.000083	1.216255	0.000057	1.269143	0.999203	1.231255	0.000228	1.221165	0.000051	1.220115	0.000049	1350070437.924422	0.999994	46.487124	33.262512	1.588495	1.228052	0.000236	1.269126	0.999142	1.229910	0.000413	1.231764	0.000071	1.269127	0.999136	1.230747	0.000335	1.229556	0.000064	1.230151	0.000062	
1350070438.924244	0.999993	47.056676	33.827611	2.673770	1.269175	0.999441	1.231333	0.000264	1.213841	0.000006	1.211622	0.000006	1.269175	0.999440	1.230763	0.000174	1.213946	0.000006	1.209242	0.000006	1350070438.924410	0.999988	46.625159	33.400590	1.591984	1.230879	0.002055	1.269031	0.998683	1.230751	0.000312	1.189296	0.000007	1.269031	0.998682	1.230772	0.000304	1.244162	0.000007	1.233720	0.000007	
1350070439.924251	1.000007	47.053553	33.822535	2.698208	1.269144	0.999137	1.228708	0.000237	1.236265	0.000061	1.235968	0.000062	1.269144	0.999140	1.230042	0.000220	1.240642	0.000062	1.243521	0.000053	1350070439.924422	1.000012	46.621087	33.397063	1.586636	1.226877	0.000238	1.269123	0.999033	1.229881	0.000390	1.227223	0.000083	1.269122	0.999028	1.230694	0.000330	1.225568	0.000105	1.221200	0.000055	
1350070440.924244	0.999993	47.262198	34.042624	2.703571	1.266719	0.999069	1.170704	0.003756	1.159553	0.002638	1.156384	0.002434	1.266719	0.999063	1.161811	0.002642	1.157121	0.002486	1.158682	0.002122	1350070440.924410	0.999988	46.820672	33.594669	1.593037	1.176848	0.004389	1.265559	0.998830	1.165853	0.002715	1.157341	0.002408	1.265559	0.998830	1.165512	0.002568	1.158791	0.002504	1.162238	0.002486	
1350070441.924244	1.000000	47.097610	33.865341	2.684402	1.269154	0.999277	1.229338	0.000238	1.225508	0.000045	1.217846	0.000056	1.269153	0.999277	1.230709	0.000220	1.222184	0.000051	1.222593	0.000048	1350070441.924424	1.000014	46.641510	33.419192	1.585381	1.227704	0.000207	1.269104	0.998975	1.229907	0.000340	1.226737	0.000064	1.269104	0.998968	1.230762	0.000503	1.231114	0.000057	1.243578	0.000063	
1350070442.924244	1.000000	47.084885	33.854736	2.684402	1.269179	0.999483	1.230855	0.000216	1.230104	0.000006	1.224646	0.000006	1.269179	0.999482	1.230783	0.000160	1.225547	0.000005	1.229203	0.000006	1350070442.924429	1.000005	46.626811	33.404725	1.590507	1.231888	0.000158	1.269163	0.999376	1.230611	0.000278	1.232210	0.000007	1.269163	0.999375	1.230700	0.000260	1.229471	0.000007	1.246265	0.000007	
1350070443.924244	1.000000	47.107727	33.875473	2.671021	1.269149	0.999225	1.229217	0.000244	1.226261	0.000069	1.225027	0.000050	1.269149	0.999224	1.230702	0.000243	1.230604	0.000045	1.230755	0.000042	1350070443.924421	0.999992	46.624539	33.399013	1.591779	1.230130	0.000311	1.269126	0.999094	1.229963	0.000381	1.226405	0.000073	1.269126	0.999094	1.230746	0.000346	1.220690	0.000066	1.230792	0.000058	
1350070444.924244	1.000000	47.087219	33.854828	2.687210	1.269169	0.999439	1.230771	0.000406	1.230729	0.000006	1.231329	0.000006	1.269169	0.999438	1.230753	0.000175	1.233610	0.000005	1.230821	0.000006	1350070444.924445	1.000024	46.638617	33.413792	1.593544	1.229408	0.000141	1.269139	0.999311	1.230768	0.000310	1.230946	0.000007	1.269138	0.999310	1.230722	0.000339	1.232117	0.000488	1.235039	0.000007	
1350070445.924244	1.000000	47.075470	33.844894	2.678711	1.269146	0.999183	1.229215	0.000235	1.224507	0.000048	1.224950	0.000051	1.269146	0.999182	1.230619	0.000207	1.230808	0.000099	1.231288	0.000058	1350070445.924413	0.999968	46.636622	33.414016	1.591771	1.230223	0.000455	1.269110	0.998969	1.229967	0.000442	1.225520	0.000064	1.269111	0.998969	1.230705	0.000312	1.229992	0.000050	1.225517	0.000055	
1350070446.924244	1.000000	47.072067	33.836685	2.681931	1.269175	0.999439	1.230987	0.000231	1.231585	0.000005	1.225555	0.000006	1.269175	0.999437	1.230605	0.000188	1.227867	0.000005	1.222178	0.000006	1350070446.924413	1.000000	46.627884	33.407043	1.587189	1.231553	0.000159	1.269160	0.999357	1.230770	0.000312	1.230363	0.000007	1.269159	0.999356	1.230754	0.000325	1.233158	0.000007	1.266238	0.000007	
1350070447.924244	1.000000	47.054230	33.820770	2.687241	1.269154	0.999268	1.228997	0.000218	1.224704	0.000055	1.225034	0.000051	1.269154	0.999269	1.230888	0.000222	1.230631	0.000047	1.231131	0.000047	1350070447.924417	1.000004	46.597986	33.378161	1.591699	1.228260	0.000217	1.269133	0.999162	1.229878	0.000383	1.225927	0.000066	1.269133	0.999159	1.230421	0.000329	1.228146	0.000073	1.227113	0.000057	
1350070448.924244	1.000000	47.063370	33.828461	2.686829	1.269176	0.999439	1.230967	0.000232	1.204899	0.000006	1.201168	0.000006	1.269176	0.999439	1.230500	0.000176	1.183500	0.000005	1.196055	0.000005	1350070448.924413	0.999996	46.584280	33.361479	1.588675	1.230809	0.001865	1.269077	0.999184	1.230785	0.000316	1.225562	0.000007	1.269076	0.999184	1.231047	0.000291	1.258904	0.000007	1.261579	0.000007	
1350070449.924244	1.000000	47.092072	33.854568	2.671082	1.269151	0.999222	1.229329	0.000268	1.219174	0.000063	1.217772	0.000050	1.269151	0.999223	1.231522	0.000207	1.224632	0.000043	1.224352	0.000054	1350070449.924408	0.999995	46.583409	33.360702	1.589959	1.230015	0.000215	1.269135	0.999162	1.229801	0.000352	1.225963	0.000065	1.269135	0.999160	1.230711	0.000318	1.230933	0.000057	1.230511	0.000056	
1350070450.924253	1.000009	715761879.368395	715765456.274526	715773166.772068	0.999990	1.000217	0.999988	1.000224	0.999998	1.000218	0.999990	1.000217	0.999990	1.000221	0.999993	1.000215	0.999990	1.000221	0.999990	1.000218	1350070450.924343	0.999935	715825309.659188	715867754.964176	715860276.993226	0.999990	1.000218	0.999988	1.000221	3.893005	0.256927	0.999990	1.000219	0.999990	1.000220	0.999993	1.000217	0.999990	1.000221	0.999990	1.000219	
1350070451.924278	1.000025	0.000000	0.000000	0.000000	-nan	-nan	-nan	-nan	0.000000	inf	-nan	-nan	-nan	0.000000	-nan	-nan	-nan	-nan	-nan	-nan	1350070451.924353	1.000010	0.000000	0.000000	0.000000	-nan	-nan	-nan	-nan	0.000000	inf	-nan	-nan	-nan	-nan	-nan	-nan	-nan	-nan	-nan	-nan	
