ts_0	elapsed_0	pkg_0	pp0_0	dram_0	freq_ratio_0_0	c0_ratio_0_0	freq_ratio_0_1	c0_ratio_0_1	freq_ratio_0_2	c0_ratio_0_2	freq_ratio_0_3	c0_ratio_0_3	freq_ratio_0_4	c0_ratio_0_4	freq_ratio_0_5	c0_ratio_0_5	freq_ratio_0_6	c0_ratio_0_6	freq_ratio_0_7	c0_ratio_0_7	ts_1	elapsed_1	pkg_1	pp0_1	dram_1	freq_ratio_1_0	c0_ratio_1_0	freq_ratio_1_1	c0_ratio_1_1	freq_ratio_1_2	c0_ratio_1_2	freq_ratio_1_3	c0_ratio_1_3	freq_ratio_1_4	c0_ratio_1_4	freq_ratio_1_5	c0_ratio_1_5	freq_ratio_1_6	c0_ratio_1_6	freq_ratio_1_7	c0_ratio_1_7	
1349417688.026118	1.001821	54.707900	40.615110	0.000000	0.999996	0.979445	0.999960	0.996913	0.999979	0.979688	0.999996	0.964796	0.999996	0.964927	0.998506	0.003099	0.962244	0.000101	0.990722	0.000402	1349417688.026283	1.000439	54.260531	40.261625	0.000000	1.000001	0.981628	0.999981	0.981122	1.000001	0.966330	0.996399	0.000088	0.820802	0.000102	1.004438	0.000095	1.000001	0.960037	0.999974	0.982144	
1349417689.026113	0.999995	55.987280	41.805141	0.000000	1.000000	0.999964	0.999998	0.463216	1.000000	1.000000	1.000000	0.999998	1.000000	0.999991	1.000002	0.546493	1.000006	0.005652	0.999988	0.008242	1349417689.026278	0.999995	55.582676	41.508661	0.000000	1.000000	0.999968	1.000000	1.000000	1.000000	1.000000	1.000018	0.005493	1.000027	0.005441	0.999990	0.005417	1.000000	1.000000	1.000000	0.999995	
1349417690.026121	1.000008	55.758780	41.577239	0.000000	0.999979	0.999372	1.000001	0.004023	1.000000	0.999315	1.000000	0.999312	1.000000	0.999270	1.000000	0.999289	1.000122	0.000079	0.999998	0.002639	1349417690.026289	1.000011	55.498262	41.436023	0.000000	1.000000	0.999293	1.000000	0.999312	1.000000	0.999336	0.999816	0.000140	1.000403	0.000067	0.999996	0.000086	1.000000	0.999280	1.000000	1.000000	
1349417691.026112	0.999991	55.688005	41.503046	0.000000	1.000000	0.999990	0.999973	0.003932	1.000000	0.999991	1.000000	0.999992	1.000000	0.999860	1.000000	0.999872	0.979859	0.000010	0.999918	0.000255	1349417691.026279	0.999990	55.546256	41.473285	0.000000	1.000000	0.999908	1.000000	0.999991	1.000000	0.999958	0.999582	0.000214	1.000170	0.000007	1.000966	0.000007	1.000000	0.999958	1.000000	1.000000	
1349417692.026112	1.000000	55.694351	41.516647	0.000000	1.000000	1.000000	1.000024	0.004283	1.000000	1.000000	0.999999	1.000000	1.000000	0.999968	1.000000	0.999877	0.994799	0.000090	0.999774	0.000249	1349417692.026282	1.000003	55.597881	41.518075	0.000000	1.000000	0.999960	1.000000	1.000000	1.000000	0.999951	0.999927	0.000127	0.999752	0.000087	1.000248	0.000086	1.000000	1.000000	1.000000	1.000000	
1349417693.026112	1.000000	55.757324	41.565231	0.000000	1.000000	0.999947	1.000020	0.003876	1.000000	0.999991	1.000000	1.000000	1.000000	0.999928	1.000000	0.999869	1.011099	0.000011	1.000171	0.000348	1349417693.026278	0.999996	55.602886	41.522904	0.000000	1.000000	0.999928	1.000000	0.999990	1.000000	0.999950	1.000038	0.000203	1.000744	0.000007	0.996358	0.000007	1.000000	0.999991	1.000000	1.000000	
1349417694.026107	0.999995	715805317.905578	715826798.710958	715831468.739573	0.999970	1.000014	0.999971	1.000033	0.999972	1.000031	0.999971	1.000020	0.999973	1.000028	0.999974	1.000018	0.999971	1.000024	0.999973	1.000026	1349417694.026226	0.999948	715821785.252045	715846998.260068	715865091.988916	0.999971	1.000020	0.999970	1.000029	3.894226	0.256792	0.999972	1.000022	0.999971	1.000023	0.999975	1.000024	0.999970	1.000019	0.999974	1.000030	
1349417695.026154	1.000047	0.000000	0.000000	0.000000	-nan	-nan	-nan	-nan	1.000008	inf	-nan	-nan	-nan	0.000000	-nan	-nan	-nan	-nan	-nan	-nan	1349417695.026238	1.000012	0.000000	0.000000	0.000000	-nan	-nan	-nan	-nan	1.345745	inf	-nan	-nan	-nan	-nan	-nan	-nan	-nan	-nan	-nan	-nan	
1349417696.026181	1.000027	0.000000	0.000000	0.000000	-nan	-nan	-nan	-nan	0.000000	inf	-nan	-nan	-nan	0.000000	0.000000	inf	-nan	-nan	-nan	-nan	1349417696.026282	1.000044	0.000000	0.000000	0.000000	-nan	-nan	-nan	-nan	inf	-nan	-nan	-nan	-nan	-nan	-nan	-nan	-nan	-nan	-nan	-nan	
