ts_0	elapsed_0	pkg_0	pp0_0	dram_0	freq_ratio_0_0	c0_ratio_0_0	freq_ratio_0_1	c0_ratio_0_1	freq_ratio_0_2	c0_ratio_0_2	freq_ratio_0_3	c0_ratio_0_3	freq_ratio_0_4	c0_ratio_0_4	freq_ratio_0_5	c0_ratio_0_5	freq_ratio_0_6	c0_ratio_0_6	freq_ratio_0_7	c0_ratio_0_7	ts_1	elapsed_1	pkg_1	pp0_1	dram_1	freq_ratio_1_0	c0_ratio_1_0	freq_ratio_1_1	c0_ratio_1_1	freq_ratio_1_2	c0_ratio_1_2	freq_ratio_1_3	c0_ratio_1_3	freq_ratio_1_4	c0_ratio_1_4	freq_ratio_1_5	c0_ratio_1_5	freq_ratio_1_6	c0_ratio_1_6	freq_ratio_1_7	c0_ratio_1_7	
1350069178.791155	1.000719	38.393657	25.206591	6.104665	1.269223	0.999913	1.269315	0.000387	1.270066	0.000085	1.256677	0.000077	1.269648	0.000062	1.271106	0.000016	1.270135	0.000037	1.272118	0.000039	1350069178.791563	1.000710	40.688594	27.472758	1.741607	1.269156	0.999443	1.235658	0.000843	1.267538	0.000958	1.200498	0.000007	1.239060	0.000007	1.217766	0.000007	1.289126	0.000007	1.268244	0.000007	
1350069179.791147	0.999992	38.486793	25.293403	6.090626	1.269221	0.999916	1.267159	0.000306	1.233122	0.000018	1.253432	0.000035	1.234881	0.000016	1.268723	0.000049	1.266868	0.000009	1.264861	0.000010	1350069179.791551	0.999988	38.446183	25.218425	1.601200	1.269225	0.999936	1.268914	0.000246	1.273248	0.000075	1.265854	0.000077	1.273307	0.000056	1.270825	0.000123	1.266304	0.000055	1.269246	0.000053	
1350069180.791147	1.000000	38.526199	25.330338	6.109070	1.269225	0.999934	1.269062	0.000294	1.256526	0.000052	1.268203	0.000048	1.258653	0.000047	1.268425	0.000010	1.257810	0.000044	1.259740	0.000050	1350069180.791555	1.000004	40.899767	27.664332	1.653268	1.269199	0.999658	1.236958	0.000300	1.268303	0.000726	1.258294	0.000007	1.255059	0.000007	1.261132	0.000007	1.255936	0.000007	1.274893	0.000007	
1350069181.791147	1.000000	38.555054	25.357468	6.127563	1.269221	0.999914	1.267949	0.000501	1.270330	0.000029	1.257705	0.000051	1.264667	0.000029	1.269814	0.000051	1.293697	0.000021	1.293776	0.000021	1350069181.791550	0.999995	38.519282	25.284352	1.594460	1.269225	0.999933	1.268598	0.000257	1.262436	0.000074	1.253941	0.000059	1.264037	0.000065	1.262349	0.000056	1.258082	0.000041	1.259685	0.000053	
1350069182.791147	1.000000	41.103073	27.903839	6.133728	1.268523	0.995798	1.231364	0.003022	1.266972	0.000041	1.232195	0.000049	1.266658	0.000051	1.233867	0.000027	1.268393	0.002864	1.266614	0.000043	1350069182.791337	0.999787	38.467953	25.246754	3.097034	1.269223	0.999912	1.267611	0.000329	1.274370	0.000113	1.281937	0.000031	1.281598	0.000025	1.264561	0.000045	1.299387	0.000027	1.254320	0.000046	
1350069183.791147	1.000000	39.153366	25.953522	6.133728	1.269213	0.999858	1.268509	0.005137	1.268726	0.002838	1.242522	0.000052	1.226865	0.000018	1.232967	0.000038	1.300584	0.000015	1.260696	0.000010	1350069183.791551	1.000214	38.508982	25.282948	3.073606	1.269221	0.999891	1.269488	0.000583	1.263448	0.000055	1.264204	0.000057	1.271585	0.000049	1.269105	0.000167	1.262511	0.000042	1.271379	0.000241	
1350069184.791147	1.000000	41.028015	27.841507	6.121399	1.268849	0.997264	1.235883	0.002219	1.268989	0.003534	1.240182	0.000057	1.266822	0.000039	1.216331	0.000019	1.224768	0.000050	1.252580	0.000052	1350069184.791433	0.999882	38.499081	25.266700	2.967590	1.269223	0.999915	1.267682	0.000299	1.264366	0.000007	1.237220	0.000042	1.255466	0.000007	1.298555	0.000008	1.237693	0.000042	1.269248	0.000007	
1350069185.791147	1.000000	39.265518	26.066025	6.090576	1.269210	0.999828	1.263296	0.000297	1.268900	0.007218	1.251698	0.000034	1.227030	0.000017	1.233373	0.000037	1.253920	0.000006	1.258357	0.000005	1350069185.791553	1.000120	38.507864	25.278737	2.848215	1.269223	0.999912	1.269907	0.000277	1.263965	0.000050	1.263196	0.000052	1.272118	0.000047	1.264104	0.000048	1.270352	0.000036	1.268670	0.000049	
1350069186.791147	1.000000	41.320816	28.120224	6.121399	1.268714	0.995693	1.231065	0.003058	1.268118	0.002597	1.253626	0.000054	1.260130	0.000113	1.252704	0.000010	1.268786	0.000034	1.268723	0.000042	1350069186.791384	0.999831	38.497444	25.267424	2.940515	1.269225	0.999933	1.267595	0.000306	1.264592	0.000007	1.267003	0.000007	1.247124	0.000007	1.274478	0.000007	1.285817	0.000007	1.268812	0.000007	
1350069187.791147	1.000000	39.173080	25.971298	6.115234	1.269219	0.999886	1.268234	0.003531	1.268968	0.005706	1.250330	0.000035	1.233289	0.000017	1.268615	0.000037	1.271909	0.000009	1.270806	0.000009	1350069187.791553	1.000169	38.502296	25.274780	2.893264	1.269223	0.999916	1.269730	0.000290	1.263215	0.000048	1.259745	0.000058	1.271890	0.000047	1.269156	0.000134	1.266108	0.000043	1.270604	0.000041	
1350069188.791154	1.000007	40.599420	27.398782	6.120182	1.266027	0.999410	1.174689	0.003660	1.229897	0.007243	1.160421	0.002430	1.158527	0.002385	1.158951	0.002373	1.158363	0.002363	1.157475	0.002197	1350069188.791280	0.999727	38.885402	25.653625	2.866047	1.266060	0.999633	1.185518	0.004424	1.160355	0.002335	1.159127	0.002377	1.156855	0.002131	1.157225	0.002038	1.156546	0.001991	1.160377	0.002103	
1350069189.791147	0.999993	38.557548	25.361839	6.115277	1.269219	0.999957	1.266535	0.000329	1.262901	0.000013	1.246493	0.000035	1.249355	0.000012	1.267885	0.000026	1.352654	0.000005	1.250425	0.000006	1350069189.791552	1.000272	38.473146	25.245848	1.633589	1.269213	0.999935	1.269045	0.000272	1.258765	0.000067	1.266862	0.000063	1.278095	0.000050	1.266899	0.000049	1.280113	0.000047	1.275222	0.000051	
1350069190.791147	1.000000	38.496765	25.300049	6.127563	1.269219	0.999872	1.266789	0.000301	1.268887	0.000038	1.269300	0.000059	1.269241	0.000042	1.269182	0.000014	1.269265	0.000036	1.269366	0.000043	1350069190.791552	1.000000	40.450638	27.213272	1.644882	1.269202	0.999678	1.242297	0.000274	1.269002	0.000630	1.247282	0.000014	1.276330	0.000014	1.269976	0.000014	1.268282	0.000014	1.271387	0.000014	
1350069191.791147	1.000000	38.512466	25.316422	6.115234	1.269219	0.999894	1.267198	0.000569	1.232469	0.000017	1.253354	0.000037	1.232984	0.000018	1.269450	0.000038	1.269144	0.000009	1.269129	0.000009	1350069191.791548	0.999996	38.512439	25.277538	1.595862	1.269223	0.999910	1.269931	0.000245	1.263203	0.000061	1.265776	0.000060	1.263079	0.000053	1.269637	0.000060	1.269023	0.000057	1.259477	0.000050	
1350069192.791147	1.000000	38.497665	25.301422	6.102905	1.269225	0.999933	1.269243	0.000382	1.259453	0.000053	1.268829	0.000048	1.255258	0.000038	1.269378	0.000010	1.255685	0.000037	1.257293	0.000043	1350069192.791550	1.000002	40.856795	27.615533	1.634137	1.269196	0.999633	1.238187	0.000325	1.268511	0.000947	1.262314	0.000007	1.279878	0.000007	1.296815	0.000007	1.257238	0.000007	1.251400	0.000038	
1350069193.791147	1.000000	38.512161	25.315781	6.115234	1.269221	0.999915	1.269364	0.000324	1.266464	0.000054	1.260398	0.000069	1.266599	0.000028	1.269195	0.000048	1.293181	0.000021	1.294331	0.000021	1350069193.791557	1.000007	38.510918	25.273507	1.581730	1.269225	0.999934	1.269118	0.000551	1.261509	0.000063	1.255128	0.000064	1.265218	0.000050	1.256576	0.000053	1.261748	0.000049	1.260255	0.000057	
1350069194.791147	1.000000	40.373260	27.175522	6.072083	1.269198	0.999632	1.266445	0.002391	1.268611	0.003010	1.232577	0.000049	1.266552	0.000049	1.246191	0.000005	1.265877	0.000420	1.266453	0.000040	1350069194.791318	0.999761	38.474371	25.250753	2.980937	1.269211	0.999934	1.267635	0.000321	1.274390	0.000112	1.287029	0.000025	1.277484	0.000031	1.289042	0.000023	1.172274	0.000028	1.252287	0.000027	
1350069195.791147	1.000000	39.410355	26.210663	6.121399	1.269210	0.999850	1.256317	0.000292	1.268962	0.007071	1.250878	0.000033	1.230760	0.000015	1.233413	0.000035	1.255196	0.000010	1.255327	0.000010	1350069195.791552	1.000234	38.538029	25.289572	2.854908	1.269233	0.999869	1.269936	0.000274	1.265813	0.000071	1.262594	0.000047	1.268903	0.000040	1.266924	0.000118	1.340589	0.000041	1.287762	0.000050	
1350069196.791147	1.000000	38.454681	25.256149	6.102905	1.269219	0.999873	1.269550	0.000313	1.269004	0.000050	1.262970	0.000076	1.259274	0.000052	1.240481	0.000055	1.259957	0.000056	1.259989	0.000052	1350069196.791556	1.000004	38.585339	25.360340	1.645104	1.269224	0.999934	1.268830	0.002512	1.268944	0.000021	1.258321	0.000008	1.203693	0.000007	1.237121	0.000047	1.259524	0.000007	1.236207	0.000007	
1350069197.791147	1.000000	38.473267	25.276611	6.121399	1.269215	0.999850	1.265399	0.000373	1.267657	0.001623	1.252509	0.000039	1.234478	0.000018	1.268301	0.000031	1.252852	0.000010	1.252541	0.000010	1350069197.791571	1.000015	38.599640	25.363816	1.630102	1.269219	0.999872	1.268444	0.001796	1.262855	0.000277	1.269272	0.000069	1.271839	0.000066	1.277193	0.000053	1.272254	0.000053	1.275287	0.000042	
1350069198.791154	1.000007	38.629417	25.433479	6.096699	1.269221	0.999893	1.269141	0.000270	1.250363	0.000057	1.269206	0.000065	1.268925	0.000045	1.272144	0.000010	1.268773	0.002676	1.268818	0.000037	1350069198.791561	0.999990	38.504811	25.271783	1.829745	1.269225	0.999935	1.269317	0.000462	1.269254	0.000210	1.218240	0.000008	1.228502	0.000007	1.268643	0.000007	1.273845	0.000007	1.270022	0.000007	
1350069199.791147	0.999993	38.646919	25.448662	6.115277	1.269221	0.999914	1.268947	0.002427	1.254144	0.000036	1.254554	0.000036	1.238529	0.000016	1.269325	0.000038	1.268914	0.000009	1.271185	0.000010	1350069199.791550	0.999989	38.586117	25.351184	1.695514	1.269223	0.999912	1.269081	0.001989	1.268334	0.000321	1.267765	0.000048	1.272909	0.000040	1.269220	0.000059	1.269007	0.000048	1.267816	0.000040	
1350069200.791147	1.000000	39.082230	25.900620	6.121399	1.269221	0.999887	1.269214	0.002784	1.269161	0.005245	1.269480	0.000045	1.269221	0.000036	1.269077	0.000010	1.246981	0.000043	1.269139	0.000038	1350069200.791552	1.000002	38.482150	25.244962	1.966152	1.269225	0.999932	1.271937	0.000079	1.269078	0.000229	1.088871	0.000009	1.223906	0.000007	1.238207	0.000007	1.307172	0.000007	1.311711	0.000007	
1350069201.791147	1.000000	39.374481	26.179504	6.121399	1.269219	0.999893	1.264561	0.000273	1.269134	0.007135	1.252337	0.000034	1.232066	0.000017	1.269237	0.000035	1.268980	0.000009	1.268993	0.000009	1350069201.791539	0.999987	38.507555	25.271907	1.994899	1.269223	0.999913	1.261161	0.000068	1.268086	0.000277	1.296925	0.000047	1.276788	0.000042	1.273853	0.000047	1.263809	0.000046	1.264448	0.000049	
1350069202.791147	1.000000	39.391052	26.201721	6.109070	1.269223	0.999914	1.271741	0.000252	1.269209	0.007110	1.268804	0.000047	1.268964	0.000044	1.269781	0.000009	1.268458	0.000033	1.269362	0.000036	1350069202.791536	0.999997	38.489743	25.257876	1.988303	1.269225	0.999936	1.269154	0.000085	1.270147	0.000229	1.310351	0.000006	1.275713	0.000007	1.272862	0.000007	1.270889	0.000007	1.271970	0.000007	
1350069203.791153	1.000006	715771528.345211	715822746.102399	715791742.097378	0.999989	1.000210	0.999987	1.000216	0.999997	1.000212	0.999989	1.000211	0.999990	1.000215	0.999992	1.000209	0.999989	1.000215	0.999989	1.000212	1350069203.791228	0.999692	716044039.012444	716043721.079839	716001409.237823	0.999989	1.000209	0.999987	1.000214	3.893080	0.256919	0.999990	1.000213	0.999989	1.000215	0.999992	1.000211	0.999989	1.000214	0.999990	1.000213	
1350069204.791243	1.000090	0.000000	0.000000	0.000000	-nan	-nan	-nan	-nan	0.000000	inf	-nan	-nan	-nan	0.000000	-nan	-nan	-nan	-nan	-nan	-nan	1350069204.791316	1.000088	0.000000	0.000000	0.000000	-nan	-nan	-nan	-nan	0.000000	inf	-nan	-nan	-nan	-nan	-nan	-nan	-nan	-nan	-nan	-nan	
