ts_0	elapsed_0	pkg_0	pp0_0	dram_0	freq_ratio_0_0	c0_ratio_0_0	freq_ratio_0_1	c0_ratio_0_1	freq_ratio_0_2	c0_ratio_0_2	freq_ratio_0_3	c0_ratio_0_3	freq_ratio_0_4	c0_ratio_0_4	freq_ratio_0_5	c0_ratio_0_5	freq_ratio_0_6	c0_ratio_0_6	freq_ratio_0_7	c0_ratio_0_7	ts_1	elapsed_1	pkg_1	pp0_1	dram_1	freq_ratio_1_0	c0_ratio_1_0	freq_ratio_1_1	c0_ratio_1_1	freq_ratio_1_2	c0_ratio_1_2	freq_ratio_1_3	c0_ratio_1_3	freq_ratio_1_4	c0_ratio_1_4	freq_ratio_1_5	c0_ratio_1_5	freq_ratio_1_6	c0_ratio_1_6	freq_ratio_1_7	c0_ratio_1_7	
1350069178.792320	1.000855	38.475909	25.270966	6.073024	1.269217	0.999850	1.263487	0.000683	1.268544	0.000049	1.266833	0.000775	1.271002	0.000010	1.271063	0.000010	1.269422	0.000009	1.267944	0.000010	1350069178.792726	1.000840	39.081843	25.951530	2.917593	1.269225	0.999936	1.269266	0.000545	1.268863	0.000027	1.269197	0.000097	1.296898	0.000010	1.289462	0.000010	1.259076	0.000010	1.267443	0.000144	
1350069179.792311	0.999991	38.372784	25.146087	6.109125	1.269217	0.999870	1.265281	0.000709	1.235362	0.000018	1.261660	0.000113	1.257925	0.000054	1.269281	0.000046	1.268750	0.000036	1.269145	0.000038	1350069179.792719	0.999993	39.081661	25.942288	2.718036	1.269221	0.999897	1.267087	0.000176	1.252834	0.000102	1.252042	0.000019	1.263139	0.000051	1.235716	0.000044	1.271842	0.000055	1.271025	0.000148	
1350069180.792310	0.999999	38.355582	25.127618	6.078253	1.269225	0.999935	1.269157	0.000244	1.269311	0.000040	1.269169	0.000024	1.268851	0.000009	1.269517	0.000009	1.270344	0.000009	1.271732	0.000010	1350069180.792715	0.999996	39.092840	25.952467	2.707317	1.269225	0.999929	1.269157	0.000238	1.270271	0.000010	1.269203	0.000070	1.272980	0.000010	1.269228	0.000010	1.271530	0.000010	1.269221	0.000120	
1350069181.792310	1.000000	38.396393	25.165710	6.078247	1.269221	0.999914	1.268069	0.000458	1.234244	0.000016	1.259060	0.000066	1.245631	0.000050	1.255835	0.000038	1.254956	0.000035	1.257061	0.000044	1350069181.792718	1.000003	39.119492	25.979030	2.737067	1.269223	0.999919	1.266927	0.000160	1.262909	0.000067	1.239795	0.000018	1.265422	0.000061	1.264874	0.000045	1.264050	0.000050	1.269251	0.000200	
1350069182.792310	1.000000	38.391342	25.162186	6.109070	1.269225	0.999937	1.269351	0.000246	1.256322	0.000040	1.249867	0.000025	1.268301	0.000010	1.272287	0.000010	1.270205	0.000010	1.271446	0.000010	1350069182.792709	0.999991	39.116977	25.974433	2.709970	1.269225	0.999927	1.269109	0.000251	1.272816	0.000010	1.273486	0.000055	1.283083	0.000010	1.290410	0.000010	1.294263	0.000010	1.268826	0.000120	
1350069183.792311	1.000001	38.638559	25.409522	6.096720	1.269199	0.999672	1.263585	0.000746	1.266505	0.000024	1.266732	0.000136	1.267780	0.004299	1.260210	0.000147	1.254509	0.000047	1.280140	0.000047	1350069183.792713	1.000004	39.148508	26.005250	2.984393	1.269223	0.999919	1.269149	0.001993	1.265207	0.000087	1.264012	0.000064	1.266796	0.000064	1.265542	0.000064	1.265761	0.000069	1.268157	0.000161	
1350069184.792310	0.999999	38.708655	25.478891	6.078253	1.269213	0.999805	1.268681	0.003279	1.269603	0.000040	1.269182	0.000024	1.267940	0.003224	1.270934	0.000010	1.269540	0.000009	1.268077	0.000010	1350069184.792717	1.000004	39.120310	25.977998	2.878238	1.269225	0.999932	1.269149	0.000215	1.282236	0.000010	1.271202	0.000040	1.303817	0.000007	1.309651	0.000006	1.299176	0.000007	1.270892	0.000136	
1350069185.792310	1.000000	38.687622	25.456787	6.065918	1.269207	0.999762	1.268443	0.005715	1.226994	0.000027	1.253363	0.000143	1.255278	0.000045	1.268672	0.000036	1.269443	0.000033	1.269454	0.000039	1350069185.792711	0.999994	39.194386	26.051028	2.961062	1.269217	0.999845	1.267055	0.000150	1.264007	0.000051	1.253817	0.000017	1.239498	0.000047	1.238970	0.000045	1.239947	0.000048	1.268280	0.000929	
1350069186.792310	1.000000	38.603760	25.376160	6.115234	1.269225	0.999936	1.269191	0.004402	1.269072	0.000036	1.267842	0.000023	1.264469	0.000009	1.270795	0.000010	1.265773	0.000009	1.271003	0.000010	1350069186.792718	1.000007	39.221714	26.077777	2.849483	1.269225	0.999935	1.269177	0.000221	1.264688	0.000010	1.268308	0.000044	1.268106	0.000010	1.267721	0.000010	1.263632	0.000010	1.269323	0.001620	
1350069187.792310	1.000000	38.469223	25.240875	6.096741	1.269212	0.999822	1.259013	0.000314	1.231887	0.000017	1.240066	0.000091	1.257213	0.000043	1.268541	0.001204	1.269987	0.000036	1.268946	0.000038	1350069187.792714	0.999996	39.452766	26.309631	3.387144	1.269219	0.999871	1.267389	0.000143	1.264599	0.000057	1.263018	0.000157	1.269074	0.000050	1.269286	0.000049	1.269957	0.000048	1.269007	0.005256	
1350069188.792311	1.000001	38.500131	25.268363	6.058344	1.268837	0.999688	1.174303	0.003505	1.160078	0.002458	1.158128	0.002448	1.157545	0.002395	1.156868	0.002384	1.157922	0.002331	1.157845	0.002425	1350069188.792718	1.000004	39.447762	26.302613	2.922428	1.268838	0.999654	1.168620	0.002864	1.157119	0.002520	1.161020	0.002610	1.156813	0.002478	1.155259	0.002334	1.158884	0.002628	1.211979	0.006556	
1350069189.792310	0.999999	38.545416	25.315301	6.078238	1.269211	0.999806	1.267525	0.000920	1.225839	0.000013	1.254862	0.000095	1.255011	0.000038	1.268938	0.000041	1.268567	0.003078	1.269307	0.000035	1350069189.792714	0.999996	39.161978	26.015730	3.002301	1.269223	0.999912	1.267474	0.000154	1.264489	0.000058	1.265525	0.000072	1.269249	0.000040	1.255641	0.000047	1.271947	0.000042	1.270046	0.000178	
1350069190.792310	1.000000	38.331497	25.102554	6.078247	1.269219	0.999870	1.269216	0.000271	1.269116	0.000047	1.269048	0.000031	1.268849	0.000014	1.270183	0.000014	1.269521	0.000049	1.269328	0.000015	1350069190.792714	1.000000	39.135941	25.992371	2.717285	1.269219	0.999867	1.269142	0.000211	1.268988	0.000016	1.269365	0.000065	1.268589	0.000017	1.272427	0.000196	1.270864	0.000017	1.269628	0.000113	
1350069191.792310	1.000000	38.546646	25.315460	6.115234	1.269215	0.999847	1.265625	0.000306	1.236165	0.000017	1.259525	0.000064	1.256999	0.000043	1.269369	0.000041	1.268902	0.003131	1.258304	0.000054	1350069191.792722	1.000008	39.197711	26.052432	3.071600	1.269221	0.999894	1.265183	0.000154	1.265247	0.000067	1.261429	0.000069	1.269399	0.000069	1.267551	0.000060	1.265115	0.000060	1.267727	0.000135	
1350069192.792310	1.000000	38.815842	25.584290	6.121399	1.269217	0.999848	1.265613	0.000411	1.268702	0.001761	1.269218	0.000024	1.236857	0.000035	1.242833	0.000018	1.268816	0.003203	1.267958	0.000006	1350069192.792711	0.999989	39.105272	25.971812	2.812714	1.269223	0.999912	1.269203	0.000208	1.255067	0.000033	1.263425	0.000066	1.269080	0.000006	1.279401	0.000010	1.286483	0.000010	1.270810	0.000128	
1350069193.792311	1.000001	38.510904	25.282019	6.078241	1.269219	0.999895	1.268674	0.002408	1.267979	0.001048	1.259325	0.000061	1.244858	0.000044	1.255924	0.000038	1.256360	0.000039	1.258462	0.000049	1350069193.792713	1.000002	39.168489	26.021786	2.831324	1.269223	0.999913	1.269062	0.001735	1.263809	0.000046	1.266863	0.000131	1.269265	0.000040	1.266556	0.000035	1.266512	0.000059	1.268452	0.000230	
1350069194.792310	0.999999	38.402182	25.176950	6.053595	1.269223	0.999911	1.268867	0.000523	1.248788	0.000060	1.244485	0.000036	1.269727	0.000010	1.269359	0.000010	1.268264	0.000010	1.269347	0.000010	1350069194.792711	0.999998	39.130827	25.985706	2.712728	1.269225	0.999931	1.269209	0.000167	1.266564	0.000010	1.269177	0.000099	1.269485	0.000010	1.290864	0.000010	1.276688	0.000010	1.269787	0.000120	
1350069195.792311	1.000001	38.370355	25.142325	6.090570	1.269221	0.999913	1.266074	0.000285	1.267349	0.000024	1.268863	0.000073	1.268910	0.000054	1.279752	0.000049	1.279892	0.000048	1.279869	0.000049	1350069195.792712	1.000001	39.143350	25.996832	2.703092	1.269223	0.999907	1.267293	0.000167	1.265898	0.000093	1.267159	0.000135	1.269260	0.000091	1.267735	0.000083	1.270886	0.000076	1.270197	0.000157	
1350069196.792310	0.999999	38.323874	25.108392	6.121405	1.269221	0.999892	1.269309	0.000296	1.269422	0.000054	1.255122	0.000039	1.239736	0.000021	1.254897	0.000042	1.269025	0.000009	1.269242	0.000009	1350069196.792715	1.000003	39.143723	25.998958	2.720130	1.269225	0.999938	1.269090	0.000249	1.268480	0.000010	1.269162	0.000271	1.268593	0.000021	1.270237	0.000006	1.266400	0.000006	1.269160	0.000107	
1350069197.792310	1.000000	38.356232	25.125763	6.084412	1.269221	0.999913	1.266429	0.000267	1.251923	0.000038	1.259863	0.000060	1.261385	0.000066	1.268981	0.000031	1.269581	0.000034	1.269468	0.000040	1350069197.792742	1.000027	39.135344	25.992403	2.718112	1.269223	0.999911	1.267185	0.000129	1.265303	0.000092	1.265139	0.000095	1.270063	0.000054	1.268730	0.000049	1.269894	0.000049	1.269331	0.000141	
1350069198.792310	1.000000	38.343140	25.110535	6.084412	1.269225	0.999935	1.269967	0.000252	1.269176	0.000035	1.269160	0.000025	1.269260	0.000010	1.268460	0.000009	1.267497	0.000009	1.268918	0.000010	1350069198.792710	0.999968	39.128218	25.981604	2.712855	1.269227	0.999956	1.269161	0.000193	1.243434	0.000006	1.267754	0.000119	1.260687	0.000010	1.271957	0.000010	1.262492	0.000010	1.268438	0.000169	
1350069199.792310	1.000000	38.348389	25.117905	6.096741	1.269221	0.999913	1.267759	0.000561	1.233805	0.000016	1.260664	0.000063	1.257028	0.000043	1.269341	0.000037	1.269162	0.000036	1.269176	0.000037	1350069199.792713	1.000003	39.126038	25.986141	2.703147	1.269223	0.999913	1.267537	0.000176	1.265619	0.000069	1.266569	0.000103	1.270469	0.000058	1.266144	0.000044	1.270179	0.000044	1.270329	0.000129	
1350069200.792310	1.000000	38.348938	25.118240	6.072083	1.269225	0.999934	1.269156	0.000267	1.268864	0.000036	1.268775	0.000026	1.269398	0.000009	1.268555	0.000009	1.268855	0.000009	1.270936	0.000010	1350069200.792724	1.000011	39.142881	25.998708	2.715592	1.269223	0.999912	1.266046	0.000167	1.269312	0.000048	1.265286	0.000105	1.251015	0.000010	1.261477	0.000010	1.252039	0.000010	1.266833	0.000096	
1350069201.792311	1.000001	38.347055	25.117408	6.065912	1.269221	0.999912	1.267456	0.000286	1.236580	0.000017	1.260927	0.000059	1.257008	0.000042	1.269544	0.000037	1.269232	0.000035	1.268848	0.000038	1350069201.792713	0.999989	39.166552	26.021617	2.710448	1.269223	0.999914	1.266995	0.000178	1.263854	0.000093	1.264422	0.000102	1.267440	0.000054	1.268571	0.000043	1.268345	0.000045	1.270689	0.000174	
1350069202.792310	0.999999	38.324698	25.095742	6.078253	1.269225	0.999935	1.269265	0.000270	1.269206	0.000036	1.269148	0.000025	1.269081	0.000009	1.268770	0.000009	1.269190	0.000009	1.269587	0.000010	1350069202.792715	1.000002	39.146440	26.002712	2.712977	1.269225	0.999931	1.269862	0.000158	1.292915	0.000010	1.271735	0.000091	1.289815	0.000010	1.292781	0.000010	1.292056	0.000010	1.268594	0.000096	
1350069203.792317	1.000007	715811518.794900	715819204.434646	715805691.145663	0.999990	1.000217	0.999988	1.000221	0.999990	1.000225	0.999990	1.000218	0.999990	1.000220	0.999993	1.000215	0.999990	1.000220	0.999990	1.000218	1350069203.792398	0.999683	716027149.947828	716040833.059479	716011413.374560	0.999990	1.000217	0.999988	1.000219	3.893021	0.256925	0.999990	1.000218	0.999990	1.000219	0.999993	1.000216	0.999990	1.000220	0.999990	1.000218	
1350069204.792311	0.999994	0.000000	0.000000	0.000000	-nan	-nan	-nan	-nan	1.000008	inf	-nan	-nan	-nan	0.000000	-nan	-nan	-nan	-nan	-nan	-nan	1350069204.792367	0.999969	0.000000	0.000000	0.000000	-nan	-nan	-nan	-nan	1.345745	inf	-nan	-nan	-nan	-nan	-nan	-nan	-nan	-nan	-nan	-nan	
