ts_0	elapsed_0	pkg_0	pp0_0	dram_0	freq_ratio_0_0	c0_ratio_0_0	freq_ratio_0_1	c0_ratio_0_1	freq_ratio_0_2	c0_ratio_0_2	freq_ratio_0_3	c0_ratio_0_3	freq_ratio_0_4	c0_ratio_0_4	freq_ratio_0_5	c0_ratio_0_5	freq_ratio_0_6	c0_ratio_0_6	freq_ratio_0_7	c0_ratio_0_7	ts_1	elapsed_1	pkg_1	pp0_1	dram_1	freq_ratio_1_0	c0_ratio_1_0	freq_ratio_1_1	c0_ratio_1_1	freq_ratio_1_2	c0_ratio_1_2	freq_ratio_1_3	c0_ratio_1_3	freq_ratio_1_4	c0_ratio_1_4	freq_ratio_1_5	c0_ratio_1_5	freq_ratio_1_6	c0_ratio_1_6	freq_ratio_1_7	c0_ratio_1_7	
1350063580.366888	1.000102	55.034545	41.744428	6.108446	0.825869	0.997076	0.825868	0.997074	0.825867	0.997072	0.825867	0.997071	0.825866	0.997070	0.825865	0.997067	0.825865	0.997066	0.825864	0.997065	1350063580.366943	1.000110	55.216694	42.059479	2.101743	0.804218	0.997493	0.804217	0.997491	0.804216	0.997490	0.804215	0.997488	0.804213	0.997487	0.804212	0.997485	0.804211	0.997484	0.804210	0.997482	
1350063581.366885	0.999997	50.838445	37.536753	6.109089	0.776497	0.996330	0.776497	0.996329	0.776497	0.996326	0.776497	0.996325	0.776497	0.996324	0.776497	0.996323	0.776497	0.996321	0.776497	0.996319	1350063581.366931	0.999988	50.845150	37.678779	1.862174	0.759475	0.997510	0.759475	0.997513	0.759475	0.997506	0.759475	0.997506	0.759475	0.997506	0.759475	0.997504	0.759476	0.997503	0.759476	0.997503	
1350063582.366885	1.000000	50.833832	37.524902	6.084381	0.775511	0.996210	0.775512	0.996207	0.775512	0.996205	0.775512	0.996203	0.775511	0.996201	0.775512	0.996199	0.775511	0.996196	0.775511	0.996193	1350063582.366928	0.999997	50.848531	37.676966	1.725393	0.759779	0.997585	0.759779	0.997583	0.759779	0.997580	0.759779	0.997579	0.759779	0.997579	0.759779	0.997576	0.759779	0.997574	0.759779	0.997574	
1350063583.366885	1.000000	50.838181	37.527618	6.096741	0.775542	0.996311	0.775542	0.996307	0.775542	0.996304	0.775542	0.996300	0.775542	0.996299	0.775542	0.996297	0.775542	0.996295	0.775541	0.996294	1350063583.366931	1.000003	50.843409	37.668478	1.708521	0.759199	0.997429	0.759199	0.997427	0.759199	0.997426	0.759199	0.997423	0.759199	0.997423	0.759199	0.997421	0.759200	0.997421	0.759199	0.997419	
1350063584.366884	0.999999	50.836505	37.523672	6.072088	0.776235	0.996359	0.776235	0.996357	0.776235	0.996354	0.776235	0.996350	0.776235	0.996348	0.776235	0.996347	0.776235	0.996345	0.776235	0.996345	1350063584.366930	0.999999	50.847628	37.672094	1.731493	0.758444	0.997268	0.758444	0.997265	0.758445	0.997265	0.758445	0.997262	0.758444	0.997260	0.758444	0.997261	0.758444	0.997258	0.758444	0.997256	
1350063585.366885	1.000001	50.838605	37.524027	6.096735	0.777046	0.996354	0.777046	0.996352	0.777046	0.996349	0.777046	0.996345	0.777046	0.996344	0.777046	0.996342	0.777046	0.996340	0.777046	0.996338	1350063585.366931	1.000001	50.849485	37.668543	1.792006	0.757955	0.997174	0.757955	0.997170	0.757954	0.997167	0.757954	0.997165	0.757954	0.997164	0.757954	0.997162	0.757953	0.997161	0.757953	0.997160	
1350063586.366884	0.999999	50.837100	37.520376	6.127478	0.777176	0.996313	0.777176	0.996310	0.777176	0.996309	0.777176	0.996305	0.777176	0.996303	0.777176	0.996300	0.777176	0.996299	0.777176	0.996297	1350063586.366928	0.999997	50.845006	37.661326	1.748464	0.757349	0.997047	0.757349	0.997046	0.757349	0.997044	0.757350	0.997043	0.757349	0.997042	0.757349	0.997038	0.757349	0.997037	0.757349	0.997036	
1350063587.366885	1.000001	50.833905	37.517863	6.059381	0.777555	0.996238	0.777555	0.996234	0.777555	0.996231	0.777555	0.996228	0.777555	0.996226	0.777555	0.996225	0.777555	0.996223	0.777555	0.996222	1350063587.366932	1.000004	50.847206	37.664307	1.686379	0.757430	0.997017	0.757430	0.997016	0.757431	0.997014	0.757431	0.997012	0.757431	0.997011	0.757431	0.997008	0.757432	0.997007	0.757432	0.997006	
1350063588.366884	0.999999	50.836856	37.522542	6.090582	0.777457	0.996233	0.777457	0.996231	0.777457	0.996228	0.777457	0.996225	0.777457	0.996223	0.777457	0.996221	0.777457	0.996220	0.777457	0.996218	1350063588.366930	0.999998	50.847051	37.661479	1.670947	0.756915	0.996901	0.756915	0.996899	0.756914	0.996896	0.756914	0.996894	0.756914	0.996892	0.756914	0.996891	0.756913	0.996891	0.756913	0.996889	
1350063589.366885	1.000001	50.786969	37.485056	6.090570	0.777441	0.996280	0.777441	0.996278	0.777441	0.996276	0.777440	0.996274	0.777441	0.996270	0.777441	0.996267	0.777440	0.996265	0.777441	0.996263	1350063589.366930	1.000000	50.795349	37.622086	1.675400	0.756580	0.996843	0.756580	0.996841	0.756581	0.996843	0.756581	0.996837	0.756581	0.996836	0.756581	0.996833	0.756581	0.996832	0.756582	0.996831	
1350063590.366884	0.999999	50.835543	37.526418	6.115240	0.777801	0.996268	0.777801	0.996265	0.777801	0.996263	0.777801	0.996261	0.777801	0.996259	0.777801	0.996256	0.777801	0.996253	0.777802	0.996251	1350063590.366927	0.999997	50.849813	37.659998	1.656972	0.756467	0.996794	0.756458	0.996791	0.756467	0.996789	0.756468	0.996789	0.756467	0.996786	0.756468	0.996784	0.756468	0.996783	0.756467	0.996781	
1350063591.366884	1.000000	50.839417	37.534302	6.115234	0.777670	0.996270	0.777670	0.996268	0.777670	0.996265	0.777669	0.996263	0.777669	0.996261	0.777669	0.996259	0.777669	0.996258	0.777669	0.996256	1350063591.366931	1.000004	50.845482	37.655319	1.686044	0.756447	0.996837	0.756457	0.996834	0.756447	0.996830	0.756447	0.996829	0.756447	0.996827	0.756447	0.996827	0.756447	0.996825	0.756448	0.996823	
1350063592.366885	1.000001	50.836698	37.537730	6.107431	0.777988	0.996267	0.777988	0.996264	0.777988	0.996264	0.777988	0.996260	0.777988	0.996258	0.777988	0.996256	0.777988	0.996252	0.777988	0.996252	1350063592.366931	1.000000	50.849792	37.658813	1.695877	0.756417	0.996745	0.756416	0.996744	0.756416	0.996741	0.756416	0.996739	0.756415	0.996738	0.756415	0.996735	0.756415	0.996733	0.756415	0.996730	
1350063593.366884	0.999999	50.836276	37.546224	6.115240	0.777732	0.996241	0.777732	0.996237	0.777732	0.996236	0.777732	0.996233	0.777732	0.996230	0.777732	0.996229	0.777732	0.996226	0.777732	0.996224	1350063593.366931	1.000000	50.846664	37.654327	1.699860	0.756148	0.996772	0.756148	0.996770	0.756148	0.996767	0.756148	0.996765	0.756148	0.996763	0.756148	0.996761	0.756148	0.996760	0.756148	0.996759	
1350063594.366884	1.000000	50.835007	37.538223	6.096741	0.777603	0.996329	0.777603	0.996327	0.777603	0.996324	0.777603	0.996322	0.777603	0.996320	0.777602	0.996318	0.777603	0.996317	0.777603	0.996314	1350063594.366928	0.999997	50.849141	37.654566	1.656774	0.756200	0.996755	0.756200	0.996754	0.756200	0.996751	0.756199	0.996749	0.756200	0.996748	0.756199	0.996746	0.756200	0.996745	0.756200	0.996745	
1350063595.366884	1.000000	50.836136	37.538254	6.102905	0.777473	0.996249	0.777473	0.996247	0.777473	0.996244	0.777473	0.996241	0.777473	0.996239	0.777473	0.996238	0.777473	0.996236	0.777474	0.996234	1350063595.366929	1.000001	50.843183	37.648417	1.660094	0.756092	0.996733	0.756093	0.996730	0.756093	0.996728	0.756093	0.996728	0.756094	0.996726	0.756094	0.996724	0.756094	0.996721	0.756094	0.996719	
1350063596.366884	1.000000	50.836319	37.544128	6.109070	0.777529	0.996323	0.777529	0.996320	0.777529	0.996316	0.777528	0.996314	0.777528	0.996314	0.777528	0.996311	0.777528	0.996310	0.777528	0.996307	1350063596.366929	1.000000	50.849915	37.653595	1.664963	0.756055	0.996596	0.756055	0.996592	0.756054	0.996591	0.756054	0.996590	0.756054	0.996589	0.756054	0.996586	0.756053	0.996586	0.756054	0.996583	
1350063597.366885	1.000001	50.839490	37.546198	6.127558	0.777552	0.996265	0.777552	0.996262	0.777552	0.996261	0.777552	0.996258	0.777552	0.996255	0.777552	0.996252	0.777551	0.996251	0.777552	0.996249	1350063597.366931	1.000002	50.844492	37.646916	1.678723	0.756247	0.996701	0.756248	0.996698	0.756249	0.996696	0.756249	0.996691	0.756249	0.996693	0.756249	0.996690	0.756250	0.996689	0.756250	0.996688	
1350063598.366884	0.999999	50.836261	37.550344	6.102911	0.777397	0.996259	0.777397	0.996258	0.777397	0.996256	0.777397	0.996254	0.777397	0.996251	0.777397	0.996247	0.777397	0.996245	0.777397	0.996244	1350063598.366929	0.999998	50.847326	37.646175	1.614444	0.756192	0.996682	0.756192	0.996681	0.756192	0.996679	0.756192	0.996677	0.756192	0.996677	0.756191	0.996673	0.756192	0.996672	0.756192	0.996669	
1350063599.366885	1.000001	50.835691	37.551188	6.109064	0.777315	0.996213	0.777315	0.996210	0.777315	0.996209	0.777315	0.996205	0.777315	0.996203	0.777315	0.996202	0.777315	0.996198	0.777315	0.996197	1350063599.366967	1.000038	50.847438	37.648979	1.623886	0.756257	0.996627	0.756257	0.996624	0.756256	0.996622	0.756256	0.996620	0.756256	0.996618	0.756256	0.996615	0.756255	0.996614	0.756255	0.996611	
1350063600.366884	0.999999	50.833773	37.552358	6.115240	0.780348	0.996444	0.780348	0.996441	0.780348	0.996440	0.780348	0.996437	0.780348	0.996435	0.780349	0.996433	0.780349	0.996431	0.780349	0.996431	1350063600.366929	0.999962	50.848439	37.648552	1.618744	0.756186	0.996713	0.756186	0.996712	0.756186	0.996712	0.756186	0.996709	0.756186	0.996708	0.756186	0.996704	0.756186	0.996703	0.756186	0.996699	
1350063601.366885	1.000001	50.828916	37.546259	6.115168	0.804713	0.998200	0.804713	0.998199	0.804713	0.998197	0.804713	0.998198	0.804713	0.998197	0.804713	0.998195	0.804713	0.998194	0.804713	0.998192	1350063601.366929	1.000000	50.836334	37.633850	1.669449	0.769925	0.996263	0.769926	0.996260	0.769926	0.996258	0.769927	0.996256	0.769927	0.996254	0.769927	0.996253	0.769927	0.996249	0.769927	0.996246	
1350063602.366885	1.000000	50.836548	37.549118	6.089813	0.780061	0.996433	0.780061	0.996433	0.780061	0.996431	0.780060	0.996429	0.780060	0.996427	0.780060	0.996425	0.780060	0.996422	0.780060	0.996420	1350063602.366932	1.000003	50.798182	37.605337	2.140435	0.758808	0.996540	0.758808	0.996539	0.758807	0.996536	0.758807	0.996535	0.758806	0.996534	0.758806	0.996531	0.758806	0.996529	0.758806	0.996526	
1350063603.366884	0.999999	50.840258	37.556097	6.078253	0.776493	0.996404	0.776494	0.996400	0.776494	0.996397	0.776494	0.996394	0.776493	0.996393	0.776493	0.996392	0.776493	0.996390	0.776493	0.996388	1350063603.366930	0.999998	50.844488	37.640346	1.824192	0.755612	0.996468	0.755613	0.996465	0.755612	0.996464	0.755613	0.996461	0.755613	0.996460	0.755613	0.996460	0.755613	0.996458	0.755614	0.996455	
1350063604.366884	1.000000	50.782745	37.510864	6.078247	0.776346	0.996092	0.776346	0.996091	0.776346	0.996088	0.776346	0.996085	0.776346	0.996083	0.776346	0.996079	0.776346	0.996077	0.776346	0.996076	1350063604.366929	0.999999	50.849597	37.647039	1.662508	0.755430	0.996488	0.755429	0.996486	0.755429	0.996484	0.755429	0.996482	0.755429	0.996480	0.755429	0.996485	0.755428	0.996477	0.755428	0.996474	
1350063605.366884	1.000000	50.837280	37.554993	6.084412	0.776539	0.996306	0.776538	0.996305	0.776539	0.996301	0.776538	0.996299	0.776539	0.996296	0.776539	0.996294	0.776538	0.996292	0.776538	0.996290	1350063605.366930	1.000001	50.841764	37.638148	1.689970	0.755218	0.996403	0.755219	0.996400	0.755219	0.996398	0.755219	0.996397	0.755220	0.996395	0.755220	0.996394	0.755221	0.996389	0.755222	0.996389	
1350063606.366884	1.000000	50.834763	37.551483	6.090561	0.776491	0.996341	0.776491	0.996340	0.776492	0.996339	0.776492	0.996338	0.776492	0.996338	0.776492	0.996337	0.776492	0.996335	0.776492	0.996332	1350063606.366927	0.999997	50.851903	37.646220	1.753729	0.754771	0.996199	0.754770	0.996196	0.754770	0.996192	0.754770	0.996190	0.754770	0.996188	0.754770	0.996186	0.754769	0.996183	0.754769	0.996183	
1350063607.366884	1.000000	50.836884	37.552094	6.090546	0.776390	0.996196	0.776390	0.996195	0.776390	0.996193	0.776390	0.996191	0.776390	0.996187	0.776390	0.996184	0.776390	0.996181	0.776390	0.996180	1350063607.366928	1.000001	50.845868	37.640833	1.672926	0.755330	0.996552	0.755330	0.996547	0.755330	0.996544	0.755331	0.996543	0.755330	0.996539	0.755330	0.996539	0.755330	0.996538	0.755330	0.996539	
1350063608.366884	1.000000	50.838104	37.550720	6.121399	0.776379	0.996135	0.776379	0.996132	0.776378	0.996128	0.776378	0.996126	0.776378	0.996126	0.776378	0.996124	0.776378	0.996122	0.776377	0.996119	1350063608.366928	1.000000	50.844711	37.637833	1.649139	0.755504	0.996530	0.755504	0.996527	0.755504	0.996523	0.755504	0.996522	0.755504	0.996522	0.755504	0.996521	0.755504	0.996519	0.755504	0.996517	
1350063609.366884	1.000000	50.837418	37.552139	6.078247	0.776281	0.996185	0.776281	0.996183	0.776281	0.996180	0.776281	0.996175	0.776281	0.996173	0.776281	0.996170	0.776281	0.996167	0.776281	0.996166	1350063609.366931	1.000003	50.847865	37.641348	1.647441	0.755938	0.996613	0.755938	0.996610	0.755938	0.996609	0.755938	0.996609	0.755938	0.996606	0.755938	0.996604	0.755938	0.996601	0.755938	0.996599	
1350063610.366884	1.000000	50.835861	37.549973	6.102905	0.776117	0.996270	0.776117	0.996269	0.776118	0.996265	0.776117	0.996263	0.776118	0.996261	0.776118	0.996259	0.776118	0.996257	0.776118	0.996255	1350063610.366927	0.999996	50.846871	37.641144	1.640067	0.755552	0.996413	0.755552	0.996410	0.755552	0.996409	0.755552	0.996405	0.755552	0.996404	0.755552	0.996402	0.755552	0.996402	0.755552	0.996399	
1350063611.366885	1.000001	50.840543	37.556590	6.102899	0.776252	0.996296	0.776252	0.996293	0.776252	0.996290	0.776251	0.996288	0.776251	0.996286	0.776251	0.996287	0.776251	0.996284	0.776251	0.996285	1350063611.366931	1.000004	50.847664	37.641327	1.634576	0.755865	0.996649	0.755865	0.996646	0.755865	0.996645	0.755865	0.996643	0.755865	0.996641	0.755865	0.996638	0.755865	0.996637	0.755865	0.996636	
1350063612.366884	0.999999	50.836947	37.550497	6.102911	0.775813	0.996264	0.775813	0.996261	0.775813	0.996259	0.775813	0.996255	0.775813	0.996254	0.775813	0.996251	0.775813	0.996250	0.775813	0.996249	1350063612.366929	0.999998	50.848776	37.642131	1.588397	0.756295	0.996683	0.756295	0.996680	0.756295	0.996679	0.756295	0.996678	0.756295	0.996677	0.756295	0.996673	0.756295	0.996671	0.756295	0.996670	
1350063613.366884	1.000000	50.833832	37.547256	6.115234	0.775600	0.996291	0.775600	0.996288	0.775600	0.996286	0.775600	0.996282	0.775600	0.996281	0.775599	0.996279	0.775599	0.996277	0.775599	0.996275	1350063613.366931	1.000002	50.846873	37.640721	1.653149	0.755841	0.996576	0.755842	0.996573	0.755842	0.996573	0.755842	0.996570	0.755842	0.996569	0.755841	0.996565	0.755842	0.996563	0.755833	0.996562	
1350063614.366884	1.000000	50.838654	37.551880	6.115234	0.775508	0.996321	0.775508	0.996319	0.775508	0.996315	0.775508	0.996312	0.775508	0.996310	0.775508	0.996310	0.775508	0.996308	0.775508	0.996306	1350063614.366926	0.999995	50.845118	37.638967	1.667016	0.755645	0.996557	0.755645	0.996554	0.755645	0.996552	0.755645	0.996552	0.755645	0.996548	0.755645	0.996547	0.755645	0.996544	0.755653	0.996542	
1350063615.366884	1.000000	50.836594	37.550079	6.090576	0.775494	0.996275	0.775494	0.996273	0.775494	0.996271	0.775493	0.996268	0.775493	0.996265	0.775493	0.996264	0.775493	0.996260	0.775493	0.996258	1350063615.366931	1.000005	50.848943	37.640818	1.678504	0.755235	0.996412	0.755232	0.996412	0.755234	0.996409	0.755234	0.996404	0.755233	0.996402	0.755233	0.996400	0.755233	0.996401	0.755233	0.996398	
1350063616.366884	1.000000	50.837082	37.550034	6.078247	0.775280	0.996219	0.775280	0.996215	0.775280	0.996211	0.775280	0.996209	0.775280	0.996206	0.775280	0.996206	0.775280	0.996203	0.775280	0.996202	1350063616.366929	0.999998	50.794790	37.600734	1.615192	0.754836	0.996343	0.754840	0.996341	0.754837	0.996338	0.754837	0.996335	0.754838	0.996334	0.754838	0.996332	0.754838	0.996331	0.754838	0.996329	
1350063617.366885	1.000001	50.788205	37.512278	6.101694	0.775593	0.996251	0.775593	0.996250	0.775593	0.996247	0.775593	0.996246	0.775593	0.996243	0.775593	0.996239	0.775593	0.996237	0.775593	0.996234	1350063617.366931	1.000002	50.848063	37.641896	1.700253	0.755181	0.996360	0.755181	0.996356	0.755180	0.996355	0.755180	0.996353	0.755180	0.996351	0.755179	0.996350	0.755179	0.996347	0.755179	0.996345	
1350063618.366884	0.999999	50.835513	37.548086	6.109076	0.775458	0.996292	0.775458	0.996289	0.775458	0.996286	0.775458	0.996285	0.775458	0.996282	0.775457	0.996279	0.775458	0.996277	0.775458	0.996275	1350063618.366929	0.999998	50.847357	37.641551	1.654559	0.755336	0.996456	0.755336	0.996454	0.755336	0.996453	0.755336	0.996450	0.755336	0.996448	0.755336	0.996446	0.755336	0.996445	0.755336	0.996444	
1350063619.366885	1.000001	50.840360	37.553294	6.090570	0.775383	0.996280	0.775383	0.996276	0.775383	0.996274	0.775383	0.996273	0.775383	0.996271	0.775383	0.996269	0.775383	0.996267	0.775383	0.996265	1350063619.366931	1.000002	50.846384	37.641988	1.649152	0.755215	0.996461	0.755215	0.996457	0.755216	0.996454	0.755216	0.996452	0.755216	0.996450	0.755216	0.996447	0.755217	0.996446	0.755217	0.996445	
1350063620.366884	0.999999	50.834170	37.547430	6.096747	0.775584	0.996305	0.775584	0.996302	0.775585	0.996299	0.775584	0.996296	0.775584	0.996294	0.775584	0.996291	0.775584	0.996290	0.775584	0.996288	1350063620.366930	0.999999	50.844989	37.638677	1.587343	0.754924	0.996413	0.754924	0.996410	0.754924	0.996407	0.754924	0.996405	0.754924	0.996404	0.754924	0.996399	0.754924	0.996398	0.754924	0.996396	
1350063621.366884	1.000000	50.837463	37.548996	6.090576	0.775442	0.996284	0.775442	0.996282	0.775442	0.996280	0.775442	0.996277	0.775442	0.996274	0.775441	0.996273	0.775441	0.996271	0.775441	0.996269	1350063621.366931	1.000001	50.849103	37.643916	1.632094	0.754849	0.996421	0.754849	0.996418	0.754849	0.996416	0.754849	0.996416	0.754848	0.996412	0.754848	0.996412	0.754848	0.996409	0.754848	0.996407	
1350063622.366884	1.000000	50.836426	37.549347	6.090576	0.775263	0.996095	0.775264	0.996093	0.775264	0.996091	0.775263	0.996088	0.775263	0.996087	0.775264	0.996083	0.775263	0.996081	0.775263	0.996078	1350063622.366929	0.999998	50.848028	37.643703	1.649509	0.754615	0.996348	0.754615	0.996345	0.754615	0.996342	0.754615	0.996341	0.754615	0.996340	0.754615	0.996337	0.754615	0.996337	0.754615	0.996333	
1350063623.366885	1.000001	50.825116	37.533473	6.127558	0.799128	0.997703	0.799128	0.997702	0.799128	0.997700	0.799128	0.997698	0.799128	0.997697	0.799128	0.997696	0.799129	0.997696	0.799129	0.997693	1350063623.366929	1.000000	50.841141	37.636627	1.687408	0.761903	0.996401	0.761903	0.996397	0.761903	0.996394	0.761903	0.996392	0.761904	0.996389	0.761904	0.996391	0.761904	0.996386	0.761904	0.996386	
1350063624.366886	1.000001	715773849.204200	715779300.867564	715794210.745801	0.999985	1.000186	0.999983	1.000190	0.999993	1.000187	0.999986	1.000187	0.999986	1.000190	0.999988	1.000185	0.999986	1.000191	0.999986	1.000188	1350063624.368402	1.001473	714763242.951459	714723279.127331	714715536.721632	0.999986	1.000187	0.999983	1.000190	3.893325	0.256896	0.999986	1.000188	0.999986	1.000190	0.999988	1.000186	0.999986	1.000190	0.999986	1.000189	
1350063625.366885	0.999999	0.000000	0.000000	0.000000	-nan	-nan	-nan	-nan	0.000000	inf	-nan	-nan	-nan	0.000000	-nan	-nan	-nan	-nan	-nan	-nan	1350063625.366964	0.998562	0.000000	0.000000	0.000000	-nan	-nan	-nan	-nan	0.000000	inf	-nan	-nan	-nan	-nan	-nan	-nan	-nan	-nan	-nan	-nan	
