ts_0	elapsed_0	pkg_0	pp0_0	dram_0	freq_ratio_0_0	c0_ratio_0_0	freq_ratio_0_1	c0_ratio_0_1	freq_ratio_0_2	c0_ratio_0_2	freq_ratio_0_3	c0_ratio_0_3	freq_ratio_0_4	c0_ratio_0_4	freq_ratio_0_5	c0_ratio_0_5	freq_ratio_0_6	c0_ratio_0_6	freq_ratio_0_7	c0_ratio_0_7	ts_1	elapsed_1	pkg_1	pp0_1	dram_1	freq_ratio_1_0	c0_ratio_1_0	freq_ratio_1_1	c0_ratio_1_1	freq_ratio_1_2	c0_ratio_1_2	freq_ratio_1_3	c0_ratio_1_3	freq_ratio_1_4	c0_ratio_1_4	freq_ratio_1_5	c0_ratio_1_5	freq_ratio_1_6	c0_ratio_1_6	freq_ratio_1_7	c0_ratio_1_7	
1350064433.205444	1.000294	53.443869	40.260793	6.113422	0.786872	0.997469	0.786872	0.997468	0.786871	0.997467	0.786871	0.997464	0.786870	0.997463	0.786869	0.997461	0.786869	0.997461	0.786868	0.997460	1350064433.205492	1.000293	35.265393	22.059668	1.697058	1.000000	1.000000	0.999841	0.000992	1.000000	1.000000	1.003891	0.000077	0.981954	0.000020	0.979697	0.000020	0.995530	0.000078	0.979249	0.000021	
1350064434.205434	0.999990	50.846365	37.679027	6.109131	0.761511	0.998024	0.761511	0.998022	0.761511	0.998021	0.761511	0.998020	0.761511	0.998019	0.761511	0.998017	0.761511	0.998016	0.761511	0.998017	1350064434.205479	0.999987	35.303258	22.090744	1.653876	1.000000	1.000000	1.000163	0.000635	1.000000	1.000000	1.003366	0.000070	1.002108	0.000072	1.003518	0.000072	1.001502	0.000084	1.001149	0.000064	
1350064435.205434	1.000000	50.844009	37.675888	6.127563	0.761769	0.998075	0.761769	0.998074	0.761769	0.998073	0.761769	0.998071	0.761769	0.998069	0.761769	0.998067	0.761769	0.998067	0.761769	0.998064	1350064435.205479	1.000000	35.321381	22.108810	1.611145	1.000000	0.999995	1.000046	0.000474	1.000000	1.000000	0.998635	0.000021	1.004322	0.000013	0.991450	0.000013	0.998598	0.000083	0.996131	0.000013	
1350064436.205433	0.999999	50.832537	37.661123	6.133673	0.773199	0.997746	0.773199	0.997745	0.773199	0.997744	0.773199	0.997742	0.761279	0.754678	0.773201	0.997740	0.773201	0.997737	0.773201	0.997737	1350064436.205508	1.000029	36.876979	23.663878	1.888983	1.000000	1.000005	1.000003	0.245555	1.000000	1.000000	0.999203	0.000417	1.000158	0.000242	1.000412	0.000382	1.005522	0.000083	1.003323	0.000054	
1350064437.205482	1.000049	50.804084	37.632963	6.114842	0.810974	0.694811	0.830397	0.997375	0.830397	0.997372	0.830397	0.997370	0.830310	0.002487	0.830400	0.997369	0.830401	0.997367	0.830401	0.997365	1350064437.205628	1.000120	43.468588	30.263018	2.064724	1.000001	1.000001	1.000001	1.000001	1.000001	1.000001	1.000007	0.306182	0.998885	0.000117	1.040111	0.000008	1.001014	0.000082	1.024086	0.000020	
1350064438.205434	0.999952	50.791451	37.623507	6.084703	0.876653	0.002570	0.875475	0.997826	0.875475	0.997824	0.875475	0.997822	0.875602	0.002128	0.875476	0.997822	0.875475	0.997821	0.875475	0.997819	1350064438.205557	0.999929	47.932406	34.705865	2.292582	1.000000	1.000000	1.000000	1.000000	1.000000	1.000000	1.000000	1.000000	0.999948	0.000534	1.002177	0.000065	1.001474	0.000095	1.001524	0.000064	
1350064439.205432	0.999998	50.766759	37.593913	6.126782	0.830656	0.004586	0.875239	0.345989	0.920909	0.997999	0.920910	0.997998	0.849366	0.005644	0.920913	0.997996	0.920913	0.997995	0.920914	0.997994	1350064439.205578	1.000021	50.329556	37.099289	2.136186	0.959535	0.999302	0.959534	0.999302	0.959534	0.999301	0.959534	0.999301	0.938476	0.657274	0.812324	0.003791	0.808686	0.004808	0.804375	0.003483	
1350064440.205433	1.000001	50.703916	37.548518	6.096735	0.959016	0.000156	0.953719	0.000072	0.951802	0.997779	0.951802	0.997777	0.948662	0.004479	0.951801	0.997776	0.951802	0.997775	0.951801	0.997773	1350064440.205582	1.000004	50.752800	37.521470	2.537038	0.949375	0.997279	0.949376	0.997276	0.949376	0.997274	0.949376	0.997272	0.949376	0.997269	0.948215	0.000594	0.942013	0.000093	0.964389	0.000068	
1350064441.205432	0.999999	50.759600	37.591787	6.121405	0.938066	0.000399	0.942735	0.000233	0.951743	0.997780	0.951743	0.997779	0.952627	0.005354	0.951744	0.997777	0.951743	0.997775	0.951744	0.997773	1350064441.205587	1.000005	50.758871	37.525691	2.318744	0.949044	0.997318	0.949044	0.997316	0.949044	0.997313	0.949044	0.997310	0.949044	0.997306	0.951345	0.000489	0.961574	0.000070	0.960404	0.000019	
1350064442.205433	1.000001	50.756665	37.589060	6.115229	0.940972	0.000417	0.968490	0.000119	0.949086	0.997425	0.949086	0.997423	0.947641	0.006678	0.949086	0.997421	0.949087	0.997419	0.949086	0.997416	1350064442.205584	0.999997	50.760137	37.522242	2.852304	0.948582	0.997131	0.948582	0.997127	0.948582	0.997123	0.948582	0.997121	0.948582	0.997117	0.952976	0.000514	0.933932	0.000103	0.951272	0.000078	
1350064443.205432	0.999999	50.760791	37.591589	6.115240	0.938393	0.000683	0.943447	0.000404	0.952068	0.997836	0.952068	0.997834	0.954265	0.003650	0.952068	0.997833	0.952068	0.997832	0.952068	0.997830	1350064443.205584	1.000000	50.758453	37.519012	2.223190	0.948414	0.997145	0.948414	0.997143	0.948414	0.997140	0.948415	0.997139	0.948415	0.997137	0.946282	0.000773	0.959834	0.000076	0.959257	0.000022	
1350064444.205433	1.000001	50.756330	37.586298	6.133661	0.946718	0.004033	0.942167	0.000667	0.949685	0.997315	0.949685	0.997312	0.947839	0.002913	0.949685	0.997310	0.949685	0.997307	0.949685	0.997306	1350064444.205578	0.999994	50.758985	37.512324	2.789537	0.947985	0.997067	0.947985	0.997064	0.947985	0.997062	0.947985	0.997059	0.947985	0.997056	0.947026	0.000655	0.961810	0.000094	0.942614	0.000099	
1350064445.205432	0.999999	50.760226	37.589498	6.102911	0.946043	0.004030	0.955845	0.000261	0.949208	0.997402	0.949208	0.997400	0.949803	0.003315	0.949208	0.997399	0.949208	0.997398	0.949208	0.997397	1350064445.205567	0.999989	50.758919	37.514831	3.011538	0.947882	0.996930	0.947882	0.996927	0.947882	0.996924	0.947882	0.996921	0.947882	0.996918	0.941370	0.000480	0.941313	0.000081	0.962866	0.000019	
1350064446.205433	1.000001	50.757886	37.588084	6.109064	0.958941	0.000085	0.958761	0.000070	0.952179	0.997910	0.952180	0.997908	0.951157	0.004487	0.952180	0.997907	0.952180	0.997906	0.952180	0.997904	1350064446.205581	1.000014	50.760806	37.520606	2.256758	0.947816	0.996974	0.947816	0.996972	0.947816	0.996969	0.947816	0.996966	0.947816	0.996966	0.939961	0.000567	0.961657	0.000103	0.961590	0.000094	
1350064447.205432	0.999999	50.755221	37.581319	6.109076	0.948132	0.002415	0.950687	0.000175	0.953101	0.998045	0.953101	0.998043	0.952215	0.002206	0.953101	0.998043	0.953101	0.998040	0.953101	0.998040	1350064447.205571	0.999990	50.757405	37.507013	2.101477	0.947359	0.996930	0.947359	0.996928	0.947359	0.996926	0.947359	0.996924	0.947359	0.996921	0.943875	0.000625	0.939916	0.000084	0.960086	0.000019	
1350064448.205433	1.000001	50.707212	37.543848	6.084284	0.947887	0.003475	0.926642	0.000408	0.950783	0.997563	0.950782	0.997560	0.949971	0.001980	0.950783	0.997558	0.950783	0.997556	0.950783	0.997555	1350064448.205585	1.000014	50.708118	37.472495	2.686699	0.947779	0.996960	0.947779	0.996956	0.947779	0.996954	0.947779	0.996951	0.947779	0.996949	0.938772	0.000604	0.942708	0.000115	0.960890	0.000062	
1350064449.205432	0.999999	50.761233	37.587743	6.096747	0.944539	0.000943	0.940384	0.000537	0.951283	0.997697	0.951283	0.997695	0.951638	0.003986	0.951281	0.997694	0.951282	0.997691	0.951281	0.997690	1350064449.205582	0.999997	50.758290	37.512247	2.358040	0.949573	0.997334	0.949573	0.997331	0.949573	0.997328	0.949573	0.997326	0.949573	0.997324	0.957530	0.000658	0.950043	0.000206	0.960649	0.000147	
1350064450.205433	1.000001	50.753293	37.581141	6.121393	0.951960	0.000159	0.952662	0.000072	0.951142	0.997658	0.951142	0.997656	0.951704	0.004546	0.951144	0.997655	0.951144	0.997652	0.951144	0.997651	1350064450.205572	0.999990	50.752049	37.500696	2.375527	0.960024	0.999597	0.960024	0.999597	0.960024	0.999596	0.960024	0.999596	0.960024	0.999596	0.959871	0.000825	0.956746	0.000424	0.960457	0.000393	
1350064451.205433	1.000000	50.749939	37.575104	6.102905	0.961318	0.002196	0.961916	0.002023	0.960066	0.998122	0.960067	0.998122	0.959271	0.005956	0.960066	0.998121	0.960066	0.998118	0.960066	0.998116	1350064451.205561	0.999989	50.753029	37.495925	2.368541	0.961680	0.999867	0.961679	0.999867	0.961679	0.999867	0.961679	0.999866	0.961680	0.999866	0.961550	0.002762	0.961578	0.002180	0.961586	0.002071	
1350064452.205433	1.000000	50.753357	37.573761	6.090576	0.961395	0.002477	0.961722	0.002171	0.960902	0.998340	0.960902	0.998338	0.960722	0.003858	0.960902	0.998338	0.960902	0.998337	0.960902	0.998336	1350064452.205594	1.000033	50.749200	37.489092	2.028208	0.959849	0.999683	0.959849	0.999682	0.959849	0.999682	0.959849	0.999683	0.959849	0.999682	0.961074	0.002705	0.961563	0.001969	0.961451	0.001919	
1350064453.205433	1.000000	50.753525	37.570084	6.115234	0.956928	0.002139	0.959415	0.001548	0.957960	0.998263	0.957960	0.998262	0.958485	0.003788	0.957958	0.998260	0.957958	0.998259	0.957958	0.998257	1350064453.205582	0.999988	50.756632	37.500127	1.965127	0.955292	0.998579	0.955292	0.998578	0.955292	0.998576	0.955292	0.998574	0.955292	0.998574	0.959214	0.001863	0.961485	0.001298	0.961721	0.001222	
1350064454.205433	1.000000	50.757874	37.576828	6.090576	0.949314	0.000377	0.955877	0.000465	0.950106	0.997468	0.950106	0.997465	0.951959	0.005025	0.950108	0.997464	0.950108	0.997462	0.950108	0.997460	1350064454.205583	1.000001	50.760450	37.508128	2.379972	0.946070	0.996823	0.946070	0.996819	0.946070	0.996816	0.946070	0.996812	0.946070	0.996809	0.950999	0.000556	0.945714	0.000105	0.949705	0.000083	
1350064455.205433	1.000000	50.760483	37.582001	6.109070	0.957876	0.000551	0.953141	0.000085	0.952101	0.997888	0.952101	0.997887	0.951746	0.003177	0.952101	0.997886	0.952101	0.997884	0.952101	0.997883	1350064455.205559	0.999976	50.761415	37.509082	2.027820	0.946085	0.996665	0.946085	0.996662	0.946085	0.996659	0.946085	0.996656	0.946085	0.996654	0.950919	0.000494	0.937969	0.000070	0.987264	0.000015	
1350064456.205435	1.000002	50.706309	37.542104	6.090565	0.955183	0.000345	0.959236	0.000077	0.950870	0.997694	0.950870	0.997691	0.949642	0.004208	0.950869	0.997690	0.950869	0.997688	0.950868	0.997687	1350064456.205571	1.000012	50.756963	37.502681	2.250385	0.946348	0.996861	0.946348	0.996858	0.946348	0.996855	0.946348	0.996852	0.946348	0.996850	0.943217	0.000595	0.960460	0.000108	0.959463	0.000059	
1350064457.205433	0.999998	50.758306	37.581111	6.096752	0.942860	0.002610	0.940208	0.000123	0.949637	0.997472	0.949638	0.997470	0.949831	0.005688	0.949639	0.997469	0.949639	0.997468	0.949639	0.997466	1350064457.205570	0.999999	50.758746	37.505041	2.278887	0.946083	0.996824	0.946083	0.996822	0.946083	0.996819	0.946083	0.996817	0.946083	0.996813	0.943346	0.000447	0.943361	0.000068	0.946797	0.000013	
1350064458.205433	1.000000	50.758026	37.579468	6.127533	0.951361	0.002870	0.935942	0.001540	0.949981	0.997460	0.949982	0.997456	0.949210	0.002780	0.949982	0.997453	0.949982	0.997451	0.949982	0.997449	1350064458.205577	1.000007	50.759003	37.503952	2.463453	0.946586	0.996889	0.946586	0.996888	0.946586	0.996879	0.946586	0.996881	0.946586	0.996880	0.941149	0.000516	0.942762	0.000074	0.961486	0.000061	
1350064459.205432	0.999999	50.756961	37.577276	6.102911	0.945018	0.001910	0.932671	0.000394	0.951511	0.997778	0.951511	0.997775	0.951872	0.001795	0.951511	0.997774	0.951511	0.997773	0.951511	0.997771	1350064459.205578	1.000001	50.711210	37.467845	2.175260	0.945788	0.996781	0.945788	0.996777	0.945788	0.996781	0.945788	0.996772	0.945788	0.996769	0.944736	0.000526	0.926665	0.000070	0.937781	0.000019	
1350064460.205433	1.000001	50.758344	37.576640	6.121393	0.954766	0.000435	0.961572	0.000082	0.951107	0.997712	0.951107	0.997710	0.952412	0.003918	0.951107	0.997710	0.951107	0.997708	0.951107	0.997706	1350064460.205578	1.000000	50.756653	37.498611	2.286743	0.945969	0.996761	0.945970	0.996758	0.945970	0.996754	0.945970	0.996750	0.945970	0.996747	0.945667	0.000542	0.945055	0.000072	0.928698	0.000053	
1350064461.205432	0.999999	50.757983	37.580465	6.109076	0.954447	0.001307	0.939234	0.000091	0.952181	0.997814	0.952181	0.997813	0.953195	0.001982	0.952180	0.997810	0.952180	0.997809	0.952179	0.997807	1350064461.205567	0.999989	50.760246	37.504257	2.003715	0.945749	0.996808	0.945749	0.996805	0.945749	0.996802	0.945749	0.996799	0.945749	0.996796	0.942369	0.000505	0.961629	0.000102	0.943211	0.000012	
1350064462.205440	1.000008	50.760987	37.582673	6.115185	0.949019	0.005407	0.956106	0.000087	0.948650	0.997242	0.948650	0.997240	0.952059	0.001590	0.948650	0.997238	0.948650	0.997236	0.948650	0.997233	1350064462.205592	1.000025	50.758693	37.504936	2.537702	0.945189	0.996666	0.945189	0.996662	0.945189	0.996658	0.945189	0.996655	0.945189	0.996652	0.940909	0.000480	0.944614	0.000077	0.928140	0.000054	
1350064463.205433	0.999993	50.757568	37.580887	6.102947	0.950539	0.003110	0.949397	0.001281	0.949946	0.997561	0.949946	0.997558	0.950647	0.001603	0.949946	0.997558	0.949946	0.997555	0.949946	0.997553	1350064463.205583	0.999991	50.760134	37.502278	2.222615	0.945334	0.996644	0.945334	0.996641	0.945334	0.996638	0.945334	0.996635	0.945335	0.996631	0.944350	0.000495	0.943985	0.000073	0.962000	0.000012	
1350064464.205433	1.000000	50.759888	37.580872	6.108032	0.830351	0.004501	0.876718	0.007754	0.943124	0.997422	0.943124	0.997420	0.845752	0.005041	0.943124	0.997419	0.943124	0.997417	0.943125	0.997416	1350064464.205585	1.000002	50.764399	37.513432	2.416392	0.942963	0.996737	0.942963	0.996728	0.942962	0.996725	0.942962	0.996723	0.942962	0.996719	0.831291	0.003826	0.822450	0.004404	0.814153	0.003355	
1350064465.205433	1.000000	50.757233	37.578949	6.115234	0.953974	0.000949	0.948583	0.000068	0.952067	0.997812	0.952068	0.997809	0.951284	0.002476	0.952069	0.997809	0.952070	0.997806	0.952070	0.997806	1350064465.205583	0.999998	50.759542	37.506373	2.150059	0.945418	0.996737	0.945418	0.996734	0.945418	0.996730	0.945418	0.996728	0.945418	0.996726	0.944287	0.000480	0.940995	0.000234	0.937141	0.000012	
1350064466.205433	1.000000	50.708755	37.542191	6.096741	0.953399	0.000787	0.967571	0.000078	0.952754	0.997928	0.952753	0.997926	0.954621	0.001397	0.952753	0.997924	0.952753	0.997923	0.952754	0.997921	1350064466.205584	1.000001	50.759351	37.503687	2.170225	0.945272	0.996730	0.945272	0.996728	0.945272	0.996726	0.945272	0.996723	0.945272	0.996719	0.943645	0.000649	0.937015	0.001297	0.937798	0.000099	
1350064467.205433	1.000000	50.755722	37.578842	6.090576	0.933617	0.002988	0.958108	0.000089	0.952691	0.997957	0.952691	0.997956	0.952742	0.001290	0.952691	0.997955	0.952691	0.997954	0.952691	0.997952	1350064467.205580	0.999996	50.761558	37.505950	2.253778	0.942001	0.996467	0.942001	0.996465	0.942001	0.996461	0.942001	0.996459	0.942001	0.996457	0.934598	0.000472	0.938514	0.004007	0.979868	0.000021	
1350064468.205433	1.000000	50.759506	37.581726	6.102905	0.956596	0.000798	0.958038	0.000046	0.953359	0.998098	0.953359	0.998096	0.951887	0.001333	0.953358	0.998094	0.953358	0.998093	0.953357	0.998090	1350064468.205591	1.000011	50.760872	37.504029	2.167838	0.942680	0.996564	0.942680	0.996560	0.942680	0.996558	0.942680	0.996555	0.942680	0.996551	0.938724	0.000549	0.937127	0.002657	0.956529	0.000062	
1350064469.205433	1.000000	50.755951	37.576202	6.121399	0.952313	0.001011	0.958301	0.000479	0.952701	0.997980	0.952701	0.997979	0.952972	0.001398	0.952702	0.997979	0.952702	0.997977	0.952703	0.997975	1350064469.205585	0.999994	50.711514	37.468165	2.240019	0.940535	0.996516	0.940535	0.996512	0.940535	0.996510	0.940535	0.996506	0.940535	0.996503	0.933009	0.000524	0.936912	0.003977	0.923547	0.000018	
1350064470.205433	1.000000	50.754532	37.571045	6.096741	0.954175	0.001123	0.961447	0.000340	0.953326	0.997886	0.953326	0.997884	0.955309	0.002720	0.953326	0.997884	0.953326	0.997882	0.953326	0.997881	1350064470.205561	0.999976	50.757768	37.504092	2.369060	0.944182	0.996998	0.944182	0.996995	0.944182	0.996993	0.944182	0.996990	0.944182	0.996987	0.948568	0.000849	0.939083	0.003362	0.955500	0.000350	
1350064471.205433	1.000000	50.757233	37.571747	6.115234	0.961268	0.002951	0.960988	0.001991	0.960891	0.998493	0.960890	0.998491	0.958346	0.004523	0.960889	0.998491	0.960889	0.998490	0.960889	0.998489	1350064471.205560	0.999999	50.748584	37.500387	2.055147	0.961586	0.999955	0.961586	0.999955	0.961586	0.999955	0.961586	0.999955	0.961586	0.999955	0.961508	0.002740	0.961557	0.002122	0.961573	0.002023	
1350064472.205435	1.000002	715799333.056585	715788253.785389	715814598.274036	0.999989	1.000210	0.999987	1.000216	0.999997	1.000212	0.999989	1.000211	0.999990	1.000215	0.999992	1.000209	0.999989	1.000214	0.999989	1.000211	1350064472.205534	0.999974	715794691.004213	715797529.976993	715810600.316645	0.999989	1.000209	0.999987	1.000213	3.893078	0.256919	0.999990	1.000212	0.999989	1.000214	0.999992	1.000210	0.999989	1.000213	0.999990	1.000213	
1350064473.205433	0.999998	0.000000	0.000000	0.000000	-nan	-nan	-nan	-nan	721330181250.048950	inf	-nan	-nan	-nan	0.000000	0.000000	inf	-nan	-nan	-nan	-nan	1350064473.205504	0.999970	0.000000	0.000000	0.000000	-nan	-nan	-nan	-nan	1.345745	inf	-nan	-nan	-nan	-nan	-nan	-nan	-nan	-nan	-nan	-nan	
