ts_0	elapsed_0	pkg_0	pp0_0	dram_0	freq_ratio_0_0	c0_ratio_0_0	freq_ratio_0_1	c0_ratio_0_1	freq_ratio_0_2	c0_ratio_0_2	freq_ratio_0_3	c0_ratio_0_3	freq_ratio_0_4	c0_ratio_0_4	freq_ratio_0_5	c0_ratio_0_5	freq_ratio_0_6	c0_ratio_0_6	freq_ratio_0_7	c0_ratio_0_7	ts_1	elapsed_1	pkg_1	pp0_1	dram_1	freq_ratio_1_0	c0_ratio_1_0	freq_ratio_1_1	c0_ratio_1_1	freq_ratio_1_2	c0_ratio_1_2	freq_ratio_1_3	c0_ratio_1_3	freq_ratio_1_4	c0_ratio_1_4	freq_ratio_1_5	c0_ratio_1_5	freq_ratio_1_6	c0_ratio_1_6	freq_ratio_1_7	c0_ratio_1_7	
1350064433.205474	1.000269	53.480948	40.194543	3.777320	0.851565	0.003897	0.850989	0.996575	0.850989	0.996572	0.850988	0.996569	0.850988	0.996568	0.850987	0.996564	0.850986	0.996562	0.850986	0.996561	1350064433.205561	1.000294	41.312715	28.066914	2.729575	1.000000	1.000000	1.000000	1.000000	1.000000	1.000000	1.010729	0.000044	1.007671	0.000021	0.995567	0.000085	0.992124	0.000044	0.981690	0.000021	
1350064434.205469	0.999995	50.815974	37.521581	3.801273	0.819907	0.002483	0.818329	0.995949	0.818329	0.995945	0.818329	0.995942	0.818329	0.995939	0.818329	0.995936	0.818330	0.995935	0.818329	0.995931	1350064434.205546	0.999985	41.381023	28.121852	2.701029	1.000000	1.000000	1.000000	1.000000	1.000000	1.000000	1.003437	0.000067	1.003874	0.000073	1.002286	0.000122	1.002079	0.000089	1.000806	0.000066	
1350064435.205463	0.999994	50.817823	37.519068	3.793983	0.821057	0.003109	0.817400	0.996124	0.817400	0.996120	0.817400	0.996115	0.817400	0.996113	0.817400	0.996112	0.817400	0.996108	0.817400	0.996106	1350064435.205540	0.999994	41.397036	28.133987	2.714311	1.000000	1.000000	1.000000	1.000000	1.000000	1.000000	0.999845	0.000030	0.996196	0.000020	0.999438	0.000108	1.000689	0.000114	1.009734	0.000020	
1350064436.205463	1.000000	50.821259	37.518066	3.801193	0.815720	0.002799	0.816927	0.996274	0.816927	0.996271	0.816926	0.996270	0.816926	0.996267	0.816926	0.996263	0.816926	0.996260	0.816926	0.996258	1350064436.205551	1.000011	41.424808	28.160595	2.699525	1.000000	1.000000	1.000001	1.000000	0.999999	1.000000	0.999382	0.000225	0.999050	0.000210	0.998132	0.000115	0.998419	0.000071	0.998639	0.000179	
1350064437.205463	1.000000	50.816849	37.511307	3.782639	0.815059	0.002741	0.816435	0.996052	0.816435	0.996050	0.816435	0.996048	0.816435	0.996044	0.816435	0.996041	0.816435	0.996038	0.816435	0.996036	1350064437.205541	0.999990	41.419101	28.153556	2.712719	1.000000	1.000000	1.000000	1.000000	1.000000	1.000000	1.017473	0.000018	1.040576	0.000009	1.003058	0.000076	1.002804	0.000037	1.017422	0.000014	
1350064438.205463	1.000000	50.817764	37.506180	3.786179	0.815714	0.002374	0.816580	0.996191	0.816580	0.996187	0.816580	0.996183	0.816580	0.996181	0.816580	0.996179	0.816580	0.996176	0.816580	0.996174	1350064438.205550	1.000009	41.441626	28.173512	2.709585	1.000000	1.000000	1.000000	1.000000	1.000001	1.000000	0.994529	0.000062	0.994190	0.000062	0.998250	0.000120	0.996968	0.000083	0.995847	0.000057	
1350064439.205463	1.000000	50.822205	37.508240	3.797836	0.805131	0.005276	0.816345	0.996227	0.816345	0.996225	0.816345	0.996223	0.816345	0.996220	0.816345	0.996218	0.816345	0.996216	0.816345	0.996213	1350064439.205542	0.999992	41.424759	28.157195	2.708884	1.000000	1.000000	1.000000	1.000000	1.000000	1.000000	1.005889	0.000022	1.017291	0.000014	1.002360	0.000079	1.009464	0.000037	1.011480	0.000014	
1350064440.205463	1.000000	50.742477	37.441284	3.781509	0.835862	0.005877	0.816198	0.428720	0.852752	0.997472	0.852752	0.997471	0.852752	0.997468	0.852753	0.997466	0.852753	0.997464	0.852753	0.997465	1350064440.205565	1.000023	45.396101	32.137936	2.700271	1.000000	1.000000	1.000000	1.000000	1.000000	1.000000	1.000000	0.573189	0.999960	0.003935	0.999966	0.003313	0.999918	0.003153	0.999766	0.002979	
1350064441.205463	1.000000	50.791077	37.484207	3.786072	0.881085	0.002447	0.884786	0.000092	0.880978	0.998735	0.880978	0.998734	0.880978	0.998733	0.880978	0.998732	0.880978	0.998731	0.880978	0.998730	1350064441.205571	1.000006	47.643805	34.369958	2.701919	1.000000	1.000000	1.000000	1.000000	1.000000	1.000000	1.000000	1.000000	1.003275	0.000070	1.004109	0.000046	1.007737	0.000035	1.052966	0.000016	
1350064442.205463	1.000000	50.794113	37.488007	3.797653	0.880964	0.002527	0.882455	0.000316	0.880856	0.998734	0.880856	0.998733	0.880856	0.998732	0.880856	0.998731	0.880857	0.998731	0.880856	0.998730	1350064442.205572	1.000001	47.663254	34.384718	2.709028	1.000000	1.000000	1.000000	1.000000	1.000000	1.000000	1.000000	1.000000	0.999727	0.000095	0.998655	0.000095	0.997200	0.000106	0.997161	0.000067	
1350064443.205469	1.000006	50.787234	37.472128	3.790032	0.877024	0.002758	0.885418	0.000339	0.880417	0.998762	0.880417	0.998762	0.880417	0.998760	0.880417	0.998759	0.880417	0.998758	0.880417	0.998758	1350064443.205570	0.999998	47.667678	34.388402	2.706380	1.000000	1.000000	1.000000	1.000000	1.000000	1.000000	1.000000	1.000000	1.000578	0.000041	1.003330	0.000047	1.010210	0.000044	1.001655	0.000115	
1350064444.205463	0.999994	50.794401	37.484202	3.801750	0.879723	0.002236	0.850582	0.000067	0.880143	0.998773	0.880143	0.998773	0.880143	0.998772	0.880143	0.998771	0.880143	0.998769	0.880143	0.998768	1350064444.205565	0.999995	47.694621	34.415318	2.683012	1.000000	1.000000	1.000000	1.000000	1.000000	1.000000	1.000000	1.000000	1.000086	0.000081	0.999710	0.000085	0.997592	0.000091	0.999912	0.000132	
1350064445.205463	1.000000	50.792664	37.478577	3.801682	0.878501	0.002749	0.878355	0.000088	0.880522	0.998749	0.880522	0.998749	0.880522	0.998748	0.880521	0.998746	0.880521	0.998745	0.880521	0.998745	1350064445.205569	1.000004	47.718755	34.436689	2.710316	0.999999	1.000000	1.000000	1.000000	1.000000	1.000000	1.000000	1.000000	0.999283	0.000084	0.999812	0.000102	1.000440	0.000086	0.999467	0.000020	
1350064446.205463	1.000000	50.787369	37.476624	3.790207	0.879886	0.002291	0.862264	0.000107	0.880324	0.998793	0.880324	0.998792	0.880324	0.998791	0.880324	0.998790	0.880325	0.998789	0.880325	0.998788	1350064446.205565	0.999996	47.735225	34.448168	2.715480	1.000000	1.000000	1.000000	1.000000	1.000000	1.000000	1.000001	1.000000	0.998534	0.000113	0.998311	0.000108	0.997645	0.000094	1.000275	0.000083	
1350064447.205463	1.000000	50.794022	37.479218	3.786240	0.878393	0.002559	0.881827	0.000145	0.880021	0.998642	0.880021	0.998641	0.880021	0.998640	0.880021	0.998639	0.880021	0.998637	0.880021	0.998637	1350064447.205564	0.999999	47.726669	34.442080	2.699679	1.000000	1.000000	1.000000	1.000000	1.000000	1.000000	0.999999	1.000000	1.003053	0.000069	1.004260	0.000047	1.004850	0.000044	0.998902	0.000013	
1350064448.205463	1.000000	50.788803	37.474930	3.793640	0.878935	0.002186	0.884582	0.000095	0.879400	0.998542	0.879401	0.998541	0.879401	0.998540	0.879401	0.998539	0.879401	0.998538	0.879401	0.998537	1350064448.205570	1.000006	47.751791	34.469384	2.712997	1.000000	1.000000	1.000000	1.000000	1.000000	1.000000	1.000000	1.000000	0.999962	0.000091	1.000202	0.000096	0.999968	0.000083	0.999988	0.000131	
1350064449.205463	1.000000	50.792221	37.480408	3.801392	0.868328	0.004643	0.884716	0.000162	0.879267	0.998484	0.879266	0.998483	0.879266	0.998482	0.879266	0.998481	0.879266	0.998480	0.879266	0.998479	1350064449.205568	0.999998	46.842588	33.555713	2.707387	1.000000	1.000000	1.000000	1.000000	1.000000	1.000000	1.000000	1.000000	1.000176	0.000055	1.002238	0.000053	1.002216	0.000045	1.000549	0.000013	
1350064450.205463	1.000000	50.740784	37.435226	3.770920	0.878386	0.002396	0.872599	0.000098	0.879726	0.998619	0.879726	0.998619	0.879726	0.998618	0.879726	0.998617	0.879726	0.998615	0.879726	0.998614	1350064450.205565	0.999997	46.512489	33.220898	2.704034	1.000000	1.000000	1.000000	1.000000	1.000000	1.000000	1.000000	1.000000	0.999319	0.000122	0.998943	0.000131	0.998464	0.000134	0.996089	0.000058	
1350064451.205463	1.000000	50.792664	37.473389	3.797394	0.879046	0.002307	0.877013	0.000140	0.880092	0.998724	0.880092	0.998724	0.880092	0.998723	0.880093	0.998721	0.880092	0.998720	0.880092	0.998719	1350064451.205565	1.000000	46.224564	32.942932	2.677200	1.000000	1.000000	1.000000	1.000000	1.000000	1.000000	1.000000	1.000000	1.001212	0.000059	1.000339	0.000053	0.947106	0.000044	1.014242	0.000013	
1350064452.205463	1.000000	50.774750	37.457748	3.797684	0.897494	0.001887	0.903246	0.000115	0.902698	0.996906	0.902698	0.996904	0.902699	0.996901	0.902699	0.996900	0.902699	0.996897	0.902699	0.996895	1350064452.205579	1.000014	46.312444	33.010980	2.703148	1.000000	1.000000	1.000000	1.000000	1.000000	1.000000	1.000000	1.000000	1.000280	0.000155	1.000178	0.000117	1.019341	0.000128	0.996513	0.000105	
1350064453.205463	1.000000	50.787674	37.466507	3.789902	0.899051	0.002162	0.902951	0.000126	0.895196	0.997318	0.895195	0.997316	0.895195	0.997314	0.895195	0.997312	0.895195	0.997310	0.895195	0.997309	1350064453.205567	0.999988	46.929911	33.627171	2.687044	1.000000	1.000000	1.000000	1.000000	1.000000	1.000000	1.000000	1.000000	0.999779	0.000058	0.999631	0.000055	0.999471	0.000059	1.011755	0.000033	
1350064454.205463	1.000000	50.788513	37.470856	3.782349	0.879576	0.002265	0.873858	0.000097	0.879101	0.998604	0.879101	0.998602	0.879101	0.998601	0.879101	0.998599	0.879101	0.998599	0.879101	0.998598	1350064454.205563	0.999996	47.807994	34.511843	2.712444	1.000000	0.999999	0.999999	1.000000	1.000000	1.000000	1.000000	1.000000	0.999900	0.000081	0.999141	0.000072	0.999894	0.000084	0.999970	0.000064	
1350064455.205463	1.000000	50.791824	37.470917	3.805084	0.878155	0.002839	0.884597	0.000143	0.878859	0.998472	0.878859	0.998471	0.878859	0.998470	0.878859	0.998469	0.878859	0.998467	0.878859	0.998466	1350064455.205567	1.000004	47.808171	34.513425	2.699360	1.000000	1.000001	1.000000	1.000000	1.000000	1.000000	1.000000	1.000000	0.999745	0.000079	1.000458	0.000088	1.000091	0.000081	0.999189	0.000020	
1350064456.205463	1.000000	50.792343	37.473267	3.794037	0.877735	0.002206	0.884582	0.000098	0.878942	0.998506	0.878942	0.998505	0.878942	0.998504	0.878942	0.998503	0.878942	0.998502	0.878942	0.998501	1350064456.205569	1.000002	47.799652	34.507518	2.715602	1.000000	1.000000	1.000000	1.000000	1.000000	1.000000	1.000000	1.000000	1.000070	0.000099	0.999959	0.000094	1.000000	0.000076	1.000241	0.000080	
1350064457.205463	1.000000	50.793030	37.472260	3.805511	0.874959	0.002401	0.881046	0.000116	0.878873	0.998517	0.878873	0.998517	0.878873	0.998515	0.878873	0.998514	0.878873	0.998514	0.878873	0.998513	1350064457.205560	0.999991	47.810065	34.520637	2.689798	1.000000	1.000000	1.000000	1.000000	1.000000	1.000000	1.000000	1.000000	0.999739	0.000061	1.000525	0.000046	0.999750	0.000051	0.994575	0.000013	
1350064458.205470	1.000007	50.790237	37.469452	3.785954	0.875935	0.002235	0.884647	0.000096	0.878647	0.998479	0.878647	0.998478	0.878647	0.998477	0.878647	0.998476	0.878647	0.998474	0.878647	0.998473	1350064458.205571	1.000011	47.810328	34.521716	2.717759	1.000000	1.000000	1.000000	1.000000	1.000000	1.000000	1.000000	1.000000	0.999997	0.001137	0.999890	0.000091	1.000078	0.000089	1.001269	0.000063	
1350064459.205463	0.999993	50.790955	37.468155	3.790035	0.866572	0.004684	0.869231	0.000164	0.878715	0.998553	0.878715	0.998552	0.878715	0.998551	0.878715	0.998549	0.878715	0.998547	0.878715	0.998547	1350064459.205562	0.999991	47.779791	34.487983	2.675226	1.000000	1.000000	1.000000	1.000000	1.000000	1.000000	1.000000	1.000000	0.999791	0.000078	0.999907	0.000054	1.000149	0.000044	0.998444	0.000013	
1350064460.205463	1.000000	50.741165	37.432068	3.789825	0.878417	0.002382	0.887030	0.000282	0.878468	0.998411	0.878468	0.998410	0.878468	0.998408	0.878468	0.998407	0.878468	0.998407	0.878468	0.998406	1350064460.205566	1.000004	47.797688	34.505979	2.707753	1.000000	1.000000	1.000000	1.000000	0.999999	1.000000	1.000000	1.000000	0.999740	0.000135	0.999961	0.000128	0.999660	0.000123	0.999929	0.000076	
1350064461.205463	1.000000	50.790878	37.470078	3.793716	0.876198	0.002444	0.871613	0.000291	0.878393	0.998325	0.878393	0.998324	0.878393	0.998322	0.878393	0.998321	0.878393	0.998320	0.878393	0.998319	1350064461.205563	0.999997	47.756786	34.478348	2.696267	1.000000	1.000000	1.000000	1.000000	1.000000	1.000000	1.000000	1.000000	1.004656	0.000053	1.004230	0.000053	1.000835	0.000042	1.002097	0.000013	
1350064462.205463	1.000000	50.790848	37.472092	3.786346	0.877784	0.001992	0.877729	0.000322	0.878599	0.998468	0.878599	0.998467	0.878599	0.998466	0.878599	0.998464	0.878599	0.998464	0.878599	0.998462	1350064462.205567	1.000004	47.781529	34.490354	2.704640	1.000000	1.000000	1.000000	1.000000	1.000000	1.000000	1.000000	1.000000	0.997754	0.000087	0.997142	0.000078	0.999951	0.000095	0.999636	0.000057	
1350064463.205463	1.000000	50.793106	37.471039	3.786057	0.877784	0.002274	0.874217	0.000305	0.878607	0.998423	0.878607	0.998422	0.878607	0.998420	0.878607	0.998419	0.878607	0.998419	0.878607	0.998417	1350064463.205561	0.999994	47.778651	34.486732	2.699433	1.000000	1.000000	1.000000	0.999999	1.000000	1.000000	0.999999	1.000000	1.000143	0.000059	1.000416	0.000046	1.000190	0.000045	1.000087	0.000013	
1350064464.205463	1.000000	50.793640	37.471710	3.797729	0.880816	0.002098	0.874683	0.000317	0.878895	0.998415	0.878895	0.998414	0.878896	0.998413	0.878896	0.998411	0.878896	0.998410	0.878895	0.998409	1350064464.205569	1.000008	47.810297	34.522074	2.682458	1.000000	1.000000	1.000000	1.000000	1.000000	1.000000	1.000000	1.000000	1.000133	0.000130	0.998929	0.000120	0.997842	0.000104	0.991797	0.000102	
1350064465.205463	1.000000	50.791229	37.467529	3.804733	0.838641	0.005804	0.813504	0.003692	0.876861	0.998326	0.876861	0.998324	0.876861	0.998322	0.876860	0.998321	0.876860	0.998321	0.876860	0.998320	1350064465.205555	0.999986	48.326150	35.038136	2.703056	1.000000	1.000000	1.000000	1.000000	1.000000	1.000000	1.000000	1.000000	0.999991	0.003685	1.000042	0.003128	1.000069	0.003000	1.000283	0.002921	
1350064466.205463	1.000000	50.790436	37.467194	3.805496	0.879351	0.001998	0.877536	0.000294	0.879097	0.998481	0.879097	0.998480	0.879097	0.998479	0.879097	0.998477	0.879097	0.998476	0.879097	0.998476	1350064466.205567	1.000012	47.795420	34.508912	2.691603	1.000000	1.000000	1.000000	1.000000	1.000000	1.000000	1.000000	1.000000	1.000165	0.000096	0.999698	0.000093	1.000108	0.000079	0.999877	0.000057	
1350064467.205463	1.000000	50.791534	37.468872	3.789856	0.878852	0.002188	0.884629	0.000311	0.878404	0.998389	0.878404	0.998388	0.878405	0.998388	0.878405	0.998386	0.878405	0.998386	0.878404	0.998385	1350064467.205561	0.999994	47.795710	34.508812	2.708039	1.000000	1.000000	1.000000	1.000000	1.000000	1.000000	1.000000	1.000000	0.999492	0.000055	1.000666	0.000046	0.999842	0.000044	1.001274	0.000013	
1350064468.205463	1.000000	50.791122	37.471527	3.767029	0.878120	0.002053	0.872690	0.000298	0.878431	0.998428	0.878431	0.998427	0.878431	0.998425	0.878431	0.998423	0.878431	0.998422	0.878431	0.998421	1350064468.205564	1.000003	47.802907	34.512573	2.702918	1.000000	1.000000	1.000000	1.000000	1.000000	1.000000	1.000000	1.000000	1.000167	0.000099	0.999677	0.000097	0.999753	0.000098	0.998317	0.000070	
1350064469.205463	1.000000	50.741959	37.432007	3.786087	0.868621	0.004449	0.878816	0.000324	0.878283	0.998356	0.878283	0.998355	0.878283	0.998353	0.878283	0.998352	0.878283	0.998351	0.878283	0.998351	1350064469.205561	0.999997	47.538783	34.250594	2.705270	1.000000	1.000000	1.000000	1.000000	1.000000	1.000000	1.000000	1.000000	0.999310	0.000063	1.000306	0.000053	0.999473	0.000051	1.004500	0.000014	
1350064470.205463	1.000000	50.789459	37.466080	3.793701	0.879521	0.002205	0.878864	0.000288	0.878462	0.998357	0.878462	0.998356	0.878462	0.998355	0.878462	0.998354	0.878462	0.998353	0.878462	0.998351	1350064470.205568	1.000007	46.310318	33.015549	2.699597	1.000000	1.000000	1.000000	1.000000	1.000000	1.000000	1.000000	1.000000	1.000391	0.000134	0.999873	0.000122	1.000388	0.000126	1.000503	0.000064	
1350064471.205462	0.999999	50.792056	37.465063	3.786304	0.880367	0.002093	0.881625	0.000277	0.878917	0.998521	0.878917	0.998519	0.878917	0.998518	0.878917	0.998517	0.878917	0.998517	0.878917	0.998515	1350064471.205561	0.999993	46.354523	33.056701	2.683750	1.000001	1.000000	1.000000	1.000000	1.000000	1.000000	1.000000	1.000000	0.999602	0.000053	1.000286	0.000053	0.999682	0.000041	1.001215	0.000013	
1350064472.205479	1.000017	715807714.741599	715808456.252958	715754316.607346	0.999984	1.000176	0.999981	1.000179	0.999992	1.000179	0.999982	1.000170	0.999984	1.000178	0.999986	1.000174	0.999984	1.000181	0.999983	1.000175	1350064472.205591	1.000030	715785537.554122	715782072.031688	715766927.440164	0.999983	1.000175	0.999981	1.000179	3.893426	0.256887	0.999983	1.000175	0.999984	1.000180	0.999986	1.000173	0.999983	1.000177	0.999984	1.000180	
1350064473.205463	0.999984	0.000000	0.000000	0.000000	-nan	-nan	-nan	-nan	0.000000	inf	-nan	-nan	-nan	0.000000	0.000000	inf	-nan	-nan	-nan	-nan	1350064473.205540	0.999949	0.000000	0.000000	0.000000	-nan	-nan	-nan	-nan	0.000000	inf	-nan	-nan	-nan	-nan	-nan	-nan	-nan	-nan	-nan	-nan	
