ts_0	elapsed_0	pkg_0	pp0_0	dram_0	freq_ratio_0_0	c0_ratio_0_0	freq_ratio_0_1	c0_ratio_0_1	freq_ratio_0_2	c0_ratio_0_2	freq_ratio_0_3	c0_ratio_0_3	freq_ratio_0_4	c0_ratio_0_4	freq_ratio_0_5	c0_ratio_0_5	freq_ratio_0_6	c0_ratio_0_6	freq_ratio_0_7	c0_ratio_0_7	ts_1	elapsed_1	pkg_1	pp0_1	dram_1	freq_ratio_1_0	c0_ratio_1_0	freq_ratio_1_1	c0_ratio_1_1	freq_ratio_1_2	c0_ratio_1_2	freq_ratio_1_3	c0_ratio_1_3	freq_ratio_1_4	c0_ratio_1_4	freq_ratio_1_5	c0_ratio_1_5	freq_ratio_1_6	c0_ratio_1_6	freq_ratio_1_7	c0_ratio_1_7	
1349476103.527483	1.000454	53.928553	40.033447	5.972249	0.999790	0.952297	0.999666	0.942576	0.999770	0.946309	0.999615	0.011897	0.999927	0.934576	0.986584	0.000270	0.999959	0.938378	0.999960	0.938390	1349476103.527623	1.000386	67.088941	53.206330	7.028781	0.999956	0.946743	0.999938	0.946611	1.000001	0.946105	0.999981	0.946039	1.000001	0.945590	1.000001	0.945643	1.000001	0.945589	0.999801	0.992057	
1349476104.527482	0.999999	57.042718	42.899409	6.780005	0.999929	0.991656	0.999936	0.991642	0.999938	0.991638	1.000069	0.004336	0.999955	0.991608	0.999333	0.000360	0.999964	0.991591	0.999965	0.991590	1349476104.527622	0.999999	70.616629	56.389290	8.440407	1.000000	0.991738	1.000000	0.991723	1.000000	0.991646	1.000000	0.991721	1.000000	0.991568	1.000000	0.991566	1.000000	0.991564	1.000000	1.000000	
1349476105.527486	1.000004	59.711733	45.163696	7.672317	0.999965	0.999241	0.999979	0.999210	0.999980	0.999210	0.999933	0.004845	0.999981	0.999112	0.999842	0.000080	0.999990	0.999136	0.999990	0.999192	1349476105.527631	1.000009	73.703022	58.983688	9.791614	1.000000	0.999234	1.000000	0.999261	1.000000	0.999215	1.000000	0.999259	1.000000	0.999163	1.000000	0.999120	1.000000	0.999119	1.000000	1.000000	
1349476106.527483	0.999997	59.890811	45.342319	7.687448	1.000001	1.000000	1.000000	1.000000	1.000000	1.000000	1.000019	0.001096	1.000000	1.000000	0.999985	0.005108	1.000000	1.000000	1.000000	1.000000	1349476106.527626	0.999995	73.856388	59.130469	9.776965	1.000000	1.000000	1.000000	1.000000	1.000000	1.000000	1.000000	1.000000	1.000000	0.999991	1.000000	0.999991	1.000000	0.999998	1.000000	1.000000	
1349476107.527483	1.000000	59.899292	45.359711	7.708389	1.000000	0.999947	1.000001	0.999912	1.000000	0.999998	0.999503	0.000961	1.000000	0.999862	0.999984	0.004873	1.000000	0.999796	1.000000	0.999784	1349476107.527626	1.000000	73.963303	59.227585	9.746964	1.000000	0.999974	1.000000	0.999924	1.000000	0.999836	1.000000	0.999922	1.000000	0.999814	1.000000	0.999793	1.000000	0.999822	1.000000	1.000000	
1349476108.527489	1.000006	60.116570	45.601443	7.691635	1.000000	1.000001	1.000000	0.999999	1.000000	1.000000	1.000035	0.008865	1.000000	0.999859	1.000247	0.000056	1.000000	1.000000	1.000000	1.000000	1349476108.527630	1.000004	74.031576	59.290852	9.787131	1.000000	0.999951	1.000000	1.000000	1.000000	1.000000	1.000000	1.000000	1.000000	1.000000	1.000000	1.000000	1.000000	1.000000	1.000000	1.000000	
1349476109.527479	0.999990	715790594.571269	715818348.956352	715809305.696821	0.999996	1.000170	0.999993	1.000172	0.999996	1.000177	0.999996	1.000169	0.999996	1.000172	0.999999	1.000167	0.999996	1.000172	0.999996	1.000169	1349476109.528099	1.000469	715461010.950540	715464270.581464	715447754.474992	0.999996	1.000169	0.999993	1.000172	3.892613	0.256941	0.999996	1.000169	0.999996	1.000172	0.999999	1.000167	0.999996	1.000172	0.999996	1.000169	
1349476110.527532	1.000053	0.000000	0.000000	0.000000	-nan	-nan	-nan	-nan	1.000008	inf	-nan	-nan	-nan	0.000000	-nan	-nan	-nan	-nan	-nan	-nan	1349476110.527615	0.999516	0.000000	0.000000	0.000000	-nan	-nan	-nan	-nan	1.345745	inf	-nan	-nan	-nan	-nan	-nan	-nan	-nan	-nan	-nan	-nan	
1349476111.527540	1.000008	0.000000	0.000000	0.000000	-nan	-nan	-nan	-nan	0.000000	inf	-nan	-nan	-nan	0.000000	-nan	-nan	-nan	-nan	-nan	-nan	1349476111.527622	1.000007	0.000000	0.000000	0.000000	-nan	-nan	-nan	-nan	-nan	-nan	-nan	-nan	-nan	-nan	-nan	-nan	-nan	-nan	-nan	-nan	
