ts_0	elapsed_0	pkg_0	pp0_0	dram_0	freq_ratio_0_0	c0_ratio_0_0	freq_ratio_0_1	c0_ratio_0_1	freq_ratio_0_2	c0_ratio_0_2	freq_ratio_0_3	c0_ratio_0_3	freq_ratio_0_4	c0_ratio_0_4	freq_ratio_0_5	c0_ratio_0_5	freq_ratio_0_6	c0_ratio_0_6	freq_ratio_0_7	c0_ratio_0_7	ts_1	elapsed_1	pkg_1	pp0_1	dram_1	freq_ratio_1_0	c0_ratio_1_0	freq_ratio_1_1	c0_ratio_1_1	freq_ratio_1_2	c0_ratio_1_2	freq_ratio_1_3	c0_ratio_1_3	freq_ratio_1_4	c0_ratio_1_4	freq_ratio_1_5	c0_ratio_1_5	freq_ratio_1_6	c0_ratio_1_6	freq_ratio_1_7	c0_ratio_1_7	
1349476677.794283	1.000469	66.853276	52.614608	6.842875	0.973591	0.997165	0.973299	0.987165	0.973301	0.986942	0.973304	0.986573	0.973304	0.986460	0.973301	0.986403	0.973300	0.986372	0.972726	0.965898	1349476677.794391	1.000367	46.827041	32.856825	5.277132	0.999974	0.988650	1.000001	0.988389	0.999980	0.946130	0.992199	0.000139	1.003676	0.000096	0.999583	0.000811	0.849314	0.000126	0.999974	0.989230	
1349476678.794280	0.999997	64.692644	50.360996	7.275383	0.931692	0.997338	0.931698	0.997523	0.931695	0.997346	0.931695	0.997406	0.931692	0.997229	0.931692	0.997221	0.931694	0.997276	0.931691	0.997300	1349476678.794364	0.999973	47.519881	33.526157	5.643325	1.000000	0.999931	1.000000	0.999847	1.000000	0.999876	0.998686	0.000268	1.003839	0.000007	1.000262	0.002630	1.000621	0.000007	1.000000	0.999996	
1349476679.794280	1.000000	64.695480	50.348358	7.297455	0.931491	0.996781	0.931491	0.996815	0.931491	0.996727	0.931491	0.996724	0.931492	0.996642	0.931492	0.996641	0.931491	0.996637	0.931489	0.996761	1349476679.794382	1.000018	47.467657	33.491787	5.633475	1.000000	0.999960	1.000000	0.999890	1.000000	0.999909	1.000573	0.000416	0.993644	0.000074	0.997063	0.000216	0.993496	0.000086	1.000000	0.999974	
1349476680.794288	1.000008	64.693613	50.337559	7.274340	0.930829	0.996909	0.930833	0.996994	0.930832	0.996931	0.930830	0.996923	0.930828	0.996845	0.930827	0.996843	0.930827	0.996844	0.930834	0.996893	1349476680.794377	0.999995	47.558481	33.565994	5.635450	1.000000	0.999896	1.000000	0.999942	1.000000	0.999963	0.998558	0.000062	1.010531	0.000044	1.002413	0.000255	1.011648	0.000048	1.000000	0.999991	
1349476681.794287	0.999999	64.693864	50.324770	7.370735	0.930310	0.996853	0.930309	0.996902	0.930307	0.996856	0.930306	0.996852	0.930304	0.996741	0.930304	0.996737	0.930304	0.996731	0.930309	0.996854	1349476681.794383	1.000006	47.621069	33.617872	5.638592	1.000000	0.999975	1.000000	0.999960	1.000000	0.999952	1.001939	0.000438	0.997426	0.000073	1.000021	0.000330	0.999930	0.000099	1.000000	0.999992	
1349476682.794280	0.999993	64.632176	50.242932	7.622092	0.927528	0.997031	0.927527	0.997039	0.927528	0.997033	0.927528	0.997042	0.927528	0.996936	0.927528	0.996963	0.927528	0.996962	0.927527	0.996957	1349476682.794367	0.999984	47.786789	33.763723	5.619978	1.000000	0.999990	1.000000	0.999961	1.000000	1.000000	0.991409	0.000012	1.023941	0.000007	0.999979	0.000783	1.000171	0.000007	1.000000	1.000000	
1349476683.794279	0.999999	64.682786	50.268297	7.605400	0.927289	0.945348	0.930078	0.997257	0.930078	0.997255	0.930079	0.997255	0.930080	0.997217	0.930080	0.997193	0.930081	0.997192	0.930081	0.997211	1349476683.794402	1.000035	48.080102	34.055218	5.626222	1.000000	0.999987	1.000000	0.999986	1.000000	0.999984	1.000027	0.052607	0.993281	0.000069	1.000015	0.000225	0.999884	0.000093	1.000000	0.999996	
1349476684.794279	1.000000	64.667740	50.208450	7.600159	0.973262	0.003425	0.988896	0.997826	0.988896	0.997828	0.988895	0.997790	0.988895	0.997778	0.988894	0.997745	0.988894	0.997758	0.988895	0.997818	1349476684.794396	0.999994	53.748230	39.706078	5.634082	1.000000	0.999965	1.000000	1.000000	1.000000	1.000000	1.000000	0.999942	0.988067	0.000011	0.999944	0.000295	1.001641	0.000007	1.000000	1.000000	
1349476685.794280	1.000001	64.653869	50.197981	7.566231	0.973936	0.003671	0.989318	0.996953	0.989318	0.996947	0.989318	0.996948	0.989320	0.996900	0.989319	0.996879	0.989318	0.996904	0.989320	0.996892	1349476685.794406	1.000010	53.713070	39.674529	5.631368	1.000000	0.999042	1.000000	0.999093	1.000000	0.999093	1.000000	0.998993	0.999366	0.000071	1.000034	0.000207	0.999359	0.000078	1.000000	1.000000	
1349476686.794295	1.000015	64.651312	50.195459	7.605141	0.965437	0.003643	0.989494	0.996791	0.989494	0.996717	0.989495	0.996785	0.989518	0.996615	0.989518	0.996614	0.989518	0.996610	0.989518	0.996606	1349476686.794388	0.999982	53.724731	39.686485	5.632104	1.000000	0.998888	1.000000	0.998952	1.000000	0.998950	1.000000	0.998843	1.001095	0.000010	0.999997	0.000389	1.004902	0.000007	1.000000	1.000000	
1349476687.794290	0.999995	64.662860	50.202186	7.588692	0.977645	0.003799	0.988084	0.997705	0.988084	0.997701	0.988085	0.997698	0.988107	0.997589	0.988108	0.997586	0.988107	0.997583	0.988107	0.997580	1349476687.794420	1.000032	53.769858	39.729016	5.630481	1.000000	0.999891	1.000000	0.999959	1.000000	1.000000	1.000000	0.999896	1.000442	0.000076	0.999184	0.000981	1.000070	0.000082	1.000000	1.000000	
1349476688.794279	0.999989	64.659538	50.194688	7.587608	0.973693	0.003784	0.987552	0.997472	0.987552	0.997408	0.987546	0.997436	0.987562	0.997297	0.987561	0.997254	0.987561	0.997277	0.987559	0.997328	1349476688.794396	0.999976	53.715618	39.681543	5.632872	1.000000	0.999823	1.000000	0.999933	1.000000	0.999991	1.000000	0.999731	1.001761	0.000010	1.000293	0.002726	1.000393	0.000007	1.000000	1.000000	
1349476689.794280	1.000001	64.667953	50.196943	7.611931	0.975325	0.003933	0.986706	0.997469	0.986705	0.997468	0.986705	0.997457	0.986705	0.997447	0.986705	0.997446	0.986705	0.997445	0.986705	0.997461	1349476689.794396	1.000000	53.800079	39.754089	5.636017	1.000000	0.999950	1.000000	0.999920	1.000000	0.999917	1.000000	0.999956	0.999457	0.000085	0.999997	0.000278	0.999880	0.000087	1.000000	0.999991	
1349476690.794303	1.000023	715753658.206599	715805553.401991	715794996.223811	0.999992	1.000146	0.999990	1.000152	1.000000	1.000147	0.999992	1.000146	0.999992	1.000150	0.999994	1.000144	0.999992	1.000150	0.999992	1.000147	1349476690.794411	1.000015	715790568.706664	715762551.984770	715804059.237414	0.999992	1.000147	0.999990	1.000150	3.892874	0.256917	0.999992	1.000147	0.999992	1.000148	0.999995	1.000146	0.999992	1.000149	0.999992	1.000148	
1349476691.794275	0.999972	0.000000	0.000000	0.000000	-nan	-nan	-nan	-nan	0.000000	inf	-nan	-nan	-nan	0.000000	-nan	-nan	-nan	-nan	-nan	-nan	1349476691.794346	0.999935	0.000000	0.000000	0.000000	-nan	-nan	-nan	-nan	0.000000	inf	-nan	-nan	-nan	-nan	-nan	-nan	-nan	-nan	-nan	-nan	
