ts_0	elapsed_0	pkg_0	pp0_0	dram_0	freq_ratio_0_0	c0_ratio_0_0	freq_ratio_0_1	c0_ratio_0_1	freq_ratio_0_2	c0_ratio_0_2	freq_ratio_0_3	c0_ratio_0_3	freq_ratio_0_4	c0_ratio_0_4	freq_ratio_0_5	c0_ratio_0_5	freq_ratio_0_6	c0_ratio_0_6	freq_ratio_0_7	c0_ratio_0_7	ts_1	elapsed_1	pkg_1	pp0_1	dram_1	freq_ratio_1_0	c0_ratio_1_0	freq_ratio_1_1	c0_ratio_1_1	freq_ratio_1_2	c0_ratio_1_2	freq_ratio_1_3	c0_ratio_1_3	freq_ratio_1_4	c0_ratio_1_4	freq_ratio_1_5	c0_ratio_1_5	freq_ratio_1_6	c0_ratio_1_6	freq_ratio_1_7	c0_ratio_1_7	
1349419481.224403	1.001327	59.993522	46.461278	0.000000	1.159322	0.658622	1.153875	0.630585	1.153994	0.629723	1.153938	0.626803	1.153994	0.626851	1.153960	0.626621	1.153825	0.627095	1.153922	0.626182	1349419481.224471	1.000521	60.977084	47.682557	0.000000	1.157646	0.630873	1.157305	0.628155	1.157624	0.630788	1.155949	0.613734	1.154410	0.587979	1.153954	0.578167	1.153959	0.581190	1.195487	0.956830	
1349419482.224401	0.999998	56.299897	42.760473	0.000000	1.148901	0.753048	1.127692	0.634600	1.128410	0.638533	1.127202	0.631238	1.127268	0.629897	1.127270	0.629882	1.127084	0.630254	1.127277	0.629889	1349419482.224468	0.999997	58.945953	45.602146	0.000000	1.105287	0.630078	1.105936	0.634218	1.105813	0.633550	1.105366	0.630489	1.105213	0.629616	1.105154	0.629273	1.105141	0.629168	1.150436	0.873722	
1349419483.224407	1.000006	54.535564	40.906479	0.000000	1.130557	0.627255	1.130388	0.627212	1.130734	0.626788	1.130512	0.627037	1.130782	0.626739	1.130688	0.626879	1.130518	0.626999	1.130757	0.626750	1349419483.224479	1.000011	60.014204	46.603737	0.000000	1.104245	0.626506	1.104316	0.626913	1.104302	0.626859	1.104252	0.626511	1.104298	0.626843	1.104260	0.626593	1.104252	0.626509	1.165342	0.999608	
1349419484.224404	0.999997	64.665026	50.764394	0.000000	0.993717	0.991393	0.993732	0.991642	0.993730	0.991359	0.993729	0.991529	0.993728	0.991347	0.993728	0.991341	0.993727	0.991514	0.993726	0.991336	1349419484.224484	1.000005	64.669384	51.026768	0.000000	0.985297	0.991277	0.985307	0.991274	0.985306	0.991267	0.985295	0.991263	0.985304	0.991260	0.985289	0.991153	0.985293	0.991252	0.985836	0.995251	
1349419485.224404	1.000000	64.651535	50.616669	0.000000	0.982781	0.989748	0.982856	0.989984	0.982840	0.989621	0.982853	0.989882	0.982840	0.989689	0.982842	0.989648	0.982857	0.989821	0.982842	0.989635	1349419485.224498	1.000014	64.658926	50.892701	0.000000	0.972321	0.989436	0.972336	0.989518	0.972336	0.989512	0.972320	0.989433	0.972334	0.989514	0.972323	0.989300	0.972317	0.989463	0.972964	0.994861	
1349419486.224409	1.000005	64.591367	50.793569	0.000000	1.011198	0.975727	1.011264	0.975905	1.011296	0.975532	1.011255	0.975825	1.011294	0.975527	1.011295	0.975517	1.011242	0.975835	1.011294	0.975507	1349419486.224483	0.999985	64.615579	51.080525	0.000000	1.001344	0.975666	1.001377	0.975776	1.001376	0.975771	1.001336	0.975589	1.001376	0.975760	1.001340	0.975517	1.001335	0.975570	1.005088	0.996585	
1349419487.224412	1.000003	64.630537	50.671764	0.000000	0.992824	0.983200	0.992864	0.983441	0.992872	0.983113	0.992867	0.983345	0.992857	0.983118	0.992860	0.983070	0.992858	0.983303	0.992859	0.983076	1349419487.224488	1.000005	64.654172	50.966175	0.000000	0.983629	0.983083	0.983661	0.983210	0.983661	0.983205	0.983628	0.983109	0.983660	0.983194	0.983641	0.983031	0.983628	0.983051	0.985967	0.995733	
1349419488.224400	0.999988	715777887.221319	715771745.954506	715836418.156703	0.999970	1.000021	0.999973	1.000044	0.999981	1.000035	0.999972	1.000027	0.999973	1.000035	0.999975	1.000027	0.999971	1.000025	0.999975	1.000040	1349419488.224495	1.000007	715799228.420664	715766956.900126	715822935.422491	0.999972	1.000029	0.999970	1.000034	3.894076	0.256806	0.999971	1.000023	0.999973	1.000036	0.999975	1.000025	0.999972	1.000029	0.999974	1.000036	
1349419489.224476	1.000076	0.000000	0.000000	0.000000	-nan	-nan	-nan	-nan	0.000000	inf	-nan	-nan	-nan	0.000000	-nan	-nan	-nan	-nan	-nan	-nan	1349419489.224558	1.000063	0.000000	0.000000	0.000000	-nan	-nan	-nan	-nan	0.000000	inf	-nan	-nan	-nan	-nan	-nan	-nan	-nan	-nan	-nan	-nan	
