ts_0	elapsed_0	pkg_0	pp0_0	dram_0	freq_ratio_0_0	c0_ratio_0_0	freq_ratio_0_1	c0_ratio_0_1	freq_ratio_0_2	c0_ratio_0_2	freq_ratio_0_3	c0_ratio_0_3	freq_ratio_0_4	c0_ratio_0_4	freq_ratio_0_5	c0_ratio_0_5	freq_ratio_0_6	c0_ratio_0_6	freq_ratio_0_7	c0_ratio_0_7	ts_1	elapsed_1	pkg_1	pp0_1	dram_1	freq_ratio_1_0	c0_ratio_1_0	freq_ratio_1_1	c0_ratio_1_1	freq_ratio_1_2	c0_ratio_1_2	freq_ratio_1_3	c0_ratio_1_3	freq_ratio_1_4	c0_ratio_1_4	freq_ratio_1_5	c0_ratio_1_5	freq_ratio_1_6	c0_ratio_1_6	freq_ratio_1_7	c0_ratio_1_7	
1349419481.239123	1.001488	67.303267	53.894111	0.000000	1.074818	0.882743	1.078236	0.902850	1.077581	0.898429	1.078255	0.902057	1.076335	0.878912	1.073501	0.872556	1.072491	0.860987	1.065897	0.809103	1349419481.239202	1.000535	68.933594	55.506665	0.000000	1.053491	0.904084	1.053516	0.904463	1.050630	0.888672	1.050349	0.888323	1.050279	0.887735	1.055925	0.919654	1.049623	0.883734	1.067329	0.979055	
1349419482.239120	0.999997	55.302646	41.855370	0.000000	1.067271	0.674342	1.067521	0.673987	1.067780	0.676081	1.067481	0.674090	1.067475	0.674038	1.067537	0.673968	1.067431	0.674143	1.067519	0.673973	1349419482.239191	0.999989	60.957212	47.512270	0.000000	1.032802	0.674024	1.032749	0.673788	1.032749	0.673781	1.032749	0.673758	1.032750	0.673753	1.032750	0.673747	1.032813	0.674054	1.107424	0.998201	
1349419483.239119	0.999999	56.993325	43.447994	0.000000	1.086016	0.666388	1.086206	0.666278	1.086172	0.666264	1.086177	0.666161	1.086329	0.666026	1.086241	0.666819	1.086113	0.666161	1.086239	0.665983	1349419483.239356	1.000165	60.903785	47.399208	0.000000	1.025746	0.665199	1.025700	0.664939	1.025699	0.664912	1.025698	0.664837	1.025694	0.664844	1.025697	0.664736	1.025745	0.664961	1.104351	0.997924	
1349419484.239123	1.000004	68.010848	54.073267	0.000000	0.978052	0.993073	0.978019	0.992930	0.978032	0.993026	0.978030	0.993042	0.978009	0.992974	0.978011	0.992951	0.978029	0.993125	0.978019	0.993011	1349419484.239211	0.999855	66.845200	52.995643	0.000000	0.959932	0.993201	0.959910	0.993148	0.959908	0.993128	0.959898	0.993206	0.959893	0.993291	0.959896	0.993312	0.959938	0.993570	0.960518	0.995466	
1349419485.239122	0.999999	64.665589	50.555361	0.000000	0.930547	0.989755	0.930558	0.989597	0.930561	0.989734	0.930566	0.989654	0.930562	0.989559	0.930563	0.989565	0.930566	0.989719	0.930570	0.989457	1349419485.239201	0.999990	64.676169	50.671574	0.000000	0.928760	0.989871	0.928730	0.989595	0.928731	0.989587	0.928728	0.989711	0.928733	0.989749	0.928731	0.989638	0.928763	0.989775	0.929527	0.994500	
1349419486.239122	1.000000	64.667786	50.903305	0.000000	0.960390	0.989003	0.960388	0.989013	0.960399	0.989058	0.960402	0.988963	0.960390	0.988905	0.960393	0.988817	0.960401	0.988949	0.960405	0.988791	1349419486.239203	1.000002	64.679396	50.985804	0.000000	0.951715	0.988979	0.951707	0.988726	0.951707	0.988719	0.951694	0.988684	0.951689	0.988849	0.951694	0.988713	0.951718	0.988938	0.953078	0.995623	
1349419487.239122	1.000000	64.679352	50.681763	0.000000	0.944347	0.980321	0.944498	0.979907	0.944458	0.980109	0.944467	0.980002	0.944510	0.979808	0.944490	0.979825	0.944446	0.980072	0.944470	0.979859	1349419487.239226	1.000023	64.687362	50.784757	0.000000	0.938873	0.979942	0.938844	0.979733	0.938844	0.979722	0.938843	0.979692	0.938841	0.979733	0.938841	0.979690	0.938878	0.979956	0.941672	0.994893	
1349419488.239133	1.000011	715778329.014161	715807207.625771	715820034.141029	0.999970	1.000018	0.999972	1.000042	0.999975	1.000047	0.999969	1.000016	0.999972	1.000032	0.999974	1.000024	0.999972	1.000030	0.999972	1.000029	1349419488.239226	1.000000	715818118.578217	715779917.004837	715827884.721619	0.999973	1.000033	0.999968	1.000024	3.894260	0.256788	0.999973	1.000034	0.999970	1.000021	0.999977	1.000034	0.999969	1.000018	0.999975	1.000040	
1349419489.239209	1.000076	0.000000	0.000000	0.000000	-nan	-nan	-nan	-nan	1.000008	inf	-nan	-nan	-nan	0.000000	-nan	-nan	-nan	-nan	-nan	-nan	1349419489.239269	1.000043	0.000000	0.000000	0.000000	-nan	-nan	-nan	-nan	1.345745	inf	-nan	-nan	-nan	-nan	-nan	-nan	-nan	-nan	-nan	-nan	
