ts_0	elapsed_0	pkg_0	pp0_0	dram_0	freq_ratio_0_0	c0_ratio_0_0	freq_ratio_0_1	c0_ratio_0_1	freq_ratio_0_2	c0_ratio_0_2	freq_ratio_0_3	c0_ratio_0_3	freq_ratio_0_4	c0_ratio_0_4	freq_ratio_0_5	c0_ratio_0_5	freq_ratio_0_6	c0_ratio_0_6	freq_ratio_0_7	c0_ratio_0_7	ts_1	elapsed_1	pkg_1	pp0_1	dram_1	freq_ratio_1_0	c0_ratio_1_0	freq_ratio_1_1	c0_ratio_1_1	freq_ratio_1_2	c0_ratio_1_2	freq_ratio_1_3	c0_ratio_1_3	freq_ratio_1_4	c0_ratio_1_4	freq_ratio_1_5	c0_ratio_1_5	freq_ratio_1_6	c0_ratio_1_6	freq_ratio_1_7	c0_ratio_1_7	
1349419481.212779	1.001451	60.624100	47.073572	0.000000	1.154248	0.755258	1.154152	0.755511	1.154218	0.755328	1.154420	0.752983	1.153951	0.749537	1.153483	0.749979	1.153820	0.746003	1.153769	0.746739	1349419481.212861	1.000506	66.391826	52.865359	0.000000	1.102873	0.796467	1.093838	0.755361	1.092890	0.750107	1.100940	0.789744	1.092872	0.750121	1.092808	0.749716	1.092802	0.749930	1.126946	0.953928	
1349419482.212775	0.999996	52.332472	38.786183	0.000000	1.136475	0.621155	1.136926	0.620636	1.136894	0.620734	1.137044	0.620472	1.136537	0.621006	1.136792	0.620753	1.137020	0.620539	1.137014	0.620419	1349419482.212848	0.999987	59.204344	45.674168	0.000000	1.054156	0.620484	1.054156	0.620475	1.054165	0.620498	1.054049	0.620049	1.054066	0.620114	1.054060	0.620089	1.054068	0.620088	1.132952	0.999037	
1349419483.212776	1.000001	61.760393	48.086868	0.000000	1.123642	0.795275	1.123882	0.794758	1.123860	0.794973	1.123880	0.794753	1.123853	0.794787	1.123869	0.795025	1.117958	0.799745	1.121897	0.799704	1349419483.237233	1.024385	64.361009	50.680821	0.000000	1.030509	0.799473	1.030508	0.799467	1.030522	0.799519	1.030499	0.799412	1.030477	0.799295	1.030470	0.799272	1.030496	0.799406	1.076662	0.998495	
1349419484.212772	0.999996	64.636279	50.594611	0.000000	1.002888	0.984924	1.002940	0.982528	1.002686	0.978746	1.003039	0.984381	1.003039	0.984381	1.002988	0.984734	1.005011	0.984161	1.001614	0.984097	1349419484.212861	0.975628	64.638689	50.545577	0.000000	0.939197	0.985142	0.939173	0.985485	0.939201	0.985122	0.939157	0.984858	0.939174	0.984919	0.939172	0.984924	0.939157	0.984844	0.940300	0.994706	
1349419485.212772	1.000000	64.669144	50.429352	0.000000	0.986810	0.986471	0.986900	0.986351	0.986937	0.986135	0.986936	0.986128	0.986936	0.986134	0.986883	0.986223	0.986922	0.986024	0.986932	0.985942	1349419485.212862	1.000001	64.695937	50.405592	0.000000	0.927225	0.986727	0.927223	0.986708	0.927231	0.986786	0.927198	0.986478	0.927196	0.986503	0.927196	0.986484	0.927196	0.986464	0.928649	0.994810	
1349419486.212771	0.999999	64.618043	50.730273	0.000000	1.013596	0.988932	1.013630	0.988850	1.013665	0.988606	1.013665	0.988637	1.013668	0.988660	1.013627	0.988761	1.013653	0.988611	1.013674	0.988537	1349419486.212852	0.999990	64.674750	50.761601	0.000000	0.951725	0.989823	0.951724	0.989762	0.951728	0.989838	0.951717	0.989614	0.951721	0.989622	0.951721	0.989669	0.951718	0.989597	0.952007	0.995993	
1349419487.212777	1.000006	64.649380	50.546970	0.000000	1.000165	0.982251	1.000273	0.982081	1.000345	0.981788	1.000334	0.981825	1.000304	0.981882	1.000253	0.982048	1.000309	0.981843	1.000304	0.981845	1349419487.212865	1.000013	64.686621	50.537194	0.000000	0.936828	0.982404	0.936828	0.982384	0.936826	0.982394	0.936800	0.982098	0.936801	0.982210	0.936804	0.982145	0.936796	0.982118	0.939274	0.995259	
1349419488.212768	0.999991	715830041.192520	715780190.035947	715834370.113728	0.999970	1.000012	0.999970	1.000027	0.999971	1.000026	0.999971	1.000017	0.999970	1.000018	0.999974	1.000019	0.999970	1.000015	0.999972	1.000023	1349419488.212866	1.000001	715812579.992352	715763163.476017	715827202.055601	0.999972	1.000021	0.999968	1.000017	3.894256	0.256789	0.999970	1.000014	0.999972	1.000022	0.999973	1.000014	0.999972	1.000024	0.999970	1.000015	
1349419489.212902	1.000134	0.000000	0.000000	0.000000	-nan	-nan	-nan	-nan	1.000008	inf	-nan	-nan	-nan	0.000000	-nan	-nan	-nan	-nan	-nan	-nan	1349419489.212964	1.000098	0.000000	0.000000	0.000000	-nan	-nan	-nan	-nan	1.345745	inf	-nan	-nan	-nan	-nan	-nan	-nan	-nan	-nan	-nan	-nan	
