ts_0	elapsed_0	pkg_0	pp0_0	dram_0	freq_ratio_0_0	c0_ratio_0_0	freq_ratio_0_1	c0_ratio_0_1	freq_ratio_0_2	c0_ratio_0_2	freq_ratio_0_3	c0_ratio_0_3	freq_ratio_0_4	c0_ratio_0_4	freq_ratio_0_5	c0_ratio_0_5	freq_ratio_0_6	c0_ratio_0_6	freq_ratio_0_7	c0_ratio_0_7	ts_1	elapsed_1	pkg_1	pp0_1	dram_1	freq_ratio_1_0	c0_ratio_1_0	freq_ratio_1_1	c0_ratio_1_1	freq_ratio_1_2	c0_ratio_1_2	freq_ratio_1_3	c0_ratio_1_3	freq_ratio_1_4	c0_ratio_1_4	freq_ratio_1_5	c0_ratio_1_5	freq_ratio_1_6	c0_ratio_1_6	freq_ratio_1_7	c0_ratio_1_7	
1349419481.235503	1.001768	59.286806	45.684270	0.000000	1.156866	0.650714	1.150277	0.627270	1.150329	0.623620	1.150177	0.619570	1.150134	0.623671	1.150309	0.623661	1.150231	0.622560	1.150261	0.622883	1349419481.235577	1.000531	63.837763	50.386119	0.000000	1.151591	0.625367	1.153760	0.643383	1.152608	0.632213	1.148793	0.603133	1.144484	0.549177	1.149980	0.592692	1.140065	0.514024	1.188852	0.979003	
1349419482.235492	0.999989	57.246264	43.594426	0.000000	1.116684	0.639811	1.116624	0.639301	1.116781	0.638905	1.116595	0.639242	1.116741	0.639207	1.116782	0.638897	1.116759	0.638979	1.140556	0.761753	1349419482.235562	0.999985	59.563151	46.071416	0.000000	1.060136	0.632896	1.060025	0.632300	1.061220	0.638449	1.061214	0.638410	1.061158	0.638128	1.069320	0.693085	1.062622	0.692773	1.101251	0.860474	
1349419483.235498	1.000006	54.863244	41.119094	0.000000	1.118046	0.626315	1.118015	0.626557	1.118199	0.625984	1.118140	0.626215	1.118186	0.626308	1.118196	0.625975	1.118109	0.626071	1.118194	0.625970	1349419483.235575	1.000013	60.894770	47.317251	0.000000	1.070951	0.625735	1.070913	0.625531	1.070949	0.625729	1.070947	0.625725	1.070909	0.625526	1.070935	0.625671	1.070943	0.625716	1.144381	0.998780	
1349419484.235498	1.000000	64.677383	50.581238	0.000000	0.979158	0.991363	0.979152	0.991389	0.979148	0.991199	0.979168	0.991332	0.979157	0.991323	0.979149	0.991185	0.979149	0.991180	0.979147	0.991177	1349419484.235601	1.000026	64.696500	50.792946	0.000000	0.947114	0.990668	0.947100	0.990577	0.947113	0.990660	0.947112	0.990663	0.947098	0.990566	0.947113	0.990694	0.947110	0.990648	0.947768	0.994671	
1349419485.235496	0.999998	64.660493	50.407689	0.000000	0.968131	0.989608	0.968131	0.989686	0.968179	0.989463	0.968172	0.989513	0.968144	0.989674	0.968178	0.989386	0.968179	0.989386	0.968179	0.989379	1349419485.235586	0.999985	64.677729	50.624341	0.000000	0.933557	0.988969	0.933546	0.988833	0.933558	0.988963	0.933557	0.988971	0.933547	0.988817	0.933557	0.988829	0.933557	0.988955	0.934344	0.994248	
1349419486.235500	1.000004	64.600843	50.649438	0.000000	0.997313	0.974923	0.997301	0.975012	0.997332	0.974750	0.997372	0.974786	0.997328	0.974907	0.997349	0.974699	0.997347	0.974741	0.997349	0.974688	1349419486.235578	0.999992	64.645711	50.886307	0.000000	0.966774	0.974456	0.966737	0.974268	0.966774	0.974450	0.966774	0.974459	0.966736	0.974248	0.966748	0.974298	0.966774	0.974472	0.971279	0.995270	
1349419487.235498	0.999998	64.659089	50.506246	0.000000	0.979360	0.982804	0.979353	0.982807	0.979371	0.982679	0.979406	0.982684	0.979362	0.982775	0.979370	0.982666	0.979370	0.982660	0.979369	0.982660	1349419487.235586	1.000008	64.682078	50.722825	0.000000	0.946733	0.982320	0.946710	0.982226	0.946732	0.982314	0.946731	0.982312	0.946708	0.982216	0.946711	0.982223	0.946728	0.982303	0.949388	0.994819	
1349419488.235496	0.999998	715807090.241917	715778696.951509	715829250.057560	0.999970	1.000019	0.999972	1.000039	0.999973	1.000038	0.999972	1.000027	0.999972	1.000030	0.999974	1.000022	0.999971	1.000023	0.999974	1.000037	1349419488.235591	1.000005	715769914.363660	715819936.113654	715824300.739553	0.999974	1.000036	0.999968	1.000023	3.894151	0.256799	0.999971	1.000024	0.999971	1.000026	0.999976	1.000031	0.999971	1.000024	0.999974	1.000035	
1349419489.235681	1.000185	0.000000	0.000000	0.000000	-nan	-nan	-nan	-nan	1.000008	inf	-nan	-nan	-nan	0.000000	-nan	-nan	-nan	-nan	-nan	-nan	1349419489.235745	1.000154	0.000000	0.000000	0.000000	-nan	-nan	-nan	-nan	1.345745	inf	-nan	-nan	-nan	-nan	-nan	-nan	-nan	-nan	-nan	-nan	
