ts_0	elapsed_0	pkg_0	pp0_0	dram_0	freq_ratio_0_0	c0_ratio_0_0	freq_ratio_0_1	c0_ratio_0_1	freq_ratio_0_2	c0_ratio_0_2	freq_ratio_0_3	c0_ratio_0_3	freq_ratio_0_4	c0_ratio_0_4	freq_ratio_0_5	c0_ratio_0_5	freq_ratio_0_6	c0_ratio_0_6	freq_ratio_0_7	c0_ratio_0_7	ts_1	elapsed_1	pkg_1	pp0_1	dram_1	freq_ratio_1_0	c0_ratio_1_0	freq_ratio_1_1	c0_ratio_1_1	freq_ratio_1_2	c0_ratio_1_2	freq_ratio_1_3	c0_ratio_1_3	freq_ratio_1_4	c0_ratio_1_4	freq_ratio_1_5	c0_ratio_1_5	freq_ratio_1_6	c0_ratio_1_6	freq_ratio_1_7	c0_ratio_1_7	
1350071934.992067	1.000208	67.953249	54.625637	6.095397	0.961602	0.996581	0.961601	0.996585	0.961601	0.996576	0.961600	0.996575	0.961600	0.996574	0.961599	0.996572	0.961598	0.996569	0.961598	0.996568	1350071934.992110	1.000209	64.817334	51.592728	2.382284	1.230636	0.998633	1.230636	0.998631	1.230636	0.998630	1.230636	0.998630	1.192371	0.000952	1.189150	0.000273	1.187679	0.000091	1.189618	0.000061	
1350071935.992057	0.999990	64.691520	51.369151	6.115296	0.932321	0.996148	0.932321	0.996145	0.932321	0.996141	0.932321	0.996140	0.932321	0.996137	0.932321	0.996137	0.932321	0.996137	0.932321	0.996133	1350071935.992095	0.999985	64.455589	51.241477	2.065003	1.220849	0.997370	1.220849	0.997367	1.220849	0.997364	1.220849	0.997361	1.191627	0.000650	1.189853	0.000208	1.198093	0.000037	1.187895	0.000179	
1350071936.992064	1.000007	64.633449	51.320339	6.121235	0.931753	0.996295	0.931753	0.996294	0.931753	0.996291	0.931753	0.996288	0.931753	0.996286	0.931753	0.996285	0.931753	0.996282	0.931753	0.996280	1350071936.992103	1.000008	64.463894	51.231579	2.012343	1.219530	0.996938	1.219530	0.996935	1.219530	0.996932	1.219530	0.996929	1.192072	0.000397	1.191614	0.000185	1.189882	0.000153	1.188252	0.000065	
1350071937.992057	0.999993	64.694051	51.365284	6.109112	0.932126	0.996328	0.932126	0.996325	0.932126	0.996323	0.932126	0.996321	0.932126	0.996319	0.932126	0.996316	0.932126	0.996313	0.932126	0.996312	1350071937.992093	0.999990	64.467198	51.233576	1.862033	1.218867	0.997131	1.218867	0.997127	1.218868	0.997125	1.218867	0.997122	1.192753	0.000328	1.193099	0.000146	1.199712	0.000037	1.197433	0.000011	
1350071938.992057	1.000000	64.694290	51.359314	6.102905	0.932922	0.996028	0.932921	0.996023	0.932921	0.996023	0.932921	0.996018	0.932921	0.996016	0.932921	0.996014	0.932921	0.996010	0.932921	0.996009	1350071938.992095	1.000002	64.465621	51.226129	1.989895	1.217998	0.996844	1.217998	0.996841	1.217998	0.996839	1.217998	0.996835	1.191839	0.000393	1.192315	0.000185	1.193966	0.000076	1.196396	0.000055	
1350071939.992057	1.000000	64.695984	51.364746	6.109070	0.931657	0.996169	0.931657	0.996165	0.931657	0.996163	0.931657	0.996161	0.931657	0.996158	0.931657	0.996157	0.931657	0.996155	0.931658	0.996154	1350071939.992092	0.999997	64.467546	51.225440	1.843557	1.217616	0.996788	1.217616	0.996785	1.217616	0.996782	1.217616	0.996778	1.192758	0.000315	1.192390	0.000134	1.188291	0.000037	1.193683	0.000011	
1350071940.992057	1.000000	64.694534	51.363556	6.102905	0.931802	0.996344	0.931802	0.996340	0.931802	0.996337	0.931802	0.996333	0.931801	0.996333	0.931801	0.996332	0.931801	0.996330	0.931801	0.996329	1350071940.992093	1.000001	64.462097	51.219403	1.988096	1.217063	0.996739	1.217063	0.996735	1.217063	0.996732	1.217063	0.996728	1.192035	0.000407	1.191679	0.000388	1.191656	0.000128	1.188204	0.000058	
1350071941.992057	1.000000	64.695816	51.364914	6.121338	0.931299	0.996188	0.931299	0.996186	0.931299	0.996184	0.931299	0.996181	0.931299	0.996179	0.931299	0.996178	0.931298	0.996175	0.931298	0.996174	1350071941.992094	1.000001	64.470077	51.224881	1.887983	1.216809	0.996796	1.216809	0.996792	1.216808	0.996789	1.216808	0.996785	1.192690	0.000338	1.194246	0.000124	1.197845	0.000036	1.203315	0.000018	
1350071942.992058	1.000001	64.698867	51.366284	6.107843	0.931519	0.996158	0.931519	0.996156	0.931519	0.996152	0.931519	0.996150	0.931519	0.996150	0.931519	0.996145	0.931519	0.996143	0.931519	0.996139	1350071942.992103	1.000009	64.471523	51.226404	2.105190	1.209208	0.996522	1.209201	0.996519	1.209208	0.996517	1.209208	0.996513	1.099424	0.003043	1.095245	0.002656	1.093074	0.004039	1.094348	0.002735	
1350071943.992057	0.999999	64.694367	51.360065	6.096747	0.931835	0.996273	0.931835	0.996271	0.931835	0.996269	0.931835	0.996267	0.931835	0.996264	0.931835	0.996262	0.931835	0.996259	0.931835	0.996257	1350071943.992094	0.999991	64.463078	51.217154	1.873354	1.216430	0.996919	1.216437	0.996921	1.216431	0.996917	1.216431	0.996915	1.192355	0.000317	1.193787	0.000133	1.198318	0.000036	1.227462	0.000019	
1350071944.992057	1.000000	64.694153	51.359421	6.102905	0.931835	0.996307	0.931835	0.996305	0.931835	0.996303	0.931835	0.996301	0.931835	0.996298	0.931835	0.996297	0.931836	0.996295	0.931836	0.996293	1350071944.992093	0.999999	64.464447	51.217120	1.913561	1.216118	0.996775	1.216118	0.996766	1.216118	0.996762	1.216118	0.996759	1.192311	0.000392	1.192504	0.000196	1.191743	0.000137	1.188767	0.000053	
1350071945.992057	1.000000	64.696533	51.362564	6.102905	0.931802	0.996215	0.931801	0.996212	0.931801	0.996208	0.931801	0.996209	0.931801	0.996205	0.931801	0.996204	0.931801	0.996202	0.931800	0.996200	1350071945.992094	1.000001	64.467300	51.220319	1.892973	1.215720	0.996852	1.215720	0.996853	1.215720	0.996851	1.215721	0.996848	1.192280	0.000313	1.192259	0.000116	1.194227	0.000036	1.208586	0.000011	
1350071946.992057	1.000000	64.695068	51.361954	6.078247	0.931765	0.996275	0.931765	0.996271	0.931765	0.996268	0.931765	0.996265	0.931765	0.996263	0.931765	0.996261	0.931765	0.996258	0.931765	0.996256	1350071946.992095	1.000001	64.467483	51.219235	1.926161	1.215559	0.996560	1.215559	0.996557	1.215559	0.996553	1.215559	0.996550	1.191616	0.000412	1.191178	0.000215	1.190101	0.000090	1.188392	0.000049	
1350071947.992057	1.000000	64.692719	51.355606	6.127563	0.932628	0.996226	0.932628	0.996225	0.932627	0.996223	0.932627	0.996221	0.932627	0.996219	0.932627	0.996215	0.932627	0.996213	0.932627	0.996211	1350071947.992094	0.999999	63.607559	50.354952	1.960131	1.225893	0.998645	1.225894	0.998639	1.225894	0.998638	1.225894	0.998636	1.193376	0.000314	1.194870	0.000098	1.198646	0.000037	1.207520	0.000011	
1350071948.992057	1.000000	64.696518	51.358582	6.127563	0.932576	0.996182	0.932576	0.996181	0.932576	0.996179	0.932576	0.996176	0.932576	0.996174	0.932576	0.996171	0.932576	0.996170	0.932576	0.996167	1350071948.992095	1.000001	63.203629	49.961561	1.945906	1.230689	0.999285	1.230697	0.999284	1.230696	0.999283	1.230697	0.999282	1.192193	0.000414	1.192151	0.000141	1.192069	0.000125	1.190720	0.000048	
1350071949.992057	1.000000	64.696503	51.360580	6.096741	0.932315	0.996178	0.932315	0.996175	0.932315	0.996172	0.932315	0.996171	0.932315	0.996168	0.932314	0.996167	0.932315	0.996165	0.932314	0.996163	1350071949.992097	1.000002	63.297532	50.035732	1.856564	1.230723	0.999437	1.230715	0.999436	1.230716	0.999436	1.230716	0.999435	1.192345	0.000303	1.192233	0.000114	1.192871	0.000036	1.192032	0.000011	
1350071950.992057	1.000000	64.695526	51.358276	6.115234	0.932302	0.996278	0.932302	0.996276	0.932302	0.996273	0.932302	0.996271	0.932302	0.996269	0.932302	0.996266	0.932302	0.996267	0.932302	0.996263	1350071950.992095	0.999998	63.394042	50.131306	1.837223	1.230702	0.999326	1.230702	0.999325	1.230702	0.999324	1.230701	0.999324	1.191988	0.000392	1.190652	0.000148	1.188669	0.000075	1.189927	0.000052	
1350071951.992057	1.000000	64.689240	51.349182	6.090576	0.943239	0.997062	0.943239	0.997060	0.943239	0.997060	0.943239	0.997057	0.943239	0.997056	0.943239	0.997053	0.943239	0.997052	0.943239	0.997050	1350071951.992094	0.999999	63.852249	50.603533	1.937700	1.229740	0.999262	1.229740	0.999261	1.229740	0.999261	1.229740	0.999260	1.192707	0.000319	1.194543	0.000106	1.196022	0.000037	1.191824	0.000018	
1350071952.992057	1.000000	64.630173	51.301331	6.127563	0.931909	0.996358	0.931909	0.996356	0.931909	0.996353	0.931909	0.996350	0.931909	0.996349	0.931909	0.996347	0.931909	0.996346	0.931909	0.996344	1350071952.992095	1.000001	64.468917	51.238049	1.893080	1.214676	0.996535	1.214676	0.996532	1.214676	0.996529	1.214676	0.996525	1.192319	0.000392	1.191206	0.000188	1.191600	0.000158	1.192430	0.000048	
1350071953.992057	1.000000	64.694901	51.354156	6.133728	0.932169	0.996274	0.932169	0.996272	0.932169	0.996268	0.932169	0.996267	0.932169	0.996266	0.932169	0.996264	0.932169	0.996261	0.932168	0.996259	1350071953.992126	1.000031	64.461640	51.227508	1.741752	1.214865	0.996747	1.214865	0.996743	1.214865	0.996741	1.214865	0.996737	1.192239	0.000319	1.193939	0.000141	1.200840	0.000030	1.217080	0.000011	
1350071954.992070	1.000013	64.676871	51.338652	6.108990	0.931865	0.565277	0.956799	0.996917	0.956799	0.996915	0.956799	0.996913	0.956799	0.996912	0.956800	0.996909	0.956800	0.996909	0.956800	0.996908	1350071954.992172	1.000046	64.522666	51.292104	2.275423	1.172588	0.997480	1.172587	0.997477	1.172587	0.997475	1.172586	0.997473	1.117380	0.434198	1.139793	0.000380	1.171353	0.000107	1.162054	0.000082	
1350071955.992057	0.999987	64.669549	51.335771	6.102985	0.979173	0.003266	0.989653	0.997560	0.989654	0.997557	0.989654	0.997555	0.989654	0.997554	0.989654	0.997552	0.989655	0.997552	0.989655	0.997549	1350071955.992147	0.999975	64.545393	51.326373	2.658621	1.116919	0.998490	1.116919	0.998489	1.116919	0.998488	1.116919	0.998487	1.116919	0.998486	1.115781	0.000571	1.116830	0.000030	1.151202	0.000019	
1350071956.992057	1.000000	64.669769	51.334320	6.109070	0.976521	0.005524	0.989661	0.997563	0.989661	0.997561	0.989661	0.997559	0.989661	0.997557	0.989661	0.997555	0.989661	0.997553	0.989661	0.997552	1350071956.992152	1.000005	64.551480	51.343920	2.691515	1.117123	0.998291	1.117123	0.998290	1.117123	0.998288	1.117122	0.998287	1.117123	0.998286	1.115356	0.000670	1.115614	0.000095	1.115409	0.000052	
1350071957.992056	0.999999	64.670212	51.334003	6.072088	0.978983	0.003528	0.989789	0.997561	0.989789	0.997559	0.989789	0.997557	0.989789	0.997555	0.989788	0.997555	0.989788	0.997553	0.989788	0.997552	1350071957.992146	0.999994	64.548191	51.337220	2.696412	1.117217	0.998209	1.117217	0.998208	1.117217	0.998205	1.117217	0.998203	1.117217	0.998202	1.116793	0.000647	1.115056	0.000037	1.116001	0.000011	
1350071958.992056	1.000000	64.666946	51.331879	6.090576	0.979224	0.003471	0.989423	0.997538	0.989423	0.997538	0.989424	0.997535	0.989424	0.997533	0.989424	0.997532	0.989424	0.997530	0.989425	0.997529	1350071958.992144	0.999998	64.548051	51.342841	2.689763	1.117029	0.998402	1.117028	0.998400	1.117028	0.998399	1.117028	0.998398	1.117029	0.998397	1.115374	0.000614	1.115656	0.000082	1.115268	0.000049	
1350071959.992056	1.000000	64.670181	51.336868	6.109070	0.979307	0.003256	0.989517	0.997483	0.989517	0.997482	0.989517	0.997480	0.989517	0.997479	0.989517	0.997478	0.989517	0.997475	0.989517	0.997474	1350071959.992143	0.999999	64.483796	51.284030	2.701953	1.117050	0.998352	1.117050	0.998351	1.117050	0.998350	1.117050	0.998349	1.117050	0.998348	1.118715	0.000651	1.148293	0.000043	1.113318	0.000011	
1350071960.992057	1.000001	64.667877	51.332165	6.102899	0.979024	0.003617	0.989194	0.997480	0.989194	0.997479	0.989194	0.997476	0.989194	0.997473	0.989194	0.997473	0.989194	0.997470	0.989194	0.997468	1350071960.992144	1.000001	64.549530	51.346890	2.670514	1.116919	0.998335	1.116919	0.998334	1.116919	0.998333	1.116919	0.998332	1.116919	0.998331	1.116107	0.001740	1.115259	0.000126	1.114877	0.000048	
1350071961.992056	0.999999	64.670914	51.336063	6.096747	0.976295	0.003255	0.989560	0.997524	0.989560	0.997522	0.989560	0.997521	0.989561	0.997519	0.989560	0.997516	0.989560	0.997515	0.989560	0.997514	1350071961.992145	1.000001	64.546478	51.343732	2.687040	1.116910	0.998448	1.116910	0.998447	1.116910	0.998446	1.116910	0.998444	1.116910	0.998442	1.116826	0.000640	1.115277	0.000037	1.118947	0.000011	
1350071962.992057	1.000001	64.603225	51.281369	6.096735	0.980921	0.003694	0.989606	0.997527	0.989606	0.997525	0.989606	0.997524	0.989606	0.997523	0.989606	0.997521	0.989606	0.997518	0.989606	0.997516	1350071962.992146	1.000001	64.549423	51.345090	2.655744	1.116863	0.998538	1.116864	0.998536	1.116863	0.998535	1.116863	0.998534	1.116863	0.998532	1.118297	0.000654	1.115427	0.000082	1.115570	0.000044	
1350071963.992056	0.999999	64.665314	51.329044	6.096747	0.979573	0.003247	0.989754	0.997590	0.989753	0.997587	0.989753	0.997587	0.989753	0.997584	0.989753	0.997583	0.989753	0.997581	0.989753	0.997580	1350071963.992145	0.999999	64.548050	51.345981	2.678851	1.117009	0.998403	1.117010	0.998402	1.117010	0.998400	1.117009	0.998399	1.117009	0.998397	1.115405	0.000610	1.115613	0.000037	1.117005	0.000011	
1350071964.992057	1.000001	64.673950	51.338025	6.115229	0.979307	0.003455	0.989390	0.997492	0.989390	0.997490	0.989390	0.997488	0.989389	0.997486	0.989389	0.997484	0.989389	0.997483	0.989389	0.997482	1350071964.992146	1.000001	64.548202	51.349576	2.683210	1.117109	0.998315	1.117109	0.998313	1.117109	0.998311	1.117109	0.998309	1.117109	0.998309	1.116910	0.000742	1.115240	0.000107	1.115130	0.000042	
1350071965.992056	0.999999	64.666962	51.330448	6.121405	0.978370	0.003376	0.989220	0.997437	0.989221	0.997437	0.989221	0.997434	0.989221	0.997432	0.989221	0.997431	0.989222	0.997429	0.989222	0.997427	1350071965.992148	1.000002	64.546233	51.342431	2.679209	1.117062	0.998382	1.117062	0.998381	1.117062	0.998380	1.117062	0.998378	1.117062	0.998377	1.115456	0.000556	1.115795	0.000044	1.114798	0.000011	
1350071966.992057	1.000001	64.668319	51.331250	6.121393	0.981854	0.005300	0.989690	0.997592	0.989689	0.997590	0.989690	0.997589	0.989690	0.997586	0.989690	0.997585	0.989689	0.997583	0.989689	0.997581	1350071966.992140	0.999992	64.536686	51.331486	2.651221	1.135763	0.997041	1.135763	0.997039	1.135763	0.997037	1.135763	0.997034	1.135764	0.997029	1.135924	0.000705	1.128453	0.000112	1.144128	0.000075	
1350071967.992056	0.999999	64.667237	51.329852	6.095526	0.980371	0.007021	0.988574	0.997391	0.988574	0.997389	0.988574	0.997388	0.988574	0.997386	0.988574	0.997384	0.988574	0.997381	0.988574	0.997381	1350071967.992158	1.000018	64.534506	51.325071	2.671919	1.140756	0.997411	1.140756	0.997409	1.140756	0.997407	1.140756	0.997404	1.140756	0.997402	1.061229	0.003328	1.045412	0.003727	1.049664	0.002934	
1350071968.992058	1.000002	715818723.464700	715804192.234848	715811270.031330	0.999985	1.000187	0.999983	1.000191	0.999993	1.000187	0.999986	1.000188	0.999986	1.000190	0.999988	1.000186	0.999986	1.000191	0.999986	1.000189	1350071968.992160	1.000002	715820875.787987	715759917.256689	715815489.514783	0.999986	1.000188	0.999983	1.000190	3.893333	0.256896	0.999986	1.000188	0.999986	1.000191	0.999988	1.000187	0.999986	1.000191	0.999986	1.000190	
1350071969.992057	0.999999	0.000000	0.000000	0.000000	-nan	-nan	-nan	-nan	0.000000	inf	-nan	-nan	-nan	0.000000	-nan	-nan	-nan	-nan	-nan	-nan	1350071969.992120	0.999960	0.000000	0.000000	0.000000	-nan	-nan	-nan	-nan	0.000000	inf	-nan	-nan	-nan	-nan	-nan	-nan	-nan	-nan	-nan	-nan	
