ts_0	elapsed_0	pkg_0	pp0_0	dram_0	freq_ratio_0_0	c0_ratio_0_0	freq_ratio_0_1	c0_ratio_0_1	freq_ratio_0_2	c0_ratio_0_2	freq_ratio_0_3	c0_ratio_0_3	freq_ratio_0_4	c0_ratio_0_4	freq_ratio_0_5	c0_ratio_0_5	freq_ratio_0_6	c0_ratio_0_6	freq_ratio_0_7	c0_ratio_0_7	ts_1	elapsed_1	pkg_1	pp0_1	dram_1	freq_ratio_1_0	c0_ratio_1_0	freq_ratio_1_1	c0_ratio_1_1	freq_ratio_1_2	c0_ratio_1_2	freq_ratio_1_3	c0_ratio_1_3	freq_ratio_1_4	c0_ratio_1_4	freq_ratio_1_5	c0_ratio_1_5	freq_ratio_1_6	c0_ratio_1_6	freq_ratio_1_7	c0_ratio_1_7	
1349417658.796606	1.001421	53.485552	39.757394	0.000000	0.986657	0.007158	0.999914	0.950505	0.999922	0.954859	0.999902	0.950504	0.999987	0.958746	0.999892	0.950185	0.999952	0.943202	0.990040	0.000053	1349417658.796751	1.000476	64.914970	51.197087	0.000000	0.988082	0.955621	0.988078	0.955779	0.988046	0.954552	0.988073	0.955165	0.987990	0.950166	0.988010	0.950262	0.987995	0.950827	0.988425	0.984474	
1349417659.796608	1.000002	54.964098	41.079176	0.000000	0.967590	0.003114	0.999942	0.978613	0.999944	0.978649	0.999922	0.978698	0.999992	0.978488	0.999936	0.978664	0.999949	0.978601	1.001345	0.000083	1349417659.796754	1.000003	64.597593	50.684230	0.000000	0.954098	0.976323	0.954098	0.976281	0.954094	0.976214	0.954098	0.976275	0.954087	0.976028	0.954087	0.976022	0.954101	0.976327	0.955045	0.997434	
1349417660.796604	0.999996	57.255206	43.099281	0.000000	0.991437	0.003403	0.999968	0.998132	0.999960	0.998147	0.999951	0.998157	0.999982	0.998063	0.999951	0.998162	0.999960	0.998004	0.982693	0.000009	1349417660.796749	0.999995	64.625476	50.394768	0.000000	0.921348	0.993798	0.921346	0.993771	0.921345	0.993749	0.921347	0.993760	0.921342	0.993655	0.921342	0.993651	0.921350	0.993714	0.921489	0.995560	
1349417661.796618	1.000014	58.370135	44.042456	0.000000	0.999956	0.003746	1.000000	1.000000	1.000000	0.999957	1.000000	0.999954	1.000000	0.999916	1.000000	0.999999	1.000000	0.999916	0.999935	0.000153	1349417661.796763	1.000014	64.769353	50.329981	0.000000	0.906870	0.994864	0.906870	0.994856	0.906870	0.994852	0.906870	0.994799	0.906872	0.994759	0.906871	0.994765	0.906870	0.994795	0.906869	0.994834	
1349417662.796604	0.999986	58.297542	43.978051	0.000000	0.999957	0.003800	1.000000	0.999958	1.000000	0.999915	1.000000	0.999939	1.000000	0.999823	1.000000	0.999991	1.000000	0.999909	1.002022	0.000009	1349417662.796752	0.999989	64.638038	50.238130	0.000000	0.906993	0.994884	0.906993	0.994871	0.906993	0.994865	0.906994	0.994821	0.906994	0.994735	0.906994	0.994738	0.906993	0.994814	0.906992	0.994852	
1349417663.796604	1.000000	58.276245	43.961761	0.000000	0.999960	0.003676	1.000000	1.000000	1.000000	1.000000	1.000000	1.000000	1.000000	1.000000	1.000000	1.000000	1.000000	0.999883	1.001624	0.000096	1349417663.796743	0.999991	64.699958	50.293073	0.000000	0.907573	0.995026	0.907573	0.995016	0.907573	0.995015	0.907573	0.995004	0.907573	0.995005	0.907573	0.994998	0.907575	0.994932	0.907573	0.994999	
1349417664.796620	1.000016	58.338591	44.012725	0.000000	0.997582	0.003678	0.999991	0.999492	0.999981	0.999543	0.999972	0.999572	0.999999	0.999463	0.999973	0.999579	0.999983	0.999479	0.982063	0.000009	1349417664.796783	1.000040	64.707751	50.289001	0.000000	0.907467	0.994539	0.907466	0.994541	0.907466	0.994452	0.907466	0.994529	0.907463	0.994402	0.907463	0.994410	0.907467	0.994520	0.907476	0.994897	
1349417665.796602	0.999982	715806321.332852	715825878.986434	715840684.950541	0.999971	1.000016	0.999970	1.000028	0.999973	1.000034	0.999970	1.000015	0.999970	1.000018	0.999975	1.000023	0.999972	1.000025	0.999971	1.000019	1349417665.796720	0.999937	715816102.061157	715853680.482468	715872943.557864	0.999972	1.000023	0.999968	1.000020	3.894261	0.256788	0.999971	1.000020	0.999971	1.000020	0.999976	1.000025	0.999973	1.000029	0.999971	1.000019	
1349417666.796601	0.999999	0.000000	0.000000	0.000000	-nan	-nan	-nan	-nan	0.000000	inf	-nan	-nan	-nan	0.000000	-nan	-nan	-nan	-nan	-nan	-nan	1349417666.796676	0.999956	0.000000	0.000000	0.000000	-nan	-nan	-nan	-nan	0.000000	inf	-nan	-nan	-nan	-nan	-nan	-nan	-nan	-nan	-nan	-nan	
