ts_0	elapsed_0	pkg_0	pp0_0	dram_0	freq_ratio_0_0	c0_ratio_0_0	freq_ratio_0_1	c0_ratio_0_1	freq_ratio_0_2	c0_ratio_0_2	freq_ratio_0_3	c0_ratio_0_3	freq_ratio_0_4	c0_ratio_0_4	freq_ratio_0_5	c0_ratio_0_5	freq_ratio_0_6	c0_ratio_0_6	freq_ratio_0_7	c0_ratio_0_7	ts_1	elapsed_1	pkg_1	pp0_1	dram_1	freq_ratio_1_0	c0_ratio_1_0	freq_ratio_1_1	c0_ratio_1_1	freq_ratio_1_2	c0_ratio_1_2	freq_ratio_1_3	c0_ratio_1_3	freq_ratio_1_4	c0_ratio_1_4	freq_ratio_1_5	c0_ratio_1_5	freq_ratio_1_6	c0_ratio_1_6	freq_ratio_1_7	c0_ratio_1_7	
1350066966.927665	1.000270	64.993537	51.750346	3.806880	1.000000	0.587063	1.000000	1.000000	1.000000	1.000000	0.999671	0.001520	1.000000	1.000000	1.000000	1.000000	1.000000	1.000000	1.000000	1.000000	1350066966.927792	1.000297	43.833826	30.636330	1.843828	1.000000	1.000000	1.000000	1.000000	1.000000	1.000000	0.999998	0.003781	1.000001	0.413700	1.031185	0.000007	1.001038	0.000047	0.999662	0.000084	
1350066967.927658	0.999993	61.834000	48.584702	3.789669	0.999952	0.007633	1.000000	1.000000	1.000000	1.000000	0.999922	0.000558	1.000000	1.000000	1.000000	1.000000	1.000000	1.000000	1.000000	1.000000	1350066967.927784	0.999992	47.240556	34.030961	2.476735	1.000000	1.000000	1.000000	1.000000	1.000000	1.000000	1.000009	0.001442	1.000000	1.000000	0.991191	0.000057	0.993589	0.000073	1.000858	0.000031	
1350066968.927657	0.999999	61.613645	48.362076	3.793186	1.000061	0.001915	1.000000	1.000000	1.000000	1.000000	0.999987	0.001357	1.000000	1.000000	1.000000	1.000000	1.000000	1.000000	1.000000	1.000000	1350066968.927776	0.999992	47.282930	34.070207	1.843719	1.000000	1.000000	1.000000	1.000000	1.000000	1.000000	0.999887	0.001419	1.000000	1.000000	1.015615	0.000030	1.007129	0.000069	0.997292	0.000194	
1350066969.927658	1.000001	54.915612	41.662054	3.789776	0.997822	0.000070	1.000000	1.000000	1.000000	1.000000	0.999984	0.000590	1.000000	1.000000	1.000000	1.000000	1.000000	1.000000	0.999952	0.002981	1350066969.927808	1.000032	53.577954	40.361671	1.588008	1.000000	1.000000	1.000000	1.000000	1.000000	1.000000	1.000001	0.997181	1.000000	1.000000	0.999516	0.001180	0.999889	0.000087	1.007711	0.000066	
1350066970.927657	0.999999	55.270911	42.030787	3.793674	1.000208	0.000704	1.000000	1.000000	1.000000	1.000000	0.999996	0.000531	1.000000	1.000000	1.000000	1.000000	1.000000	1.000000	0.999794	0.004590	1350066970.927787	0.999979	53.571498	40.366509	1.743658	1.000000	1.000000	1.000000	1.000000	1.000000	1.000000	1.000000	1.000000	1.000000	1.000000	0.999978	0.001441	1.000605	0.000046	1.000250	0.000090	
1350066971.927657	1.000000	54.889725	41.637161	3.778122	0.999475	0.000322	1.000000	1.000000	1.000000	1.000000	0.999982	0.000854	1.000000	1.000000	1.000000	1.000000	1.000000	1.000000	1.006781	0.000146	1350066971.927804	1.000017	53.638267	40.417742	1.592579	1.000000	1.000000	1.000000	1.000000	1.000000	1.000000	1.000000	1.000000	1.000000	1.000000	0.999994	0.001262	0.999594	0.000092	0.999559	0.000045	
1350066972.927657	1.000000	55.108429	41.852829	3.789490	1.000607	0.000269	1.000000	1.000000	1.000000	1.000000	0.999978	0.000511	1.000000	1.000000	1.000000	1.000000	1.000000	1.000000	1.000004	0.004588	1350066972.927802	0.999998	53.636699	40.417085	1.741397	1.000000	1.000000	1.000000	1.000000	1.000000	1.000000	1.000000	1.000000	1.000000	1.000000	0.999975	0.001405	1.000472	0.000039	1.000345	0.000097	
1350066973.927657	1.000000	54.875549	41.619370	3.793900	1.000003	0.000111	1.000000	1.000000	1.000000	1.000000	0.999975	0.000638	1.000000	1.000000	1.000000	1.000000	1.000000	1.000000	1.001636	0.000136	1350066973.927803	1.000001	53.653223	40.442024	1.588332	1.000000	1.000000	1.000000	1.000000	1.000000	1.000000	1.000000	1.000000	1.000000	1.000000	1.000004	0.001288	0.999768	0.000095	0.999706	0.000106	
1350066974.927657	1.000000	55.112366	41.854599	3.789413	0.999452	0.000254	1.000000	1.000000	1.000000	1.000000	0.999965	0.000516	1.000000	1.000000	1.000000	1.000000	1.000000	1.000000	0.999960	0.004589	1350066974.927804	1.000001	53.629801	40.418922	1.709395	1.000000	1.000000	1.000000	1.000000	1.000000	1.000000	1.000000	1.000000	1.000000	1.000000	0.999878	0.001339	1.001094	0.000039	1.000038	0.000090	
1350066975.927658	1.000001	54.893289	41.632819	3.785671	0.999981	0.002144	1.000000	1.000000	1.000000	1.000000	1.000011	0.000547	1.000000	1.000000	1.000000	1.000000	1.000000	1.000000	0.999947	0.000138	1350066975.927806	1.000002	53.640919	40.430312	1.579892	1.000000	1.000000	1.000000	1.000000	1.000000	1.000000	1.000000	1.000000	1.000000	1.000000	1.000114	0.001296	0.999584	0.000094	0.999557	0.000039	
1350066976.927657	0.999999	55.182670	41.924295	3.801304	0.999974	0.005571	1.000000	1.000000	1.000000	1.000000	0.999993	0.001860	1.000000	1.000000	1.000000	1.000000	1.000000	1.000000	0.999407	0.000008	1350066976.927801	0.999995	53.651270	40.442143	1.837793	1.000000	1.000000	1.000000	1.000000	1.000000	1.000000	1.000000	1.000000	1.000000	1.000000	0.999871	0.001478	1.000900	0.000044	0.999925	0.000087	
1350066977.927657	1.000000	55.149429	41.889496	3.793533	0.999956	0.003901	1.000000	1.000000	1.000000	1.000000	0.999999	0.001144	1.000000	1.000000	1.000000	1.000000	1.000000	1.000000	0.990258	0.000053	1350066977.927798	0.999997	53.649489	40.452365	2.004263	1.000000	1.000000	1.000000	1.000000	1.000000	1.000000	1.000000	1.000000	1.000000	1.000000	1.000095	0.001384	0.999469	0.000100	1.000357	0.000043	
1350066978.927657	1.000000	54.922928	41.667068	3.785675	0.999880	0.000281	1.000000	1.000000	1.000000	1.000000	0.999984	0.001914	1.000000	1.000000	1.000000	1.000000	1.000000	1.000000	0.998812	0.000009	1350066978.927805	1.000007	53.639491	40.447444	1.589024	1.000000	1.000000	1.000000	1.000000	1.000000	1.000000	1.000000	1.000000	1.000000	1.000000	0.999990	0.001290	1.000896	0.000052	1.000129	0.000147	
1350066979.927657	1.000000	55.117126	41.861221	3.793533	1.000883	0.000085	1.000000	1.000000	1.000000	1.000000	0.999992	0.005599	1.000000	1.000000	1.000000	1.000000	1.000000	1.000000	1.007420	0.000071	1350066979.927802	0.999997	53.628447	40.453693	1.770818	1.000000	1.000000	1.000000	1.000000	1.000000	1.000000	1.000000	1.000000	1.000000	1.000000	0.999991	0.002407	0.993203	0.000078	0.983178	0.000037	
1350066980.927657	1.000000	54.886185	41.629593	3.793686	0.999989	0.000271	1.000000	1.000000	1.000000	1.000000	0.999988	0.000542	1.000000	1.000000	1.000000	1.000000	1.000000	1.000000	1.000366	0.000008	1350066980.927801	0.999999	53.645208	40.457329	1.609117	1.000000	1.000000	1.000000	1.000000	1.000000	1.000000	1.000000	1.000000	1.000000	1.000000	0.999970	0.001461	1.010158	0.000052	1.000577	0.000116	
1350066981.927657	1.000000	54.900574	41.643280	3.778458	0.999450	0.000061	1.000000	1.000000	1.000000	1.000000	0.999978	0.000840	1.000000	1.000000	1.000000	1.000000	1.000000	1.000000	0.999985	0.000052	1350066981.927802	1.000001	53.690211	40.501503	1.585295	1.000000	1.000000	1.000000	1.000000	1.000000	1.000000	1.000000	1.000000	1.000000	1.000000	0.999924	0.002221	0.999393	0.000086	1.009904	0.000055	
1350066982.927658	1.000001	54.746347	41.501868	3.804959	0.999874	0.000635	1.000000	1.000000	1.000000	1.000000	0.999955	0.000529	1.000000	1.000000	1.000000	1.000000	1.000000	1.000000	0.999885	0.000017	1350066982.927801	0.999999	53.350072	40.160027	1.589540	1.000000	1.000000	1.000000	1.000000	1.000000	1.000000	1.000000	1.000000	1.000000	1.000000	0.999978	0.001329	1.001052	0.000046	1.000004	0.000094	
1350066983.927657	0.999999	54.884498	41.628809	3.774586	1.000810	0.000201	1.000000	1.000000	1.000000	1.000000	0.999973	0.000549	1.000000	1.000000	1.000000	1.000000	1.000000	1.000000	0.999985	0.000051	1350066983.927813	1.000012	53.713395	40.523733	1.601711	1.000000	1.000000	1.000000	1.000000	1.000000	1.000000	1.000000	1.000000	1.000000	1.000000	0.999982	0.001606	0.999647	0.000097	0.999863	0.000093	
1350066984.927657	1.000000	55.060913	41.804306	3.809143	1.000011	0.000415	1.000000	1.000000	1.000000	1.000000	0.999993	0.004030	1.000000	1.000000	1.000000	1.000000	1.000000	1.000000	1.000092	0.000008	1350066984.927802	0.999989	53.699106	40.510042	1.854131	1.000000	1.000000	1.000000	1.000000	1.000000	1.000000	1.000000	1.000000	1.000000	1.000000	1.000115	0.001146	1.000870	0.000047	1.000137	0.000084	
1350066985.927657	1.000000	55.043518	41.789047	3.789597	1.000012	0.004700	1.000000	1.000000	1.000000	1.000000	1.000002	0.002534	1.000000	1.000000	1.000000	1.000000	1.000000	1.000000	0.999978	0.000052	1350066985.927820	1.000018	53.700898	40.511620	1.760802	1.000000	1.000000	1.000000	1.000000	1.000000	1.000000	1.000000	1.000000	1.000000	1.000000	0.999977	0.001262	0.999711	0.000087	0.999971	0.000040	
1350066986.927657	1.000000	55.173859	41.917389	3.782196	0.999971	0.005254	1.000000	1.000000	1.000000	1.000000	0.999991	0.001792	1.000000	1.000000	1.000000	1.000000	1.000000	1.000000	0.999407	0.000008	1350066986.927794	0.999974	53.685721	40.495941	1.694517	1.000000	1.000000	1.000000	1.000000	1.000000	1.000000	1.000000	1.000000	1.000000	1.000000	0.999885	0.001223	1.000696	0.000038	1.000147	0.000071	
1350066987.927657	1.000000	55.061325	41.808731	3.793747	0.999944	0.004077	1.000000	1.000000	1.000000	1.000000	0.999978	0.000504	1.000000	1.000000	1.000000	1.000000	1.000000	1.000000	1.000433	0.000052	1350066987.927806	1.000012	53.668550	40.478766	1.668544	1.000000	1.000000	1.000000	1.000000	1.000000	1.000000	1.000000	1.000000	1.000000	1.000000	1.000073	0.001475	0.999736	0.000090	0.999706	0.000043	
1350066988.927657	1.000000	54.894974	41.639465	3.800491	0.999811	0.000409	1.000000	1.000000	1.000000	1.000000	0.999632	0.000552	1.000000	1.000000	1.000000	1.000000	1.000000	1.000000	1.000046	0.000008	1350066988.927800	0.999994	53.593276	40.418591	1.590921	1.000000	1.000000	1.000000	1.000000	1.000000	1.000000	1.000000	1.000000	1.000000	1.000000	0.999880	0.001338	0.999954	0.000059	0.999988	0.000132	
1350066989.927657	1.000000	54.876724	41.622910	3.789566	1.000085	0.000177	1.000000	1.000000	1.000000	1.000000	1.000348	0.000529	1.000000	1.000000	1.000000	1.000000	1.000000	1.000000	0.989573	0.000050	1350066989.927799	0.999999	53.663931	40.475167	1.597002	1.000000	1.000000	1.000000	1.000000	1.000000	1.000000	1.000000	1.000000	1.000000	1.000000	0.999992	0.001789	0.999700	0.000091	1.000649	0.000045	
1350066990.927657	1.000000	56.405167	43.147018	3.800247	0.999984	0.003796	1.000000	1.000000	1.000000	1.000000	0.999957	0.003583	1.000000	1.000000	1.000000	1.000000	1.000000	1.000000	0.999985	0.002953	1350066990.927781	0.999982	54.168281	40.978852	2.112892	1.000000	1.000000	1.000000	1.000000	1.000000	1.000000	1.000000	1.000000	1.000000	1.000000	0.999975	0.008137	0.999995	0.004297	0.999995	0.003620	
1350066991.927658	1.000001	54.996423	41.737128	3.789807	1.000070	0.001268	1.000000	1.000000	1.000000	1.000000	1.000077	0.001776	1.000000	1.000000	1.000000	1.000000	1.000000	1.000000	1.007296	0.000075	1350066991.927806	1.000025	53.911874	40.722308	2.121041	1.000000	1.000000	1.000000	1.000000	1.000000	1.000000	1.000000	1.000000	1.000000	1.000000	1.000126	0.001083	0.999826	0.003672	0.987196	0.000050	
1350066992.927657	0.999999	55.062827	41.805109	3.770572	1.000009	0.000406	1.000000	1.000000	1.000000	1.000000	0.999935	0.003438	1.000000	1.000000	1.000000	1.000000	1.000000	1.000000	0.998995	0.000008	1350066992.927804	0.999998	53.659267	40.470506	1.637241	1.000000	1.000000	1.000000	1.000000	1.000000	1.000000	1.000000	1.000000	1.000000	1.000000	0.999999	0.001230	1.004669	0.000107	1.005273	0.000119	
1350066993.927657	1.000000	54.986649	41.741486	3.805023	0.999919	0.000206	1.000000	1.000000	1.000000	1.000000	1.000039	0.003512	1.000000	1.000000	1.000000	1.000000	1.000000	1.000000	1.000147	0.000052	1350066993.927807	1.000003	53.662477	40.472897	1.713007	1.000000	1.000000	1.000000	1.000000	1.000000	1.000000	1.000000	1.000000	1.000000	1.000000	0.999978	0.001181	0.999827	0.000121	0.999665	0.000081	
1350066994.927657	1.000000	55.031418	41.774750	3.786163	0.999705	0.000389	1.000000	1.000000	1.000000	1.000000	0.999999	0.003364	1.000000	1.000000	1.000000	1.000000	1.000000	1.000000	0.999954	0.000008	1350066994.927802	0.999995	53.653589	40.465306	1.618996	1.000000	1.000000	1.000000	1.000000	1.000000	1.000000	1.000000	1.000000	1.000000	1.000000	0.999872	0.001223	1.000913	0.000052	1.000297	0.000082	
1350066995.927657	1.000000	55.001068	41.743896	3.797302	1.000044	0.002106	1.000000	1.000000	1.000000	1.000000	0.999985	0.002119	1.000000	1.000000	1.000000	1.000000	1.000000	1.000000	0.998087	0.000053	1350066995.927807	1.000005	53.649863	40.459819	1.591362	1.000000	1.000000	1.000000	1.000000	1.000000	1.000000	1.000000	1.000000	1.000000	1.000000	0.999993	0.001197	0.999718	0.000089	0.999732	0.000037	
1350066996.927657	1.000000	55.183945	41.925461	3.789841	0.999969	0.005305	1.000000	1.000000	1.000000	1.000000	0.999883	0.001821	1.000000	1.000000	1.000000	1.000000	1.000000	1.000000	1.008945	0.000008	1350066996.927803	0.999996	53.653782	40.464260	1.746681	1.000000	1.000000	1.000000	1.000000	1.000000	1.000000	1.000000	1.000000	1.000000	1.000000	1.000106	0.001259	1.000417	0.000044	1.000128	0.000075	
1350066997.927657	1.000000	55.181168	41.924072	3.789810	0.999972	0.006101	1.000000	1.000000	1.000000	1.000000	1.000373	0.000533	1.000000	1.000000	1.000000	1.000000	1.000000	1.000000	1.000481	0.000050	1350066997.927804	1.000001	53.582804	40.406501	1.725203	1.000000	1.000000	1.000000	1.000000	1.000000	1.000000	1.000000	1.000000	1.000000	1.000000	0.999873	0.001230	0.999653	0.000084	0.999305	0.000037	
1350066998.927660	1.000003	715820260.159098	715797840.738565	715760356.365137	0.999989	1.000208	0.999986	1.000211	0.999997	1.000209	0.999989	1.000210	0.999989	1.000211	0.999992	1.000207	0.999989	1.000212	0.999989	1.000210	1350066998.927756	0.999952	715818178.291263	715817902.636878	715815455.849488	0.999988	1.000206	0.999986	1.000211	3.893101	0.256917	0.999989	1.000209	0.999989	1.000212	0.999992	1.000207	0.999989	1.000212	0.999989	1.000210	
1350066999.927658	0.999998	0.000000	0.000000	0.000000	-nan	-nan	-nan	-nan	0.000000	inf	-nan	-nan	-nan	0.000000	0.000000	inf	-nan	-nan	-nan	-nan	1350066999.927729	0.999973	0.000000	0.000000	0.000000	-nan	-nan	-nan	-nan	0.000000	inf	-nan	-nan	-nan	-nan	-nan	-nan	-nan	-nan	-nan	-nan	
