ts_0	elapsed_0	pkg_0	pp0_0	dram_0	freq_ratio_0_0	c0_ratio_0_0	freq_ratio_0_1	c0_ratio_0_1	freq_ratio_0_2	c0_ratio_0_2	freq_ratio_0_3	c0_ratio_0_3	freq_ratio_0_4	c0_ratio_0_4	freq_ratio_0_5	c0_ratio_0_5	freq_ratio_0_6	c0_ratio_0_6	freq_ratio_0_7	c0_ratio_0_7	ts_1	elapsed_1	pkg_1	pp0_1	dram_1	freq_ratio_1_0	c0_ratio_1_0	freq_ratio_1_1	c0_ratio_1_1	freq_ratio_1_2	c0_ratio_1_2	freq_ratio_1_3	c0_ratio_1_3	freq_ratio_1_4	c0_ratio_1_4	freq_ratio_1_5	c0_ratio_1_5	freq_ratio_1_6	c0_ratio_1_6	freq_ratio_1_7	c0_ratio_1_7	
1350066966.929209	1.000256	66.779806	53.547644	3.801990	0.999899	0.003802	1.000000	1.000000	1.000000	1.000000	1.000000	1.000000	1.000000	1.000000	1.000000	1.000000	1.000000	1.000000	1.000000	1.000000	1350066966.929280	1.000272	40.862023	27.636037	2.438652	1.000000	1.000000	1.000000	1.000000	1.000000	1.000000	1.003538	0.000111	0.977204	0.000009	0.997784	0.000088	0.978177	0.000009	0.998566	0.000159	
1350066967.929196	0.999987	66.821189	53.589188	3.801426	0.999987	0.002244	1.000000	1.000000	1.000000	1.000000	1.000000	1.000000	1.000000	1.000000	1.000000	1.000000	1.000000	1.000000	1.000000	1.000000	1350066967.929264	0.999984	40.954588	27.716690	2.314093	1.000000	1.000000	1.000000	1.000000	1.000000	1.000000	1.003085	0.000060	1.002340	0.000088	1.001432	0.000132	0.999698	0.000077	1.000110	0.000098	
1350066968.929195	0.999999	66.824191	53.603338	3.793720	0.999980	0.004621	1.000000	1.000000	1.000000	1.000000	1.000000	1.000000	1.000000	1.000000	1.000000	1.000000	1.000000	1.000000	1.000000	1.000000	1350066968.929262	0.999998	40.999193	27.758842	2.304295	1.000000	1.000000	1.000000	1.000000	1.000000	1.000000	0.999986	0.000054	0.999828	0.000020	1.000045	0.000077	1.010213	0.000021	1.002537	0.000082	
1350066969.929195	1.000000	62.356995	49.109116	3.781906	0.999965	0.002501	0.999998	0.294767	1.000000	1.000000	1.000000	1.000000	1.000000	1.000000	1.000000	1.000000	1.000000	1.000000	1.000000	1.000000	1350066969.929291	1.000029	45.120544	31.879459	2.256831	1.000000	1.000000	1.000000	1.000000	1.000000	1.000000	1.000000	0.705402	0.999118	0.000204	0.998362	0.000118	0.996534	0.000058	0.998730	0.000172	
1350066970.929195	1.000000	60.305389	47.084900	3.797165	0.999991	0.002423	1.000519	0.000021	1.000000	1.000000	1.000000	1.000000	1.000000	1.000000	1.000000	1.000000	1.000000	1.000000	1.000000	1.000000	1350066970.929287	0.999996	46.750952	33.521315	2.242563	1.000000	1.000000	1.000000	1.000000	1.000000	1.000000	1.000000	1.000000	1.012295	0.000014	1.001275	0.000151	1.014919	0.000013	1.002965	0.000070	
1350066971.929202	1.000007	60.405603	47.171274	3.797413	0.999999	0.002244	1.000038	0.000071	1.000000	1.000000	1.000000	1.000000	1.000000	1.000000	1.000000	1.000000	1.000000	1.000000	1.000000	1.000000	1350066971.929296	1.000009	46.795658	33.552232	2.307276	1.000000	1.000000	1.000000	1.000000	1.000000	1.000000	1.000000	1.000000	0.998074	0.000104	0.998176	0.000108	0.997013	0.000061	0.997711	0.000085	
1350066972.929195	0.999993	60.405096	47.170217	3.797664	1.000100	0.002362	1.000055	0.000021	1.000000	1.000000	1.000000	1.000000	1.000000	1.000000	1.000000	1.000000	1.000000	1.000000	1.000000	1.000000	1350066972.929284	0.999988	46.822442	33.578495	2.226223	1.000000	1.000000	1.000000	1.000000	1.000000	1.000000	1.000000	1.000000	1.014925	0.000014	1.002318	0.000084	1.013532	0.000013	1.001877	0.000076	
1350066973.929195	1.000000	60.414810	47.180954	3.789322	0.999859	0.002174	0.990728	0.000072	1.000000	1.000000	1.000000	1.000000	1.000000	1.000000	1.000000	1.000000	1.000000	1.000000	1.000000	1.000000	1350066973.929287	1.000003	46.821739	33.577868	2.253030	1.000000	1.000000	1.000000	1.000000	1.000000	1.000000	1.000000	1.000000	0.998950	0.000092	0.998170	0.000112	0.996069	0.000055	0.999148	0.000212	
1350066974.929195	1.000000	60.444290	47.209869	3.801468	0.999962	0.002799	1.017883	0.000036	1.000000	1.000000	1.000000	1.000000	1.000000	1.000000	1.000000	1.000000	1.000000	1.000000	1.000000	1.000000	1350066974.929287	1.000000	46.829559	33.586746	2.406799	1.000000	1.000000	1.000000	1.000000	1.000000	1.000000	1.000000	1.000000	1.004780	0.000021	1.004674	0.000088	1.010708	0.000020	1.003244	0.000076	
1350066975.929195	1.000000	60.439789	47.204254	3.793045	1.000001	0.002220	0.999966	0.000057	1.000000	1.000000	1.000000	1.000000	1.000000	1.000000	1.000000	1.000000	1.000000	1.000000	1.000000	1.000000	1350066975.929286	0.999999	46.839171	33.595064	2.314669	1.000000	1.000000	1.000000	1.000000	1.000000	1.000000	1.000000	1.000000	0.999982	0.000147	0.999073	0.000229	0.999945	0.000077	0.999915	0.000123	
1350066976.929195	1.000000	60.436768	47.201263	3.800888	0.999970	0.002353	1.000663	0.000021	1.000000	1.000000	1.000000	1.000000	1.000000	1.000000	1.000000	1.000000	1.000000	1.000000	1.000000	1.000000	1350066976.929287	1.000001	46.845857	33.601347	2.264631	1.000000	1.000000	1.000000	1.000000	1.000000	1.000000	1.000000	1.000000	1.000840	0.000022	1.000014	0.000083	0.999128	0.000013	1.000020	0.000097	
1350066977.929195	1.000000	60.392059	47.167145	3.797516	0.999974	0.002240	0.999659	0.000046	1.000000	1.000000	1.000000	1.000000	1.000000	1.000000	1.000000	1.000000	1.000000	1.000000	1.000000	1.000000	1350066977.929288	1.000001	46.848985	33.603148	2.355192	1.000000	1.000000	1.000000	1.000000	1.000000	1.000000	0.999999	1.000000	1.000106	0.000094	0.999224	0.000126	0.996839	0.000058	0.998546	0.000160	
1350066978.929195	1.000000	60.490219	47.248642	3.808777	1.000001	0.006989	1.000568	0.000021	1.000000	1.000000	1.000000	1.000000	1.000000	1.000000	1.000000	1.000000	1.000000	1.000000	1.000000	1.000000	1350066978.929292	1.000004	46.843682	33.596101	2.250464	1.000000	1.000000	1.000000	1.000000	1.000000	1.000000	1.000001	1.000000	1.004410	0.000021	1.001410	0.000077	1.009305	0.000021	1.003018	0.000069	
1350066979.929195	1.000000	61.793732	48.553329	3.797012	0.999989	0.002794	0.999953	0.003207	1.000000	1.000000	1.000000	1.000000	1.000000	1.000000	1.000000	1.000000	1.000000	1.000000	1.000000	1.000000	1350066979.929269	0.999977	46.844334	33.597235	2.489071	1.000000	1.000000	1.000000	1.000000	1.000000	1.000000	1.000000	1.000000	0.998230	0.000064	0.999993	0.000111	0.999881	0.000061	0.999023	0.000077	
1350066980.929202	1.000007	61.233295	47.994526	3.801426	0.999988	0.004792	0.999976	0.006484	1.000000	1.000000	1.000000	1.000000	1.000000	1.000000	1.000000	1.000000	1.000000	1.000000	1.000000	1.000000	1350066980.929285	1.000016	46.784058	33.549238	2.700717	1.000000	1.000000	1.000000	1.000000	1.000000	1.000000	1.000000	1.000000	1.001698	0.000014	1.001271	0.000137	0.999739	0.000013	1.001505	0.000067	
1350066981.929195	0.999993	61.075465	47.837199	3.801097	0.999997	0.006562	0.999839	0.003827	1.000000	1.000000	1.000000	1.000000	1.000000	1.000000	1.000000	1.000000	1.000000	1.000000	1.000000	1.000000	1350066981.929284	0.999999	46.817565	33.568529	2.691165	1.000000	1.000000	1.000000	1.000000	1.000000	1.000000	1.000000	1.000000	0.999868	0.000067	0.998136	0.000109	1.000500	0.000045	0.999846	0.000093	
1350066982.929195	1.000000	60.592560	47.355270	3.805283	0.999987	0.007901	1.000043	0.000226	1.000000	1.000000	1.000000	1.000000	1.000000	1.000000	1.000000	1.000000	1.000000	1.000000	1.000000	1.000000	1350066982.929286	1.000002	46.562747	33.314252	2.664897	1.000000	1.000000	1.000000	1.000000	1.000000	1.000000	1.000000	1.000000	0.999705	0.000022	0.999974	0.000076	0.999734	0.000022	1.000276	0.000080	
1350066983.929196	1.000001	60.668567	47.427369	3.801373	1.000007	0.004750	0.999995	0.000495	1.000000	1.000000	1.000000	1.000000	1.000000	1.000000	1.000000	1.000000	1.000000	1.000000	1.000000	1.000000	1350066983.929270	0.999984	46.854432	33.606433	2.472421	1.000000	1.000000	1.000000	1.000000	1.000000	1.000000	1.000000	1.000000	0.999961	0.000070	0.999042	0.000111	0.995648	0.000049	0.997182	0.000081	
1350066984.929195	0.999999	60.690732	47.464523	3.805301	0.999985	0.002227	0.999980	0.004588	1.000000	1.000000	1.000000	1.000000	1.000000	1.000000	1.000000	1.000000	1.000000	1.000000	1.000000	1.000000	1350066984.929282	1.000012	46.855139	33.608547	2.557098	1.000000	1.000000	1.000000	1.000000	1.000000	1.000000	1.000000	1.000000	0.999489	0.000020	1.001341	0.000088	1.010099	0.000020	1.002865	0.000073	
1350066985.929195	1.000000	60.530060	47.291687	3.797531	0.999969	0.001773	0.999963	0.001102	1.000000	1.000000	1.000000	1.000000	1.000000	1.000000	1.000000	1.000000	1.000000	1.000000	1.000000	1.000000	1350066985.929305	1.000023	46.905878	33.658013	2.413733	1.000000	1.000000	1.000000	1.000000	1.000000	1.000000	1.000000	1.000000	1.000361	0.000062	0.999978	0.000726	0.999979	0.000054	0.999989	0.000108	
1350066986.929195	1.000000	60.513382	47.271866	3.805496	0.999979	0.002033	0.999986	0.000465	1.000000	1.000000	1.000000	1.000000	1.000000	1.000000	1.000000	1.000000	1.000000	1.000000	1.000000	1.000000	1350066986.929288	0.999983	46.967683	33.718649	2.424846	1.000000	1.000000	1.000000	1.000000	1.000000	1.000000	1.000000	1.000000	0.998334	0.000014	0.999978	0.002106	0.998869	0.000013	0.999127	0.000086	
1350066987.929195	1.000000	60.511017	47.272568	3.804733	1.000008	0.001838	0.999969	0.000472	1.000000	1.000000	1.000000	1.000000	1.000000	1.000000	1.000000	1.000000	1.000000	1.000000	1.000000	1.000000	1350066987.929291	1.000003	47.053275	33.806109	2.448433	1.000000	1.000000	1.000000	1.000000	1.000000	1.000000	1.000000	1.000000	0.997921	0.000091	0.999940	0.004492	0.997842	0.000087	1.000592	0.000093	
1350066988.929195	1.000000	58.634827	45.395981	3.782211	0.999989	0.006676	0.999983	0.003333	1.000000	1.000000	0.999999	0.649669	1.000000	1.000000	1.000000	1.000000	1.000000	1.000000	1.000000	1.000000	1350066988.929314	1.000023	49.040397	35.794530	2.700011	1.000000	1.000000	1.000000	1.000000	1.000000	1.000000	1.000000	1.000000	1.000000	0.350386	1.000292	0.000639	1.010090	0.000021	1.000330	0.000074	
1350066989.929195	1.000000	54.523682	41.282578	3.801224	0.999998	0.004014	1.000041	0.006657	1.000000	1.000000	1.000529	0.000036	1.000000	1.000000	1.000000	1.000000	1.000000	1.000000	1.000000	1.000000	1350066989.929312	0.999998	53.058542	39.809188	2.722433	1.000000	1.000000	1.000000	1.000000	1.000000	1.000000	1.000000	1.000000	1.000001	1.000000	0.999853	0.000113	0.999462	0.000049	0.999679	0.000084	
1350066990.929202	1.000007	54.398992	41.159505	3.804188	0.999991	0.005410	0.999927	0.007861	1.000000	1.000000	0.999990	0.003059	1.000000	1.000000	1.000000	1.000000	1.000000	1.000000	1.000000	1.000000	1350066990.929323	1.000011	53.247692	40.013782	2.626024	1.000000	1.000000	1.000000	1.000000	1.000000	1.000000	1.000000	1.000000	1.000000	1.000000	0.999885	0.006796	1.000002	0.003051	1.000002	0.002967	
1350066991.929201	0.999999	54.099829	40.863427	3.804951	0.999992	0.002787	0.999967	0.000507	1.000000	1.000000	1.000653	0.000037	1.000000	1.000000	1.000000	1.000000	1.000000	1.000000	1.000000	1.000000	1350066991.929319	0.999996	53.174273	39.925043	2.417643	1.000000	1.000000	1.000000	1.000000	1.000000	1.000000	1.000000	1.000000	1.000000	1.000000	1.000219	0.002188	0.994046	0.000039	0.998213	0.000111	
1350066992.929195	0.999994	54.168704	40.946594	3.778572	0.999983	0.005354	0.999965	0.000435	1.000000	1.000000	0.999843	0.000020	1.000000	1.000000	1.000000	1.000000	1.000000	1.000000	1.000000	1.000000	1350066992.929318	0.999999	53.094487	39.842415	2.543353	1.000000	1.000000	1.000000	1.000000	1.000000	1.000000	1.000000	1.000000	1.000000	1.000000	1.002732	0.000038	1.017665	0.000013	1.002216	0.000097	
1350066993.929202	1.000007	54.112709	40.877830	3.794133	1.000007	0.003215	0.999998	0.000492	1.000000	1.000000	0.999992	0.000046	1.000000	1.000000	1.000000	1.000000	1.000000	1.000000	1.000000	1.000000	1350066993.929322	1.000004	53.115568	39.867316	2.402838	1.000000	1.000000	1.000000	1.000000	1.000000	1.000000	1.000000	1.000000	1.000000	1.000000	1.000356	0.000075	0.995774	0.000048	0.998265	0.000127	
1350066994.929195	0.999993	54.028389	40.793617	3.782573	0.999982	0.002351	0.999972	0.000429	1.000000	1.000000	0.998968	0.000020	1.000000	1.000000	1.000000	1.000000	1.000000	1.000000	1.000000	1.000000	1350066994.929315	0.999993	53.102632	39.853089	2.326524	1.000000	1.000000	1.000000	1.000000	1.000000	1.000000	1.000000	1.000000	1.000000	1.000000	1.000997	0.000062	1.009588	0.000020	1.001883	0.000105	
1350066995.929195	1.000000	54.033493	40.798798	3.793457	0.999982	0.001961	1.000005	0.000488	1.000000	1.000000	1.000353	0.000045	1.000000	1.000000	1.000000	1.000000	1.000000	1.000000	1.000000	1.000000	1350066995.929314	0.999999	54.385718	41.142846	2.627902	1.000000	1.000000	1.000000	1.000000	1.000000	1.000000	1.000000	1.000000	1.000000	1.000000	0.998681	0.000147	0.999837	0.004471	0.997275	0.000105	
1350066996.929195	1.000000	54.337173	41.103455	3.805359	0.999986	0.007264	1.001074	0.000510	1.000000	1.000000	0.999129	0.000020	1.000000	1.000000	1.000000	1.000000	1.000000	1.000000	1.000000	1.000000	1350066996.929313	0.999999	53.537847	40.297066	2.615969	1.000000	1.000000	1.000000	1.000000	1.000000	1.000000	1.000000	1.000000	1.000000	1.000000	1.005688	0.000039	0.982302	0.000008	1.003000	0.000095	
1350066997.929195	1.000000	54.583862	41.348938	3.801392	1.000010	0.008255	0.998960	0.000569	1.000000	1.000000	1.000563	0.000043	1.000000	1.000000	1.000000	1.000000	1.000000	1.000000	1.000000	1.000000	1350066997.929312	0.999999	53.102178	39.862694	2.621447	1.000000	1.000000	1.000000	1.000000	1.000000	1.000000	1.000000	1.000000	1.000000	1.000000	0.999719	0.000086	1.017419	0.000051	1.000054	0.000121	
1350066998.929197	1.000002	715780671.297960	715824689.770703	715806873.187025	0.999986	1.000191	0.999984	1.000196	0.999994	1.000193	0.999986	1.000191	0.999986	1.000194	0.999989	1.000190	0.999986	1.000195	0.999986	1.000193	1350066998.929300	0.999988	715833472.789011	715802126.145921	715809046.452141	0.999986	1.000192	0.999984	1.000194	3.893280	0.256901	0.999986	1.000192	0.999986	1.000195	0.999989	1.000190	0.999986	1.000194	0.999986	1.000193	
1350066999.929196	0.999999	0.000000	0.000000	0.000000	-nan	-nan	-nan	-nan	8.000000	inf	-nan	-nan	-nan	0.000000	-nan	-nan	-nan	-nan	-nan	-nan	1350066999.929266	0.999966	0.000000	0.000000	0.000000	-nan	-nan	-nan	-nan	0.000000	inf	-nan	-nan	-nan	-nan	-nan	-nan	-nan	-nan	-nan	-nan	
