ts_0	elapsed_0	pkg_0	pp0_0	dram_0	freq_ratio_0_0	c0_ratio_0_0	freq_ratio_0_1	c0_ratio_0_1	freq_ratio_0_2	c0_ratio_0_2	freq_ratio_0_3	c0_ratio_0_3	freq_ratio_0_4	c0_ratio_0_4	freq_ratio_0_5	c0_ratio_0_5	freq_ratio_0_6	c0_ratio_0_6	freq_ratio_0_7	c0_ratio_0_7	ts_1	elapsed_1	pkg_1	pp0_1	dram_1	freq_ratio_1_0	c0_ratio_1_0	freq_ratio_1_1	c0_ratio_1_1	freq_ratio_1_2	c0_ratio_1_2	freq_ratio_1_3	c0_ratio_1_3	freq_ratio_1_4	c0_ratio_1_4	freq_ratio_1_5	c0_ratio_1_5	freq_ratio_1_6	c0_ratio_1_6	freq_ratio_1_7	c0_ratio_1_7	
1350066966.927256	1.000271	68.292278	55.126048	6.107414	0.999980	0.034732	1.000000	1.000000	1.000000	1.000000	1.000000	1.000000	1.000000	1.000000	1.000000	1.000000	1.000000	1.000000	1.000000	1.000000	1350066966.927344	1.000267	41.077212	27.883759	2.916366	1.000001	0.969556	1.000000	1.000000	1.000000	1.000000	1.000884	0.000585	1.006857	0.000093	1.013449	0.000040	0.999542	0.000072	0.999110	0.000019	
1350066967.927249	0.999993	67.832454	54.654125	6.115277	0.999942	0.002408	1.000000	1.000000	1.000000	1.000000	1.000000	1.000000	1.000000	1.000000	1.000000	1.000000	1.000000	1.000000	1.000000	1.000000	1350066967.927334	0.999990	41.293169	28.086265	2.735440	1.000000	1.000000	1.000000	1.000000	1.000000	1.000000	0.999856	0.000085	0.999691	0.000057	0.999473	0.000077	0.999997	0.000471	1.000000	0.000112	
1350066968.927248	0.999999	67.848774	54.665549	6.121405	1.000004	0.002387	1.000000	1.000000	1.000000	1.000000	1.000000	1.000000	1.000000	1.000000	1.000000	1.000000	1.000000	1.000000	1.000000	1.000000	1350066968.927333	0.999999	41.313913	28.103130	2.707568	1.000000	1.000000	1.000000	1.000000	1.000000	1.000000	1.000159	0.000041	1.001329	0.000012	1.002764	0.000012	1.000094	0.000107	1.000065	0.000012	
1350066969.927249	1.000001	67.926510	54.742212	6.139887	1.000005	0.002398	1.000000	1.000000	1.000000	1.000000	1.000000	1.000000	1.000000	1.000000	1.000000	1.000000	1.000000	1.000000	1.000000	1.000000	1350066969.927350	1.000017	41.508666	28.298715	2.760085	1.000000	1.000000	1.000000	1.000000	1.000000	1.000000	0.999965	0.003299	0.999962	0.000061	0.999982	0.000065	0.996180	0.000141	0.999433	0.000055	
1350066970.927248	0.999999	67.967808	54.791343	6.121405	1.000028	0.002324	1.000000	1.000000	1.000000	1.000000	1.000000	1.000000	1.000000	1.000000	1.000000	1.000000	1.000000	1.000000	1.000000	1.000000	1350066970.927348	0.999998	41.329943	28.132607	2.715597	1.000000	1.000000	1.000000	1.000000	1.000000	1.000000	1.000083	0.000065	1.000062	0.000019	0.999876	0.000019	1.000252	0.002115	1.002853	0.000012	
1350066971.927249	1.000001	67.876644	54.717767	6.121393	0.999919	0.002431	1.000000	1.000000	1.000000	1.000000	1.000000	1.000000	1.000000	1.000000	1.000000	1.000000	1.000000	1.000000	1.000000	1.000000	1350066971.927338	0.999990	41.505512	28.295709	2.751080	1.000000	1.000000	1.000000	1.000000	1.000000	1.000000	1.000097	0.001990	1.000130	0.000098	0.999993	0.000105	0.999988	0.000157	0.996084	0.000166	
1350066972.927249	1.000000	67.943100	54.784714	6.127563	1.000005	0.002198	1.000000	1.000000	1.000000	1.000000	1.000000	1.000000	1.000000	1.000000	1.000000	1.000000	1.000000	1.000000	1.000000	1.000000	1350066972.927340	1.000002	41.363950	28.152900	2.704966	1.000000	1.000000	1.000000	1.000000	1.000000	1.000000	0.961894	0.000007	0.995640	0.000007	0.997630	0.000007	0.999964	0.000412	1.030587	0.000021	
1350066973.927249	1.000000	67.950348	54.795471	6.121399	0.999982	0.002452	1.000000	1.000000	1.000000	1.000000	1.000000	1.000000	1.000000	1.000000	1.000000	1.000000	1.000000	1.000000	1.000000	1.000000	1350066973.927338	0.999998	41.436358	28.225701	2.752630	1.000000	1.000000	1.000000	1.000000	1.000000	1.000000	0.999968	0.001517	1.000241	0.000062	1.000137	0.000068	1.000005	0.000142	0.999589	0.000054	
1350066974.927248	0.999999	67.962666	54.809562	6.096747	1.000082	0.002136	1.000000	1.000000	1.000000	1.000000	1.000000	1.000000	1.000000	1.000000	1.000000	1.000000	1.000000	1.000000	1.000000	1.000000	1350066974.927334	0.999996	41.355560	28.144996	2.717662	1.000000	1.000000	1.000000	1.000000	1.000000	1.000000	0.998130	0.000007	1.000000	0.000012	1.000423	0.000012	1.000054	0.000064	1.001781	0.000012	
1350066975.927249	1.000001	67.981319	54.831414	6.121393	0.999889	0.002434	1.000000	1.000000	1.000000	1.000000	1.000000	1.000000	1.000000	1.000000	1.000000	1.000000	1.000000	1.000000	1.000000	1.000000	1350066975.927341	1.000007	41.478565	28.267963	2.725430	1.000000	1.000000	1.000000	1.000000	1.000000	1.000000	0.999979	0.001875	1.000240	0.000051	0.999964	0.000054	0.999692	0.000128	0.999838	0.000150	
1350066976.927248	0.999999	67.989780	54.839454	6.121405	0.999958	0.002208	1.000000	1.000000	1.000000	1.000000	1.000000	1.000000	1.000000	1.000000	1.000000	1.000000	1.000000	1.000000	1.000000	1.000000	1350066976.927339	0.999998	41.387683	28.176934	2.710164	1.000000	1.000000	1.000000	1.000000	1.000000	1.000000	0.999843	0.000007	0.998889	0.000012	0.998520	0.000012	1.000508	0.000113	0.999452	0.000012	
1350066977.927249	1.000001	68.011227	54.860894	6.109064	1.000004	0.002509	1.000000	1.000000	1.000000	1.000000	1.000000	1.000000	1.000000	1.000000	1.000000	1.000000	1.000000	1.000000	1.000000	1.000000	1350066977.927340	1.000001	41.496741	28.300144	2.758130	1.000000	1.000000	1.000000	1.000000	1.000000	1.000000	0.999966	0.003160	0.999848	0.000053	1.000054	0.000064	0.999874	0.000420	0.999836	0.000059	
1350066978.927249	1.000000	61.830368	48.669846	6.127563	0.999968	0.002302	0.999989	0.039303	1.000000	1.000000	1.000000	1.000000	1.000000	1.000000	1.000000	1.000000	1.000000	1.000000	1.000000	1.000000	1350066978.927358	1.000018	47.297982	34.088075	2.713895	1.000000	1.000000	1.000000	1.000000	1.000000	1.000000	0.999953	0.000313	1.000001	0.960803	1.000894	0.000012	1.000506	0.000105	1.002917	0.000012	
1350066979.927249	1.000000	61.691132	48.519333	6.109070	0.999996	0.002346	1.000152	0.000074	1.000000	1.000000	1.000000	1.000000	1.000000	1.000000	1.000000	1.000000	1.000000	1.000000	1.000000	1.000000	1350066979.927370	1.000012	47.709453	34.498673	2.721189	1.000000	1.000000	1.000000	1.000000	1.000000	1.000000	0.999968	0.003443	1.000000	1.000000	0.999784	0.000066	0.992349	0.000095	0.999783	0.000119	
1350066980.927262	1.000013	61.713317	48.545018	6.108990	1.000029	0.002289	0.993997	0.000036	1.000000	1.000000	1.000000	1.000000	1.000000	1.000000	1.000000	1.000000	1.000000	1.000000	1.000000	1.000000	1350066980.927371	1.000001	47.940216	34.729581	2.725873	1.000000	1.000000	1.000000	1.000000	1.000000	1.000000	1.000043	0.003223	1.000000	1.000000	1.000491	0.000012	1.000150	0.004643	1.002047	0.000012	
1350066981.927249	0.999987	61.807115	48.623913	6.115315	0.999935	0.002432	0.994154	0.000049	1.000000	1.000000	1.000000	1.000000	1.000000	1.000000	1.000000	1.000000	1.000000	1.000000	1.000000	1.000000	1350066981.927366	0.999995	47.515710	34.304432	2.705946	1.000000	1.000000	1.000000	1.000000	1.000000	1.000000	0.997727	0.000110	1.000000	1.000000	0.999876	0.000059	0.999954	0.000108	0.999714	0.000054	
1350066982.927249	1.000000	61.710648	48.528275	6.127548	0.999947	0.003110	1.005195	0.000089	1.000000	1.000000	1.000000	1.000000	1.000000	1.000000	1.000000	1.000000	1.000000	1.000000	1.000000	1.000000	1350066982.927361	0.999995	47.521036	34.309239	2.924423	1.000000	1.000000	1.000000	1.000000	1.000000	1.000000	0.999968	0.002751	1.000000	1.000000	1.000326	0.000019	0.999978	0.000448	0.999404	0.000027	
1350066983.927249	1.000000	61.946899	48.764526	6.102905	0.999995	0.004114	0.999928	0.002423	1.000000	1.000000	1.000000	1.000000	1.000000	1.000000	1.000000	1.000000	1.000000	1.000000	1.000000	1.000000	1350066983.927357	0.999996	47.549677	34.337786	3.577346	1.000000	1.000000	1.000000	1.000000	1.000000	1.000000	1.000004	0.000106	1.000000	1.000000	1.000065	0.000066	0.999918	0.000178	0.993360	0.000094	
1350066984.927249	1.000000	62.020752	48.842926	6.089493	0.999992	0.006230	0.999892	0.004621	1.000000	1.000000	1.000000	1.000000	1.000000	1.000000	1.000000	1.000000	1.000000	1.000000	1.000000	1.000000	1350066984.927363	1.000006	49.813347	36.601024	2.924635	1.000000	1.000000	1.000000	1.000000	1.000000	1.000000	0.999990	0.002917	1.000000	1.000000	0.999992	0.002830	1.000011	0.003066	1.000241	0.002668	
1350066985.927249	1.000000	61.776184	48.603760	6.115234	0.999968	0.002994	0.999973	0.000617	1.000000	1.000000	1.000000	1.000000	1.000000	1.000000	1.000000	1.000000	1.000000	1.000000	1.000000	1.000000	1350066985.927383	1.000020	47.566537	34.354765	2.972917	1.000000	1.000000	1.000000	1.000000	1.000000	1.000000	0.999977	0.000067	1.000000	1.000000	1.000031	0.000049	0.999796	0.000123	1.000233	0.000061	
1350066986.927249	1.000000	61.943222	48.768280	6.109070	0.999952	0.006011	0.999963	0.000331	1.000000	1.000000	1.000000	1.000000	1.000000	1.000000	1.000000	1.000000	1.000000	1.000000	1.000000	1.000000	1350066986.927362	0.999979	47.562048	34.349872	3.610656	1.000000	1.000000	1.000000	1.000000	1.000000	1.000000	1.000164	0.000042	1.000000	1.000000	1.000066	0.000012	1.000108	0.000072	0.999475	0.000012	
1350066987.927249	1.000000	61.836777	48.689575	6.115234	0.999986	0.006957	1.000179	0.000593	1.000000	1.000000	1.000000	1.000000	1.000000	1.000000	1.000000	1.000000	1.000000	1.000000	1.000000	1.000000	1350066987.927364	1.000002	47.518983	34.320415	3.818886	1.000000	1.000000	1.000000	1.000000	1.000000	1.000000	1.000000	0.000091	1.000000	1.000000	1.000117	0.000046	0.999958	0.000405	0.999205	0.000065	
1350066988.927248	0.999999	61.802763	48.647355	6.102911	0.999954	0.006720	0.999491	0.000663	1.000000	1.000000	1.000000	1.000000	1.000000	1.000000	1.000000	1.000000	1.000000	1.000000	1.000000	1.000000	1350066988.927363	0.999999	47.566925	34.354342	3.786152	1.000000	1.000000	1.000000	1.000000	1.000000	1.000000	0.999810	0.000012	1.000000	1.000000	0.999343	0.000012	1.000173	0.000096	1.004307	0.000012	
1350066989.927249	1.000001	61.964449	48.789916	6.090570	1.000000	0.003558	1.000029	0.004582	1.000000	1.000000	1.000000	1.000000	1.000000	1.000000	1.000000	1.000000	1.000000	1.000000	1.000000	1.000000	1350066989.927364	1.000001	47.570389	34.357999	3.746258	1.000000	1.000000	1.000000	1.000000	1.000000	1.000000	0.999990	0.000078	1.000000	1.000000	0.999974	0.000058	0.994051	0.000117	0.999505	0.000063	
1350066990.927249	1.000000	62.169662	48.998734	6.102905	0.999946	0.004428	0.999942	0.005930	1.000000	1.000000	1.000000	1.000000	1.000000	1.000000	1.000000	1.000000	1.000000	1.000000	1.000000	1.000000	1350066990.927366	1.000002	47.581651	34.368907	4.311332	1.000000	1.000000	1.000000	1.000000	1.000000	1.000000	0.999369	0.000012	1.000000	1.000000	1.000329	0.000012	1.000342	0.002052	1.002335	0.000012	
1350066991.927249	1.000000	62.162659	48.994461	6.115234	1.000040	0.001903	1.000066	0.008760	1.000000	1.000000	1.000000	1.000000	1.000000	1.000000	1.000000	1.000000	1.000000	1.000000	1.000000	1.000000	1350066991.927352	0.999986	47.584532	34.372081	4.331940	1.000000	1.000000	1.000000	1.000000	1.000000	1.000000	0.999999	0.001200	1.000000	1.000000	0.999423	0.000047	0.999161	0.000103	0.999342	0.000079	
1350066992.927249	1.000000	61.838257	48.679749	6.096741	0.999982	0.002744	0.999803	0.002724	1.000000	1.000000	1.000000	1.000000	1.000000	1.000000	1.000000	1.000000	1.000000	1.000000	1.000000	1.000000	1350066992.927366	1.000014	47.598406	34.386861	3.439283	1.000000	1.000000	1.000000	1.000000	1.000000	1.000000	0.998392	0.000007	1.000000	1.000000	1.000849	0.000012	1.000022	0.001449	1.003596	0.000012	
1350066993.927249	1.000000	61.700699	48.541229	6.096741	0.999964	0.002177	0.999997	0.003380	1.000000	1.000000	1.000000	1.000000	1.000000	1.000000	1.000000	1.000000	1.000000	1.000000	1.000000	1.000000	1350066993.927367	1.000001	47.634827	34.423276	3.328549	1.000000	1.000000	1.000000	1.000000	1.000000	1.000000	1.000074	0.000073	1.000000	1.000000	1.000190	0.000045	0.999977	0.002031	1.000174	0.000060	
1350066994.927249	1.000000	61.850876	48.689316	6.121399	1.000008	0.002023	0.999962	0.005155	1.000000	1.000000	1.000000	1.000000	1.000000	1.000000	1.000000	1.000000	1.000000	1.000000	1.000000	1.000000	1350066994.927363	0.999996	47.552332	34.338015	3.609649	1.000000	1.000000	1.000000	1.000000	1.000000	1.000000	0.999842	0.000012	1.000000	1.000000	1.001371	0.000012	1.000251	0.000063	0.999091	0.000012	
1350066995.927255	1.000006	61.826414	48.666672	6.096704	0.999952	0.002154	1.000009	0.005302	1.000000	1.000000	1.000000	1.000000	1.000000	1.000000	1.000000	1.000000	1.000000	1.000000	1.000000	1.000000	1350066995.927365	1.000002	47.569596	34.356792	3.682747	1.000000	1.000000	1.000000	1.000000	1.000000	1.000000	1.000058	0.000119	1.000000	1.000000	0.999783	0.000071	0.999925	0.000171	0.993219	0.000094	
1350066996.927249	0.999994	60.390832	47.222922	6.109106	0.999925	0.001953	1.000067	0.005224	0.999999	0.759259	1.000000	1.000000	1.000000	1.000000	1.000000	1.000000	1.000000	1.000000	1.000000	1.000000	1350066996.927386	1.000021	49.062386	35.849361	3.606354	1.000000	1.000000	1.000000	1.000000	1.000000	1.000000	1.000002	0.240786	1.000000	1.000000	0.998842	0.000007	0.999958	0.000064	1.043528	0.000015	
1350066997.927249	1.000000	55.320755	42.166656	6.115234	1.000077	0.002350	1.000016	0.004069	1.005174	0.000046	1.000000	1.000000	1.000000	1.000000	1.000000	1.000000	1.000000	1.000000	1.000000	1.000000	1350066997.927392	1.000006	53.864471	40.652941	3.530497	1.000000	1.000000	1.000000	1.000000	1.000000	1.000000	1.000000	1.000000	1.000000	1.000000	1.000065	0.000048	0.999960	0.001420	0.999726	0.000058	
1350066998.927259	1.000010	715761154.848360	715782263.465799	715782614.652483	0.999987	1.000197	0.999984	1.000199	0.999995	1.000197	0.999987	1.000197	0.999987	1.000200	0.999990	1.000195	0.999987	1.000200	0.999987	1.000197	1350066998.927358	0.999966	715790276.857816	715835486.784237	715848865.310965	0.999987	1.000196	0.999984	1.000199	3.893225	0.256906	0.999987	1.000197	0.999987	1.000200	0.999990	1.000195	0.999987	1.000200	0.999987	1.000197	
1350066999.927250	0.999991	0.000000	0.000000	0.000000	-nan	-nan	-nan	-nan	0.000000	inf	-nan	-nan	-nan	0.000000	0.000000	inf	-nan	-nan	-nan	-nan	1350066999.927321	0.999963	0.000000	0.000000	0.000000	-nan	-nan	-nan	-nan	0.000000	inf	-nan	-nan	-nan	-nan	-nan	-nan	-nan	-nan	-nan	-nan	
