ts_0	elapsed_0	pkg_0	pp0_0	dram_0	freq_ratio_0_0	c0_ratio_0_0	freq_ratio_0_1	c0_ratio_0_1	freq_ratio_0_2	c0_ratio_0_2	freq_ratio_0_3	c0_ratio_0_3	freq_ratio_0_4	c0_ratio_0_4	freq_ratio_0_5	c0_ratio_0_5	freq_ratio_0_6	c0_ratio_0_6	freq_ratio_0_7	c0_ratio_0_7	ts_1	elapsed_1	pkg_1	pp0_1	dram_1	freq_ratio_1_0	c0_ratio_1_0	freq_ratio_1_1	c0_ratio_1_1	freq_ratio_1_2	c0_ratio_1_2	freq_ratio_1_3	c0_ratio_1_3	freq_ratio_1_4	c0_ratio_1_4	freq_ratio_1_5	c0_ratio_1_5	freq_ratio_1_6	c0_ratio_1_6	freq_ratio_1_7	c0_ratio_1_7	
1350066966.928759	1.000249	70.863434	57.555498	6.095102	1.000000	1.000000	1.000000	1.000000	1.000000	1.000000	1.000000	1.000000	1.000000	1.000000	1.000000	1.000000	1.000000	1.000000	1.000000	1.000000	1350066966.928796	1.000229	35.481213	22.310613	2.160394	0.999643	0.001488	1.000000	1.000000	1.001232	0.001225	1.000000	1.000000	0.999794	0.000415	0.998262	0.000083	0.997406	0.000069	0.998575	0.000085	
1350066967.928750	0.999991	70.926653	57.606387	6.089716	1.000000	1.000000	1.000000	1.000000	1.000000	1.000000	1.000000	1.000000	1.000000	1.000000	1.000000	1.000000	1.000000	1.000000	1.000000	1.000000	1350066967.928785	0.999989	35.443687	22.264160	1.765217	1.000112	0.000911	1.000000	1.000000	0.999944	0.000633	1.000000	1.000000	1.000563	0.000243	1.000054	0.004125	1.010429	0.000020	1.009654	0.000019	
1350066968.928750	1.000000	70.849274	57.526764	6.127563	1.000000	1.000000	1.000000	1.000000	1.000000	1.000000	1.000000	1.000000	1.000000	1.000000	1.000000	1.000000	1.000000	1.000000	1.000000	1.000000	1350066968.928784	0.999999	35.439701	22.260199	1.765566	0.999970	0.000935	1.000000	1.000000	1.000555	0.000669	1.000000	1.000000	0.999703	0.000295	0.997660	0.000078	0.997260	0.000063	0.999977	0.000169	
1350066969.928761	1.000011	68.773889	55.449297	6.121332	0.999997	0.641173	0.999999	0.999999	0.999999	0.999999	0.999999	0.999999	0.999999	0.999999	0.999999	0.999999	0.999999	0.999999	0.999999	0.999999	1350066969.928872	1.000088	37.723732	24.540627	2.045062	1.000005	0.359807	1.000001	1.000001	1.000200	0.000990	1.000001	1.000001	1.001531	0.000271	1.010010	0.000047	1.035358	0.000012	1.001992	0.000129	
1350066970.928749	0.999988	64.982434	51.663000	6.096813	1.000175	0.000809	1.000000	1.000000	1.000000	1.000000	1.000000	1.000000	1.000000	1.000000	1.000000	1.000000	1.000000	1.000000	1.000000	1.000000	1350066970.928838	0.999966	41.866067	28.670075	2.271440	1.000000	1.000000	1.000000	1.000000	0.999999	0.001528	1.000000	1.000000	0.999992	0.000351	0.999835	0.000091	0.999981	0.000062	0.999819	0.000049	
1350066971.928748	0.999999	65.054124	51.733738	6.102911	0.999973	0.000631	1.000000	1.000000	1.000000	1.000000	1.000000	1.000000	1.000000	1.000000	1.000000	1.000000	1.000000	1.000000	1.000000	1.000000	1350066971.928835	0.999997	41.907082	28.708249	2.271659	1.000000	1.000000	1.000000	1.000000	0.999906	0.001528	1.000000	1.000000	1.000100	0.000319	0.999707	0.000045	1.001655	0.000012	0.999751	0.000011	
1350066972.928749	1.000001	65.066115	51.745724	6.115229	0.999970	0.001151	1.000000	1.000000	1.000000	1.000000	1.000000	1.000000	1.000000	1.000000	1.000000	1.000000	1.000000	1.000000	1.000000	1.000000	1350066972.928839	1.000004	41.885939	28.701986	2.360846	1.000000	1.000000	1.000000	1.000000	1.000059	0.001714	1.000000	1.000000	0.999892	0.000352	1.000296	0.000096	0.999413	0.000048	0.999905	0.000163	
1350066973.928748	0.999999	65.076509	51.756153	6.115240	0.999763	0.000680	1.000000	1.000000	1.000000	1.000000	1.000000	1.000000	1.000000	1.000000	1.000000	1.000000	1.000000	1.000000	1.000000	1.000000	1350066973.928837	0.999998	41.937153	28.737863	2.292988	1.000000	1.000000	1.000000	1.000000	0.999879	0.001489	1.000000	1.000000	1.000097	0.000285	0.999443	0.000040	0.999895	0.000011	1.000261	0.000012	
1350066974.928749	1.000001	65.018111	51.709042	6.109064	1.000140	0.000953	1.000000	1.000000	1.000000	1.000000	1.000000	1.000000	1.000000	1.000000	1.000000	1.000000	1.000000	1.000000	1.000000	1.000000	1350066974.928840	1.000003	41.943367	28.741870	2.337273	1.000000	1.000000	1.000000	1.000000	1.000077	0.001647	1.000000	1.000000	0.999995	0.000462	1.000128	0.000133	1.000363	0.000075	0.998610	0.000392	
1350066975.928749	1.000000	65.073288	51.750977	6.121399	0.999992	0.000652	1.000000	1.000000	1.000000	1.000000	1.000000	1.000000	1.000000	1.000000	1.000000	1.000000	1.000000	1.000000	1.000000	1.000000	1350066975.928836	0.999996	41.893694	28.690622	2.238748	1.000000	1.000000	1.000000	1.000000	0.999970	0.001503	1.000000	1.000000	0.999919	0.000280	0.999339	0.000039	0.992603	0.000006	1.010915	0.000050	
1350066976.928749	1.000000	65.154175	51.833481	6.115204	0.999995	0.005464	1.000000	1.000000	1.000000	1.000000	1.000000	1.000000	1.000000	1.000000	1.000000	1.000000	1.000000	1.000000	1.000000	1.000000	1350066976.928838	1.000002	41.931591	28.729697	2.266201	1.000000	1.000000	1.000000	1.000000	1.000004	0.001623	1.000000	1.000000	1.000054	0.000368	1.000272	0.000089	0.999994	0.000065	0.999787	0.000156	
1350066977.928748	0.999999	65.204683	51.882801	6.102911	0.999995	0.000943	1.000000	1.000000	1.000000	1.000000	1.000000	1.000000	1.000000	1.000000	1.000000	1.000000	1.000000	1.000000	1.000000	1.000000	1350066977.928839	1.000001	41.943914	28.742481	2.349348	1.000000	1.000000	1.000000	1.000000	0.999882	0.001489	1.000000	1.000000	1.000034	0.000315	0.999460	0.000046	1.001129	0.000018	1.001344	0.000018	
1350066978.928749	1.000001	65.199858	51.876003	6.115229	0.999965	0.000848	1.000000	1.000000	1.000000	1.000000	1.000000	1.000000	1.000000	1.000000	1.000000	1.000000	1.000000	1.000000	1.000000	1.000000	1350066978.928838	0.999999	41.929392	28.730237	2.260988	1.000000	1.000000	1.000000	1.000000	1.000003	0.001586	1.000000	1.000000	0.999999	0.000356	0.999978	0.000088	0.999826	0.000055	1.000118	0.000056	
1350066979.928748	0.999999	65.158921	51.835514	6.115240	0.999989	0.000648	1.000000	1.000000	1.000000	1.000000	1.000000	1.000000	1.000000	1.000000	1.000000	1.000000	1.000000	1.000000	1.000000	1.000000	1350066979.928838	1.000000	41.917007	28.714264	2.286697	1.000000	1.000000	1.000000	1.000000	0.999985	0.001533	1.000000	1.000000	0.999988	0.000315	0.999981	0.000082	1.002240	0.000011	0.999909	0.000084	
1350066980.928756	1.000008	65.175497	51.849815	6.115185	0.999987	0.000826	1.000000	1.000000	1.000000	1.000000	1.000000	1.000000	1.000000	1.000000	1.000000	1.000000	1.000000	1.000000	1.000000	1.000000	1350066980.928846	1.000008	41.923443	28.720394	2.243070	1.000000	1.000000	1.000000	1.000000	1.000059	0.001625	1.000000	1.000000	0.999962	0.000347	0.999974	0.000075	0.999869	0.000053	1.000095	0.000065	
1350066981.928749	0.999993	65.178719	51.851250	6.115277	0.999988	0.000634	1.000000	1.000000	1.000000	1.000000	1.000000	1.000000	1.000000	1.000000	1.000000	1.000000	1.000000	1.000000	1.000000	1.000000	1350066981.928835	0.999989	41.884050	28.695230	2.123864	1.000000	1.000000	1.000000	1.000000	0.999979	0.001507	1.000000	1.000000	0.999984	0.000281	1.000000	0.000039	1.000916	0.000012	0.999429	0.000011	
1350066982.928749	1.000000	64.702530	51.379715	6.115234	0.999962	0.001334	1.000000	1.000000	1.000000	1.000000	1.000000	1.000000	1.000000	1.000000	1.000000	1.000000	1.000000	1.000000	1.000000	1.000000	1350066982.928837	1.000002	41.693555	28.490409	2.403133	1.000000	1.000000	1.000000	1.000000	0.999907	0.001525	1.000000	1.000000	0.999980	0.000379	1.000070	0.000088	0.999513	0.000051	1.000130	0.000059	
1350066983.928749	1.000000	65.105194	51.793655	6.121399	0.999978	0.000771	1.000000	1.000000	1.000000	1.000000	1.000000	1.000000	1.000000	1.000000	1.000000	1.000000	1.000000	1.000000	1.000000	1.000000	1350066983.928839	1.000002	41.931744	28.730948	2.374568	1.000000	1.000000	1.000000	1.000000	1.000056	0.001384	1.000000	1.000000	0.999989	0.000309	0.999784	0.000039	1.002244	0.000011	0.999964	0.000011	
1350066984.928749	1.000000	62.916122	49.593704	6.090576	0.999989	0.000981	0.999999	0.634892	1.000000	1.000000	1.000000	1.000000	1.000000	1.000000	1.000000	1.000000	1.000000	1.000000	1.000000	1.000000	1350066984.928864	1.000025	44.121042	30.921345	2.385576	1.000000	1.000000	1.000000	1.000000	1.000003	0.366157	1.000000	1.000000	0.999874	0.000827	1.000051	0.000115	0.999554	0.000054	1.000042	0.000129	
1350066985.928749	1.000000	58.879990	45.559479	6.121399	0.999838	0.000761	0.999565	0.000022	1.000000	1.000000	1.000000	1.000000	1.000000	1.000000	1.000000	1.000000	1.000000	1.000000	1.000000	1.000000	1350066985.928889	1.000025	47.958089	34.756424	2.369036	1.000000	1.000000	1.000000	1.000000	1.000000	1.000000	1.000000	1.000000	1.000018	0.001642	0.999990	0.000038	0.999577	0.000011	0.998090	0.000006	
1350066986.928749	1.000000	58.855530	45.537552	6.115234	1.000024	0.002836	1.005252	0.000093	1.000000	1.000000	1.000000	1.000000	1.000000	1.000000	1.000000	1.000000	1.000000	1.000000	1.000000	1.000000	1350066986.928865	0.999976	47.975536	34.771101	2.432859	1.000000	1.000000	1.000000	1.000000	1.000000	1.000000	1.000000	1.000000	0.999990	0.001701	0.999991	0.000122	0.999987	0.000089	0.992809	0.000070	
1350066987.928749	1.000000	58.845428	45.526855	6.133728	0.999910	0.001074	0.997373	0.000074	1.000000	1.000000	1.000000	1.000000	1.000000	1.000000	1.000000	1.000000	1.000000	1.000000	1.000000	1.000000	1350066987.928861	0.999996	47.986752	34.780735	2.335688	1.000000	1.000000	1.000000	1.000000	1.000000	1.000000	1.000000	1.000000	1.000061	0.001726	1.000320	0.000053	1.000559	0.000006	1.010282	0.000050	
1350066988.928749	1.000000	58.842911	45.524475	6.109070	1.000103	0.000982	1.002241	0.000092	1.000000	1.000000	1.000000	1.000000	1.000000	1.000000	1.000000	1.000000	1.000000	1.000000	1.000000	1.000000	1350066988.928865	1.000004	47.995533	34.789227	2.349188	1.000000	1.000000	1.000000	1.000000	1.000000	1.000000	1.000000	1.000000	1.000010	0.001701	0.999846	0.000088	1.000033	0.000058	1.000000	0.000064	
1350066989.928749	1.000000	58.827454	45.509781	6.127563	0.999991	0.000768	1.000726	0.000038	1.000000	1.000000	1.000000	1.000000	1.000000	1.000000	1.000000	1.000000	1.000000	1.000000	1.000000	1.000000	1350066989.928863	0.999998	47.994537	34.789831	2.353108	1.000000	1.000000	1.000000	1.000000	1.000000	1.000000	1.000000	1.000000	0.999988	0.001685	0.999910	0.000077	0.999894	0.000011	0.999851	0.000080	
1350066990.928749	1.000000	58.823334	45.506500	6.109070	0.999989	0.000940	0.999921	0.000073	1.000000	1.000000	1.000000	1.000000	1.000000	1.000000	1.000000	1.000000	1.000000	1.000000	1.000000	1.000000	1350066990.928864	1.000001	47.996750	34.790616	2.308256	1.000000	1.000000	1.000000	1.000000	1.000000	1.000000	1.000000	1.000000	0.999907	0.001735	1.000221	0.000087	0.999824	0.000057	1.000485	0.000037	
1350066991.928749	1.000000	58.877335	45.557938	6.102905	1.000002	0.001816	1.000076	0.000051	1.000000	1.000000	1.000000	1.000000	1.000000	1.000000	1.000000	1.000000	1.000000	1.000000	1.000000	1.000000	1350066991.928860	0.999996	47.938152	34.743930	2.370417	1.000000	1.000000	1.000000	1.000000	1.000000	1.000000	1.000000	1.000000	1.000015	0.001619	0.999590	0.000052	1.000082	0.000019	0.999172	0.000018	
1350066992.928749	1.000000	59.762726	46.456207	6.102173	0.999989	0.004429	0.999986	0.003387	1.000000	1.000000	1.000000	1.000000	1.000000	1.000000	1.000000	1.000000	1.000000	1.000000	1.000000	1.000000	1350066992.928862	1.000002	48.015686	34.808085	2.285411	1.000000	1.000000	1.000000	1.000000	1.000000	1.000000	1.000000	1.000000	0.999998	0.001721	1.000000	0.004101	0.999684	0.000052	1.000051	0.000061	
1350066993.928748	0.999999	58.819011	45.501234	6.115240	0.999986	0.000719	1.000314	0.000080	1.000000	1.000000	1.000000	1.000000	1.000000	1.000000	1.000000	1.000000	1.000000	1.000000	1.000000	1.000000	1350066993.928862	1.000000	47.989975	34.781052	2.347687	1.000000	1.000000	1.000000	1.000000	1.000000	1.000000	1.000000	1.000000	1.000057	0.001714	0.999826	0.000046	1.003861	0.000011	0.999610	0.000011	
1350066994.928749	1.000001	58.811055	45.493014	6.090570	0.999976	0.000930	1.000003	0.000122	1.000000	1.000000	1.000000	1.000000	1.000000	1.000000	1.000000	1.000000	1.000000	1.000000	1.000000	1.000000	1350066994.928866	1.000004	47.986363	34.778897	2.397375	1.000000	1.000000	1.000000	1.000000	1.000000	1.000000	1.000000	1.000000	0.999926	0.001700	1.000060	0.000123	0.999595	0.000061	1.000060	0.000102	
1350066995.928749	1.000000	58.803925	45.485825	6.102905	1.000197	0.000720	1.001872	0.000095	1.000000	1.000000	1.000000	1.000000	1.000000	1.000000	1.000000	1.000000	1.000000	1.000000	1.000000	1.000000	1350066995.928857	0.999991	47.996437	34.787684	2.279943	1.000000	1.000000	1.000000	1.000000	1.000000	1.000000	1.000000	1.000000	0.999943	0.001638	0.999662	0.000051	1.001591	0.000011	1.000383	0.000006	
1350066996.928749	1.000000	58.830566	45.512497	6.096741	0.999926	0.002786	0.998721	0.000153	1.000000	1.000000	1.000000	1.000000	1.000000	1.000000	1.000000	1.000000	1.000000	1.000000	1.000000	1.000000	1350066996.928875	1.000018	48.004650	34.796360	2.330082	1.000000	1.000000	1.000000	1.000000	1.000000	1.000000	1.000000	1.000000	1.000121	0.001717	1.000173	0.000091	0.999545	0.000053	0.999919	0.000086	
1350066997.928749	1.000000	58.828308	45.511215	6.109070	0.999952	0.001018	0.995870	0.000154	1.000000	1.000000	1.000000	1.000000	1.000000	1.000000	1.000000	1.000000	1.000000	1.000000	1.000000	1.000000	1350066997.928861	0.999986	47.998737	34.789033	2.407947	1.000000	1.000000	1.000000	1.000000	1.000000	1.000000	1.000000	1.000000	0.999910	0.001598	0.999839	0.000053	1.001273	0.000019	0.999956	0.000018	
1350066998.928760	1.000011	715804581.987895	715789406.437471	715767505.995439	0.999985	1.000186	0.999983	1.000191	0.999993	1.000187	0.999986	1.000188	0.999986	1.000190	0.999988	1.000186	0.999986	1.000191	0.999986	1.000189	1350066998.928864	1.000003	715797670.124165	715802171.597288	715824705.089673	0.999986	1.000187	0.999983	1.000190	3.893328	0.256896	0.999986	1.000188	0.999986	1.000191	0.999988	1.000186	0.999986	1.000191	0.999986	1.000189	
1350066999.928750	0.999990	0.000000	0.000000	0.000000	-nan	-nan	-nan	-nan	0.000000	inf	-nan	-nan	-nan	0.000000	-nan	-nan	-nan	-nan	-nan	-nan	1350066999.928827	0.999963	0.000000	0.000000	0.000000	-nan	-nan	-nan	-nan	0.000000	inf	-nan	-nan	-nan	-nan	-nan	-nan	-nan	-nan	-nan	-nan	
