ts_0	elapsed_0	pkg_0	pp0_0	dram_0	freq_ratio_0_0	c0_ratio_0_0	freq_ratio_0_1	c0_ratio_0_1	freq_ratio_0_2	c0_ratio_0_2	freq_ratio_0_3	c0_ratio_0_3	freq_ratio_0_4	c0_ratio_0_4	freq_ratio_0_5	c0_ratio_0_5	freq_ratio_0_6	c0_ratio_0_6	freq_ratio_0_7	c0_ratio_0_7	ts_1	elapsed_1	pkg_1	pp0_1	dram_1	freq_ratio_1_0	c0_ratio_1_0	freq_ratio_1_1	c0_ratio_1_1	freq_ratio_1_2	c0_ratio_1_2	freq_ratio_1_3	c0_ratio_1_3	freq_ratio_1_4	c0_ratio_1_4	freq_ratio_1_5	c0_ratio_1_5	freq_ratio_1_6	c0_ratio_1_6	freq_ratio_1_7	c0_ratio_1_7	
1349477735.860101	1.000718	65.096518	50.952805	7.739178	1.230767	0.997348	1.230529	0.992387	1.230569	0.992026	1.230563	0.960706	1.192816	0.000750	1.198688	0.000098	1.200525	0.000119	1.192652	0.002100	1349477735.860295	1.000676	62.778658	48.766400	6.454362	1.230740	0.993378	1.230743	0.993257	1.230735	0.793762	1.047355	0.000171	1.210679	0.000098	1.075993	0.000118	1.208162	0.000114	1.230690	0.994137	
1349477736.860090	0.999989	67.343863	52.905075	8.794500	1.230692	0.999322	1.230690	0.999287	1.230690	0.999289	1.230690	0.999294	1.192676	0.000591	1.192372	0.000013	1.190057	0.000017	1.191899	0.000385	1349477736.860276	0.999981	66.696264	52.434060	7.753032	1.230761	0.999916	1.230761	0.999955	1.230761	0.999827	1.198837	0.000009	1.185054	0.000006	1.199857	0.000006	1.192400	0.000081	1.230760	0.999956	
1349477737.860090	1.000000	67.508774	53.042755	8.837540	1.230586	0.998880	1.230603	0.998847	1.230623	0.998837	1.230627	0.998835	1.192140	0.000725	1.191909	0.000054	1.192858	0.000060	1.192816	0.000394	1349477737.860298	1.000022	66.821914	52.544731	7.776441	1.230745	0.999409	1.230744	0.999385	1.230744	0.999334	1.193708	0.000077	1.193083	0.000071	1.191636	0.000066	1.188244	0.000049	1.230759	0.999780	
1349477738.860090	1.000000	67.650543	53.175293	8.853806	1.230665	0.999279	1.230671	0.999279	1.230669	0.999281	1.230668	0.999280	1.192392	0.000658	1.194735	0.000013	1.204264	0.000013	1.192216	0.000303	1349477738.860275	0.999977	67.004768	52.716584	7.752497	1.230757	0.999856	1.230757	0.999890	1.230757	0.999796	1.183560	0.000016	1.192492	0.000011	1.192265	0.000011	1.200951	0.000021	1.230757	0.999890	
1349477739.860090	1.000000	67.751892	53.266647	8.824509	1.230617	0.999062	1.230616	0.999017	1.230616	0.999061	1.230617	0.999019	1.192334	0.000859	1.191820	0.000049	1.190228	0.000083	1.192330	0.000789	1349477739.860284	1.000009	67.022479	52.732661	7.773108	1.230750	0.999868	1.230750	0.999860	1.230750	0.999779	1.193718	0.000067	1.192603	0.000052	1.192696	0.000067	1.192592	0.000063	1.230750	0.999867	
1349477740.860090	1.000000	67.891830	53.396667	8.854630	1.230675	0.999396	1.230676	0.999393	1.230676	0.999397	1.230677	0.999396	1.192775	0.000456	1.191188	0.000013	1.193088	0.000015	1.192329	0.000298	1349477740.860273	0.999989	67.121464	52.827514	7.766168	1.230757	0.999879	1.230757	0.999891	1.230757	0.999842	1.196531	0.000014	1.189559	0.000011	1.191100	0.000015	1.192650	0.000017	1.230757	0.999891	
1349477741.860090	1.000000	67.922821	53.421188	8.843048	1.230553	0.998129	1.230580	0.998006	1.230594	0.998032	1.230594	0.997948	1.192043	0.000673	1.192283	0.000105	1.192249	0.000085	1.192343	0.000741	1349477741.860278	1.000005	67.039093	52.755244	7.711311	1.230737	0.999292	1.230737	0.999274	1.230737	0.999151	1.192718	0.000235	1.192841	0.000060	1.192493	0.000054	1.192453	0.000106	1.230737	0.999772	
1349477742.860090	1.000000	68.004730	53.499710	8.836441	1.230709	0.999466	1.230709	0.999463	1.230708	0.999467	1.230708	0.999466	1.192251	0.000469	1.193239	0.000014	1.203751	0.000016	1.192349	0.000304	1349477742.860275	0.999997	67.170832	52.866283	7.727578	1.230759	0.999901	1.230759	0.999904	1.230759	0.999827	1.182197	0.000009	1.189645	0.000011	1.192405	0.000015	1.190299	0.000015	1.230759	0.999910	
1349477743.860090	1.000000	68.040405	53.529617	8.832199	1.230662	0.999300	1.230662	0.999306	1.230662	0.999310	1.230663	0.999308	1.193354	0.000563	1.191953	0.000055	1.190198	0.000079	1.192261	0.000477	1349477743.860294	1.000019	67.180085	52.875670	7.757802	1.230748	0.999816	1.230748	0.999846	1.230748	0.999782	1.191999	0.000092	1.192807	0.000051	1.192086	0.000055	1.191929	0.000055	1.230748	0.999839	
1349477744.860091	1.000001	68.060345	53.547923	8.796653	1.230627	0.999102	1.230628	0.999100	1.230630	0.999104	1.230630	0.999048	1.191414	0.000666	1.194429	0.000015	1.204098	0.000015	1.192329	0.000784	1349477744.860279	0.999985	67.225665	52.921342	7.751825	1.230757	0.999858	1.230757	0.999883	1.230757	0.999824	1.188589	0.000015	1.189138	0.000011	1.192560	0.000011	1.194187	0.000015	1.230757	0.999890	
1349477745.860089	0.999998	68.045570	53.546260	8.817903	1.230595	0.999321	1.230595	0.999319	1.230594	0.999320	1.230594	0.999320	1.191566	0.000514	1.192402	0.000052	1.183240	0.000060	1.192312	0.002339	1349477745.860267	0.999988	67.075659	52.785557	7.789766	1.230750	0.999867	1.230750	0.999867	1.230750	0.999850	1.191892	0.000089	1.192512	0.000051	1.192407	0.000054	1.192312	0.000054	1.230750	0.999867	
1349477746.860089	1.000000	68.151199	53.637543	8.848663	1.230692	0.999389	1.230692	0.999388	1.230692	0.999388	1.230692	0.999387	1.192925	0.000615	1.184718	0.000078	1.183118	0.000016	1.192338	0.000351	1349477746.860281	1.000014	67.179093	52.881382	7.748930	1.230753	0.999868	1.230753	0.999867	1.230753	0.999867	1.193710	0.000059	1.187835	0.000011	1.191360	0.000014	1.192258	0.000062	1.230753	0.999867	
1349477747.860090	1.000001	68.203472	53.687022	8.808387	1.230643	0.999162	1.230656	0.999132	1.230667	0.999115	1.230656	0.999152	1.191351	0.000684	1.199991	0.000073	1.197193	0.000107	1.192336	0.000415	1349477747.860282	1.000001	67.073071	52.782680	7.757042	1.230740	0.999653	1.230739	0.999620	1.230739	0.999590	1.191918	0.000138	1.192645	0.000097	1.192391	0.000093	1.192145	0.000091	1.230742	0.999755	
1349477748.860101	1.000011	715763536.474917	715756201.827361	715777308.984408	0.999992	1.000148	0.999990	1.000154	1.000000	1.000148	0.999993	1.000150	0.999993	1.000153	0.999995	1.000147	0.999993	1.000154	0.999993	1.000150	1349477748.860201	0.999919	715822479.500738	715876827.782693	715876349.225269	0.999993	1.000150	0.999990	1.000153	3.892833	0.256921	0.999993	1.000150	0.999993	1.000154	0.999995	1.000148	0.999993	1.000153	0.999993	1.000152	
1349477749.860087	0.999986	0.000000	0.000000	0.000000	-nan	-nan	-nan	-nan	8.000000	inf	-nan	-nan	-nan	0.000000	-nan	-nan	-nan	-nan	-nan	-nan	1349477749.860149	0.999948	0.000000	0.000000	0.000000	-nan	-nan	-nan	-nan	0.000000	inf	-nan	-nan	-nan	-nan	-nan	-nan	-nan	-nan	-nan	-nan	
