ts_0	elapsed_0	pkg_0	pp0_0	dram_0	freq_ratio_0_0	c0_ratio_0_0	freq_ratio_0_1	c0_ratio_0_1	freq_ratio_0_2	c0_ratio_0_2	freq_ratio_0_3	c0_ratio_0_3	freq_ratio_0_4	c0_ratio_0_4	freq_ratio_0_5	c0_ratio_0_5	freq_ratio_0_6	c0_ratio_0_6	freq_ratio_0_7	c0_ratio_0_7	ts_1	elapsed_1	pkg_1	pp0_1	dram_1	freq_ratio_1_0	c0_ratio_1_0	freq_ratio_1_1	c0_ratio_1_1	freq_ratio_1_2	c0_ratio_1_2	freq_ratio_1_3	c0_ratio_1_3	freq_ratio_1_4	c0_ratio_1_4	freq_ratio_1_5	c0_ratio_1_5	freq_ratio_1_6	c0_ratio_1_6	freq_ratio_1_7	c0_ratio_1_7	
1349417276.920196	1.001321	48.819676	35.313379	0.000000	0.873899	0.805129	0.875317	0.813935	0.873634	0.800813	0.873412	0.803043	0.873743	0.802078	0.873529	0.799745	0.873463	0.799787	0.873257	0.800368	1349417276.920313	1.000352	49.797799	36.234396	0.000000	0.850366	0.802849	0.853020	0.817695	0.869192	0.920906	0.849942	0.800625	0.849891	0.800382	0.849961	0.800783	0.849822	0.800134	0.877004	0.981776	
1349417277.920184	0.999988	50.754664	37.012953	0.000000	0.818375	0.965070	0.818432	0.964781	0.818410	0.964912	0.818402	0.964938	0.818437	0.964773	0.818437	0.964659	0.818419	0.964823	0.818442	0.964583	1349417277.920285	0.999972	50.784681	36.992289	0.000000	0.803442	0.964704	0.803487	0.964910	0.803487	0.964911	0.803444	0.964692	0.803451	0.964587	0.803456	0.964513	0.803453	0.964539	0.808672	0.996892	
1349417278.920184	1.000000	50.724594	36.983459	0.000000	0.821777	0.961879	0.821834	0.961762	0.821793	0.961796	0.821795	0.961853	0.821853	0.961554	0.821849	0.961519	0.821794	0.961802	0.821835	0.961573	1349417278.920283	0.999998	50.730535	36.949304	0.000000	0.804241	0.962143	0.804284	0.962352	0.804282	0.962366	0.804251	0.962061	0.804251	0.962054	0.804247	0.962032	0.804245	0.962106	0.809877	0.996991	
1349417279.920191	1.000007	50.752487	36.915104	0.000000	0.814866	0.959893	0.814917	0.959656	0.814898	0.959760	0.814896	0.959797	0.814916	0.959640	0.814923	0.959548	0.814888	0.959797	0.814925	0.959582	1349417279.920302	1.000019	50.800621	36.887572	0.000000	0.795911	0.959876	0.795954	0.960141	0.795953	0.960137	0.795906	0.959789	0.795910	0.959830	0.795909	0.959863	0.795915	0.959890	0.802576	0.996520	
1349417280.920191	1.000000	50.824326	36.816360	0.000000	0.792879	0.988264	0.792879	0.988303	0.792880	0.988302	0.792875	0.988346	0.792880	0.988222	0.792885	0.988097	0.792872	0.988242	0.792889	0.988100	1349417280.920320	1.000018	50.831809	36.730041	0.000000	0.777767	0.988556	0.777785	0.988593	0.777784	0.988608	0.777768	0.988466	0.777770	0.988396	0.777779	0.988368	0.777781	0.988413	0.779162	0.995999	
1349417281.920192	1.000001	50.840680	36.429790	0.000000	0.761628	0.994788	0.761645	0.994806	0.761626	0.994799	0.761633	0.994858	0.761642	0.994720	0.761637	0.994649	0.761628	0.994741	0.761637	0.994599	1349417281.920301	0.999981	50.851632	36.331809	0.000000	0.747587	0.995028	0.747588	0.995060	0.747587	0.995058	0.747584	0.994991	0.747582	0.994956	0.747585	0.994873	0.747587	0.994911	0.747596	0.995327	
1349417282.920190	0.999998	50.842062	36.428491	0.000000	0.761684	0.994199	0.761702	0.994171	0.761702	0.994148	0.761703	0.994200	0.761701	0.994113	0.761702	0.993909	0.761702	0.993970	0.761702	0.993744	1349417282.920296	0.999995	50.845942	36.326720	0.000000	0.748003	0.994489	0.748002	0.994453	0.748003	0.994457	0.748003	0.994391	0.748005	0.994288	0.748008	0.994093	0.748007	0.994171	0.748022	0.995406	
1349417283.920183	0.999993	50.825654	36.623926	0.000000	0.775729	0.995105	0.775728	0.995170	0.775726	0.995172	0.775726	0.995223	0.775729	0.995102	0.775729	0.994966	0.775729	0.995057	0.775732	0.994933	1349417283.920282	0.999986	50.835752	36.530665	0.000000	0.761707	0.995697	0.761708	0.995688	0.761709	0.995632	0.761708	0.995582	0.761706	0.995475	0.761708	0.995394	0.761708	0.995411	0.761712	0.995731	
1349417284.920192	1.000009	50.842298	36.741931	0.000000	0.782842	0.995674	0.782840	0.995671	0.782840	0.995672	0.782839	0.995671	0.782838	0.995664	0.782836	0.995566	0.782836	0.995569	0.782832	0.995504	1349417284.920304	1.000022	50.849928	36.644811	0.000000	0.768217	0.995790	0.768216	0.995780	0.768215	0.995790	0.768215	0.995780	0.768212	0.995683	0.768211	0.995637	0.768211	0.995648	0.768213	0.995765	
1349417285.920202	1.000010	50.786357	36.436296	0.000000	0.764419	0.994892	0.764430	0.994976	0.764421	0.994946	0.764428	0.995007	0.764422	0.994865	0.764422	0.994865	0.764422	0.994901	0.764422	0.994844	1349417285.920306	1.000002	50.841502	36.366447	0.000000	0.749986	0.995451	0.749985	0.995487	0.749985	0.995478	0.749985	0.995402	0.749986	0.995406	0.749985	0.995414	0.749985	0.995426	0.749986	0.995526	
1349417286.920181	0.999979	715785799.724634	715819245.208300	715842903.703439	0.999969	1.000012	0.999971	1.000034	0.999973	1.000037	0.999969	1.000011	0.999972	1.000026	0.999973	1.000015	0.999970	1.000019	0.999972	1.000024	1349417286.920296	0.999990	715776391.838656	715809383.931842	715835052.793417	0.999972	1.000025	0.999968	1.000020	3.894199	0.256794	0.999970	1.000013	0.999972	1.000026	0.999973	1.000016	0.999971	1.000021	0.999972	1.000024	
1349417287.920179	0.999998	0.000000	0.000000	0.000000	-nan	-nan	-nan	-nan	0.000000	inf	-nan	-nan	-nan	0.000000	-nan	-nan	-nan	-nan	-nan	-nan	1349417287.920253	0.999957	0.000000	0.000000	0.000000	-nan	-nan	-nan	-nan	0.000000	inf	-nan	-nan	-nan	-nan	-nan	-nan	-nan	-nan	-nan	-nan	
