ts_0	elapsed_0	pkg_0	pp0_0	dram_0	freq_ratio_0_0	c0_ratio_0_0	freq_ratio_0_1	c0_ratio_0_1	freq_ratio_0_2	c0_ratio_0_2	freq_ratio_0_3	c0_ratio_0_3	freq_ratio_0_4	c0_ratio_0_4	freq_ratio_0_5	c0_ratio_0_5	freq_ratio_0_6	c0_ratio_0_6	freq_ratio_0_7	c0_ratio_0_7	ts_1	elapsed_1	pkg_1	pp0_1	dram_1	freq_ratio_1_0	c0_ratio_1_0	freq_ratio_1_1	c0_ratio_1_1	freq_ratio_1_2	c0_ratio_1_2	freq_ratio_1_3	c0_ratio_1_3	freq_ratio_1_4	c0_ratio_1_4	freq_ratio_1_5	c0_ratio_1_5	freq_ratio_1_6	c0_ratio_1_6	freq_ratio_1_7	c0_ratio_1_7	
1350065676.738411	1.000214	60.147355	46.905393	3.923064	0.999902	0.004803	1.000000	1.000000	1.000000	1.000000	1.000000	1.000000	1.000000	1.000000	1.000000	1.000000	1.000000	1.000000	0.999376	0.000031	1350065676.738508	1.000233	58.095842	44.907096	2.907861	1.000000	1.000000	1.000000	1.000000	1.000000	1.000000	1.000000	1.000000	1.000000	1.000000	1.000000	1.000000	1.022455	0.000027	1.001337	0.000205	
1350065677.738394	0.999983	60.243039	46.989626	3.852436	0.999983	0.002423	1.000000	1.000000	1.000000	1.000000	1.000000	1.000000	1.000000	1.000000	1.000000	1.000000	1.000000	1.000000	0.999980	0.000077	1350065677.738487	0.999979	58.107024	44.929348	2.653452	1.000000	1.000000	1.000000	1.000000	1.000000	1.000000	1.000000	1.000000	1.000000	1.000000	1.000000	1.000000	0.998661	0.000181	1.000000	0.000174	
1350065678.738387	0.999993	60.306676	47.048574	3.811977	0.999960	0.002580	1.000000	1.000000	1.000000	1.000000	1.000000	1.000000	1.000000	1.000000	1.000000	1.000000	1.000000	1.000000	0.999133	0.000007	1350065678.738481	0.999994	58.212841	45.017450	2.638337	1.000000	1.000000	1.000000	1.000000	1.000000	1.000000	1.000000	1.000000	1.000000	1.000000	1.000000	1.000000	1.022459	0.000009	1.001059	0.000182	
1350065679.738387	1.000000	60.336655	47.077789	3.884918	1.000010	0.002345	1.000000	1.000000	1.000000	1.000000	1.000000	1.000000	1.000000	1.000000	1.000000	1.000000	1.000000	1.000000	1.000026	0.000088	1350065679.738479	0.999998	58.249821	45.051951	2.681096	1.000000	1.000000	1.000000	1.000000	1.000000	1.000000	1.000000	1.000000	1.000000	1.000000	1.000000	1.000000	0.998999	0.000213	0.999747	0.000492	
1350065680.738387	1.000000	60.386322	47.123016	3.916016	0.999982	0.002644	1.000000	1.000000	1.000000	1.000000	1.000000	1.000000	1.000000	1.000000	1.000000	1.000000	1.000000	1.000000	0.996878	0.000006	1350065680.738480	1.000001	58.250555	45.051822	2.662381	1.000000	1.000000	1.000000	1.000000	1.000000	1.000000	1.000000	1.000000	1.000000	1.000000	1.000000	1.000000	1.022105	0.000009	1.001147	0.000190	
1350065681.738388	1.000001	60.413211	47.149247	3.879620	0.999975	0.002330	1.000000	1.000000	1.000000	1.000000	1.000000	1.000000	1.000000	1.000000	1.000000	1.000000	1.000000	1.000000	1.000215	0.000063	1350065681.738480	1.000000	58.266479	45.066971	2.661072	1.000000	1.000000	1.000000	1.000000	1.000000	1.000000	1.000000	1.000000	1.000000	1.000000	1.000000	1.000000	0.999947	0.000073	0.999879	0.000166	
1350065682.738387	0.999999	60.374401	47.123336	3.973225	0.999977	0.002655	1.000000	1.000000	1.000000	1.000000	1.000000	1.000000	1.000000	1.000000	1.000000	1.000000	1.000000	1.000000	0.999265	0.000026	1350065682.738479	0.999999	58.290797	45.092221	2.641543	1.000000	1.000000	1.000000	1.000000	1.000000	1.000000	1.000000	1.000000	1.000000	1.000000	1.000000	1.000000	1.000063	0.000104	1.000074	0.000192	
1350065683.738387	1.000000	60.457703	47.192719	3.901459	0.999994	0.002422	1.000000	1.000000	1.000000	1.000000	1.000000	1.000000	1.000000	1.000000	1.000000	1.000000	1.000000	1.000000	0.993808	0.000081	1350065683.738478	0.999999	58.313288	45.114133	2.571017	1.000000	1.000000	1.000000	1.000000	1.000000	1.000000	1.000000	1.000000	1.000000	1.000000	1.000000	1.000000	0.997090	0.000185	0.999297	0.000196	
1350065684.738387	1.000000	60.688828	47.424118	3.939117	1.000038	0.005699	1.000000	1.000000	1.000000	1.000000	1.000000	1.000000	1.000000	1.000000	1.000000	1.000000	1.000000	1.000000	0.999982	0.003141	1350065684.738470	0.999992	58.356949	45.159317	2.682364	1.000000	1.000000	1.000000	1.000000	1.000000	1.000000	1.000000	1.000000	1.000000	1.000000	1.000000	1.000000	1.000168	0.002634	1.000027	0.004378	
1350065685.738387	1.000000	60.440353	47.175476	3.879456	0.999849	0.002150	1.000000	1.000000	1.000000	1.000000	1.000000	1.000000	1.000000	1.000000	1.000000	1.000000	1.000000	1.000000	0.999634	0.000264	1350065685.738480	1.000010	58.308147	45.113699	2.655644	1.000000	1.000000	1.000000	1.000000	1.000000	1.000000	1.000000	1.000000	1.000000	1.000000	1.000000	1.000000	0.984947	0.000045	0.998520	0.000154	
1350065686.738387	1.000000	60.418259	47.153564	3.939987	0.999973	0.002417	1.000000	1.000000	1.000000	1.000000	1.000000	1.000000	1.000000	1.000000	1.000000	1.000000	1.000000	1.000000	0.999988	0.000231	1350065686.738478	0.999998	58.274571	45.090662	2.670476	1.000000	1.000000	1.000000	1.000000	1.000000	1.000000	1.000000	1.000000	1.000000	1.000000	1.000001	1.000000	1.018098	0.000044	0.998634	0.000257	
1350065687.738394	1.000007	60.451975	47.186624	4.030429	0.999987	0.002174	1.000000	1.000000	1.000000	1.000000	1.000000	1.000000	1.000000	1.000000	1.000000	1.000000	1.000000	1.000000	1.000022	0.000267	1350065687.738484	1.000006	58.352023	45.154775	2.644622	1.000000	1.000000	1.000000	1.000000	1.000000	1.000000	1.000000	1.000000	1.000000	1.000000	1.000000	1.000000	0.999829	0.000268	1.001964	0.000176	
1350065688.738387	0.999993	60.439123	47.173681	3.922528	0.999956	0.002348	1.000000	1.000000	1.000000	1.000000	1.000000	1.000000	1.000000	1.000000	1.000000	1.000000	1.000000	1.000000	0.999916	0.000235	1350065688.738478	0.999994	58.335553	45.137598	2.612076	1.000000	1.000000	1.000000	1.000000	1.000000	1.000000	1.000000	1.000000	1.000000	1.000000	1.000000	1.000000	1.005654	0.000009	1.001386	0.000166	
1350065689.738394	1.000007	60.483209	47.218225	3.994067	1.000002	0.002176	1.000000	1.000000	1.000000	1.000000	1.000000	1.000000	1.000000	1.000000	1.000000	1.000000	1.000000	1.000000	1.000044	0.000281	1350065689.738485	1.000007	58.344964	45.146355	2.641751	1.000000	1.000000	1.000000	1.000000	1.000000	1.000000	1.000000	1.000000	1.000000	1.000000	1.000000	1.000000	0.999711	0.000068	0.999974	0.000437	
1350065690.738387	0.999993	60.388555	47.137045	3.891918	0.999970	0.002371	1.000000	1.000000	1.000000	1.000000	1.000000	1.000000	1.000000	1.000000	1.000000	1.000000	1.000000	1.000000	1.000016	0.000236	1350065690.738476	0.999991	58.348154	45.147748	2.651284	1.000000	1.000000	1.000000	1.000000	1.000000	1.000000	1.000000	1.000000	1.000000	1.000000	1.000000	1.000000	1.002797	0.000009	0.999990	0.000156	
1350065691.738393	1.000006	60.481863	47.216164	3.893959	0.999985	0.002117	1.000000	1.000000	1.000000	1.000000	1.000000	1.000000	1.000000	1.000000	1.000000	1.000000	1.000000	1.000000	0.999968	0.000309	1350065691.738486	1.000010	58.325573	45.137457	2.621266	1.000000	1.000000	1.000000	1.000000	1.000000	1.000000	1.000000	1.000000	1.000000	1.000000	1.000000	1.000000	0.999544	0.000085	1.000032	0.000167	
1350065692.738388	0.999995	58.755131	45.489974	3.828068	0.999968	0.001999	1.000000	1.000000	1.000000	1.000000	1.000000	1.000000	1.000000	1.000000	1.000000	1.000000	1.000000	1.000000	1.002654	0.000237	1350065692.738488	1.000002	56.520797	43.347513	2.465892	1.000000	1.000000	1.000000	1.000000	1.000000	1.000000	1.000000	1.000000	1.000000	1.000000	1.000000	1.000000	0.997434	0.000074	0.999976	0.000173	
1350065693.738387	0.999999	57.978662	44.712537	3.859913	0.999989	0.001649	1.000000	1.000000	1.000000	1.000000	1.000000	1.000000	1.000000	1.000000	1.000000	1.000000	1.000000	1.000000	0.997499	0.000255	1350065693.738476	0.999988	56.100141	42.933343	2.324796	1.000000	1.000000	1.000000	1.000000	1.000000	1.000000	1.000000	1.000000	1.000000	1.000000	1.000000	1.000000	0.990120	0.000060	0.998515	0.000148	
1350065694.738387	1.000000	59.969772	46.702499	3.882492	0.999969	0.002292	1.000000	1.000000	1.000000	1.000000	1.000000	1.000000	1.000000	1.000000	1.000000	1.000000	1.000000	1.000000	1.002354	0.000265	1350065694.738479	1.000003	57.890415	44.724867	2.601310	1.000000	1.000000	1.000000	1.000000	1.000000	1.000000	1.000000	1.000000	1.000000	1.000000	1.000000	1.000000	1.000400	0.001969	1.000417	0.000466	
1350065695.738387	1.000000	60.472168	47.205856	3.875824	1.000006	0.002112	1.000000	1.000000	1.000000	1.000000	1.000000	1.000000	1.000000	1.000000	1.000000	1.000000	1.000000	1.000000	0.997999	0.000325	1350065695.738495	1.000016	58.347045	45.179469	2.621006	1.000000	1.000000	1.000000	1.000000	1.000000	1.000000	1.000000	1.000000	1.000000	1.000000	1.000000	1.000000	0.999804	0.000087	0.999969	0.000161	
1350065696.738387	1.000000	60.457306	47.190933	3.881821	0.999985	0.002298	1.000000	1.000000	1.000000	1.000000	1.000000	1.000000	1.000000	1.000000	1.000000	1.000000	1.000000	1.000000	1.002475	0.000258	1350065696.738479	0.999984	58.295395	45.142689	2.611507	1.000000	1.000000	1.000000	1.000000	1.000000	1.000000	1.000000	1.000000	1.000000	1.000000	1.000000	1.000000	1.002197	0.000009	1.000024	0.000228	
1350065697.738387	1.000000	60.489883	47.224426	3.866974	0.999967	0.002095	1.000000	1.000000	1.000000	1.000000	1.000000	1.000000	1.000000	1.000000	1.000000	1.000000	1.000000	1.000000	0.998020	0.000318	1350065697.738474	0.999995	58.352740	45.184613	2.559156	1.000000	1.000000	1.000000	1.000000	1.000000	1.000000	1.000000	1.000000	1.000000	1.000000	1.000000	1.000000	0.996062	0.000136	1.000024	0.000180	
1350065698.738387	1.000000	60.490463	47.224365	3.866226	0.999971	0.002305	1.000000	1.000000	1.000000	1.000000	1.000000	1.000000	1.000000	1.000000	1.000000	1.000000	1.000000	1.000000	1.002170	0.000277	1350065698.738478	1.000004	58.333855	45.167770	2.549871	1.000000	1.000000	1.000000	1.000000	1.000000	1.000000	1.000000	1.000000	1.000000	1.000000	1.000000	1.000000	1.022822	0.000023	0.997267	0.000218	
1350065699.738394	1.000007	60.518945	47.253305	3.886295	0.999989	0.002075	1.000000	1.000000	1.000000	1.000000	1.000000	1.000000	1.000000	1.000000	1.000000	1.000000	1.000000	1.000000	0.997727	0.000278	1350065699.738487	1.000009	58.352438	45.185733	2.497490	1.000000	1.000000	1.000000	1.000000	1.000000	1.000000	1.000000	1.000000	1.000000	1.000000	1.000000	1.000000	0.997678	0.000086	1.000742	0.000489	
1350065700.738387	0.999993	60.481802	47.215140	3.921292	0.999993	0.002357	1.000000	1.000000	1.000000	1.000000	1.000000	1.000000	1.000000	1.000000	1.000000	1.000000	1.000000	1.000000	1.002289	0.000276	1350065700.738478	0.999991	58.363123	45.186155	2.637048	1.000000	1.000000	1.000000	1.000000	1.000000	1.000000	1.000000	1.000000	1.000000	1.000000	1.000000	1.000000	1.022307	0.000009	1.001215	0.000175	
1350065701.738387	1.000000	60.510071	47.241898	3.992905	0.999980	0.002129	1.000000	1.000000	1.000000	1.000000	1.000000	1.000000	1.000000	1.000000	1.000000	1.000000	1.000000	1.000000	1.000071	0.000298	1350065701.738482	1.000004	58.370842	45.200317	2.598134	1.000000	1.000000	1.000000	1.000000	1.000000	1.000000	1.000000	1.000000	1.000000	1.000000	1.000000	1.000000	0.999553	0.000289	0.998700	0.000190	
1350065702.738394	1.000007	60.410074	47.152491	4.051684	0.999960	0.002361	1.000000	1.000000	1.000000	1.000000	1.000000	1.000000	1.000000	1.000000	1.000000	1.000000	1.000000	1.000000	0.999859	0.000276	1350065702.738484	1.000002	58.635874	45.459676	2.774805	1.000000	1.000000	1.000000	1.000000	1.000000	1.000000	1.000000	1.000000	1.000000	1.000000	1.000000	1.000000	1.000002	0.049793	1.000582	0.000445	
1350065703.738387	0.999993	60.448401	47.178900	3.951596	1.000011	0.002172	1.000000	1.000000	1.000000	1.000000	1.000000	1.000000	1.000000	1.000000	1.000000	1.000000	1.000000	1.000000	1.000038	0.000305	1350065703.738478	0.999994	58.349072	45.164591	2.627442	1.000000	1.000000	1.000000	1.000000	1.000000	1.000000	1.000000	1.000000	1.000000	1.000000	1.000000	1.000000	0.992542	0.000078	0.999867	0.000211	
1350065704.738387	1.000000	60.482803	47.212311	3.893616	0.999970	0.002333	1.000000	1.000000	1.000000	1.000000	1.000000	1.000000	1.000000	1.000000	1.000000	1.000000	1.000000	1.000000	0.999922	0.000262	1350065704.738479	1.000001	58.373006	45.205493	2.636487	1.000000	1.000000	1.000000	1.000000	1.000000	1.000000	1.000000	1.000000	1.000000	1.000000	1.000000	1.000000	1.000123	0.004629	0.999974	0.000527	
1350065705.738387	1.000000	60.522278	47.251038	3.894547	0.999955	0.002121	1.000000	1.000000	1.000000	1.000000	1.000000	1.000000	1.000000	1.000000	1.000000	1.000000	1.000000	1.000000	0.997994	0.000306	1350065705.738476	0.999997	58.268674	45.115603	2.557045	1.000000	1.000000	1.000000	1.000000	1.000000	1.000000	1.000000	1.000000	1.000000	1.000000	1.000000	1.000000	1.000138	0.000050	0.999722	0.000283	
1350065706.738387	1.000000	60.536041	47.262634	3.902451	1.000004	0.002291	1.000000	1.000000	1.000000	1.000000	1.000000	1.000000	1.000000	1.000000	1.000000	1.000000	1.000000	1.000000	1.002349	0.000258	1350065706.738475	0.999999	58.315058	45.147306	2.590304	1.000000	1.000000	1.000000	1.000000	1.000000	1.000000	1.000000	1.000000	1.000000	1.000000	1.000000	1.000000	1.000266	0.000009	1.000476	0.000199	
1350065707.738393	1.000006	60.545049	47.275582	3.891853	0.999980	0.002064	1.000000	1.000000	1.000000	1.000000	1.000000	1.000000	1.000000	1.000000	1.000000	1.000000	1.000000	1.000000	0.997893	0.000300	1350065707.738487	1.000012	58.339591	45.168193	2.591369	1.000000	1.000000	1.000000	1.000000	1.000000	1.000000	1.000000	1.000000	1.000000	1.000000	1.000000	1.000000	0.995549	0.000147	0.998683	0.000168	
1350065708.738387	0.999994	60.540186	47.268989	3.911416	0.999995	0.002655	1.000000	1.000000	1.000000	1.000000	1.000000	1.000000	1.000000	1.000000	1.000000	1.000000	1.000000	1.000000	1.002009	0.000311	1350065708.738477	0.999990	58.353596	45.188105	2.622081	1.000000	1.000000	1.000000	1.000000	1.000000	1.000000	1.000000	1.000000	1.000000	1.000000	1.000000	1.000000	1.001226	0.000529	1.000594	0.000193	
1350065709.738387	1.000000	60.713638	47.441528	3.962891	0.999987	0.005033	1.000000	1.000000	1.000000	1.000000	1.000000	1.000000	1.000000	1.000000	1.000000	1.000000	1.000000	1.000000	0.999790	0.003092	1350065709.738478	1.000001	58.346166	45.177951	2.666181	1.000000	1.000000	1.000000	1.000000	1.000000	1.000000	1.000000	1.000000	1.000000	1.000000	1.000000	1.000000	0.997948	0.000390	0.999974	0.004171	
1350065710.738387	1.000000	59.391693	46.119705	3.873291	0.999990	0.002062	1.000000	1.000000	1.000000	1.000000	1.000000	1.000000	1.000000	1.000000	1.000000	1.000000	1.000000	1.000000	1.002284	0.000280	1350065710.738480	1.000002	57.086393	43.921211	2.640147	1.000000	1.000000	1.000000	1.000000	1.000000	1.000000	1.000000	1.000000	1.000000	1.000000	1.000000	1.000000	1.018924	0.000037	0.997017	0.000198	
1350065711.738403	1.000016	715761378.949851	715783630.237352	715809595.285918	0.999987	1.000196	0.999984	1.000198	0.999995	1.000196	0.999987	1.000195	0.999987	1.000199	0.999989	1.000193	0.999987	1.000198	0.999987	1.000196	1350065711.738501	1.000021	715806780.212665	715751651.422032	715790030.382389	0.999987	1.000196	0.999984	1.000198	3.893234	0.256905	0.999987	1.000196	0.999987	1.000198	0.999989	1.000193	0.999987	1.000198	0.999987	1.000197	
1350065712.738387	0.999984	0.000000	0.000000	0.000000	-nan	-nan	-nan	-nan	0.000000	inf	-nan	-nan	-nan	0.000000	-nan	-nan	-nan	-nan	-nan	-nan	1350065712.738461	0.999960	0.000000	0.000000	0.000000	-nan	-nan	-nan	-nan	0.000000	inf	-nan	-nan	-nan	-nan	-nan	-nan	-nan	-nan	-nan	-nan	
