ts_0	elapsed_0	pkg_0	pp0_0	dram_0	freq_ratio_0_0	c0_ratio_0_0	freq_ratio_0_1	c0_ratio_0_1	freq_ratio_0_2	c0_ratio_0_2	freq_ratio_0_3	c0_ratio_0_3	freq_ratio_0_4	c0_ratio_0_4	freq_ratio_0_5	c0_ratio_0_5	freq_ratio_0_6	c0_ratio_0_6	freq_ratio_0_7	c0_ratio_0_7	ts_1	elapsed_1	pkg_1	pp0_1	dram_1	freq_ratio_1_0	c0_ratio_1_0	freq_ratio_1_1	c0_ratio_1_1	freq_ratio_1_2	c0_ratio_1_2	freq_ratio_1_3	c0_ratio_1_3	freq_ratio_1_4	c0_ratio_1_4	freq_ratio_1_5	c0_ratio_1_5	freq_ratio_1_6	c0_ratio_1_6	freq_ratio_1_7	c0_ratio_1_7	
1349478790.034451	1.000509	79.806407	65.853213	7.338504	1.137201	0.954350	1.136175	0.948217	1.136129	0.947731	1.136241	0.947288	1.136178	0.946590	1.136186	0.946738	1.136172	0.946495	1.136112	0.942970	1349478790.034528	1.000370	80.584531	66.775005	6.397855	1.129293	0.948043	1.129252	0.947804	1.129240	0.947461	1.129136	0.946553	1.129173	0.946853	1.129162	0.946757	1.129136	0.946753	1.135132	0.989493	
1349478791.034448	0.999997	79.305010	65.226215	7.958475	1.106088	0.977384	1.106104	0.977462	1.106105	0.977464	1.106118	0.977438	1.106126	0.977266	1.106126	0.977258	1.106106	0.977336	1.106126	0.977247	1349478791.034525	0.999997	79.437288	65.437962	7.547783	1.090389	0.977504	1.090372	0.977369	1.090385	0.977506	1.090371	0.977352	1.090384	0.977460	1.090371	0.977382	1.090371	0.977314	1.093175	0.996737	
1349478792.034450	1.000002	68.853308	54.865282	6.974337	1.131144	0.780428	1.131079	0.780456	1.131098	0.780473	1.131119	0.780453	1.131123	0.780444	1.131163	0.780310	1.131171	0.780385	1.131162	0.780314	1349478792.034535	1.000010	73.292509	59.396546	6.534297	1.112911	0.779958	1.112922	0.779843	1.112908	0.779942	1.113013	0.780331	1.112907	0.779938	1.112899	0.779879	1.112906	0.779769	1.146705	0.998392	
1349478793.034449	0.999999	79.315017	65.089082	8.246910	1.100441	0.971859	1.100457	0.972092	1.100474	0.972065	1.100472	0.972061	1.100491	0.971772	1.100491	0.971767	1.100472	0.971814	1.100492	0.971755	1349478793.034527	0.999992	79.419131	65.305965	7.884921	1.084142	0.972260	1.084110	0.972015	1.084142	0.972250	1.084109	0.971988	1.084142	0.972241	1.084109	0.971982	1.084109	0.971975	1.087299	0.996766	
1349478794.034451	1.000002	79.271333	65.218778	7.594788	1.110910	0.971504	1.110820	0.971780	1.110838	0.971700	1.110861	0.971671	1.110952	0.971421	1.110935	0.971545	1.110953	0.971411	1.110918	0.971583	1349478794.034536	1.000009	79.425199	65.497453	6.794692	1.093529	0.971414	1.093507	0.971262	1.093529	0.971406	1.093505	0.971150	1.093527	0.971397	1.093504	0.971150	1.093505	0.971111	1.097281	0.996434	
1349478795.034452	1.000001	79.393021	65.053801	8.654807	1.083575	0.988104	1.083483	0.988241	1.083497	0.988218	1.083511	0.988196	1.083594	0.988056	1.083554	0.988041	1.083581	0.988076	1.083556	0.988065	1349478795.034537	1.000001	79.508057	65.274764	8.104759	1.070247	0.988449	1.070240	0.988295	1.070246	0.988409	1.070238	0.988285	1.070245	0.988399	1.070235	0.988308	1.070236	0.988224	1.071210	0.996184	
1349478796.034459	1.000007	79.475403	65.373098	7.742882	1.098259	0.989794	1.098204	0.989904	1.098203	0.989934	1.098225	0.989898	1.098276	0.989747	1.098266	0.989694	1.098277	0.989742	1.098267	0.989685	1349478796.034552	1.000015	79.499218	65.527779	6.957690	1.085372	0.989882	1.085370	0.989703	1.085372	0.989877	1.085367	0.989735	1.085371	0.989873	1.085362	0.989740	1.085367	0.989721	1.085907	0.996073	
1349478797.034451	0.999992	79.494129	65.198649	8.346366	1.085952	0.990417	1.085919	0.990551	1.085919	0.990545	1.085934	0.990490	1.085971	0.990345	1.085957	0.990364	1.085969	0.990380	1.085955	0.990397	1349478797.034535	0.999983	79.511585	65.334816	8.007612	1.072297	0.990729	1.072290	0.990605	1.072297	0.990720	1.072289	0.990631	1.072297	0.990709	1.072289	0.990583	1.072289	0.990613	1.072770	0.996306	
1349478798.034447	0.999996	79.445726	65.275472	8.043108	1.094700	0.987448	1.094611	0.987638	1.094628	0.987569	1.094643	0.987580	1.094720	0.987381	1.094688	0.987428	1.094724	0.987338	1.094688	0.987454	1349478798.034521	0.999986	79.479954	65.435125	7.220225	1.080407	0.987587	1.080391	0.987444	1.080409	0.987541	1.080393	0.987373	1.080407	0.987567	1.080389	0.987410	1.080394	0.987364	1.081200	0.996112	
1349478799.034450	1.000003	79.386061	64.999463	8.718036	1.088504	0.972762	1.088402	0.973144	1.088414	0.973064	1.088441	0.973024	1.088533	0.972694	1.088512	0.972862	1.088516	0.972760	1.088520	0.972837	1349478799.034533	1.000012	79.474425	65.204942	8.033733	1.073193	0.973155	1.073164	0.972976	1.073192	0.973139	1.073170	0.972926	1.073190	0.973130	1.073163	0.972852	1.073165	0.972870	1.076621	0.996491	
1349478800.034460	1.000010	715781529.667681	715796692.607292	715771743.726260	0.999989	1.000127	0.999987	1.000130	0.999989	1.000134	0.999989	1.000127	0.999989	1.000129	0.999992	1.000125	0.999989	1.000130	0.999989	1.000127	1349478800.034550	1.000017	715758364.696093	715760940.103349	715781933.062760	0.999989	1.000127	0.999986	1.000129	3.893095	0.256897	0.999989	1.000127	0.999989	1.000130	0.999992	1.000124	0.999989	1.000130	0.999989	1.000127	
1349478801.034446	0.999986	0.000000	0.000000	0.000000	-nan	-nan	-nan	-nan	0.000000	inf	-nan	-nan	-nan	0.000000	-nan	-nan	-nan	-nan	-nan	-nan	1349478801.034505	0.999955	0.000000	0.000000	0.000000	-nan	-nan	-nan	-nan	0.000000	inf	-nan	-nan	-nan	-nan	-nan	-nan	-nan	-nan	-nan	-nan	
