ts_0	elapsed_0	pkg_0	pp0_0	dram_0	freq_ratio_0_0	c0_ratio_0_0	freq_ratio_0_1	c0_ratio_0_1	freq_ratio_0_2	c0_ratio_0_2	freq_ratio_0_3	c0_ratio_0_3	freq_ratio_0_4	c0_ratio_0_4	freq_ratio_0_5	c0_ratio_0_5	freq_ratio_0_6	c0_ratio_0_6	freq_ratio_0_7	c0_ratio_0_7	ts_1	elapsed_1	pkg_1	pp0_1	dram_1	freq_ratio_1_0	c0_ratio_1_0	freq_ratio_1_1	c0_ratio_1_1	freq_ratio_1_2	c0_ratio_1_2	freq_ratio_1_3	c0_ratio_1_3	freq_ratio_1_4	c0_ratio_1_4	freq_ratio_1_5	c0_ratio_1_5	freq_ratio_1_6	c0_ratio_1_6	freq_ratio_1_7	c0_ratio_1_7	
1349478790.035225	1.000856	77.199884	63.467802	7.279368	1.151107	0.938846	1.152080	0.949539	1.151512	0.945276	1.150632	0.934676	1.150623	0.934355	1.150610	0.934131	1.151423	0.944199	1.150591	0.932990	1349478790.035311	1.000506	77.783386	64.091186	7.015661	1.151893	0.956323	1.151059	0.949553	1.150672	0.944979	1.150692	0.945374	1.150052	0.931410	1.149959	0.929222	1.149965	0.929578	1.155917	0.991328	
1349478791.035222	0.999997	79.168641	65.266331	7.933206	1.133990	0.978951	1.134017	0.978866	1.134005	0.978999	1.133990	0.979009	1.134032	0.978810	1.134034	0.978875	1.133974	0.979048	1.134042	0.978889	1349478791.035305	0.999994	79.249221	65.402566	8.289341	1.132441	0.978519	1.132448	0.978575	1.132439	0.978477	1.132448	0.978585	1.132439	0.978487	1.132438	0.978435	1.132448	0.978576	1.134837	0.998365	
1349478792.035226	1.000004	67.911575	54.092447	6.998644	1.145100	0.780923	1.145155	0.780931	1.145189	0.780905	1.145193	0.780919	1.145188	0.780772	1.145187	0.780779	1.145189	0.780894	1.145161	0.780808	1349478792.035333	1.000028	71.689971	57.942247	7.207380	1.145369	0.780738	1.145367	0.780752	1.145368	0.780738	1.145384	0.780859	1.145362	0.780704	1.145362	0.780703	1.145365	0.780685	1.172159	0.999458	
1349478793.035228	1.000002	79.304078	65.274137	7.988510	1.128894	0.972656	1.128960	0.972549	1.128860	0.972761	1.128850	0.972772	1.129004	0.972386	1.129006	0.972380	1.128831	0.972825	1.128987	0.972439	1349478793.035311	0.999978	79.263183	65.266797	8.717095	1.125556	0.971954	1.125575	0.972095	1.125558	0.971897	1.125577	0.972101	1.125558	0.971881	1.125558	0.971878	1.125576	0.972079	1.128419	0.997917	
1349478794.035223	0.999995	79.023436	65.175375	7.486350	1.135698	0.972655	1.135737	0.972744	1.135659	0.972916	1.135660	0.972913	1.135757	0.972563	1.135770	0.972602	1.135634	0.972876	1.135770	0.972556	1349478794.035316	1.000005	79.020433	65.196695	7.631706	1.135444	0.972240	1.135457	0.972395	1.135443	0.972237	1.135456	0.972411	1.135443	0.972239	1.135443	0.972105	1.135454	0.972397	1.138629	0.998455	
1349478795.035224	1.000001	79.418046	65.287932	8.247490	1.110688	0.989121	1.110689	0.989352	1.110661	0.989336	1.110633	0.989374	1.110724	0.989038	1.110712	0.989113	1.110630	0.989273	1.110713	0.989106	1349478795.035311	0.999995	79.430009	65.311454	9.238053	1.111441	0.988659	1.111450	0.988740	1.111441	0.988650	1.111455	0.988805	1.111439	0.988616	1.111434	0.988491	1.111449	0.988728	1.112377	0.997117	
1349478796.035224	1.000000	79.377579	65.488892	7.593460	1.123540	0.991137	1.123561	0.991219	1.123521	0.991207	1.123523	0.991203	1.123562	0.991096	1.123580	0.991014	1.123510	0.991217	1.123580	0.991011	1349478796.035316	1.000005	79.244766	65.375375	7.775687	1.126602	0.990905	1.126612	0.991004	1.126603	0.990901	1.126610	0.991093	1.126604	0.990858	1.126605	0.990862	1.126612	0.990995	1.127464	0.997958	
1349478797.035224	1.000000	79.460007	65.385941	8.076889	1.110689	0.991006	1.110708	0.991073	1.110686	0.991136	1.110660	0.991170	1.110727	0.990954	1.110728	0.990954	1.110662	0.991168	1.110728	0.990949	1349478797.035331	1.000015	79.453229	65.387705	8.941821	1.113652	0.990974	1.113659	0.991069	1.113653	0.990952	1.113655	0.991141	1.113651	0.990947	1.113652	0.990932	1.113658	0.991060	1.114236	0.997248	
1349478798.035227	1.000003	79.283217	65.348812	7.752250	1.118371	0.988388	1.118390	0.988518	1.118380	0.988603	1.118365	0.988623	1.118416	0.988274	1.118412	0.988333	1.118374	0.988490	1.118414	0.988307	1349478798.035308	0.999977	79.029458	65.103098	8.269812	1.120116	0.988190	1.120129	0.988322	1.120117	0.988180	1.120129	0.988314	1.120117	0.988168	1.120125	0.987983	1.120130	0.988309	1.121062	0.997714	
1349478799.035222	0.999995	79.323883	65.161993	8.257106	1.113366	0.972960	1.113438	0.972898	1.113380	0.973169	1.113381	0.973162	1.113441	0.972798	1.113452	0.972819	1.113369	0.973121	1.113450	0.972854	1349478799.035310	1.000002	79.525285	65.370649	9.122312	1.113747	0.972679	1.113764	0.972867	1.113746	0.972672	1.113763	0.972860	1.113741	0.972617	1.113741	0.972533	1.113762	0.972852	1.116769	0.997293	
1349478800.035232	1.000010	715794443.635733	715788498.552213	715780152.655088	0.999989	1.000124	0.999986	1.000127	0.999989	1.000133	0.999989	1.000125	0.999989	1.000128	0.999991	1.000123	0.999989	1.000128	0.999989	1.000125	1349478800.035324	1.000014	715768835.495114	715779945.089174	715811402.465093	0.999989	1.000124	0.999986	1.000127	3.893112	0.256895	0.999989	1.000125	0.999989	1.000128	0.999991	1.000123	0.999989	1.000128	0.999989	1.000125	
1349478801.035313	1.000081	0.000000	0.000000	0.000000	-nan	-nan	-nan	-nan	1.000008	inf	-nan	-nan	-nan	0.000000	-nan	-nan	-nan	-nan	-nan	-nan	1349478801.035377	1.000053	0.000000	0.000000	0.000000	-nan	-nan	-nan	-nan	1.345745	inf	-nan	-nan	-nan	-nan	-nan	-nan	-nan	-nan	-nan	-nan	
