ts_0	elapsed_0	pkg_0	pp0_0	dram_0	freq_ratio_0_0	c0_ratio_0_0	freq_ratio_0_1	c0_ratio_0_1	freq_ratio_0_2	c0_ratio_0_2	freq_ratio_0_3	c0_ratio_0_3	freq_ratio_0_4	c0_ratio_0_4	freq_ratio_0_5	c0_ratio_0_5	freq_ratio_0_6	c0_ratio_0_6	freq_ratio_0_7	c0_ratio_0_7	ts_1	elapsed_1	pkg_1	pp0_1	dram_1	freq_ratio_1_0	c0_ratio_1_0	freq_ratio_1_1	c0_ratio_1_1	freq_ratio_1_2	c0_ratio_1_2	freq_ratio_1_3	c0_ratio_1_3	freq_ratio_1_4	c0_ratio_1_4	freq_ratio_1_5	c0_ratio_1_5	freq_ratio_1_6	c0_ratio_1_6	freq_ratio_1_7	c0_ratio_1_7	
1349476825.440388	1.000484	59.003929	44.651607	7.489829	0.999974	0.072270	1.000000	0.993754	1.000000	0.993192	1.000000	0.993105	0.999997	0.993015	1.000000	0.993000	1.000000	0.989542	0.999734	0.002363	1349476825.440533	1.000417	60.057491	46.065309	7.651106	0.999971	0.990207	0.999982	0.993845	1.000001	0.989687	1.000001	0.987686	1.000001	0.929835	0.999987	0.002715	1.010390	0.000040	0.999984	0.994663	
1349476826.440372	0.999984	59.098616	44.707806	7.711000	0.999986	0.002991	1.000000	0.998433	1.000000	0.998379	1.000000	0.998219	1.000003	0.998210	1.000000	0.998211	1.000000	0.998284	1.000000	0.005226	1349476826.440516	0.999983	60.961115	46.928254	7.905514	1.000000	0.998359	1.000000	0.998443	1.000000	0.998410	1.000000	0.998300	1.000000	0.998423	0.999418	0.000330	0.999819	0.000072	1.000000	1.000000	
1349476827.440372	1.000000	58.903091	44.509369	7.754990	0.995451	0.003339	0.999894	0.998670	0.999895	0.998677	0.999970	0.998486	0.999960	0.998504	0.999961	0.998502	0.999932	0.998554	0.999481	0.000308	1349476827.440513	0.999997	61.021078	46.983910	7.908853	1.000000	0.998624	1.000000	0.998747	1.000000	0.998743	1.000000	0.998654	1.000000	0.998779	1.000012	0.001492	1.000287	0.000048	1.000000	1.000000	
1349476828.440371	0.999999	59.222591	44.825253	7.715522	0.999947	0.004250	1.000000	1.000000	1.000000	1.000000	1.000000	1.000000	1.000000	1.000000	1.000000	1.000000	1.000000	1.000000	1.000472	0.000417	1349476828.440516	1.000003	61.234414	47.194388	7.887106	1.000000	1.000000	1.000000	1.000000	1.000000	1.000000	1.000000	1.000000	1.000000	1.000000	1.000125	0.004478	1.000068	0.000068	1.000000	1.000000	
1349476829.440373	1.000002	59.041895	44.641043	7.770157	0.994079	0.003037	0.999957	0.998771	0.999946	0.998790	0.999986	0.998710	0.999987	0.998700	0.999987	0.998702	0.999975	0.998728	0.999616	0.000062	1349476829.440526	1.000010	61.157347	47.109331	7.914029	1.000000	0.998736	1.000000	0.998787	1.000000	0.998801	1.000000	0.998714	1.000000	0.998792	0.999500	0.001395	0.999649	0.000016	1.000000	1.000000	
1349476830.440372	0.999999	59.095347	44.700329	7.741371	0.999999	0.003481	1.000000	0.999971	1.000000	0.999914	1.000000	0.999831	1.000000	0.999829	1.000000	0.999830	1.000000	0.999852	1.000687	0.000079	1349476830.440518	0.999992	61.326120	47.278917	7.888095	1.000000	0.999897	1.000000	0.999991	1.000000	0.999953	1.000000	0.999873	1.000000	0.999937	1.000029	0.005112	1.000074	0.000083	1.000000	1.000000	
1349476831.440372	1.000000	59.023712	44.634491	7.745285	0.994537	0.003058	0.999978	0.998440	0.999981	0.998447	1.000000	0.998345	1.000000	0.998344	1.000000	0.998382	0.999989	0.998416	0.997629	0.000069	1349476831.440497	0.999979	61.156877	47.103176	7.910078	1.000000	0.998451	1.000000	0.998485	1.000000	0.998493	1.000000	0.998448	1.000000	0.998491	0.999902	0.000977	0.998595	0.000016	1.000000	1.000000	
1349476832.440388	1.000016	715810948.982892	715783154.227195	715786919.420070	0.999996	1.000170	0.999993	1.000172	1.000004	1.000169	0.999996	1.000169	0.999996	1.000172	0.999999	1.000167	0.999996	1.000172	0.999996	1.000170	1349476832.440496	0.999999	715769720.006981	715782873.396280	715779774.314558	0.999996	1.000170	0.999993	1.000172	3.892614	0.256941	0.999996	1.000169	0.999996	1.000172	0.999999	1.000167	0.999996	1.000172	0.999996	1.000169	
1349476833.440368	0.999980	0.000000	0.000000	0.000000	-nan	-nan	-nan	-nan	8.000000	inf	-nan	-nan	-nan	0.000000	-nan	-nan	-nan	-nan	-nan	-nan	1349476833.440445	0.999949	0.000000	0.000000	0.000000	-nan	-nan	-nan	-nan	0.000000	inf	-nan	-nan	-nan	-nan	-nan	-nan	-nan	-nan	-nan	-nan	
