ts_0	elapsed_0	pkg_0	pp0_0	dram_0	freq_ratio_0_0	c0_ratio_0_0	freq_ratio_0_1	c0_ratio_0_1	freq_ratio_0_2	c0_ratio_0_2	freq_ratio_0_3	c0_ratio_0_3	freq_ratio_0_4	c0_ratio_0_4	freq_ratio_0_5	c0_ratio_0_5	freq_ratio_0_6	c0_ratio_0_6	freq_ratio_0_7	c0_ratio_0_7	ts_1	elapsed_1	pkg_1	pp0_1	dram_1	freq_ratio_1_0	c0_ratio_1_0	freq_ratio_1_1	c0_ratio_1_1	freq_ratio_1_2	c0_ratio_1_2	freq_ratio_1_3	c0_ratio_1_3	freq_ratio_1_4	c0_ratio_1_4	freq_ratio_1_5	c0_ratio_1_5	freq_ratio_1_6	c0_ratio_1_6	freq_ratio_1_7	c0_ratio_1_7	
1350068292.860500	1.000359	46.314410	33.104523	2.723784	1.000000	1.000000	0.998351	0.000642	1.000000	1.000000	0.999970	0.000561	1.000000	1.000000	0.999981	0.000304	1.000000	1.000000	0.999968	0.000445	1350068292.860635	1.000356	34.719071	21.523253	1.605431	1.000000	1.000000	1.000047	0.000498	0.999957	0.000492	1.000000	0.999998	1.008731	0.000047	1.006760	0.000075	1.011220	0.000046	0.999984	0.000293	
1350068293.860490	0.999990	46.067051	32.872735	2.686962	1.000000	1.000000	0.999936	0.000309	1.000000	1.000000	0.999982	0.000220	1.000000	1.000000	0.999986	0.000275	1.000000	1.000000	0.999825	0.000190	1350068293.860618	0.999983	34.746789	21.539213	1.590237	1.000000	1.000000	0.999951	0.000322	1.000027	0.000300	0.999999	1.000002	1.002484	0.000081	1.001515	0.000068	1.000005	0.000082	0.999997	0.000306	
1350068294.860489	0.999999	46.150404	32.951615	2.695712	1.000000	1.000000	1.000056	0.000199	1.000000	1.000000	0.999962	0.000140	1.000000	1.000000	0.999906	0.000193	1.000000	1.000000	1.000126	0.000156	1350068294.860619	1.000001	34.738370	21.530665	1.588927	1.000001	1.000000	1.000019	0.000280	1.000020	0.000276	1.000001	1.000000	0.974873	0.000009	0.989552	0.000008	1.000184	0.000008	1.000003	0.000232	
1350068295.860496	1.000007	46.143617	32.943711	2.697979	1.000000	1.000000	0.999976	0.000221	1.000000	1.000000	0.999929	0.000179	1.000000	1.000000	0.999999	0.000264	1.000000	1.000000	0.999979	0.000164	1350068295.860629	1.000010	34.757190	21.551191	1.586639	1.000000	1.000000	1.000175	0.000758	0.999955	0.000333	1.000000	1.000000	0.999387	0.000070	1.000314	0.000060	0.999877	0.000213	1.000150	0.000226	
1350068296.860489	0.999993	46.119322	32.916213	2.690097	1.000000	1.000000	0.999968	0.000195	1.000000	1.000000	1.000048	0.000160	1.000000	1.000000	1.000035	0.000211	1.000000	1.000000	0.999843	0.000138	1350068296.860625	0.999996	34.753238	21.545391	1.588782	1.000000	1.000000	0.999836	0.000324	1.000051	0.000310	1.000000	1.000000	1.031557	0.000008	0.998001	0.000008	1.002905	0.000008	0.999799	0.000226	
1350068297.860490	1.000001	46.147982	32.941863	2.697583	1.000000	1.000000	0.999970	0.000215	1.000000	1.000000	0.999967	0.000175	1.000000	1.000000	0.999940	0.000257	1.000000	1.000000	0.999985	0.000182	1350068297.860628	1.000003	34.756057	21.549219	1.585322	1.000000	1.000000	0.999971	0.000240	0.999938	0.000305	1.000000	1.000000	0.999975	0.000061	0.999660	0.000067	0.999994	0.000068	0.999530	0.000229	
1350068298.860489	0.999999	46.156157	32.952683	2.695422	1.000000	1.000000	1.000269	0.000194	1.000000	1.000000	0.999790	0.000160	1.000000	1.000000	0.999882	0.000213	1.000000	1.000000	0.999989	0.000138	1350068298.860622	0.999994	34.777887	21.570212	1.593119	1.000000	1.000000	1.000075	0.000404	0.999965	0.000295	1.000000	1.000000	0.942196	0.000010	0.961826	0.000009	0.976398	0.000009	1.000046	0.002399	
1350068299.860490	1.000001	46.109835	32.917541	2.692762	1.000000	1.000000	0.999818	0.000233	1.000000	1.000000	1.000119	0.000211	1.000000	1.000000	1.000067	0.000290	1.000000	1.000000	0.999977	0.000197	1350068299.860616	0.999994	34.770562	21.559958	1.588571	1.000000	1.000000	0.999761	0.000240	1.000024	0.000274	1.000000	1.000000	1.009875	0.000054	1.003944	0.000067	1.001039	0.000172	0.999969	0.000251	
1350068300.860489	0.999999	46.178496	32.974168	2.692614	1.000000	1.000000	0.999931	0.000174	1.000000	1.000000	0.999984	0.000141	1.000000	1.000000	0.999837	0.000213	1.000000	1.000000	0.999886	0.000138	1350068300.860617	1.000001	34.713437	21.516840	1.590514	1.000000	1.000000	1.000009	0.000588	1.000025	0.000294	1.000000	1.000000	0.965523	0.000009	0.985511	0.000009	0.979278	0.000009	0.999115	0.000232	
1350068301.860496	1.000007	46.160508	32.953080	2.698071	1.000000	1.000000	0.999739	0.000245	1.000000	1.000000	1.000696	0.000192	1.000000	1.000000	1.000611	0.000256	1.000000	1.000000	1.000773	0.000178	1350068301.860632	1.000015	34.736127	21.526639	1.588401	1.000000	1.000000	0.999899	0.000240	0.999968	0.000313	1.000000	1.000000	1.002036	0.000067	1.002984	0.000067	1.001464	0.000068	1.000813	0.000246	
1350068302.860489	0.999993	46.160613	32.952926	2.692630	1.000000	1.000000	1.001205	0.000180	1.000000	1.000000	0.999967	0.000138	1.000000	1.000000	1.000228	0.000191	1.000000	1.000000	1.000138	0.000137	1350068302.860626	0.999994	34.732980	21.522040	1.588617	1.000000	1.000000	1.000038	0.000275	1.000813	0.000252	1.000000	1.000000	0.997624	0.000009	0.987880	0.000008	1.012706	0.000008	1.000696	0.000237	
1350068303.860490	1.000001	46.190706	32.982543	2.684659	1.000000	1.000000	0.999360	0.000259	1.000000	1.000000	0.999380	0.000220	1.000000	1.000000	0.999379	0.000281	1.000000	1.000000	0.999449	0.000203	1350068303.860620	0.999994	34.767770	21.557898	1.589746	1.000000	1.000000	1.000006	0.000582	0.999496	0.000386	1.000000	1.000000	0.995149	0.000070	0.992307	0.000066	0.996917	0.000174	0.999476	0.000368	
1350068304.860489	0.999999	46.183775	32.973268	2.695315	1.000000	1.000000	1.000067	0.000211	1.000000	1.000000	0.999741	0.000140	1.000000	1.000000	0.999758	0.000231	1.000000	1.000000	0.999682	0.000138	1350068304.860613	0.999993	34.740520	21.530636	1.591838	1.000000	1.000000	0.999906	0.000300	0.999991	0.000248	1.000000	1.000000	1.014027	0.000038	1.016432	0.000031	1.014299	0.000037	1.000098	0.000260	
1350068305.860490	1.000001	46.171160	32.959502	2.697721	1.000000	1.000000	0.999885	0.000215	1.000000	1.000000	1.000151	0.000204	1.000000	1.000000	1.000234	0.000234	1.000000	1.000000	1.000144	0.000185	1350068305.860624	1.000011	34.755966	21.547219	1.590040	1.000000	1.000000	1.000132	0.000519	0.999960	0.000363	1.000000	0.999998	0.996902	0.000065	1.001656	0.000063	1.000012	0.000065	0.999953	0.000263	
1350068306.860489	0.999999	46.184447	32.974626	2.695407	1.000000	1.000000	1.000081	0.000199	1.000000	1.000000	0.999890	0.000140	1.000000	1.000000	0.999989	0.000212	1.000000	1.000000	0.999758	0.000119	1350068306.860616	0.999992	34.751640	21.540565	1.587247	1.000000	1.000000	0.999696	0.000277	0.999972	0.000263	1.000000	1.000002	1.000870	0.000009	0.998670	0.000008	1.000184	0.000008	0.999961	0.000238	
1350068307.860496	1.000007	46.235886	33.024689	2.686978	1.000000	1.000000	0.999991	0.000226	1.000000	1.000000	1.000071	0.000195	1.000000	1.000000	0.999922	0.000256	1.000000	1.000000	1.000175	0.000198	1350068307.860631	1.000015	34.766201	21.555066	1.593512	1.000000	1.000000	1.000120	0.000237	0.999956	0.000342	1.000000	0.999998	1.000133	0.000072	1.000160	0.000053	0.999886	0.000085	0.999991	0.000247	
1350068308.860490	0.999994	46.209336	32.996397	2.692719	1.000000	1.000000	0.999990	0.000320	1.000000	1.000000	0.999982	0.000147	1.000000	1.000000	0.999983	0.000201	1.000000	1.000000	0.999891	0.000127	1350068308.860625	0.999994	34.773324	21.563712	1.586939	1.000000	1.000000	0.999880	0.000389	1.000033	0.000311	1.000000	1.000002	1.011440	0.000017	0.989670	0.000017	0.999296	0.000017	0.999997	0.002227	
1350068309.860490	1.000000	46.195786	32.982529	2.695175	1.000000	1.000000	0.999990	0.000193	1.000000	1.000000	0.999980	0.000190	1.000000	1.000000	1.000021	0.000251	1.000000	1.000000	0.999940	0.000199	1350068309.860619	0.999994	34.767038	21.557212	1.590311	1.000000	1.000000	1.000267	0.000241	0.999990	0.000312	1.000000	1.000000	0.999930	0.000072	1.000971	0.000065	1.000268	0.000066	1.000003	0.000230	
1350068310.860489	0.999999	46.158049	32.960420	2.692553	1.000000	1.000000	1.000063	0.000226	1.000000	1.000000	0.999780	0.000140	1.000000	1.000000	1.000036	0.000212	1.000000	1.000000	0.999901	0.000120	1350068310.860619	1.000000	34.735458	21.540344	1.587219	1.000000	1.000000	0.999951	0.000594	0.999997	0.000272	1.000000	1.000000	0.962218	0.000009	0.984966	0.000009	0.974495	0.000009	0.999089	0.000235	
1350068311.860490	1.000001	46.189119	32.979781	2.690030	1.000000	1.000000	0.999879	0.000192	1.000000	1.000000	1.000135	0.000212	1.000000	1.000000	0.999910	0.000253	1.000000	1.000000	0.999965	0.000177	1350068311.860659	1.000040	34.751538	21.543739	1.590299	1.000000	1.000000	1.000022	0.000265	1.000122	0.000384	1.000000	1.000000	1.002995	0.000052	1.003371	0.000066	1.002861	0.000078	1.000878	0.000245	
1350068312.860490	1.000000	46.189407	32.975647	2.700974	1.000000	1.000000	0.999946	0.000209	1.000000	1.000000	0.999980	0.000132	1.000000	1.000000	0.999998	0.000212	1.000000	1.000000	1.000177	0.000139	1350068312.860618	0.999959	34.736807	21.528959	1.590550	1.000000	1.000000	1.000105	0.000287	0.999840	0.000210	1.000000	1.000000	1.000168	0.000009	0.988617	0.000008	1.000919	0.000008	0.999954	0.000216	
1350068313.860490	1.000000	46.209320	32.998856	2.692902	1.000000	1.000000	0.999996	0.000195	1.000000	1.000000	1.000647	0.000207	1.000000	1.000000	1.000509	0.000251	1.000000	1.000000	1.000526	0.000177	1350068313.860618	1.000000	34.737503	21.533798	1.588699	1.000000	1.000000	0.999838	0.000314	0.999941	0.000327	1.000000	1.000000	1.002810	0.000066	1.000132	0.000064	0.999894	0.000066	0.999604	0.000278	
1350068314.860496	1.000006	46.191406	32.980532	2.695632	1.000000	1.000000	1.000701	0.000202	1.000000	1.000000	0.999990	0.000120	1.000000	1.000000	1.000066	0.000210	1.000000	1.000000	0.999939	0.000140	1350068314.860627	1.000009	34.722128	21.518634	1.590485	1.000000	1.000000	1.000019	0.000298	1.000810	0.000231	0.999998	1.000000	0.977944	0.000009	1.011765	0.000008	1.006687	0.000008	1.000345	0.000216	
1350068315.860490	0.999994	46.774449	33.563494	2.723893	1.000000	1.000000	0.999960	0.003875	1.000000	1.000000	0.999957	0.003306	1.000000	1.000000	0.999954	0.003048	1.000000	1.000000	0.999956	0.002984	1350068315.860624	0.999997	34.855500	21.649207	1.589727	1.000000	1.000000	0.999992	0.003372	0.999937	0.003161	1.000002	1.000000	0.999876	0.002693	0.999809	0.002661	0.999790	0.002741	1.000009	0.004113	
1350068316.860489	0.999999	46.187987	32.978410	2.698382	1.000000	1.000000	1.000102	0.000208	1.000000	1.000000	0.999756	0.000121	1.000000	1.000000	0.999756	0.000231	1.000000	1.000000	0.999892	0.000139	1350068316.860619	0.999995	34.744482	21.536775	1.591988	1.000000	1.000000	0.999897	0.000302	1.000016	0.000263	1.000000	1.000000	1.002775	0.000046	1.004983	0.000044	1.006729	0.000044	0.999017	0.000250	
1350068317.860490	1.000001	46.193620	32.985991	2.697843	1.000000	1.000000	0.999937	0.000256	1.000000	1.000000	1.000136	0.000210	1.000000	1.000000	1.000139	0.000260	1.000000	1.000000	1.000242	0.000178	1350068317.860619	1.000000	34.740402	21.530701	1.587158	1.000000	1.000000	1.000124	0.000239	1.000027	0.000331	1.000000	1.000000	1.005560	0.000068	1.001737	0.000067	1.002974	0.000068	1.000815	0.000276	
1350068318.860496	1.000006	46.210998	32.999834	2.692367	1.000000	1.000000	1.000030	0.000192	1.000000	1.000000	0.999720	0.000141	1.000000	1.000000	0.999978	0.000196	1.000000	1.000000	0.999925	0.000139	1350068318.860626	1.000007	34.761509	21.555439	1.591588	1.000000	1.000000	0.999991	0.001168	0.999903	0.000267	1.000000	1.000000	0.993485	0.000009	1.017714	0.000008	0.997196	0.000009	1.000007	0.002239	
1350068319.860490	0.999994	46.153916	32.943174	2.687074	1.000000	1.000000	0.999927	0.000207	1.000000	1.000000	1.000147	0.000207	1.000000	1.000000	1.000017	0.000254	1.000000	1.000000	1.000079	0.000179	1350068319.860618	0.999992	34.728599	21.521735	1.591993	1.000000	1.000000	1.000147	0.000251	1.000011	0.000321	1.000000	1.000000	1.000686	0.000067	0.999960	0.000067	1.000449	0.000076	0.999964	0.000239	
1350068320.860490	1.000000	46.146866	32.933884	2.695404	1.000000	1.000000	1.000024	0.000190	1.000000	1.000000	0.999978	0.000140	1.000000	1.000000	0.999995	0.000223	1.000000	1.000000	0.999979	0.000148	1350068320.860620	1.000002	34.690074	21.499120	1.585492	1.000000	1.000000	0.999668	0.000596	0.999985	0.000300	1.000000	1.000000	1.003026	0.000009	1.003107	0.000008	0.997643	0.000009	0.999992	0.000243	
1350068321.860489	0.999999	46.109327	32.909547	2.698123	1.000000	1.000000	1.000030	0.000209	1.000000	1.000000	0.999980	0.000191	1.000000	1.000000	0.999967	0.000247	1.000000	1.000000	0.999713	0.000155	1350068321.860620	1.000000	34.728683	21.522919	1.588593	1.000000	1.000000	0.999974	0.000240	0.999987	0.000320	1.000000	1.000000	0.999941	0.000072	0.999600	0.000066	1.000324	0.000068	0.999917	0.000245	
1350068322.860489	1.000000	46.167191	32.954956	2.690063	1.000000	1.000000	1.000006	0.000204	1.000000	1.000000	0.999785	0.000140	1.000000	1.000000	0.999953	0.000213	1.000000	1.000000	0.999956	0.000157	1350068322.860620	1.000000	34.729294	21.524277	1.587128	1.000000	1.000000	0.999994	0.000301	0.999991	0.000263	1.000000	1.000000	1.000311	0.000009	0.989112	0.000008	0.977738	0.000009	0.999108	0.000218	
1350068323.860489	1.000000	46.172577	32.960388	2.684723	1.000000	1.000000	0.999942	0.000207	1.000000	1.000000	1.000103	0.000232	1.000000	1.000000	1.000015	0.000265	1.000000	1.000000	0.999990	0.000159	1350068323.860623	1.000003	34.736419	21.532068	1.588527	1.000000	1.000000	0.999952	0.000303	0.999982	0.000308	1.000000	1.000000	0.995597	0.000066	1.001388	0.000067	1.002267	0.000085	1.000669	0.000283	
1350068324.860499	1.000010	715767129.160240	715808199.709777	715776768.219572	0.999990	1.000216	0.999988	1.000223	0.999998	1.000218	0.999990	1.000217	0.999990	1.000221	0.999993	1.000215	0.999990	1.000221	0.999990	1.000218	1350068324.860594	0.999971	715801012.678351	715815440.076914	715837891.924553	0.999990	1.000218	0.999988	1.000221	3.893004	0.256927	0.999990	1.000218	0.999990	1.000219	0.999993	1.000217	0.999990	1.000221	0.999990	1.000219	
1350068325.860516	1.000017	0.000000	0.000000	0.000000	-nan	-nan	-nan	-nan	0.000000	inf	-nan	-nan	-nan	0.000000	-nan	-nan	-nan	-nan	-nan	-nan	1350068325.860598	1.000004	0.000000	0.000000	0.000000	-nan	-nan	-nan	-nan	0.000000	inf	-nan	-nan	-nan	-nan	-nan	-nan	-nan	-nan	-nan	-nan	
