ts_0	elapsed_0	pkg_0	pp0_0	dram_0	freq_ratio_0_0	c0_ratio_0_0	freq_ratio_0_1	c0_ratio_0_1	freq_ratio_0_2	c0_ratio_0_2	freq_ratio_0_3	c0_ratio_0_3	freq_ratio_0_4	c0_ratio_0_4	freq_ratio_0_5	c0_ratio_0_5	freq_ratio_0_6	c0_ratio_0_6	freq_ratio_0_7	c0_ratio_0_7	ts_1	elapsed_1	pkg_1	pp0_1	dram_1	freq_ratio_1_0	c0_ratio_1_0	freq_ratio_1_1	c0_ratio_1_1	freq_ratio_1_2	c0_ratio_1_2	freq_ratio_1_3	c0_ratio_1_3	freq_ratio_1_4	c0_ratio_1_4	freq_ratio_1_5	c0_ratio_1_5	freq_ratio_1_6	c0_ratio_1_6	freq_ratio_1_7	c0_ratio_1_7	
1349476763.748699	1.000479	30.030965	16.430744	5.920123	0.999713	0.007459	0.999982	0.993857	0.992523	0.000097	0.993878	0.000052	0.999980	0.000750	0.987745	0.000041	0.985422	0.000041	0.993897	0.000086	1349476763.748982	1.000531	42.920326	29.312805	6.634630	1.000000	0.993957	1.000001	0.993910	0.996322	0.000096	1.005671	0.000054	1.004428	0.000040	1.001678	0.000111	1.006306	0.000039	1.000002	0.994397	
1349476764.748694	0.999995	30.115278	16.459830	5.954162	0.999986	0.001661	1.000000	1.000000	1.001077	0.000143	0.985279	0.000053	1.001118	0.000199	0.991262	0.000060	0.993874	0.000086	0.998817	0.000105	1349476764.748971	0.999989	43.252351	29.596623	6.874160	1.000000	1.000000	1.000000	1.000000	0.999640	0.000114	0.999475	0.000058	0.999700	0.000055	0.998815	0.000095	1.000613	0.000060	1.000000	1.000000	
1349476765.748693	0.999999	30.109373	16.469986	5.971457	0.999976	0.001961	1.000000	0.998549	0.999007	0.000082	1.014821	0.000053	0.998928	0.000204	1.014631	0.000035	1.014572	0.000039	1.000988	0.000125	1349476765.748974	1.000003	43.264438	29.599640	6.871515	1.000000	0.998552	1.000000	0.998541	0.995160	0.000036	1.000908	0.000028	1.003299	0.000012	1.000455	0.000163	0.994834	0.000016	1.000000	1.000000	
1349476766.748693	1.000000	30.107269	16.468338	5.967773	0.999942	0.001771	0.999983	0.999940	0.999152	0.000098	0.990162	0.000060	0.999975	0.000204	0.999959	0.000056	1.000103	0.000060	0.999986	0.000112	1349476766.748970	0.999996	43.308922	29.642836	6.874326	1.000000	0.999975	1.000000	1.000000	1.001793	0.000108	0.999751	0.000100	0.999996	0.000088	0.999959	0.000133	1.000731	0.000105	1.000000	1.000000	
1349476767.748693	1.000000	30.101288	16.462265	5.959412	0.999975	0.001972	0.999983	0.999941	1.006609	0.000058	0.994135	0.000028	1.000007	0.000172	0.999626	0.000014	0.990527	0.000015	0.999866	0.000052	1349476767.748970	1.000000	43.324509	29.655609	6.903458	1.000000	0.999980	1.000000	1.000000	1.000011	0.000036	0.999808	0.000034	0.994256	0.000017	1.000392	0.000090	0.993139	0.000016	1.000000	1.000000	
1349476768.748693	1.000000	30.093109	16.454819	5.960907	0.982923	0.001680	1.000000	0.998156	0.999202	0.000097	1.005730	0.000094	0.999533	0.000679	1.000068	0.000119	1.001719	0.000100	1.000168	0.000110	1349476768.748972	1.000002	43.345773	29.672688	6.872683	1.000000	0.998201	1.000000	0.998180	1.000752	0.000063	1.000421	0.000059	1.001451	0.000054	1.000201	0.000100	1.001943	0.000059	1.000000	1.000000	
1349476769.748693	1.000000	30.119995	16.480606	5.975952	0.999956	0.001927	1.000000	0.999999	0.998030	0.000056	0.997567	0.000027	1.000135	0.002331	1.000236	0.000015	1.000144	0.000016	1.003612	0.000057	1349476769.748970	0.999998	43.305106	29.635829	6.896482	1.000000	1.000000	1.000000	1.000000	0.993531	0.000032	1.000800	0.000027	1.001086	0.000012	0.999765	0.000097	0.999437	0.000016	1.000000	1.000000	
1349476770.748693	1.000000	30.114990	16.475006	5.963043	0.999904	0.001686	1.000000	1.000000	0.998509	0.000149	1.005145	0.000055	1.000004	0.000217	0.999957	0.000054	1.000020	0.000058	0.998455	0.000155	1349476770.748971	1.000001	43.318379	29.661379	6.869119	1.000000	1.000000	1.000000	1.000000	1.000039	0.000069	0.999649	0.000057	0.999829	0.000056	1.000035	0.000175	0.999799	0.000061	1.000000	1.000000	
1349476771.748693	1.000000	36.120880	22.462296	5.960938	1.000000	0.960561	1.000001	1.000001	0.997874	0.000569	0.990523	0.000025	0.999444	0.000171	0.997121	0.000014	0.988088	0.000016	0.999702	0.000049	1349476771.748932	0.999961	37.280877	23.549795	6.822914	0.999945	0.039369	1.000000	1.000000	1.028998	0.000025	0.999794	0.000022	0.999155	0.000012	0.999655	0.000097	0.997795	0.000017	1.000000	1.000000	
1349476772.748692	0.999999	36.463322	22.781104	5.963964	0.999982	0.999928	0.999982	0.999926	1.001541	0.000597	1.002346	0.000055	0.997993	0.000290	1.000706	0.000065	1.000329	0.000076	0.998318	0.000109	1349476772.748932	1.000000	37.043869	23.310196	6.851120	0.998947	0.000059	1.000000	1.000000	0.999039	0.000056	1.000188	0.000055	0.999742	0.000057	1.000339	0.000098	1.000440	0.000063	1.000000	1.000000	
1349476773.748693	1.000001	36.461879	22.779565	5.962839	1.000000	0.999991	1.000000	0.999991	0.999517	0.000581	1.003597	0.000027	1.001353	0.000649	0.998223	0.000014	1.009256	0.000018	1.001440	0.000059	1349476773.748935	1.000003	37.052284	23.322483	6.859155	1.002258	0.000036	1.000000	1.000000	1.002147	0.000026	0.999473	0.000025	1.002226	0.000012	0.999916	0.000091	1.000536	0.000019	1.000000	1.000000	
1349476774.748693	1.000000	36.464752	22.783096	5.941711	1.000000	0.999960	1.000000	0.999960	0.999398	0.000644	1.000014	0.000056	0.998811	0.000194	0.999571	0.000053	0.999433	0.000056	1.000951	0.000131	1349476774.748936	1.000001	37.056941	23.331719	6.857354	0.999661	0.000102	1.000000	1.000000	0.999973	0.000086	0.999845	0.000055	0.999189	0.000055	0.999643	0.000102	1.000024	0.000064	1.000000	1.000000	
1349476775.748693	1.000000	36.443466	22.763321	5.955887	0.999982	0.999922	0.999983	0.999921	0.999511	0.000544	1.000580	0.000025	1.001204	0.000194	1.002730	0.000014	0.992071	0.000018	1.000094	0.000099	1349476775.748932	0.999996	37.049192	23.333011	6.870572	1.002380	0.000029	1.000000	1.000000	0.998362	0.000020	0.999566	0.000024	1.000528	0.000012	1.000193	0.000170	0.999954	0.000017	1.000000	1.000000	
1349476776.748693	1.000000	36.451813	22.772202	5.977921	1.000000	1.000000	1.000000	1.000000	1.000202	0.000601	0.985777	0.000056	0.998788	0.000210	0.991815	0.000074	0.994596	0.000084	0.999797	0.000112	1349476776.748936	1.000004	36.965716	23.247419	6.856250	1.033620	0.000061	1.000000	1.000000	0.999585	0.000062	0.999809	0.000053	1.000804	0.000053	0.999727	0.000109	1.000226	0.000061	1.000000	1.000000	
1349476777.748692	0.999999	36.435505	22.756751	5.970053	1.000000	1.000000	0.999999	1.000000	1.001406	0.000599	1.014634	0.000053	0.999683	0.000201	1.012663	0.000047	1.013209	0.000041	0.999897	0.000079	1349476777.748927	0.999991	36.973052	23.253751	6.868181	0.972210	0.000070	1.000000	1.000000	1.000233	0.000026	1.000107	0.000025	0.994528	0.000013	0.999967	0.000095	0.998978	0.000019	1.000000	1.000000	
1349476778.748692	1.000000	36.449387	22.770142	5.964966	1.000000	1.000000	1.000001	1.000000	0.997154	0.000547	0.996080	0.000053	1.000128	0.000673	1.000094	0.000053	0.998334	0.000058	0.999877	0.000134	1349476778.748931	1.000004	36.990893	23.273847	6.855639	0.997596	0.000068	1.000000	1.000000	1.000195	0.000097	1.000386	0.000093	1.000890	0.000084	0.999221	0.000128	0.999992	0.000091	1.000000	1.000000	
1349476779.748694	1.000002	36.474494	22.794909	5.975590	1.000000	1.000000	1.000000	1.000000	1.001379	0.000574	0.999915	0.000027	1.000004	0.002368	0.991967	0.000014	1.007229	0.000018	1.000505	0.000058	1349476779.748936	1.000005	36.966230	23.262228	6.868343	1.000466	0.000040	1.000000	1.000000	1.001178	0.000032	0.999753	0.000030	0.998654	0.000018	1.001388	0.000090	0.995780	0.000017	1.000000	1.000000	
1349476780.748693	0.999999	36.422108	22.756675	5.953802	0.999982	0.999930	0.999983	0.999931	0.999990	0.000612	1.003907	0.000052	0.999748	0.000222	1.001780	0.000066	1.000148	0.000065	0.999982	0.000154	1349476780.748928	0.999992	37.036753	23.319647	6.870631	0.999840	0.000063	1.000000	1.000000	0.999631	0.000055	0.999564	0.000060	0.999925	0.000057	1.000163	0.000159	1.001309	0.000059	1.000000	1.000000	
1349476781.748694	1.000001	36.471233	22.793039	5.964228	1.000000	1.000000	1.000000	1.000000	0.999593	0.000571	0.992786	0.000028	1.001513	0.000172	1.000131	0.000015	0.999770	0.000015	0.999806	0.000050	1349476781.748939	1.000011	37.049063	23.332279	6.861222	1.001792	0.000038	1.000000	1.000000	1.000289	0.000028	1.001298	0.000027	1.000183	0.000013	0.999795	0.000101	0.999929	0.000016	1.000000	1.000000	
1349476782.748694	1.000000	36.471512	22.791595	5.952011	0.999970	0.999733	0.999990	0.999683	0.999672	0.000623	0.999920	0.000053	0.995603	0.000217	0.999436	0.000053	1.000130	0.000062	1.000101	0.000126	1349476782.748982	1.000043	37.038923	23.322150	6.863078	0.999368	0.000067	1.000000	0.999704	0.999891	0.000117	1.000290	0.000053	1.000080	0.000053	0.999928	0.000096	0.999821	0.000058	1.000000	1.000000	
1349476783.748693	0.999999	36.454396	22.774802	5.980307	0.999956	0.998475	0.999984	0.998415	1.000624	0.000575	0.998204	0.000027	1.001517	0.000629	1.016405	0.000014	1.005427	0.000017	1.003791	0.000058	1349476783.748935	0.999953	36.996122	23.276286	6.857637	0.998368	0.000035	1.000000	0.998473	0.999642	0.000019	0.994866	0.000025	0.999197	0.000012	1.000050	0.000085	1.000889	0.000015	1.000000	1.000000	
1349476784.748694	1.000001	36.477382	22.797769	5.960428	1.000000	1.000000	1.000000	1.000000	0.999533	0.000642	1.004572	0.000055	0.998417	0.000196	0.996256	0.000061	0.995581	0.000064	0.997720	0.000102	1349476784.748937	1.000002	37.015631	23.298128	6.862215	1.002166	0.000064	1.000000	1.000000	1.000436	0.000055	1.001349	0.000053	0.999671	0.000054	0.999721	0.000099	0.999993	0.000058	1.000000	1.000000	
1349476785.748693	0.999999	36.468098	22.789115	5.968588	1.000000	0.999991	1.000000	0.999992	1.000610	0.000632	1.000064	0.000024	1.000245	0.000192	1.000857	0.000014	1.009977	0.000018	0.999996	0.000100	1349476785.748933	0.999996	37.028180	23.308887	6.871442	0.996308	0.000036	1.000000	1.000000	0.999396	0.000026	1.000511	0.000025	1.002489	0.000013	0.999930	0.000159	0.999855	0.000019	1.000000	1.000000	
1349476786.748695	1.000002	36.460349	22.783389	5.945789	0.999983	0.999943	0.999977	0.999953	0.998954	0.000557	0.995679	0.000056	1.000260	0.000201	0.999439	0.000052	0.997695	0.000057	0.999213	0.000101	1349476786.748937	1.000004	37.050082	23.333417	6.865603	1.001630	0.000064	1.000000	1.000000	0.999745	0.000054	1.000559	0.000056	0.999834	0.000053	1.000340	0.000099	0.984177	0.000059	1.000000	1.000000	
1349476787.748693	0.999998	37.662929	24.000778	5.968029	1.000000	0.999959	1.000000	0.999948	1.000313	0.003433	1.000069	0.003028	0.999996	0.002951	1.000009	0.002788	1.000038	0.002740	1.000023	0.003503	1349476787.748915	0.999978	40.574575	26.868998	6.875792	0.999948	0.002900	1.000000	1.000000	1.000033	0.002859	1.000052	0.002810	0.999950	0.002828	0.999987	0.002856	1.000313	0.002904	1.000000	1.000000	
1349476788.748690	0.999997	715774571.990325	715794599.052688	715789347.424869	0.999995	1.000164	0.999992	1.000167	0.999995	1.000172	0.999995	1.000164	0.999995	1.000167	0.999997	1.000162	0.999995	1.000167	0.999995	1.000164	1349476788.748804	0.999889	715898866.531615	715873757.193048	715899546.276891	0.999994	1.000161	0.999992	1.000166	3.892691	0.256935	0.999995	1.000164	0.999995	1.000167	0.999997	1.000162	0.999995	1.000167	0.999995	1.000164	
1349476789.748689	0.999999	0.000000	0.000000	0.000000	-nan	-nan	-nan	-nan	0.000000	inf	-nan	-nan	-nan	0.000000	-nan	-nan	-nan	-nan	-nan	-nan	1349476789.748759	0.999955	0.000000	0.000000	0.000000	-nan	-nan	-nan	-nan	0.000000	inf	-nan	-nan	-nan	-nan	-nan	-nan	-nan	-nan	-nan	-nan	
