ts_0	elapsed_0	pkg_0	pp0_0	dram_0	freq_ratio_0_0	c0_ratio_0_0	freq_ratio_0_1	c0_ratio_0_1	freq_ratio_0_2	c0_ratio_0_2	freq_ratio_0_3	c0_ratio_0_3	freq_ratio_0_4	c0_ratio_0_4	freq_ratio_0_5	c0_ratio_0_5	freq_ratio_0_6	c0_ratio_0_6	freq_ratio_0_7	c0_ratio_0_7	ts_1	elapsed_1	pkg_1	pp0_1	dram_1	freq_ratio_1_0	c0_ratio_1_0	freq_ratio_1_1	c0_ratio_1_1	freq_ratio_1_2	c0_ratio_1_2	freq_ratio_1_3	c0_ratio_1_3	freq_ratio_1_4	c0_ratio_1_4	freq_ratio_1_5	c0_ratio_1_5	freq_ratio_1_6	c0_ratio_1_6	freq_ratio_1_7	c0_ratio_1_7	
1349477207.431483	1.000474	37.927793	24.399415	5.860015	1.000002	0.328518	1.000001	0.982481	0.999954	0.004182	1.000002	0.917360	1.000838	0.000061	1.004066	0.000105	1.000425	0.002385	1.004239	0.000092	1349477207.431689	1.000437	47.432442	33.542958	7.588282	0.999998	0.739155	1.000000	0.993373	1.000000	0.982383	0.974674	0.000045	0.989623	0.000041	0.997062	0.000184	0.988546	0.000041	1.000000	0.993747	
1349477208.431481	0.999998	39.935608	26.425557	5.878353	1.000000	0.579752	1.000000	0.999991	0.999354	0.001329	1.000000	1.000000	0.993684	0.000080	0.999047	0.000015	0.999834	0.000144	0.994784	0.000130	1349477208.431662	0.999973	45.926485	32.011589	7.859282	1.000000	0.423114	1.000000	1.000000	1.000000	1.000000	1.007337	0.000082	0.998585	0.000069	1.000135	0.000183	1.001995	0.000079	1.000000	0.999999	
1349477209.431480	0.999999	42.297602	28.836865	5.892538	1.000000	0.999963	1.000000	0.999992	1.000140	0.000442	1.000000	1.000000	1.004084	0.000018	0.993270	0.000091	0.993716	0.000121	0.999664	0.000521	1349477209.431667	1.000005	43.010863	29.135245	7.911902	0.999218	0.000132	1.000000	0.999992	1.000000	0.999991	1.000276	0.000015	1.009023	0.000015	1.000761	0.000199	1.000972	0.000021	1.000000	1.000000	
1349477210.431480	1.000000	42.288452	28.839630	5.900482	1.000000	0.999991	1.000000	0.999998	1.000055	0.000469	1.000000	1.000000	1.005105	0.000097	1.017957	0.000033	1.004074	0.000183	1.005444	0.000153	1349477210.431657	0.999990	43.056248	29.181063	7.900729	1.001410	0.000064	1.000000	1.000000	1.000000	0.999992	1.000105	0.000110	1.000346	0.000089	0.999416	0.000295	0.998922	0.000101	1.000000	0.999993	
1349477211.431478	0.999998	42.330357	28.861871	5.917827	1.000000	0.999707	1.000000	0.999760	0.999963	0.000482	1.000000	1.000000	1.000458	0.000021	1.000119	0.000088	1.000172	0.000119	0.999747	0.000070	1349477211.431660	1.000003	43.019962	29.156648	7.902563	0.999853	0.000113	1.000000	0.999816	1.000000	0.999775	0.999412	0.000019	0.992616	0.000017	0.999955	0.000402	1.012830	0.000008	1.000000	0.999785	
1349477212.431479	1.000001	42.361318	28.889117	5.899897	1.000000	1.000000	1.000000	1.000000	0.999901	0.000478	1.000000	1.000000	0.999937	0.000079	1.000571	0.000015	1.000051	0.000158	1.000247	0.000145	1349477212.431659	0.999999	43.073512	29.196088	7.903999	0.998412	0.000043	1.000000	1.000000	1.000000	1.000000	0.999890	0.000070	1.002027	0.000057	1.000002	0.000195	0.999584	0.000077	1.000000	1.000000	
1349477213.431479	1.000000	42.375854	28.903305	5.924164	1.000000	0.999938	1.000000	0.999975	0.999859	0.000451	1.000000	1.000000	0.999850	0.000013	0.999729	0.000075	0.999859	0.000134	0.999674	0.000069	1349477213.431653	0.999994	43.074567	29.192770	7.919206	1.000861	0.000096	1.000000	1.000000	1.000000	0.999951	0.999863	0.000017	1.001257	0.000014	1.000323	0.000203	1.001796	0.000019	1.000000	0.999949	
1349477214.431479	1.000000	42.917084	29.438202	5.879623	1.000000	0.999151	1.000000	0.999199	1.000028	0.003425	1.000000	1.000000	0.999999	0.003357	0.999998	0.002773	0.999995	0.002853	0.999998	0.003247	1349477214.431646	0.999993	43.498088	29.614051	7.921365	0.999967	0.002871	0.999982	0.999179	0.999974	0.999152	0.999042	0.002823	1.000000	0.002918	0.999989	0.004226	0.999922	0.002975	0.999983	0.999125	
1349477215.431479	1.000000	42.412537	28.937286	5.906784	1.000000	0.999950	1.000000	0.999962	1.000193	0.000419	1.000000	1.000000	1.000792	0.000015	1.000151	0.000084	1.000057	0.000141	0.999979	0.000074	1349477215.431662	1.000016	43.109449	29.229117	7.888851	1.000918	0.000096	1.000000	1.000000	1.000000	0.999958	1.187440	0.000015	0.999224	0.000014	0.999892	0.000243	1.002374	0.000018	1.000000	0.999957	
1349477216.431484	1.000005	715788373.551986	715792098.160794	715760900.914160	0.999991	1.000139	0.999989	1.000145	0.999991	1.000149	0.999991	1.000140	0.999991	1.000144	0.999994	1.000138	0.999991	1.000144	0.999991	1.000141	1349477216.431582	0.999920	715858884.858330	715872322.213083	715884761.989722	0.999990	1.000138	0.999988	1.000143	3.892950	0.256910	0.999991	1.000142	0.999991	1.000143	0.999994	1.000139	0.999991	1.000143	0.999991	1.000142	
1349477217.431486	1.000002	0.000000	0.000000	0.000000	-nan	-nan	-nan	-nan	0.000000	inf	-nan	-nan	-nan	0.000000	-nan	-nan	-nan	-nan	-nan	-nan	1349477217.431557	0.999975	0.000000	0.000000	0.000000	-nan	-nan	-nan	-nan	0.000000	inf	-nan	-nan	-nan	-nan	-nan	-nan	-nan	-nan	-nan	-nan	
