ts_0	elapsed_0	pkg_0	pp0_0	dram_0	freq_ratio_0_0	c0_ratio_0_0	freq_ratio_0_1	c0_ratio_0_1	freq_ratio_0_2	c0_ratio_0_2	freq_ratio_0_3	c0_ratio_0_3	freq_ratio_0_4	c0_ratio_0_4	freq_ratio_0_5	c0_ratio_0_5	freq_ratio_0_6	c0_ratio_0_6	freq_ratio_0_7	c0_ratio_0_7	ts_1	elapsed_1	pkg_1	pp0_1	dram_1	freq_ratio_1_0	c0_ratio_1_0	freq_ratio_1_1	c0_ratio_1_1	freq_ratio_1_2	c0_ratio_1_2	freq_ratio_1_3	c0_ratio_1_3	freq_ratio_1_4	c0_ratio_1_4	freq_ratio_1_5	c0_ratio_1_5	freq_ratio_1_6	c0_ratio_1_6	freq_ratio_1_7	c0_ratio_1_7	
1349417177.068193	1.001106	51.383385	37.029266	0.000000	0.992232	0.978794	0.992371	0.994452	0.992287	0.978459	0.992278	0.978615	0.992285	0.978313	0.983717	0.001771	0.953338	0.000323	0.961116	0.000218	1349417177.068363	1.000413	52.194206	37.962321	0.000000	0.973424	0.979967	0.973408	0.979486	0.973423	0.979344	0.973198	0.971830	0.948020	0.000271	0.893368	0.000333	0.972160	0.000384	0.973376	0.982841	
1349417178.068192	0.999999	50.696597	36.275181	0.000000	0.965112	0.998142	0.965113	0.998099	0.965113	0.998096	0.965113	0.998140	0.965114	0.998059	0.961982	0.002519	0.958169	0.000604	0.956466	0.000467	1349417178.068367	1.000004	50.762154	36.428548	0.000000	0.934044	0.998723	0.934044	0.998720	0.934044	0.998679	0.934044	0.998720	0.942185	0.000609	0.946854	0.000602	0.940182	0.000625	0.934044	0.998721	
1349417179.068195	1.000003	50.734447	36.293955	0.000000	0.964635	0.997974	0.964634	0.997914	0.964633	0.997897	0.964636	0.997968	0.964634	0.997873	0.962936	0.002027	0.964682	0.000531	0.960299	0.000517	1349417179.068378	1.000011	50.753121	36.420804	0.000000	0.933966	0.998380	0.933966	0.998377	0.933963	0.998317	0.933967	0.998375	0.927382	0.001620	0.936289	0.000569	0.935649	0.000578	0.933974	0.998375	
1349417180.068190	0.999995	50.754389	36.302855	0.000000	0.963283	0.996893	0.963297	0.996831	0.963297	0.996784	0.963297	0.996825	0.963296	0.996787	0.961218	0.002506	0.960617	0.000715	0.959889	0.000498	1349417180.068348	0.999970	50.760817	36.419673	0.000000	0.933630	0.997264	0.933630	0.997257	0.933628	0.997216	0.933628	0.997215	0.938739	0.000600	0.938119	0.000568	0.936203	0.000625	0.933697	0.998262	
1349417181.068203	1.000013	46.002494	31.639844	0.000000	0.988565	0.999322	0.961155	0.283868	0.961169	0.283249	0.988566	0.999322	0.988566	0.999320	0.904535	0.007700	0.856576	0.006205	0.860652	0.004993	1349417181.068404	1.000056	50.827947	36.597727	0.000000	0.833670	0.996570	0.833669	0.996560	0.833668	0.996556	0.833667	0.996554	0.794548	0.718352	0.846379	0.005438	0.794527	0.718230	0.833651	0.996553	
1349417182.068194	0.999991	41.172172	26.850967	0.000000	1.000000	0.999897	0.999907	0.000287	1.013228	0.000079	0.999982	0.999940	1.000000	0.999773	0.999949	0.002371	0.999594	0.000144	0.988529	0.000009	1349417182.068419	1.000015	50.832900	36.643279	0.000000	0.794432	0.995879	0.794431	0.995874	0.794431	0.995718	0.794431	0.995864	0.794430	0.995696	0.795634	0.000215	0.794429	0.995725	0.794429	0.995854	
1349417183.068192	0.999998	41.166338	26.847143	0.000000	1.000000	0.999990	0.999959	0.000660	0.999964	0.000214	1.000000	1.000000	1.000000	0.999784	0.999999	0.002898	1.000744	0.000044	1.000281	0.000192	1349417183.068415	0.999996	50.830238	36.638485	0.000000	0.794134	0.995924	0.794134	0.995922	0.794132	0.995850	0.794134	0.995914	0.794132	0.995841	0.778143	0.000935	0.794133	0.995829	0.794134	0.995910	
1349417184.068193	1.000001	41.146201	26.826680	0.000000	1.000000	0.999999	1.000078	0.000149	1.000091	0.000081	1.000000	0.999992	1.000000	0.999898	1.000002	0.002382	1.000208	0.000228	1.000313	0.000009	1349417184.068458	1.000043	50.822053	36.637664	0.000000	0.794099	0.995776	0.794098	0.995783	0.794100	0.995731	0.794100	0.995715	0.794101	0.995710	0.775583	0.004388	0.794100	0.995711	0.794101	0.995768	
1349417185.068192	0.999999	41.137674	26.816157	0.000000	1.000000	1.000000	1.000210	0.000399	1.004888	0.000009	1.000000	0.999961	1.000000	0.999874	1.000009	0.002731	0.999485	0.000058	1.000411	0.000120	1349417185.068413	0.999955	50.826067	36.634097	0.000000	0.794027	0.995851	0.794026	0.995855	0.794028	0.995733	0.794028	0.995775	0.794028	0.995722	0.796996	0.000177	0.794028	0.995760	0.794026	0.995842	
1349417186.068193	1.000001	41.083732	26.782491	0.000000	0.999985	0.999132	0.999645	0.000502	0.998547	0.000080	1.000000	0.999129	1.000000	0.998993	0.999988	0.002603	0.999682	0.000132	0.993379	0.000009	1349417186.068411	0.999998	50.832403	36.645181	0.000000	0.794442	0.994914	0.794443	0.994838	0.794441	0.994767	0.794442	0.994784	0.794441	0.994801	0.789308	0.000231	0.794442	0.994830	0.794453	0.995741	
1349417187.068194	1.000001	42.468084	28.151447	0.000000	1.000000	0.999997	1.000001	0.218799	0.994521	0.000163	1.000000	1.000000	1.000000	0.999931	0.999929	0.002617	0.998973	0.000054	0.996570	0.000090	1349417187.068396	0.999985	50.823273	36.635667	0.000000	0.793889	0.778337	0.804604	0.996223	0.804604	0.996206	0.804604	0.996205	0.804604	0.996203	0.784011	0.000195	0.804604	0.996215	0.804604	0.996209	
1349417188.068192	0.999998	47.263686	32.950350	0.000000	1.000000	1.000001	1.000000	1.000000	1.002188	0.000486	1.000000	1.000000	1.000000	0.999925	1.000077	0.002849	1.001005	0.000171	1.012534	0.000033	1349417188.068387	0.999991	50.790453	36.622646	0.000000	0.858512	0.000082	0.860548	0.995788	0.860549	0.995724	0.860548	0.995780	0.860549	0.995735	0.848913	0.000275	0.860552	0.995721	0.860551	0.995774	
1349417189.068192	1.000000	47.319214	32.990494	0.000000	1.000000	1.000000	1.000000	1.000000	0.998630	0.000278	1.000000	1.000000	1.000000	0.999891	0.999812	0.002127	0.998709	0.000053	1.000082	0.000103	1349417189.068389	1.000002	50.800532	36.621482	0.000000	0.871340	0.000163	0.859430	0.995802	0.859429	0.995767	0.859430	0.995796	0.859430	0.995791	0.848680	0.001238	0.859429	0.995793	0.859428	0.995791	
1349417190.068192	1.000000	47.333069	33.005737	0.000000	0.999999	0.999937	1.000000	0.999961	1.000597	0.000292	1.000000	0.999946	0.999999	0.999910	1.000159	0.002064	1.000296	0.000133	0.986668	0.000009	1349417190.068402	1.000013	50.796499	36.617623	0.000000	0.881076	0.000033	0.859979	0.995935	0.859980	0.995857	0.859980	0.995857	0.859980	0.995874	0.867531	0.000215	0.859980	0.995877	0.859979	0.995928	
1349417191.068191	0.999999	47.341781	33.014527	0.000000	1.000001	0.999980	0.999999	0.999961	0.999023	0.000156	1.000000	0.999965	1.000001	0.999891	0.999865	0.002792	1.000858	0.000046	1.000757	0.000088	1349417191.068394	0.999992	50.739883	36.575202	0.000000	0.839331	0.000092	0.859382	0.995893	0.859381	0.995764	0.859380	0.995768	0.859382	0.995751	0.858143	0.000166	0.859384	0.995814	0.859383	0.995881	
1349417192.068193	1.000002	715763285.786778	715768520.502105	715826519.390886	0.999970	1.000019	0.999972	1.000039	0.999973	1.000038	0.999972	1.000026	0.999972	1.000030	0.999974	1.000022	0.999971	1.000023	0.999974	1.000037	1349417192.068310	0.999916	715862302.637505	715880801.415875	715887964.430548	0.999974	1.000036	0.999968	1.000022	3.894150	0.256799	0.999971	1.000024	0.999971	1.000026	0.999976	1.000031	0.999971	1.000024	0.999974	1.000035	
