ts_0	elapsed_0	pkg_0	pp0_0	dram_0	freq_ratio_0_0	c0_ratio_0_0	freq_ratio_0_1	c0_ratio_0_1	freq_ratio_0_2	c0_ratio_0_2	freq_ratio_0_3	c0_ratio_0_3	freq_ratio_0_4	c0_ratio_0_4	freq_ratio_0_5	c0_ratio_0_5	freq_ratio_0_6	c0_ratio_0_6	freq_ratio_0_7	c0_ratio_0_7	ts_1	elapsed_1	pkg_1	pp0_1	dram_1	freq_ratio_1_0	c0_ratio_1_0	freq_ratio_1_1	c0_ratio_1_1	freq_ratio_1_2	c0_ratio_1_2	freq_ratio_1_3	c0_ratio_1_3	freq_ratio_1_4	c0_ratio_1_4	freq_ratio_1_5	c0_ratio_1_5	freq_ratio_1_6	c0_ratio_1_6	freq_ratio_1_7	c0_ratio_1_7	
1350065391.217309	1.000231	60.459573	47.135534	3.780972	0.999908	0.005734	1.000000	0.977840	1.000000	1.000000	1.000000	1.000000	1.000000	1.000000	1.000000	1.000000	1.000000	1.000000	1.000009	0.000507	1350065391.217451	1.000284	47.221012	34.021589	1.802497	1.000000	1.000000	1.000000	1.000000	1.000000	1.000000	1.000061	0.022329	0.998274	0.000017	1.000482	0.000048	0.990005	0.000061	1.000000	1.000000	
1350065392.217307	0.999998	54.197567	40.862810	3.778373	1.000004	0.003696	0.999994	0.000825	1.000000	1.000000	1.000000	1.000000	1.000000	1.000000	1.000000	1.000000	1.000000	1.000000	1.005692	0.000093	1350065392.217438	0.999987	53.000344	39.785708	1.587301	1.000000	1.000000	1.000000	1.000000	1.000000	1.000000	1.000000	1.000000	0.999890	0.000129	0.999890	0.000109	1.017137	0.000035	1.000000	1.000000	
1350065393.217306	0.999999	54.236807	40.902001	3.778232	0.999955	0.002060	0.999924	0.002430	1.000000	1.000000	1.000000	1.000000	1.000000	1.000000	1.000000	1.000000	1.000000	1.000000	0.999989	0.000034	1350065393.217446	1.000008	52.988050	39.773008	1.589678	1.000000	1.000000	1.000000	1.000000	1.000000	1.000000	1.000000	1.000000	1.000294	0.000131	0.999641	0.000031	1.000029	0.000052	1.000000	1.000000	
1350065394.217307	1.000001	54.486841	41.150122	3.784954	0.999996	0.007634	0.999861	0.003365	1.000000	1.000000	1.000000	1.000000	1.000000	1.000000	1.000000	1.000000	1.000000	1.000000	0.999640	0.002984	1350065394.217424	0.999978	53.075062	39.852833	1.591603	1.000000	1.000000	1.000000	1.000000	1.000000	1.000000	1.000000	1.000000	1.000000	0.004164	0.999999	0.003028	1.000091	0.003026	1.000000	1.000000	
1350065395.217306	0.999999	54.190741	40.854760	3.797550	0.999900	0.002067	1.008380	0.000054	1.000000	1.000000	1.000000	1.000000	1.000000	1.000000	1.000000	1.000000	1.000000	1.000000	1.027041	0.000032	1350065395.217444	1.000020	52.991798	39.770047	1.588515	1.000000	1.000000	1.000000	1.000000	1.000000	1.000000	1.000000	1.000000	1.000011	0.000106	0.999953	0.000049	0.995681	0.000063	1.000000	1.000000	
1350065396.217306	1.000000	54.191528	40.854553	3.785843	1.000053	0.002218	1.006676	0.000030	1.000000	1.000000	1.000000	1.000000	1.000000	1.000000	1.000000	1.000000	1.000000	1.000000	1.003075	0.000068	1350065396.217446	1.000002	53.009069	39.787690	1.591641	1.000000	1.000000	1.000000	1.000000	1.000000	1.000000	1.000000	1.000000	1.000000	0.000082	0.999974	0.000331	1.000000	0.000012	1.000000	1.000000	
1350065397.217306	1.000000	54.212906	40.873947	3.797241	0.999982	0.002379	0.999599	0.000081	1.000000	1.000000	1.000000	1.000000	1.000000	1.000000	1.000000	1.000000	1.000000	1.000000	0.993879	0.000035	1350065397.217445	0.999999	53.001012	39.777687	1.590196	1.000000	1.000000	1.000000	1.000000	1.000000	1.000000	1.000000	1.000000	0.999989	0.000101	0.999988	0.000097	0.999639	0.000071	1.000000	1.000000	
1350065398.217306	1.000000	54.141617	40.817429	3.782166	0.999979	0.002253	1.000321	0.000066	1.000000	1.000000	1.000000	1.000000	1.000000	1.000000	1.000000	1.000000	1.000000	1.000000	1.002484	0.000092	1350065398.217450	1.000005	53.023294	39.801574	1.586998	1.000000	1.000000	1.000000	1.000000	1.000000	1.000000	1.000000	1.000000	0.999802	0.000160	1.000000	0.000265	0.999390	0.000012	1.000000	1.000000	
1350065399.217306	1.000000	54.160156	40.822067	3.786072	0.999947	0.002004	0.997521	0.000076	1.000000	1.000000	1.000000	1.000000	1.000000	1.000000	1.000000	1.000000	1.000000	1.000000	0.999468	0.000034	1350065399.217442	0.999992	52.955736	39.747896	1.586881	1.000000	1.000000	1.000000	1.000000	1.000000	1.000000	1.000000	1.000000	1.000331	0.000082	0.999917	0.000097	1.000576	0.000047	1.000000	1.000000	
1350065400.217307	1.000001	54.187113	40.846564	3.789761	0.999943	0.002161	1.004738	0.000043	1.000000	1.000000	1.000000	1.000000	1.000000	1.000000	1.000000	1.000000	1.000000	1.000000	1.000000	0.000069	1350065400.217445	1.000003	53.042194	39.819960	1.586802	1.000000	1.000000	1.000000	1.000000	1.000000	1.000000	1.000000	1.000000	0.999805	0.000109	0.999985	0.000588	1.000387	0.000012	1.000000	1.000000	
1350065401.217306	0.999999	54.198157	40.859353	3.793400	0.999970	0.002053	0.997092	0.000068	1.000000	1.000000	1.000000	1.000000	1.000000	1.000000	1.000000	1.000000	1.000000	1.000000	0.993980	0.000035	1350065401.217445	1.000000	53.074493	39.852936	1.588272	1.000000	1.000000	1.000000	1.000000	1.000000	1.000000	1.000000	1.000000	1.000354	0.000064	0.999977	0.001182	0.999541	0.000049	1.000000	1.000000	
1350065402.217306	1.000000	54.308899	40.969696	3.781326	1.000010	0.014802	1.000082	0.002330	1.000000	1.000000	1.000000	1.000000	1.000000	1.000000	1.000000	1.000000	1.000000	1.000000	1.000664	0.000343	1350065402.217444	0.999999	53.211721	39.985588	1.599046	1.000000	1.000000	1.000000	1.000000	1.000000	1.000000	1.000000	1.000000	0.999993	0.001240	0.999999	0.018392	1.001254	0.000019	1.000000	1.000000	
1350065403.217307	1.000001	54.193018	40.856650	3.788632	0.999986	0.002126	0.999584	0.000085	1.000000	1.000000	1.000000	1.000000	1.000000	1.000000	1.000000	1.000000	1.000000	1.000000	0.984940	0.000036	1350065403.217446	1.000002	53.442723	40.218002	1.657941	1.000000	1.000000	1.000000	1.000000	1.000000	1.000000	1.000000	1.000000	1.000000	0.056281	0.999972	0.001152	0.988975	0.000049	1.000000	1.000000	
1350065404.217307	1.000000	54.198914	40.864059	3.793198	0.999962	0.004069	0.996209	0.000130	1.000000	1.000000	1.000000	1.000000	1.000000	1.000000	1.000000	1.000000	1.000000	1.000000	1.005503	0.000099	1350065404.217448	1.000002	53.069433	39.843186	1.586728	1.000000	1.000000	1.000000	1.000000	1.000000	1.000000	1.000000	1.000000	0.999988	0.000134	0.999990	0.000430	1.011352	0.000035	1.000000	1.000000	
1350065405.217306	0.999999	54.336584	41.000161	3.797230	0.999895	0.001669	0.999495	0.000451	1.000000	1.000000	1.000000	1.000000	1.000000	1.000000	1.000000	1.000000	1.000000	1.000000	0.999990	0.003439	1350065405.217444	0.999996	53.037965	39.812158	1.588599	1.000000	1.000000	1.000000	1.000000	1.000000	1.000000	1.000000	1.000000	1.000020	0.000057	1.000157	0.000052	1.002505	0.000045	1.000000	1.000000	
1350065406.217306	1.000000	54.407486	41.066757	3.786011	1.000121	0.001815	1.000459	0.000426	1.000000	1.000000	1.000000	1.000000	1.000000	1.000000	1.000000	1.000000	1.000000	1.000000	0.999997	0.005659	1350065406.217446	1.000002	53.017645	39.793869	1.585431	1.000000	1.000000	1.000000	1.000000	1.000000	1.000000	1.000000	1.000000	0.999990	0.000079	1.000042	0.000109	0.999904	0.000012	1.000000	1.000000	
1350065407.217307	1.000001	52.965205	39.627846	3.801296	0.999976	0.001782	0.999974	0.000298	1.000000	1.000000	1.000000	1.000000	1.000000	1.000000	1.000000	1.000000	1.000000	1.000000	0.999998	0.006835	1350065407.217447	1.000001	51.427670	38.199457	1.956770	1.000000	1.000000	1.000000	1.000000	1.000000	1.000000	1.000000	1.000000	1.000012	0.000063	0.999730	0.000031	1.000365	0.000059	1.000000	1.000000	
1350065408.217307	1.000000	53.178879	39.840622	3.785965	0.999984	0.001668	1.000007	0.000270	1.000000	1.000000	1.000000	1.000000	1.000000	1.000000	1.000000	1.000000	1.000000	1.000000	0.999996	0.005590	1350065408.217445	0.999998	51.751548	38.523404	1.586749	1.000000	1.000000	1.000000	1.000000	1.000000	1.000000	1.000000	1.000000	0.999993	0.000174	0.999888	0.000086	0.999981	0.000021	1.000000	1.000000	
1350065409.217306	0.999999	54.527060	41.186441	3.786014	0.999951	0.001643	0.999998	0.005891	1.000000	1.000000	1.000001	1.000000	1.000000	1.000000	1.000000	1.000000	1.000000	1.000000	0.999993	0.001338	1350065409.217445	1.000000	53.018219	39.808289	1.842224	1.000000	1.000000	1.000000	1.000000	1.000000	1.000000	1.000000	1.000000	0.999945	0.000056	1.000253	0.000030	0.999987	0.000058	1.000000	1.000000	
1350065410.217306	1.000000	54.327209	41.001434	3.789810	1.000009	0.002883	0.999991	0.002982	1.000000	1.000000	1.000000	1.000000	1.000000	1.000000	1.000000	1.000000	1.000000	1.000000	0.999840	0.000091	1350065410.217464	1.000019	53.100611	39.878924	1.858485	1.000000	1.000000	1.000000	1.000000	1.000000	1.000000	1.000000	1.000000	1.000037	0.000313	0.999902	0.000071	0.998586	0.000012	1.000000	1.000000	
1350065411.217306	1.000000	54.359680	41.020157	3.790009	0.999987	0.003474	0.999990	0.000361	1.000000	1.000000	1.000000	1.000000	1.000000	1.000000	1.000000	1.000000	1.000000	1.000000	1.000013	0.001565	1350065411.217446	0.999982	53.099903	39.878017	1.584242	1.000000	1.000000	1.000000	1.000000	1.000000	1.000000	1.000000	1.000000	0.999817	0.000069	0.999891	0.000053	1.000362	0.000044	1.000000	1.000000	
1350065412.217307	1.000001	54.303430	40.961005	3.786144	0.999998	0.004043	1.000016	0.000284	1.000000	1.000000	1.000000	1.000000	1.000000	1.000000	1.000000	1.000000	1.000000	1.000000	0.999942	0.000079	1350065412.217444	0.999998	53.055536	39.835312	1.587115	1.000000	1.000000	1.000000	1.000000	1.000000	1.000000	1.000000	1.000000	0.999805	0.000081	1.000199	0.000068	0.999791	0.000011	1.000000	1.000000	
1350065413.217306	0.999999	54.289099	40.947213	3.786030	0.999984	0.002240	1.000015	0.000285	1.000000	1.000000	1.000000	1.000000	1.000000	1.000000	1.000000	1.000000	1.000000	1.000000	0.999999	0.001704	1350065413.217444	1.000000	53.057632	39.835617	1.582367	1.000000	1.000000	1.000000	1.000000	1.000000	1.000000	1.000000	1.000000	1.000113	0.000146	0.999562	0.000053	0.999166	0.000045	1.000000	1.000000	
1350065414.217306	1.000000	54.396790	41.052353	3.785858	0.999969	0.004282	0.999995	0.003839	1.000000	1.000000	1.000000	1.000000	1.000000	1.000000	1.000000	1.000000	1.000000	1.000000	0.999755	0.000071	1350065414.217445	1.000001	53.061549	39.837303	1.587859	1.000000	1.000000	1.000000	1.000000	1.000000	1.000000	1.000000	1.000000	1.000029	0.000067	0.998387	0.000085	0.992120	0.000012	1.000000	1.000000	
1350065415.217306	1.000000	54.433456	41.094482	3.789856	1.000031	0.001656	0.999959	0.005654	1.000000	1.000000	1.000000	1.000000	1.000000	1.000000	1.000000	1.000000	1.000000	1.000000	0.981268	0.000035	1350065415.217446	1.000001	53.070582	39.847359	1.577513	1.000000	1.000000	1.000000	1.000000	1.000000	1.000000	1.000000	1.000000	0.999994	0.000069	1.004813	0.000031	0.990665	0.000044	1.000000	1.000000	
1350065416.217307	1.000001	54.503580	41.165793	3.786160	0.999990	0.001810	1.000083	0.002309	1.000000	1.000000	1.000000	1.000000	1.000000	1.000000	1.000000	1.000000	1.000000	1.000000	1.000135	0.004926	1350065416.217453	1.000007	53.075484	39.850173	1.869814	1.000000	1.000000	1.000000	1.000000	1.000000	1.000000	1.000000	1.000000	1.000005	0.000085	0.999835	0.000098	1.025950	0.000021	1.000000	1.000000	
1350065417.217306	0.999999	54.560385	41.221658	3.774219	0.999918	0.002069	0.999957	0.005002	1.000000	1.000000	1.000000	1.000000	1.000000	1.000000	1.000000	1.000000	1.000000	1.000000	1.000001	0.002681	1350065417.217446	0.999993	53.050492	39.827439	2.031554	1.000000	1.000000	1.000000	1.000000	1.000000	1.000000	1.000000	1.000000	1.000007	0.000058	1.000152	0.000030	0.999765	0.000046	1.000000	1.000000	
1350065418.217306	1.000000	54.379822	41.036118	3.793915	0.999982	0.002240	1.000039	0.005229	1.000000	1.000000	1.000000	1.000000	1.000000	1.000000	1.000000	1.000000	1.000000	1.000000	0.999791	0.000092	1350065418.217444	0.999998	53.008738	39.797088	1.589175	1.000000	1.000000	1.000000	1.000000	1.000000	1.000000	1.000000	1.000000	0.999979	0.001253	1.000234	0.000064	0.999449	0.000012	1.000000	1.000000	
1350065419.217306	1.000000	54.679138	41.335220	3.789001	1.000042	0.009452	0.999936	0.003544	1.000000	1.000000	1.000000	1.000000	1.000000	1.000000	1.000000	1.000000	1.000000	1.000000	0.999578	0.003022	1350065419.217435	0.999991	53.401470	40.177290	1.587615	1.000000	1.000000	1.000000	1.000000	1.000000	1.000000	1.000000	1.000000	1.000006	0.003921	0.999808	0.002975	0.999850	0.002988	1.000000	1.000000	
1350065420.217306	1.000000	54.331879	41.003555	3.782043	0.999828	0.001903	1.000823	0.000258	1.000000	1.000000	1.000000	1.000000	1.000000	1.000000	1.000000	1.000000	1.000000	1.000000	1.000317	0.003971	1350065420.217449	1.000014	53.008028	39.787679	1.585564	1.000000	1.000000	0.999999	0.418780	1.000000	1.000000	1.000000	1.000000	1.000001	0.581301	1.007520	0.000075	1.069458	0.000006	1.000000	1.000000	
1350065421.217306	1.000000	54.477844	41.137360	3.812790	1.000013	0.001596	0.999175	0.000266	1.000000	1.000000	1.000000	1.000000	1.000000	1.000000	1.000000	1.000000	1.000000	1.000000	0.999967	0.006126	1350065421.217437	0.999988	52.985693	39.764665	1.712240	1.000000	1.000000	1.000214	0.000052	1.000000	1.000000	1.000000	1.000000	1.000000	1.000000	0.999755	0.000031	1.000094	0.000053	1.000000	1.000000	
1350065422.217306	1.000000	54.326187	40.982849	3.782272	0.999984	0.004001	1.000552	0.000310	1.000000	1.000000	1.000000	1.000000	1.000000	1.000000	1.000000	1.000000	1.000000	1.000000	1.000338	0.000598	1350065422.217446	1.000009	52.980324	39.762213	1.587953	1.000000	1.000000	0.999913	0.000123	1.000000	1.000000	1.000000	1.000000	1.000000	1.000000	0.999977	0.000067	1.000375	0.000024	1.000000	1.000000	
1350065423.217306	1.000000	54.409500	41.067139	3.805466	0.999980	0.001714	0.999399	0.000299	1.000000	1.000000	1.000000	1.000000	1.000000	1.000000	1.000000	1.000000	1.000000	1.000000	0.999905	0.003905	1350065423.217446	1.000000	52.978958	39.760666	1.587433	1.000000	1.000000	0.999996	0.000104	1.000000	1.000000	1.000000	1.000000	1.000000	1.000000	0.999940	0.000032	1.000242	0.000043	1.000000	1.000000	
1350065424.217307	1.000001	54.299371	40.954429	3.781857	0.999996	0.003767	1.000720	0.000273	1.000000	1.000000	1.000000	1.000000	1.000000	1.000000	1.000000	1.000000	1.000000	1.000000	1.000050	0.007118	1350065424.217445	0.999999	52.715230	39.499046	1.975359	1.000000	1.000000	1.000011	0.000073	1.000000	1.000000	1.000000	1.000000	1.000000	1.000000	0.998396	0.000080	0.987424	0.000012	1.000000	1.000000	
1350065425.217309	1.000002	715801215.732285	715775672.980314	715819737.025724	0.999988	1.000205	0.999986	1.000208	0.999996	1.000205	0.999988	1.000205	0.999988	1.000208	0.999991	1.000203	0.999988	1.000208	0.999988	1.000206	1350065425.217407	0.999962	715810157.130510	715844933.768850	715810142.355109	0.999988	1.000204	0.999986	1.000207	3.893141	0.256914	0.999988	1.000205	0.999988	1.000208	0.999991	1.000203	0.999988	1.000208	0.999988	1.000206	
1350065426.217307	0.999998	0.000000	0.000000	0.000000	-nan	-nan	-nan	-nan	0.000000	inf	-nan	-nan	-nan	0.000000	0.000000	inf	-nan	-nan	-nan	-nan	1350065426.217378	0.999971	0.000000	0.000000	0.000000	-nan	-nan	-nan	-nan	0.000000	inf	-nan	-nan	-nan	-nan	-nan	-nan	-nan	-nan	-nan	-nan	
