ts_0	elapsed_0	pkg_0	pp0_0	dram_0	freq_ratio_0_0	c0_ratio_0_0	freq_ratio_0_1	c0_ratio_0_1	freq_ratio_0_2	c0_ratio_0_2	freq_ratio_0_3	c0_ratio_0_3	freq_ratio_0_4	c0_ratio_0_4	freq_ratio_0_5	c0_ratio_0_5	freq_ratio_0_6	c0_ratio_0_6	freq_ratio_0_7	c0_ratio_0_7	ts_1	elapsed_1	pkg_1	pp0_1	dram_1	freq_ratio_1_0	c0_ratio_1_0	freq_ratio_1_1	c0_ratio_1_1	freq_ratio_1_2	c0_ratio_1_2	freq_ratio_1_3	c0_ratio_1_3	freq_ratio_1_4	c0_ratio_1_4	freq_ratio_1_5	c0_ratio_1_5	freq_ratio_1_6	c0_ratio_1_6	freq_ratio_1_7	c0_ratio_1_7	
1350065391.212871	1.000258	68.284799	55.079801	6.113642	0.933005	0.997243	0.933005	0.997243	0.933004	0.997240	0.933004	0.997239	0.933004	0.997239	0.933003	0.997236	0.933003	0.997234	0.933003	0.997233	1350065391.212931	1.000261	35.884141	22.605091	2.392289	1.000000	1.000000	1.000000	1.000000	0.999757	0.002401	0.999670	0.001729	0.999666	0.000067	0.999994	0.000129	0.999777	0.000062	1.000097	0.000064	
1350065392.212856	0.999985	64.712535	51.492045	6.127564	0.898044	0.995835	0.898043	0.995833	0.898043	0.995830	0.898043	0.995829	0.898043	0.995826	0.898043	0.995823	0.898042	0.995821	0.898042	0.995821	1350065392.212909	0.999978	35.757651	22.512853	2.061752	1.000000	1.000000	1.000000	1.000000	0.999949	0.001253	0.999845	0.001061	1.002362	0.000011	0.999946	0.000128	1.001503	0.000012	0.999108	0.000017	
1350065393.212849	0.999993	64.710012	51.487661	6.109112	0.897448	0.995772	0.897448	0.995768	0.897449	0.995767	0.897449	0.995764	0.897449	0.995762	0.897449	0.995758	0.897449	0.995758	0.897449	0.995756	1350065393.212908	0.999999	35.810276	22.505789	1.941698	1.000000	1.000000	1.000000	1.000000	1.000066	0.001392	1.000892	0.001210	1.000012	0.000064	1.000125	0.000130	0.999672	0.000068	1.000120	0.000093	
1350065394.212849	1.000000	64.709595	51.480423	6.096741	0.897201	0.995733	0.897201	0.995730	0.897201	0.995727	0.897200	0.995725	0.897200	0.995724	0.897200	0.995721	0.897200	0.995717	0.897199	0.995716	1350065394.212909	1.000001	35.806347	22.524316	1.881941	1.000000	1.000000	1.000000	1.000000	0.999879	0.001073	0.999229	0.001259	0.999965	0.000011	0.999851	0.000103	1.000000	0.000012	1.000913	0.000012	
1350065395.212849	1.000000	64.684189	51.464172	6.121399	0.900826	0.072875	0.948484	0.997074	0.948483	0.997071	0.948484	0.997070	0.948484	0.997067	0.948484	0.997065	0.948484	0.997064	0.948485	0.997061	1350065395.212942	1.000033	41.673601	28.388333	3.079473	1.000000	1.000000	1.000000	1.000000	1.000001	0.931758	0.999984	0.002114	1.000041	0.000066	1.000027	0.000145	1.000074	0.000110	0.999558	0.000061	
1350065396.212849	1.000000	64.686798	51.469040	6.102905	0.956374	0.006600	0.951561	0.997155	0.951561	0.997153	0.951561	0.997150	0.951562	0.997148	0.951562	0.997146	0.951562	0.997144	0.951562	0.997142	1350065396.212934	0.999992	42.199500	28.910192	3.749374	1.000000	1.000000	1.000000	1.000000	1.000000	1.000000	0.999992	0.002135	0.999902	0.000012	1.000047	0.000116	0.998871	0.000011	0.998977	0.000011	
1350065397.212849	1.000000	64.619339	51.413895	6.109070	0.955982	0.002642	0.953626	0.997484	0.953626	0.997483	0.953625	0.997481	0.953625	0.997480	0.953626	0.997479	0.953626	0.997477	0.953626	0.997474	1350065397.212933	0.999999	42.249628	28.959348	2.512438	1.000000	1.000000	1.000000	1.000000	1.000000	1.000000	0.999984	0.002489	0.999984	0.000072	0.999976	0.000126	0.999589	0.000048	0.999909	0.000156	
1350065398.212863	1.000014	64.687048	51.466988	6.115057	0.926437	0.003251	0.955709	0.997964	0.955709	0.997962	0.955710	0.997960	0.955709	0.997960	0.955709	0.997959	0.955709	0.997958	0.955709	0.997957	1350065398.212954	1.000021	42.256041	28.966571	2.225234	1.000000	1.000000	1.000000	1.000000	1.000000	1.000000	0.999907	0.002270	0.985012	0.000011	1.000071	0.000129	0.990521	0.000012	0.989589	0.000012	
1350065399.212849	0.999986	62.553126	49.335518	6.127650	0.999419	0.003435	0.952191	0.041419	0.997919	0.999861	0.997919	0.999862	0.997919	0.999861	0.997919	0.999861	0.997919	0.999861	0.997919	0.999861	1350065399.212958	1.000004	48.400362	35.107829	2.951389	1.000000	1.000000	1.000000	1.000000	1.000000	1.000000	1.000001	0.958831	0.999774	0.001890	0.999998	0.000356	1.002159	0.000061	1.002375	0.000061	
1350065400.212849	1.000000	62.675903	49.462448	6.115234	1.000019	0.005215	1.021443	0.000029	1.000000	1.000000	1.000000	1.000000	1.000000	1.000000	1.000000	1.000000	1.000000	1.000000	1.000000	1.000000	1350065400.212960	1.000002	48.750121	35.452615	3.511514	1.000000	1.000000	1.000000	1.000000	1.000000	1.000000	1.000000	1.000000	0.999984	0.002006	0.998418	0.000348	0.999753	0.000062	1.001077	0.000012	
1350065401.212849	1.000000	62.554626	49.342667	6.121399	0.999541	0.000705	0.997728	0.000309	1.000000	1.000000	1.000000	1.000000	1.000000	1.000000	1.000000	1.000000	1.000000	1.000000	1.000000	1.000000	1350065401.212970	1.000010	48.774063	35.473766	2.436819	1.000000	1.000000	1.000000	1.000000	1.000000	1.000000	1.000000	1.000000	0.999951	0.002201	1.000765	0.000682	1.000357	0.000066	0.996731	0.000196	
1350065402.212849	1.000000	62.682449	49.468262	6.114944	1.000054	0.003372	1.000770	0.000924	1.000000	1.000000	1.000000	1.000000	1.000000	1.000000	1.000000	1.000000	1.000000	1.000000	1.000000	1.000000	1350065402.212962	0.999992	48.962265	35.671462	3.082804	1.000000	1.000000	1.000000	1.000000	1.000000	1.000000	1.000000	1.000000	1.000025	0.004407	0.999961	0.017321	0.999977	0.000516	1.000389	0.001574	
1350065403.212862	1.000013	61.234198	48.018078	6.120220	0.999993	0.019813	0.999996	0.006333	1.000000	1.000000	1.000000	1.000000	1.000000	0.999999	1.000000	1.000000	1.000000	1.000000	0.999999	0.742362	1350065403.212999	1.000037	50.733294	37.429983	4.253810	1.000000	1.000000	1.000000	1.000000	1.000000	1.000000	1.000000	1.000000	1.000004	0.299504	0.999957	0.001787	1.000218	0.000044	0.999955	0.000051	
1350065404.212855	0.999993	55.904561	42.703985	6.096783	1.000018	0.001951	0.999409	0.000076	1.000000	1.000000	1.000000	1.000000	1.000000	1.000000	1.000000	1.000000	1.000000	1.000000	1.024385	0.000008	1350065404.212996	0.999997	55.301777	41.999856	2.805947	1.000000	1.000000	1.000000	1.000000	1.000000	1.000000	1.000000	1.000000	1.000000	1.000000	1.000035	0.002907	0.998303	0.000011	0.999038	0.000011	
1350065405.212848	0.999993	56.052359	42.838172	6.109112	0.999927	0.004540	0.998614	0.000120	1.000000	1.000000	1.000000	1.000000	1.000000	1.000000	1.000000	1.000000	1.000000	1.000000	1.000034	0.000046	1350065405.212984	0.999988	55.302310	41.995740	3.118003	1.000000	1.000000	1.000000	1.000000	1.000000	1.000000	1.000000	1.000000	1.000000	1.000000	1.000005	0.002164	1.000166	0.000095	0.999949	0.000121	
1350065406.212849	1.000001	56.018745	42.807317	6.121393	1.000045	0.003250	1.001595	0.000133	1.000000	1.000000	1.000000	1.000000	1.000000	1.000000	1.000000	1.000000	1.000000	1.000000	1.000376	0.000012	1350065406.212998	1.000014	55.289185	41.983357	2.875845	1.000000	1.000000	1.000000	1.000000	1.000000	1.000000	1.000000	1.000000	1.000000	1.000000	0.999981	0.002199	0.998010	0.000011	1.001652	0.000012	
1350065407.212849	1.000000	55.517578	42.307419	6.127563	0.999765	0.001058	0.999484	0.000088	1.000000	1.000000	1.000000	1.000000	1.000000	1.000000	1.000000	1.000000	1.000000	1.000000	0.999495	0.000047	1350065407.212998	1.000000	54.348419	41.047043	2.447647	1.000000	1.000000	1.000000	1.000000	1.000000	1.000000	1.000000	1.000000	1.000000	1.000000	0.999923	0.002326	1.000125	0.000068	0.999867	0.000049	
1350065408.212849	1.000000	54.856445	41.645172	6.121399	0.999996	0.005481	1.000038	0.000962	1.000000	1.000000	1.000000	1.000000	1.000000	1.000000	1.000000	1.000000	1.000000	1.000000	1.000037	0.000021	1350065408.212997	0.999999	53.853323	40.561211	3.339221	1.000000	1.000000	1.000000	1.000000	1.000000	1.000000	1.000000	1.000000	1.000000	1.000000	1.000055	0.001881	0.991628	0.000018	0.992162	0.000018	
1350065409.212849	1.000000	55.865311	42.653854	6.121399	0.999985	0.000520	0.999919	0.000086	1.000000	1.000000	1.000000	1.000000	1.000000	1.000000	1.000000	1.000000	1.000000	1.000000	0.999262	0.000054	1350065409.212990	0.999993	55.300889	42.002213	2.320313	1.000000	1.000000	1.000000	1.000000	1.000000	1.000000	1.000000	1.000000	1.000000	1.000000	1.000006	0.002352	1.002023	0.000068	1.001044	0.000122	
1350065410.212849	1.000000	55.897430	42.686920	6.121399	0.999866	0.001352	0.999887	0.000048	1.000000	1.000000	1.000000	1.000000	1.000000	1.000000	1.000000	1.000000	1.000000	1.000000	1.004212	0.000013	1350065410.213013	1.000023	55.299348	41.997421	2.448369	1.000000	1.000000	1.000000	1.000000	1.000000	1.000000	1.000000	1.000000	1.000000	1.000000	0.999984	0.002068	1.000306	0.000071	0.999459	0.000011	
1350065411.212849	1.000000	55.860016	42.648560	6.115234	1.000271	0.000498	1.000081	0.000081	1.000000	1.000000	1.000000	1.000000	1.000000	1.000000	1.000000	1.000000	1.000000	1.000000	0.988305	0.000047	1350065411.212993	0.999980	55.304223	42.003985	2.265441	1.000000	1.000000	1.000000	1.000000	1.000000	1.000000	1.000000	1.000000	1.000000	1.000000	0.999887	0.002237	0.999575	0.000051	1.000094	0.000069	
1350065412.212849	1.000000	55.867554	42.670135	6.109070	0.999918	0.001469	0.999014	0.000069	1.000000	1.000000	1.000000	1.000000	1.000000	1.000000	1.000000	1.000000	1.000000	1.000000	1.019633	0.000028	1350065412.212996	1.000003	55.226651	41.941719	2.508232	1.000000	1.000000	1.000000	1.000000	1.000000	1.000000	1.000000	1.000000	1.000000	1.000000	1.000104	0.002012	1.000488	0.000012	1.001147	0.000012	
1350065413.212848	0.999999	57.930368	44.718991	6.107977	1.000000	0.004923	0.999915	0.003417	1.000000	1.000000	1.000000	1.000000	1.000000	1.000000	1.000000	1.000000	1.000000	1.000000	0.999835	0.002955	1350065413.212971	0.999975	55.640324	42.342399	2.645360	1.000000	1.000000	1.000000	1.000000	1.000000	1.000000	1.000000	1.000000	1.000000	1.000000	0.999996	0.005381	0.999834	0.003248	0.999814	0.003121	
1350065414.212849	1.000001	55.880028	42.669515	6.109064	1.000435	0.000296	1.003273	0.000107	1.000000	1.000000	1.000000	1.000000	1.000000	1.000000	1.000000	1.000000	1.000000	1.000000	1.041035	0.000012	1350065414.212990	1.000019	55.216308	41.920892	2.361817	1.000000	1.000000	1.000000	1.000000	1.000000	1.000000	1.000000	1.000000	1.000000	1.000000	0.999981	0.001708	0.999666	0.000360	1.001690	0.000329	
1350065415.212849	1.000000	55.891449	42.684814	6.133728	0.999720	0.000984	0.997879	0.000108	1.000000	1.000000	1.000000	1.000000	1.000000	1.000000	1.000000	1.000000	1.000000	1.000000	1.000036	0.000054	1350065415.212988	0.999998	55.164030	41.873630	2.556539	1.000000	1.000000	1.000000	1.000000	1.000000	1.000000	1.000000	1.000000	1.000000	1.000000	0.999981	0.001745	0.999981	0.000416	0.998660	0.000439	
1350065416.212849	1.000000	56.024643	42.818298	6.127563	1.000038	0.003752	0.995983	0.000110	1.000000	1.000000	1.000000	1.000000	1.000000	1.000000	1.000000	1.000000	1.000000	1.000000	0.998970	0.000013	1350065416.212989	1.000001	55.182687	41.892569	3.133664	1.000000	1.000000	1.000000	1.000000	1.000000	1.000000	1.000000	1.000000	1.000000	1.000000	0.999988	0.001408	1.000072	0.001260	0.999645	0.000243	
1350065417.212848	0.999999	55.867180	42.658625	6.121405	0.999654	0.000675	1.002047	0.000230	1.000000	1.000000	1.000000	1.000000	1.000000	1.000000	1.000000	1.000000	1.000000	1.000000	1.000145	0.000051	1350065417.212994	1.000005	55.089034	41.801884	2.458331	1.000000	1.000000	1.000000	1.000000	1.000000	1.000000	1.000000	1.000000	1.000000	1.000000	1.000416	0.001370	0.999783	0.000462	1.003001	0.000411	
1350065418.212849	1.000001	55.861504	42.652166	6.096735	1.000122	0.002125	0.996889	0.000154	1.000000	1.000000	1.000000	1.000000	1.000000	1.000000	1.000000	1.000000	1.000000	1.000000	0.999674	0.000013	1350065418.212993	0.999999	55.078498	41.792185	2.433382	1.000000	1.000000	1.000000	1.000000	1.000000	1.000000	1.000000	1.000000	1.000000	1.000000	0.999750	0.002435	1.001790	0.000343	0.998387	0.000355	
1350065419.212849	1.000000	56.155731	42.946823	6.121399	0.999918	0.004891	1.000286	0.001633	1.000000	1.000000	1.000000	1.000000	1.000000	1.000000	1.000000	1.000000	1.000000	1.000000	0.999865	0.000046	1350065419.212984	0.999991	55.088527	41.801343	3.945211	1.000000	1.000000	1.000000	1.000000	1.000000	1.000000	1.000000	1.000000	1.000000	1.000000	1.000019	0.001450	0.997712	0.000279	0.999060	0.000633	
1350065420.212849	1.000000	55.892090	42.696609	6.109070	1.000014	0.002417	0.997176	0.000170	1.000000	1.000000	1.000000	1.000000	1.000000	1.000000	1.000000	1.000000	1.000000	1.000000	1.000060	0.000013	1350065420.212995	1.000011	54.977989	41.707016	2.849242	1.000000	1.000000	1.000000	1.000000	1.000000	1.000000	1.000000	1.000000	1.000000	1.000000	0.999969	0.001598	1.000039	0.000290	1.000024	0.000286	
1350065421.212848	0.999999	55.830864	42.621852	6.096747	0.999909	0.000406	0.998979	0.000210	1.000000	1.000000	1.000000	1.000000	1.000000	1.000000	1.000000	1.000000	1.000000	1.000000	0.996750	0.000061	1350065421.212988	0.999993	55.025573	41.742980	2.463930	1.000000	1.000000	1.000000	1.000000	1.000000	1.000000	1.000000	1.000000	1.000000	1.000000	0.999899	0.001810	1.000187	0.000473	0.999679	0.000303	
1350065422.212849	1.000001	55.827080	42.616796	6.102899	1.000281	0.000510	1.000889	0.000227	1.000000	1.000000	1.000000	1.000000	1.000000	1.000000	1.000000	1.000000	1.000000	0.999999	1.015833	0.000013	1350065422.212993	1.000005	54.989074	41.707189	2.440997	1.000000	1.000000	1.000000	1.000000	1.000000	1.000000	1.000000	1.000000	1.000000	1.000000	1.000056	0.001768	1.001150	0.000444	1.001973	0.000333	
1350065423.212849	1.000000	55.803192	42.596207	6.127563	0.999419	0.000449	0.999277	0.000290	1.000000	1.000000	1.000000	1.000000	1.000000	1.000000	1.000000	1.000000	1.000000	1.000001	0.991134	0.000075	1350065423.212991	0.999998	54.995222	41.712772	2.432027	1.000000	1.000000	1.000000	1.000000	1.000000	1.000000	1.000000	1.000000	1.000000	1.000000	1.000015	0.001778	0.998839	0.000450	0.997651	0.000275	
1350065424.212849	1.000000	55.740311	42.532974	6.127563	1.000044	0.003627	1.004471	0.000196	1.000000	1.000000	1.000000	1.000000	1.000000	1.000000	1.000000	1.000000	1.000000	1.000000	1.001419	0.000471	1350065424.212996	1.000005	54.738236	41.456107	3.140823	1.000000	1.000000	1.000000	1.000000	1.000000	1.000000	1.000000	1.000000	1.000000	1.000000	0.999887	0.001449	1.000028	0.000334	1.003021	0.000211	
1350065425.212908	1.000059	715765138.313878	715765530.596532	715728330.151273	0.999982	1.000166	0.999980	1.000170	0.999990	1.000165	0.999983	1.000174	0.999982	1.000168	0.999984	1.000161	0.999982	1.000166	0.999983	1.000168	1350065425.213008	1.000012	715800711.472369	715774745.108587	715800232.746737	0.999982	1.000168	0.999980	1.000170	3.893536	0.256877	0.999982	1.000163	0.999983	1.000171	0.999984	1.000162	0.999982	1.000169	0.999982	1.000164	
1350065426.212857	0.999949	0.000000	0.000000	0.000000	-nan	-nan	-nan	-nan	0.000000	inf	-nan	-nan	-nan	0.000000	0.000000	inf	-nan	-nan	-nan	-nan	1350065426.212928	0.999920	0.000000	0.000000	0.000000	-nan	-nan	-nan	-nan	0.000000	inf	-nan	-nan	-nan	-nan	-nan	-nan	-nan	-nan	-nan	-nan	
