ts_0	elapsed_0	pkg_0	pp0_0	dram_0	freq_ratio_0_0	c0_ratio_0_0	freq_ratio_0_1	c0_ratio_0_1	freq_ratio_0_2	c0_ratio_0_2	freq_ratio_0_3	c0_ratio_0_3	freq_ratio_0_4	c0_ratio_0_4	freq_ratio_0_5	c0_ratio_0_5	freq_ratio_0_6	c0_ratio_0_6	freq_ratio_0_7	c0_ratio_0_7	ts_1	elapsed_1	pkg_1	pp0_1	dram_1	freq_ratio_1_0	c0_ratio_1_0	freq_ratio_1_1	c0_ratio_1_1	freq_ratio_1_2	c0_ratio_1_2	freq_ratio_1_3	c0_ratio_1_3	freq_ratio_1_4	c0_ratio_1_4	freq_ratio_1_5	c0_ratio_1_5	freq_ratio_1_6	c0_ratio_1_6	freq_ratio_1_7	c0_ratio_1_7	
1350064557.563092	1.000383	35.196606	22.076401	4.966055	1.000000	1.000000	0.998606	0.000554	0.999673	0.000037	0.986836	0.000038	1.000000	1.000001	1.000050	0.000252	1.000410	0.000012	0.999717	0.000012	1350064557.563268	1.000384	35.046796	21.960407	2.760948	1.000000	1.000000	1.000003	0.000376	1.000424	0.000074	1.003863	0.000020	1.000000	1.000000	0.999926	0.000856	0.999726	0.000020	0.992698	0.000020	
1350064558.563090	0.999998	35.106909	21.978008	4.962793	1.000000	1.000000	1.000858	0.000839	1.006075	0.000089	1.004305	0.000121	1.000000	1.000000	0.999545	0.000301	1.005984	0.000084	1.007673	0.000069	1350064558.563292	1.000024	35.059626	21.984105	2.740199	1.000000	0.999994	1.000084	0.000350	0.999996	0.000093	0.999989	0.000145	1.000000	1.000000	1.000284	0.000339	1.000164	0.000082	0.993869	0.000108	
1350064559.563089	0.999999	35.044681	21.912893	4.968221	1.000000	1.000000	0.999940	0.000389	1.001530	0.000012	0.999708	0.000037	1.000000	1.000000	0.999814	0.000214	1.002801	0.000012	1.002201	0.000012	1350064559.563280	0.999988	35.053381	21.974200	2.712633	1.000000	1.000006	0.999888	0.000220	1.000174	0.000049	0.999595	0.000012	1.000000	1.000000	0.999973	0.000290	1.017212	0.000008	1.037266	0.000023	
1350064560.563090	1.000001	35.078244	21.947458	4.973491	1.000000	1.000000	1.000028	0.000374	0.999768	0.000061	1.000052	0.000075	1.000000	1.000000	1.000134	0.000256	0.999608	0.000049	0.999349	0.000049	1350064560.563285	1.000005	35.066841	21.986020	2.735490	1.000000	1.000000	1.000046	0.000258	0.999747	0.000066	0.998954	0.000077	1.000000	1.000000	0.999733	0.000339	0.997741	0.000068	0.996735	0.000060	
1350064561.563089	0.999999	35.060260	21.941976	4.962926	1.000000	1.000000	0.999999	0.002502	0.999611	0.000019	0.999979	0.000037	1.000000	1.000000	0.999986	0.000213	0.998262	0.000011	0.999838	0.000012	1350064561.563275	0.999990	35.045654	21.963874	2.709607	1.000000	1.000000	1.000064	0.000228	1.000193	0.000056	1.002520	0.000026	1.000000	1.000000	1.002364	0.000314	1.005694	0.000027	1.008016	0.000026	
1350064562.563089	1.000000	35.133896	22.004044	4.962830	1.000000	1.000000	0.999070	0.000640	0.999954	0.000059	0.999967	0.000092	1.000000	1.000000	0.999943	0.000303	1.000238	0.000047	1.000079	0.000049	1350064562.563275	1.000000	35.085800	22.005310	2.726959	1.000000	1.000000	0.999902	0.000296	0.999960	0.000106	0.999619	0.000059	1.000000	1.000000	0.998021	0.000336	1.000721	0.000065	0.999892	0.000179	
1350064563.563089	1.000000	35.080185	21.948837	4.963165	1.000000	1.000000	1.000900	0.000655	1.003045	0.000011	0.999687	0.000037	1.000000	1.000000	1.000038	0.000213	1.001509	0.000012	0.999903	0.000012	1350064563.563276	1.000001	35.046094	21.962778	2.707212	1.000000	1.000000	1.000022	0.000226	1.000148	0.000050	0.999942	0.000059	1.000000	1.000000	1.002229	0.000295	0.997514	0.000020	1.000380	0.000019	
1350064564.563089	1.000000	35.940338	22.807266	4.967117	1.000000	1.000000	0.999988	0.003996	0.999985	0.002886	1.000005	0.002721	1.000000	1.000000	0.999993	0.002850	0.999992	0.002582	0.999996	0.002637	1350064564.563279	1.000003	36.371027	23.286915	2.722663	1.000000	1.000000	0.999996	0.002831	0.999999	0.002731	0.999923	0.002534	1.000000	1.000000	0.999805	0.004371	0.999938	0.002549	0.999913	0.002444	
1350064565.563089	1.000000	35.069382	21.937424	4.968033	1.000000	1.000000	1.000008	0.000373	0.999896	0.000011	1.000083	0.000037	1.000000	1.000000	0.999966	0.000195	0.999789	0.000011	1.000806	0.000012	1350064565.563282	1.000003	35.033827	21.963982	2.706931	1.000000	1.000000	0.999884	0.000220	0.999968	0.000049	1.015273	0.000013	1.000000	1.000000	1.002578	0.000329	1.011468	0.000013	1.008546	0.000013	
1350064566.563089	1.000000	35.095184	21.965790	4.973175	1.000000	1.000000	0.999946	0.000411	0.999774	0.000056	0.999787	0.000087	1.000000	1.000000	0.999987	0.000334	0.999729	0.000046	0.999695	0.000048	1350064566.563279	0.999997	35.092089	22.010932	2.720406	1.000000	1.000000	1.000061	0.000285	0.999821	0.000067	1.000258	0.000057	1.000000	1.000000	0.997848	0.000306	1.000321	0.000054	1.000337	0.000169	
1350064567.563089	1.000000	35.048935	21.916595	4.928299	1.000000	1.000000	1.000077	0.000393	1.002201	0.000011	0.999368	0.000037	1.000000	1.000000	1.000054	0.000215	1.000711	0.000012	0.999613	0.000012	1350064567.563283	1.000004	35.062800	21.980593	2.715107	1.000000	1.000000	1.000035	0.000221	0.998499	0.000065	1.000809	0.000012	1.000000	1.000000	1.000068	0.000348	0.998366	0.000013	1.002541	0.000012	
1350064568.563090	1.000001	35.062177	21.928736	4.963206	1.000000	1.000000	0.999143	0.000670	0.990046	0.000056	1.000438	0.000071	1.000000	1.000000	1.000486	0.000252	0.990693	0.000054	0.992082	0.000066	1350064568.563270	0.999987	35.056917	21.974699	2.715017	1.000000	1.000000	0.999887	0.000279	1.001507	0.000075	1.000116	0.000117	1.000000	1.000000	0.999989	0.000330	0.999954	0.000067	0.999844	0.000047	
1350064569.563089	0.999999	35.064899	21.932638	4.978078	1.000000	1.000000	0.999681	0.000365	1.028560	0.000019	0.985853	0.000037	1.000000	1.000000	1.000013	0.000213	0.998217	0.000012	0.999873	0.000012	1350064569.563268	0.999998	35.010809	21.926433	2.712240	1.000000	0.999995	1.000076	0.000223	0.999954	0.000050	0.999318	0.000012	1.000000	1.000000	0.999336	0.000276	1.000244	0.000013	0.999085	0.000013	
1350064570.563089	1.000000	35.091507	21.976700	4.962997	1.000000	1.000000	1.001693	0.000388	1.000026	0.000090	1.005450	0.000095	1.000000	1.000000	0.999468	0.000275	1.007316	0.000071	1.008605	0.000061	1350064570.563274	1.000006	35.022832	21.937415	2.719207	0.999994	1.000005	0.999973	0.000334	0.999905	0.000101	0.999862	0.000084	1.000000	1.000000	1.000388	0.000375	0.999870	0.000080	0.996600	0.000185	
1350064571.563089	1.000000	35.174042	22.047745	4.972992	1.000000	1.000000	0.999989	0.002290	1.001894	0.000012	1.000289	0.000037	1.000000	1.000000	0.999996	0.000215	1.001150	0.000011	1.000226	0.000012	1350064571.563288	1.000014	35.052516	21.968060	2.704292	1.000006	0.999995	0.999931	0.000251	1.000131	0.000056	1.000354	0.000026	1.000000	1.000000	1.000101	0.000298	1.003055	0.000008	1.018039	0.000035	
1350064572.563089	1.000000	35.209213	22.085129	4.967941	1.000000	1.000000	0.999997	0.000446	0.999214	0.000055	0.999833	0.000072	1.000000	1.000000	0.999995	0.000252	0.999546	0.000059	0.999880	0.000048	1350064572.563274	0.999986	35.057332	21.974095	2.715050	1.000000	1.000005	0.999995	0.000299	0.999712	0.000093	0.999861	0.000078	1.000000	1.000000	0.999500	0.000411	0.997723	0.000070	0.997352	0.000066	
1350064573.563089	1.000000	35.180847	22.056534	4.967834	1.000000	1.000000	0.999981	0.000799	1.000290	0.000017	0.999991	0.000045	1.000000	1.000000	0.999987	0.000203	0.999911	0.000017	0.999914	0.000018	1350064573.563275	1.000001	35.036969	21.953150	2.707074	1.000000	1.000000	1.000035	0.000317	1.000454	0.000064	1.000069	0.000067	1.000000	1.000000	1.000624	0.000266	1.000097	0.000028	1.005840	0.000028	
1350064574.563089	1.000000	35.198105	22.073471	4.973145	1.000000	1.000000	1.000012	0.000498	0.999971	0.000052	1.000000	0.000076	1.000000	1.000000	0.999949	0.000257	0.999957	0.000045	1.000083	0.000046	1350064574.563277	1.000002	34.989618	21.902653	2.715678	1.000000	1.000000	0.999965	0.000406	0.999828	0.000065	0.999655	0.000093	1.000000	1.000000	0.999733	0.000335	0.999514	0.000064	0.998408	0.000139	
1350064575.563089	1.000000	35.232132	22.110443	4.973312	1.000000	1.000000	0.998096	0.000366	0.999389	0.000012	0.999984	0.000047	1.000000	1.000000	1.000038	0.000233	0.999895	0.000011	0.999382	0.000012	1350064575.563272	0.999995	34.965187	21.877887	2.707258	1.000000	1.000000	1.000077	0.000314	1.000308	0.000049	0.999597	0.000012	1.000000	1.000000	1.000344	0.000283	1.013242	0.000013	1.002200	0.000099	
1350064576.563089	1.000000	35.245453	22.123123	4.968002	1.000000	1.000000	1.000775	0.000882	1.000017	0.000068	1.000016	0.000071	1.000000	1.000000	0.999982	0.000232	1.000192	0.000070	1.000110	0.000049	1350064576.563295	1.000023	34.963281	21.875598	2.710036	1.000000	1.000000	0.999989	0.000362	0.999713	0.000074	1.000285	0.000069	1.000000	1.000000	1.001856	0.000344	0.999860	0.000058	0.999955	0.000291	
1350064577.563089	1.000000	35.217316	22.093857	4.953125	1.000000	1.000000	1.000023	0.000394	1.000663	0.000031	1.000265	0.000038	1.000000	1.000000	0.999971	0.000236	1.001917	0.000011	0.999838	0.000012	1350064577.563272	0.999977	34.884588	21.808452	2.712510	1.000000	1.000000	0.999894	0.000372	0.999812	0.000066	1.000747	0.000012	1.000000	1.000000	0.997914	0.000296	1.000181	0.000013	1.002329	0.000008	
1350064578.563089	1.000000	35.240555	22.117249	4.958221	1.000000	1.000000	0.999985	0.000665	0.999926	0.000073	0.999990	0.000075	1.000000	1.000000	0.999969	0.000251	0.999966	0.000045	1.000343	0.000045	1350064578.563276	1.000004	34.917904	21.829379	2.715275	1.000000	1.000000	0.999985	0.000387	1.001269	0.000066	0.999905	0.000109	1.000000	1.000000	1.001653	0.000375	0.996969	0.000060	0.997671	0.000081	
1350064579.563089	1.000000	35.185745	22.060181	4.967972	1.000000	1.000000	1.000045	0.000361	1.000575	0.000012	0.999727	0.000037	1.000000	1.000000	0.999967	0.000212	0.998892	0.000011	0.998547	0.000012	1350064579.563272	0.999996	34.920582	21.832043	2.707241	1.000000	1.000000	0.999971	0.000268	0.997922	0.000035	1.000922	0.000013	1.000000	1.000001	0.997316	0.000239	1.014556	0.000013	1.014850	0.000013	
1350064580.563090	1.000001	35.193051	22.082819	4.963252	1.000000	1.000000	0.999958	0.000408	0.989778	0.000055	0.999989	0.000069	1.000000	1.000000	1.000580	0.000251	0.988016	0.000044	0.988759	0.000048	1350064580.563264	0.999992	34.943933	21.854593	2.712546	0.999994	1.000000	0.999661	0.000401	1.000021	0.000072	0.999938	0.000075	1.000000	1.000000	1.001358	0.000400	0.997252	0.000058	0.996874	0.000059	
1350064581.563089	0.999999	35.268222	22.147391	4.973027	1.000000	1.000000	0.999743	0.002299	1.000323	0.000019	0.985824	0.000037	1.000000	1.000000	0.999960	0.000212	1.001524	0.000012	1.000883	0.000012	1350064581.563267	1.000003	34.961455	21.873086	2.715400	1.000000	1.000000	1.000407	0.000321	1.000200	0.000056	1.000384	0.000026	1.000000	1.000000	0.997829	0.000252	1.005947	0.000027	1.006697	0.000026	
1350064582.563090	1.000001	35.257779	22.135370	4.973063	1.000000	1.000000	1.001347	0.000420	1.007823	0.000069	1.006068	0.000087	1.000000	1.000000	0.999450	0.000270	1.007593	0.000067	1.009004	0.000059	1350064582.563284	1.000017	34.980655	21.894405	2.715561	1.000006	1.000000	0.999968	0.000413	0.999962	0.000112	0.999892	0.000111	1.000000	1.000000	0.999985	0.000391	0.999826	0.000100	0.993925	0.000105	
1350064583.563089	0.999999	35.261081	22.138556	4.973500	1.000000	1.000000	1.000027	0.001208	1.002494	0.000011	0.999575	0.000037	1.000000	1.000000	1.000065	0.000214	1.000032	0.000012	1.000324	0.000012	1350064583.563265	0.999981	34.982769	21.896170	2.712759	0.999994	1.000000	1.000099	0.000315	1.000157	0.000049	1.000007	0.000058	1.000000	0.999999	1.000037	0.000283	1.004461	0.000008	1.020989	0.000030	
1350064584.563090	1.000001	35.259793	22.138651	4.968196	1.000000	1.000000	0.999898	0.000375	0.999235	0.000054	1.000055	0.000071	1.000000	1.000000	0.999965	0.000232	0.999435	0.000044	0.999777	0.000047	1350064584.563269	1.000004	34.941494	21.854632	2.715840	1.000006	1.000000	0.999922	0.000412	0.999906	0.000066	1.000042	0.000074	1.000000	1.000000	0.999963	0.000331	0.998170	0.000063	0.997065	0.000059	
1350064585.563089	0.999999	35.238345	22.116461	4.958302	1.000000	1.000000	0.998043	0.000361	0.999930	0.000011	1.000000	0.000037	1.000000	1.000000	0.999984	0.000214	0.999895	0.000011	0.999930	0.000011	1350064585.563277	1.000008	34.969931	21.883413	2.699105	1.000000	1.000000	1.000098	0.000341	1.000031	0.000050	0.996967	0.000012	1.000000	1.000000	0.999979	0.000278	0.999940	0.000013	1.015064	0.000013	
1350064586.563090	1.000001	35.222501	22.099329	4.953136	1.000000	1.000000	1.001712	0.000413	1.000125	0.000052	0.999989	0.000073	1.000000	1.000000	0.999914	0.000266	1.000260	0.000044	1.000102	0.000045	1350064586.563283	1.000006	34.935125	21.861534	2.710174	1.000000	1.000000	0.999948	0.000406	1.000005	0.000071	1.000006	0.000067	1.000000	1.000000	0.999979	0.000324	1.002758	0.000044	0.999932	0.000068	
1350064587.563089	0.999999	35.230197	22.108343	4.977910	1.000000	1.000000	0.999988	0.000401	1.000768	0.000011	1.000237	0.000037	1.000000	1.000000	0.999895	0.000213	1.002519	0.000012	0.997942	0.000012	1350064587.563274	0.999991	34.930843	21.842849	2.712839	1.000000	1.000000	1.000001	0.000315	0.999988	0.000065	1.002675	0.000012	1.000000	1.000000	0.999991	0.000328	0.997444	0.000013	0.999135	0.000012	
1350064588.563089	1.000000	35.260330	22.139603	4.962830	1.000000	1.000000	0.999981	0.000682	0.999775	0.000055	0.999978	0.000070	1.000000	1.000000	1.000099	0.000242	0.999664	0.000044	1.000412	0.000049	1350064588.563272	0.999998	34.944082	21.855251	2.712484	0.999994	1.000000	0.999984	0.000382	0.999988	0.000065	0.999957	0.000109	1.000000	1.000000	0.999244	0.000325	0.997448	0.000059	0.995359	0.000062	
1350064589.563091	1.000002	715820482.238460	715785485.564076	715801293.218557	0.999986	1.000187	0.999983	1.000190	0.999993	1.000187	0.999985	1.000186	0.999986	1.000190	0.999988	1.000184	0.999986	1.000190	0.999986	1.000187	1350064589.563181	0.999909	715830821.300181	715837564.210287	715866222.540692	0.999986	1.000187	0.999983	1.000190	3.893323	0.256897	0.999986	1.000187	0.999986	1.000190	0.999988	1.000185	0.999986	1.000190	0.999986	1.000188	
1350064590.563090	0.999999	0.000000	0.000000	0.000000	-nan	-nan	-nan	-nan	0.000000	inf	-nan	-nan	-nan	0.000000	-nan	-nan	-nan	-nan	-nan	-nan	1350064590.563161	0.999980	0.000000	0.000000	0.000000	-nan	-nan	-nan	-nan	0.000000	inf	-nan	-nan	-nan	-nan	-nan	-nan	-nan	-nan	-nan	-nan	
