ts_0	elapsed_0	pkg_0	pp0_0	dram_0	freq_ratio_0_0	c0_ratio_0_0	freq_ratio_0_1	c0_ratio_0_1	freq_ratio_0_2	c0_ratio_0_2	freq_ratio_0_3	c0_ratio_0_3	freq_ratio_0_4	c0_ratio_0_4	freq_ratio_0_5	c0_ratio_0_5	freq_ratio_0_6	c0_ratio_0_6	freq_ratio_0_7	c0_ratio_0_7	ts_1	elapsed_1	pkg_1	pp0_1	dram_1	freq_ratio_1_0	c0_ratio_1_0	freq_ratio_1_1	c0_ratio_1_1	freq_ratio_1_2	c0_ratio_1_2	freq_ratio_1_3	c0_ratio_1_3	freq_ratio_1_4	c0_ratio_1_4	freq_ratio_1_5	c0_ratio_1_5	freq_ratio_1_6	c0_ratio_1_6	freq_ratio_1_7	c0_ratio_1_7	
1350064557.564137	1.000428	35.217274	21.987935	3.910588	1.000000	1.000000	0.998774	0.000466	1.009197	0.000057	0.999873	0.000061	1.000000	1.000000	0.999494	0.000283	1.018655	0.000027	1.016117	0.000033	1350064557.564325	1.000413	34.497214	21.352602	2.718970	1.000000	1.000000	0.998856	0.000474	0.998481	0.000074	0.997760	0.000079	0.999999	1.000000	0.999542	0.000461	0.990233	0.000020	0.989475	0.000060	
1350064558.564127	0.999990	35.223314	21.999747	3.838433	1.000000	1.000000	1.001783	0.000281	0.999816	0.000059	1.000096	0.000064	1.000000	1.000000	0.999981	0.000261	0.999898	0.000076	0.999831	0.000048	1350064558.564317	0.999992	34.531225	21.376104	2.710258	1.000000	1.000000	1.001652	0.000323	1.001139	0.000087	1.002035	0.000098	1.000000	1.000000	1.000416	0.000448	1.002112	0.000091	1.014756	0.000043	
1350064559.564134	1.000007	35.715833	22.500928	3.953677	1.000000	1.000000	0.999833	0.003447	0.999998	0.002658	0.999995	0.002548	1.000000	1.000000	0.999994	0.002626	0.999997	0.002295	0.999797	0.002476	1350064559.564305	0.999988	35.706343	22.546854	2.703340	1.000000	1.000000	0.999813	0.003893	0.999796	0.002778	0.999729	0.002696	1.000001	1.000000	0.999952	0.004158	0.999814	0.002484	0.999727	0.002710	
1350064560.564127	0.999993	35.253753	22.024719	3.856121	1.000000	1.000000	1.000050	0.000277	1.000093	0.000041	1.000205	0.000068	1.000000	1.000000	0.999998	0.000250	1.000591	0.000040	1.010931	0.000046	1350064560.564307	1.000002	34.556727	21.396825	2.709513	1.000000	1.000000	0.999231	0.000306	1.006460	0.000054	1.010081	0.000052	0.999999	1.000000	1.000393	0.000442	1.004211	0.000106	1.096662	0.000008	
1350064561.564127	1.000000	35.235367	22.008682	3.829819	1.000000	1.000000	0.999963	0.000326	0.999589	0.000021	0.999591	0.000046	1.000000	1.000000	1.002635	0.000242	0.997852	0.000011	1.000065	0.000012	1350064561.564322	1.000015	34.560714	21.398955	2.712148	1.000000	1.000000	1.000889	0.000404	1.002645	0.000078	1.008736	0.000023	1.000000	1.000000	0.999786	0.000346	0.985481	0.000013	0.996906	0.000065	
1350064562.564127	1.000000	35.241486	22.015274	3.869293	1.000000	1.000000	1.001894	0.000298	1.000422	0.000070	0.999731	0.000063	1.000000	1.000000	0.997449	0.000252	1.000233	0.000048	0.999849	0.000046	1350064562.564316	0.999994	34.564583	21.402761	2.714997	1.000000	1.000000	0.999792	0.000601	1.000233	0.000058	0.999904	0.000077	1.000000	1.000000	1.000166	0.000584	1.002901	0.000070	1.009825	0.000020	
1350064563.564127	1.000000	35.235275	22.007095	3.839584	1.000000	1.000000	0.998101	0.000300	0.999071	0.000021	1.000712	0.000046	1.000000	1.000000	1.003028	0.000213	1.000000	0.000011	1.001899	0.000012	1350064563.564312	0.999996	34.528735	21.380061	2.701457	1.000000	1.000000	1.000306	0.000403	0.999863	0.000070	1.000136	0.000023	1.000000	1.000000	1.001477	0.000403	0.999217	0.000013	0.999906	0.000062	
1350064564.564127	1.000000	35.259293	22.030670	3.879791	1.000000	1.000000	1.000025	0.000281	0.996933	0.000049	0.998225	0.000086	1.000000	1.000000	0.997351	0.000255	0.998971	0.000139	0.996238	0.000047	1350064564.564310	0.999998	34.577977	21.415171	2.712179	1.000000	1.000000	1.000208	0.002812	0.999527	0.000052	0.999426	0.000051	1.000000	1.000000	0.998576	0.000428	0.999956	0.000142	0.999635	0.000020	
1350064565.564127	1.000000	35.237427	22.009277	3.912918	1.000000	1.000000	0.999961	0.000319	1.007582	0.000020	1.003349	0.000045	1.000000	1.000000	0.999962	0.000194	1.012709	0.000011	1.013767	0.000012	1350064565.564310	1.000000	34.558060	21.394302	2.709763	1.000000	1.000000	0.997960	0.000373	1.000140	0.000055	1.001167	0.000021	1.000001	1.000000	1.001694	0.000402	0.999252	0.000013	0.997268	0.000061	
1350064566.564127	1.000000	35.241196	22.014740	3.851181	1.000000	1.000000	1.002003	0.000274	0.999763	0.000047	0.999734	0.000062	1.000000	1.000000	1.000013	0.000273	0.999737	0.000047	0.999705	0.000046	1350064566.564317	1.000007	34.574392	21.412526	2.712429	1.000000	1.000000	1.002131	0.000346	1.000304	0.000051	0.999655	0.000067	0.999999	1.000000	0.998517	0.000464	1.000157	0.000101	1.012733	0.000013	
1350064567.564127	1.000000	35.227936	21.998993	3.825775	1.000000	1.000000	0.998220	0.000312	1.000454	0.000020	1.000034	0.000046	1.000000	1.000000	0.999953	0.000214	1.000596	0.000011	0.999546	0.000012	1350064567.564311	0.999994	34.571678	21.409124	2.715241	1.000000	1.000000	0.998110	0.000442	0.999909	0.000068	1.000979	0.000022	1.000000	1.000000	0.999264	0.000415	0.978360	0.000008	0.995277	0.000062	
1350064568.564127	1.000000	35.240234	22.010712	3.805649	1.000000	1.000000	1.000039	0.000508	0.992924	0.000073	0.999651	0.000078	1.000000	1.000000	1.000675	0.000253	0.989373	0.000047	0.989669	0.000047	1350064568.564308	0.999997	34.560822	21.398122	2.712304	1.000000	1.000000	0.999934	0.000355	0.995924	0.000051	0.999956	0.000053	1.000001	1.000001	1.000471	0.000671	1.001424	0.000130	1.014221	0.000020	
1350064569.564127	1.000000	35.235138	22.010269	3.829956	1.000000	1.000000	0.999917	0.000297	1.014400	0.000036	1.000596	0.000060	1.000000	1.000000	0.999323	0.000227	1.019067	0.000026	1.019550	0.000026	1350064569.564315	1.000007	34.568151	21.404897	2.715283	1.000000	1.000000	1.000375	0.000759	1.000067	0.000069	0.990759	0.000023	1.000000	1.000000	0.999647	0.000645	0.985615	0.000014	0.990169	0.000054	
1350064570.564133	1.000006	35.193470	21.983206	3.806847	1.000000	1.000000	0.999992	0.000278	1.000718	0.000047	0.999732	0.000062	1.000000	1.000000	0.999983	0.000251	1.000336	0.000064	0.999966	0.000045	1350064570.564304	0.999989	34.569273	21.405340	2.712753	1.000000	1.000000	1.001268	0.000446	1.003197	0.000058	1.004843	0.000088	1.000000	1.000000	1.000391	0.000500	1.002173	0.000087	1.012655	0.000043	
1350064571.564127	0.999994	35.237072	22.016000	3.812080	1.000000	1.000000	0.999967	0.000367	0.997899	0.000019	1.000026	0.000044	1.000000	1.000000	1.003019	0.000214	0.998157	0.000011	0.998605	0.000012	1350064571.564318	1.000014	34.537280	21.388981	2.710075	1.000000	1.000000	0.998130	0.000407	1.000199	0.000066	0.990310	0.000021	1.000000	1.000000	0.999994	0.000393	0.999565	0.000013	1.000051	0.000075	
1350064572.564127	1.000000	35.236343	22.015427	3.812515	1.000000	1.000000	1.000146	0.000327	1.000578	0.000046	0.999664	0.000071	1.000000	1.000000	0.997548	0.000266	0.999931	0.000045	0.999957	0.000045	1350064572.564311	0.999993	34.575221	21.414241	2.717853	1.000000	1.000000	1.001566	0.000424	1.000193	0.000058	1.003445	0.000061	1.000000	1.000000	1.000013	0.000493	1.000344	0.000089	0.999219	0.000013	
1350064573.564134	1.000007	35.224518	21.998871	3.805684	1.000000	1.000000	0.999898	0.000416	0.999306	0.000028	1.000573	0.000053	1.000000	1.000000	0.999888	0.000221	1.001056	0.000017	1.000107	0.000018	1350064573.564324	1.000013	34.555776	21.394953	2.712657	1.000000	1.000000	0.998896	0.000459	0.999857	0.000076	0.992773	0.000031	1.000000	1.000000	1.001658	0.000400	0.998467	0.000022	1.000092	0.000076	
1350064574.564127	0.999993	35.227722	22.003265	3.824016	1.000000	1.000000	1.001678	0.000263	0.997574	0.000066	0.997518	0.000063	1.000000	1.000000	1.000002	0.000247	0.996245	0.000045	0.996333	0.000045	1350064574.564318	0.999994	34.581001	21.417532	2.715211	1.000000	1.000000	1.000215	0.002678	0.999519	0.000052	0.999252	0.000057	1.000000	1.000000	0.998524	0.000459	1.000109	0.000060	0.997516	0.000013	
1350064575.564127	1.000000	35.226807	22.003632	3.801361	1.000000	1.000000	0.998417	0.000280	1.007243	0.000021	1.003232	0.000044	1.000000	1.000000	1.002830	0.000231	1.013945	0.000011	1.014300	0.000011	1350064575.564310	0.999992	34.563741	21.400564	2.712821	1.000000	1.000000	0.998184	0.000424	1.000352	0.000068	1.001760	0.000021	1.000000	1.000000	1.001763	0.000374	0.993277	0.000013	0.997233	0.000060	
1350064576.564127	1.000000	35.214706	21.989471	3.811783	1.000000	1.000000	0.999977	0.000284	1.000312	0.000047	0.999641	0.000063	1.000000	1.000000	0.997278	0.000233	0.999509	0.000057	1.000268	0.000046	1350064576.564333	1.000023	34.551013	21.387404	2.715606	1.000000	1.000000	1.000025	0.000399	0.999977	0.000051	0.999966	0.000068	1.000000	1.000000	0.998295	0.000397	1.001057	0.000083	1.014248	0.000013	
1350064577.564127	1.000000	35.197006	21.972549	3.807190	1.000000	1.000000	1.000002	0.000343	0.999602	0.000020	1.000568	0.000045	1.000000	1.000000	0.999876	0.000214	1.003652	0.000012	1.000097	0.000012	1350064577.564314	0.999981	34.572498	21.409588	2.712820	1.000000	1.000000	1.000019	0.000566	0.997137	0.000076	0.990188	0.000022	1.000000	1.000000	0.999485	0.000414	0.984427	0.000013	1.000000	0.000059	
1350064578.564127	1.000000	35.209793	21.986069	3.824066	1.000000	1.000000	1.000125	0.000263	1.000374	0.000045	0.999607	0.000060	1.000000	1.000000	1.000054	0.000277	1.000086	0.000045	1.000026	0.000045	1350064578.564315	1.000001	34.569181	21.406703	2.710126	1.000000	1.000000	1.001790	0.000413	1.010756	0.000039	1.003073	0.000064	1.000000	1.000000	1.000484	0.000427	1.003486	0.000060	1.000000	0.000013	
1350064579.564127	1.000000	35.216797	21.992142	3.831970	1.000000	1.000000	0.999828	0.000298	0.998143	0.000020	1.000276	0.000046	1.000000	1.000000	1.003018	0.000212	0.997125	0.000012	0.998104	0.000012	1350064579.564314	0.999999	34.529986	21.380712	2.707644	1.000000	1.000000	0.998967	0.000731	0.996946	0.000067	1.000722	0.000022	1.000000	1.000000	0.999422	0.000412	0.985629	0.000013	0.996091	0.000060	
1350064580.564127	1.000000	35.220520	21.997162	3.818146	1.000000	1.000000	1.000110	0.000263	0.992317	0.000066	0.999831	0.000064	1.000000	1.000000	0.997939	0.000251	0.988658	0.000044	0.988916	0.000047	1350064580.564303	0.999989	34.540555	21.373632	2.718292	1.000000	1.000000	1.000024	0.000395	0.999928	0.000038	1.002736	0.000066	1.000000	1.000000	1.000512	0.000433	1.001360	0.000076	1.002584	0.000013	
1350064581.564127	1.000000	35.184723	21.976059	3.827286	1.000000	1.000000	0.999884	0.000310	1.014357	0.000035	1.000026	0.000060	1.000000	1.000000	1.002273	0.000225	1.019407	0.000026	1.020711	0.000026	1350064581.564307	1.000004	34.461576	21.292669	2.710225	1.000000	1.000000	1.000346	0.000446	0.999824	0.000066	0.992111	0.000023	1.000000	1.000000	0.999411	0.000373	0.992760	0.000014	0.992063	0.000060	
1350064582.564127	1.000000	35.221771	21.997482	3.835022	1.000000	1.000000	1.001952	0.000290	1.000823	0.000047	0.999886	0.000061	1.000000	1.000000	0.997415	0.000251	1.000650	0.000053	0.999958	0.000046	1350064582.564303	0.999996	34.492587	21.324381	2.715297	1.000000	1.000000	1.001750	0.000449	1.002638	0.000090	1.000086	0.000094	0.999999	1.000000	1.000463	0.000461	1.001960	0.000094	1.013582	0.000049	
1350064583.564127	1.000000	35.233215	22.010147	3.836929	1.000000	1.000000	0.999358	0.000898	0.998647	0.000019	1.000289	0.000044	1.000000	1.000000	1.003023	0.000214	0.998121	0.000011	1.000065	0.000012	1350064583.564314	1.000011	34.529727	21.364283	2.712540	1.000000	1.000000	0.998054	0.000421	0.995559	0.000065	0.998079	0.000021	1.000000	1.000000	1.001157	0.000412	0.985673	0.000013	0.996643	0.000076	
1350064584.564134	1.000007	35.331375	22.107879	3.939609	1.000000	1.000000	0.999951	0.003322	0.999995	0.002835	0.999992	0.002563	1.000000	1.000000	0.999768	0.002870	1.000002	0.002594	0.999990	0.002527	1350064584.564317	1.000003	34.676833	21.511896	2.711463	1.000000	1.000000	1.000107	0.005270	1.000020	0.002922	1.000007	0.002594	1.000000	1.000000	0.999874	0.003839	1.000040	0.002531	1.000017	0.002489	
1350064585.564127	0.999993	35.245971	22.022033	3.815654	1.000000	1.000000	1.000030	0.000394	1.000683	0.000016	1.000251	0.000041	1.000000	1.000000	0.999921	0.000225	0.997685	0.000006	1.002851	0.000007	1350064585.564310	0.999993	34.525858	21.360118	2.712543	1.000000	1.000000	1.000025	0.000170	0.999755	0.000419	0.995336	0.000044	1.000000	1.000000	1.001239	0.000375	0.989151	0.000009	1.000230	0.000052	
1350064586.564127	1.000000	35.233215	22.014725	3.811600	1.000000	1.000000	0.999971	0.000296	0.999824	0.000068	0.999862	0.000073	1.000000	1.000000	1.000040	0.000249	0.999197	0.000041	0.998931	0.000042	1350064586.564307	0.999997	34.494324	21.326482	2.710076	1.000000	1.000000	1.000066	0.000076	1.000238	0.000395	1.003480	0.000059	1.000000	1.000000	0.998916	0.000440	1.002234	0.000087	1.003480	0.000024	
1350064587.564127	1.000000	35.238205	22.021240	3.825317	1.000000	1.000000	0.999995	0.000338	1.000040	0.000019	0.999868	0.000044	1.000000	1.000000	1.003053	0.000212	1.003066	0.000011	1.001324	0.000012	1350064587.564318	1.000011	34.559969	21.396814	2.704789	1.000000	1.000000	0.999460	0.000169	0.997860	0.000373	0.990284	0.000021	1.000000	1.000000	0.999687	0.000378	0.984807	0.000013	0.998578	0.000063	
1350064588.564127	1.000000	35.238220	22.020325	3.817123	1.000000	1.000000	1.000012	0.000278	1.000795	0.000048	0.999859	0.000066	1.000000	1.000000	0.997471	0.000253	1.000409	0.000045	0.999590	0.000046	1350064588.564317	0.999999	34.433199	21.277547	2.709933	1.000000	1.000000	1.001152	0.000083	1.000867	0.000365	1.005742	0.000070	1.000000	1.000000	1.000261	0.000413	1.002527	0.000075	1.014540	0.000013	
1350064589.564136	1.000009	715791499.242971	715798939.728005	715817524.975457	0.999987	1.000196	0.999984	1.000198	0.999995	1.000196	0.999987	1.000195	0.999987	1.000198	0.999989	1.000193	0.999987	1.000198	0.999987	1.000196	1350064589.564232	0.999915	715841768.186663	715837410.951797	715868461.260307	0.999987	1.000195	0.999984	1.000198	3.893234	0.256905	0.999987	1.000196	0.999987	1.000198	0.999989	1.000193	0.999987	1.000198	0.999987	1.000197	
1350064590.564238	1.000102	0.000000	0.000000	0.000000	-nan	-nan	-nan	-nan	0.000000	inf	-nan	-nan	-nan	0.000000	-nan	-nan	-nan	-nan	-nan	-nan	1350064590.564314	1.000082	0.000000	0.000000	0.000000	-nan	-nan	-nan	-nan	0.000000	inf	-nan	-nan	-nan	-nan	-nan	-nan	-nan	-nan	-nan	-nan	
