ts_0	elapsed_0	pkg_0	pp0_0	dram_0	freq_ratio_0_0	c0_ratio_0_0	freq_ratio_0_1	c0_ratio_0_1	freq_ratio_0_2	c0_ratio_0_2	freq_ratio_0_3	c0_ratio_0_3	freq_ratio_0_4	c0_ratio_0_4	freq_ratio_0_5	c0_ratio_0_5	freq_ratio_0_6	c0_ratio_0_6	freq_ratio_0_7	c0_ratio_0_7	ts_1	elapsed_1	pkg_1	pp0_1	dram_1	freq_ratio_1_0	c0_ratio_1_0	freq_ratio_1_1	c0_ratio_1_1	freq_ratio_1_2	c0_ratio_1_2	freq_ratio_1_3	c0_ratio_1_3	freq_ratio_1_4	c0_ratio_1_4	freq_ratio_1_5	c0_ratio_1_5	freq_ratio_1_6	c0_ratio_1_6	freq_ratio_1_7	c0_ratio_1_7	
1350069248.944054	1.000149	91.160809	77.785208	4.948954	1.153846	1.000000	1.153846	1.000000	1.153846	1.000000	1.153846	1.000000	1.153846	1.000000	1.153846	1.000000	1.153846	1.000000	1.153846	1.000000	1350069248.944093	1.000145	78.848739	65.619592	1.641120	1.192170	0.998471	1.192169	0.998470	1.192170	0.998468	1.153931	0.000901	1.192169	0.998467	1.192169	0.998468	1.153330	0.000425	1.192169	0.998466	
1350069249.944051	0.999997	91.612146	78.215666	4.939743	1.153846	1.000000	1.153846	1.000000	1.153846	1.000000	1.153846	1.000000	1.153846	1.000000	1.153846	1.000000	1.153846	1.000000	1.153846	1.000000	1350069249.944081	0.999988	78.849664	65.628651	1.590122	1.191751	0.995506	1.191752	0.995503	1.191752	0.995500	1.153779	0.003570	1.191752	0.995500	1.191752	0.995496	1.155020	0.000177	1.191752	0.995493	
1350069250.944051	1.000000	91.734879	78.322662	4.949707	1.153846	1.000000	1.153846	1.000000	1.153846	1.000000	1.153846	1.000000	1.153846	1.000000	1.153846	1.000000	1.153846	1.000000	1.153846	1.000000	1350069250.944081	1.000000	79.123581	65.872604	1.586990	1.191809	0.996243	1.191809	0.996242	1.191809	0.996239	1.153874	0.002972	1.191809	0.996238	1.191809	0.996234	1.153920	0.000163	1.191809	0.996232	
1350069251.944051	1.000000	91.401871	77.993866	4.929703	1.153846	1.000000	1.153846	1.000000	1.153846	1.000000	1.153846	1.000000	1.153846	1.000000	1.153846	1.000000	1.153846	1.000000	1.153846	1.000000	1350069251.944080	0.999999	79.241073	65.993502	1.581026	1.191920	0.996537	1.191913	0.996535	1.191920	0.996529	1.153793	0.002762	1.191920	0.996525	1.191920	0.996523	1.152647	0.000165	1.191920	0.996524	
1350069252.944051	1.000000	91.466080	78.076340	4.939697	1.153846	1.000000	1.153846	1.000000	1.153846	1.000000	1.153846	1.000000	1.153846	1.000000	1.153846	1.000000	1.153846	1.000000	1.153846	1.000000	1350069252.944081	1.000001	79.312165	66.088331	1.591353	1.192077	0.998402	1.192084	0.998401	1.192077	0.998401	1.153793	0.002974	1.192077	0.998403	1.192077	0.998401	1.154787	0.000233	1.192077	0.998400	
1350069253.944051	1.000000	91.529861	78.139038	4.934723	1.153846	1.000000	1.153846	1.000000	1.153846	1.000000	1.153846	1.000000	1.153846	1.000000	1.153846	1.000000	1.153846	1.000000	1.153846	1.000000	1350069253.944080	0.999999	79.427352	66.200731	1.586076	1.192217	0.999074	1.192217	0.999069	1.192217	0.999068	1.154197	0.000693	1.192217	0.999068	1.192217	0.999068	1.152869	0.000216	1.192217	0.999067	
1350069254.944051	1.000000	91.609802	78.217270	4.939713	1.153846	1.000000	1.153846	1.000000	1.153846	1.000000	1.153846	1.000000	1.153846	1.000000	1.153846	1.000000	1.153846	1.000000	1.153846	1.000000	1350069254.944080	1.000000	79.468857	66.241989	1.587723	1.192231	0.999169	1.192230	0.999167	1.192231	0.999168	1.153539	0.000521	1.192231	0.999166	1.192231	0.999166	1.153794	0.000228	1.192231	0.999165	
1350069255.944051	1.000000	91.707794	78.310654	4.944717	1.153846	1.000000	1.153846	1.000000	1.153846	1.000000	1.153846	1.000000	1.153846	1.000000	1.153846	1.000000	1.153846	1.000000	1.153846	1.000000	1350069255.944080	1.000000	79.487579	66.265167	1.589249	1.192216	0.999014	1.192216	0.999013	1.192216	0.999008	1.154040	0.000565	1.192216	0.999009	1.192216	0.999008	1.154607	0.000296	1.192216	0.999008	
1350069256.944051	1.000000	91.771042	78.368423	4.949707	1.153846	1.000000	1.153846	1.000000	1.153846	1.000000	1.153846	1.000000	1.153846	1.000000	1.153846	1.000000	1.153846	1.000000	1.153846	1.000000	1350069256.944081	1.000001	79.172089	65.948835	1.622069	1.190245	0.987108	1.190245	0.987098	1.190247	0.987086	1.153831	0.002637	1.190246	0.987083	1.190245	0.987081	1.153842	0.005889	1.190246	0.987075	
1350069257.944051	1.000000	91.863785	78.456924	4.949707	1.153846	1.000000	1.153846	1.000000	1.153846	1.000000	1.153846	1.000000	1.153846	1.000000	1.153846	1.000000	1.153846	1.000000	1.153846	1.000000	1350069257.944080	0.999999	79.262649	66.039522	1.593340	1.191520	0.992308	1.191520	0.992302	1.191521	0.992293	1.154757	0.000540	1.191521	0.992288	1.191520	0.992284	1.153844	0.004699	1.191521	0.992281	
1350069258.944051	1.000000	91.878662	78.470276	4.949707	1.153846	1.000000	1.153846	1.000000	1.153846	1.000000	1.153846	1.000000	1.153846	1.000000	1.153846	1.000000	1.153846	1.000000	1.153846	1.000000	1350069258.944080	1.000000	79.326538	66.102142	1.586441	1.191382	0.992362	1.191382	0.992356	1.191383	0.992351	1.152807	0.000616	1.191383	0.992347	1.191383	0.992339	1.153796	0.004634	1.191383	0.992338	
1350069259.944051	1.000000	91.964798	78.544250	4.943771	1.153846	1.000000	1.153846	1.000000	1.153846	1.000000	1.153846	1.000000	1.153846	1.000000	1.153846	1.000000	1.153846	1.000000	1.153846	1.000000	1350069259.944082	1.000002	79.478517	66.254344	1.588834	1.189793	0.998586	1.189793	0.998585	1.189793	0.998583	1.153863	0.004611	1.189793	0.998582	1.189792	0.998581	1.153927	0.002614	1.189793	0.998579	
1350069260.944051	1.000000	91.906754	78.493561	4.949707	1.153846	1.000000	1.153846	1.000000	1.153846	1.000000	1.153846	1.000000	1.153846	1.000000	1.153846	1.000000	1.153846	1.000000	1.153846	1.000000	1350069260.944081	0.999999	79.265624	66.039202	1.610246	1.190579	0.987217	1.190586	0.987208	1.190587	0.987195	1.153533	0.000533	1.190586	0.987194	1.190587	0.987183	1.153846	0.007583	1.190587	0.987179	
1350069261.944051	1.000000	92.011505	78.587234	4.949707	1.153846	1.000000	1.153846	1.000000	1.153846	1.000000	1.153846	1.000000	1.153846	1.000000	1.153846	1.000000	1.153846	1.000000	1.153846	1.000000	1350069261.944080	0.999999	78.214964	64.985414	1.590044	1.191326	0.992623	1.191319	0.992615	1.191319	0.992613	1.153860	0.005659	1.191320	0.992609	1.191319	0.992602	1.154193	0.000300	1.191320	0.992598	
1350069262.944051	1.000000	90.782257	77.352325	4.959686	1.153846	1.000000	1.153846	1.000000	1.153846	1.000000	1.153846	1.000000	1.153846	1.000000	1.153846	1.000000	1.153846	1.000000	1.153846	1.000000	1350069262.944080	1.000000	77.358017	64.120758	1.590302	1.191573	0.992701	1.191579	0.992703	1.191580	0.992693	1.154090	0.002012	1.191580	0.992685	1.191580	0.992682	1.153833	0.004505	1.191580	0.992673	
1350069263.944051	1.000000	92.203781	78.770218	4.944717	1.153846	1.000000	1.153846	1.000000	1.153846	1.000000	1.153846	1.000000	1.153846	1.000000	1.153846	1.000000	1.153846	1.000000	1.153846	1.000000	1350069263.944080	1.000000	79.334213	66.101791	1.584717	1.191622	0.993876	1.191615	0.993870	1.191616	0.993861	1.153711	0.004373	1.191615	0.993861	1.191615	0.993858	1.153866	0.000531	1.191615	0.993858	
1350069264.944051	1.000000	92.248474	78.814804	4.959686	1.153846	1.000000	1.153846	1.000000	1.153846	1.000000	1.153846	1.000000	1.153846	1.000000	1.153846	1.000000	1.153846	1.000000	1.153846	1.000000	1350069264.944081	1.000001	79.487778	66.257154	1.585356	1.191892	0.996309	1.191897	0.996305	1.191898	0.996301	1.153749	0.002664	1.191898	0.996301	1.191898	0.996297	1.153460	0.000347	1.191898	0.996297	
1350069265.944051	1.000000	92.264008	78.828888	4.949707	1.153846	1.000000	1.153846	1.000000	1.153846	1.000000	1.153846	1.000000	1.153846	1.000000	1.153846	1.000000	1.153846	1.000000	1.153846	1.000000	1350069265.944080	0.999999	79.363677	66.133059	1.584993	1.191900	0.995305	1.191895	0.995301	1.191895	0.995298	1.153886	0.003456	1.191896	0.995294	1.191895	0.995289	1.153857	0.000364	1.191896	0.995287	
1350069266.944051	1.000000	92.407104	78.958176	4.959686	1.153846	1.000000	1.153846	1.000000	1.153846	1.000000	1.153846	1.000000	1.153846	1.000000	1.153846	1.000000	1.153846	1.000000	1.153846	1.000000	1350069266.944081	1.000001	79.284547	66.052961	1.587630	1.192004	0.997076	1.192004	0.997073	1.192004	0.997071	1.153837	0.002122	1.192004	0.997073	1.192004	0.997071	1.154150	0.000355	1.192004	0.997069	
1350069267.944051	1.000000	92.293015	78.871719	4.959686	1.153846	1.000000	1.153846	1.000000	1.153846	1.000000	1.153846	1.000000	1.153846	1.000000	1.153846	1.000000	1.153846	1.000000	1.153846	1.000000	1350069267.944110	1.000029	79.223541	65.991107	1.587020	1.191883	0.995167	1.191883	0.995163	1.191884	0.995157	1.153973	0.003543	1.191883	0.995153	1.191883	0.995151	1.153773	0.000384	1.191884	0.995149	
1350069268.944051	1.000000	92.413742	78.974304	4.949707	1.153846	1.000000	1.153846	1.000000	1.153846	1.000000	1.153846	1.000000	1.153846	1.000000	1.153846	1.000000	1.153846	1.000000	1.153846	1.000000	1350069268.944081	0.999971	79.352391	66.133729	1.585327	1.191909	0.995999	1.191916	0.995996	1.191916	0.995992	1.153695	0.003922	1.191916	0.995989	1.191916	0.995985	1.153871	0.000355	1.191916	0.995984	
1350069269.944051	1.000000	92.469513	79.030441	4.954697	1.153846	1.000000	1.153846	1.000000	1.153846	1.000000	1.153846	1.000000	1.153846	1.000000	1.153846	1.000000	1.153846	1.000000	1.153846	1.000000	1350069269.944080	0.999999	79.332733	66.102038	1.593263	1.191788	0.995352	1.191781	0.995349	1.191781	0.995344	1.153831	0.003491	1.191781	0.995338	1.191781	0.995335	1.153775	0.000365	1.191781	0.995336	
1350069270.944051	1.000000	92.512070	79.070709	4.949707	1.153846	1.000000	1.153846	1.000000	1.153846	1.000000	1.153846	1.000000	1.153846	1.000000	1.153846	1.000000	1.153846	1.000000	1.153846	1.000000	1350069270.944081	1.000001	79.396256	66.164884	1.585097	1.191831	0.995505	1.191831	0.995501	1.191831	0.995496	1.153821	0.003171	1.191832	0.995497	1.191832	0.995495	1.153895	0.000351	1.191832	0.995496	
1350069271.944051	1.000000	92.525040	79.085510	4.949707	1.153846	1.000000	1.153846	1.000000	1.153846	1.000000	1.153846	1.000000	1.153846	1.000000	1.153846	1.000000	1.153846	1.000000	1.153846	1.000000	1350069271.944080	0.999999	79.263183	66.026659	1.589052	1.191907	0.995588	1.191907	0.995591	1.191907	0.995589	1.153827	0.003234	1.191907	0.995587	1.191907	0.995583	1.153501	0.000349	1.191907	0.995581	
1350069272.944051	1.000000	92.572098	79.132278	4.939728	1.153846	1.000000	1.153846	1.000000	1.153846	1.000000	1.153846	1.000000	1.153846	1.000000	1.153846	1.000000	1.153846	1.000000	1.153846	1.000000	1350069272.944080	1.000000	79.154785	65.916824	1.585373	1.191629	0.993219	1.191629	0.993209	1.191630	0.993200	1.154022	0.002182	1.191630	0.993201	1.191629	0.993202	1.153848	0.004029	1.191629	0.993198	
1350069273.944051	1.000000	92.675827	79.235321	4.959686	1.153846	1.000000	1.153846	1.000000	1.153846	1.000000	1.153846	1.000000	1.153846	1.000000	1.153846	1.000000	1.153846	1.000000	1.153846	1.000000	1350069273.944080	1.000000	79.191406	65.954056	1.587006	1.191698	0.995104	1.191698	0.995101	1.191698	0.995098	1.153707	0.003674	1.191698	0.995093	1.191698	0.995089	1.153760	0.000369	1.191698	0.995086	
1350069274.944051	1.000000	92.710541	79.267731	4.959686	1.153846	1.000000	1.153846	1.000000	1.153846	1.000000	1.153846	1.000000	1.153846	1.000000	1.153846	1.000000	1.153846	1.000000	1.153846	1.000000	1350069274.944081	1.000001	79.160127	65.925673	1.584670	1.191217	0.992243	1.191217	0.992236	1.191211	0.992231	1.153749	0.001652	1.191211	0.992239	1.191217	0.992229	1.153869	0.004759	1.191218	0.992219	
1350069275.944051	1.000000	92.724930	79.280624	4.939728	1.153846	1.000000	1.153846	1.000000	1.153846	1.000000	1.153846	1.000000	1.153846	1.000000	1.153846	1.000000	1.153846	1.000000	1.153846	1.000000	1350069275.944080	0.999999	79.220275	65.983492	1.592867	1.191410	0.992405	1.191410	0.992404	1.191417	0.992397	1.153838	0.000338	1.191417	0.992395	1.191410	0.992389	1.153843	0.004753	1.191410	0.992382	
1350069276.944051	1.000000	92.025299	78.579559	4.949707	1.153846	1.000000	1.153846	1.000000	1.153846	1.000000	1.153846	1.000000	1.153846	1.000000	1.153846	1.000000	1.153846	1.000000	1.153846	1.000000	1350069276.944081	1.000001	76.764346	63.521393	1.586272	1.191546	0.992317	1.191546	0.992309	1.191547	0.992305	1.153800	0.000324	1.191547	0.992303	1.191547	0.992298	1.153848	0.004820	1.191547	0.992301	
1350069277.944053	1.000002	715778263.537141	715793503.837738	715810797.514241	0.999986	1.000188	0.999983	1.000192	0.999993	1.000189	0.999985	1.000187	0.999986	1.000192	0.999988	1.000187	0.999986	1.000192	0.999986	1.000189	1350069277.945003	1.000922	715141824.365614	715153656.578132	715167990.360389	0.999985	1.000187	0.999983	1.000189	3.893313	0.256898	0.999986	1.000190	0.999985	1.000190	0.999989	1.000187	0.999986	1.000192	0.999986	1.000190	
1350069278.944052	0.999999	0.000000	0.000000	0.000000	-nan	-nan	-nan	-nan	8.000000	inf	-nan	-nan	-nan	0.000000	-nan	-nan	-nan	-nan	-nan	-nan	1350069278.944113	0.999110	0.000000	0.000000	0.000000	-nan	-nan	-nan	-nan	0.000000	inf	-nan	-nan	-nan	-nan	-nan	-nan	-nan	-nan	-nan	-nan	
