ts_0	elapsed_0	pkg_0	pp0_0	dram_0	freq_ratio_0_0	c0_ratio_0_0	freq_ratio_0_1	c0_ratio_0_1	freq_ratio_0_2	c0_ratio_0_2	freq_ratio_0_3	c0_ratio_0_3	freq_ratio_0_4	c0_ratio_0_4	freq_ratio_0_5	c0_ratio_0_5	freq_ratio_0_6	c0_ratio_0_6	freq_ratio_0_7	c0_ratio_0_7	ts_1	elapsed_1	pkg_1	pp0_1	dram_1	freq_ratio_1_0	c0_ratio_1_0	freq_ratio_1_1	c0_ratio_1_1	freq_ratio_1_2	c0_ratio_1_2	freq_ratio_1_3	c0_ratio_1_3	freq_ratio_1_4	c0_ratio_1_4	freq_ratio_1_5	c0_ratio_1_5	freq_ratio_1_6	c0_ratio_1_6	freq_ratio_1_7	c0_ratio_1_7	
1349416883.427305	1.000986	37.156033	23.584973	0.000000	0.999999	0.990391	1.000000	0.998331	0.999350	0.001224	0.996966	0.000192	0.994616	0.000117	0.996050	0.000106	0.995033	0.000341	0.994072	0.000090	1349416883.427549	1.000494	36.471134	23.047437	0.000000	0.999967	0.991033	1.003538	0.000114	0.925067	0.000236	1.000412	0.002334	1.003075	0.000042	1.002765	0.000040	0.681995	0.000058	0.999984	0.991424	
1349416884.427303	0.999998	37.286967	23.688079	0.000000	1.000000	1.000000	0.999999	0.999999	1.000162	0.000886	1.000644	0.000060	1.000469	0.000063	0.993353	0.000015	0.999910	0.000218	1.006920	0.000017	1349416884.427540	0.999991	36.608379	23.144329	0.000000	1.000000	1.000000	0.956662	0.000008	0.987751	0.000007	1.001450	0.000078	1.000790	0.000893	1.000527	0.000061	0.999707	0.000071	1.000000	1.000000	
1349416885.427304	1.000001	37.311244	23.709587	0.000000	1.000000	0.999972	1.000000	0.999966	0.999645	0.000753	0.999892	0.000519	1.000085	0.000122	1.001044	0.000095	1.000527	0.000526	1.000045	0.000104	1349416885.427549	1.000009	36.622273	23.158146	0.000000	1.000000	1.000000	0.998979	0.000171	1.000884	0.000126	0.998978	0.000113	1.000193	0.000096	0.999188	0.000033	1.000259	0.000091	1.000000	1.000000	
1349416886.427303	0.999999	37.261495	23.674690	0.000000	1.000000	1.000000	1.000000	1.000000	1.000537	0.000616	1.000166	0.000310	1.002501	0.000017	1.000723	0.000015	1.002908	0.000371	1.001510	0.000015	1349416886.427546	0.999997	36.622245	23.155864	0.000000	1.000000	1.000000	0.983241	0.000008	0.988361	0.000007	0.992795	0.000075	0.992304	0.000079	0.993404	0.000072	0.991223	0.000074	1.000000	1.000000	
1349416887.427303	1.000000	37.280029	23.679703	0.000000	1.000000	1.000000	1.000000	1.000000	0.999491	0.000490	1.000337	0.000436	0.999345	0.000085	1.000013	0.000088	0.994942	0.000265	0.999704	0.000116	1349416887.427548	1.000002	36.620475	23.153536	0.000000	1.000000	1.000000	1.006729	0.000098	0.996277	0.000122	0.990427	0.000020	0.998234	0.000073	1.000531	0.000007	0.992742	0.000008	1.000000	1.000000	
1349416888.427304	1.000001	37.293559	23.701897	0.000000	1.000000	1.000000	1.000000	1.000000	1.000068	0.000553	0.999820	0.000306	1.001302	0.000009	0.999141	0.000009	1.001149	0.000212	0.999955	0.000009	1349416888.427551	1.000003	36.600274	23.142522	0.000000	1.000000	1.000000	0.982308	0.000008	1.012096	0.000038	1.008661	0.000094	1.001336	0.000092	1.005713	0.000087	1.007245	0.000096	1.000000	1.000000	
1349416889.427303	0.999999	37.308950	23.713646	0.000000	1.000000	0.999947	1.000000	0.999945	1.000160	0.000558	0.999997	0.000266	0.999241	0.000114	0.999987	0.000060	1.000028	0.000231	1.000075	0.000102	1349416889.427540	0.999989	36.653402	23.184931	0.000000	1.000000	1.000000	1.001810	0.000081	1.000651	0.000126	0.994834	0.000021	1.000585	0.000816	0.994817	0.000008	1.001522	0.000007	1.000000	1.000000	
1349416890.427302	0.999999	37.293950	23.695472	0.000000	1.000000	0.999999	1.000000	0.999986	0.999751	0.000530	1.000393	0.000093	1.004858	0.000015	0.999264	0.000016	0.999711	0.000284	0.999508	0.000018	1349416890.427545	1.000005	36.634842	23.169928	0.000000	1.000000	1.000000	0.982828	0.000008	0.982218	0.000007	1.002151	0.000067	1.002137	0.000052	1.000891	0.000059	0.999625	0.000078	1.000000	1.000000	
1349416891.427303	1.000001	37.275050	23.680107	0.000000	1.000000	0.999941	1.000000	0.999943	0.999938	0.000586	0.999452	0.000390	1.000428	0.000136	1.000169	0.000112	0.999519	0.000365	1.000246	0.000077	1349416891.427546	1.000001	36.646510	23.173928	0.000000	1.000000	1.000000	1.000969	0.000153	1.000717	0.000140	0.998381	0.000076	1.000306	0.000064	0.999604	0.000053	1.000286	0.000050	1.000000	1.000000	
1349416892.427303	1.000000	37.281708	23.685379	0.000000	1.000000	0.999998	1.000000	0.999982	0.999935	0.000532	1.000702	0.000224	0.999028	0.000065	1.000000	0.000017	1.006122	0.000217	0.999142	0.000017	1349416892.427543	0.999997	36.656913	23.181163	0.000000	1.000000	1.000000	0.998590	0.000071	0.998409	0.000042	0.992516	0.000071	0.991264	0.000073	1.000745	0.000059	0.999555	0.000067	1.000000	1.000000	
1349416893.427303	1.000000	37.234329	23.654495	0.000000	1.000000	0.999961	1.000000	0.999986	0.999591	0.000533	1.000005	0.000492	1.000039	0.000120	0.999910	0.000090	0.996002	0.000267	0.999909	0.000093	1349416893.427542	0.999999	36.673070	23.203559	0.000000	1.000000	1.000000	1.000037	0.002468	1.000415	0.000155	1.002096	0.000251	0.999120	0.000051	0.998449	0.000049	1.000622	0.000068	1.000000	1.000000	
1349416894.427302	0.999999	37.299733	23.699730	0.000000	1.000000	0.999989	1.000000	0.999987	1.000628	0.000621	0.999576	0.000248	0.999965	0.000066	0.999819	0.000075	1.004296	0.000249	0.998711	0.000017	1349416894.427544	1.000002	36.663748	23.195863	0.000000	1.000000	1.000000	0.996918	0.000071	0.997895	0.000032	1.001041	0.000069	1.000597	0.001081	1.000556	0.000114	0.999093	0.000078	1.000000	1.000000	
1349416895.427303	1.000001	37.320155	23.720681	0.000000	1.000000	0.999998	1.000000	0.999995	0.999626	0.000502	1.000215	0.000297	1.000010	0.000076	1.000228	0.000063	1.000045	0.000328	1.000425	0.000080	1349416895.427554	1.000010	36.658996	23.190594	0.000000	1.000000	1.000000	1.002297	0.000091	1.000581	0.000158	0.996883	0.000021	0.999665	0.000022	0.991371	0.000007	1.000463	0.000055	1.000000	1.000000	
1349416896.427303	1.000000	37.327087	23.734528	0.000000	1.000000	1.000000	1.000000	1.000000	0.999838	0.000704	0.999690	0.000329	1.000134	0.000072	0.999952	0.000105	0.996000	0.000275	0.999870	0.000015	1349416896.427551	0.999997	36.678825	23.210826	0.000000	1.000000	1.000000	0.996704	0.000086	0.999004	0.000102	1.000849	0.000134	1.000737	0.000164	1.000343	0.000143	0.999985	0.000125	1.000000	1.000000	
1349416897.427302	0.999999	39.436592	25.836405	0.000000	1.000000	0.999999	1.000000	1.000000	0.999918	0.006121	0.999730	0.005637	0.999798	0.005585	0.999996	0.005925	1.000102	0.007377	0.999997	0.005494	1349416897.427477	0.999926	40.246978	26.786663	0.000000	1.000000	1.000000	0.999924	0.005668	1.000009	0.005615	1.000008	0.005434	0.999980	0.005282	1.000033	0.005384	1.000024	0.005278	1.000000	1.000000	
1349416898.427303	1.000001	37.306163	23.720940	0.000000	1.000000	1.000001	1.000000	1.000000	1.001643	0.000596	1.016889	0.000060	1.146718	0.000008	1.000030	0.000194	1.000479	0.000224	0.994432	0.000009	1349416898.427546	1.000069	36.679891	23.208896	0.000000	1.000000	1.000000	0.967187	0.000008	0.988331	0.000007	0.989279	0.000054	0.992274	0.000058	0.986350	0.000050	0.988546	0.000068	1.000000	1.000000	
1349416899.427302	0.999999	37.328573	23.736961	0.000000	1.000000	1.000000	1.000000	1.000000	0.997957	0.000467	1.003730	0.000172	1.000045	0.000136	1.000010	0.000241	1.000057	0.000287	1.000286	0.000107	1349416899.427544	0.999998	36.677896	23.207289	0.000000	1.000000	1.000000	1.009412	0.000104	0.996240	0.000112	0.994599	0.000019	0.999705	0.000848	0.995327	0.000008	0.999691	0.000007	1.000000	1.000000	
1349416900.427303	1.000001	37.293986	23.703453	0.000000	1.000000	0.999961	1.000000	0.999957	0.999869	0.000615	0.999864	0.000054	1.000827	0.000009	0.999928	0.000151	0.999900	0.000294	1.002061	0.000009	1349416900.427543	0.999999	36.676167	23.203880	0.000000	1.000000	1.000000	0.996920	0.000039	1.012535	0.000037	1.006122	0.000095	1.007451	0.000091	1.006532	0.000085	1.006865	0.000094	1.000000	1.000000	
1349416901.427302	0.999999	37.288945	23.697838	0.000000	1.000000	1.000000	1.000000	1.000000	1.000249	0.000538	0.998769	0.000113	1.000057	0.000067	1.000055	0.000176	0.999760	0.000274	1.000042	0.000091	1349416901.427541	0.999998	36.678827	23.206572	0.000000	1.000000	1.000000	0.993581	0.000082	1.000356	0.000117	0.996072	0.000021	1.005270	0.000008	0.998316	0.000026	1.001384	0.000007	1.000000	1.000000	
1349416902.427303	1.000001	37.245967	23.670266	0.000000	1.000000	1.000000	1.000000	1.000000	0.999986	0.000564	1.000860	0.000061	0.998202	0.000015	1.000005	0.000076	1.000175	0.000229	0.999195	0.000017	1349416902.427562	1.000021	36.681664	23.210893	0.000000	1.000000	1.000000	0.985992	0.000008	0.992349	0.000007	1.001785	0.000061	0.991772	0.000071	1.000359	0.000062	0.999683	0.000073	1.000000	1.000000	
1349416903.427303	1.000000	37.291595	23.695969	0.000000	1.000000	1.000000	1.000000	0.999997	1.001256	0.000547	1.000642	0.000102	0.999794	0.000064	0.999780	0.000143	1.000079	0.000244	0.999870	0.000077	1349416903.427539	0.999977	36.707566	23.240522	0.000000	1.000000	0.999998	1.000132	0.005854	1.000721	0.000114	0.993880	0.000019	0.986741	0.000008	0.990949	0.000007	1.006035	0.000007	1.000000	1.000000	
1349416904.427302	0.999999	37.311498	23.718574	0.000000	1.000000	1.000000	1.000000	1.000000	0.998603	0.000543	1.000612	0.000052	1.000135	0.000066	1.000615	0.000056	1.000077	0.000224	1.000886	0.000017	1349416904.427540	1.000001	36.685405	23.215798	0.000000	1.000000	1.000000	0.991876	0.000008	0.989428	0.000007	1.001853	0.000062	1.000720	0.000936	1.001516	0.000058	1.000414	0.000074	1.000000	1.000000	
1349416905.427302	1.000000	37.312637	23.721725	0.000000	1.000000	0.999978	1.000000	0.999985	0.999787	0.000508	0.999837	0.000092	0.998618	0.000074	0.999741	0.000128	1.000015	0.000334	0.999932	0.000119	1349416905.427541	1.000001	36.655773	23.195977	0.000000	1.000000	1.000000	1.000740	0.000120	1.000766	0.000111	0.993984	0.000019	1.000974	0.000021	0.987116	0.000007	0.990398	0.000007	1.000000	1.000000	
1349416906.427302	1.000000	37.398621	23.801544	0.000000	1.000000	0.999961	1.000000	0.999958	1.000831	0.000945	1.001028	0.000051	1.007558	0.000014	1.000058	0.000146	0.999961	0.000230	0.999947	0.000015	1349416906.427541	1.000000	36.747787	23.270203	0.000000	1.000000	1.000000	0.970956	0.000008	0.981995	0.000007	0.990848	0.000060	0.999374	0.000068	1.001091	0.000059	1.000519	0.000080	1.000000	1.000000	
1349416907.427302	1.000000	37.407532	23.804993	0.000000	1.000000	1.000000	0.999999	1.000000	0.999288	0.000941	1.000289	0.000091	1.000006	0.000063	1.000038	0.000292	0.999973	0.000289	0.998961	0.000079	1349416907.427545	1.000004	36.741993	23.268262	0.000000	1.000000	1.000000	1.002574	0.000081	1.001203	0.000110	0.996411	0.000021	0.998950	0.000008	0.979486	0.000007	0.999170	0.000007	1.000000	1.000000	
1349416908.427313	1.000011	715788789.859074	715782338.509143	715820034.141029	0.999970	1.000025	0.999975	1.000060	0.999976	1.000059	0.999972	1.000032	0.999974	1.000046	0.999976	1.000037	0.999973	1.000041	0.999974	1.000043	1349416908.427433	0.999888	715906274.328920	715883285.808657	715908107.044634	0.999974	1.000041	0.999971	1.000041	3.893959	0.256816	0.999971	1.000031	0.999975	1.000047	0.999976	1.000035	0.999976	1.000052	0.999972	1.000034	
1349416909.427293	0.999980	0.000000	0.000000	0.000000	-nan	-nan	-nan	-nan	1.000008	inf	-nan	-nan	-nan	0.000000	-nan	-nan	-nan	-nan	-nan	-nan	1349416909.427367	0.999934	0.000000	0.000000	0.000000	-nan	-nan	-nan	-nan	1.345745	inf	-nan	-nan	-nan	-nan	-nan	-nan	-nan	-nan	-nan	-nan	
