ts_0	elapsed_0	pkg_0	pp0_0	dram_0	freq_ratio_0_0	c0_ratio_0_0	freq_ratio_0_1	c0_ratio_0_1	freq_ratio_0_2	c0_ratio_0_2	freq_ratio_0_3	c0_ratio_0_3	freq_ratio_0_4	c0_ratio_0_4	freq_ratio_0_5	c0_ratio_0_5	freq_ratio_0_6	c0_ratio_0_6	freq_ratio_0_7	c0_ratio_0_7	ts_1	elapsed_1	pkg_1	pp0_1	dram_1	freq_ratio_1_0	c0_ratio_1_0	freq_ratio_1_1	c0_ratio_1_1	freq_ratio_1_2	c0_ratio_1_2	freq_ratio_1_3	c0_ratio_1_3	freq_ratio_1_4	c0_ratio_1_4	freq_ratio_1_5	c0_ratio_1_5	freq_ratio_1_6	c0_ratio_1_6	freq_ratio_1_7	c0_ratio_1_7	
1349416883.428639	1.001153	35.693785	21.849243	0.000000	0.999981	0.991387	0.999981	0.998502	0.998987	0.001107	0.997403	0.000142	0.993595	0.000082	0.995631	0.000075	0.986862	0.000042	0.998802	0.000323	1349416883.428888	1.000510	36.431052	22.790334	0.000000	1.000001	0.992390	0.999515	0.000112	0.844623	0.000124	1.004035	0.000084	0.981835	0.001078	1.004114	0.000039	0.706692	0.000055	1.000002	0.992910	
1349416884.428635	0.999996	35.782234	21.907331	0.000000	1.000000	1.000000	1.000000	1.000000	0.999989	0.000879	1.000045	0.000085	1.000245	0.000083	0.999096	0.000058	1.000061	0.000101	0.999976	0.000162	1349416884.428888	1.000000	36.552002	22.894836	0.000000	1.000000	1.000000	0.999932	0.000068	0.999261	0.000032	1.000112	0.000114	0.999999	0.002420	0.999733	0.000064	0.999824	0.000077	1.000000	1.000000	
1349416885.428633	0.999998	35.799476	21.922634	0.000000	0.999975	0.999807	0.999955	0.999830	1.000038	0.000726	0.996043	0.000014	0.997165	0.000015	0.998839	0.000016	1.003417	0.000017	1.000028	0.000230	1349416885.428880	0.999992	36.544425	22.887011	0.000000	1.000000	1.000000	0.999871	0.000159	1.000328	0.000080	0.999846	0.000070	1.000018	0.000108	0.994391	0.000013	0.999980	0.000019	1.000000	1.000000	
1349416886.428635	1.000002	35.804848	21.927036	0.000000	1.000000	0.999999	1.000000	1.000000	1.000269	0.000858	0.990999	0.000076	0.996693	0.000076	1.002962	0.000063	0.994924	0.000074	1.000035	0.000155	1349416886.428887	1.000007	36.510322	22.866572	0.000000	1.000000	1.000000	0.999808	0.000062	0.999418	0.000031	0.999506	0.000114	1.000075	0.000113	1.001436	0.000058	1.000053	0.000065	1.000000	1.000000	
1349416887.428634	0.999999	35.826801	21.942343	0.000000	0.999987	0.999885	0.999979	0.999897	0.999788	0.001006	0.999674	0.000041	0.998803	0.000049	0.995407	0.000157	0.999744	0.000074	0.999960	0.000419	1349416887.428887	1.000000	36.559906	22.902130	0.000000	1.000000	1.000000	0.996245	0.000193	0.996810	0.000181	1.000244	0.000262	1.000014	0.000507	0.999996	0.000105	1.000018	0.000063	1.000000	1.000000	
1349416888.428633	0.999999	35.782062	21.912146	0.000000	1.000000	1.000000	1.000000	1.000000	0.999890	0.000803	1.005280	0.000142	1.003463	0.000090	1.007205	0.000075	1.002932	0.000117	0.999284	0.000209	1349416888.428877	0.999990	36.571121	22.913224	0.000000	1.000000	1.000000	1.008589	0.000069	1.004452	0.000114	1.000104	0.000112	0.999986	0.001093	0.999967	0.000081	1.000039	0.000100	1.000000	1.000000	
1349416889.428633	1.000000	35.808899	21.923721	0.000000	1.000000	1.000000	1.000000	1.000000	1.000077	0.000728	0.998985	0.000014	1.003718	0.000014	0.999945	0.000014	1.010014	0.000016	1.000753	0.000223	1349416889.428881	1.000004	36.553715	22.897002	0.000000	1.000000	1.000000	1.002848	0.000174	1.000691	0.000113	0.999307	0.000017	0.999989	0.000102	1.006128	0.000017	1.000116	0.000007	1.000000	1.000000	
1349416890.428634	1.000001	35.819637	21.934412	0.000000	1.000000	0.999998	1.000000	1.000000	0.999925	0.000712	0.997871	0.000068	0.997803	0.000069	0.996982	0.000059	0.998004	0.000078	0.999963	0.000179	1349416890.428879	0.999998	36.555017	22.898115	0.000000	1.000000	1.000000	0.993526	0.000067	0.999855	0.000085	1.000059	0.000072	1.000078	0.000119	0.998387	0.000055	0.999990	0.000077	1.000000	1.000000	
1349416891.428634	1.000000	35.818573	21.932648	0.000000	1.000000	1.000000	1.000000	0.999999	1.000021	0.000863	1.000156	0.000084	1.001200	0.000085	1.001184	0.000070	0.999718	0.000070	0.999840	0.000268	1349416891.428876	0.999997	36.563178	22.905695	0.000000	1.000000	1.000000	0.999223	0.000118	0.999956	0.000132	0.999903	0.000052	0.999934	0.000181	0.999860	0.000080	1.000037	0.000031	1.000000	1.000000	
1349416892.428634	1.000000	35.824005	21.937714	0.000000	0.999974	0.999807	0.999966	0.999826	1.000001	0.000783	1.001275	0.000065	1.001529	0.000082	1.001027	0.000098	1.000531	0.000096	1.000075	0.000288	1349416892.428883	1.000007	36.526130	22.882792	0.000000	1.000000	1.000000	0.944034	0.000063	0.999833	0.000113	0.999163	0.000097	1.000018	0.000284	0.999199	0.000093	0.999908	0.000067	1.000000	1.000000	
1349416893.428635	1.000001	35.826397	21.942926	0.000000	1.000000	1.000000	1.000000	1.000000	0.999940	0.000910	0.999895	0.000139	0.999104	0.000082	0.999998	0.000209	0.999440	0.000087	0.999647	0.000326	1349416893.428881	0.999998	36.560372	22.902357	0.000000	1.000000	1.000000	1.024071	0.000151	1.000137	0.000149	1.001202	0.000085	0.999998	0.001121	1.000156	0.000091	1.000061	0.000057	1.000000	1.000000	
1349416894.428634	0.999999	35.807422	21.922674	0.000000	0.999973	0.999808	0.999961	0.999825	1.000248	0.000734	1.001012	0.000070	0.999352	0.000061	1.000238	0.000045	0.999961	0.000080	0.999960	0.000153	1349416894.428878	0.999997	36.565986	22.909281	0.000000	1.000000	1.000000	1.000658	0.000060	1.000162	0.000076	0.999542	0.000068	1.000001	0.002386	1.001222	0.000052	0.999994	0.000063	1.000000	0.999999	
1349416895.428633	0.999999	35.776874	21.908453	0.000000	1.000000	1.000000	1.000000	1.000000	0.999814	0.000810	0.994162	0.000028	1.000105	0.000015	0.999757	0.000051	1.000333	0.000030	0.999637	0.000255	1349416895.428885	1.000007	36.547294	22.890467	0.000000	1.000000	0.999998	0.999623	0.000056	0.999918	0.000118	0.999940	0.000013	0.999961	0.000139	0.999422	0.000027	1.000348	0.000033	1.000000	1.000000	
1349416896.428634	1.000001	35.814160	21.932123	0.000000	0.999992	0.999914	0.999984	0.999928	0.999938	0.000779	0.999893	0.000115	0.999860	0.000110	0.999125	0.000067	1.000907	0.000093	1.000236	0.000180	1349416896.428878	0.999993	36.548684	22.891409	0.000000	1.000000	1.000002	1.000295	0.000114	0.999942	0.000099	0.999936	0.000085	0.999998	0.000182	1.000229	0.000059	0.999809	0.000067	1.000000	1.000000	
1349416897.428634	1.000000	35.823105	21.937469	0.000000	1.000000	0.999990	1.000001	0.999990	1.000115	0.000746	1.002045	0.000069	1.001328	0.000027	1.000209	0.000151	0.998759	0.000059	1.000375	0.000436	1349416897.428881	1.000003	36.548349	22.891683	0.000000	1.000000	1.000000	0.999932	0.000103	0.999536	0.000129	1.001064	0.000021	1.000041	0.000321	1.000003	0.000121	0.999922	0.000098	1.000000	1.000000	
1349416898.428637	1.000003	35.821254	21.936837	0.000000	1.000000	1.000000	1.000000	1.000000	1.000187	0.000808	0.995730	0.000177	0.994266	0.000064	0.991363	0.000057	0.996265	0.000091	1.000049	0.000231	1349416898.428886	1.000005	36.562988	22.905891	0.000000	0.999997	1.000000	0.997989	0.000075	1.000452	0.000076	0.999804	0.000067	0.999979	0.001068	1.000051	0.000046	0.991156	0.000085	1.000000	1.000000	
1349416899.428633	0.999996	35.814461	21.929441	0.000000	0.999987	0.999911	0.999979	0.999925	0.999822	0.000690	0.985454	0.000010	1.000915	0.000019	0.997199	0.000009	1.001774	0.000009	0.999998	0.000239	1349416899.428880	0.999994	36.553090	22.896255	0.000000	1.000003	1.000000	1.001747	0.000058	0.994455	0.000115	1.000482	0.000013	1.000253	0.000097	0.999682	0.000017	1.013872	0.000008	1.000000	1.000000	
1349416900.428636	1.000003	35.816707	21.934548	0.000000	1.000000	0.999999	1.000000	1.000000	0.999747	0.000727	1.011252	0.000081	1.002498	0.000088	1.007208	0.000076	1.000817	0.000361	0.999127	0.000165	1349416900.428885	1.000005	36.553986	22.910759	0.000000	1.000000	0.999997	0.968270	0.000102	1.001763	0.000387	0.999760	0.000109	1.000000	0.000150	0.999932	0.000091	1.001853	0.000348	1.000000	1.000000	
1349416901.428633	0.999997	35.780842	21.914481	0.000000	1.000000	1.000000	1.000000	1.000000	0.999979	0.000764	0.999692	0.000097	1.001161	0.000078	1.000023	0.000069	1.000285	0.000042	1.000572	0.000232	1349416901.428878	0.999993	36.583322	22.926336	0.000000	1.000000	1.000003	1.030243	0.000107	0.999713	0.000167	1.000420	0.000059	0.999960	0.000181	0.999977	0.000085	1.000071	0.000081	1.000000	1.000000	
1349416902.428633	1.000000	35.822083	21.940933	0.000000	1.000000	0.999875	1.000000	0.999921	0.999955	0.000708	0.999865	0.000063	1.002377	0.000064	0.999884	0.000113	0.999900	0.000177	0.999907	0.000274	1349416902.428900	1.000022	36.594305	22.938843	0.000000	1.000000	1.000000	0.999501	0.000067	0.999681	0.000106	0.999418	0.000064	0.999963	0.000376	0.999984	0.000094	0.999827	0.000060	1.000000	1.000000	
1349416903.428633	1.000000	35.808289	21.926025	0.000000	1.000000	1.000000	1.000000	0.999999	1.000012	0.000633	1.000647	0.000065	0.990215	0.000016	1.000503	0.000008	0.994844	0.000009	1.000000	0.000272	1349416903.428879	0.999979	36.564610	22.906868	0.000000	1.000000	1.000000	0.998367	0.000055	1.000624	0.000114	1.002110	0.000013	0.999959	0.001014	1.000851	0.000007	1.001030	0.000017	1.000000	1.000000	
1349416904.428633	1.000000	35.817429	21.935654	0.000000	1.000000	0.999955	1.000000	0.999976	1.000080	0.000667	0.999900	0.000066	1.001035	0.000066	1.000745	0.000064	1.000650	0.000091	1.000036	0.000159	1349416904.428875	0.999996	36.578472	22.921510	0.000000	1.000000	1.000000	1.002984	0.000061	0.999865	0.000077	0.999886	0.000111	1.000020	0.002383	1.000222	0.000063	0.999915	0.000068	1.000000	1.000000	
1349416905.428633	1.000000	36.503952	22.619492	0.000000	1.000000	0.999923	1.000001	0.999953	0.999967	0.014226	1.000002	0.010235	0.999998	0.009737	0.999994	0.009818	1.000010	0.009762	0.999991	0.009977	1349416905.428842	0.999967	37.368325	23.707491	0.000000	1.000000	1.000000	0.999997	0.009787	1.000002	0.009832	1.000011	0.009748	0.999997	0.009770	1.000000	0.009973	0.999997	0.009482	1.000000	1.000000	
1349416906.428634	1.000001	35.896114	22.006693	0.000000	1.000000	1.000000	1.000000	1.000000	0.999503	0.000682	0.999635	0.000193	0.999335	0.000071	0.999783	0.000046	0.998321	0.000070	1.000655	0.000161	1349416906.428879	1.000037	36.625829	22.961798	0.000000	1.000000	1.000000	0.998569	0.000060	0.999609	0.000082	0.998049	0.000060	1.000116	0.000106	0.999274	0.000046	1.000007	0.000054	1.000000	1.000000	
1349416907.428635	1.000001	35.904934	22.013193	0.000000	1.000000	0.999922	1.000000	0.999968	1.000269	0.000636	1.000202	0.000248	1.000840	0.000014	1.000101	0.000076	1.009868	0.000017	0.999529	0.000330	1349416907.428880	1.000001	36.594020	22.942864	0.000000	1.000000	1.000000	0.999933	0.000052	0.999975	0.000106	1.000566	0.000013	1.000057	0.000250	1.000218	0.000071	1.000197	0.000018	1.000000	1.000000	
1349416908.428641	1.000006	715770823.502565	715772122.267162	715823618.080371	0.999970	1.000019	0.999972	1.000039	0.999973	1.000038	0.999972	1.000026	0.999972	1.000030	0.999974	1.000022	0.999971	1.000023	0.999974	1.000037	1349416908.428750	0.999870	715905802.446914	715854876.105565	715920910.142768	0.999974	1.000036	0.999968	1.000022	3.894149	0.256799	0.999971	1.000024	0.999971	1.000026	0.999976	1.000031	0.999971	1.000024	0.999974	1.000035	
1349416909.428629	0.999988	0.000000	0.000000	0.000000	-nan	-nan	-nan	-nan	0.000000	inf	-nan	-nan	-nan	0.000000	-nan	-nan	-nan	-nan	-nan	-nan	1349416909.428701	0.999951	0.000000	0.000000	0.000000	-nan	-nan	-nan	-nan	0.000000	inf	-nan	-nan	-nan	-nan	-nan	-nan	-nan	-nan	-nan	-nan	
