ts_0	elapsed_0	pkg_0	pp0_0	dram_0	freq_ratio_0_0	c0_ratio_0_0	freq_ratio_0_1	c0_ratio_0_1	freq_ratio_0_2	c0_ratio_0_2	freq_ratio_0_3	c0_ratio_0_3	freq_ratio_0_4	c0_ratio_0_4	freq_ratio_0_5	c0_ratio_0_5	freq_ratio_0_6	c0_ratio_0_6	freq_ratio_0_7	c0_ratio_0_7	ts_1	elapsed_1	pkg_1	pp0_1	dram_1	freq_ratio_1_0	c0_ratio_1_0	freq_ratio_1_1	c0_ratio_1_1	freq_ratio_1_2	c0_ratio_1_2	freq_ratio_1_3	c0_ratio_1_3	freq_ratio_1_4	c0_ratio_1_4	freq_ratio_1_5	c0_ratio_1_5	freq_ratio_1_6	c0_ratio_1_6	freq_ratio_1_7	c0_ratio_1_7	
1349417294.084792	1.001811	53.152838	39.346330	0.000000	0.854197	0.944771	0.849323	0.915836	0.849366	0.915004	0.849356	0.914247	0.847486	0.903526	0.847533	0.903367	0.847409	0.903106	0.847521	0.903443	1349417294.084896	1.000342	51.349479	37.715499	0.000000	0.952532	0.917392	0.952496	0.916218	0.952558	0.916767	0.950811	0.884819	0.950680	0.881939	0.926156	0.001085	0.982544	0.000061	0.954493	0.961694	
1349417295.084789	0.999997	50.854650	36.340674	0.000000	0.738669	0.996697	0.738662	0.996941	0.738671	0.996663	0.738671	0.996646	0.738665	0.996790	0.738671	0.996660	0.738665	0.996819	0.738671	0.996610	1349417295.084895	0.999999	50.794589	36.630467	0.000000	0.869188	0.995217	0.869187	0.995236	0.869188	0.995066	0.869190	0.995025	0.869186	0.995201	0.868848	0.004441	0.915340	0.000118	0.869182	0.995519	
1349417296.084796	1.000007	50.836578	36.420357	0.000000	0.737717	0.834789	0.751790	0.996389	0.751791	0.996227	0.751792	0.996172	0.751791	0.996282	0.751796	0.996020	0.751793	0.996272	0.751794	0.996237	1349417296.084927	1.000032	50.784510	36.700228	0.000000	0.875053	0.995694	0.875053	0.995665	0.875056	0.995555	0.875055	0.995631	0.875057	0.995567	0.868013	0.004247	0.880257	0.000039	0.875056	0.995779	
1349417297.084789	0.999993	50.811692	36.328376	0.000000	0.737920	0.960782	0.741271	0.997095	0.741279	0.997223	0.741268	0.997068	0.741268	0.997051	0.741255	0.996728	0.741269	0.997144	0.741265	0.997104	1349417297.084890	0.999963	50.745329	36.610102	0.000000	0.871224	0.995566	0.871226	0.995612	0.871219	0.995395	0.871222	0.995523	0.871214	0.995322	0.900853	0.000126	0.879695	0.000113	0.871225	0.995594	
1349417298.084788	0.999999	50.854770	36.345570	0.000000	0.739082	0.995342	0.739093	0.994307	0.739091	0.994301	0.739092	0.994239	0.739091	0.994227	0.739092	0.994197	0.739092	0.994392	0.739088	0.994304	1349417298.084917	1.000027	50.791814	36.634648	0.000000	0.870957	0.994194	0.870944	0.993241	0.870941	0.993077	0.870940	0.993148	0.870944	0.993225	0.868736	0.000304	0.921956	0.000065	0.871061	0.995684	
1349417299.084799	1.000011	50.853034	36.328764	0.000000	0.738063	0.997301	0.738063	0.997173	0.738064	0.997096	0.738063	0.997144	0.738062	0.997163	0.738064	0.997054	0.738063	0.997169	0.738063	0.997162	1349417299.084907	0.999990	50.793828	36.623383	0.000000	0.868836	0.995644	0.868837	0.995594	0.868839	0.995515	0.868839	0.995547	0.868839	0.995494	0.876958	0.000343	0.876233	0.000160	0.868836	0.995627	
1349417300.084789	0.999990	50.847891	36.345396	0.000000	0.740823	0.988980	0.740822	0.988953	0.740819	0.988943	0.740819	0.988935	0.740821	0.988942	0.740832	0.988821	0.740821	0.988943	0.740823	0.988955	1349417300.084921	1.000014	50.785876	36.631305	0.000000	0.871260	0.987547	0.871256	0.987518	0.871254	0.987498	0.871255	0.987515	0.871261	0.987440	0.874287	0.000231	0.910440	0.000025	0.872065	0.995730	
1349417301.084784	0.999995	715815976.873999	715766677.795901	715831468.739573	0.999970	1.000014	0.999971	1.000033	0.999972	1.000031	0.999971	1.000020	0.999973	1.000028	0.999974	1.000018	0.999971	1.000023	0.999973	1.000026	1349417301.084904	0.999983	715807595.644019	715827573.680535	715840002.260109	0.999971	1.000020	0.999970	1.000029	3.894226	0.256791	0.999972	1.000022	0.999971	1.000023	0.999975	1.000024	0.999970	1.000019	0.999974	1.000030	
1349417302.084839	1.000055	0.000000	0.000000	0.000000	-nan	-nan	-nan	-nan	1.000008	inf	-nan	-nan	-nan	0.000000	-nan	-nan	-nan	-nan	-nan	-nan	1349417302.084934	1.000030	0.000000	0.000000	0.000000	-nan	-nan	-nan	-nan	1.345745	inf	-nan	-nan	-nan	-nan	-nan	-nan	-nan	-nan	-nan	-nan	
1349417303.084993	1.000154	0.000000	0.000000	0.000000	-nan	-nan	-nan	-nan	0.000000	inf	-nan	-nan	-nan	0.000000	0.000000	inf	-nan	-nan	-nan	-nan	1349417303.085102	1.000168	0.000000	0.000000	0.000000	-nan	-nan	-nan	-nan	inf	-nan	-nan	-nan	-nan	-nan	-nan	-nan	-nan	-nan	-nan	-nan	
