ts_0	elapsed_0	pkg_0	pp0_0	dram_0	freq_ratio_0_0	c0_ratio_0_0	freq_ratio_0_1	c0_ratio_0_1	freq_ratio_0_2	c0_ratio_0_2	freq_ratio_0_3	c0_ratio_0_3	freq_ratio_0_4	c0_ratio_0_4	freq_ratio_0_5	c0_ratio_0_5	freq_ratio_0_6	c0_ratio_0_6	freq_ratio_0_7	c0_ratio_0_7	ts_1	elapsed_1	pkg_1	pp0_1	dram_1	freq_ratio_1_0	c0_ratio_1_0	freq_ratio_1_1	c0_ratio_1_1	freq_ratio_1_2	c0_ratio_1_2	freq_ratio_1_3	c0_ratio_1_3	freq_ratio_1_4	c0_ratio_1_4	freq_ratio_1_5	c0_ratio_1_5	freq_ratio_1_6	c0_ratio_1_6	freq_ratio_1_7	c0_ratio_1_7	
1349417003.561822	1.001081	30.503815	17.200248	0.000000	0.987312	0.002644	0.993560	0.017711	0.999909	0.979302	0.937906	0.000062	0.633404	0.000063	0.940846	0.000064	0.977022	0.000167	0.694731	0.000085	1349417003.562094	1.000545	42.557951	28.996708	0.000000	0.999941	0.980225	0.999975	0.981144	0.907208	0.000183	1.003941	0.000041	0.659302	0.000059	0.999986	0.002338	0.670991	0.000058	0.999882	0.980763	
1349417004.561799	0.999977	30.610320	17.295592	0.000000	0.999962	0.002893	0.999541	0.000441	1.000000	1.000000	1.000427	0.000069	1.001543	0.000112	0.999265	0.000062	0.997792	0.000081	1.001307	0.000073	1349417004.562064	0.999970	43.066952	29.463226	0.000000	1.000000	1.000000	1.000000	1.000000	1.001086	0.000028	1.000090	0.000086	0.999289	0.000061	1.000068	0.000917	1.000034	0.000069	1.000000	1.000000	
1349417005.561799	1.000000	30.594650	17.280762	0.000000	0.989034	0.002999	1.000389	0.000435	0.999966	0.998089	0.997470	0.000009	1.001241	0.000020	1.000390	0.000111	1.004721	0.000040	1.000489	0.000009	1349417005.562067	1.000003	43.073292	29.464783	0.000000	1.000000	0.998227	1.000000	0.998217	1.001342	0.000125	1.002220	0.000007	1.003306	0.000007	1.007059	0.000095	1.002464	0.000007	1.000000	1.000000	
1349417006.561800	1.000001	30.638170	17.324538	0.000000	1.000031	0.003104	0.999942	0.000342	0.999981	0.999937	0.995773	0.000070	0.993675	0.000069	0.995312	0.000109	0.995606	0.000124	0.993285	0.000064	1349417006.562071	1.000004	43.146966	29.531161	0.000000	1.000000	1.000000	1.000000	1.000000	0.996647	0.000027	0.993852	0.000091	0.992774	0.000064	0.991255	0.000071	0.991329	0.000086	1.000000	1.000000	
1349417007.561798	0.999998	30.575635	17.275042	0.000000	1.000012	0.002738	0.999372	0.000347	1.000000	0.999999	1.011692	0.000025	1.015656	0.000025	1.021218	0.000025	1.009554	0.000057	1.017286	0.000025	1349417007.562064	0.999993	43.123040	29.506079	0.000000	1.000000	1.000000	1.000000	1.000000	1.000062	0.000168	1.016694	0.000037	0.974520	0.000008	1.002405	0.000008	1.013036	0.000007	1.000000	1.000000	
1349417008.561798	1.000000	30.605652	17.295288	0.000000	0.992984	0.003225	1.000748	0.000311	0.999981	0.998793	1.003010	0.000066	0.996739	0.000058	0.999624	0.000054	0.999675	0.000089	0.999974	0.000074	1349417008.562075	1.000011	43.087998	29.477094	0.000000	1.000000	0.998849	1.000000	0.998834	1.002383	0.000028	0.998847	0.000076	1.007694	0.000089	0.997090	0.000098	1.005768	0.000112	1.000000	1.000000	
1349417009.561799	1.000001	30.587602	17.274764	0.000000	0.989194	0.002796	0.999382	0.000386	0.999982	0.998249	0.977065	0.000009	1.004525	0.000055	1.002514	0.000009	1.000246	0.000041	1.000933	0.000009	1349417009.562066	0.999991	43.102045	29.488075	0.000000	1.000000	0.998368	1.000000	0.998308	1.000021	0.000109	0.995593	0.000007	1.001250	0.000007	1.001074	0.000814	1.000854	0.000007	1.000000	1.000000	
1349417010.561799	1.000000	31.469452	18.151550	0.000000	1.000000	0.133314	1.000123	0.000770	0.999983	0.999920	0.999450	0.000170	0.998246	0.000155	0.999682	0.000204	1.000107	0.000090	0.999621	0.000077	1349417010.562046	0.999980	42.215079	28.600258	0.000000	0.999997	0.868896	1.000000	0.999953	1.009084	0.000067	1.000417	0.000155	0.999754	0.000094	1.000466	0.000074	0.999888	0.000141	1.000000	1.000000	
1349417011.561797	0.999998	37.299739	23.949844	0.000000	1.000000	1.000000	0.999997	0.002406	0.999999	1.000000	0.988523	0.000009	1.000376	0.000009	1.024686	0.000009	0.999287	0.000051	1.001248	0.000009	1349417011.562043	0.999997	36.577964	22.986094	0.000000	0.995650	0.000016	1.000000	1.000000	0.999964	0.000107	1.001973	0.000007	1.003925	0.000007	0.995442	0.000007	1.001093	0.000007	1.000000	1.000000	
1349417012.561802	1.000005	37.334515	23.984591	0.000000	1.000000	1.000000	1.000001	0.002471	1.000000	0.999916	1.000551	0.000182	1.001527	0.000137	0.998475	0.000145	1.000209	0.000158	0.999844	0.000126	1349417012.562053	1.000010	36.701171	23.052732	0.000000	1.001492	0.000160	1.000000	0.999953	1.000170	0.000111	0.999523	0.000116	0.999929	0.000126	0.992995	0.000102	0.999935	0.000119	1.000000	1.000000	
1349417013.561798	0.999996	37.275221	23.922002	0.000000	0.999984	0.999413	0.999991	0.002638	1.000000	0.999375	1.000044	0.000044	0.994659	0.000040	1.005625	0.000038	1.000033	0.000070	0.998061	0.000023	1349417013.562041	0.999988	36.709056	23.082200	0.000000	0.997884	0.000071	1.000000	0.999396	1.000171	0.000131	1.007990	0.000007	0.998871	0.000023	0.999943	0.002426	1.001092	0.000007	1.000000	1.000000	
1349417014.561798	1.000000	37.275238	23.922470	0.000000	1.000000	1.000000	0.999927	0.002659	1.000000	0.999926	0.999407	0.000066	1.000096	0.000124	1.000230	0.000059	0.999603	0.000083	1.000764	0.000074	1349417014.562045	1.000004	36.678364	23.055342	0.000000	1.001148	0.000087	1.000000	0.999992	1.000000	0.000031	0.999963	0.000105	1.000109	0.000209	1.000935	0.000900	0.999955	0.000136	1.000000	1.000000	
1349417015.561795	0.999997	715794960.045323	715789958.928946	715830103.395168	0.999970	1.000025	0.999975	1.000060	0.999976	1.000059	0.999972	1.000032	0.999974	1.000046	0.999976	1.000037	0.999973	1.000042	0.999974	1.000043	1349417015.561922	0.999877	715909885.963968	715888347.910157	715915959.557189	0.999974	1.000041	0.999971	1.000041	3.893959	0.256816	0.999971	1.000031	0.999975	1.000047	0.999976	1.000035	0.999976	1.000052	0.999972	1.000034	
1349417016.561860	1.000065	0.000000	0.000000	0.000000	-nan	-nan	-nan	-nan	1.000008	inf	-nan	-nan	-nan	0.000000	-nan	-nan	-nan	-nan	-nan	-nan	1349417016.561948	1.000026	0.000000	0.000000	0.000000	-nan	-nan	-nan	-nan	1.345745	inf	-nan	-nan	-nan	-nan	-nan	-nan	-nan	-nan	-nan	-nan	
