ts_0	elapsed_0	pkg_0	pp0_0	dram_0	freq_ratio_0_0	c0_ratio_0_0	freq_ratio_0_1	c0_ratio_0_1	freq_ratio_0_2	c0_ratio_0_2	freq_ratio_0_3	c0_ratio_0_3	freq_ratio_0_4	c0_ratio_0_4	freq_ratio_0_5	c0_ratio_0_5	freq_ratio_0_6	c0_ratio_0_6	freq_ratio_0_7	c0_ratio_0_7	ts_1	elapsed_1	pkg_1	pp0_1	dram_1	freq_ratio_1_0	c0_ratio_1_0	freq_ratio_1_1	c0_ratio_1_1	freq_ratio_1_2	c0_ratio_1_2	freq_ratio_1_3	c0_ratio_1_3	freq_ratio_1_4	c0_ratio_1_4	freq_ratio_1_5	c0_ratio_1_5	freq_ratio_1_6	c0_ratio_1_6	freq_ratio_1_7	c0_ratio_1_7	
1349417369.736783	1.001058	36.558912	22.923178	0.000000	0.999685	0.002344	0.999999	0.998630	1.000000	0.991249	0.996651	0.000234	0.989003	0.000050	0.992446	0.000121	0.997605	0.000187	0.996530	0.000163	1349417369.737028	1.000493	37.020703	23.489090	0.000000	1.000001	0.992167	0.891709	0.000163	1.001924	0.000137	1.002500	0.000136	0.661260	0.000059	1.004954	0.000073	0.862653	0.000134	1.000002	0.992581	
1349417370.736782	0.999999	36.734837	23.079566	0.000000	0.999936	0.001960	1.000000	0.999960	1.000000	0.999945	1.005712	0.000069	0.996073	0.000068	1.000168	0.000016	1.000273	0.000250	0.995918	0.000060	1349417370.737023	0.999995	37.095172	23.534572	0.000000	1.000000	1.000000	0.999623	0.000055	0.998957	0.000013	0.998559	0.000013	0.989003	0.000053	0.999721	0.000070	1.000331	0.000017	1.000000	1.000000	
1349417371.736782	1.000000	36.760452	23.103653	0.000000	0.999856	0.002162	1.000000	1.000000	1.000000	1.000000	0.999931	0.000095	1.002599	0.000091	1.005239	0.000093	0.999303	0.000168	1.001809	0.000130	1349417371.737023	1.000000	37.119736	23.557327	0.000000	1.000000	1.000000	1.000509	0.000139	1.000098	0.000123	0.999958	0.001039	1.013980	0.000039	0.999874	0.000117	1.000143	0.000111	1.000000	1.000000	
1349417372.736781	0.999999	36.743077	23.087394	0.000000	1.000051	0.001883	1.000000	0.999993	1.000001	0.999992	0.999758	0.000048	1.000741	0.000067	1.004338	0.000015	1.000453	0.000201	1.003558	0.000060	1349417372.737018	0.999995	37.070239	23.518795	0.000000	1.000000	1.000000	1.009090	0.000056	1.000361	0.000016	1.001788	0.000017	0.999917	0.000070	0.989122	0.000070	1.001613	0.000016	1.000000	1.000000	
1349417373.736782	1.000001	36.723857	23.079400	0.000000	0.999948	0.002123	1.000000	0.999996	1.000000	1.000000	1.000062	0.000136	1.004517	0.000024	0.998282	0.000057	1.000189	0.000149	1.000112	0.000107	1349417373.737020	1.000002	37.139806	23.573243	0.000000	1.000000	1.000000	0.995200	0.000125	1.000022	0.000087	1.000094	0.000074	1.002336	0.000016	1.000332	0.002306	0.999747	0.000081	1.000000	1.000000	
1349417374.736782	1.000000	36.778183	23.119629	0.000000	0.999953	0.002070	1.000000	0.998178	1.000000	0.998162	0.999905	0.000049	0.998879	0.000058	0.996454	0.000016	1.000026	0.000250	0.999981	0.000059	1349417374.737023	1.000003	37.114036	23.547962	0.000000	1.000000	0.998164	1.001467	0.000059	0.997876	0.000012	0.999342	0.000015	0.997406	0.000055	1.000073	0.000068	0.999975	0.000016	1.000000	1.000000	
1349417375.736782	1.000000	36.791321	23.131058	0.000000	0.999950	0.002297	1.000000	1.000000	1.000000	1.000000	0.999938	0.000137	0.999832	0.000051	0.999962	0.000072	0.999591	0.000351	0.999956	0.000105	1349417375.737023	1.000000	37.130264	23.563324	0.000000	1.000000	1.000000	0.999033	0.000118	1.000197	0.000080	0.995397	0.000169	1.006186	0.000017	0.999751	0.000043	0.999970	0.000089	1.000000	1.000000	
1349417376.736782	1.000000	36.773956	23.115021	0.000000	0.999946	0.001989	1.000000	1.000000	1.000000	1.000000	1.000712	0.000049	0.999887	0.000106	1.004828	0.000014	1.000546	0.000203	0.999919	0.000052	1349417376.737022	0.999999	37.134160	23.566780	0.000000	1.000000	1.000000	0.997454	0.000044	1.002768	0.000014	1.000837	0.000939	1.000194	0.000155	0.999245	0.000120	0.999099	0.000016	1.000000	1.000000	
1349417377.736782	1.000000	36.768311	23.108612	0.000000	0.999931	0.002169	1.000000	1.000000	1.000000	1.000000	0.999956	0.000140	0.996816	0.000024	0.997981	0.000056	0.999766	0.000157	1.000898	0.000113	1349417377.737019	0.999997	37.091637	23.537625	0.000000	1.000000	1.000000	1.001906	0.000122	0.999566	0.000083	0.999828	0.000065	1.000174	0.000015	1.002913	0.000044	1.000098	0.000082	1.000000	1.000000	
1349417378.736781	0.999999	36.757603	23.101203	0.000000	0.999935	0.001892	1.000000	1.000000	1.000000	1.000000	0.998053	0.000049	1.004110	0.000055	1.002190	0.000015	1.000134	0.000282	0.994981	0.000052	1349417378.737021	1.000002	37.120260	23.553758	0.000000	1.000000	1.000000	1.000627	0.000054	1.001258	0.000013	1.000176	0.000013	1.000258	0.000052	0.999401	0.000075	1.000168	0.000016	1.000000	1.000000	
1349417379.736782	1.000001	36.735622	23.078454	0.000000	0.999817	0.002176	1.000000	1.000000	1.000000	1.000000	1.000329	0.000088	0.990951	0.000025	1.000413	0.000062	1.000148	0.000156	0.999948	0.000105	1349417379.737022	1.000001	37.124034	23.557335	0.000000	1.000000	1.000000	0.998186	0.000121	1.000048	0.000073	0.999632	0.000077	0.998320	0.000016	0.997902	0.000044	0.999937	0.000080	1.000000	1.000000	
1349417380.736782	1.000000	36.690262	23.046127	0.000000	1.000107	0.001990	1.000000	0.998743	1.000000	0.998727	1.000409	0.000049	1.001487	0.000055	1.009549	0.000014	0.999469	0.000247	1.002843	0.000057	1349417380.737021	0.999999	37.115636	23.547401	0.000000	1.000000	0.998729	1.000727	0.000057	0.998093	0.000013	1.000497	0.000013	1.000510	0.000056	1.001658	0.000069	1.000260	0.000016	1.000000	1.000000	
1349417381.736779	0.999997	715793687.761548	715817011.393561	715830103.395168	0.999971	1.000019	0.999971	1.000032	0.999981	1.000028	0.999971	1.000021	0.999973	1.000030	0.999974	1.000019	0.999973	1.000030	0.999971	1.000021	1349417381.736894	0.999873	715907153.628476	715914187.858990	715918861.616293	0.999973	1.000027	0.999969	1.000024	3.894270	0.256787	0.999973	1.000029	0.999971	1.000023	0.999976	1.000025	0.999971	1.000024	0.999972	1.000023	
1349417382.736772	0.999993	0.000000	0.000000	0.000000	-nan	-nan	-nan	-nan	0.000000	inf	-nan	-nan	-nan	0.000000	-nan	-nan	-nan	-nan	-nan	-nan	1349417382.736844	0.999950	0.000000	0.000000	0.000000	-nan	-nan	-nan	-nan	0.000000	inf	-nan	-nan	-nan	-nan	-nan	-nan	-nan	-nan	-nan	-nan	
