ts_0	elapsed_0	pkg_0	pp0_0	dram_0	freq_ratio_0_0	c0_ratio_0_0	freq_ratio_0_1	c0_ratio_0_1	freq_ratio_0_2	c0_ratio_0_2	freq_ratio_0_3	c0_ratio_0_3	freq_ratio_0_4	c0_ratio_0_4	freq_ratio_0_5	c0_ratio_0_5	freq_ratio_0_6	c0_ratio_0_6	freq_ratio_0_7	c0_ratio_0_7	ts_1	elapsed_1	pkg_1	pp0_1	dram_1	freq_ratio_1_0	c0_ratio_1_0	freq_ratio_1_1	c0_ratio_1_1	freq_ratio_1_2	c0_ratio_1_2	freq_ratio_1_3	c0_ratio_1_3	freq_ratio_1_4	c0_ratio_1_4	freq_ratio_1_5	c0_ratio_1_5	freq_ratio_1_6	c0_ratio_1_6	freq_ratio_1_7	c0_ratio_1_7	
1349418540.135252	1.001458	79.889371	66.007251	0.000000	1.155218	0.938167	1.156180	0.946918	1.155354	0.942416	1.155373	0.942707	1.154076	0.924266	1.154055	0.925101	1.153892	0.921226	1.153931	0.919578	1349418540.135334	1.000544	84.619016	70.615557	0.000000	1.153990	0.939717	1.153927	0.939188	1.153905	0.938318	1.153917	0.938951	1.153913	0.939084	1.154100	0.943656	1.153884	0.939300	1.158937	0.982719	
1349418541.135249	0.999997	82.943677	68.915924	0.000000	1.153686	0.968797	1.153787	0.968607	1.153814	0.968445	1.153797	0.968454	1.153789	0.968250	1.153807	0.968221	1.153800	0.968513	1.153821	0.968203	1349418541.135329	0.999995	87.690213	73.502672	0.000000	1.153859	0.968531	1.153861	0.968628	1.153850	0.968440	1.153854	0.968524	1.153848	0.968356	1.153846	0.968267	1.153846	0.968263	1.157461	0.999869	
1349418542.135249	1.000000	87.232483	72.858459	0.000000	1.153864	0.999903	1.153859	0.999781	1.153851	0.999611	1.153852	0.999686	1.153847	0.999570	1.153846	0.999555	1.153848	0.999611	1.153846	0.999558	1349418542.135330	1.000001	91.744541	77.172366	0.000000	1.153860	0.999788	1.153855	0.999749	1.153848	0.999609	1.153850	0.999647	1.153847	0.999602	1.153848	0.999624	1.153848	0.999558	1.153868	0.999910	
1349418543.135253	1.000004	90.108811	75.354919	0.000000	1.153858	0.999815	1.153859	0.999857	1.153852	0.999744	1.153854	0.999729	1.153855	0.999690	1.153846	0.999496	1.153852	0.999733	1.153848	0.999573	1349418543.135333	1.000003	94.430020	79.438688	0.000000	1.151300	0.999341	1.151300	0.999393	1.151300	0.999304	1.151298	0.999224	1.151300	0.999362	1.151298	0.999169	1.151297	0.999178	1.151300	0.999439	
1349418544.135258	1.000005	90.140357	75.374348	0.000000	1.153858	0.999300	1.153848	0.999119	1.153850	0.999163	1.153847	0.999105	1.153853	0.999187	1.153846	0.999042	1.153848	0.999122	1.153847	0.999067	1349418544.135342	1.000009	94.340027	79.335356	0.000000	1.149423	0.998374	1.149422	0.998341	1.149421	0.998249	1.149422	0.998188	1.149420	0.998064	1.149420	0.998115	1.149420	0.998055	1.149425	0.999053	
1349418545.135251	0.999993	89.755961	74.972702	0.000000	1.153856	0.999204	1.153851	0.999106	1.153851	0.999100	1.153848	0.999038	1.153852	0.999105	1.153846	0.998960	1.153846	0.998957	1.153848	0.998999	1349418545.135333	0.999991	94.340958	79.352342	0.000000	1.149937	0.998348	1.149936	0.998328	1.149935	0.998262	1.149931	0.998169	1.149930	0.998114	1.149931	0.998108	1.149930	0.998106	1.149967	0.999125	
1349418546.135250	0.999999	89.817804	75.025462	0.000000	1.153858	0.999904	1.153856	0.999825	1.153850	0.999722	1.153848	0.999647	1.153850	0.999698	1.153846	0.999587	1.153847	0.999629	1.153846	0.999582	1349418546.135329	0.999996	94.306763	79.323060	0.000000	1.152256	0.999490	1.152255	0.999438	1.152253	0.999377	1.152251	0.999275	1.152253	0.999318	1.152255	0.999371	1.152253	0.999309	1.152258	0.999569	
1349418547.135251	1.000001	89.761832	74.992314	0.000000	1.153856	0.999911	1.153856	0.999864	1.153853	0.999774	1.153853	0.999773	1.153850	0.999670	1.153850	0.999619	1.153850	0.999679	1.153846	0.999542	1349418547.135328	0.999999	94.250914	79.278838	0.000000	1.151714	0.999320	1.151714	0.999345	1.151713	0.999318	1.151704	0.999090	1.151703	0.999087	1.151705	0.999129	1.151701	0.998995	1.151716	0.999420	
1349418548.135251	1.000000	89.987518	75.198837	0.000000	1.153852	0.999934	1.153852	0.999875	1.153848	0.999788	1.153850	0.999832	1.153849	0.999725	1.153847	0.999672	1.153850	0.999839	1.153846	0.999633	1349418548.135333	1.000005	94.399186	79.415862	0.000000	1.151514	0.999313	1.151514	0.999361	1.151514	0.999333	1.151510	0.999240	1.151510	0.999267	1.151510	0.999279	1.151510	0.999275	1.151515	0.999464	
1349418549.135252	1.000001	90.089498	75.291417	0.000000	1.153850	0.999740	1.153850	0.999728	1.153846	0.999656	1.153846	0.999592	1.153850	0.999673	1.153850	0.999685	1.153847	0.999628	1.153847	0.999579	1349418549.135333	1.000000	94.329895	79.333084	0.000000	1.148545	0.998695	1.148546	0.998701	1.148545	0.998657	1.148545	0.998661	1.148541	0.998514	1.148543	0.998581	1.148543	0.998583	1.148547	0.998932	
1349418550.135252	1.000000	90.204941	75.400421	0.000000	1.153850	0.999956	1.153850	0.999919	1.153848	0.999791	1.153846	0.999785	1.153851	0.999836	1.153850	0.999835	1.153846	0.999802	1.153846	0.999650	1349418550.135335	1.000002	94.365894	79.361497	0.000000	1.147674	0.998733	1.147668	0.998669	1.147668	0.998621	1.147668	0.998566	1.147668	0.998628	1.147674	0.998635	1.147670	0.998565	1.147673	0.998796	
1349418551.135252	1.000000	715780358.892426	715795844.563065	715827884.721619	0.999969	1.000014	0.999972	1.000038	0.999972	1.000034	0.999970	1.000015	0.999970	1.000020	0.999974	1.000020	0.999969	1.000016	0.999973	1.000031	1349418551.135803	1.000468	715452119.327583	715452937.102597	715493022.774629	0.999973	1.000031	0.999967	1.000018	3.894182	0.256796	0.999970	1.000014	0.999969	1.000016	0.999976	1.000027	0.999969	1.000015	0.999973	1.000030	
1349418552.135246	0.999994	0.000000	0.000000	0.000000	-nan	-nan	-nan	-nan	1.000008	inf	-nan	-nan	-nan	0.000000	-nan	-nan	-nan	-nan	-nan	-nan	1349418552.135318	0.999515	0.000000	0.000000	0.000000	-nan	-nan	-nan	-nan	1.345745	inf	-nan	-nan	-nan	-nan	-nan	-nan	-nan	-nan	-nan	-nan	
1349418553.135288	1.000042	0.000000	0.000000	0.000000	-nan	-nan	-nan	-nan	0.000000	inf	-nan	-nan	-nan	0.000000	-nan	-nan	-nan	-nan	-nan	-nan	1349418553.135353	1.000035	0.000000	0.000000	0.000000	-nan	-nan	-nan	-nan	-nan	-nan	-nan	-nan	-nan	-nan	-nan	-nan	-nan	-nan	-nan	-nan	
