ts_0	elapsed_0	pkg_0	pp0_0	dram_0	freq_ratio_0_0	c0_ratio_0_0	freq_ratio_0_1	c0_ratio_0_1	freq_ratio_0_2	c0_ratio_0_2	freq_ratio_0_3	c0_ratio_0_3	freq_ratio_0_4	c0_ratio_0_4	freq_ratio_0_5	c0_ratio_0_5	freq_ratio_0_6	c0_ratio_0_6	freq_ratio_0_7	c0_ratio_0_7	ts_1	elapsed_1	pkg_1	pp0_1	dram_1	freq_ratio_1_0	c0_ratio_1_0	freq_ratio_1_1	c0_ratio_1_1	freq_ratio_1_2	c0_ratio_1_2	freq_ratio_1_3	c0_ratio_1_3	freq_ratio_1_4	c0_ratio_1_4	freq_ratio_1_5	c0_ratio_1_5	freq_ratio_1_6	c0_ratio_1_6	freq_ratio_1_7	c0_ratio_1_7	
1350064028.810467	1.000231	53.394418	40.099073	3.784785	0.797390	0.999540	0.797389	0.999540	0.797389	0.999540	0.797388	0.999541	0.797387	0.999541	0.797386	0.999540	0.797386	0.999539	0.797385	0.999539	1350064028.810514	1.000224	47.713458	34.445909	2.387267	1.000000	1.000000	1.000000	1.000000	1.000000	1.000000	1.000000	1.000000	0.999909	0.003386	0.998778	0.000594	0.952437	0.000008	0.950295	0.000008	
1350064029.810456	0.999989	50.813652	37.508025	3.793209	0.809239	0.996599	0.769437	0.192562	0.809241	0.996597	0.809241	0.996595	0.809241	0.996594	0.809242	0.996592	0.809242	0.996590	0.809242	0.996587	1350064029.810523	1.000009	50.703566	37.448696	2.202708	0.971112	0.998861	0.971112	0.998861	0.971112	0.998860	0.971112	0.998859	0.964353	0.809480	0.964672	0.002018	0.964451	0.000127	0.964596	0.000128	
1350064030.810456	1.000000	50.817535	37.510376	3.797195	0.818413	0.995927	0.812445	0.000931	0.818412	0.995927	0.818412	0.995923	0.818412	0.995919	0.818412	0.995919	0.818412	0.995915	0.818412	0.995913	1350064030.810522	0.999999	50.758593	37.484548	2.226977	0.954094	0.998242	0.954094	0.998246	0.954094	0.998244	0.954094	0.998243	0.954094	0.998241	0.954737	0.002354	0.961022	0.000116	0.958220	0.000035	
1350064031.810456	1.000000	50.818527	37.508041	3.785980	0.817657	0.996055	0.814415	0.000461	0.817656	0.996051	0.817656	0.996049	0.817655	0.996046	0.817655	0.996047	0.817655	0.996045	0.817655	0.996043	1350064031.810525	1.000003	50.759273	37.485403	2.237862	0.953466	0.998099	0.953466	0.998092	0.953466	0.998090	0.953466	0.998089	0.953461	0.998088	0.954160	0.002533	0.935480	0.000093	0.952914	0.000196	
1350064032.810456	1.000000	50.768066	37.468582	3.785950	0.817049	0.996117	0.814217	0.000537	0.817049	0.996114	0.817049	0.996112	0.817049	0.996110	0.817049	0.996109	0.817049	0.996108	0.817049	0.996106	1350064032.810524	0.999999	50.756655	37.482458	2.233401	0.952757	0.997967	0.952757	0.997970	0.952757	0.997968	0.952757	0.997966	0.952762	0.997964	0.955686	0.002566	0.967212	0.000103	0.957889	0.000117	
1350064033.810456	1.000000	50.817947	37.497955	3.797363	0.817085	0.996177	0.817659	0.000448	0.817085	0.996177	0.817085	0.996175	0.817085	0.996172	0.817085	0.996169	0.817085	0.996167	0.817085	0.996165	1350064033.810523	0.999999	50.758715	37.484106	2.136431	0.953108	0.998067	0.953108	0.998060	0.953107	0.998058	0.953107	0.998057	0.953107	0.998055	0.953973	0.002532	0.959131	0.000129	0.951178	0.000148	
1350064034.810456	1.000000	50.815720	37.497025	3.778107	0.817135	0.996184	0.813403	0.000515	0.817135	0.996185	0.817135	0.996183	0.817135	0.996181	0.817135	0.996179	0.817135	0.996176	0.817135	0.996174	1350064034.810532	1.000009	50.755644	37.479382	2.174892	0.953548	0.998098	0.953548	0.998095	0.953548	0.998094	0.953548	0.998093	0.953549	0.998091	0.950557	0.002513	0.933455	0.000019	0.927484	0.000019	
1350064035.810455	0.999999	50.818072	37.496877	3.801227	0.816774	0.996220	0.812559	0.000876	0.816774	0.996219	0.816774	0.996216	0.816774	0.996212	0.816774	0.996210	0.816774	0.996206	0.816774	0.996205	1350064035.810521	0.999989	50.761238	37.483794	2.207544	0.953588	0.998088	0.953588	0.998086	0.953588	0.998084	0.953587	0.998081	0.953587	0.998080	0.955316	0.002504	0.951822	0.000156	0.953716	0.000220	
1350064036.810456	1.000001	50.821256	37.499201	3.789700	0.816880	0.996228	0.815683	0.000885	0.816880	0.996227	0.816880	0.996224	0.816880	0.996221	0.816880	0.996220	0.816880	0.996215	0.816880	0.996213	1350064036.810529	1.000008	50.755204	37.476900	2.204038	0.953155	0.998031	0.953155	0.998035	0.953155	0.998033	0.953155	0.998030	0.953156	0.998029	0.953134	0.002672	0.956257	0.000120	0.948373	0.000057	
1350064037.810456	1.000000	50.817703	37.492523	3.801224	0.817263	0.996164	0.819569	0.000440	0.817263	0.996163	0.817263	0.996160	0.817263	0.996157	0.817263	0.996155	0.817263	0.996151	0.817263	0.996150	1350064037.810523	0.999994	50.756635	37.474985	2.109418	0.952964	0.997991	0.952964	0.997985	0.952965	0.997983	0.952964	0.997982	0.952964	0.997980	0.950868	0.002532	0.961794	0.000090	0.963154	0.000085	
1350064038.810456	1.000000	50.819153	37.493866	3.790146	0.817272	0.996184	0.814791	0.000515	0.817273	0.996182	0.817272	0.996180	0.817272	0.996179	0.817272	0.996174	0.817272	0.996173	0.817272	0.996172	1350064038.810526	1.000003	50.759608	37.475851	2.091211	0.952842	0.997987	0.952842	0.997985	0.952842	0.997983	0.952842	0.997979	0.952842	0.997977	0.955666	0.002515	0.957283	0.000050	0.956982	0.000050	
1350064039.810456	1.000000	50.816956	37.491364	3.770111	0.817184	0.996058	0.810771	0.002811	0.817184	0.996058	0.817184	0.996053	0.817184	0.996050	0.817184	0.996048	0.817184	0.996044	0.817184	0.996041	1350064039.810525	0.999999	50.757937	37.474767	2.135164	0.952715	0.997903	0.952715	0.997902	0.952715	0.997900	0.952710	0.997897	0.952716	0.997895	0.954490	0.002536	0.940130	0.000109	0.961817	0.000124	
1350064040.810457	1.000001	50.815763	37.490092	3.788632	0.816655	0.996206	0.810887	0.005005	0.816655	0.996207	0.816655	0.996205	0.816655	0.996202	0.816655	0.996199	0.816655	0.996197	0.816655	0.996193	1350064040.810528	1.000003	50.758708	37.475851	2.198586	0.945639	0.997802	0.945639	0.997800	0.945639	0.997798	0.945644	0.997796	0.945639	0.997794	0.878367	0.006938	0.841692	0.003023	0.843954	0.003001	
1350064041.810456	0.999999	50.820666	37.503133	3.797581	0.816423	0.996351	0.821497	0.000451	0.816423	0.996348	0.816423	0.996347	0.816423	0.996344	0.816423	0.996340	0.816423	0.996338	0.816423	0.996336	1350064041.810523	0.999995	50.759623	37.476262	2.139919	0.952804	0.997989	0.952805	0.997987	0.952805	0.997984	0.952805	0.997983	0.952805	0.997981	0.954082	0.002588	0.963107	0.000132	0.961449	0.000134	
1350064042.810456	1.000000	50.818054	37.494736	3.793762	0.816514	0.996280	0.817651	0.000520	0.816514	0.996280	0.816515	0.996278	0.816514	0.996276	0.816514	0.996273	0.816514	0.996272	0.816514	0.996268	1350064042.810525	1.000002	50.705302	37.433492	2.258739	0.952648	0.997946	0.952648	0.997945	0.952648	0.997942	0.952648	0.997934	0.952648	0.997939	0.952522	0.002549	0.961636	0.000050	0.957996	0.000050	
1350064043.810456	1.000000	50.768677	37.457718	3.804916	0.816893	0.996251	0.820437	0.000473	0.816893	0.996252	0.816893	0.996249	0.816893	0.996248	0.816893	0.996244	0.816893	0.996242	0.816893	0.996239	1350064043.810524	0.999999	50.757159	37.470388	2.333987	0.952641	0.997917	0.952641	0.997915	0.952641	0.997914	0.952640	0.997916	0.952640	0.997909	0.953579	0.002546	0.952299	0.000134	0.954123	0.000241	
1350064044.810456	1.000000	50.817230	37.495102	3.778519	0.816643	0.996229	0.818265	0.000486	0.816643	0.996227	0.816643	0.996224	0.816643	0.996222	0.816643	0.996220	0.816642	0.996217	0.816642	0.996214	1350064044.810525	1.000001	50.757001	37.473856	2.216520	0.952886	0.998031	0.952886	0.998029	0.952886	0.998027	0.952886	0.998026	0.952885	0.998025	0.955264	0.002583	0.965513	0.000153	0.954171	0.000168	
1350064045.810456	1.000000	50.817642	37.493866	3.774155	0.816639	0.996245	0.814688	0.000808	0.816639	0.996245	0.816639	0.996242	0.816638	0.996240	0.816638	0.996236	0.816639	0.996233	0.816638	0.996231	1350064045.810525	1.000000	50.746201	37.454971	2.241699	0.963901	0.998797	0.963901	0.998796	0.963901	0.998794	0.963901	0.998793	0.963901	0.998792	0.963113	0.004872	0.962108	0.002455	0.961803	0.002409	
1350064046.810456	1.000000	50.819534	37.492798	3.804840	0.816897	0.996183	0.816031	0.000460	0.816897	0.996184	0.816897	0.996180	0.816897	0.996178	0.816897	0.996176	0.816897	0.996175	0.816897	0.996172	1350064046.810527	1.000002	50.770030	37.476613	2.025814	0.931318	0.997772	0.931318	0.997770	0.931318	0.997767	0.931317	0.997766	0.931318	0.997764	0.934445	0.002656	0.959781	0.000272	0.942791	0.000274	
1350064047.810456	1.000000	50.811188	37.483414	3.793762	0.818875	0.996241	0.819903	0.000428	0.818877	0.996240	0.818877	0.996239	0.818878	0.996236	0.818878	0.996233	0.818878	0.996233	0.818878	0.996231	1350064047.810540	1.000013	50.743002	37.444471	2.126330	0.963511	0.998849	0.963517	0.998847	0.963517	0.998847	0.963517	0.998845	0.963517	0.998844	0.962307	0.004928	0.961609	0.002453	0.963432	0.002476	
1350064048.810456	1.000000	50.813339	37.483261	3.786087	0.838120	0.998342	0.843087	0.000439	0.838119	0.998342	0.838119	0.998341	0.838119	0.998339	0.838119	0.998338	0.838119	0.998337	0.838119	0.998337	1350064048.810526	0.999986	50.765942	37.462761	2.168015	0.936953	0.997646	0.936947	0.997641	0.936947	0.997642	0.936947	0.997641	0.936947	0.997639	0.942362	0.002418	0.958572	0.000242	0.959449	0.000238	
1350064049.810456	1.000000	50.821609	37.492432	3.782364	0.816811	0.996177	0.807569	0.002861	0.816810	0.996178	0.816810	0.996175	0.816810	0.996171	0.816809	0.996169	0.816809	0.996168	0.816809	0.996165	1350064049.810518	0.999992	50.759674	37.464339	2.255527	0.952187	0.997735	0.952187	0.997737	0.952186	0.997732	0.952187	0.997729	0.952182	0.997727	0.950278	0.002662	0.955804	0.000139	0.953629	0.000139	
1350064050.810456	1.000000	50.815491	37.490204	3.770554	0.816403	0.996323	0.820695	0.000859	0.816403	0.996322	0.816403	0.996319	0.816403	0.996317	0.816403	0.996314	0.816403	0.996311	0.816403	0.996310	1350064050.810523	1.000005	50.756155	37.463985	2.116139	0.951605	0.997697	0.951605	0.997693	0.951605	0.997692	0.951605	0.997689	0.951609	0.997686	0.953197	0.002581	0.944648	0.000250	0.946066	0.000178	
1350064051.810456	1.000000	50.820618	37.493622	3.797531	0.816987	0.996082	0.821489	0.000455	0.816987	0.996083	0.816987	0.996080	0.816987	0.996078	0.816987	0.996074	0.816987	0.996074	0.816987	0.996069	1350064051.810525	1.000002	50.757365	37.467015	2.172039	0.952659	0.997895	0.952660	0.997893	0.952660	0.997892	0.952660	0.997891	0.952661	0.997889	0.950921	0.002524	0.948995	0.000148	0.956642	0.000140	
1350064052.810456	1.000000	50.816925	37.492630	3.786148	0.816628	0.996220	0.820728	0.000472	0.816628	0.996221	0.816628	0.996217	0.816628	0.996216	0.816628	0.996212	0.816628	0.996210	0.816628	0.996208	1350064052.810527	1.000002	50.706080	37.471379	2.090008	0.952702	0.997915	0.952702	0.997907	0.952702	0.997910	0.952702	0.997908	0.952702	0.997905	0.953329	0.002396	0.962161	0.000054	0.962586	0.000018	
1350064053.810456	1.000000	50.820282	37.496796	3.781967	0.816291	0.996276	0.811587	0.000436	0.816291	0.996275	0.816291	0.996270	0.816291	0.996269	0.816291	0.996266	0.816291	0.996263	0.816291	0.996261	1350064053.810525	0.999998	50.756689	37.433177	2.164845	0.951637	0.997706	0.951636	0.997710	0.951637	0.997702	0.951637	0.997699	0.951637	0.997696	0.950585	0.002571	0.959829	0.000133	0.957728	0.000097	
1350064054.810456	1.000000	50.818817	37.491318	3.797623	0.817022	0.996109	0.810369	0.001927	0.817022	0.996107	0.817022	0.996103	0.817022	0.996102	0.817022	0.996098	0.817022	0.996094	0.817022	0.996092	1350064054.810527	1.000002	50.759333	37.473989	2.110592	0.951915	0.997825	0.951915	0.997824	0.951915	0.997822	0.951915	0.997821	0.951915	0.997820	0.952771	0.002460	0.961470	0.000106	0.959316	0.000070	
1350064055.810456	1.000000	50.816101	37.491135	3.801743	0.816513	0.996274	0.811833	0.000826	0.816513	0.996272	0.816513	0.996271	0.816513	0.996268	0.816513	0.996266	0.816513	0.996265	0.816513	0.996263	1350064055.810520	0.999993	50.756424	37.472290	2.306901	0.951954	0.997767	0.951954	0.997765	0.951954	0.997762	0.951954	0.997760	0.951954	0.997758	0.951174	0.002544	0.940594	0.000180	0.957011	0.000118	
1350064056.810456	1.000000	50.817902	37.490616	3.793701	0.817047	0.996215	0.817961	0.000544	0.817049	0.996218	0.817049	0.996211	0.817049	0.996209	0.817049	0.996207	0.817049	0.996203	0.817049	0.996201	1350064056.810523	1.000003	50.759044	37.474676	2.132867	0.951902	0.997749	0.951902	0.997747	0.951902	0.997744	0.951902	0.997743	0.951902	0.997742	0.951395	0.002528	0.959922	0.000134	0.951040	0.000098	
1350064057.810456	1.000000	50.818085	37.490326	3.789825	0.817400	0.996081	0.814842	0.000495	0.817398	0.996081	0.817398	0.996077	0.817398	0.996075	0.817398	0.996072	0.817398	0.996070	0.817398	0.996069	1350064057.810523	1.000000	50.759415	37.475723	2.165085	0.952047	0.997808	0.952047	0.997806	0.952048	0.997804	0.952048	0.997802	0.952047	0.997799	0.952341	0.002412	0.962399	0.000148	0.944220	0.000097	
1350064058.810456	1.000000	50.767502	37.452087	3.797623	0.818036	0.995919	0.826848	0.000480	0.818036	0.995918	0.818036	0.995916	0.818036	0.995913	0.818036	0.995911	0.818036	0.995908	0.818036	0.995905	1350064058.810527	1.000004	50.757592	37.471070	2.122703	0.952202	0.997841	0.952202	0.997840	0.952202	0.997837	0.952202	0.997835	0.952202	0.997834	0.951626	0.002473	0.958058	0.000082	0.950250	0.000039	
1350064059.810456	1.000000	50.816467	37.487061	3.789581	0.817504	0.996019	0.806983	0.002825	0.817504	0.996018	0.817504	0.996014	0.817504	0.996011	0.817504	0.996008	0.817504	0.996005	0.817504	0.996000	1350064059.810525	0.999998	50.758611	37.473781	2.200016	0.952199	0.997820	0.952199	0.997818	0.952199	0.997816	0.952198	0.997814	0.952198	0.997813	0.951844	0.002552	0.956431	0.000135	0.957219	0.000127	
1350064060.810456	1.000000	50.817093	37.488007	3.797485	0.817648	0.996048	0.813490	0.000807	0.817649	0.996046	0.817649	0.996044	0.817649	0.996042	0.817650	0.996041	0.817650	0.996037	0.817650	0.996034	1350064060.810524	0.999999	50.757540	37.470113	2.102663	0.951904	0.997795	0.951904	0.997793	0.951905	0.997790	0.951905	0.997786	0.951905	0.997785	0.952046	0.002449	0.944465	0.000167	0.959139	0.000066	
1350064061.810456	1.000000	50.821289	37.492569	3.785950	0.817755	0.996046	0.817086	0.000418	0.817754	0.996045	0.817754	0.996043	0.817753	0.996040	0.817753	0.996038	0.817753	0.996033	0.817753	0.996029	1350064061.810524	1.000000	50.757690	37.470154	2.071045	0.952039	0.997751	0.952039	0.997755	0.952039	0.997753	0.952038	0.997752	0.952038	0.997750	0.951648	0.002461	0.944083	0.000137	0.956258	0.000106	
1350064062.810456	1.000000	50.817047	37.487244	3.793594	0.817930	0.995948	0.819444	0.000476	0.817930	0.995947	0.817930	0.995943	0.817930	0.995940	0.817930	0.995936	0.817930	0.995935	0.817929	0.995931	1350064062.810524	1.000000	50.755539	37.467911	2.059708	0.952105	0.997815	0.952105	0.997808	0.952105	0.997806	0.952106	0.997803	0.952106	0.997801	0.952031	0.002480	0.956511	0.000086	0.953015	0.000050	
1350064063.810456	1.000000	50.814850	37.483643	3.782181	0.817980	0.995994	0.817188	0.000448	0.817980	0.995991	0.817980	0.995989	0.817980	0.995987	0.817980	0.995985	0.817980	0.995982	0.817980	0.995980	1350064063.810525	1.000001	50.758680	37.471537	2.048857	0.952097	0.997807	0.952097	0.997805	0.952097	0.997798	0.952097	0.997802	0.952097	0.997798	0.950150	0.002566	0.958973	0.000162	0.944509	0.000153	
1350064064.810456	1.000000	50.819672	37.489471	3.778214	0.817562	0.996077	0.822246	0.000479	0.817562	0.996075	0.817562	0.996074	0.817562	0.996071	0.817562	0.996068	0.817562	0.996065	0.817562	0.996063	1350064064.810526	1.000001	50.708066	37.434428	2.081495	0.951790	0.997742	0.951784	0.997741	0.951789	0.997744	0.951789	0.997736	0.951789	0.997734	0.953514	0.002489	0.956305	0.000140	0.953229	0.000103	
1350064065.810456	1.000000	50.816864	37.487747	3.777695	0.816302	0.996258	0.786091	0.004902	0.816302	0.996257	0.816302	0.996255	0.816301	0.996253	0.816301	0.996250	0.816301	0.996248	0.816301	0.996246	1350064065.810527	1.000001	50.751828	37.464655	2.252897	0.953812	0.997876	0.953813	0.997874	0.953813	0.997872	0.953813	0.997870	0.953813	0.997868	0.888810	0.007537	0.857179	0.003607	0.851319	0.003511	
1350064066.810456	1.000000	50.820679	37.492111	3.785751	0.816694	0.996105	0.811379	0.000468	0.816694	0.996104	0.816694	0.996103	0.816694	0.996101	0.816694	0.996098	0.816694	0.996096	0.816694	0.996093	1350064066.810525	0.999998	50.753500	37.457393	2.158650	0.956181	0.998235	0.956186	0.998226	0.956181	0.998225	0.956181	0.998223	0.956181	0.998222	0.957173	0.003632	0.961595	0.001221	0.961566	0.001144	
1350064067.810456	1.000000	50.818069	37.490494	3.785950	0.816518	0.996136	0.816758	0.000445	0.816518	0.996135	0.816519	0.996132	0.816518	0.996132	0.816519	0.996129	0.816518	0.996126	0.816518	0.996124	1350064067.810525	1.000000	50.748245	37.442245	2.224274	0.962833	0.999220	0.962833	0.999219	0.962833	0.999218	0.962833	0.999217	0.962833	0.999217	0.961827	0.004991	0.961348	0.002634	0.961422	0.002579	
1350064068.810458	1.000002	715770474.983332	715765845.518010	715766504.961134	0.999984	1.000176	0.999981	1.000179	0.999984	1.000187	0.999982	1.000170	0.999984	1.000178	0.999986	1.000174	0.999984	1.000181	0.999983	1.000175	1350064068.810579	1.000054	715784809.811468	715775995.556666	715750752.499531	0.999983	1.000175	0.999981	1.000179	3.893426	0.256887	0.999983	1.000175	0.999984	1.000180	0.999986	1.000173	0.999983	1.000177	0.999984	1.000180	
1350064069.810485	1.000027	0.000000	0.000000	0.000000	-nan	-nan	-nan	-nan	1.000008	inf	-nan	-nan	-nan	0.000000	-nan	-nan	-nan	-nan	-nan	-nan	1350064069.810561	0.999982	0.000000	0.000000	0.000000	-nan	-nan	-nan	-nan	1.345745	inf	-nan	-nan	-nan	-nan	-nan	-nan	-nan	-nan	-nan	-nan	
