ts_0	elapsed_0	pkg_0	pp0_0	dram_0	freq_ratio_0_0	c0_ratio_0_0	freq_ratio_0_1	c0_ratio_0_1	freq_ratio_0_2	c0_ratio_0_2	freq_ratio_0_3	c0_ratio_0_3	freq_ratio_0_4	c0_ratio_0_4	freq_ratio_0_5	c0_ratio_0_5	freq_ratio_0_6	c0_ratio_0_6	freq_ratio_0_7	c0_ratio_0_7	ts_1	elapsed_1	pkg_1	pp0_1	dram_1	freq_ratio_1_0	c0_ratio_1_0	freq_ratio_1_1	c0_ratio_1_1	freq_ratio_1_2	c0_ratio_1_2	freq_ratio_1_3	c0_ratio_1_3	freq_ratio_1_4	c0_ratio_1_4	freq_ratio_1_5	c0_ratio_1_5	freq_ratio_1_6	c0_ratio_1_6	freq_ratio_1_7	c0_ratio_1_7	
1350068331.904593	1.000415	34.573646	21.339973	2.702278	1.000000	1.000000	0.998415	0.000476	0.999922	0.000149	0.999995	0.000078	1.000000	1.000000	0.999995	0.000420	1.000309	0.000065	0.999346	0.000061	1350068331.904779	1.000388	36.115233	22.937941	1.590600	0.999877	0.000081	1.000000	1.000000	1.000112	0.000424	1.000043	0.000091	1.000000	1.000000	1.000008	0.000591	0.999198	0.000098	0.999007	0.000222	
1350068332.904583	0.999990	34.531703	21.319443	2.693005	1.000000	1.000000	1.000251	0.000273	1.002918	0.000007	0.993839	0.000006	1.000000	1.000000	0.999815	0.000233	0.992459	0.000007	1.000182	0.000006	1350068332.904764	0.999985	34.704119	21.519442	1.591851	1.000025	0.000016	1.000000	1.000000	0.999917	0.000317	0.998852	0.000008	1.000000	1.000000	0.999992	0.000196	1.012741	0.000009	1.000938	0.000211	
1350068333.904590	1.000007	34.575841	21.359090	2.692578	1.000000	1.000000	0.999876	0.000305	0.999634	0.000065	1.000440	0.000076	1.000000	1.000000	1.000131	0.000273	1.000531	0.000081	0.999856	0.000053	1350068333.904775	1.000011	34.731324	21.543282	1.589918	0.999199	0.000145	1.000000	1.000000	0.999915	0.000466	0.997408	0.000081	1.000000	1.000000	0.999410	0.000319	0.996648	0.000067	0.999268	0.000278	
1350068334.904583	0.999993	34.580195	21.367412	2.700641	1.000000	1.000000	0.999980	0.000286	1.001464	0.000007	0.996247	0.000007	1.000000	1.000000	0.999771	0.000232	0.994138	0.000007	1.000000	0.000007	1350068334.904769	0.999994	34.739114	21.549109	1.591898	0.999773	0.000073	1.000000	1.000000	1.000150	0.000328	1.025073	0.000009	1.000000	1.000000	1.001013	0.000202	1.022025	0.000009	1.000891	0.000211	
1350068335.904589	1.000006	34.600075	21.387858	2.697707	1.000000	1.000000	0.999868	0.000302	0.999890	0.000148	1.000308	0.000078	1.000000	1.000000	1.000110	0.000301	1.000667	0.000051	0.999871	0.000051	1350068335.904767	0.999998	34.772802	21.579509	1.586887	1.000304	0.000394	1.000000	1.000000	0.999896	0.000441	0.999831	0.000064	1.000000	1.000000	0.999939	0.000280	0.999041	0.000145	0.998978	0.000225	
1350068336.904589	1.000000	34.595734	21.377914	2.695847	1.000000	1.000000	0.999991	0.000266	1.001109	0.000006	1.001034	0.000007	1.000000	1.000000	1.000034	0.000213	1.002242	0.000006	1.000566	0.000007	1350068336.904780	1.000013	34.756289	21.563331	1.588633	1.000938	0.000016	1.000000	1.000000	0.999960	0.000345	1.000872	0.000008	1.000000	1.000000	0.999942	0.000234	1.018845	0.000009	1.001100	0.000217	
1350068337.904583	0.999994	34.575142	21.363943	2.692963	1.000000	1.000000	1.000555	0.000292	0.991372	0.000062	0.992181	0.000068	1.000000	1.000000	1.000514	0.000256	0.988952	0.000052	0.989755	0.000052	1350068337.904765	0.999985	34.794147	21.599186	1.591760	0.999854	0.000092	1.000000	1.000000	0.999970	0.000390	0.999778	0.000076	1.000000	1.000000	0.999315	0.000272	0.996955	0.000066	0.996546	0.000218	
1350068338.904589	1.000006	34.558510	21.350474	2.692596	1.000000	1.000000	0.999995	0.000303	0.985514	0.000007	0.983905	0.000007	1.000000	1.000000	0.989650	0.000232	0.977248	0.000007	0.978407	0.000007	1350068338.904785	1.000020	34.807378	21.612238	1.591872	0.998806	0.000083	1.000000	1.000000	1.000021	0.000330	0.998968	0.000009	1.000000	1.000000	1.000827	0.000221	1.021643	0.000009	1.000315	0.002421	
1350068339.904583	0.999994	34.590752	21.375188	2.695374	1.000000	1.000000	0.999429	0.000308	1.004266	0.000146	1.007709	0.000082	1.000000	1.000000	1.007688	0.000292	1.008877	0.000083	1.010356	0.000065	1350068339.904768	0.999983	34.760537	21.577514	1.585430	0.999989	0.000108	1.000000	1.000000	0.999928	0.000414	1.000087	0.000093	1.000000	1.000000	1.000575	0.000291	0.996447	0.000164	0.997061	0.000236	
1350068340.904583	1.000000	37.640671	24.430634	2.722824	1.000000	1.000000	0.999997	0.003663	1.000001	0.002868	0.999814	0.002882	1.000000	1.000000	1.000000	0.002835	0.999777	0.002522	0.999826	0.002608	1350068340.904712	0.999944	36.951365	23.754963	1.588163	0.999993	0.003311	1.000000	1.000000	1.000249	0.002850	0.999784	0.002678	1.000000	1.000000	0.999954	0.002838	1.000008	0.002656	1.000036	0.004099	
1350068341.904583	1.000000	34.598862	21.376450	2.697937	1.000000	1.000000	0.999994	0.000315	0.999560	0.000058	1.008993	0.000059	1.000000	1.000000	0.999940	0.000290	1.008639	0.000063	1.009385	0.000048	1350068341.904763	1.000051	34.794047	21.598767	1.588328	1.000064	0.000379	1.000000	1.000000	1.000348	0.000072	1.006353	0.000079	1.000000	1.000000	0.999246	0.000285	1.005869	0.000069	1.000778	0.000421	
1350068342.904583	1.000000	34.570389	21.349396	2.701080	1.000000	1.000000	1.000134	0.000253	1.006643	0.000007	0.999135	0.000007	1.000000	1.000000	1.000137	0.000213	0.997860	0.000007	0.999941	0.000006	1350068342.904757	0.999994	34.775537	21.578574	1.588968	1.000020	0.000293	1.000000	1.000000	1.025912	0.000008	1.038030	0.000008	1.000000	1.000000	1.000742	0.000200	1.044406	0.000008	1.001850	0.000223	
1350068343.904583	1.000000	34.586349	21.362015	2.692902	1.000000	1.000000	0.999844	0.000299	0.999371	0.000065	1.000073	0.000063	1.000000	1.000000	0.999897	0.000270	1.000062	0.000050	0.998556	0.000051	1350068343.904768	1.000011	34.786545	21.592888	1.591795	1.000037	0.000456	1.000000	1.000000	0.995793	0.000075	0.996776	0.000069	1.000000	1.000000	1.000176	0.000276	0.997714	0.000133	0.995851	0.000264	
1350068344.904583	1.000000	34.584137	21.356262	2.692398	1.000000	1.000000	1.000065	0.000519	1.003855	0.000007	0.997223	0.000007	1.000000	1.000000	1.000042	0.000229	0.996686	0.000007	1.012361	0.000007	1350068344.904763	0.999995	34.795096	21.602067	1.587365	0.999961	0.000598	1.000000	1.000000	1.012158	0.000008	0.999861	0.000008	1.000000	1.000000	1.000035	0.000221	1.010685	0.000009	1.002036	0.000431	
1350068345.904583	1.000000	34.569595	21.343018	2.695404	1.000000	1.000000	0.999870	0.000291	0.999538	0.000059	1.000290	0.000061	1.000000	1.000000	0.999945	0.000271	1.000640	0.000061	0.999651	0.000051	1350068345.904770	1.000007	34.822666	21.627155	1.591999	0.999938	0.000695	1.000000	1.000000	0.999940	0.000109	0.999592	0.000061	1.000000	1.000000	0.999914	0.000256	0.998983	0.000065	0.999106	0.000221	
1350068346.904582	0.999999	34.557086	21.332738	2.701068	1.000000	1.000000	0.999999	0.000276	1.005358	0.000007	0.999132	0.000007	1.000000	1.000000	0.999855	0.000213	1.002242	0.000006	1.002006	0.000007	1350068346.904768	0.999998	34.805624	21.610393	1.594058	1.000112	0.000333	0.999999	1.000000	1.000046	0.000008	1.002518	0.000008	1.000000	1.000000	0.999986	0.000268	1.009135	0.000009	1.000885	0.000211	
1350068347.904583	1.000001	34.528196	21.314051	2.695432	1.000000	1.000000	1.000024	0.000377	0.999580	0.000070	1.000034	0.000091	1.000000	1.000000	1.000093	0.000298	0.999617	0.000055	1.000027	0.000058	1350068347.904768	1.000000	34.781387	21.583755	1.587051	0.999849	0.000446	1.000000	1.000000	0.999708	0.000092	1.000038	0.000092	1.000000	1.000000	0.999849	0.000252	0.998645	0.000091	0.997812	0.000247	
1350068348.904583	1.000000	34.560272	21.334290	2.692581	1.000000	1.000000	1.000147	0.000283	0.982376	0.000007	0.977533	0.000007	1.000000	1.000000	0.999829	0.000232	0.980820	0.000006	0.978111	0.000008	1350068348.904771	1.000003	34.771880	21.587656	1.590602	1.000079	0.000420	1.000000	1.000000	1.001400	0.000009	0.999097	0.000009	1.000000	1.000000	1.000066	0.000268	1.011487	0.000008	1.000242	0.002223	
1350068349.904583	1.000000	34.568161	21.345047	2.697861	1.000000	1.000000	0.999849	0.000307	0.993009	0.000060	0.994347	0.000063	1.000000	1.000000	1.000692	0.000253	0.991126	0.000051	0.992984	0.000051	1350068349.904759	0.999988	34.795154	21.597944	1.593861	0.999959	0.000409	1.000000	1.000000	0.999949	0.000076	1.000079	0.000073	1.000000	1.000000	0.999602	0.000258	0.997208	0.000066	0.999157	0.000229	
1350068350.904583	1.000000	34.546524	21.324356	2.695587	1.000000	1.000000	1.000575	0.000269	1.001887	0.000007	0.999155	0.000007	1.000000	1.000000	0.999948	0.000221	0.999794	0.000007	0.995541	0.000007	1350068350.904788	1.000029	34.800013	21.603437	1.590667	1.000019	0.000618	1.000000	1.000000	0.999467	0.000045	0.995421	0.000009	1.000000	1.000000	1.000444	0.000227	1.020451	0.000009	1.000821	0.000228	
1350068351.904583	1.000000	34.563416	21.337204	2.700485	1.000000	1.000000	0.999451	0.000296	1.007132	0.000076	1.006111	0.000088	1.000000	1.000000	0.999553	0.000283	1.007760	0.000075	1.008439	0.000065	1350068351.904772	0.999984	34.819144	21.620035	1.586833	0.999985	0.000432	1.000000	1.000000	1.000199	0.000093	0.998186	0.000091	1.000000	1.000000	1.000133	0.000276	0.991850	0.000081	0.997299	0.000243	
1350068352.904583	1.000000	34.560974	21.334274	2.697678	1.000000	1.000000	0.999985	0.000381	0.999719	0.000033	0.999184	0.000007	1.000000	1.000000	0.999930	0.000259	0.996613	0.000019	0.999190	0.000019	1350068352.904771	0.999999	34.824328	21.623556	1.587389	0.999945	0.000418	1.000000	1.000000	1.000139	0.000036	1.005601	0.000037	1.000000	1.000000	0.999858	0.000297	1.012843	0.000049	1.000003	0.000297	
1350068353.904583	1.000000	34.573380	21.347046	2.698151	1.000000	1.000000	0.999990	0.000283	0.999978	0.000053	0.999773	0.000061	1.000000	1.000000	0.999957	0.000297	1.000444	0.000046	1.000232	0.000045	1350068353.904776	1.000005	34.826455	21.626692	1.590400	1.000020	0.000460	1.000000	1.000000	0.999919	0.000076	0.999969	0.000075	1.000000	1.000000	0.999982	0.000274	0.999302	0.000068	1.001741	0.000261	
1350068354.904583	1.000000	34.581543	21.356918	2.698303	1.000000	1.000000	0.999940	0.000287	1.002441	0.000007	0.993980	0.000007	1.000000	1.000000	1.000035	0.000232	0.995512	0.000008	1.001477	0.000007	1350068354.904766	0.999990	34.805448	21.609851	1.592240	1.000005	0.000307	1.000000	1.000000	1.000696	0.000008	0.999865	0.000009	1.000000	1.000000	0.999801	0.000235	1.009916	0.000009	1.000796	0.000237	
1350068355.904583	1.000000	34.594055	21.368561	2.700851	1.000000	1.000000	1.000030	0.000300	0.999561	0.000061	1.000561	0.000072	1.000000	1.000000	0.999948	0.000254	1.000676	0.000050	0.998790	0.000051	1350068355.904769	1.000003	34.819457	21.621622	1.587031	0.999969	0.000793	1.000000	1.000000	0.999966	0.000112	0.997236	0.000075	1.000000	1.000000	0.999534	0.000290	0.997191	0.000078	0.998875	0.000233	
1350068356.904583	1.000000	34.530380	21.318558	2.695236	1.000000	1.000000	1.000000	0.000251	1.002329	0.000007	0.999024	0.000022	1.000000	1.000000	0.999845	0.000213	1.006023	0.000007	1.007895	0.000007	1350068356.904778	1.000009	34.819295	21.621691	1.589082	0.999988	0.000378	1.000000	1.000000	1.000062	0.000025	1.014314	0.000009	1.000000	1.000000	1.000735	0.000239	1.025261	0.000009	1.001186	0.000216	
1350068357.904590	1.000007	34.550909	21.328481	2.700665	1.000000	1.000000	0.999974	0.000367	1.000100	0.000058	1.000550	0.000060	1.000000	1.000000	1.000181	0.000272	0.999458	0.000050	1.000008	0.000050	1350068357.904768	0.999990	34.803113	21.617709	1.588746	0.999994	0.000382	1.000000	1.000000	0.999898	0.000079	0.999996	0.000628	1.000000	1.000000	1.000021	0.000258	0.999847	0.000066	0.997367	0.000209	
1350068358.904583	0.999993	34.565150	21.347117	2.695240	1.000000	1.000000	1.000100	0.000296	0.980480	0.000007	0.973764	0.000006	1.000000	1.000000	0.999779	0.000232	0.969498	0.000007	0.979551	0.000008	1350068358.904767	0.999999	34.846194	21.648199	1.592226	0.999989	0.000427	1.000000	1.000000	0.990985	0.000009	1.009731	0.000008	1.000001	1.000000	1.000105	0.000236	1.000403	0.000009	1.000225	0.002216	
1350068359.904583	1.000000	34.555450	21.332687	2.701035	1.000000	1.000000	0.999861	0.000300	1.001874	0.000062	1.002271	0.000065	1.000000	1.000000	1.000084	0.000270	1.003859	0.000049	1.002547	0.000051	1350068359.904773	1.000006	34.826208	21.630303	1.580877	0.999970	0.000385	1.000000	1.000000	1.000928	0.000076	1.000041	0.000076	1.000000	1.000000	0.999148	0.000286	0.997337	0.000079	0.999228	0.000239	
1350068360.904583	1.000000	34.570618	21.344452	2.700729	1.000000	1.000000	0.999993	0.000270	1.000615	0.000006	0.999783	0.000007	1.000000	1.000000	0.999953	0.000232	1.008704	0.000007	1.003230	0.000007	1350068360.904774	1.000001	34.811963	21.614542	1.585982	0.999979	0.000633	1.000000	1.000000	0.999683	0.000044	0.991846	0.000008	0.999999	1.000000	1.001154	0.000189	1.024081	0.000009	1.001304	0.000193	
1350068361.904583	1.000000	34.559967	21.330994	2.695465	1.000000	1.000000	0.999990	0.000302	0.990868	0.000058	0.991613	0.000062	1.000000	1.000000	1.000562	0.000251	0.988272	0.000050	0.989487	0.000051	1350068361.904766	0.999992	34.803261	21.604591	1.591489	1.000038	0.000317	1.000000	1.000000	1.000186	0.000075	0.997830	0.000071	1.000001	1.000000	0.999211	0.000258	0.996739	0.000059	0.999003	0.000211	
1350068362.904583	1.000000	34.556610	21.328674	2.692780	1.000000	1.000000	1.000590	0.000263	0.998379	0.000007	0.999943	0.000007	1.000000	1.000000	0.999987	0.000211	1.004588	0.000007	1.002862	0.000007	1350068362.904764	0.999998	34.802816	21.607265	1.588626	0.999952	0.000290	1.000000	1.000000	1.000502	0.000008	1.025121	0.000009	0.999999	1.000000	1.001125	0.000162	1.022286	0.000009	1.000933	0.000195	
1350068363.904591	1.000008	715767198.006883	715808784.793702	715778032.851609	0.999990	1.000216	0.999988	1.000223	0.999998	1.000218	0.999990	1.000217	0.999990	1.000221	0.999993	1.000215	0.999990	1.000221	0.999990	1.000218	1350068363.904689	0.999925	715832670.581337	715847613.789980	715870771.197281	0.999990	1.000218	0.999988	1.000221	3.893004	0.256927	0.999990	1.000218	0.999990	1.000219	0.999993	1.000217	0.999990	1.000221	0.999990	1.000219	
1350068364.904621	1.000030	0.000000	0.000000	0.000000	-nan	-nan	-nan	-nan	8.000000	inf	-nan	-nan	-nan	0.000000	-nan	-nan	-nan	-nan	-nan	-nan	1350068364.904697	1.000008	0.000000	0.000000	0.000000	-nan	-nan	-nan	-nan	0.000000	inf	-nan	-nan	-nan	-nan	-nan	-nan	-nan	-nan	-nan	-nan	
