ts_0	elapsed_0	pkg_0	pp0_0	dram_0	freq_ratio_0_0	c0_ratio_0_0	freq_ratio_0_1	c0_ratio_0_1	freq_ratio_0_2	c0_ratio_0_2	freq_ratio_0_3	c0_ratio_0_3	freq_ratio_0_4	c0_ratio_0_4	freq_ratio_0_5	c0_ratio_0_5	freq_ratio_0_6	c0_ratio_0_6	freq_ratio_0_7	c0_ratio_0_7	ts_1	elapsed_1	pkg_1	pp0_1	dram_1	freq_ratio_1_0	c0_ratio_1_0	freq_ratio_1_1	c0_ratio_1_1	freq_ratio_1_2	c0_ratio_1_2	freq_ratio_1_3	c0_ratio_1_3	freq_ratio_1_4	c0_ratio_1_4	freq_ratio_1_5	c0_ratio_1_5	freq_ratio_1_6	c0_ratio_1_6	freq_ratio_1_7	c0_ratio_1_7	
1350062047.982151	1.000208	73.122646	60.059154	3.796330	1.000000	1.000000	1.000000	1.000000	1.000000	1.000000	1.000000	1.000000	1.000000	1.000000	1.000000	1.000000	1.000000	1.000000	1.000000	1.000000	1350062047.982190	1.000199	46.651159	33.429990	1.634455	1.000000	1.000000	1.000000	1.000000	0.999999	1.000000	1.000000	1.000000	0.999653	0.001810	0.980615	0.000008	1.010578	0.000008	0.998393	0.000008	
1350062048.982149	0.999998	73.319766	60.232918	3.789070	1.000000	1.000000	1.000000	1.000000	1.000000	1.000000	1.000000	1.000000	1.000000	1.000000	1.000000	1.000000	1.000000	1.000000	1.000000	1.000000	1350062048.982185	0.999995	46.711278	33.477798	1.613854	1.000000	0.999999	1.000000	1.000000	1.000000	1.000000	1.000000	1.000000	1.000061	0.001252	0.999197	0.000083	0.996935	0.000085	0.997042	0.000076	
1350062049.982148	0.999999	73.504953	60.405667	3.808780	1.000000	1.000000	1.000000	1.000000	1.000000	1.000000	1.000000	1.000000	1.000000	1.000000	1.000000	1.000000	1.000000	1.000000	1.000000	1.000000	1350062049.982184	0.999999	46.733489	33.495759	1.591508	1.000000	1.000000	1.000000	1.000000	1.000000	1.000000	1.000000	1.000000	0.999949	0.001265	1.031616	0.000008	1.023622	0.000008	1.009614	0.000008	
1350062050.982149	1.000001	73.581610	60.474338	3.789288	1.000000	1.000000	1.000000	1.000000	1.000000	1.000000	1.000000	1.000000	1.000000	1.000000	1.000000	1.000000	1.000000	1.000000	1.000000	1.000000	1350062050.982184	1.000000	46.753540	33.511185	1.635117	1.000000	1.000000	1.000000	1.000000	1.000000	1.000000	1.000000	1.000000	1.000032	0.001263	0.997174	0.000069	0.997166	0.000067	0.999555	0.000210	
1350062051.982148	0.999999	73.627374	60.513012	3.804996	1.000000	1.000000	1.000000	1.000000	1.000000	1.000000	1.000000	1.000000	1.000000	1.000000	1.000000	1.000000	1.000000	1.000000	1.000000	1.000000	1350062051.982183	0.999999	46.749434	33.506181	1.586626	1.000000	1.000000	1.000000	1.000000	1.000000	1.000000	1.000000	1.000000	0.999936	0.001262	1.024903	0.000008	1.001024	0.000008	1.004864	0.000008	
1350062052.982155	1.000007	67.229821	54.117180	3.797108	1.000000	1.000000	1.000000	1.000000	0.999941	0.021017	1.000000	1.000000	1.000000	1.000000	1.000000	1.000000	1.000000	1.000000	1.000000	1.000000	1350062052.982214	1.000031	52.828639	39.585580	1.662714	1.000000	0.999999	1.000000	1.000000	1.000000	1.000000	1.000000	1.000000	1.000001	0.981325	0.999480	0.001294	1.000474	0.000076	1.000131	0.000079	
1350062053.982147	0.999992	67.107356	53.994166	3.797089	1.000000	1.000000	1.000000	1.000000	1.000035	0.001059	1.000000	1.000000	1.000000	1.000000	1.000000	1.000000	1.000000	1.000000	1.000000	1.000000	1350062053.982205	0.999991	52.918204	39.685571	1.591430	1.000000	1.000000	1.000000	1.000000	1.000000	1.000000	1.000000	1.000000	1.000000	1.000000	1.000057	0.001372	1.028412	0.000008	1.029791	0.000008	
1350062054.982148	1.000001	67.103360	54.003611	3.801342	1.000000	1.000000	1.000000	1.000000	0.999812	0.001176	1.000000	1.000000	1.000000	1.000000	1.000000	1.000000	1.000000	1.000000	1.000000	1.000000	1350062054.982206	1.000001	52.982020	39.737343	1.640837	1.000000	1.000000	1.000000	0.999999	1.000000	1.000000	1.000000	1.000000	1.000000	1.000000	1.000007	0.001428	0.990982	0.000080	0.997269	0.000194	
1350062055.982147	0.999999	67.142566	54.027655	3.797336	1.000000	1.000000	1.000000	1.000000	1.000008	0.001427	1.000000	1.000000	1.000000	1.000000	1.000000	1.000000	1.000000	1.000000	1.000000	1.000000	1350062055.982206	1.000000	52.981323	39.734253	1.629700	1.000000	0.999995	1.000000	1.000000	1.000000	1.000000	1.000000	1.000000	1.000000	1.000000	0.999934	0.001358	1.018797	0.000037	0.997116	0.000086	
1350062056.982148	1.000001	67.113706	54.000711	3.797085	1.000000	1.000000	1.000000	1.000000	1.000136	0.001093	1.000000	1.000000	1.000000	1.000000	1.000000	1.000000	1.000000	1.000000	1.000000	1.000000	1350062056.982213	1.000007	52.980438	39.735031	1.635090	1.000000	1.000005	1.000000	1.000000	1.000000	1.000000	1.000000	1.000000	1.000000	1.000000	0.999931	0.001366	0.999869	0.000074	1.010172	0.000075	
1350062057.982147	0.999999	67.120578	54.004995	3.797642	1.000000	1.000000	1.000000	1.000000	0.999979	0.001120	1.000000	1.000000	1.000000	1.000000	1.000000	1.000000	1.000000	1.000000	1.000000	1.000000	1350062057.982203	0.999990	52.980709	39.732820	1.609483	1.000000	1.000000	1.000000	1.000000	1.000000	1.000000	1.000000	1.000000	1.000000	1.000000	1.000091	0.001342	1.001913	0.000008	0.999255	0.000008	
1350062058.982148	1.000001	67.151502	54.032541	3.789547	1.000000	1.000000	1.000000	1.000000	0.999985	0.001127	1.000000	1.000000	1.000000	1.000000	1.000000	1.000000	1.000000	1.000000	1.000000	1.000000	1350062058.982205	1.000002	52.986395	39.738755	1.630688	1.000000	0.999999	1.000000	1.000000	1.000000	1.000000	1.000000	1.000000	1.000000	1.000000	0.999995	0.001369	0.995858	0.000051	0.998753	0.000173	
1350062059.982147	0.999999	67.164889	54.045858	3.805027	1.000000	1.000000	1.000000	1.000000	0.999830	0.001067	1.000000	1.000000	1.000000	1.000000	1.000000	1.000000	1.000000	1.000000	1.000000	1.000000	1350062059.982204	0.999999	52.985967	39.738121	1.591493	1.000000	1.000001	1.000000	1.000000	1.000000	1.000000	1.000000	1.000000	1.000000	1.000000	0.999854	0.001238	1.025847	0.000008	1.029509	0.000008	
1350062060.982148	1.000001	67.165662	54.048609	3.797207	1.000000	1.000000	1.000000	1.000000	1.000099	0.001408	1.000000	1.000000	1.000000	1.000000	1.000000	1.000000	1.000000	1.000000	1.000000	1.000000	1350062060.982208	1.000004	52.991942	39.746360	1.611612	1.000000	1.000000	1.000000	1.000000	1.000000	1.000000	1.000000	1.000000	1.000000	1.000000	1.000080	0.001344	0.999771	0.000072	0.998864	0.000115	
1350062061.982148	1.000000	67.189575	54.069412	3.808350	1.000000	1.000000	1.000000	1.000000	0.999994	0.001089	1.000000	1.000000	1.000000	1.000000	1.000000	1.000000	1.000000	1.000000	1.000000	1.000000	1350062061.982204	0.999996	52.990449	39.740701	1.587073	1.000000	1.000000	1.000000	1.000000	1.000000	1.000000	1.000000	1.000000	1.000000	1.000000	0.999991	0.001279	1.001215	0.000008	1.015527	0.000008	
1350062062.982148	1.000000	67.207581	54.088379	3.800827	1.000000	1.000000	1.000000	1.000000	0.999997	0.002950	1.000000	1.000000	1.000000	1.000000	1.000000	1.000000	1.000000	1.000000	1.000000	1.000000	1350062062.982214	1.000010	52.993320	39.743102	1.631362	1.000000	1.000000	1.000000	1.000000	1.000000	1.000000	1.000000	1.000000	1.000000	1.000000	0.999910	0.001359	1.000341	0.000085	0.999406	0.000095	
1350062063.982148	1.000000	67.123001	54.005325	3.804733	1.000000	1.000000	1.000000	1.000000	0.999854	0.001101	1.000000	1.000000	1.000000	1.000000	1.000000	1.000000	1.000000	1.000000	1.000000	1.000000	1350062063.982206	0.999992	52.862962	39.627442	1.610319	1.000000	1.000000	1.000000	1.000000	1.000000	1.000000	1.000000	1.000000	1.000000	1.000000	0.999948	0.001327	0.998662	0.000016	1.004458	0.000016	
1350062064.982149	1.000001	62.061830	48.946609	3.804150	1.000000	1.000000	0.999998	0.221993	1.000036	0.004297	1.000000	1.000000	1.000000	1.000000	1.000000	1.000000	1.000000	1.000000	1.000000	1.000000	1350062064.982239	1.000033	57.959717	44.709070	1.615792	1.000000	1.000000	1.000000	1.000000	1.000000	1.000000	1.000000	1.000000	1.000000	1.000000	1.000001	0.781338	0.999800	0.003733	0.999711	0.003279	
1350062065.982148	0.999999	60.583706	47.472396	3.789646	1.000000	1.000000	0.991899	0.000058	0.999980	0.001184	1.000000	1.000000	1.000000	1.000000	1.000000	1.000000	1.000000	1.000000	1.000000	1.000000	1350062065.982227	0.999988	59.265599	46.013534	1.605763	1.000000	1.000000	1.000000	1.000000	1.000000	1.000000	1.000000	1.000000	1.000000	1.000000	1.000000	1.000000	1.000145	0.001137	1.000875	0.000265	
1350062066.982148	1.000000	60.529404	47.433243	3.808731	1.000000	1.000000	1.015492	0.000030	0.999959	0.000890	1.000000	1.000000	1.000000	1.000000	1.000000	1.000000	1.000000	1.000000	1.000000	1.000000	1350062066.982263	1.000036	59.241550	45.989082	1.603122	1.000000	1.000000	1.000000	1.000000	1.000000	1.000000	1.000000	1.000000	1.000000	1.000000	1.000000	1.000000	1.000019	0.001237	1.000527	0.000339	
1350062067.982148	1.000000	60.565201	47.458359	3.782043	1.000000	1.000000	1.000116	0.000053	0.999843	0.000851	1.000000	1.000000	1.000000	1.000000	1.000000	1.000000	1.000000	1.000000	1.000000	1.000000	1350062067.982235	0.999972	59.219258	45.965363	1.589354	1.000000	1.000000	1.000000	1.000000	1.000000	1.000000	1.000000	1.000000	1.000000	1.000000	1.000000	1.000000	0.999740	0.001163	0.999494	0.000269	
1350062068.982148	1.000000	60.566589	47.460861	3.808990	1.000000	1.000000	0.998792	0.000017	1.000142	0.000848	1.000000	1.000000	1.000000	1.000000	1.000000	1.000000	1.000000	1.000000	1.000000	1.000000	1350062068.982235	1.000000	59.192429	45.937500	1.599411	1.000000	1.000000	1.000000	1.000000	1.000000	1.000000	1.000000	1.000000	1.000000	1.000000	1.000000	1.000000	1.000087	0.001174	0.999794	0.000283	
1350062069.982148	1.000000	60.606064	47.498611	3.801254	1.000000	1.000000	1.001885	0.000052	0.999793	0.000862	1.000000	1.000000	1.000000	1.000000	1.000000	1.000000	1.000000	1.000000	1.000000	1.000000	1350062069.982232	0.999997	59.164246	45.909093	1.595891	1.000000	1.000000	1.000000	1.000000	1.000000	1.000000	1.000000	1.000000	1.000000	1.000000	1.000000	1.000000	0.999940	0.001260	0.999995	0.000221	
1350062070.982148	1.000000	60.573669	47.467712	3.804794	1.000000	1.000000	0.986731	0.000017	1.000119	0.001203	1.000000	1.000000	1.000000	1.000000	1.000000	1.000000	1.000000	1.000000	1.000000	1.000000	1350062070.982235	1.000003	59.183548	45.926036	1.602336	1.000000	1.000000	1.000000	1.000000	1.000000	1.000000	1.000000	1.000000	1.000000	1.000000	1.000000	1.000000	0.999891	0.001328	0.999374	0.000365	
1350062071.982148	1.000000	60.589966	47.483215	3.809036	1.000000	1.000000	1.003008	0.000052	1.000003	0.000867	1.000000	1.000000	1.000000	1.000000	1.000000	1.000000	1.000000	1.000000	1.000000	1.000000	1350062071.982232	0.999997	59.175583	45.919057	1.595876	1.000000	1.000000	1.000000	1.000000	1.000000	1.000000	1.000000	1.000000	1.000000	1.000000	1.000000	1.000000	1.000150	0.001220	1.000973	0.000202	
1350062072.982148	1.000000	60.613617	47.507889	3.797501	1.000000	1.000000	0.999150	0.000017	0.999924	0.002714	1.000000	1.000000	1.000000	1.000000	1.000000	1.000000	1.000000	1.000000	1.000000	1.000000	1350062072.982235	1.000003	59.210525	45.952281	1.633769	1.000000	1.000000	1.000000	1.000000	1.000000	1.000000	1.000000	1.000000	1.000000	1.000000	1.000000	1.000000	0.999962	0.001310	1.000062	0.000332	
1350062073.982148	1.000000	60.571106	47.463547	3.801178	1.000000	1.000000	1.000099	0.000051	1.000197	0.000840	1.000000	1.000000	1.000000	1.000000	1.000000	1.000000	1.000000	1.000000	1.000000	1.000000	1350062073.982232	0.999997	59.140763	45.895696	1.598134	1.000000	1.000000	1.000000	1.000000	1.000000	1.000000	1.000000	1.000000	1.000000	1.000000	1.000000	1.000000	0.999933	0.001200	0.999977	0.000201	
1350062074.982148	1.000000	60.509506	47.417130	3.785492	1.000000	1.000000	0.999987	0.001201	0.999960	0.000881	1.000000	1.000000	1.000000	1.000000	1.000000	1.000000	1.000000	1.000000	1.000000	1.000000	1350062074.982234	1.000002	59.191278	45.931461	1.603528	1.000000	1.000000	1.000000	1.000000	1.000000	1.000000	1.000000	1.000000	1.000000	1.000000	1.000000	1.000000	0.999862	0.001238	0.999322	0.000328	
1350062075.982148	1.000000	60.560730	47.455338	3.797501	1.000000	1.000000	0.999956	0.000044	0.999985	0.001140	1.000000	1.000000	1.000000	1.000000	1.000000	1.000000	1.000000	1.000000	1.000000	1.000000	1350062075.982229	0.999995	59.208960	45.950914	1.593483	1.000000	1.000000	1.000000	1.000000	1.000000	1.000000	1.000000	1.000000	1.000000	1.000000	1.000000	1.000000	1.000203	0.001230	1.000932	0.000230	
1350062076.982148	1.000000	60.546661	47.438293	3.808960	1.000000	1.000000	0.999434	0.000016	0.999961	0.000880	1.000000	1.000000	1.000000	1.000000	1.000000	1.000000	1.000000	1.000000	1.000000	1.000000	1350062076.982230	1.000001	59.228902	45.969561	1.596709	1.000000	1.000000	1.000000	1.000000	1.000000	1.000000	1.000000	1.000000	1.000000	1.000000	1.000000	1.000000	0.999826	0.001206	0.999217	0.000284	
1350062077.982148	1.000000	60.554840	47.447266	3.800980	1.000000	1.000000	0.989463	0.000057	1.000067	0.000848	1.000000	1.000000	1.000000	1.000000	1.000000	1.000000	1.000000	1.000000	1.000000	1.000000	1350062077.982227	0.999997	59.202790	45.942312	1.591878	1.000000	1.000000	1.000000	1.000000	1.000000	1.000000	1.000000	1.000000	1.000000	1.000000	1.000000	1.000000	1.000131	0.001207	1.000936	0.000234	
1350062078.982148	1.000000	60.527832	47.419724	3.804901	1.000000	1.000000	1.019675	0.000031	0.999936	0.000853	1.000000	1.000000	1.000000	1.000000	1.000000	1.000000	1.000000	1.000000	1.000000	1.000000	1350062078.982235	1.000008	59.199899	45.940286	1.607867	1.000000	1.000000	1.000000	1.000000	1.000000	1.000000	1.000000	1.000000	1.000000	1.000000	1.000000	1.000000	1.000020	0.001179	0.999691	0.000313	
1350062079.982149	1.000001	715816542.068087	715817606.448968	715813449.440390	0.999982	1.000163	0.999979	1.000166	0.999982	1.000171	0.999981	1.000160	0.999982	1.000166	0.999984	1.000157	0.999981	1.000162	0.999982	1.000164	1350062079.982251	1.000016	715756411.589197	715802484.652815	715790633.071274	0.999982	1.000165	0.999979	1.000163	3.893574	0.256873	0.999981	1.000161	0.999982	1.000165	0.999984	1.000159	0.999981	1.000162	0.999982	1.000165	
1350062080.982194	1.000045	0.000000	0.000000	0.000000	-nan	-nan	-nan	-nan	1.000008	inf	-nan	-nan	-nan	0.000000	-nan	-nan	-nan	-nan	-nan	-nan	1350062080.982270	1.000019	0.000000	0.000000	0.000000	-nan	-nan	-nan	-nan	1.345745	inf	-nan	-nan	-nan	-nan	-nan	-nan	-nan	-nan	-nan	-nan	
