ts_0	elapsed_0	pkg_0	pp0_0	dram_0	freq_ratio_0_0	c0_ratio_0_0	freq_ratio_0_1	c0_ratio_0_1	freq_ratio_0_2	c0_ratio_0_2	freq_ratio_0_3	c0_ratio_0_3	freq_ratio_0_4	c0_ratio_0_4	freq_ratio_0_5	c0_ratio_0_5	freq_ratio_0_6	c0_ratio_0_6	freq_ratio_0_7	c0_ratio_0_7	ts_1	elapsed_1	pkg_1	pp0_1	dram_1	freq_ratio_1_0	c0_ratio_1_0	freq_ratio_1_1	c0_ratio_1_1	freq_ratio_1_2	c0_ratio_1_2	freq_ratio_1_3	c0_ratio_1_3	freq_ratio_1_4	c0_ratio_1_4	freq_ratio_1_5	c0_ratio_1_5	freq_ratio_1_6	c0_ratio_1_6	freq_ratio_1_7	c0_ratio_1_7	
1350072086.580413	1.000392	47.796390	34.460080	3.803822	1.269116	0.998933	1.229646	0.000556	1.231393	0.000076	1.231260	0.000074	1.269116	0.998922	1.230784	0.000393	1.231440	0.000054	1.231065	0.000048	1350072086.580583	1.000387	46.702464	33.422705	2.138699	1.269127	0.999030	1.230757	0.000493	1.228510	0.000059	1.232175	0.000068	1.269128	0.999029	1.230425	0.000428	1.227166	0.000058	1.227646	0.000067	
1350072087.580404	0.999991	47.977821	34.623101	3.785938	1.269168	0.999398	1.231589	0.000283	1.225003	0.000047	1.214439	0.000016	1.269168	0.999397	1.230762	0.000131	1.226901	0.000009	1.231215	0.000010	1350072087.580580	0.999997	46.723976	33.456616	1.817297	1.269157	0.999439	1.229193	0.000227	1.220505	0.000018	1.214432	0.000017	1.269170	0.999432	1.232201	0.000247	1.248614	0.000011	1.248623	0.000010	
1350072088.580403	0.999999	48.050934	34.691653	3.797550	1.269151	0.999225	1.228457	0.000240	1.230931	0.000010	1.230753	0.000143	1.269151	0.999223	1.230485	0.000169	1.230487	0.000067	1.230322	0.000042	1350072088.580581	1.000001	46.785356	33.499876	1.775831	1.269164	0.999267	1.230745	0.000301	1.230415	0.000061	1.231740	0.000064	1.269143	0.999267	1.230638	0.000299	1.230934	0.000037	1.230812	0.000113	
1350072089.580410	1.000007	48.057514	34.695881	3.797322	1.269066	0.999224	1.230517	0.002040	1.224215	0.000054	1.212878	0.000017	1.269066	0.999223	1.230939	0.000147	1.231947	0.000010	1.230931	0.000009	1350072089.580588	1.000007	46.828824	33.538480	1.870638	1.269167	0.999419	1.228957	0.000249	1.213928	0.000019	1.213163	0.000019	1.269173	0.999419	1.233053	0.000264	1.228192	0.000011	1.230146	0.000010	
1350072090.580404	0.999994	49.184116	35.820419	3.811943	1.241623	0.999363	1.172181	0.003496	1.158396	0.002426	1.160791	0.002417	1.241621	0.999351	1.163089	0.002357	1.157040	0.002121	1.157643	0.002103	1350072090.580612	1.000024	49.587475	36.295147	1.947081	1.216457	0.999417	1.170698	0.003107	1.159747	0.002362	1.157508	0.001977	1.216451	0.999404	1.169699	0.003869	1.158044	0.002206	1.159685	0.002352	
1350072091.580404	1.000000	48.045441	34.684128	3.801193	1.269159	0.999341	1.228225	0.000283	1.225256	0.000050	1.215996	0.000051	1.269162	0.999351	1.235104	0.000157	1.219955	0.000041	1.221212	0.000039	1350072091.580583	0.999971	46.861257	33.564834	1.900812	1.269157	0.999392	1.230692	0.000255	1.221177	0.000053	1.228470	0.000018	1.269164	0.999404	1.230011	0.000241	1.260297	0.000010	1.247166	0.000010	
1350072092.580403	0.999999	48.062271	34.698306	3.793522	1.269152	0.999202	1.230728	0.000254	1.230737	0.000009	1.230514	0.000121	1.269152	0.999201	1.226783	0.000164	1.230255	0.000039	1.230872	0.000039	1350072092.580578	0.999995	46.859259	33.568909	1.811502	1.269145	0.999203	1.229039	0.000276	1.231365	0.000073	1.232263	0.000040	1.269145	0.999203	1.230794	0.000298	1.231645	0.000037	1.232425	0.000145	
1350072093.580404	1.000001	48.038361	34.676725	3.786373	1.269169	0.999394	1.229496	0.000268	1.224143	0.000045	1.214450	0.000018	1.269169	0.999395	1.235202	0.000143	1.230700	0.000009	1.232152	0.000010	1350072093.580577	0.999999	46.853103	33.562059	1.773027	1.269150	0.999376	1.232037	0.000244	1.213451	0.000019	1.207288	0.000018	1.269164	0.999375	1.232285	0.000261	1.208134	0.000011	1.210415	0.000010	
1350072094.580403	0.999999	48.053757	34.689227	3.797581	1.269170	0.999395	1.230593	0.000234	1.233837	0.000010	1.217868	0.000039	1.269170	0.999394	1.226629	0.000167	1.217657	0.000037	1.218402	0.000044	1350072094.580572	0.999995	46.862204	33.565766	1.795312	1.269177	0.999376	1.227873	0.000278	1.227291	0.000052	1.233025	0.000053	1.269162	0.999376	1.229076	0.000266	1.236463	0.000039	1.235353	0.000047	
1350072095.580404	1.000001	48.061890	34.696882	3.797573	1.269132	0.999070	1.231246	0.000523	1.224233	0.000056	1.237541	0.000029	1.269132	0.999063	1.235032	0.000156	1.252334	0.000022	1.253095	0.000022	1350072095.580578	1.000006	46.862224	33.564375	1.838871	1.269152	0.999269	1.231964	0.000320	1.229829	0.000105	1.213870	0.000017	1.269152	0.999266	1.232557	0.000264	1.228702	0.000010	1.207162	0.000011	
1350072096.580403	0.999999	48.040421	34.677569	3.797733	1.269171	0.999419	1.228208	0.000217	1.238247	0.000010	1.231479	0.000064	1.269171	0.999418	1.226738	0.000161	1.230928	0.000038	1.231717	0.000043	1350072096.580576	0.999998	46.877638	33.578860	1.960041	1.269134	0.999098	1.229097	0.000302	1.230756	0.000067	1.231014	0.000086	1.269135	0.999097	1.229149	0.000307	1.230736	0.000064	1.228815	0.000181	
1350072097.580403	1.000000	48.047592	34.684509	3.805191	1.269165	0.999353	1.231563	0.000281	1.224277	0.000045	1.213808	0.000018	1.269165	0.999351	1.235174	0.000145	1.231717	0.000009	1.230199	0.000010	1350072097.580579	1.000003	46.888664	33.585101	1.733698	1.269167	0.999395	1.231115	0.000251	1.212502	0.000019	1.211160	0.000018	1.269167	0.999394	1.230676	0.000254	1.230786	0.000011	1.261395	0.000019	
1350072098.580403	1.000000	47.917801	34.559723	3.801636	1.269156	0.999308	1.230710	0.000285	1.230064	0.000016	1.230557	0.000044	1.269156	0.999308	1.226944	0.000174	1.230856	0.000066	1.231198	0.000048	1350072098.580578	0.999999	46.798522	33.496248	1.937731	1.269146	0.999334	1.229146	0.000275	1.230634	0.000084	1.231847	0.000064	1.269145	0.999334	1.230802	0.000299	1.230900	0.000052	1.230942	0.000060	
1350072099.580403	1.000000	48.053360	34.692963	3.805161	1.268995	0.999288	1.230495	0.004068	1.223804	0.000045	1.213182	0.000017	1.268995	0.999288	1.235411	0.000139	1.228947	0.000009	1.225447	0.000010	1350072099.580578	1.000000	46.904190	33.603928	1.831421	1.269163	0.999354	1.231367	0.000279	1.216438	0.000018	1.214891	0.000017	1.269163	0.999350	1.232952	0.000268	1.228372	0.000010	1.220299	0.000010	
1350072100.580403	1.000000	48.039612	34.683395	3.793640	1.269143	0.999180	1.232316	0.000504	1.236192	0.000010	1.231617	0.000048	1.269143	0.999179	1.226213	0.000151	1.230527	0.000037	1.231766	0.000041	1350072100.580582	1.000004	46.900277	33.596086	1.833992	1.269149	0.999290	1.229356	0.000352	1.230862	0.000147	1.230949	0.000060	1.269149	0.999290	1.228540	0.000279	1.231103	0.000050	1.232356	0.000068	
1350072101.580403	1.000000	48.032547	34.677826	3.801270	1.269165	0.999355	1.226871	0.000271	1.224181	0.000044	1.215140	0.000016	1.269165	0.999354	1.235160	0.000153	1.232410	0.000009	1.230878	0.000010	1350072101.580580	0.999998	46.842375	33.554690	1.834919	1.269156	0.999289	1.231189	0.000294	1.225394	0.000056	1.213381	0.000017	1.269156	0.999289	1.232887	0.000275	1.229780	0.000010	1.210022	0.000010	
1350072102.580403	1.000000	47.998703	34.641876	3.793915	1.269171	0.999416	1.230685	0.000236	1.232437	0.000010	1.230330	0.000049	1.269171	0.999417	1.226280	0.000145	1.230413	0.000035	1.229771	0.000038	1350072102.580572	0.999992	46.885771	33.585035	1.823165	1.269163	0.999364	1.228813	0.000251	1.231233	0.000051	1.230738	0.000057	1.269163	0.999375	1.228481	0.000275	1.230942	0.000044	1.235367	0.000048	
1350072103.580403	1.000000	47.972870	34.614502	3.782181	1.269165	0.999355	1.229557	0.000276	1.224231	0.000044	1.214492	0.000018	1.269165	0.999354	1.234897	0.000154	1.232202	0.000009	1.234086	0.000010	1350072103.580575	1.000003	46.891426	33.584933	1.768259	1.269165	0.999387	1.231379	0.000266	1.212604	0.000018	1.216493	0.000017	1.269165	0.999374	1.230715	0.000248	1.220331	0.000011	1.209881	0.000010	
1350072104.580403	1.000000	47.937500	34.594849	3.797775	1.269169	0.999396	1.230914	0.000241	1.232939	0.000010	1.230768	0.000043	1.269169	0.999396	1.226145	0.000143	1.230762	0.000055	1.230846	0.000040	1350072104.580572	0.999997	46.899926	33.593015	1.959006	1.269161	0.999376	1.228904	0.000279	1.230703	0.000054	1.230987	0.000058	1.269161	0.999375	1.230791	0.000291	1.233272	0.000044	1.234302	0.000057	
1350072105.580403	1.000000	47.984711	34.626968	3.797699	1.269143	0.999178	1.230326	0.000523	1.222994	0.000043	1.211841	0.000016	1.269143	0.999176	1.230465	0.000139	1.229996	0.000009	1.229023	0.000010	1350072105.580598	1.000026	46.896288	33.594510	1.834822	1.269147	0.999225	1.229479	0.000364	1.228174	0.000113	1.214868	0.000017	1.269147	0.999226	1.233058	0.000262	1.229552	0.000010	1.230958	0.000010	
1350072106.580403	1.000000	47.981842	34.623215	3.797562	1.269166	0.999353	1.232842	0.000258	1.233621	0.000009	1.217714	0.000037	1.269167	0.999353	1.230900	0.000162	1.216766	0.000036	1.217509	0.000038	1350072106.580575	0.999977	46.885701	33.582724	1.899122	1.269162	0.999376	1.231233	0.000260	1.230915	0.000039	1.231119	0.000058	1.269162	0.999375	1.228487	0.000277	1.230725	0.000059	1.231190	0.000059	
1350072107.580404	1.000001	47.987915	34.628995	3.801678	1.269159	0.999290	1.226690	0.000254	1.225364	0.000057	1.239330	0.000028	1.269159	0.999290	1.230741	0.000157	1.254819	0.000021	1.256228	0.000021	1350072107.580572	0.999997	46.880074	33.579007	1.768240	1.269165	0.999378	1.229344	0.000250	1.214939	0.000018	1.213526	0.000017	1.269165	0.999378	1.233044	0.000251	1.230222	0.000010	1.191297	0.000011	
1350072108.580403	0.999999	47.959976	34.600176	3.805195	1.269167	0.999374	1.233595	0.000250	1.234176	0.000009	1.230769	0.000066	1.269167	0.999373	1.230399	0.000162	1.229562	0.000036	1.230392	0.000040	1350072108.580567	0.999995	46.901953	33.597992	1.914057	1.269147	0.999216	1.230812	0.000291	1.230647	0.000078	1.231221	0.000077	1.269148	0.999227	1.228783	0.000311	1.230625	0.000068	1.228847	0.000093	
1350072109.580403	1.000000	47.961563	34.603958	3.793671	1.269062	0.999245	1.230195	0.001854	1.224051	0.000043	1.212633	0.000017	1.269062	0.999243	1.231087	0.000146	1.234638	0.000009	1.232203	0.000010	1350072109.580581	1.000014	46.893566	33.587861	1.782537	1.269166	0.999408	1.229453	0.000252	1.213425	0.000019	1.212411	0.000018	1.269166	0.999396	1.230683	0.000259	1.221155	0.000011	1.249075	0.000020	
1350072110.580403	1.000000	47.958557	34.597641	3.789825	1.269136	0.999203	1.231100	0.000483	1.228904	0.000009	1.229678	0.000039	1.269136	0.999202	1.230615	0.000167	1.230536	0.000051	1.229931	0.000037	1350072110.580574	0.999993	46.901035	33.593463	1.783490	1.269148	0.999260	1.230738	0.000372	1.230779	0.000137	1.231492	0.000051	1.269148	0.999271	1.230763	0.000282	1.230845	0.000052	1.235225	0.000045	
1350072111.580405	1.000002	715815295.324937	715786482.545115	715809800.649764	0.999984	1.000177	0.999981	1.000180	0.999992	1.000180	0.999982	1.000171	0.999984	1.000179	0.999986	1.000175	0.999984	1.000182	0.999983	1.000175	1350072111.580493	0.999919	715881285.946649	715848051.677834	715832946.710272	0.999983	1.000175	0.999981	1.000179	3.893431	0.256887	0.999983	1.000176	0.999984	1.000181	0.999986	1.000174	0.999983	1.000178	0.999984	1.000181	
1350072112.580442	1.000037	0.000000	0.000000	0.000000	-nan	-nan	-nan	-nan	0.000000	inf	-nan	-nan	-nan	0.000000	-nan	-nan	-nan	-nan	-nan	-nan	1350072112.580514	1.000021	0.000000	0.000000	0.000000	-nan	-nan	-nan	-nan	0.000000	inf	-nan	-nan	-nan	-nan	-nan	-nan	-nan	-nan	-nan	-nan	
