ts_0	elapsed_0	pkg_0	pp0_0	dram_0	freq_ratio_0_0	c0_ratio_0_0	freq_ratio_0_1	c0_ratio_0_1	freq_ratio_0_2	c0_ratio_0_2	freq_ratio_0_3	c0_ratio_0_3	freq_ratio_0_4	c0_ratio_0_4	freq_ratio_0_5	c0_ratio_0_5	freq_ratio_0_6	c0_ratio_0_6	freq_ratio_0_7	c0_ratio_0_7	ts_1	elapsed_1	pkg_1	pp0_1	dram_1	freq_ratio_1_0	c0_ratio_1_0	freq_ratio_1_1	c0_ratio_1_1	freq_ratio_1_2	c0_ratio_1_2	freq_ratio_1_3	c0_ratio_1_3	freq_ratio_1_4	c0_ratio_1_4	freq_ratio_1_5	c0_ratio_1_5	freq_ratio_1_6	c0_ratio_1_6	freq_ratio_1_7	c0_ratio_1_7	
1350072086.579265	1.000403	46.933558	33.791743	4.980583	1.269120	0.998993	1.230068	0.000406	1.227227	0.000079	1.246546	0.000090	1.269120	0.998981	1.230713	0.000361	1.230492	0.000093	1.231135	0.000069	1350072086.579437	1.000398	46.881751	33.799935	2.769894	1.269125	0.999033	1.229999	0.000326	1.225809	0.000077	1.226129	0.000075	1.269125	0.999033	1.230229	0.000405	1.226730	0.000057	1.230021	0.000219	
1350072087.579248	0.999983	46.977495	33.837594	4.947838	1.269163	0.999310	1.228672	0.000275	1.230492	0.000009	1.230790	0.000030	1.269163	0.999310	1.230650	0.000190	1.230173	0.000009	1.229831	0.000009	1350072087.579418	0.999981	46.999203	33.905813	2.710928	1.269148	0.999357	1.230807	0.000225	1.230771	0.000043	1.230735	0.000010	1.269161	0.999356	1.231598	0.000251	1.250227	0.000011	1.231988	0.000170	
1350072088.579248	1.000000	47.023743	33.884201	4.963348	1.269138	0.999105	1.229667	0.000299	1.225404	0.000051	1.228919	0.000132	1.269138	0.999105	1.228694	0.000217	1.230882	0.000039	1.230660	0.000036	1350072088.579419	1.000001	47.050645	33.950682	2.729627	1.269167	0.999311	1.229171	0.000242	1.226456	0.000067	1.226728	0.000064	1.269153	0.999310	1.230714	0.000289	1.226147	0.000044	1.229509	0.000150	
1350072089.579248	1.000000	47.221191	34.079590	4.961609	1.265513	0.998990	1.174375	0.003964	1.157426	0.002561	1.158996	0.002652	1.265513	0.998989	1.162863	0.002692	1.157359	0.002167	1.156293	0.002251	1350072089.579426	1.000007	47.215692	34.109139	2.713177	1.268293	0.999153	1.161712	0.002740	1.157762	0.002327	1.157489	0.002322	1.268293	0.999153	1.164535	0.002610	1.157747	0.002304	1.170850	0.004011	
1350072090.579248	1.000000	46.979843	33.853134	4.962982	1.269152	0.999243	1.229554	0.000277	1.225051	0.000049	1.226550	0.000060	1.269152	0.999235	1.230858	0.000237	1.230501	0.000063	1.230282	0.000037	1350072090.579423	0.999997	47.118325	34.011046	2.739602	1.269139	0.999164	1.229437	0.000233	1.225545	0.000053	1.225194	0.000050	1.269139	0.999163	1.230573	0.000283	1.230283	0.000037	1.230370	0.000246	
1350072091.579248	1.000000	47.053696	33.913757	4.958054	1.269070	0.999126	1.230584	0.002038	1.220999	0.000060	1.223625	0.000090	1.269070	0.999125	1.230578	0.000174	1.199139	0.000029	1.198556	0.000030	1350072091.579414	0.999991	47.121124	34.013202	2.705240	1.269156	0.999419	1.230642	0.000170	1.230590	0.000043	1.231187	0.000017	1.269169	0.999418	1.230704	0.000245	1.232972	0.000018	1.231448	0.000137	
1350072092.579248	1.000000	47.029648	33.890457	4.952866	1.269136	0.999050	1.229652	0.000290	1.216659	0.000056	1.228826	0.000133	1.269136	0.999050	1.231373	0.000208	1.216342	0.000036	1.219980	0.000049	1350072092.579417	1.000003	47.132529	34.024537	2.709449	1.269141	0.999222	1.229949	0.000363	1.226453	0.000066	1.225921	0.000062	1.269142	0.999225	1.230793	0.000289	1.225490	0.000053	1.229223	0.000182	
1350072093.579248	1.000000	47.033234	33.892746	4.963348	1.269166	0.999332	1.228029	0.000257	1.235722	0.000006	1.213292	0.000030	1.269165	0.999331	1.230660	0.000188	1.231027	0.000010	1.230155	0.000010	1350072093.579430	1.000013	47.156837	34.045864	2.694529	1.269187	0.999440	1.230199	0.000140	1.229847	0.000042	1.231756	0.000010	1.269173	0.999440	1.230596	0.000224	1.253765	0.000011	1.233038	0.000122	
1350072094.579248	1.000000	47.046448	33.906342	4.972885	1.269123	0.998984	1.230033	0.000497	1.235128	0.000055	1.234465	0.000070	1.269123	0.998984	1.230124	0.000228	1.238372	0.000069	1.241885	0.000049	1350072094.579423	0.999993	47.181494	34.070258	2.706226	1.269113	0.999051	1.229347	0.000260	1.226536	0.000072	1.228341	0.000111	1.269127	0.999050	1.230721	0.000309	1.229580	0.000070	1.229861	0.000247	
1350072095.579248	1.000000	47.046555	33.906494	4.948395	1.269161	0.999287	1.233398	0.000275	1.230760	0.000010	1.230981	0.000030	1.269161	0.999286	1.230814	0.000190	1.230368	0.000009	1.232214	0.000009	1350072095.579416	0.999993	47.167044	34.052909	2.692020	1.269185	0.999408	1.230933	0.000120	1.230636	0.000043	1.230649	0.000027	1.269170	0.999418	1.230749	0.000237	1.238120	0.000007	1.232248	0.000142	
1350072096.579248	1.000000	47.065277	33.925522	4.962997	1.269132	0.999094	1.230076	0.000466	1.225867	0.000056	1.228667	0.000119	1.269132	0.999096	1.230703	0.000226	1.230418	0.000037	1.230388	0.000037	1350072096.579413	0.999997	47.177575	34.063048	2.711404	1.269150	0.999287	1.229390	0.000229	1.225189	0.000066	1.226460	0.000060	1.269150	0.999276	1.230679	0.000279	1.228711	0.000054	1.230852	0.000161	
1350072097.579248	1.000000	47.067307	33.928619	4.963226	1.269168	0.999353	1.230615	0.000247	1.231423	0.000009	1.229886	0.000030	1.269167	0.999353	1.230629	0.000175	1.227924	0.000009	1.226751	0.000009	1350072097.579417	1.000004	47.188667	34.072448	2.694462	1.269161	0.999354	1.230749	0.000259	1.233120	0.000043	1.231064	0.000010	1.269162	0.999354	1.230725	0.000245	1.244346	0.000010	1.230676	0.000140	
1350072098.579249	1.000001	46.927781	33.788710	4.968150	1.269146	0.999201	1.227248	0.000295	1.224910	0.000048	1.227205	0.000062	1.269145	0.999201	1.230648	0.000214	1.231146	0.000055	1.231744	0.000042	1350072098.579420	1.000003	46.978126	33.874330	2.713828	1.269146	0.999311	1.229316	0.000234	1.224865	0.000072	1.224647	0.000060	1.269140	0.999309	1.230713	0.000256	1.230784	0.000053	1.230744	0.000176	
1350072099.579248	0.999999	47.050033	33.910082	4.973226	1.269128	0.999096	1.232084	0.000531	1.230376	0.000010	1.230561	0.000030	1.269128	0.999096	1.230780	0.000190	1.232128	0.000009	1.230392	0.000009	1350072099.579419	0.999999	47.198180	34.081667	2.708087	1.269165	0.999378	1.230499	0.000155	1.234160	0.000043	1.233649	0.000043	1.269165	0.999377	1.230718	0.000237	1.231173	0.000017	1.230969	0.000129	
1350072100.579248	1.000000	47.054474	33.914810	4.963226	1.269158	0.999292	1.229371	0.000239	1.223695	0.000046	1.226112	0.000058	1.269158	0.999292	1.230749	0.000224	1.230394	0.000036	1.230648	0.000035	1350072100.579426	1.000007	47.197428	34.082162	2.705700	1.269155	0.999312	1.229265	0.000191	1.225581	0.000056	1.225394	0.000061	1.269162	0.999311	1.230741	0.000282	1.230709	0.000044	1.230746	0.000152	
1350072101.579248	1.000000	47.049530	33.909195	4.963120	1.269083	0.999136	1.230768	0.001851	1.231603	0.000015	1.230882	0.000030	1.269083	0.999136	1.230547	0.000175	1.231559	0.000009	1.232853	0.000009	1350072101.579420	0.999994	47.228400	34.113378	2.700013	1.269172	0.999419	1.230651	0.000159	1.230962	0.000036	1.231048	0.000017	1.269171	0.999419	1.230666	0.000223	1.229917	0.000018	1.230747	0.000109	
1350072102.579248	1.000000	47.052597	33.912415	4.952972	1.269149	0.999222	1.229676	0.000316	1.226249	0.000062	1.225514	0.000058	1.269149	0.999222	1.230762	0.000231	1.230418	0.000043	1.230382	0.000058	1350072102.579420	1.000000	47.220673	34.105011	2.705368	1.269134	0.999269	1.229760	0.000273	1.225685	0.000055	1.224538	0.000059	1.269147	0.999268	1.230745	0.000276	1.230768	0.000051	1.230802	0.000202	
1350072103.579248	1.000000	47.047333	33.906723	4.948181	1.269168	0.999352	1.227830	0.000236	1.232464	0.000010	1.230088	0.000029	1.269168	0.999352	1.230682	0.000175	1.230967	0.000009	1.232288	0.000009	1350072103.579420	1.000000	47.191299	34.077835	2.697357	1.269183	0.999385	1.230829	0.000154	1.230897	0.000041	1.234360	0.000010	1.269169	0.999396	1.230796	0.000259	1.231540	0.000011	1.230765	0.000114	
1350072104.579248	1.000000	47.028625	33.888367	4.953339	1.269134	0.999094	1.230050	0.000512	1.211304	0.000046	1.225764	0.000059	1.269134	0.999094	1.231372	0.000205	1.216487	0.000036	1.215675	0.000036	1350072104.579424	1.000004	47.205009	34.090453	2.702443	1.269153	0.999302	1.229158	0.000210	1.224506	0.000050	1.227247	0.000085	1.269153	0.999290	1.230781	0.000255	1.230538	0.000043	1.230834	0.000143	
1350072105.579248	1.000000	47.021988	33.882996	4.963013	1.269162	0.999309	1.233385	0.000278	1.231960	0.000010	1.213937	0.000030	1.269162	0.999309	1.230681	0.000187	1.231245	0.000010	1.230943	0.000010	1350072105.579442	1.000018	47.220713	34.106888	2.692060	1.269168	0.999399	1.230644	0.000162	1.231709	0.000043	1.230936	0.000037	1.269168	0.999399	1.230706	0.000229	1.232677	0.000011	1.231010	0.000135	
1350072106.579249	1.000001	47.021958	33.882704	4.962977	1.269146	0.999162	1.229521	0.000261	1.235708	0.000056	1.234775	0.000068	1.269146	0.999162	1.230087	0.000236	1.240605	0.000051	1.242075	0.000049	1350072106.579424	0.999982	47.209325	34.096130	2.711093	1.269143	0.999204	1.229218	0.000216	1.226847	0.000082	1.227718	0.000091	1.269143	0.999200	1.230577	0.000299	1.230517	0.000075	1.230591	0.000198	
1350072107.579248	0.999999	47.004302	33.864229	4.963139	1.269164	0.999310	1.230679	0.000265	1.229737	0.000010	1.230637	0.000030	1.269164	0.999310	1.230871	0.000174	1.230342	0.000009	1.228645	0.000009	1350072107.579418	0.999994	47.207068	34.093633	2.691834	1.269160	0.999333	1.230720	0.000265	1.230577	0.000043	1.230635	0.000010	1.269160	0.999332	1.230732	0.000252	1.229525	0.000007	1.230813	0.000167	
1350072108.579248	1.000000	47.012421	33.874161	4.947983	1.269158	0.999289	1.226349	0.000244	1.224821	0.000052	1.225196	0.000059	1.269157	0.999288	1.230660	0.000223	1.231033	0.000035	1.230894	0.000036	1350072108.579415	0.999997	47.198251	34.083190	2.697808	1.269159	0.999332	1.229020	0.000174	1.224859	0.000057	1.225258	0.000059	1.269152	0.999331	1.230288	0.000267	1.226189	0.000048	1.229206	0.000143	
1350072109.579248	1.000000	47.018631	33.879288	4.958313	1.269140	0.999115	1.232190	0.000499	1.232291	0.000009	1.230492	0.000030	1.269140	0.999115	1.230750	0.000189	1.229213	0.000009	1.230935	0.000009	1350072109.579414	0.999999	47.186187	34.070818	2.705447	1.269162	0.999333	1.230820	0.000189	1.230676	0.000044	1.230985	0.000043	1.269168	0.999333	1.231155	0.000245	1.243645	0.000018	1.232447	0.000129	
1350072110.579248	1.000000	47.011856	33.872025	4.953262	1.269160	0.999311	1.229375	0.000232	1.224106	0.000043	1.226719	0.000057	1.269160	0.999311	1.230626	0.000209	1.231160	0.000039	1.230696	0.000037	1350072110.579418	1.000004	47.202552	34.087890	2.702885	1.269161	0.999364	1.228585	0.000173	1.226237	0.000062	1.226118	0.000051	1.269162	0.999371	1.230356	0.000254	1.226110	0.000044	1.229427	0.000155	
1350072111.579249	1.000001	715822899.860516	715821034.225820	715774836.542888	0.999986	1.000187	0.999983	1.000191	0.999993	1.000188	0.999985	1.000187	0.999986	1.000191	0.999988	1.000185	0.999986	1.000191	0.999986	1.000188	1350072111.579335	0.999917	715842343.244116	715882050.546919	715839961.457785	0.999986	1.000188	0.999983	1.000191	3.893327	0.256896	0.999986	1.000188	0.999986	1.000191	0.999988	1.000185	0.999986	1.000191	0.999986	1.000189	
1350072112.579272	1.000023	0.000000	0.000000	0.000000	-nan	-nan	-nan	-nan	8.000000	inf	-nan	-nan	-nan	0.000000	-nan	-nan	-nan	-nan	-nan	-nan	1350072112.579346	1.000011	0.000000	0.000000	0.000000	-nan	-nan	-nan	-nan	0.000000	inf	-nan	-nan	-nan	-nan	-nan	-nan	-nan	-nan	-nan	-nan	
