ts_0	elapsed_0	pkg_0	pp0_0	dram_0	freq_ratio_0_0	c0_ratio_0_0	freq_ratio_0_1	c0_ratio_0_1	freq_ratio_0_2	c0_ratio_0_2	freq_ratio_0_3	c0_ratio_0_3	freq_ratio_0_4	c0_ratio_0_4	freq_ratio_0_5	c0_ratio_0_5	freq_ratio_0_6	c0_ratio_0_6	freq_ratio_0_7	c0_ratio_0_7	ts_1	elapsed_1	pkg_1	pp0_1	dram_1	freq_ratio_1_0	c0_ratio_1_0	freq_ratio_1_1	c0_ratio_1_1	freq_ratio_1_2	c0_ratio_1_2	freq_ratio_1_3	c0_ratio_1_3	freq_ratio_1_4	c0_ratio_1_4	freq_ratio_1_5	c0_ratio_1_5	freq_ratio_1_6	c0_ratio_1_6	freq_ratio_1_7	c0_ratio_1_7	
1350072086.580491	1.000391	47.497877	34.376741	6.118015	1.243777	0.998450	1.172065	0.004334	1.158866	0.002757	1.159990	0.002745	1.243778	0.998438	1.163409	0.003062	1.156261	0.002173	1.156413	0.002449	1350072086.580667	1.000359	45.899779	32.756015	2.925067	1.160318	0.002180	1.268777	0.998681	1.168999	0.002532	1.159355	0.001940	1.268776	0.998679	1.178635	0.004048	1.160688	0.001972	1.169009	0.002187	
1350072087.580488	0.999997	46.301978	33.181057	6.109089	1.269069	0.998317	1.230849	0.000297	1.231357	0.000046	1.230758	0.000902	1.269069	0.998315	1.230573	0.000188	1.229162	0.000009	1.231849	0.000009	1350072087.580665	0.999998	45.912823	32.763704	2.791647	1.228609	0.000058	1.269161	0.999331	1.230771	0.000271	1.230834	0.000010	1.269161	0.999331	1.231400	0.000306	1.263537	0.000007	1.234759	0.000051	
1350072088.580488	1.000000	46.317322	33.196304	6.090576	1.268777	0.996374	1.229435	0.000283	1.223839	0.000047	1.230671	0.002540	1.268777	0.996373	1.230811	0.000225	1.231807	0.000037	1.230920	0.000062	1350072088.580654	0.999989	45.941758	32.792565	3.273290	1.225970	0.000024	1.269142	0.999268	1.229625	0.000303	1.226313	0.000064	1.269149	0.999267	1.230723	0.000345	1.227770	0.000048	1.229565	0.000096	
1350072089.580488	1.000000	46.358887	33.236359	6.109070	1.269074	0.998343	1.230864	0.000281	1.230934	0.000027	1.230760	0.000888	1.269074	0.998341	1.230491	0.000173	1.224979	0.000009	1.229547	0.000009	1350072089.580664	1.000010	45.973920	32.823249	2.862688	1.230166	0.000069	1.269163	0.999310	1.230815	0.000263	1.227586	0.000011	1.269156	0.999310	1.230705	0.000341	1.244213	0.000011	1.231985	0.000105	
1350072090.580488	1.000000	46.359268	33.236298	6.109070	1.268430	0.993709	1.230671	0.002620	1.224896	0.000055	1.230674	0.002593	1.268429	0.993705	1.230908	0.000224	1.231592	0.000037	1.230931	0.000036	1350072090.580663	0.999999	45.984098	32.829484	3.776584	1.223025	0.000031	1.269152	0.999290	1.229613	0.000294	1.225664	0.000063	1.269152	0.999290	1.230717	0.000348	1.230211	0.000049	1.230955	0.000065	
1350072091.580488	1.000000	46.336945	33.214905	6.109070	1.268328	0.992991	1.230717	0.005512	1.222523	0.000319	1.229823	0.000062	1.268328	0.992990	1.230620	0.000186	1.231485	0.000018	1.230653	0.000018	1350072091.580656	0.999993	45.983640	32.827742	3.830364	1.230651	0.000072	1.269153	0.999249	1.230708	0.000277	1.230692	0.000064	1.269153	0.999248	1.230357	0.000331	1.219801	0.000018	1.223327	0.000030	
1350072092.580488	1.000000	46.364212	33.241409	6.146057	1.268424	0.993103	1.230635	0.002823	1.230920	0.002694	1.226577	0.000064	1.268423	0.993099	1.230754	0.000214	1.230579	0.000034	1.230773	0.000062	1350072092.580658	1.000002	45.944004	32.799529	3.822472	1.222034	0.000042	1.269137	0.999139	1.229671	0.000289	1.225397	0.000047	1.269136	0.999139	1.231059	0.000350	1.237099	0.000036	1.232125	0.000150	
1350072093.580488	1.000000	46.346817	33.224884	6.133728	1.268558	0.993146	1.230727	0.000267	1.230764	0.005198	1.230251	0.000028	1.268558	0.993141	1.230509	0.000173	1.227347	0.000009	1.230674	0.000010	1350072093.580659	1.000001	45.994158	32.841277	3.823483	1.230635	0.000051	1.269165	0.999352	1.230774	0.000234	1.230936	0.000010	1.269165	0.999353	1.230733	0.000321	1.217244	0.000011	1.229141	0.000030	
1350072094.580488	1.000000	46.320755	33.211761	6.139893	1.268536	0.992921	1.229585	0.000272	1.230711	0.005245	1.228663	0.000117	1.268535	0.992915	1.230852	0.000219	1.231242	0.000036	1.231050	0.000037	1350072094.580660	1.000001	46.011034	32.857192	3.831326	1.222127	0.000031	1.269146	0.999227	1.229768	0.000274	1.225659	0.000051	1.269146	0.999227	1.230716	0.000392	1.234686	0.000036	1.231116	0.000140	
1350072095.580488	1.000000	46.344543	33.221390	6.109070	1.268556	0.993097	1.230589	0.000262	1.230630	0.005162	1.230955	0.000029	1.268556	0.993091	1.230704	0.000181	1.230482	0.000009	1.230127	0.000010	1350072095.580667	1.000007	46.026552	32.872072	3.830921	1.230256	0.000051	1.268999	0.999243	1.230764	0.000267	1.229596	0.000017	1.268999	0.999249	1.230771	0.004291	1.230511	0.000018	1.230658	0.000037	
1350072096.580488	1.000000	46.321472	33.198990	6.090424	1.268493	0.993161	1.230576	0.001833	1.230872	0.003887	1.227387	0.000077	1.268492	0.993157	1.231271	0.000216	1.216549	0.000036	1.221765	0.000058	1350072096.580672	1.000005	46.023299	32.869342	3.834759	1.219396	0.000026	1.269131	0.999139	1.229606	0.000261	1.226706	0.000051	1.269138	0.999134	1.230252	0.000440	1.224639	0.000037	1.229266	0.000135	
1350072097.580488	1.000000	46.347366	33.225403	6.127563	1.269165	0.999330	1.230786	0.000245	1.208472	0.000028	1.213174	0.000029	1.269165	0.999330	1.230912	0.000195	1.230740	0.000010	1.228462	0.000010	1350072097.580656	0.999984	46.015353	32.856360	2.725843	1.225532	0.000057	1.268435	0.992903	1.230787	0.000328	1.226865	0.000010	1.268427	0.992896	1.230761	0.005208	1.251516	0.000011	1.233757	0.000036	
1350072098.580488	1.000000	46.314545	33.191986	6.096741	1.269138	0.999117	1.229673	0.000317	1.236576	0.000061	1.233514	0.000076	1.269138	0.999117	1.229985	0.000239	1.240372	0.000054	1.241255	0.000053	1350072098.580664	1.000008	45.911752	32.754373	2.743951	1.228666	0.000057	1.268546	0.994001	1.229967	0.000367	1.227137	0.000094	1.268552	0.993994	1.230715	0.003069	1.230969	0.000081	1.230864	0.001223	
1350072099.580488	1.000000	46.359482	33.236252	6.139893	1.268937	0.996872	1.230737	0.002366	1.230749	0.000048	1.230709	0.000028	1.268937	0.996871	1.230718	0.000174	1.230945	0.000010	1.231326	0.000010	1350072099.580658	0.999994	46.058502	32.902921	3.136417	1.232737	0.000056	1.269147	0.999115	1.230829	0.000211	1.230913	0.000010	1.269141	0.999114	1.230653	0.000326	1.227861	0.000007	1.230728	0.000264	
1350072100.580488	1.000000	46.336288	33.213898	6.127563	1.268840	0.996529	1.230612	0.002618	1.207875	0.000044	1.226185	0.000057	1.268840	0.996528	1.230699	0.000219	1.230212	0.000034	1.230525	0.000043	1350072100.580660	1.000002	46.059681	32.903624	3.225610	1.203398	0.000025	1.269144	0.999245	1.229742	0.000276	1.224593	0.000051	1.269150	0.999245	1.229918	0.000326	1.225329	0.000041	1.228113	0.000083	
1350072101.580488	1.000000	46.355759	33.233109	6.115234	1.269139	0.999112	1.230694	0.000255	1.233334	0.000274	1.230344	0.000052	1.269139	0.999111	1.230584	0.000174	1.232174	0.000010	1.230557	0.000010	1350072101.580665	1.000005	46.049132	32.892200	2.640505	1.238259	0.000051	1.269165	0.999353	1.230713	0.000185	1.230627	0.000017	1.269164	0.999352	1.231661	0.000284	1.243273	0.000018	1.234992	0.000038	
1350072102.580488	1.000000	46.341843	33.220093	6.115234	1.268994	0.997475	1.229512	0.000263	1.223008	0.000040	1.230573	0.001422	1.268993	0.997474	1.230798	0.000220	1.229880	0.000036	1.230616	0.000037	1350072102.580664	0.999999	46.031385	32.873017	2.945651	1.217865	0.000026	1.268921	0.996987	1.230615	0.001983	1.225376	0.000060	1.268915	0.996981	1.230032	0.000350	1.225867	0.000051	1.227826	0.000058	
1350072103.580488	1.000000	46.312744	33.191040	6.102905	1.268514	0.993029	1.230617	0.000254	1.231815	0.000026	1.230795	0.004829	1.268514	0.993026	1.230673	0.000187	1.232741	0.000010	1.231684	0.000010	1350072103.580655	0.999991	46.048955	32.890984	3.595812	1.227194	0.000055	1.269164	0.999355	1.230780	0.000220	1.232011	0.000010	1.269164	0.999354	1.231454	0.000329	1.252568	0.000011	1.237271	0.000036	
1350072104.580488	1.000000	46.337814	33.217087	6.121399	1.269154	0.999249	1.229633	0.000282	1.208415	0.000046	1.224812	0.000054	1.269154	0.999247	1.230721	0.000205	1.230751	0.000035	1.230672	0.000044	1350072104.580661	1.000006	46.038651	32.879427	2.629715	1.225821	0.000025	1.269144	0.999223	1.229456	0.000241	1.226220	0.000072	1.269144	0.999223	1.230751	0.000374	1.230807	0.000051	1.230707	0.000156	
1350072105.580488	1.000000	46.327164	33.205246	6.121399	1.269068	0.998274	1.230759	0.000281	1.230772	0.000062	1.230749	0.000896	1.269067	0.998273	1.230589	0.000174	1.229956	0.000010	1.229964	0.000010	1350072105.580687	1.000026	45.995097	32.848267	2.801975	1.228419	0.000050	1.269074	0.999204	1.230617	0.000215	1.229832	0.000017	1.269074	0.999203	1.230762	0.001902	1.230727	0.000018	1.230866	0.000038	
1350072106.580488	1.000000	46.322098	33.200119	6.121399	1.268764	0.995993	1.229425	0.000241	1.232086	0.000282	1.230686	0.002706	1.268764	0.995991	1.230811	0.000220	1.231078	0.000035	1.230903	0.000036	1350072106.580663	0.999976	46.050074	32.889693	3.291415	1.224156	0.000024	1.269155	0.999282	1.229326	0.000233	1.224733	0.000052	1.269154	0.999288	1.230739	0.000349	1.220166	0.000036	1.227075	0.000063	
1350072107.580488	1.000000	46.328491	33.205658	6.109070	1.269071	0.998296	1.230745	0.000275	1.230515	0.000028	1.230773	0.000874	1.269071	0.998295	1.230507	0.000189	1.226514	0.000010	1.230829	0.000009	1350072107.580666	1.000003	46.033213	32.872411	2.807731	1.228597	0.000058	1.269162	0.999340	1.230769	0.000213	1.235665	0.000011	1.269162	0.999334	1.230668	0.000312	1.265627	0.000011	1.236264	0.000045	
1350072108.580488	1.000000	46.265503	33.156464	6.121399	1.268866	0.996117	1.229449	0.000257	1.224355	0.000044	1.230691	0.002681	1.268866	0.996114	1.231572	0.000202	1.216644	0.000035	1.216635	0.000037	1350072108.580656	0.999990	46.012027	32.850854	3.284518	1.222962	0.000025	1.269147	0.999288	1.229591	0.000248	1.224851	0.000050	1.269155	0.999285	1.230781	0.000313	1.230088	0.000037	1.230774	0.000076	
1350072109.580488	1.000000	46.323151	33.201065	6.109070	1.269073	0.998321	1.230753	0.000261	1.214490	0.000039	1.230241	0.000882	1.269073	0.998320	1.230701	0.000187	1.232037	0.000010	1.230640	0.000010	1350072109.580658	1.000002	46.010746	32.850996	2.768733	1.226847	0.000064	1.269166	0.999312	1.230775	0.000185	1.231060	0.000010	1.269158	0.999312	1.230653	0.000323	1.232231	0.000011	1.230808	0.000111	
1350072110.580488	1.000000	46.295044	33.172897	6.115234	1.268612	0.993335	1.228727	0.000253	1.225598	0.000071	1.230829	0.004618	1.268612	0.993333	1.230056	0.000217	1.242016	0.000045	1.242396	0.000046	1350072110.580657	0.999999	46.031370	32.872041	3.584018	1.228757	0.000041	1.269137	0.999182	1.229516	0.000279	1.227218	0.000084	1.269144	0.999179	1.230704	0.000345	1.227608	0.000060	1.227707	0.000081	
1350072111.580490	1.000002	715796987.427224	715794791.922028	715796972.666754	0.999988	1.000205	0.999986	1.000209	0.999996	1.000205	0.999988	1.000205	0.999988	1.000208	0.999991	1.000203	0.999988	1.000208	0.999988	1.000206	1350072111.580578	0.999921	715879284.134226	715879159.171804	715865602.495070	0.999988	1.000206	0.999986	1.000208	3.893149	0.256913	0.999988	1.000206	0.999988	1.000208	0.999991	1.000203	0.999988	1.000208	0.999988	1.000206	
1350072112.580488	0.999998	0.000000	0.000000	0.000000	-nan	-nan	-nan	-nan	0.000000	inf	-nan	-nan	-nan	0.000000	-nan	-nan	-nan	-nan	-nan	-nan	1350072112.580557	0.999979	0.000000	0.000000	0.000000	-nan	-nan	-nan	-nan	0.000000	inf	-nan	-nan	-nan	-nan	-nan	-nan	-nan	-nan	-nan	-nan	
