ts_0	elapsed_0	pkg_0	pp0_0	dram_0	freq_ratio_0_0	c0_ratio_0_0	freq_ratio_0_1	c0_ratio_0_1	freq_ratio_0_2	c0_ratio_0_2	freq_ratio_0_3	c0_ratio_0_3	freq_ratio_0_4	c0_ratio_0_4	freq_ratio_0_5	c0_ratio_0_5	freq_ratio_0_6	c0_ratio_0_6	freq_ratio_0_7	c0_ratio_0_7	ts_1	elapsed_1	pkg_1	pp0_1	dram_1	freq_ratio_1_0	c0_ratio_1_0	freq_ratio_1_1	c0_ratio_1_1	freq_ratio_1_2	c0_ratio_1_2	freq_ratio_1_3	c0_ratio_1_3	freq_ratio_1_4	c0_ratio_1_4	freq_ratio_1_5	c0_ratio_1_5	freq_ratio_1_6	c0_ratio_1_6	freq_ratio_1_7	c0_ratio_1_7	
1350068214.088159	1.000266	71.800430	58.661561	6.125903	1.000000	1.000000	1.000000	1.000000	1.000000	1.000000	1.000000	1.000000	1.000000	1.000000	1.000000	1.000000	1.000000	1.000000	1.000000	1.000000	1350068214.088196	1.000254	34.423175	21.275726	2.767989	1.000000	1.000000	1.000000	1.000000	1.000404	0.001702	1.001933	0.000892	0.996909	0.000078	0.997709	0.000085	0.999093	0.000188	0.998261	0.000123	
1350068215.088156	0.999997	67.002085	53.894134	6.121296	1.000000	1.000000	1.000000	1.000000	0.999995	0.250757	1.000000	1.000000	1.000000	1.000000	1.000000	1.000000	1.000000	1.000000	1.000000	1.000000	1350068215.088214	1.000018	38.761087	25.609283	2.737591	1.000000	1.000000	1.000000	1.000000	1.000000	0.752770	1.000053	0.000975	1.029071	0.000008	1.004628	0.000008	0.999922	0.000148	0.999421	0.000048	
1350068216.088155	0.999999	65.529832	52.404789	6.109045	1.000000	1.000000	1.000000	1.000000	1.000122	0.001405	1.000000	1.000000	1.000000	1.000000	1.000000	1.000000	1.000000	1.000000	1.000000	1.000000	1350068216.088210	0.999996	40.116496	26.957842	2.718822	1.000000	1.000000	1.000000	1.000000	1.000001	1.000000	1.000049	0.001209	1.002566	0.000058	1.003322	0.000064	1.002109	0.000125	1.001765	0.000155	
1350068217.088156	1.000001	65.591612	52.465114	6.115229	1.000000	1.000000	1.000000	1.000000	0.999776	0.000964	1.000000	1.000000	1.000000	1.000000	1.000000	1.000000	1.000000	1.000000	1.000000	1.000000	1350068217.088222	1.000012	40.152964	26.994841	2.755796	1.000000	1.000000	1.000000	1.000000	1.000000	1.000000	0.999865	0.001191	0.999863	0.000020	1.000156	0.000020	0.999215	0.000138	0.992977	0.000049	
1350068218.088155	0.999999	65.621278	52.493062	6.115240	1.000000	1.000000	1.000000	1.000000	1.000193	0.001026	1.000000	1.000000	1.000000	1.000000	1.000000	1.000000	1.000000	1.000000	1.000000	1.000000	1350068218.088213	0.999991	40.120450	26.961502	2.708490	1.000000	1.000000	1.000000	1.000000	1.000000	1.000000	1.000107	0.001280	1.000209	0.000057	1.000107	0.000075	1.000444	0.000180	1.003150	0.000109	
1350068219.088155	1.000000	65.639404	52.509720	6.115234	1.000000	1.000000	1.000000	1.000000	1.000442	0.001106	1.000000	1.000000	1.000000	1.000000	1.000000	1.000000	1.000000	1.000000	1.000000	1.000000	1350068219.088218	1.000005	40.123350	26.963992	2.765382	0.999994	1.000000	1.000000	1.000000	1.000000	1.000000	0.999899	0.001517	0.999408	0.000008	0.987847	0.000008	0.999078	0.000190	0.996351	0.000048	
1350068220.088155	1.000000	65.629440	52.500137	6.102905	1.000000	1.000000	1.000000	1.000000	1.000068	0.000948	1.000000	1.000000	1.000000	1.000000	1.000000	1.000000	1.000000	1.000000	1.000000	1.000000	1350068220.088214	0.999996	40.075358	26.914294	2.714031	1.000006	1.000000	1.000000	1.000000	1.000000	1.000000	1.000113	0.001329	1.000173	0.000078	1.001365	0.000077	1.001310	0.000131	1.001775	0.000104	
1350068221.088156	1.000001	65.667372	52.537868	6.102838	1.000000	1.000000	1.000000	1.000000	0.999635	0.001813	1.000000	1.000000	1.000000	1.000000	1.000000	1.000000	1.000000	1.000000	1.000000	1.000000	1350068221.088214	1.000000	40.098206	26.936050	2.718765	1.000000	1.000000	1.000000	1.000000	1.000000	1.000000	0.999851	0.001233	0.998587	0.000008	0.998123	0.000008	1.000039	0.000362	0.999763	0.000041	
1350068222.088155	0.999999	65.654588	52.524022	6.115240	1.000000	1.000000	1.000000	1.000000	1.000015	0.001213	1.000000	1.000000	1.000000	1.000000	1.000000	1.000000	1.000000	1.000000	1.000000	1.000000	1350068222.088211	0.999997	40.078890	26.915184	2.706673	1.000000	1.000000	1.000001	1.000000	1.000000	1.000000	1.000140	0.001241	0.991170	0.000055	0.993396	0.000073	0.999500	0.000138	0.994746	0.000104	
1350068223.088156	1.000001	65.654372	52.522243	6.096735	1.000000	1.000000	1.000000	1.000000	0.999957	0.001006	1.000000	1.000000	1.000000	1.000000	1.000000	1.000000	1.000000	1.000000	1.000000	1.000000	1350068223.088213	1.000002	40.060242	26.896296	2.735484	0.999994	1.000000	1.000000	1.000000	1.000000	1.000000	0.999941	0.001207	1.013383	0.000038	1.004323	0.000094	0.999271	0.000172	0.997463	0.000118	
1350068224.088155	0.999999	64.535065	51.403201	6.115240	1.000000	1.000000	0.999999	0.822895	1.000546	0.001092	1.000000	1.000000	1.000000	1.000000	1.000000	1.000000	1.000000	1.000000	1.000000	1.000000	1350068224.088238	1.000025	41.123543	27.956667	2.718133	1.000006	1.000000	1.000000	1.000000	1.000000	1.000000	1.000004	0.178194	0.996814	0.000173	1.001392	0.000059	1.001031	0.000187	1.008686	0.000097	
1350068225.088156	1.000001	59.299138	46.167284	6.115229	1.000000	1.000000	1.000682	0.000016	0.999792	0.002958	1.000000	1.000000	1.000000	1.000000	1.000000	1.000000	1.000000	1.000000	1.000000	1.000000	1350068225.088235	0.999997	46.018529	32.855540	2.705148	1.000000	1.000000	1.000000	1.000000	1.000000	1.000000	1.000000	1.000000	0.999851	0.001095	0.998959	0.000008	0.998653	0.000111	0.999224	0.000047	
1350068226.088209	1.000053	53.601045	40.478586	6.121075	0.999977	0.082207	0.998908	0.000326	0.999824	0.001327	0.999999	0.999999	0.999999	0.999999	0.999999	0.999999	0.999999	0.999999	0.999999	0.999999	1350068226.088349	1.000114	51.661379	38.496040	2.808686	1.000000	1.000000	1.000000	1.000001	1.000000	1.000001	1.000000	1.000001	1.000002	0.918273	0.999767	0.000991	1.003159	0.000137	1.003195	0.000108	
1350068227.088156	0.999947	53.241954	40.123370	6.127888	1.000448	0.000282	1.000843	0.000054	1.000345	0.001003	1.000001	1.000000	1.000000	1.000000	1.000000	1.000000	1.000000	1.000000	1.000000	1.000000	1350068227.088301	0.999952	52.156018	38.999733	2.716713	1.000000	1.000000	1.000000	1.000000	1.000000	1.000000	1.000000	1.000000	1.000000	1.000000	0.999866	0.001152	1.000171	0.000142	0.999848	0.000046	
1350068228.088155	0.999999	53.232122	40.128792	6.121405	0.997415	0.000045	0.999992	0.000048	0.999373	0.000954	1.000000	1.000000	1.000000	1.000000	1.000000	1.000000	1.000000	1.000000	1.000000	1.000000	1350068228.088299	0.999998	52.233300	39.063658	2.708272	1.000000	1.000000	1.000000	1.000000	1.000000	1.000000	1.000000	1.000000	1.000000	1.000000	1.000111	0.001104	0.999780	0.000135	0.999980	0.000096	
1350068229.088155	1.000000	53.258057	40.140335	6.115234	1.000367	0.000319	0.999945	0.000139	1.000500	0.001129	1.000000	1.000000	1.000000	1.000000	1.000000	1.000000	1.000000	0.999999	1.000000	1.000000	1350068229.088299	1.000000	52.229218	39.059891	2.712204	1.000000	1.000000	1.000000	1.000000	1.000000	1.000000	1.000000	1.000000	1.000000	1.000000	0.999971	0.001034	1.000089	0.000178	0.999754	0.000052	
1350068230.088156	1.000001	53.235347	40.119347	6.121393	0.999283	0.000340	1.000077	0.000055	0.999993	0.000855	1.000000	1.000000	1.000000	1.000000	1.000000	1.000000	1.000000	1.000000	1.000000	1.000000	1350068230.088302	1.000003	52.058417	38.887254	2.711036	1.000000	1.000000	1.000000	1.000000	1.000000	1.000000	1.000000	1.000000	1.000000	1.000000	0.999879	0.001235	0.999895	0.000140	1.000247	0.000100	
1350068231.088155	0.999999	53.433736	40.316933	6.121405	1.000063	0.003678	0.999692	0.000021	0.999651	0.001185	1.000000	1.000000	1.000000	1.000000	1.000000	1.000000	1.000000	1.000000	1.000000	1.000000	1350068231.088293	0.999991	52.338304	39.166325	3.751316	1.000000	1.000000	1.000000	1.000000	1.000000	1.000000	1.000000	1.000000	1.000000	1.000000	1.000021	0.003967	1.000288	0.000088	0.999900	0.000031	
1350068232.088155	1.000000	53.529694	40.413864	6.115234	0.999995	0.006761	1.000238	0.000047	0.999723	0.000817	1.000000	1.000000	1.000000	1.000000	1.000000	1.000000	1.000000	1.000000	1.000000	1.000000	1350068232.088299	1.000006	52.228082	39.055874	4.949082	1.000000	1.000000	1.000000	1.000000	1.000000	1.000000	1.000000	1.000000	1.000000	1.000000	1.000126	0.000982	0.999735	0.000086	0.999848	0.000066	
1350068233.088155	1.000000	53.403137	40.286499	6.109070	0.999976	0.002895	0.998206	0.000022	0.999999	0.000872	1.000000	1.000000	1.000000	1.000000	1.000000	1.000000	1.000000	1.000000	1.000000	1.000000	1350068233.088324	1.000025	52.378755	39.207560	3.594118	1.000000	1.000000	1.000000	1.000000	1.000000	1.000000	1.000000	1.000000	1.000000	1.000000	1.000015	0.004651	1.000074	0.000110	0.999947	0.000043	
1350068234.088155	1.000000	53.351257	40.231033	6.121399	1.000020	0.000215	1.000350	0.000061	1.000598	0.000923	1.000000	1.000000	1.000000	1.000000	1.000000	1.000000	1.000000	1.000000	1.000000	1.000000	1350068234.088295	0.999971	52.273493	39.100136	2.702929	1.000000	1.000000	1.000000	1.000000	1.000000	1.000000	1.000000	1.000000	1.000000	1.000000	1.000010	0.001397	0.999750	0.000181	0.993481	0.000081	
1350068235.088155	1.000000	53.355759	40.230637	6.109070	1.000176	0.000418	1.000717	0.000021	0.999784	0.002767	1.000000	1.000000	1.000000	1.000000	1.000000	1.000000	1.000000	1.000000	1.000000	1.000000	1350068235.088300	1.000005	52.250272	39.078128	2.710741	1.000000	1.000000	1.000000	1.000000	1.000000	1.000000	1.000000	1.000000	1.000000	1.000000	0.999971	0.001076	1.000251	0.000168	0.997124	0.000082	
1350068236.088155	1.000000	54.316238	41.193161	6.114227	0.999991	0.006681	0.999852	0.003483	0.999999	0.004137	1.000000	1.000000	1.000000	1.000000	1.000000	1.000000	1.000000	1.000000	1.000000	1.000000	1350068236.088280	0.999980	52.334483	39.160529	3.533228	1.000000	1.000000	1.000000	1.000000	1.000000	1.000000	1.000000	1.000000	1.000000	1.000000	0.999999	0.003835	0.999992	0.003000	1.000204	0.003707	
1350068237.088155	1.000000	53.518478	40.401917	6.127563	0.999981	0.005991	1.024947	0.000021	1.000414	0.001313	1.000000	1.000000	1.000000	1.000000	0.999999	0.999999	1.000000	1.000000	1.000000	1.000000	1350068237.088301	1.000021	52.261370	39.084385	4.549694	1.000000	1.000000	1.000000	1.000000	1.000000	1.000000	1.000000	1.000000	1.000000	1.000000	0.999984	0.000932	1.000173	0.000078	0.999949	0.000030	
1350068238.088155	1.000000	53.485596	40.382339	6.115234	1.000196	0.000183	0.999991	0.000044	0.999966	0.006706	1.000000	1.000000	1.000000	1.000000	1.000000	1.000000	1.000000	1.000000	1.000000	1.000000	1350068238.088303	1.000002	52.281150	39.105577	4.436637	1.000000	1.000000	1.000000	1.000000	1.000000	1.000000	1.000000	1.000000	1.000000	1.000000	0.999983	0.000901	0.999674	0.000086	1.000162	0.000067	
1350068239.088155	1.000000	53.494339	40.375214	6.121399	1.000001	0.000501	1.000018	0.000021	0.999968	0.005595	1.000000	1.000000	1.000000	1.000000	1.000001	1.000001	1.000000	1.000000	1.000000	1.000000	1350068239.088291	0.999988	52.303800	39.129647	4.236852	1.000000	1.000000	1.000000	1.000000	1.000000	1.000000	1.000000	1.000000	1.000000	1.000000	0.999991	0.002002	1.000075	0.000139	0.999962	0.000031	
1350068240.088155	1.000000	53.341873	40.212036	6.127548	0.999612	0.000355	0.999476	0.000047	0.999984	0.001800	1.000000	1.000000	1.000000	1.000000	1.000000	1.000000	1.000000	1.000000	1.000000	1.000000	1350068240.088296	1.000005	52.380506	39.209200	2.702165	1.000000	1.000000	1.000000	1.000000	1.000000	1.000000	1.000000	1.000000	1.000000	1.000000	1.000015	0.004111	1.000095	0.000135	0.999881	0.000094	
1350068241.088155	1.000000	53.353928	40.225632	6.115234	1.000137	0.000494	1.001262	0.000023	0.999439	0.001008	1.000000	1.000000	1.000000	1.000000	1.000000	1.000000	1.000000	1.000000	1.000000	1.000000	1350068241.088296	1.000000	52.256775	39.095596	2.705399	1.000000	1.000000	1.000000	1.000000	1.000000	1.000000	1.000000	1.000000	1.000000	1.000000	1.000001	0.001981	0.997712	0.000243	0.999977	0.000051	
1350068242.088155	1.000000	53.438217	40.310806	6.121399	1.000078	0.000262	0.999878	0.000047	0.999969	0.004570	1.000000	1.000000	1.000000	1.000000	1.000000	1.000000	1.000000	1.000000	1.000000	1.000000	1350068242.088299	1.000003	52.335638	39.147187	3.854099	1.000000	1.000000	1.000000	1.000000	1.000000	1.000000	1.000000	1.000000	1.000000	1.000000	0.999994	0.001467	1.000038	0.000274	0.999976	0.000065	
1350068243.088155	1.000000	53.465012	40.337387	6.109070	0.999816	0.000526	1.000017	0.000022	1.000092	0.004689	1.000000	1.000000	1.000000	1.000000	1.000000	1.000000	1.000000	1.000000	1.000000	1.000000	1350068243.088294	0.999995	52.276293	39.100675	3.708881	1.000000	1.000000	1.000000	1.000000	1.000000	1.000000	1.000000	1.000000	1.000000	1.000000	0.999819	0.000823	1.000041	0.000205	1.000235	0.000044	
1350068244.088155	1.000000	53.471954	40.351028	6.102905	1.000150	0.000413	0.999949	0.000045	0.999971	0.005794	1.000000	1.000000	1.000000	1.000000	1.000000	1.000000	1.000000	1.000000	1.000000	1.000000	1350068244.088293	0.999999	52.237110	39.074103	4.029041	1.000000	1.000000	1.000000	1.000000	1.000000	1.000000	1.000000	1.000000	1.000000	1.000000	1.000160	0.000872	0.999937	0.000262	0.999989	0.000102	
1350068245.088155	1.000000	53.484436	40.365128	6.127563	0.999916	0.001015	0.998337	0.000021	0.999895	0.007244	1.000000	1.000000	1.000000	1.000000	1.000000	1.000000	1.000000	1.000000	1.000000	1.000000	1350068245.088297	1.000004	52.301256	39.123178	4.197676	1.000000	1.000000	1.000000	1.000000	1.000000	1.000000	1.000000	1.000000	1.000000	1.000000	0.999822	0.000842	1.000000	0.000208	0.996399	0.000044	
1350068246.088158	1.000003	715767276.025071	715779936.490042	715810054.190685	0.999988	1.000204	0.999986	1.000209	0.999996	1.000205	0.999988	1.000205	0.999988	1.000208	0.999991	1.000203	0.999988	1.000208	0.999988	1.000205	1350068246.088263	0.999966	715814213.327895	715828766.555714	715843833.223112	0.999988	1.000205	0.999986	1.000207	3.893148	0.256913	0.999988	1.000205	0.999988	1.000208	0.999991	1.000203	0.999988	1.000208	0.999988	1.000206	
1350068247.088156	0.999998	0.000000	0.000000	0.000000	-nan	-nan	-nan	-nan	0.000000	inf	-nan	-nan	-nan	0.000000	0.000000	inf	-nan	-nan	-nan	-nan	1350068247.088234	0.999971	0.000000	0.000000	0.000000	-nan	-nan	-nan	-nan	0.000000	inf	-nan	-nan	-nan	-nan	-nan	-nan	-nan	-nan	-nan	-nan	
