ts_0	elapsed_0	pkg_0	pp0_0	dram_0	freq_ratio_0_0	c0_ratio_0_0	freq_ratio_0_1	c0_ratio_0_1	freq_ratio_0_2	c0_ratio_0_2	freq_ratio_0_3	c0_ratio_0_3	freq_ratio_0_4	c0_ratio_0_4	freq_ratio_0_5	c0_ratio_0_5	freq_ratio_0_6	c0_ratio_0_6	freq_ratio_0_7	c0_ratio_0_7	ts_1	elapsed_1	pkg_1	pp0_1	dram_1	freq_ratio_1_0	c0_ratio_1_0	freq_ratio_1_1	c0_ratio_1_1	freq_ratio_1_2	c0_ratio_1_2	freq_ratio_1_3	c0_ratio_1_3	freq_ratio_1_4	c0_ratio_1_4	freq_ratio_1_5	c0_ratio_1_5	freq_ratio_1_6	c0_ratio_1_6	freq_ratio_1_7	c0_ratio_1_7	
1349418313.419768	1.001112	34.799149	21.178278	0.000000	0.999698	0.002268	0.999977	0.998732	0.999999	0.926890	0.994228	0.000072	0.975926	0.000057	0.995151	0.000122	0.994016	0.000154	0.998797	0.000365	1349418313.420009	1.000505	37.050687	23.426830	0.000000	1.000010	0.065066	1.000001	0.992329	1.002406	0.000164	1.003608	0.000101	1.004485	0.000040	1.003868	0.000040	1.010383	0.000040	1.000002	0.992915	
1349418314.419766	0.999998	34.697515	21.019449	0.000000	1.000000	0.549115	0.999996	0.285563	1.000000	1.000000	0.996145	0.000140	1.000158	0.002638	1.002994	0.000088	0.926469	0.000025	1.000062	0.000248	1349418314.420010	1.000001	37.991083	24.372322	0.000000	0.999987	0.169019	1.000000	1.000000	0.999593	0.000044	0.999926	0.000145	0.999985	0.001249	0.999534	0.000082	0.999951	0.000141	1.000000	1.000000	
1349418315.419765	0.999999	35.528598	21.870626	0.000000	1.000000	0.999962	1.000252	0.000738	1.000000	0.999992	1.002452	0.000025	0.999993	0.006684	0.986000	0.000040	1.019456	0.000074	0.999908	0.000156	1349418315.420002	0.999992	36.941629	23.309927	0.000000	1.025997	0.000083	1.000000	1.000000	0.993373	0.000117	0.998933	0.000068	0.998874	0.000017	1.001669	0.000013	1.001104	0.000017	1.000000	1.000000	
1349418316.419766	1.000001	33.121001	19.457150	0.000000	1.000000	0.601536	0.999577	0.000850	1.000000	1.000000	1.000108	0.003792	1.000353	0.001421	1.004026	0.000105	1.009481	0.000041	1.000234	0.000244	1349418316.420040	1.000038	39.406923	25.782729	0.000000	1.000000	0.399121	1.000000	1.000000	0.999331	0.000042	1.000162	0.000233	1.000583	0.000085	1.000195	0.000089	0.999856	0.000115	1.000000	1.000000	
1349418317.419768	1.000002	29.399205	15.719239	0.000000	0.973393	0.001280	1.000279	0.000822	0.999970	0.998130	1.000765	0.000019	0.992353	0.000026	0.997621	0.000079	0.999928	0.000123	0.999958	0.002194	1349418317.420045	1.000005	43.152830	29.521703	0.000000	1.000000	0.998180	1.000000	0.998211	1.000765	0.000198	1.000151	0.000158	0.999862	0.000084	1.000708	0.000022	0.999961	0.000080	1.000000	1.000000	
1349418318.419765	0.999997	31.446417	17.808161	0.000000	1.000001	0.324308	0.999864	0.001173	1.000000	1.000000	0.999055	0.000173	1.001135	0.000052	1.001671	0.000148	0.978067	0.000084	0.999996	0.006030	1349418318.420011	0.999966	41.190781	27.558755	0.000000	0.999999	0.675977	1.000000	0.999991	1.005641	0.000114	1.000052	0.000332	1.000017	0.001553	0.999702	0.000097	0.999982	0.000106	1.000000	0.999999	
1349418319.419767	1.000002	35.473290	21.787144	0.000000	0.999991	0.999925	0.999976	0.000741	0.999983	0.999939	1.001181	0.000131	0.999898	0.000026	1.000068	0.000045	1.018821	0.000097	1.000007	0.003459	1349418319.420001	0.999990	36.969914	23.343175	0.000000	1.000698	0.001000	1.000000	1.000000	1.000030	0.000089	0.999712	0.000051	0.999984	0.004292	1.005637	0.000007	0.996670	0.000007	1.000000	1.000000	
1349418320.419766	0.999999	35.308231	21.657995	0.000000	0.999894	0.994943	0.999985	0.000854	0.999934	0.994865	0.999957	0.000107	1.001602	0.000053	0.999947	0.000073	1.002941	0.000035	0.999970	0.003660	1349418320.420005	1.000004	36.778934	23.179777	0.000000	0.982000	0.000110	1.000000	0.994939	1.000293	0.000016	1.000015	0.000130	0.999416	0.000050	0.993193	0.000124	0.999848	0.000086	1.000000	1.000000	
1349418321.419765	0.999999	33.769457	20.110935	0.000000	1.000000	0.419594	1.000003	0.293297	1.000000	1.000000	0.998288	0.000329	0.997343	0.000027	0.996340	0.000044	1.001011	0.000073	0.999945	0.004446	1349418321.419983	0.999978	38.765560	25.123400	0.000000	1.000002	0.581010	0.999999	0.706927	1.000078	0.000113	1.000152	0.000071	1.003061	0.000012	1.000172	0.006160	0.999126	0.000012	1.000000	1.000000	
1349418322.419767	1.000002	38.380954	24.691512	0.000000	0.999999	0.417645	1.000000	0.999998	1.000000	1.000000	1.000010	0.000931	1.000649	0.000071	1.001055	0.000080	0.980889	0.000014	1.000032	0.004947	1349418322.419999	1.000016	34.053060	20.333568	0.000000	1.000001	0.583022	0.989883	0.000073	0.999128	0.000076	0.999870	0.000116	0.999936	0.000066	0.999930	0.006055	1.000658	0.000071	1.000000	1.000000	
1349418323.419767	1.000000	35.935715	22.183640	0.000000	0.999947	0.001025	1.000000	1.000000	1.000000	1.000000	0.999987	0.002350	1.007109	0.000019	0.999918	0.000103	1.000067	0.000109	0.999978	0.005275	1349418323.420000	1.000001	36.457439	22.709558	0.000000	1.000000	1.000000	1.004269	0.000057	1.000019	0.001015	0.999993	0.001320	1.000497	0.000020	0.998090	0.000017	0.999987	0.000060	1.000000	1.000000	
1349418324.419766	0.999999	35.913654	22.161062	0.000000	0.999932	0.000714	1.000000	1.000000	1.000000	1.000000	0.999940	0.003508	0.996949	0.000056	1.000210	0.000077	0.997514	0.000015	0.999990	0.004556	1349418324.420014	1.000014	36.402549	22.657305	0.000000	1.000000	1.000000	1.000386	0.001007	1.002871	0.000016	0.999529	0.000098	1.000105	0.000055	1.000299	0.000072	1.000058	0.000093	1.000000	1.000000	
1349418325.419767	1.000001	33.363417	19.640438	0.000000	0.999945	0.000928	0.999999	0.604277	1.000000	1.000000	1.000226	0.000689	1.000435	0.000027	0.953792	0.000042	1.001450	0.000080	0.999845	0.006380	1349418325.420031	1.000017	39.011486	25.312163	0.000000	1.000000	1.000000	1.000002	0.396050	0.992983	0.000096	1.000353	0.000069	0.999542	0.000013	0.998374	0.000013	0.999391	0.000016	1.000000	1.000000	
1349418326.419766	0.999999	31.407806	17.752535	0.000000	1.000001	0.324231	0.998772	0.000403	0.999983	0.999939	1.000042	0.000499	0.988770	0.000052	1.036496	0.000056	1.009024	0.000014	1.000125	0.007683	1349418326.419998	0.999967	40.984014	27.360260	0.000000	1.000000	0.675957	1.000000	1.000000	1.032027	0.000019	0.999837	0.000104	0.998697	0.000050	1.000601	0.000057	1.000010	0.000078	1.000000	1.000000	
1349418327.419766	1.000000	33.145370	19.488892	0.000000	1.000000	0.612563	0.999843	0.000288	1.000000	1.000000	0.999974	0.004218	0.993096	0.000028	0.941060	0.000043	0.993850	0.000071	0.999923	0.002629	1349418327.420041	1.000043	39.160734	25.539569	0.000000	1.000000	0.388092	1.000000	1.000000	0.983955	0.000096	1.000384	0.000066	1.005653	0.000012	0.997050	0.000015	1.000000	0.000016	1.000000	1.000000	
1349418328.419766	1.000000	30.671906	16.995483	0.000000	0.999990	0.010316	1.000041	0.012479	1.000000	1.000000	0.999972	0.009317	1.000083	0.008660	1.000241	0.009140	1.000034	0.008376	0.999986	0.012093	1349418328.420047	1.000006	44.946601	31.330837	0.000000	1.000000	1.000000	1.000000	1.000000	1.000113	0.008692	0.999996	0.008367	0.999996	0.008444	1.000000	0.008321	0.999997	0.008386	1.000000	1.000000	
1349418329.419766	1.000000	29.340210	15.672546	0.000000	0.999951	0.000935	1.000032	0.000273	0.999983	0.999922	1.000033	0.000607	1.004575	0.000024	1.004078	0.000043	0.999712	0.000082	1.000773	0.000185	1349418329.420047	1.000000	43.085541	29.459061	0.000000	1.000000	0.999951	1.000000	1.000000	0.999969	0.001139	1.000412	0.000065	0.998578	0.000007	0.986186	0.000007	1.001543	0.000007	1.000000	1.000000	
1349418330.419765	0.999999	30.261091	16.597428	0.000000	1.000002	0.067567	0.999995	0.003342	1.000000	1.000000	1.000159	0.000533	1.000077	0.001955	1.001036	0.000065	1.007558	0.000015	0.998988	0.000256	1349418330.419997	0.999950	42.669724	29.045232	0.000000	0.999997	0.932959	1.000000	1.000000	1.024918	0.000022	0.999741	0.000152	0.999721	0.000077	0.993801	0.000110	0.999702	0.000106	1.000000	1.000000	
1349418331.419766	1.000001	35.615902	21.954813	0.000000	0.999988	0.999913	0.999748	0.001158	0.999979	0.999928	1.000265	0.000599	0.993738	0.000044	1.000805	0.000044	0.998749	0.000091	1.000489	0.000213	1349418331.420009	1.000012	36.724050	23.098953	0.000000	1.007293	0.000065	1.000000	1.000000	1.000274	0.000122	1.000435	0.000098	1.001401	0.000016	1.000329	0.002369	1.000830	0.000023	1.000000	1.000000	
1349418332.419765	0.999999	33.000764	19.333331	0.000000	1.000000	0.579345	1.000054	0.003198	0.999967	0.999871	0.999667	0.000539	1.000268	0.000055	0.999232	0.000069	1.007760	0.000016	1.000055	0.004625	1349418332.420010	1.000001	39.405953	25.777121	0.000000	0.999999	0.420923	1.000000	1.000000	1.000330	0.000061	0.999935	0.000101	0.999848	0.000053	1.000965	0.000050	0.999895	0.000081	1.000000	1.000000	
1349418333.419766	1.000001	33.976164	20.315914	0.000000	1.000000	0.711175	1.000147	0.000235	1.000000	0.999968	1.000112	0.005374	0.999821	0.000026	1.000466	0.000041	1.000178	0.000095	0.999900	0.004755	1349418333.419996	0.999986	38.601022	24.968308	0.000000	1.000001	0.289091	1.000000	1.000000	0.989897	0.000099	1.000079	0.000069	1.000063	0.000012	0.998053	0.000013	0.999788	0.000016	1.000000	1.000000	
1349418334.419767	1.000001	36.404827	22.772058	0.000000	1.000000	0.999477	0.999644	0.001464	1.000000	0.999481	0.999649	0.002716	0.999891	0.000071	0.999995	0.000081	1.000009	0.001466	0.999981	0.001668	1349418334.419991	0.999995	36.768189	23.139276	0.000000	1.020300	0.000015	1.000000	0.999507	1.000981	0.001012	0.999960	0.000194	1.000061	0.000051	0.999811	0.000083	1.000183	0.000076	1.000000	1.000000	
1349418335.419764	0.999997	37.655192	24.021788	0.000000	0.999982	0.999940	1.000002	0.368285	0.999983	0.999937	1.000386	0.000730	1.000212	0.000029	0.977181	0.000043	0.998089	0.000081	1.000234	0.000203	1349418335.419983	0.999992	34.551214	20.915361	0.000000	1.019560	0.000075	0.999999	0.631935	0.993963	0.000110	1.000006	0.005833	0.998679	0.000020	1.000061	0.000013	0.998803	0.000023	1.000000	1.000000	
1349418336.419766	1.000002	39.394288	25.735775	0.000000	1.000000	0.624466	1.000000	1.000000	1.000000	0.999939	0.999948	0.000900	0.999688	0.000057	1.014842	0.000059	0.995835	0.000017	1.000238	0.000814	1349418336.420014	1.000031	32.704064	18.998587	0.000000	1.000002	0.376030	0.991012	0.000046	0.987222	0.000018	0.999964	0.005106	1.000657	0.000049	0.999699	0.000060	1.000211	0.000071	1.000000	1.000000	
1349418337.419767	1.000001	35.828182	22.089518	0.000000	0.999979	0.005081	1.000000	1.000000	1.000000	0.999991	0.999915	0.000879	0.999556	0.000025	1.000756	0.000040	0.999961	0.000089	1.000192	0.000182	1349418337.420014	1.000000	36.414673	22.669312	0.000000	1.000000	1.000000	0.993849	0.000053	0.999731	0.000203	0.999397	0.000029	0.998238	0.000012	1.003586	0.000013	0.995032	0.000017	1.000000	1.000000	
1349418338.419766	0.999999	715786675.330707	715821755.585796	715828567.388938	0.999969	1.000011	0.999971	1.000031	0.999980	1.000024	0.999970	1.000016	0.999971	1.000021	0.999974	1.000020	0.999971	1.000021	0.999972	1.000022	1349418338.419882	0.999868	715876270.591039	715895941.641614	715922446.545317	0.999972	1.000025	0.999967	1.000017	3.894210	0.256793	0.999970	1.000014	0.999971	1.000020	0.999974	1.000020	0.999971	1.000022	0.999971	1.000020	
1349418339.419761	0.999995	0.000000	0.000000	0.000000	-nan	-nan	-nan	-nan	8.000000	inf	-nan	-nan	-nan	0.000000	-nan	-nan	-nan	-nan	-nan	-nan	1349418339.419833	0.999951	0.000000	0.000000	0.000000	-nan	-nan	-nan	-nan	0.000000	inf	-nan	-nan	-nan	-nan	-nan	-nan	-nan	-nan	-nan	-nan	
