ts_0	elapsed_0	pkg_0	pp0_0	dram_0	freq_ratio_0_0	c0_ratio_0_0	freq_ratio_0_1	c0_ratio_0_1	freq_ratio_0_2	c0_ratio_0_2	freq_ratio_0_3	c0_ratio_0_3	freq_ratio_0_4	c0_ratio_0_4	freq_ratio_0_5	c0_ratio_0_5	freq_ratio_0_6	c0_ratio_0_6	freq_ratio_0_7	c0_ratio_0_7	ts_1	elapsed_1	pkg_1	pp0_1	dram_1	freq_ratio_1_0	c0_ratio_1_0	freq_ratio_1_1	c0_ratio_1_1	freq_ratio_1_2	c0_ratio_1_2	freq_ratio_1_3	c0_ratio_1_3	freq_ratio_1_4	c0_ratio_1_4	freq_ratio_1_5	c0_ratio_1_5	freq_ratio_1_6	c0_ratio_1_6	freq_ratio_1_7	c0_ratio_1_7	
1350067045.434161	1.000345	48.209259	34.994214	3.796023	1.000000	1.000000	0.999767	0.002879	1.000000	1.000000	0.999980	0.000530	1.000000	1.000000	0.999995	0.000364	1.000000	1.000000	1.000031	0.000522	1350067045.434291	1.000355	35.142081	21.955630	1.740974	1.000001	1.000000	0.999598	0.000617	1.000000	1.000000	0.999658	0.000642	0.990473	0.000020	0.990895	0.000020	0.990494	0.000020	0.997035	0.000096	
1350067046.434159	0.999998	48.121323	34.922506	3.801582	1.000000	1.000000	0.999978	0.000190	1.000000	1.000000	0.999988	0.000769	1.000000	1.000000	0.999967	0.000282	1.000000	1.000000	0.999973	0.000198	1350067046.434286	0.999995	35.168313	21.975620	1.617989	1.000000	1.000000	1.000855	0.000286	1.000000	1.000000	1.000804	0.000280	1.001683	0.000066	0.999812	0.000066	1.000022	0.000070	1.001373	0.000056	
1350067047.434158	0.999999	48.222931	35.007800	3.801487	1.000000	1.000000	1.000062	0.000174	1.000000	1.000000	0.999919	0.000308	1.000000	1.000000	1.000028	0.000231	1.000000	1.000000	0.999923	0.000155	1350067047.434297	1.000011	35.190486	21.996707	1.591734	1.000000	1.000000	0.999810	0.000250	1.000000	1.000000	0.999776	0.000251	1.007705	0.000013	1.014735	0.000013	1.014238	0.000013	1.002237	0.000093	
1350067048.434159	1.000001	48.391388	35.169217	3.797344	1.000000	1.000000	0.999970	0.000241	1.000000	1.000000	0.999997	0.004670	1.000000	1.000000	0.999989	0.000254	1.000000	1.000000	1.000075	0.000261	1350067048.434290	0.999993	35.206649	22.012512	1.801023	1.000000	1.000000	1.000057	0.000252	1.000000	1.000000	1.000000	0.000363	0.999987	0.000203	1.000222	0.000059	1.000229	0.000067	0.999766	0.000100	
1350067049.434152	0.999993	48.638520	35.413682	3.805339	1.000000	1.000000	0.999977	0.000831	1.000000	1.000000	0.999990	0.008856	1.000000	1.000000	0.999814	0.000209	1.000000	1.000000	0.999938	0.000137	1350067049.434278	0.999988	35.215813	22.022281	2.190715	1.000000	1.000000	1.001060	0.000228	1.000000	1.000000	0.999993	0.000210	0.999685	0.000013	0.999885	0.000013	0.991583	0.000013	0.999839	0.000079	
1350067050.434153	1.000001	48.581512	35.357953	3.793514	1.000000	1.000000	1.000661	0.000271	1.000000	1.000000	0.999991	0.007297	1.000000	1.000000	1.000608	0.000264	1.000000	1.000000	1.000520	0.000173	1350067050.434293	1.000015	35.219976	22.026158	2.222760	1.000000	1.000000	0.998935	0.000234	1.000000	1.000000	0.999998	0.000203	0.999750	0.000049	1.000065	0.000053	1.001699	0.000062	1.000211	0.000055	
1350067051.434153	1.000000	48.237106	35.008575	3.793716	1.000000	1.000000	0.999846	0.000186	1.000000	1.000000	1.000005	0.001542	1.000000	1.000000	0.999885	0.000234	1.000000	1.000000	0.999947	0.000139	1350067051.434287	0.999994	35.313290	22.132929	1.610163	1.000000	1.000000	0.999972	0.004558	1.000000	1.000000	1.000143	0.000222	0.999620	0.000020	0.998582	0.000020	1.005449	0.000020	0.992350	0.000082	
1350067052.434159	1.000006	48.164325	34.933950	3.797264	1.000000	1.000000	0.999171	0.000192	1.000000	1.000000	0.998317	0.000344	1.000000	1.000000	0.999602	0.000275	1.000000	1.000000	0.999527	0.000209	1350067052.434290	1.000003	35.310651	22.116707	1.637171	1.000000	1.000000	0.999963	0.002864	1.000000	1.000000	0.999969	0.000285	1.000015	0.000253	0.997774	0.000089	0.996314	0.000089	1.005808	0.000075	
1350067053.434159	1.000000	48.095047	34.861450	3.786270	1.000000	1.000000	1.000214	0.000186	1.000000	1.000000	1.001561	0.000347	1.000000	1.000000	0.999789	0.000231	1.000000	1.000000	0.999998	0.000156	1350067053.434293	1.000003	35.198835	22.005089	1.593562	1.000000	1.000000	1.000050	0.000225	1.000000	1.000000	0.999958	0.000201	0.997686	0.000008	1.022650	0.000009	1.024934	0.000009	1.001261	0.000160	
1350067054.434160	1.000001	48.124252	34.889890	3.801220	1.000000	1.000000	1.000448	0.000191	1.000000	1.000000	0.998212	0.000311	1.000000	1.000000	1.000126	0.000263	1.000000	1.000000	0.999981	0.000159	1350067054.434298	1.000005	35.203468	22.010830	1.589103	1.000000	1.000000	0.999959	0.000275	1.000000	1.000000	0.999996	0.000265	0.999114	0.000119	0.995765	0.000059	0.996928	0.000069	0.995772	0.000047	
1350067055.434152	0.999992	48.081887	34.845131	3.797364	1.000000	1.000000	0.999931	0.002093	1.000000	1.000000	1.001605	0.000346	1.000000	1.000000	0.999781	0.000230	1.000000	1.000000	0.999818	0.000163	1350067055.434290	0.999992	35.202922	22.009196	1.590177	1.000000	1.000000	0.999926	0.000224	1.000000	1.000000	0.999957	0.000208	1.007082	0.000020	1.012274	0.000020	1.009814	0.000021	1.002607	0.000080	
1350067056.434159	1.000007	48.112628	34.894702	3.793782	1.000000	1.000000	1.000153	0.000194	1.000000	1.000000	0.999997	0.000588	1.000000	1.000000	1.000188	0.000251	1.000000	1.000000	1.000144	0.000182	1350067056.434286	0.999996	35.188360	21.995252	1.592948	1.000000	1.000000	1.000013	0.000273	1.000000	1.000000	0.999976	0.000245	0.999768	0.000135	0.998257	0.000060	0.998436	0.000067	0.995791	0.000045	
1350067057.434159	1.000000	48.145035	34.913223	3.805222	1.000000	1.000000	1.000036	0.000139	1.000000	1.000000	0.999965	0.000319	1.000000	1.000000	0.999813	0.000231	1.000000	1.000000	0.999797	0.000137	1350067057.434288	1.000002	35.181726	21.987949	1.590298	1.000000	1.000000	1.000091	0.000221	1.000000	1.000000	1.001127	0.000214	1.002574	0.000013	1.007726	0.000013	1.007264	0.000014	1.002246	0.000076	
1350067058.434153	0.999994	48.192487	34.953959	3.790123	1.000000	1.000000	0.999995	0.000221	1.000000	1.000000	0.999998	0.000332	1.000000	1.000000	1.000147	0.000259	1.000000	1.000000	1.000003	0.003627	1350067058.434293	1.000005	35.173332	21.978497	1.627723	1.000000	1.000000	0.999930	0.000274	1.000000	1.000000	0.998929	0.000238	1.000068	0.000063	0.998333	0.000054	0.996628	0.000055	0.998071	0.000094	
1350067059.434159	1.000006	48.350862	35.113377	3.790032	1.000000	1.000000	0.999659	0.000129	1.000000	1.000000	0.997943	0.000290	1.000000	1.000000	0.999754	0.000225	1.000000	1.000000	0.999997	0.006951	1350067059.434290	0.999997	35.177584	21.983711	1.688589	1.000000	1.000000	0.999996	0.000212	1.000000	1.000000	0.999930	0.000159	0.998954	0.000013	1.009137	0.000013	1.014289	0.000013	1.002912	0.000064	
1350067060.434159	1.000000	48.192657	34.955261	3.790298	1.000000	1.000000	1.000138	0.000207	1.000000	1.000000	1.001840	0.000317	1.000000	1.000000	1.000148	0.000270	1.000000	1.000000	1.000004	0.003378	1350067060.434289	0.999999	35.149554	21.967627	1.646516	1.000000	1.000000	0.999969	0.000278	1.000000	1.000000	1.000165	0.000271	1.000003	0.000115	0.996259	0.000052	0.996671	0.000059	0.996320	0.000055	
1350067061.434153	0.999994	47.995846	34.755883	3.790062	1.000000	1.000000	1.000000	0.000296	1.000000	1.000000	0.999985	0.000606	1.000000	1.000000	0.999936	0.000219	1.000000	1.000000	0.999845	0.000144	1350067061.434288	0.999999	35.175281	21.981527	1.593278	1.000000	1.000000	1.000066	0.000222	1.000000	1.000000	1.000012	0.000201	1.000256	0.000029	1.005225	0.000029	1.006516	0.000029	1.001895	0.000097	
1350067062.434159	1.000006	48.044788	34.806387	3.774636	1.000000	1.000000	1.000625	0.000221	1.000000	1.000000	1.000036	0.000324	1.000000	1.000000	1.000520	0.000249	1.000000	1.000000	1.000609	0.000174	1350067062.434289	1.000001	35.198926	22.005762	1.596877	1.000000	1.000000	0.999722	0.000295	1.000000	1.000000	0.999961	0.000462	0.998117	0.000055	0.996834	0.000062	0.997215	0.000068	0.996539	0.000046	
1350067063.434159	1.000000	48.044876	34.805862	3.766830	1.000000	1.000000	0.999881	0.000150	1.000000	1.000000	0.999999	0.000326	1.000000	1.000000	0.999995	0.000230	1.000000	1.000000	1.000029	0.000135	1350067063.434294	1.000005	35.184608	21.991925	1.593162	1.000000	1.000000	1.000329	0.000215	1.000000	1.000000	1.000055	0.000195	1.007618	0.000013	1.013444	0.000013	1.013857	0.000014	0.996782	0.000143	
1350067064.434159	1.000000	47.981812	34.741653	3.801346	1.000000	1.000000	0.999988	0.000287	1.000000	1.000000	0.999923	0.000344	1.000000	1.000000	0.999498	0.000269	1.000000	1.000000	0.999493	0.000203	1350067064.434312	1.000018	35.194973	22.002323	1.588000	1.000000	1.000000	1.000009	0.000341	1.000000	1.000000	0.999957	0.000460	0.999989	0.000101	0.998689	0.000089	0.999941	0.000098	1.006659	0.000099	
1350067065.434159	1.000000	48.098022	34.857742	3.789062	1.000000	1.000000	0.999974	0.005610	1.000000	1.000000	0.999996	0.003217	1.000000	1.000000	0.999997	0.003129	1.000000	1.000000	1.000000	0.002992	1350067065.434295	0.999983	35.404347	22.208567	1.595791	1.000000	1.000000	0.999997	0.003097	1.000000	1.000000	1.000010	0.003148	0.999995	0.002788	1.000045	0.002801	0.999998	0.002779	1.000054	0.003833	
1350067066.434153	0.999994	48.039288	34.802148	3.801460	1.000000	1.000000	1.000156	0.000195	1.000000	1.000000	0.999991	0.000627	1.000000	1.000000	0.999971	0.000263	1.000000	1.000000	0.999942	0.000174	1350067066.434291	0.999996	35.212392	22.017515	1.607322	1.000000	1.000000	1.000003	0.000366	1.000000	1.000000	0.999854	0.000301	1.000252	0.000046	0.999986	0.000055	1.000161	0.000096	0.993185	0.000060	
1350067067.434159	1.000006	48.033848	34.796011	3.797463	1.000000	1.000000	1.003140	0.000210	1.000000	1.000000	0.999966	0.000302	1.000000	1.000000	1.000018	0.000213	1.000000	1.000000	0.999938	0.000118	1350067067.434292	1.000001	35.190030	21.996592	1.588591	1.000000	1.000000	0.999965	0.000232	1.000000	1.000000	0.999981	0.000228	0.999020	0.000013	0.999856	0.000013	0.998489	0.000013	1.001024	0.000092	
1350067068.434153	0.999994	47.994320	34.769464	3.793693	1.000000	1.000000	0.996526	0.000200	1.000000	1.000000	0.999979	0.000344	1.000000	1.000000	0.999931	0.000250	1.000000	1.000000	1.000043	0.000206	1350067068.434281	0.999989	35.182103	21.987088	1.591601	1.000000	1.000000	0.999982	0.000319	1.000000	1.000000	0.999984	0.000292	1.000236	0.000069	1.000675	0.000062	0.999978	0.000120	1.000853	0.000116	
1350067069.434159	1.000006	48.116718	34.882452	3.790108	1.000000	1.000000	0.999753	0.000137	1.000000	1.000000	0.997905	0.000283	1.000000	1.000000	0.999823	0.000231	1.000000	1.000000	0.999621	0.000118	1350067069.434290	1.000009	35.198824	22.004806	1.591584	1.000000	1.000000	1.000009	0.000270	1.000000	1.000000	0.999980	0.000208	0.998368	0.000013	0.996286	0.000013	1.000029	0.000013	0.999920	0.000097	
1350067070.434159	1.000000	48.068100	34.831818	3.789978	1.000000	1.000000	1.000132	0.000225	1.000000	1.000000	1.001595	0.000365	1.000000	1.000000	1.000102	0.000279	1.000000	1.000000	1.000070	0.000192	1350067070.434291	1.000001	35.162991	21.980829	1.588423	1.000000	1.000000	0.999874	0.000312	1.000000	1.000000	0.999991	0.000310	1.000102	0.000072	1.000645	0.000063	0.999986	0.000112	0.996151	0.000053	
1350067071.434158	0.999999	48.382920	35.145740	3.793537	1.000000	1.000000	1.000226	0.003324	1.000000	1.000000	1.000001	0.004331	1.000000	1.000000	1.000000	0.000208	1.000000	1.000000	0.999983	0.000155	1350067071.434291	1.000000	35.202072	22.007553	2.427643	1.000000	1.000000	1.000052	0.000261	1.000000	1.000000	0.999971	0.001017	0.999909	0.000021	0.997340	0.000013	1.000461	0.000033	1.002791	0.000076	
1350067072.434153	0.999995	48.261579	35.023537	3.797596	1.000000	1.000000	0.999828	0.004386	1.000000	1.000000	0.999973	0.000330	1.000000	1.000000	1.000001	0.000298	1.000000	1.000000	1.000097	0.000195	1350067072.434283	0.999992	35.199336	22.003963	2.162554	1.000000	1.000000	1.000068	0.000301	1.000000	1.000000	1.000121	0.000305	0.999960	0.000086	0.999843	0.000066	0.999627	0.000054	0.998876	0.000047	
1350067073.434152	0.999999	48.016220	34.777118	3.778202	1.000000	1.000000	0.999923	0.000156	1.000000	1.000000	0.999976	0.000303	1.000000	1.000000	0.999792	0.000213	1.000000	1.000000	0.999863	0.000118	1350067073.434282	0.999999	35.164416	21.970983	1.593324	1.000000	1.000000	0.999945	0.000268	1.000000	1.000000	0.999939	0.000248	1.012869	0.000013	0.999477	0.000013	1.000000	0.000013	1.000252	0.000164	
1350067074.434153	1.000001	48.008118	34.769025	3.793774	1.000000	1.000000	1.000656	0.000200	1.000000	1.000000	0.998235	0.000316	1.000000	1.000000	1.000634	0.000268	1.000000	1.000000	1.000638	0.000173	1350067074.434281	0.999999	35.180652	21.986944	1.604051	1.000000	1.000000	1.000032	0.000312	1.000000	1.000000	1.000028	0.000352	0.997468	0.000067	1.000402	0.000069	0.999979	0.000072	1.000065	0.000053	
1350067075.434159	1.000006	48.019962	34.781302	3.789940	1.000000	1.000000	1.000009	0.002103	1.000000	1.000000	1.001818	0.000300	1.000000	1.000000	0.999960	0.000211	1.000000	1.000000	0.999991	0.000135	1350067075.434291	1.000010	35.187239	21.992669	1.591323	1.000000	1.000000	1.000033	0.000268	1.000000	1.000000	0.999922	0.000248	1.000014	0.000027	0.999298	0.000027	0.999929	0.000027	0.992576	0.000088	
1350067076.434153	0.999994	48.110623	34.871454	3.774452	1.000000	1.000000	0.999940	0.000388	1.000000	1.000000	0.999992	0.002293	1.000000	1.000000	0.999521	0.000284	1.000000	1.000000	0.999355	0.000191	1350067076.434285	0.999994	35.217083	22.022241	1.831279	1.000000	1.000000	0.999952	0.000335	1.000000	1.000000	1.000026	0.000504	1.000185	0.000102	0.999955	0.000103	0.999948	0.000103	1.006709	0.000093	
1350067077.434154	1.000001	715818285.361498	715796905.180182	715761610.914952	0.999989	1.000208	0.999986	1.000211	0.999997	1.000209	0.999989	1.000210	0.999989	1.000211	0.999992	1.000207	0.999989	1.000212	0.999989	1.000210	1350067077.434254	0.999969	715803002.305854	715803763.036219	715803208.234081	0.999988	1.000206	0.999986	1.000211	3.893101	0.256917	0.999989	1.000209	0.999989	1.000212	0.999992	1.000207	0.999989	1.000212	0.999989	1.000210	
1350067078.434258	1.000104	0.000000	0.000000	0.000000	-nan	-nan	-nan	-nan	0.000000	inf	-nan	-nan	-nan	0.000000	-nan	-nan	-nan	-nan	-nan	-nan	1350067078.434343	1.000089	0.000000	0.000000	0.000000	-nan	-nan	-nan	-nan	0.000000	inf	-nan	-nan	-nan	-nan	-nan	-nan	-nan	-nan	-nan	-nan	
