ts_0	elapsed_0	pkg_0	pp0_0	dram_0	freq_ratio_0_0	c0_ratio_0_0	freq_ratio_0_1	c0_ratio_0_1	freq_ratio_0_2	c0_ratio_0_2	freq_ratio_0_3	c0_ratio_0_3	freq_ratio_0_4	c0_ratio_0_4	freq_ratio_0_5	c0_ratio_0_5	freq_ratio_0_6	c0_ratio_0_6	freq_ratio_0_7	c0_ratio_0_7	ts_1	elapsed_1	pkg_1	pp0_1	dram_1	freq_ratio_1_0	c0_ratio_1_0	freq_ratio_1_1	c0_ratio_1_1	freq_ratio_1_2	c0_ratio_1_2	freq_ratio_1_3	c0_ratio_1_3	freq_ratio_1_4	c0_ratio_1_4	freq_ratio_1_5	c0_ratio_1_5	freq_ratio_1_6	c0_ratio_1_6	freq_ratio_1_7	c0_ratio_1_7	
1349478203.786313	1.000711	53.802843	39.977955	6.321586	1.102319	0.981396	1.101202	0.975240	1.101312	0.975093	1.095929	0.000390	1.100667	0.970550	0.994007	0.000421	1.056431	0.000105	1.054033	0.000141	1349478203.786505	1.000648	53.974865	40.219908	5.693241	1.097400	0.975134	1.097406	0.975034	1.096801	0.970456	1.037965	0.002319	1.082229	0.000123	1.092331	0.000107	0.903069	0.000138	1.099874	0.990659	
1349478204.786306	0.999993	50.711715	36.728007	6.804292	1.026601	0.996576	1.026657	0.996540	1.026644	0.996492	1.032349	0.000731	1.026643	0.996485	1.023556	0.000319	1.017690	0.000017	1.012736	0.000016	1349478204.786507	1.000002	50.712275	36.868445	6.815722	1.021848	0.996038	1.021847	0.996004	1.021847	0.995999	1.022338	0.003450	1.005977	0.000007	1.021887	0.000007	1.016831	0.000007	1.021835	0.996649	
1349478205.786305	0.999999	50.707690	36.709981	6.793937	1.024025	0.996748	1.024057	0.996675	1.024059	0.996678	1.022148	0.000275	1.024061	0.996675	1.003597	0.002605	1.022282	0.000068	1.025188	0.000093	1349478205.786502	0.999995	50.710489	36.860719	6.852146	1.020068	0.996744	1.020068	0.996707	1.020068	0.996701	1.022242	0.003505	1.032414	0.000064	1.006664	0.000062	1.002120	0.000065	1.020078	0.997010	
1349478206.786315	1.000010	50.707958	36.700072	6.807274	1.022948	0.997284	1.022949	0.997280	1.022948	0.997214	1.020074	0.000240	1.022947	0.997211	1.025486	0.000721	1.054439	0.000014	1.047197	0.000020	1349478206.786509	1.000007	50.707184	36.856053	6.845412	1.018855	0.997016	1.018855	0.997011	1.018855	0.997009	1.018814	0.003434	1.038600	0.000064	1.036831	0.000012	1.020607	0.000012	1.018855	0.997013	
1349478207.786304	0.999989	50.710685	36.706671	6.775556	1.022274	0.997080	1.022283	0.997059	1.022284	0.997053	1.024252	0.000302	1.022275	0.997067	1.018584	0.000342	0.996040	0.000063	1.038450	0.000084	1349478207.786493	0.999984	50.664124	36.825280	6.851123	1.019295	0.997130	1.019295	0.997149	1.019293	0.997084	1.018391	0.003425	1.002345	0.000065	0.998611	0.000054	1.036639	0.000079	1.019290	0.997150	
1349478208.786306	1.000002	50.713755	36.713492	6.807650	1.022768	0.995411	1.022783	0.995369	1.022783	0.995357	1.006793	0.000211	1.022783	0.995352	1.021711	0.000328	1.034279	0.000016	1.008771	0.000016	1349478208.786508	1.000015	50.713151	36.862468	6.802159	1.019574	0.995226	1.019574	0.995152	1.019573	0.995147	1.018031	0.003185	1.014515	0.000014	1.016624	0.000012	0.998043	0.000016	1.019579	0.996964	
1349478209.786314	1.000008	50.711015	36.719780	6.772803	1.022491	0.997097	1.022500	0.997079	1.022501	0.997073	1.024049	0.000748	1.022502	0.997069	1.022641	0.000327	1.032558	0.000052	1.033824	0.000093	1349478209.786511	1.000003	50.712840	36.857826	6.855509	1.018839	0.997051	1.018839	0.997066	1.018840	0.997009	1.016933	0.002996	1.035511	0.000062	1.034130	0.000055	1.029196	0.000059	1.018839	0.997065	
1349478210.786309	0.999995	50.021903	36.323912	5.948638	1.170016	0.600907	1.009676	0.014911	0.992751	0.013349	1.193826	0.987798	1.192000	0.998092	0.906031	0.003946	0.899454	0.002848	0.914616	0.003057	1349478210.786521	1.000010	50.695064	37.091609	5.816806	1.025964	0.799537	1.049238	0.996964	1.049231	0.996897	0.923898	0.191913	0.932442	0.003007	0.932558	0.003006	0.932944	0.002878	1.049229	0.996853	
1349478211.786311	1.000002	715815819.456750	715814869.921925	715781219.503335	0.999992	1.000148	0.999990	1.000154	0.999992	1.000156	0.999993	1.000150	0.999993	1.000153	0.999995	1.000147	0.999993	1.000154	0.999993	1.000150	1349478211.786405	0.999884	715892677.038274	715887849.442159	715899141.824193	0.999993	1.000150	0.999990	1.000153	3.892833	0.256921	0.999993	1.000150	0.999993	1.000154	0.999995	1.000148	0.999993	1.000153	0.999993	1.000152	
1349478212.786370	1.000059	0.000000	0.000000	0.000000	-nan	-nan	-nan	-nan	1.000008	inf	-nan	-nan	-nan	0.000000	-nan	-nan	-nan	-nan	-nan	-nan	1349478212.786433	1.000028	0.000000	0.000000	0.000000	-nan	-nan	-nan	-nan	1.345745	inf	-nan	-nan	-nan	-nan	-nan	-nan	-nan	-nan	-nan	-nan	
1349478213.786419	1.000049	0.000000	0.000000	0.000000	-nan	-nan	-nan	-nan	0.000000	inf	-nan	-nan	-nan	0.000000	0.000000	inf	-nan	-nan	-nan	-nan	1349478213.786493	1.000060	0.000000	0.000000	0.000000	-nan	-nan	-nan	-nan	inf	-nan	-nan	-nan	-nan	-nan	-nan	-nan	-nan	-nan	-nan	-nan	
