ts_0	elapsed_0	pkg_0	pp0_0	dram_0	freq_ratio_0_0	c0_ratio_0_0	freq_ratio_0_1	c0_ratio_0_1	freq_ratio_0_2	c0_ratio_0_2	freq_ratio_0_3	c0_ratio_0_3	freq_ratio_0_4	c0_ratio_0_4	freq_ratio_0_5	c0_ratio_0_5	freq_ratio_0_6	c0_ratio_0_6	freq_ratio_0_7	c0_ratio_0_7	ts_1	elapsed_1	pkg_1	pp0_1	dram_1	freq_ratio_1_0	c0_ratio_1_0	freq_ratio_1_1	c0_ratio_1_1	freq_ratio_1_2	c0_ratio_1_2	freq_ratio_1_3	c0_ratio_1_3	freq_ratio_1_4	c0_ratio_1_4	freq_ratio_1_5	c0_ratio_1_5	freq_ratio_1_6	c0_ratio_1_6	freq_ratio_1_7	c0_ratio_1_7	
1350063158.190614	1.000421	36.148827	22.996177	6.112584	1.000000	1.000000	0.999691	0.002541	0.999357	0.000012	1.000087	0.000150	1.000000	1.000001	0.999976	0.000802	1.001636	0.000011	1.000355	0.000012	1350063158.190796	1.000399	35.814701	22.588778	2.676132	1.000000	1.000000	0.998513	0.000492	0.988846	0.000013	0.990613	0.000018	1.000000	1.000000	1.000060	0.000315	0.997262	0.000013	1.036134	0.000020	
1350063159.190604	0.999990	36.870441	23.709741	6.102966	1.000000	1.000000	1.000103	0.000329	0.999939	0.000063	0.999889	0.000188	1.000000	1.000000	1.000111	0.006818	0.995919	0.000156	0.999951	0.000063	1350063159.190783	0.999987	35.876050	22.637336	3.859105	1.000000	1.000000	1.000585	0.000355	1.002260	0.000079	1.002007	0.000067	1.000000	1.000000	0.998766	0.000322	0.998237	0.000060	1.000142	0.000060	
1350063160.190603	0.999999	36.819432	23.657905	6.121405	1.000000	1.000000	0.999981	0.000283	1.001095	0.000012	0.999988	0.002071	1.000000	1.000000	0.999935	0.000721	0.999978	0.000208	1.000846	0.000012	1350063160.190778	0.999995	35.865399	22.638068	2.864455	1.000000	1.000000	1.001397	0.000403	0.999938	0.000012	1.007742	0.000013	1.000000	1.000000	1.001670	0.000243	1.016927	0.000013	1.000933	0.000012	
1350063161.190604	1.000001	36.450939	23.303323	6.096735	1.000000	1.000000	1.000019	0.007311	0.999627	0.000061	1.000017	0.000783	1.000000	1.000000	0.994102	0.000047	0.999946	0.000262	0.999693	0.000045	1350063161.190783	1.000005	35.975162	22.714623	3.704114	1.000000	1.000000	0.997943	0.000280	1.000233	0.000063	0.998301	0.000056	1.000000	1.000000	0.999275	0.000306	0.994915	0.000045	0.998643	0.000175	
1350063162.190603	0.999999	36.616612	23.455177	6.102911	1.000000	1.000000	0.999968	0.007069	0.999972	0.001473	0.999989	0.000204	1.000000	1.000000	1.000252	0.000011	1.002838	0.000226	1.000033	0.000012	1350063162.190782	0.999999	35.960712	22.722357	4.250553	1.000000	1.000000	1.000293	0.001913	0.999322	0.000013	1.006729	0.000013	1.000000	1.000000	1.003045	0.000275	1.009095	0.000024	1.008789	0.000024	
1350063163.190604	1.000001	40.723289	27.557713	6.083048	1.000000	1.000000	0.999999	0.003484	0.999804	0.002979	1.000002	0.003635	1.000000	1.000000	0.999829	0.002987	0.999791	0.003135	0.999841	0.002850	1350063163.190731	0.999949	40.392259	27.140163	2.515036	1.000000	1.000000	0.999832	0.003277	0.999992	0.002789	0.999790	0.002733	1.000000	1.000000	0.999714	0.003015	0.999694	0.002852	0.999796	0.002623	
1350063164.190604	1.000000	36.205673	23.044159	6.121399	1.000000	1.000000	0.999979	0.000334	1.053972	0.000011	0.999987	0.000121	1.000000	1.000000	1.046438	0.000011	1.002903	0.000227	1.040676	0.000011	1350063164.190781	1.000050	35.929338	22.679818	2.515453	1.000000	1.000000	0.999906	0.000368	1.001012	0.000013	1.049306	0.000012	1.000000	1.000000	1.003576	0.000232	1.074622	0.000012	1.030236	0.000011	
1350063165.190604	1.000000	36.182343	23.020782	6.115219	1.000000	1.000000	0.999955	0.000368	0.999587	0.000057	0.999901	0.000215	1.000000	1.000000	0.999667	0.000049	0.997352	0.000257	1.000008	0.000048	1350063165.190781	1.000000	35.924805	22.676605	2.462936	1.000000	1.000000	0.999972	0.000419	1.000106	0.000058	0.999983	0.000069	1.000000	1.000000	0.996717	0.000291	0.994793	0.000046	0.999404	0.000132	
1350063166.190604	1.000000	36.162308	23.001389	6.109070	1.000000	1.000000	1.000218	0.000290	1.002243	0.000011	0.999826	0.000122	1.000000	1.000000	1.001158	0.000011	0.999865	0.000211	0.998148	0.000012	1350063166.190778	0.999997	35.938298	22.685770	2.446587	1.000000	1.000000	0.999980	0.000358	0.999503	0.000012	0.999280	0.000012	1.000000	1.000000	1.001468	0.000217	1.018523	0.000013	1.021282	0.000013	
1350063167.190604	1.000000	36.171295	23.011627	6.115234	1.000000	1.000000	0.999955	0.000683	0.989814	0.000055	1.000089	0.000294	1.000000	1.000000	0.990673	0.000056	1.000691	0.000249	0.989155	0.000047	1350063167.190787	1.000009	35.975443	22.725182	2.549827	1.000000	1.000000	0.999998	0.000425	0.999972	0.000056	0.998767	0.000069	1.000000	1.000000	0.999821	0.000926	0.995458	0.000058	0.999467	0.000059	
1350063168.190604	1.000000	36.173798	23.012573	6.115234	1.000000	1.000000	0.999995	0.002208	1.021400	0.000027	0.999835	0.000150	1.000000	1.000000	1.020239	0.000026	0.999364	0.000226	1.018304	0.000029	1350063168.190778	0.999991	35.928106	22.677238	2.534828	1.000000	1.000000	1.000013	0.000413	0.691710	0.000018	1.005989	0.000013	1.000000	1.000000	1.000723	0.000219	1.012172	0.000013	0.999262	0.000013	
1350063169.190604	1.000000	36.188950	23.041687	6.115234	1.000000	1.000000	0.999904	0.000353	0.999242	0.000053	1.000003	0.002198	1.000000	1.000000	0.999444	0.000048	0.999931	0.000258	0.999986	0.000054	1350063169.190793	1.000015	35.947946	22.696070	2.703985	1.000000	1.000000	0.999940	0.000382	1.059723	0.000093	0.997966	0.000099	1.000000	1.000000	0.999691	0.000570	0.998214	0.000085	0.996070	0.000155	
1350063170.190604	1.000000	36.181030	23.020187	6.121399	1.000000	1.000000	1.000036	0.000375	1.001197	0.000011	1.000001	0.001265	1.000000	1.000000	1.000351	0.000011	1.000095	0.000211	1.000000	0.000012	1350063170.190784	0.999991	35.943151	22.689415	2.565468	1.000000	1.000000	1.001276	0.000451	1.000278	0.000012	1.017291	0.000013	1.000000	1.000000	1.000885	0.000230	1.004755	0.000038	1.028996	0.000022	
1350063171.190604	1.000000	36.135132	22.973541	6.121399	1.000000	1.000000	1.000444	0.000343	0.999686	0.000054	0.999990	0.000148	1.000000	1.000000	0.999954	0.000051	0.999911	0.000261	1.000119	0.000045	1350063171.190784	1.000000	35.910049	22.669708	2.490463	1.000000	1.000000	0.998409	0.000364	1.000114	0.000074	0.998549	0.000067	1.000000	1.000000	0.999101	0.000260	0.997930	0.000066	1.000051	0.000060	
1350063172.190604	1.000000	36.138504	22.977158	6.102905	1.000000	1.000000	0.999731	0.000645	1.002757	0.000012	0.999971	0.000132	1.000000	1.000000	0.998892	0.000011	1.002832	0.000237	1.001192	0.000012	1350063172.190782	0.999998	36.174553	22.905973	2.497136	1.000000	1.000000	1.000078	0.006681	0.999447	0.000013	1.004219	0.000023	1.000000	1.000000	1.003604	0.000234	1.011745	0.000019	1.000000	0.000013	
1350063173.190604	1.000000	36.159851	22.999878	6.090576	1.000000	1.000000	1.000231	0.000673	0.999701	0.000081	0.999997	0.000125	1.000000	1.000000	1.000408	0.000045	0.997075	0.000231	0.999495	0.000044	1350063173.190787	1.000005	35.933032	22.692742	2.549365	1.000000	0.999995	0.999500	0.001406	1.001168	0.000068	0.996806	0.000069	1.000000	1.000000	0.996659	0.000255	0.993829	0.000057	0.999829	0.000068	
1350063174.190604	1.000000	36.129807	22.970184	6.127563	1.000000	1.000000	0.999957	0.000458	0.999109	0.000019	1.000000	0.000087	1.000000	1.000000	0.999446	0.000018	1.002634	0.000236	1.000286	0.000019	1350063174.190784	0.999997	35.917577	22.664636	2.596550	1.000000	1.000005	1.000311	0.000367	0.996936	0.000020	1.010444	0.000020	1.000000	1.000000	1.003211	0.000245	1.006336	0.000021	0.990634	0.000021	
1350063175.190604	1.000000	36.158066	22.998825	6.121399	1.000000	1.000000	1.000017	0.000411	1.000187	0.000053	0.999981	0.000121	1.000000	1.000000	0.999977	0.000049	0.997443	0.000250	1.000111	0.000045	1350063175.190780	0.999996	35.945946	22.695221	2.548411	1.000000	1.000000	0.999971	0.000471	0.999677	0.000067	0.999965	0.000067	1.000000	1.000000	0.996676	0.000270	1.000000	0.000059	1.000097	0.000059	
1350063176.190604	1.000000	36.092499	22.947784	6.102905	1.000000	1.000000	1.000058	0.000368	1.000195	0.000012	0.999804	0.000095	1.000000	1.000000	1.000912	0.000011	0.999951	0.000211	1.000442	0.000023	1350063176.190780	1.000000	35.942932	22.690781	2.482208	1.000000	1.000000	0.999996	0.000394	0.998818	0.000012	1.000750	0.000012	1.000000	1.000000	1.001265	0.000240	1.016493	0.000013	1.005716	0.000034	
1350063177.190604	1.000000	36.149582	22.990326	6.115234	1.000000	1.000000	0.999771	0.000741	0.999912	0.000079	1.000096	0.000153	1.000000	1.000000	0.999737	0.000047	0.999976	0.000254	0.999628	0.000046	1350063177.190802	1.000022	36.028781	22.776203	2.560994	0.999994	1.000000	1.000182	0.002179	0.997983	0.000311	0.999820	0.000071	1.000000	1.000000	0.999989	0.000246	0.998713	0.000059	0.999700	0.000071	
1350063178.190604	1.000000	36.159637	22.999725	6.121399	1.000000	1.000000	1.000059	0.002232	0.999508	0.000019	1.000010	0.000080	1.000000	1.000000	0.999095	0.000011	1.000055	0.000232	1.000229	0.000012	1350063178.190786	0.999984	35.959376	22.707043	2.498926	1.000006	1.000000	1.001536	0.000055	0.999991	0.000370	0.996181	0.000013	1.000000	1.000000	0.999533	0.000218	0.983041	0.000013	0.983924	0.000013	
1350063179.190604	1.000000	36.140427	22.980850	6.133728	1.000000	1.000000	1.000012	0.000373	0.989824	0.000052	0.999974	0.000120	1.000000	1.000000	0.989389	0.000048	1.000500	0.000244	0.988253	0.000045	1350063179.190782	0.999996	35.988259	22.733079	2.485926	0.999994	1.000000	0.999956	0.001090	0.999397	0.000389	0.997629	0.000069	1.000000	1.000000	0.999615	0.000277	1.004951	0.000059	1.003709	0.000059	
1350063180.190604	1.000000	36.127121	22.968384	6.121399	1.000000	1.000000	0.999963	0.000395	1.013333	0.000039	1.000038	0.000112	1.000000	1.000000	1.013508	0.000038	0.999387	0.000248	1.019675	0.000027	1350063180.190780	0.999998	35.997673	22.741437	2.558461	1.000006	1.000000	1.000026	0.002287	1.002271	0.000382	1.006984	0.000013	1.000000	1.000000	1.000430	0.000244	0.982785	0.000013	0.971416	0.000013	
1350063181.190604	1.000000	36.141113	22.981995	6.096741	1.000000	1.000000	0.999971	0.000655	0.999974	0.000059	0.999991	0.000131	1.000000	1.000000	0.999957	0.000045	0.999981	0.000261	0.999921	0.000044	1350063181.190786	1.000006	36.094130	22.838929	2.562424	1.000000	1.000000	0.999827	0.000436	0.999883	0.005359	1.001388	0.000085	1.000000	1.000000	1.000057	0.000517	1.000120	0.000071	0.994500	0.000087	
1350063182.190604	1.000000	36.146118	22.987213	6.121338	1.000000	1.000000	0.999973	0.001156	0.999872	0.000012	0.999789	0.000113	1.000000	1.000000	1.000640	0.000012	1.002572	0.000241	0.998165	0.000012	1350063182.190780	0.999994	36.097841	22.843917	2.467056	1.000000	1.000000	1.001021	0.000047	1.000109	0.005694	0.999938	0.000012	1.000000	1.000000	1.002977	0.000235	1.011476	0.000018	1.053895	0.000016	
1350063183.190604	1.000000	36.120911	22.963211	6.127563	1.000000	1.000000	0.999720	0.000425	1.000281	0.000051	1.000247	0.000115	1.000000	1.000000	1.000243	0.000049	0.997457	0.000238	1.001016	0.000044	1350063183.190786	1.000006	36.064864	22.824556	2.439744	1.000000	0.999995	1.000740	0.000066	0.999864	0.005702	1.000106	0.000051	1.000000	1.000000	0.997079	0.000254	0.996249	0.000057	0.996191	0.000057	
1350063184.190604	1.000000	36.088470	22.945023	6.127563	1.000000	1.000000	1.000005	0.000855	1.001163	0.000011	0.999543	0.000079	1.000000	1.000000	0.999323	0.000012	1.002651	0.000233	0.998636	0.000012	1350063184.190775	0.999989	35.990522	22.737234	2.491650	1.000000	1.000005	0.999784	0.000048	1.000056	0.001838	0.999969	0.000013	1.000000	1.000000	1.002994	0.000249	1.010233	0.000013	1.016635	0.000013	
1350063185.190604	1.000000	36.182861	23.027176	6.127563	1.000000	1.000000	0.999942	0.000406	0.999588	0.000052	0.999999	0.001641	1.000000	1.000000	0.999831	0.000046	0.997438	0.000250	0.999991	0.000044	1350063185.190780	1.000005	35.953784	22.699990	2.785066	1.000000	1.000000	0.999885	0.000121	1.000023	0.000384	0.996177	0.000070	1.000000	1.000000	0.998450	0.000545	0.997907	0.000059	1.000070	0.000066	
1350063186.190603	0.999999	36.368565	23.211021	6.133734	1.000000	1.000000	1.000585	0.000301	1.000175	0.000011	1.000002	0.003999	1.000000	1.000000	1.000610	0.000011	0.999982	0.003272	1.001411	0.000012	1350063186.190785	1.000005	35.950137	22.693292	3.327239	1.000000	1.000000	1.000091	0.000046	0.999923	0.000257	1.021576	0.000013	1.000000	1.000000	1.000778	0.000268	1.011828	0.000013	1.000000	0.000012	
1350063187.190604	1.000001	36.307857	23.149316	6.109064	1.000000	1.000000	0.999956	0.000678	0.999881	0.000052	1.000007	0.004868	1.000000	1.000000	0.999801	0.000045	1.000024	0.000252	0.999991	0.000042	1350063187.190785	1.000000	35.947311	22.692169	3.186737	0.999994	1.000000	1.000156	0.000089	1.000090	0.000325	0.999768	0.000052	1.000000	1.000000	1.000011	0.000307	1.000869	0.000043	0.999877	0.000044	
1350063188.190604	1.000000	38.603760	25.441711	6.132675	1.000000	1.000000	0.999968	0.005338	1.000004	0.003219	1.000001	0.003361	1.000000	1.000000	0.999827	0.002797	0.999996	0.002911	0.999998	0.002682	1350063188.190778	0.999993	42.311648	29.051654	2.528078	1.000006	1.000000	0.999788	0.002831	0.999995	0.003066	0.999747	0.002736	1.000000	1.000000	0.999993	0.002882	0.999706	0.002611	0.999681	0.002546	
1350063189.190604	1.000000	36.203247	23.043304	6.121399	1.000000	1.000000	0.999989	0.000508	0.999848	0.000124	0.999997	0.002476	1.000000	1.000000	1.012135	0.000039	0.999937	0.000247	1.000061	0.000044	1350063189.190783	1.000005	35.969424	22.708672	2.693666	1.000000	1.000000	1.011375	0.000052	0.999363	0.000356	1.009269	0.000050	1.000000	1.000000	0.999251	0.000287	1.019929	0.000038	1.016844	0.000047	
1350063190.190605	1.000001	715824784.861022	715795759.034745	715781150.750962	0.999982	1.000166	0.999980	1.000170	0.999982	1.000172	0.999983	1.000173	0.999982	1.000167	0.999984	1.000161	0.999982	1.000166	0.999983	1.000168	1350063190.190711	0.999928	715874940.177856	715819341.323362	715866031.413769	0.999982	1.000168	0.999980	1.000170	3.893534	0.256877	0.999981	1.000163	0.999983	1.000170	0.999984	1.000161	0.999982	1.000169	0.999982	1.000164	
1350063191.190604	0.999999	0.000000	0.000000	0.000000	-nan	-nan	-nan	-nan	0.000000	inf	-nan	-nan	-nan	0.000000	-nan	-nan	-nan	-nan	-nan	-nan	1350063191.190673	0.999962	0.000000	0.000000	0.000000	-nan	-nan	-nan	-nan	0.000000	inf	-nan	-nan	-nan	-nan	-nan	-nan	-nan	-nan	-nan	-nan	
