ts_0	elapsed_0	pkg_0	pp0_0	dram_0	freq_ratio_0_0	c0_ratio_0_0	freq_ratio_0_1	c0_ratio_0_1	freq_ratio_0_2	c0_ratio_0_2	freq_ratio_0_3	c0_ratio_0_3	freq_ratio_0_4	c0_ratio_0_4	freq_ratio_0_5	c0_ratio_0_5	freq_ratio_0_6	c0_ratio_0_6	freq_ratio_0_7	c0_ratio_0_7	ts_1	elapsed_1	pkg_1	pp0_1	dram_1	freq_ratio_1_0	c0_ratio_1_0	freq_ratio_1_1	c0_ratio_1_1	freq_ratio_1_2	c0_ratio_1_2	freq_ratio_1_3	c0_ratio_1_3	freq_ratio_1_4	c0_ratio_1_4	freq_ratio_1_5	c0_ratio_1_5	freq_ratio_1_6	c0_ratio_1_6	freq_ratio_1_7	c0_ratio_1_7	
1350063158.190686	1.000433	36.789583	23.545988	3.806442	1.000000	1.000000	0.999796	0.003544	0.999795	0.002658	0.999804	0.002472	1.000000	1.000000	0.999947	0.002840	0.999991	0.002509	0.999986	0.002622	1350063158.190797	1.000348	35.994154	22.808223	1.714186	1.000000	1.000000	0.999929	0.003387	0.999793	0.002574	0.999929	0.002548	1.000000	1.000000	1.000030	0.002872	0.999715	0.002743	0.999837	0.003764	
1350063159.190662	0.999976	34.626398	21.385738	3.809281	1.000000	1.000000	0.999949	0.000442	1.087749	0.000006	1.078230	0.000006	1.000000	1.000000	0.999985	0.000212	1.087219	0.000006	1.092410	0.000006	1350063159.190845	1.000048	34.679872	21.484307	1.588181	1.000000	1.000000	1.000906	0.000271	1.070425	0.000008	1.048465	0.000008	1.000000	1.000000	0.999582	0.000250	1.102749	0.000008	1.006934	0.000076	
1350063160.190663	1.000001	34.637555	21.395228	3.797375	1.000000	1.000000	1.000021	0.000382	0.999969	0.000063	0.999951	0.000063	1.000000	1.000000	1.000008	0.000294	1.000162	0.000059	0.999940	0.000057	1350063160.190850	1.000005	34.674799	21.478042	1.631904	1.000000	1.000000	1.000017	0.000731	0.997867	0.000082	1.000053	0.000123	1.000000	1.000000	0.999999	0.000294	0.999976	0.000064	1.001481	0.000081	
1350063161.190662	0.999999	34.638705	21.399038	3.805256	1.000000	1.000000	1.000021	0.000469	0.999610	0.000012	0.997027	0.000012	1.000000	1.000000	0.999988	0.000231	0.996977	0.000011	0.998398	0.000012	1350063161.190846	0.999996	34.642230	21.445689	1.591193	1.000000	1.000000	0.999899	0.000230	1.005726	0.000014	0.998171	0.000013	1.000000	1.000000	0.999983	0.000333	0.999971	0.000013	1.000235	0.000056	
1350063162.190669	1.000007	34.618627	21.391805	3.793660	1.000000	1.000000	0.999950	0.000397	0.997080	0.000057	0.997969	0.000057	1.000000	1.000000	0.999952	0.000258	0.997285	0.000047	0.996917	0.000046	1350063162.190855	1.000009	34.675543	21.478962	1.634217	1.000000	1.000000	0.999941	0.002501	1.000241	0.000204	0.999813	0.000097	1.000000	1.000000	0.999974	0.000271	1.000028	0.000068	0.999485	0.000093	
1350063163.190663	0.999994	34.657357	21.415197	3.797462	1.000000	1.000000	1.000018	0.000430	1.016118	0.000011	1.009509	0.000012	1.000000	1.000000	1.000005	0.000212	1.012018	0.000011	1.013550	0.000011	1350063163.190842	0.999987	34.638470	21.441840	1.588003	1.000000	1.000000	1.000046	0.000268	0.998417	0.000014	0.986919	0.000013	1.000000	1.000000	0.999173	0.000254	0.985422	0.000013	0.996666	0.000052	
1350063164.190663	1.000000	34.644485	21.404785	3.801453	1.000000	1.000000	0.999971	0.000373	0.999881	0.000068	1.000575	0.000055	1.000000	1.000000	0.999978	0.000275	1.000526	0.000050	1.000235	0.000046	1350063164.190847	1.000005	34.622370	21.424881	1.628623	1.000000	1.000000	1.000582	0.000283	1.000606	0.000079	1.002857	0.000073	1.000000	1.000000	1.000681	0.000300	1.003118	0.000062	1.002087	0.000094	
1350063165.190669	1.000006	34.653358	21.412790	3.801293	1.000000	1.000000	0.999998	0.000456	0.999512	0.000011	0.998377	0.000012	1.000000	1.000000	1.000034	0.000213	0.999232	0.000011	0.999066	0.000012	1350063165.190855	1.000008	34.654931	21.458795	1.591219	1.000000	1.000000	0.999692	0.000577	1.002912	0.000014	0.999712	0.000050	1.000000	1.000000	0.999982	0.000258	0.999972	0.000014	0.999926	0.000052	
1350063166.190663	0.999994	34.663689	21.425192	3.797432	1.000000	1.000000	0.999953	0.000414	1.000070	0.000055	1.000333	0.000056	1.000000	1.000000	0.999950	0.000285	1.000076	0.000046	1.000069	0.000045	1350063166.190839	0.999984	34.597782	21.413596	1.623973	1.000000	1.000000	0.999991	0.000256	0.999856	0.000185	0.999940	0.000071	1.000000	1.000000	0.999988	0.000313	1.000026	0.000060	1.000013	0.000091	
1350063167.190662	0.999999	34.665637	21.424611	3.809192	1.000000	1.000000	0.999987	0.000410	0.998090	0.000012	0.998826	0.000012	1.000000	1.000000	0.999985	0.000232	0.997923	0.000011	0.999399	0.000011	1350063167.190847	1.000008	34.640436	21.443170	1.594378	1.000000	1.000000	0.999987	0.000294	1.000309	0.000014	1.000390	0.000013	1.000000	1.000000	0.999971	0.000294	0.999416	0.000013	0.999297	0.000053	
1350063168.190663	1.000001	34.661649	21.420741	3.801312	1.000000	1.000000	0.999965	0.000398	0.990640	0.000057	0.990658	0.000056	1.000000	1.000000	1.000600	0.000252	0.989028	0.000046	0.987934	0.000045	1350063168.190844	0.999997	34.600296	21.402822	1.620565	1.000000	1.000000	1.000004	0.000276	0.999744	0.000072	1.000022	0.000071	1.000000	1.000000	1.000010	0.000278	1.000069	0.000061	1.000395	0.000087	
1350063169.190669	1.000006	34.662498	21.424570	3.801659	1.000000	1.000000	0.999994	0.000418	1.020534	0.000026	1.019112	0.000026	1.000000	1.000000	0.999905	0.000210	0.999239	0.000012	1.000255	0.000012	1350063169.190855	1.000011	34.542041	21.345225	1.593061	1.000000	1.000000	1.000495	0.000287	0.978787	0.000014	0.969636	0.000013	1.000000	1.000000	0.999194	0.000245	0.999971	0.000013	0.999830	0.000052	
1350063170.190663	0.999994	34.675698	21.437536	3.805427	1.000000	1.000000	0.999960	0.000390	0.999989	0.000072	1.000341	0.000055	1.000000	1.000000	0.999527	0.000288	1.008807	0.000059	1.009132	0.000058	1350063170.190848	0.999993	34.605052	21.408260	1.640331	1.000000	1.000000	0.999760	0.000593	1.000952	0.000169	1.001461	0.000140	1.000000	1.000000	1.000627	0.000303	0.999973	0.000086	0.994566	0.000115	
1350063171.190662	0.999999	34.634967	21.410131	3.790256	1.000000	1.000000	0.999991	0.000453	0.998801	0.000012	0.999935	0.000012	1.000000	1.000000	0.999978	0.000261	1.000105	0.000011	0.999546	0.000012	1350063171.190839	0.999991	34.530708	21.332514	1.593001	1.000000	1.000000	0.999903	0.000271	1.004839	0.000014	1.007614	0.000013	1.000000	1.000000	1.000001	0.000311	0.999506	0.000013	1.008233	0.000068	
1350063172.190669	1.000007	34.649144	21.412160	3.804921	1.000000	1.000000	0.999978	0.000392	0.997856	0.000056	0.997633	0.000055	1.000000	1.000000	1.000019	0.000248	0.997039	0.000045	0.996884	0.000045	1350063172.190861	1.000022	34.524893	21.326040	1.611552	1.000000	1.000000	1.000011	0.002229	1.000352	0.000078	0.997984	0.000070	1.000000	1.000000	0.999904	0.000254	1.003376	0.000062	1.000696	0.000091	
1350063173.190662	0.999993	34.640819	21.400142	3.801387	1.000000	1.000000	1.000066	0.000421	1.013844	0.000011	1.008500	0.000012	1.000000	1.000000	0.999963	0.000231	1.012662	0.000011	1.012530	0.000011	1350063173.190839	0.999978	34.488794	21.303598	1.591527	1.000000	1.000000	1.000619	0.000293	0.988153	0.000014	1.019317	0.000013	1.000000	1.000000	1.000034	0.000280	0.984163	0.000013	1.000296	0.000052	
1350063174.190663	1.000001	34.637479	21.396632	3.797726	1.000000	1.000000	0.999904	0.000494	0.999773	0.000061	1.000421	0.000062	1.000000	1.000000	0.999985	0.000263	0.999821	0.000050	1.000088	0.000052	1350063174.190846	1.000007	34.517584	21.320882	1.620671	1.000000	1.000000	0.999823	0.000270	1.000490	0.000103	0.997185	0.000078	1.000000	1.000000	0.999986	0.000278	1.000225	0.000062	0.999899	0.000084	
1350063175.190663	1.000000	34.625229	21.384705	3.790222	1.000000	1.000000	0.999971	0.000480	1.000156	0.000044	1.000280	0.000037	1.000000	1.000000	1.000010	0.000232	1.001535	0.000011	1.000708	0.000012	1350063175.190843	0.999997	34.534104	21.335714	1.594243	1.000000	1.000000	0.999722	0.000647	0.998730	0.000014	0.997080	0.000074	1.000000	1.000000	1.000006	0.000274	0.999169	0.000013	0.999140	0.000051	
1350063176.190663	1.000000	34.633057	21.394669	3.797501	1.000000	1.000000	0.999993	0.000513	0.999562	0.000074	0.999747	0.000055	1.000000	1.000000	0.999949	0.000309	0.999604	0.000067	0.999832	0.000064	1350063176.190854	1.000011	34.528903	21.331019	1.615125	1.000000	1.000000	1.000029	0.000239	0.998925	0.000086	1.002841	0.000082	1.000000	1.000000	0.999955	0.000316	1.000013	0.000091	1.000441	0.000098	
1350063177.190663	1.000000	34.631668	21.395981	3.801315	1.000000	1.000000	1.000351	0.000440	1.001872	0.000012	1.000715	0.000012	1.000000	1.000000	0.999963	0.000231	1.001692	0.000011	0.999773	0.000012	1350063177.190865	1.000011	34.525851	21.326686	1.589689	1.000000	1.000000	0.992710	0.000320	1.023389	0.000013	0.999466	0.000013	1.000000	1.000000	1.000026	0.000282	0.999971	0.000013	0.999456	0.000052	
1350063178.190663	1.000000	34.626358	21.389069	3.805206	1.000000	1.000000	0.999970	0.000480	1.000126	0.000082	1.000042	0.000055	1.000000	1.000000	0.999985	0.000253	1.000103	0.000045	0.999974	0.000044	1350063178.190847	0.999982	34.521796	21.322235	1.614287	1.000000	0.999999	1.004975	0.000494	0.996492	0.000084	0.999827	0.000067	1.000000	1.000000	0.999942	0.000273	1.002113	0.000057	1.000313	0.000075	
1350063179.190663	1.000000	34.634811	21.400177	3.801834	1.000000	1.000000	1.000028	0.000415	0.999871	0.000012	0.999935	0.000012	1.000000	1.000000	1.000072	0.000231	1.001471	0.000011	0.998899	0.000012	1350063179.190849	1.000002	34.513377	21.315450	1.594586	1.000000	1.000000	1.000159	0.000284	1.005581	0.000015	1.000445	0.000013	1.000000	1.000000	0.999990	0.000265	1.005734	0.000013	1.005260	0.000038	
1350063180.190669	1.000006	34.601463	21.378596	3.793892	1.000000	1.000000	1.001326	0.000380	0.990181	0.000056	0.990328	0.000055	1.000000	1.000000	1.000481	0.000250	0.988270	0.000045	0.988826	0.000046	1350063180.190848	0.999999	34.537417	21.339773	1.628847	1.000000	1.000000	0.999677	0.000552	0.999962	0.000071	1.001864	0.000107	1.000000	1.000000	0.999974	0.000267	0.996752	0.000061	0.997728	0.000088	
1350063181.190663	0.999994	34.631478	21.393789	3.793739	1.000000	1.000000	0.998890	0.000492	1.020713	0.000026	1.019868	0.000026	1.000000	1.000000	0.999985	0.000229	0.999873	0.000012	0.999936	0.000012	1350063181.190837	0.999989	34.543729	21.346151	1.589937	1.000000	1.000000	1.000542	0.000277	1.012774	0.000014	0.993460	0.000013	0.999999	1.000000	0.999996	0.000304	1.000029	0.000013	0.999727	0.000052	
1350063182.190663	1.000000	34.644318	21.408218	3.789932	1.000000	1.000000	0.999986	0.000400	0.998154	0.000075	0.997478	0.000054	1.000000	1.000000	0.999489	0.000296	1.006570	0.000059	1.006553	0.000058	1350063182.190846	1.000009	34.522469	21.338704	1.614075	1.000001	1.000000	1.000003	0.002268	0.999534	0.000120	1.000172	0.000112	1.000001	1.000000	0.999963	0.000269	1.000060	0.000303	0.994480	0.000119	
1350063183.190663	1.000000	36.857117	23.621017	3.800766	1.000000	1.000000	0.999997	0.003427	0.999834	0.002817	0.999852	0.002712	1.000000	1.000000	0.999995	0.002888	0.999833	0.002567	0.999861	0.002416	1350063183.190773	0.999927	36.235432	23.035479	1.589212	1.000000	1.000000	0.999990	0.003280	0.999858	0.002808	0.999811	0.002737	1.000000	1.000000	0.999998	0.003089	0.999890	0.002633	1.000231	0.003305	
1350063184.190670	1.000007	34.640767	21.405461	3.805272	1.000000	1.000000	1.000014	0.000466	1.012722	0.000047	1.011749	0.000045	1.000000	1.000000	1.000011	0.000246	1.014021	0.000038	1.010642	0.000045	1350063184.190859	1.000086	34.524845	21.327556	1.631253	1.000000	1.000000	0.999975	0.000273	1.006622	0.000071	1.000613	0.000615	1.000000	1.000000	0.999982	0.000276	1.004476	0.000059	0.999208	0.000106	
1350063185.190662	0.999992	34.649588	21.413458	3.805268	1.000000	1.000000	1.000030	0.000422	0.999871	0.000012	0.997923	0.000012	1.000000	1.000000	0.999822	0.000232	0.998185	0.000011	0.999030	0.000012	1350063185.190842	0.999983	34.533635	21.336558	1.589749	1.000000	1.000000	0.999997	0.000574	0.991829	0.000014	1.004769	0.000044	1.000000	1.000000	1.000020	0.000272	0.999259	0.000014	0.999590	0.000053	
1350063186.190663	1.000001	34.646757	21.410075	3.786144	1.000000	1.000000	0.999916	0.000406	1.000169	0.000053	1.000478	0.000056	1.000000	1.000000	1.000110	0.000271	1.000921	0.000046	1.000009	0.000044	1350063186.190850	1.000008	34.528132	21.330165	1.609362	1.000000	1.000000	1.000082	0.000258	0.998908	0.000083	0.997097	0.000073	1.000000	1.000000	0.999961	0.000324	1.000006	0.000063	1.000048	0.000097	
1350063187.190663	1.000000	34.635788	21.401230	3.797668	1.000000	1.000000	0.999967	0.000646	0.999935	0.000012	1.000326	0.000012	1.000000	1.000000	0.999980	0.000214	0.999476	0.000011	0.999871	0.000012	1350063187.190849	0.999999	34.518481	21.320089	1.588136	1.000000	1.000000	1.000000	0.000299	1.006117	0.000014	1.015540	0.000013	1.000000	1.000000	0.999986	0.000245	0.999913	0.000013	0.999807	0.000052	
1350063188.190663	1.000000	34.639526	21.403732	3.801575	1.000000	1.000000	1.000036	0.000403	0.999771	0.000054	0.999721	0.000054	1.000000	1.000000	0.999972	0.000260	0.999418	0.000044	0.999983	0.000045	1350063188.190843	0.999994	34.519157	21.321019	1.628779	1.000000	1.000000	0.999908	0.000278	1.000827	0.000077	0.999988	0.000065	1.000000	1.000000	0.999989	0.000752	1.000006	0.000063	1.000164	0.000094	
1350063189.190663	1.000000	34.600937	21.378784	3.805283	1.000000	1.000000	0.999745	0.000563	1.000014	0.000056	0.999869	0.000012	1.000000	1.000000	1.000003	0.000250	1.001463	0.000011	0.997477	0.000011	1350063189.190848	1.000005	34.494441	21.294113	1.592933	1.000000	1.000000	0.999926	0.000256	0.981984	0.000014	0.968739	0.000013	1.000000	1.000000	0.999216	0.000266	0.999855	0.000013	0.999809	0.000053	
1350063190.190671	1.000008	715788340.094854	715798439.420106	715758455.693244	0.999988	1.000203	0.999986	1.000206	0.999988	1.000211	0.999988	1.000203	0.999988	1.000206	0.999991	1.000201	0.999988	1.000206	0.999988	1.000204	1350063190.190763	0.999915	715830999.228295	715858164.707367	715854459.111751	0.999988	1.000203	0.999985	1.000204	3.893154	0.256912	0.999988	1.000203	0.999988	1.000206	0.999991	1.000201	0.999988	1.000206	0.999988	1.000204	
1350063191.190708	1.000037	0.000000	0.000000	0.000000	-nan	-nan	-nan	-nan	1.000008	inf	-nan	-nan	-nan	0.000000	-nan	-nan	-nan	-nan	-nan	-nan	1350063191.190784	1.000021	0.000000	0.000000	0.000000	-nan	-nan	-nan	-nan	1.345745	inf	-nan	-nan	-nan	-nan	-nan	-nan	-nan	-nan	-nan	-nan	
