ts_0	elapsed_0	pkg_0	pp0_0	dram_0	freq_ratio_0_0	c0_ratio_0_0	freq_ratio_0_1	c0_ratio_0_1	freq_ratio_0_2	c0_ratio_0_2	freq_ratio_0_3	c0_ratio_0_3	freq_ratio_0_4	c0_ratio_0_4	freq_ratio_0_5	c0_ratio_0_5	freq_ratio_0_6	c0_ratio_0_6	freq_ratio_0_7	c0_ratio_0_7	ts_1	elapsed_1	pkg_1	pp0_1	dram_1	freq_ratio_1_0	c0_ratio_1_0	freq_ratio_1_1	c0_ratio_1_1	freq_ratio_1_2	c0_ratio_1_2	freq_ratio_1_3	c0_ratio_1_3	freq_ratio_1_4	c0_ratio_1_4	freq_ratio_1_5	c0_ratio_1_5	freq_ratio_1_6	c0_ratio_1_6	freq_ratio_1_7	c0_ratio_1_7	
1350062756.482835	1.000301	47.876266	34.658746	6.125720	1.000000	1.000000	0.999676	0.001928	1.000000	1.000000	1.000021	0.000348	1.000000	1.000000	0.999976	0.000323	1.000000	1.000000	0.999994	0.001209	1350062756.482968	1.000304	48.348264	35.216818	3.605822	1.000000	1.000000	0.999722	0.000432	1.000000	1.000000	0.999519	0.000468	1.000000	1.000000	0.999559	0.000437	1.000000	1.000000	0.999425	0.000466	
1350062757.482825	0.999990	47.764669	34.561854	6.121460	1.000000	1.000000	0.999992	0.006087	1.000000	1.000000	0.999980	0.000375	1.000000	1.000000	0.999946	0.000359	1.000000	1.000000	0.999895	0.000267	1350062757.482956	0.999988	48.365780	35.242714	4.710246	1.000000	1.000000	1.000613	0.000289	1.000000	1.000000	1.000988	0.000275	1.000000	1.000000	1.000782	0.000328	1.000000	1.000000	1.000840	0.000375	
1350062758.482825	1.000000	47.779526	34.558640	6.102859	1.000000	1.000000	0.999953	0.005740	1.000000	1.000000	0.999973	0.000338	1.000000	1.000000	1.000046	0.000218	1.000000	1.000000	0.999978	0.000213	1350062758.482957	1.000001	48.426818	35.288480	4.412822	1.000000	1.000000	0.999999	0.000366	1.000000	1.000000	1.000001	0.000274	1.000000	1.000000	1.000151	0.000271	1.000000	1.000000	0.999964	0.000347	
1350062759.482825	1.000000	47.613235	34.389755	6.127563	1.000000	1.000000	0.999823	0.000473	1.000000	1.000000	0.999950	0.000316	1.000000	1.000000	0.999985	0.000284	1.000000	1.000000	0.999981	0.000259	1350062759.482959	1.000002	48.292785	35.153207	2.772105	1.000000	1.000000	1.000006	0.000386	1.000000	1.000000	0.999954	0.000236	1.000000	1.000000	0.999886	0.000407	1.000000	1.000000	0.999460	0.000456	
1350062760.482825	1.000000	47.620560	34.394577	6.115234	1.000000	1.000000	1.000353	0.000365	1.000000	1.000000	1.000028	0.000308	1.000000	1.000000	0.999915	0.000218	1.000000	1.000000	1.000107	0.000216	1350062760.482956	0.999997	48.208920	35.068865	2.735452	1.000000	1.000000	0.999963	0.000485	1.000000	1.000000	0.999989	0.000269	1.000000	1.000000	1.000061	0.000352	1.000000	1.000000	1.000553	0.000426	
1350062761.482825	1.000000	47.624023	34.398621	6.115234	1.000000	1.000000	1.000251	0.000449	1.000000	1.000000	0.999984	0.000296	1.000000	1.000000	1.000026	0.000335	1.000000	1.000000	1.000383	0.000259	1350062761.482965	1.000009	48.201346	35.060977	2.759832	1.000000	1.000000	1.000030	0.000368	1.000000	1.000000	1.000013	0.000232	0.999995	1.000000	0.999971	0.000454	1.000000	1.000000	0.999977	0.000542	
1350062762.482825	1.000000	47.602905	34.377579	6.115234	1.000000	1.000000	0.999987	0.000574	1.000000	1.000000	1.000011	0.000292	1.000000	1.000000	0.999895	0.000229	1.000000	1.000000	0.999970	0.000218	1350062762.482957	0.999992	48.238398	35.096369	2.867424	1.000000	1.000000	0.999956	0.001321	1.000000	1.000000	1.000427	0.000290	1.000005	1.000000	1.000046	0.000319	1.000000	1.000000	1.000010	0.000419	
1350062763.482826	1.000001	47.923096	34.694974	6.101679	1.000000	1.000000	0.999971	0.006332	1.000000	1.000000	0.999995	0.003105	1.000000	1.000000	1.000000	0.002847	1.000000	1.000000	1.000254	0.003423	1350062763.482935	0.999978	48.450556	35.308346	3.173608	1.000000	1.000000	0.999990	0.003951	1.000000	1.000000	0.999866	0.002900	1.000000	1.000000	0.999990	0.003048	1.000000	1.000000	1.000011	0.004403	
1350062764.482825	0.999999	47.852905	34.627703	6.115240	1.000000	1.000000	0.999976	0.000412	1.000000	1.000000	0.999989	0.005763	1.000000	1.000000	1.000076	0.000218	1.000000	1.000000	0.994953	0.000205	1350062764.482953	1.000018	48.188576	35.047225	4.692909	1.000000	1.000000	1.000027	0.000326	1.000000	1.000000	1.000943	0.000263	1.000000	1.000000	0.999896	0.000272	1.000000	1.000000	1.000028	0.000305	
1350062765.482825	1.000000	47.704422	34.478455	6.115234	1.000000	1.000000	0.999990	0.000381	1.000000	1.000000	0.999973	0.001539	1.000000	1.000000	0.999949	0.000327	1.000000	1.000000	1.000070	0.000264	1350062765.482955	1.000002	48.181671	35.037393	3.149301	1.000000	1.000000	1.000031	0.000385	1.000000	1.000000	0.999972	0.000235	1.000000	1.000000	0.999740	0.000370	1.000000	0.999999	0.999269	0.000464	
1350062766.482825	1.000000	47.789780	34.565765	6.109070	1.000000	1.000000	0.999947	0.000382	1.000000	1.000000	0.999986	0.002861	1.000000	1.000000	0.999854	0.000238	1.000000	1.000000	0.999952	0.000233	1350062766.482954	0.999999	48.167206	35.022479	3.635639	1.000000	1.000000	0.999592	0.000379	1.000000	1.000000	0.999989	0.000329	1.000000	1.000000	1.000238	0.000422	1.000000	1.000001	1.000650	0.000369	
1350062767.482825	1.000000	47.614334	34.390488	6.115234	1.000000	1.000000	0.999976	0.000381	1.000000	1.000000	0.999940	0.000310	1.000000	1.000000	1.000124	0.000260	1.000000	1.000000	0.999931	0.000235	1350062767.482961	1.000007	48.158664	35.014589	2.741161	1.000000	1.000000	1.000437	0.000345	1.000000	1.000000	0.999995	0.000213	1.000000	1.000000	1.000008	0.000506	1.000000	1.000000	0.999744	0.000485	
1350062768.482825	1.000000	47.562485	34.350342	6.115234	1.000000	1.000000	1.000032	0.000730	1.000000	1.000000	1.000043	0.000269	1.000000	1.000000	0.999947	0.000219	1.000000	1.000000	0.999936	0.000234	1350062768.482959	0.999998	48.124436	34.993460	2.724660	1.000000	1.000000	0.999652	0.000488	1.000000	1.000000	0.999902	0.000304	1.000000	1.000000	0.999912	0.000361	1.000000	1.000000	1.000079	0.000437	
1350062769.482825	1.000000	47.604630	34.380661	6.127548	1.000000	1.000000	0.999981	0.000914	1.000000	1.000000	0.999957	0.000332	1.000000	1.000000	1.000006	0.000301	1.000000	1.000000	1.000104	0.000258	1350062769.482967	1.000008	48.185721	35.042257	2.763009	1.000000	0.999995	1.000423	0.000367	1.000000	1.000000	1.000052	0.000243	1.000000	1.000000	0.999831	0.000485	1.000000	1.000000	0.999672	0.000471	
1350062770.482825	1.000000	47.597992	34.377060	6.127563	1.000000	1.000000	1.000021	0.000369	1.000000	1.000000	1.000037	0.000270	1.000000	1.000000	0.999825	0.000219	1.000000	1.000000	0.999891	0.000215	1350062770.482953	0.999986	48.184912	35.038579	2.733116	1.000000	1.000005	0.999998	0.000463	1.000000	1.000000	0.999975	0.000273	1.000000	1.000000	1.000270	0.000375	1.000000	1.000000	1.000124	0.000632	
1350062771.482825	1.000000	47.586792	34.366699	6.109070	1.000000	1.000000	0.999957	0.000417	1.000000	1.000000	0.999931	0.000303	1.000000	1.000000	1.000054	0.000277	1.000000	1.000000	0.999964	0.000257	1350062771.482954	1.000001	48.167969	35.023068	2.769330	1.000000	1.000000	0.999975	0.000339	1.000000	1.000000	0.999997	0.000233	1.000000	1.000000	1.000009	0.000505	1.000000	1.000000	1.000374	0.000373	
1350062772.482825	1.000000	47.563431	34.341156	6.127563	1.000000	1.000000	0.999991	0.000544	1.000000	1.000000	0.999983	0.000276	1.000000	1.000000	1.000064	0.000242	1.000000	1.000000	1.000068	0.000222	1350062772.482961	1.000007	48.124347	34.978915	2.770321	1.000000	1.000000	1.000011	0.000476	0.999994	1.000000	0.999981	0.000291	1.000000	1.000000	0.999982	0.000330	1.000000	1.000000	0.999998	0.000409	
1350062773.482825	1.000000	47.662888	34.440109	6.127563	1.000000	1.000000	1.000052	0.002619	1.000000	1.000000	0.999970	0.000317	1.000000	1.000000	0.999956	0.001374	1.000000	1.000000	1.000388	0.000264	1350062773.482956	0.999995	48.177884	35.031624	3.118515	1.000000	1.000000	0.999875	0.000465	1.000005	1.000000	0.999896	0.000237	1.000000	1.000000	0.999922	0.000527	1.000000	1.000000	0.999443	0.000406	
1350062774.482825	1.000000	47.875931	34.653107	6.121399	1.000000	1.000000	0.999898	0.001574	1.000000	1.000000	0.999892	0.000260	1.000000	1.000000	0.999985	0.004739	1.000000	1.000000	1.000005	0.000835	1350062774.482954	0.999998	48.175248	35.030996	4.982569	1.000000	1.000000	1.000484	0.000323	1.000000	1.000000	1.000049	0.000281	1.000000	1.000000	1.000067	0.000254	1.000000	1.000000	1.000772	0.000267	
1350062775.482825	1.000000	48.047943	34.825638	6.133728	1.000000	1.000000	0.999973	0.004731	1.000000	1.000000	0.999984	0.003835	1.000000	1.000000	0.999910	0.000308	1.000000	1.000000	0.999439	0.000280	1350062775.483004	1.000050	48.202833	35.059615	4.814899	1.000000	1.000000	0.999636	0.000334	1.000000	1.000000	0.999966	0.000299	1.000000	1.000000	1.000437	0.000337	1.000000	1.000000	1.000243	0.000285	
1350062776.482826	1.000001	47.598160	34.374357	6.108942	1.000000	1.000000	0.999982	0.000273	1.000000	1.000000	0.999993	0.000292	1.000000	1.000000	1.000010	0.000235	1.000000	1.000000	1.000073	0.000233	1350062776.482957	0.999953	48.208609	35.061446	2.726858	1.000000	1.000000	0.999990	0.000405	1.000000	1.000000	0.999987	0.000299	1.000000	1.000000	0.999313	0.000362	1.000000	1.000000	0.999342	0.000363	
1350062777.482825	0.999999	47.589538	34.363314	6.121405	1.000000	1.000000	0.999986	0.000286	1.000000	1.000000	0.999973	0.000326	1.000000	1.000000	0.999974	0.000256	1.000000	1.000000	0.999898	0.000234	1350062777.482956	0.999999	48.155579	35.022265	2.737246	1.000000	1.000000	0.999993	0.000417	1.000000	1.000000	0.999983	0.000246	1.000000	1.000000	1.000201	0.000500	1.000000	1.000000	1.000379	0.000394	
1350062778.482825	1.000000	47.594513	34.368622	6.084412	1.000000	1.000000	1.000261	0.000628	1.000000	1.000000	0.999903	0.000291	1.000000	1.000000	0.999967	0.000235	1.000000	1.000000	0.999988	0.000233	1350062778.482954	0.999998	48.205399	35.057898	2.719518	1.000000	1.000000	0.999986	0.000434	1.000000	1.000000	1.000004	0.000299	1.000000	1.000000	0.999948	0.000341	1.000000	1.000000	0.999678	0.000398	
1350062779.482825	1.000000	47.548904	34.335907	6.115234	1.000000	1.000000	0.999438	0.000281	1.000000	1.000000	1.000008	0.000326	1.000000	1.000000	0.999991	0.000255	1.000000	1.000000	1.000049	0.000265	1350062779.482956	1.000002	48.197052	35.052866	2.747935	1.000000	1.000000	0.999957	0.000382	1.000000	1.000000	0.999971	0.000281	1.000000	1.000000	1.000076	0.000459	1.000000	1.000000	1.000345	0.000369	
1350062780.482825	1.000000	47.585251	34.359161	6.127563	1.000000	1.000000	0.999910	0.000277	1.000000	1.000000	1.000030	0.000293	1.000000	1.000000	0.999993	0.000216	1.000000	1.000000	0.999867	0.000214	1350062780.482963	1.000007	48.213763	35.070345	2.708508	1.000000	1.000000	1.000013	0.000437	1.000000	1.000000	0.999982	0.000273	1.000000	1.000000	0.999912	0.000383	1.000000	1.000000	0.999669	0.000382	
1350062781.482825	1.000000	47.593231	34.368103	6.121399	1.000000	1.000000	1.000049	0.000281	1.000000	1.000000	0.999976	0.000327	1.000000	1.000000	0.999980	0.000301	1.000000	1.000000	1.000068	0.000261	1350062781.482955	0.999992	48.213190	35.071024	2.724692	1.000000	1.000000	0.999977	0.000374	1.000000	1.000000	0.999978	0.000265	1.000000	1.000000	0.999644	0.000425	1.000000	1.000000	1.000316	0.000375	
1350062782.482825	1.000000	47.600586	34.375107	6.127533	1.000000	1.000000	1.000018	0.000276	1.000000	1.000000	1.000016	0.001143	1.000000	1.000000	0.999977	0.000234	1.000000	1.000000	0.999977	0.000215	1350062782.482957	1.000002	48.210495	35.065790	2.720072	1.000000	0.999995	1.000018	0.000409	1.000000	1.000000	0.999989	0.000274	1.000000	1.000000	1.000454	0.000342	1.000000	1.000000	0.999986	0.000374	
1350062783.482825	1.000000	47.614731	34.387802	6.121399	1.000000	1.000000	1.000046	0.002571	1.000000	1.000000	0.999952	0.000347	1.000000	1.000000	0.999991	0.000261	1.000000	1.000000	0.999989	0.000256	1350062783.482953	0.999996	48.217313	35.075078	2.748211	1.000000	1.000005	0.999970	0.000418	1.000000	1.000000	1.000001	0.000276	1.000000	1.000000	0.999752	0.000469	1.000000	1.000000	0.999028	0.000403	
1350062784.482825	1.000000	47.584396	34.357620	6.127563	1.000000	1.000000	1.000015	0.000263	1.000000	1.000000	0.999985	0.000274	1.000000	1.000000	0.999893	0.000242	1.000000	1.000000	0.999950	0.000214	1350062784.482952	0.999999	48.213150	35.065860	2.716647	1.000000	1.000000	0.999987	0.000386	1.000000	1.000000	0.999972	0.000271	1.000000	1.000000	1.000358	0.000367	1.000000	1.000000	1.000916	0.000369	
1350062785.482825	1.000000	47.577148	34.348633	6.121399	1.000000	1.000000	0.999964	0.000276	1.000000	1.000000	0.999977	0.000337	1.000000	1.000000	1.000058	0.000252	1.000000	1.000000	1.000446	0.000256	1350062785.482956	1.000004	48.219623	35.074611	2.760258	1.000000	1.000000	1.000023	0.000412	1.000000	1.000000	0.999981	0.000262	1.000000	1.000000	0.999519	0.000478	1.000000	1.000000	0.999497	0.000387	
1350062786.482825	1.000000	47.603271	34.375458	6.121399	1.000000	1.000000	0.999989	0.000236	1.000000	1.000000	0.999979	0.000292	1.000000	1.000000	0.999954	0.000235	1.000000	1.000000	1.000003	0.000231	1350062786.482953	0.999997	48.225903	35.081469	2.708367	1.000000	1.000000	0.999915	0.000421	1.000000	1.000000	1.000003	0.000280	1.000000	1.000000	1.000528	0.000381	1.000000	1.000000	1.000643	0.000348	
1350062787.482825	1.000000	47.611557	34.383133	6.121399	1.000000	1.000000	0.999509	0.000313	1.000000	1.000000	0.999984	0.000346	1.000000	1.000000	1.000015	0.000285	1.000000	1.000000	0.999497	0.000267	1350062787.482954	1.000001	48.198334	35.063947	2.744840	1.000000	1.000000	1.000039	0.000407	1.000000	1.000000	0.999957	0.000285	1.000000	1.000000	1.000265	0.000477	1.000000	1.000000	1.000253	0.000384	
1350062788.482827	1.000002	715819104.726668	715807594.262203	715777389.080862	0.999990	1.000216	0.999988	1.000220	0.999998	1.000217	0.999990	1.000217	0.999990	1.000219	0.999993	1.000214	0.999990	1.000220	0.999990	1.000217	1350062788.482925	0.999971	715814287.875782	715809258.704825	715824452.529520	0.999990	1.000217	0.999988	1.000219	3.893016	0.256925	0.999990	1.000218	0.999990	1.000219	0.999993	1.000215	0.999990	1.000219	0.999990	1.000217	
1350062789.482857	1.000030	0.000000	0.000000	0.000000	-nan	-nan	-nan	-nan	8.000000	inf	-nan	-nan	-nan	0.000000	-nan	-nan	-nan	-nan	-nan	-nan	1350062789.482934	1.000009	0.000000	0.000000	0.000000	-nan	-nan	-nan	-nan	0.000000	inf	-nan	-nan	-nan	-nan	-nan	-nan	-nan	-nan	-nan	-nan	
