ts_0	elapsed_0	pkg_0	pp0_0	dram_0	freq_ratio_0_0	c0_ratio_0_0	freq_ratio_0_1	c0_ratio_0_1	freq_ratio_0_2	c0_ratio_0_2	freq_ratio_0_3	c0_ratio_0_3	freq_ratio_0_4	c0_ratio_0_4	freq_ratio_0_5	c0_ratio_0_5	freq_ratio_0_6	c0_ratio_0_6	freq_ratio_0_7	c0_ratio_0_7	ts_1	elapsed_1	pkg_1	pp0_1	dram_1	freq_ratio_1_0	c0_ratio_1_0	freq_ratio_1_1	c0_ratio_1_1	freq_ratio_1_2	c0_ratio_1_2	freq_ratio_1_3	c0_ratio_1_3	freq_ratio_1_4	c0_ratio_1_4	freq_ratio_1_5	c0_ratio_1_5	freq_ratio_1_6	c0_ratio_1_6	freq_ratio_1_7	c0_ratio_1_7	
1350063978.548000	1.000176	53.080947	39.984160	6.107995	0.776748	0.996705	0.776747	0.996704	0.776746	0.996702	0.776746	0.996699	0.776745	0.996699	0.776744	0.996697	0.776744	0.996695	0.776743	0.996693	1350063978.548048	1.000177	53.687280	40.498329	2.451989	0.918480	0.999065	0.918479	0.999065	0.918479	0.999063	0.918478	0.999062	0.918478	0.999061	0.934077	0.003966	0.918473	0.999062	0.887103	0.001169	
1350063979.547983	0.999983	50.849463	37.742018	6.090679	0.754802	0.996624	0.754802	0.996621	0.754802	0.996620	0.754802	0.996620	0.754802	0.996617	0.754802	0.996616	0.754802	0.996614	0.754802	0.996612	1350063979.548029	0.999981	50.793983	37.607514	2.313673	0.879836	0.998781	0.879836	0.998779	0.879836	0.998778	0.879836	0.998777	0.879836	0.998777	0.879998	0.001977	0.879836	0.998776	0.880430	0.001968	
1350063980.547983	1.000000	50.849365	37.736862	6.102905	0.754516	0.996576	0.754516	0.996573	0.754516	0.996572	0.754516	0.996571	0.754516	0.996568	0.754516	0.996566	0.754516	0.996565	0.754516	0.996563	1350063980.548027	0.999998	50.791570	37.628215	1.864979	0.880140	0.998542	0.880140	0.998540	0.880140	0.998538	0.880141	0.998539	0.880140	0.998538	0.880117	0.002044	0.880140	0.998537	0.883561	0.000525	
1350063981.547988	1.000005	50.846791	37.733118	6.121246	0.754876	0.996629	0.754876	0.996628	0.754876	0.996625	0.754876	0.996625	0.754876	0.996623	0.754875	0.996621	0.754875	0.996618	0.754875	0.996617	1350063981.548038	1.000011	50.790108	37.629958	1.721478	0.880131	0.998463	0.880131	0.998462	0.880131	0.998461	0.880131	0.998460	0.880131	0.998459	0.879039	0.002061	0.880131	0.998457	0.871564	0.000448	
1350063982.547983	0.999995	50.846858	37.737707	6.115265	0.754757	0.996612	0.754757	0.996608	0.754757	0.996606	0.754757	0.996603	0.754757	0.996600	0.754757	0.996599	0.754757	0.996597	0.754757	0.996594	1350063982.548031	0.999993	50.793106	37.630174	1.714993	0.879847	0.998517	0.879847	0.998516	0.879847	0.998514	0.879847	0.998513	0.879847	0.998512	0.878937	0.001976	0.879847	0.998511	0.880976	0.001085	
1350063983.547984	1.000001	50.849408	37.742472	6.096735	0.754187	0.996553	0.754187	0.996550	0.754187	0.996547	0.754187	0.996544	0.754187	0.996542	0.754187	0.996541	0.754187	0.996540	0.754187	0.996539	1350063983.548035	1.000004	50.792168	37.630814	2.027564	0.879374	0.998577	0.879373	0.998576	0.879373	0.998576	0.879373	0.998575	0.879373	0.998574	0.879417	0.002589	0.879371	0.998573	0.881652	0.000770	
1350063984.547983	0.999999	50.846530	37.736120	6.115118	0.754028	0.996612	0.754029	0.996610	0.754029	0.996609	0.754029	0.996607	0.754029	0.996606	0.754029	0.996604	0.754029	0.996600	0.754029	0.996597	1350063984.548030	0.999995	50.792201	37.629690	2.060389	0.879228	0.998592	0.879229	0.998591	0.879229	0.998590	0.879229	0.998589	0.879229	0.998588	0.879610	0.002771	0.879231	0.998588	0.884844	0.000114	
1350063985.547990	1.000007	50.846847	37.736540	6.095417	0.754046	0.996522	0.754046	0.996519	0.754046	0.996517	0.754045	0.996512	0.754045	0.996511	0.754045	0.996509	0.754045	0.996507	0.754045	0.996506	1350063985.548040	1.000010	50.790431	37.625737	1.962657	0.878609	0.998484	0.878609	0.998483	0.878609	0.998482	0.878609	0.998481	0.878609	0.998480	0.856125	0.007383	0.878609	0.998478	0.832169	0.003465	
1350063986.547983	0.999993	50.848237	37.734331	6.078289	0.754049	0.996453	0.754050	0.996450	0.754050	0.996448	0.754050	0.996446	0.754050	0.996444	0.754050	0.996442	0.754050	0.996440	0.754050	0.996438	1350063986.548034	0.999994	50.791364	37.626506	1.902126	0.878879	0.998542	0.878879	0.998541	0.878879	0.998540	0.878878	0.998539	0.878879	0.998538	0.878834	0.003940	0.878879	0.998537	0.879635	0.000037	
1350063987.547983	1.000000	50.849274	37.735962	6.096741	0.754089	0.996637	0.754089	0.996635	0.754088	0.996632	0.754088	0.996630	0.754088	0.996626	0.754088	0.996626	0.754088	0.996624	0.754088	0.996624	1350063987.548031	0.999997	50.791936	37.627451	2.281349	0.878930	0.998571	0.878931	0.998569	0.878931	0.998569	0.878931	0.998567	0.878930	0.998566	0.879038	0.002770	0.878931	0.998566	0.877013	0.000302	
1350063988.547983	1.000000	50.795486	37.695755	6.090576	0.754024	0.996400	0.754024	0.996397	0.754025	0.996396	0.754025	0.996393	0.754025	0.996391	0.754025	0.996389	0.754025	0.996386	0.754025	0.996384	1350063988.548032	1.000001	50.738218	37.583231	1.699766	0.878952	0.998529	0.878952	0.998527	0.878952	0.998526	0.878952	0.998525	0.878952	0.998523	0.879808	0.002109	0.878953	0.998524	0.883766	0.001316	
1350063989.547983	1.000000	50.899002	37.773331	6.109070	0.753710	0.996624	0.753711	0.996621	0.753711	0.996620	0.753711	0.996618	0.753711	0.996615	0.753711	0.996614	0.753711	0.996612	0.753711	0.996611	1350063989.548028	0.999996	50.794441	37.625900	1.704688	0.879198	0.998587	0.879198	0.998585	0.879198	0.998584	0.879198	0.998583	0.879198	0.998583	0.881636	0.002012	0.879198	0.998582	0.881853	0.001360	
1350063990.547983	1.000000	50.847809	37.731400	6.084412	0.753520	0.996507	0.753520	0.996503	0.753520	0.996501	0.753520	0.996499	0.753520	0.996497	0.753520	0.996496	0.753520	0.996494	0.753520	0.996492	1350063990.548027	0.999999	50.790149	37.621832	1.702348	0.879165	0.998642	0.879165	0.998642	0.879165	0.998641	0.879165	0.998639	0.879165	0.998639	0.876494	0.002005	0.879165	0.998638	0.875418	0.001304	
1350063991.547991	1.000008	50.781556	37.682815	6.115185	0.754083	0.456556	0.780850	0.997249	0.780851	0.997246	0.780851	0.997244	0.780851	0.997244	0.780851	0.997243	0.780851	0.997242	0.780852	0.997239	1350063991.548084	1.000057	50.811298	37.645514	2.940018	0.843620	0.997330	0.843620	0.997328	0.843619	0.997324	0.843619	0.997323	0.843618	0.997321	0.814603	0.546258	0.843617	0.997318	0.835997	0.001832	
1350063992.547983	0.999992	50.826782	37.723435	6.121449	0.806033	0.004683	0.805160	0.998802	0.805160	0.998801	0.805160	0.998801	0.805160	0.998800	0.805160	0.998799	0.805160	0.998798	0.805160	0.998798	1350063992.548079	0.999995	50.818400	37.651907	3.170411	0.814063	0.996327	0.814063	0.996324	0.814063	0.996321	0.814063	0.996318	0.814063	0.996315	0.814064	0.996313	0.814063	0.996311	0.813825	0.002599	
1350063993.547983	1.000000	50.828049	37.715485	6.102905	0.806130	0.005173	0.804361	0.998391	0.804361	0.998390	0.804361	0.998389	0.804361	0.998389	0.804361	0.998387	0.804361	0.998385	0.804361	0.998384	1350063993.548083	1.000004	50.819527	37.653976	3.351000	0.813564	0.996469	0.813563	0.996467	0.813563	0.996466	0.813563	0.996462	0.813563	0.996461	0.813563	0.996458	0.813563	0.996456	0.814527	0.004142	
1350063994.547982	0.999999	50.828891	37.716665	6.121405	0.805305	0.006914	0.803890	0.998287	0.803890	0.998286	0.803890	0.998283	0.803890	0.998282	0.803890	0.998281	0.803890	0.998281	0.803889	0.998280	1350063994.548082	0.999999	50.819995	37.651464	3.801121	0.814365	0.996466	0.814365	0.996465	0.814364	0.996463	0.814364	0.996459	0.814364	0.996457	0.814364	0.996456	0.814364	0.996453	0.812848	0.002312	
1350063995.547982	1.000000	50.825592	37.716995	6.121399	0.804715	0.004214	0.805187	0.998834	0.805187	0.998832	0.805187	0.998832	0.805187	0.998831	0.805187	0.998830	0.805187	0.998829	0.805188	0.998829	1350063995.548080	0.999998	50.819448	37.650585	3.243872	0.813340	0.996562	0.813340	0.996560	0.813340	0.996557	0.813340	0.996554	0.813340	0.996552	0.813340	0.996550	0.813340	0.996548	0.814278	0.004962	
1350063996.547982	1.000000	50.827057	37.716248	6.133728	0.806658	0.001485	0.807075	0.999616	0.807075	0.999616	0.807075	0.999615	0.807075	0.999615	0.807075	0.999615	0.807075	0.999614	0.807075	0.999615	1350063996.548082	1.000002	50.815348	37.646474	2.700846	0.816175	0.996740	0.816175	0.996737	0.816175	0.996735	0.816175	0.996733	0.816176	0.996732	0.816176	0.996728	0.816176	0.996727	0.818049	0.006996	
1350063997.547983	1.000001	50.827222	37.716791	6.121393	0.804554	0.001849	0.807314	0.999635	0.807314	0.999634	0.807314	0.999635	0.807315	0.999635	0.807315	0.999635	0.807315	0.999634	0.807315	0.999634	1350063997.548111	1.000029	50.760044	37.599874	2.647552	0.834968	0.997274	0.834968	0.997273	0.834968	0.997269	0.834968	0.997269	0.834967	0.997267	0.834967	0.997263	0.834967	0.997264	0.834515	0.004880	
1350063998.547983	1.000000	50.823669	37.708115	6.121399	0.807651	0.001658	0.807996	0.999453	0.807996	0.999452	0.807996	0.999451	0.807996	0.999451	0.807996	0.999450	0.807996	0.999450	0.807996	0.999449	1350063998.548084	0.999973	50.815044	37.639396	2.711438	0.833324	0.996851	0.833324	0.996851	0.833324	0.996847	0.833324	0.996847	0.833324	0.996843	0.833324	0.996840	0.833324	0.996840	0.833679	0.006179	
1350063999.547983	1.000000	50.818512	37.701370	6.115234	0.824318	0.006233	0.821089	0.997168	0.821089	0.997166	0.821089	0.997164	0.821089	0.997163	0.821089	0.997162	0.821089	0.997159	0.821089	0.997157	1350063999.548078	0.999994	50.813749	37.636043	3.703239	0.830889	0.997488	0.830889	0.997487	0.830889	0.997486	0.830889	0.997484	0.830889	0.997482	0.830889	0.997482	0.830889	0.997479	0.830707	0.002143	
1350064000.547982	0.999999	50.827746	37.714590	6.102911	0.807152	0.001700	0.806591	0.999218	0.806591	0.999218	0.806590	0.999217	0.806591	0.999217	0.806590	0.999216	0.806591	0.999215	0.806591	0.999215	1350064000.548086	1.000008	50.817856	37.645111	2.640207	0.812855	0.996350	0.812855	0.996348	0.812855	0.996345	0.812855	0.996344	0.812855	0.996342	0.812855	0.996339	0.812855	0.996336	0.813291	0.002927	
1350064001.547983	1.000001	50.776563	37.674906	6.109064	0.795246	0.005587	0.805785	0.999149	0.805784	0.999148	0.805784	0.999147	0.805784	0.999147	0.805784	0.999146	0.805784	0.999146	0.805784	0.999145	1350064001.548083	0.999997	50.821477	37.649134	2.907464	0.813534	0.996447	0.813534	0.996443	0.813534	0.996442	0.813534	0.996440	0.813534	0.996436	0.813534	0.996433	0.813534	0.996432	0.812821	0.002280	
1350064002.547982	0.999999	50.826236	37.709783	6.102911	0.803584	0.007732	0.803445	0.998270	0.803445	0.998270	0.803445	0.998269	0.803445	0.998267	0.803445	0.998266	0.803445	0.998266	0.803445	0.998264	1350064002.548086	1.000003	50.817164	37.645330	3.608921	0.813873	0.996605	0.813873	0.996602	0.813873	0.996600	0.813874	0.996597	0.813873	0.996597	0.813873	0.996594	0.813873	0.996590	0.813869	0.002580	
1350064003.547983	1.000001	50.826276	37.706980	6.109064	0.806880	0.004758	0.806633	0.999314	0.806633	0.999314	0.806633	0.999313	0.806633	0.999313	0.806633	0.999313	0.806633	0.999311	0.806633	0.999312	1350064003.548084	0.999998	50.820150	37.648280	3.274329	0.813109	0.996561	0.813109	0.996559	0.813109	0.996557	0.813109	0.996554	0.813109	0.996550	0.813108	0.996549	0.813109	0.996547	0.813548	0.004438	
1350064004.547982	0.999999	50.824862	37.703283	6.121405	0.805902	0.006727	0.804963	0.998555	0.804963	0.998554	0.804962	0.998553	0.804963	0.998552	0.804962	0.998552	0.804963	0.998552	0.804963	0.998550	1350064004.548082	0.999998	50.818777	37.646755	3.555335	0.813634	0.996274	0.813634	0.996273	0.813634	0.996270	0.813634	0.996268	0.813634	0.996265	0.813634	0.996263	0.813634	0.996260	0.806754	0.003918	
1350064005.547990	1.000008	50.826080	37.699539	6.109020	0.802505	0.009665	0.803453	0.998370	0.803453	0.998369	0.803453	0.998367	0.803453	0.998366	0.803453	0.998367	0.803453	0.998365	0.803453	0.998364	1350064005.548087	1.000005	50.818792	37.647837	3.816174	0.813856	0.996478	0.813856	0.996476	0.813856	0.996472	0.813857	0.996471	0.813857	0.996467	0.813857	0.996465	0.813857	0.996464	0.810671	0.002133	
1350064006.547982	0.999992	50.825333	37.704224	6.133778	0.803372	0.005077	0.805113	0.998647	0.805113	0.998645	0.805114	0.998645	0.805114	0.998644	0.805113	0.998643	0.805113	0.998642	0.805113	0.998640	1350064006.548087	1.000000	50.770096	37.612595	3.217331	0.812860	0.996376	0.812860	0.996376	0.812859	0.996372	0.812859	0.996371	0.812859	0.996367	0.812859	0.996364	0.812859	0.996362	0.813232	0.004859	
1350064007.547983	1.000001	50.774106	37.663203	6.096735	0.807784	0.002553	0.808402	0.998713	0.808402	0.998711	0.808403	0.998711	0.808402	0.998711	0.808403	0.998710	0.808403	0.998709	0.808403	0.998708	1350064007.548084	0.999997	50.821431	37.653651	2.705331	0.812948	0.996548	0.812948	0.996545	0.812948	0.996542	0.812948	0.996541	0.812948	0.996537	0.812947	0.996535	0.812947	0.996533	0.814058	0.005188	
1350064008.547982	0.999999	50.824374	37.702398	6.115240	0.806787	0.005096	0.806356	0.998828	0.806356	0.998828	0.806356	0.998826	0.806356	0.998826	0.806356	0.998826	0.806356	0.998825	0.806356	0.998824	1350064008.548088	1.000004	50.815163	37.646469	3.346895	0.813546	0.996308	0.813546	0.996304	0.813546	0.996302	0.813547	0.996300	0.813547	0.996297	0.813547	0.996295	0.813547	0.996292	0.813772	0.003031	
1350064009.547983	1.000001	50.821027	37.699396	6.072077	0.808612	0.001843	0.808700	0.998977	0.808700	0.998976	0.808700	0.998976	0.808700	0.998975	0.808700	0.998974	0.808700	0.998973	0.808700	0.998973	1350064009.548084	0.999996	50.821007	37.651367	2.669811	0.813429	0.996523	0.813429	0.996520	0.813429	0.996520	0.813429	0.996516	0.813429	0.996514	0.813428	0.996511	0.813428	0.996510	0.813571	0.004496	
1350064010.547982	0.999999	50.826190	37.703710	6.120611	0.789138	0.005637	0.807756	0.999010	0.807756	0.999009	0.807756	0.999008	0.807756	0.999008	0.807756	0.999007	0.807756	0.999007	0.807756	0.999006	1350064010.548089	1.000005	50.818410	37.650202	2.717790	0.812586	0.996507	0.812586	0.996505	0.812586	0.996502	0.812586	0.996499	0.812586	0.996496	0.812586	0.996495	0.812587	0.996494	0.801059	0.010480	
1350064011.547983	1.000001	50.823423	37.700480	6.109064	0.795303	0.006132	0.807316	0.998906	0.807317	0.998905	0.807317	0.998903	0.807316	0.998903	0.807317	0.998903	0.807317	0.998902	0.807317	0.998902	1350064011.548088	0.999999	50.821215	37.652563	2.958774	0.813759	0.996359	0.813759	0.996356	0.813759	0.996353	0.813759	0.996350	0.813759	0.996348	0.813758	0.996345	0.813758	0.996344	0.814225	0.002474	
1350064012.547982	0.999999	50.823428	37.695074	6.115240	0.807523	0.005730	0.807535	0.999141	0.807535	0.999139	0.807535	0.999139	0.807536	0.999139	0.807536	0.999138	0.807535	0.999137	0.807536	0.999138	1350064012.548084	0.999996	50.817711	37.650040	3.395796	0.813704	0.996256	0.813704	0.996255	0.813704	0.996252	0.813704	0.996250	0.813703	0.996247	0.813703	0.996246	0.813703	0.996242	0.812889	0.002714	
1350064013.547989	1.000007	50.827377	37.705474	6.109028	0.805521	0.005218	0.806572	0.998526	0.806572	0.998524	0.806572	0.998524	0.806572	0.998522	0.806572	0.998522	0.806572	0.998521	0.806572	0.998520	1350064013.548090	1.000006	50.820208	37.651478	3.287120	0.813373	0.996585	0.813373	0.996582	0.813373	0.996579	0.813373	0.996577	0.813373	0.996574	0.813373	0.996573	0.813373	0.996572	0.813413	0.004203	
1350064014.547996	1.000007	50.822616	37.702651	6.121357	0.808555	0.001905	0.807599	0.999326	0.807599	0.999326	0.807599	0.999325	0.807599	0.999325	0.807599	0.999324	0.807599	0.999323	0.807599	0.999323	1350064014.548095	1.000005	50.818929	37.650355	2.746400	0.812761	0.996584	0.812761	0.996584	0.812761	0.996582	0.812760	0.996579	0.812760	0.996576	0.812760	0.996575	0.812760	0.996573	0.813922	0.005900	
1350064015.547982	0.999986	50.822004	37.696285	6.115320	0.808229	0.001864	0.808981	0.998722	0.808981	0.998722	0.808981	0.998721	0.808981	0.998720	0.808981	0.998720	0.808981	0.998719	0.808981	0.998718	1350064015.548089	0.999994	50.820051	37.650935	2.704148	0.812622	0.996593	0.812622	0.996590	0.812622	0.996588	0.812622	0.996586	0.812622	0.996583	0.812622	0.996581	0.812622	0.996578	0.813567	0.006484	
1350064016.547982	1.000000	50.825943	37.705124	6.121399	0.807883	0.001622	0.808046	0.999093	0.808046	0.999092	0.808046	0.999091	0.808046	0.999091	0.808046	0.999090	0.808046	0.999089	0.808046	0.999090	1350064016.548085	0.999996	50.768837	37.611694	2.689586	0.812201	0.996572	0.812201	0.996572	0.812201	0.996569	0.812201	0.996567	0.812201	0.996563	0.812201	0.996562	0.812201	0.996560	0.812787	0.007590	
1350064017.547983	1.000001	50.821225	37.698176	6.115229	0.807858	0.002198	0.808482	0.998956	0.808482	0.998955	0.808482	0.998955	0.808482	0.998954	0.808482	0.998954	0.808482	0.998953	0.808482	0.998952	1350064017.548090	1.000005	50.822637	37.654322	2.659853	0.813148	0.996510	0.813148	0.996505	0.813148	0.996503	0.813148	0.996500	0.813148	0.996499	0.813148	0.996495	0.813148	0.996495	0.813174	0.004316	
1350064018.547982	0.999999	50.774569	37.666464	6.121405	0.808213	0.001649	0.808584	0.999011	0.808584	0.999010	0.808584	0.999010	0.808584	0.999010	0.808584	0.999009	0.808584	0.999007	0.808584	0.999007	1350064018.548086	0.999996	50.818703	37.651001	2.665019	0.813258	0.996423	0.813258	0.996421	0.813258	0.996417	0.813258	0.996414	0.813258	0.996413	0.813258	0.996410	0.813258	0.996407	0.813750	0.004127	
1350064019.547983	1.000001	50.817624	37.696009	6.109064	0.812747	0.001985	0.813732	0.998545	0.813732	0.998544	0.813732	0.998543	0.813732	0.998542	0.813732	0.998542	0.813733	0.998541	0.813733	0.998540	1350064019.548087	1.000001	50.809354	37.640726	2.719800	0.821274	0.997034	0.821274	0.997033	0.821275	0.997030	0.821275	0.997028	0.821275	0.997025	0.821275	0.997024	0.821275	0.997021	0.823528	0.005468	
1350064020.547982	0.999999	50.813113	37.689764	6.096747	0.832032	0.001345	0.833145	0.996924	0.833144	0.996923	0.833145	0.996922	0.833145	0.996919	0.833145	0.996917	0.833145	0.996916	0.833145	0.996912	1350064020.548084	0.999997	50.813024	37.638453	2.704629	0.838649	0.998028	0.838649	0.998028	0.838649	0.998025	0.838649	0.998024	0.838649	0.998024	0.838649	0.998022	0.838649	0.998021	0.839253	0.006176	
1350064021.547985	1.000003	715761863.032907	715784198.301082	715769360.719843	0.999988	1.000201	0.999985	1.000203	0.999995	1.000199	0.999988	1.000200	0.999988	1.000202	0.999990	1.000198	0.999988	1.000203	0.999988	1.000200	1350064021.548091	1.000007	715793820.388888	715773193.140806	715762432.989617	0.999987	1.000199	0.999985	1.000202	3.893194	0.256909	0.999988	1.000200	0.999988	1.000202	0.999990	1.000198	0.999988	1.000203	0.999988	1.000201	
1350064022.547983	0.999998	0.000000	0.000000	0.000000	-nan	-nan	-nan	-nan	0.000000	inf	-nan	-nan	-nan	0.000000	0.000000	inf	-nan	-nan	-nan	-nan	1350064022.548058	0.999967	0.000000	0.000000	0.000000	-nan	-nan	-nan	-nan	0.000000	inf	-nan	-nan	-nan	-nan	-nan	-nan	-nan	-nan	-nan	-nan	
