ts_0	elapsed_0	pkg_0	pp0_0	dram_0	freq_ratio_0_0	c0_ratio_0_0	freq_ratio_0_1	c0_ratio_0_1	freq_ratio_0_2	c0_ratio_0_2	freq_ratio_0_3	c0_ratio_0_3	freq_ratio_0_4	c0_ratio_0_4	freq_ratio_0_5	c0_ratio_0_5	freq_ratio_0_6	c0_ratio_0_6	freq_ratio_0_7	c0_ratio_0_7	ts_1	elapsed_1	pkg_1	pp0_1	dram_1	freq_ratio_1_0	c0_ratio_1_0	freq_ratio_1_1	c0_ratio_1_1	freq_ratio_1_2	c0_ratio_1_2	freq_ratio_1_3	c0_ratio_1_3	freq_ratio_1_4	c0_ratio_1_4	freq_ratio_1_5	c0_ratio_1_5	freq_ratio_1_6	c0_ratio_1_6	freq_ratio_1_7	c0_ratio_1_7	
1349419888.329619	1.001466	80.081389	66.165283	0.000000	1.155963	0.934653	1.155186	0.928953	1.155095	0.927722	1.153942	0.913452	1.154742	0.923326	1.153947	0.913061	1.153890	0.912250	1.153864	0.910910	1349419888.329705	1.000554	83.803785	69.887149	0.000000	1.154138	0.929284	1.154100	0.929183	1.154061	0.929175	1.154071	0.927117	1.153896	0.924818	1.154064	0.928639	1.153851	0.924433	1.161111	0.990673	
1349419889.329610	0.999991	82.049388	67.961095	0.000000	1.153795	0.943704	1.153762	0.943968	1.153758	0.943881	1.153737	0.943908	1.153763	0.943871	1.153846	0.943613	1.153765	0.943729	1.153848	0.943658	1349419889.329696	0.999991	86.456975	72.322692	0.000000	1.153854	0.943747	1.153850	0.943627	1.153867	0.943965	1.153851	0.943696	1.153848	0.943593	1.153868	0.943958	1.153848	0.943588	1.160300	0.999813	
1349419890.329610	1.000000	82.705826	68.746857	0.000000	1.153765	0.966086	1.153754	0.966157	1.153766	0.966058	1.153756	0.966153	1.153768	0.966054	1.153817	0.965922	1.153792	0.965912	1.153831	0.965985	1349419890.329696	1.000000	86.804199	72.788162	0.000000	1.153848	0.965799	1.153855	0.965988	1.153863	0.966140	1.153850	0.965870	1.153850	0.965867	1.153862	0.966101	1.153848	0.965804	1.157748	0.999846	
1349419891.329613	1.000003	87.220997	72.958377	0.000000	1.153851	0.999577	1.153867	0.999859	1.153851	0.999613	1.153855	0.999689	1.153851	0.999607	1.153846	0.999463	1.153850	0.999601	1.153849	0.999556	1349419891.329698	1.000002	90.373424	76.080986	0.000000	1.153849	0.999641	1.153850	0.999594	1.153850	0.999664	1.153846	0.999582	1.153848	0.999615	1.153862	0.999849	1.153852	0.999693	1.153864	0.999904	
1349419892.329611	0.999998	72.305115	58.226979	0.000000	1.153717	0.783838	1.153705	0.784219	1.153760	0.783878	1.153767	0.783922	1.153762	0.783871	1.153812	0.783711	1.153773	0.783803	1.153794	0.783828	1349419892.329697	0.999999	79.461059	65.335100	0.000000	1.153846	0.783800	1.153846	0.783752	1.153858	0.783991	1.153846	0.783793	1.153849	0.783876	1.153859	0.784007	1.153855	0.783911	1.178757	0.999873	
1349419893.329612	1.000001	87.492898	73.175193	0.000000	1.153805	0.997658	1.153788	0.998044	1.153789	0.997838	1.153792	0.997860	1.153790	0.997831	1.153829	0.997618	1.153801	0.997706	1.153826	0.997863	1349419893.329699	1.000002	90.503245	76.177589	0.000000	1.153846	0.997701	1.153847	0.997696	1.153851	0.997800	1.153846	0.997693	1.153855	0.997896	1.153857	0.997920	1.153855	0.997893	1.154075	0.999878	
1349419894.329610	0.999998	86.296994	72.048493	0.000000	1.153756	0.991386	1.153722	0.991666	1.153740	0.991460	1.153717	0.991580	1.153707	0.991505	1.153795	0.991320	1.153764	0.991285	1.153811	0.991351	1349419894.329694	0.999995	89.443655	75.212306	0.000000	1.153846	0.991237	1.153855	0.991419	1.153862	0.991548	1.153846	0.991230	1.153848	0.991276	1.153863	0.991534	1.153848	0.991270	1.154809	0.999845	
1349419895.329611	1.000001	89.348487	74.668477	0.000000	1.153850	0.989747	1.153849	0.989758	1.153850	0.989757	1.153850	0.989756	1.153847	0.989680	1.153846	0.989632	1.153848	0.989635	1.153848	0.989706	1349419895.329699	1.000005	91.944898	77.316553	0.000000	1.153848	0.989564	1.153854	0.989676	1.153859	0.989778	1.153848	0.989565	1.153846	0.989512	1.153860	0.989771	1.153846	0.989506	1.155026	0.999910	
1349419896.329611	1.000000	91.551910	76.614395	0.000000	1.153846	0.999803	1.153852	0.999957	1.153848	0.999872	1.153851	0.999928	1.153851	0.999920	1.153846	0.999800	1.153848	0.999650	1.153846	0.999798	1349419896.329698	0.999999	94.016478	79.151717	0.000000	1.153846	0.999644	1.153856	0.999840	1.153859	0.999894	1.153846	0.999637	1.153848	0.999681	1.153852	0.999767	1.153848	0.999677	1.153860	0.999924	
1349419897.329612	1.000001	91.514088	76.596195	0.000000	1.153850	0.999964	1.153849	0.999978	1.153846	0.999901	1.153850	0.999978	1.153846	0.999900	1.153846	0.999899	1.153846	0.999684	1.153850	0.999978	1349419897.329702	1.000004	93.953797	79.118652	0.000000	1.153848	0.999610	1.153858	0.999892	1.153858	0.999900	1.153846	0.999527	1.153850	0.999653	1.153853	0.999787	1.153852	0.999730	1.153858	0.999899	
1349419898.329611	0.999999	91.611507	76.692502	0.000000	1.153848	0.999859	1.153851	0.999948	1.153848	0.999867	1.153849	0.999904	1.153849	0.999862	1.153846	0.999786	1.153846	0.999754	1.153849	0.999869	1349419898.329703	1.000001	94.258104	79.393387	0.000000	1.153846	0.999687	1.153850	0.999763	1.153846	0.999681	1.153846	0.999678	1.153850	0.999763	1.153858	0.999872	1.153854	0.999843	1.153860	0.999929	
1349419899.329618	1.000007	91.761115	76.810077	0.000000	1.153718	0.998062	1.153778	0.997988	1.153793	0.997963	1.153779	0.997982	1.153793	0.997960	1.153821	0.997871	1.153804	0.997725	1.153821	0.997865	1349419899.329705	1.000002	94.278125	79.395173	0.000000	1.153344	0.997641	1.153351	0.997750	1.153352	0.997892	1.153344	0.997636	1.153347	0.997668	1.153348	0.997812	1.153347	0.997663	1.153385	0.999808	
1349419900.329611	0.999993	92.033046	77.070998	0.000000	1.153846	0.999791	1.153855	0.999957	1.153847	0.999848	1.153847	0.999846	1.153847	0.999844	1.153846	0.999769	1.153847	0.999679	1.153847	0.999840	1349419900.329698	0.999993	94.358334	79.465622	0.000000	1.151384	0.999096	1.151381	0.999230	1.151381	0.999257	1.151384	0.999088	1.151381	0.999195	1.151387	0.999314	1.151381	0.999191	1.151385	0.999427	
1349419901.329608	0.999997	715788969.161993	715823031.654973	715830103.395168	0.999969	1.000014	0.999972	1.000038	0.999980	1.000027	0.999970	1.000015	0.999970	1.000020	0.999974	1.000020	0.999969	1.000016	0.999973	1.000031	1349419901.330146	1.000448	715469093.299666	715488632.405609	715507345.651852	0.999973	1.000031	0.999967	1.000018	3.894183	0.256796	0.999970	1.000014	0.999969	1.000016	0.999976	1.000027	0.999969	1.000016	0.999973	1.000030	
1349419902.329635	1.000027	0.000000	0.000000	0.000000	-nan	-nan	-nan	-nan	0.000000	inf	-nan	-nan	-nan	0.000000	-nan	-nan	-nan	-nan	-nan	-nan	1349419902.329712	0.999566	0.000000	0.000000	0.000000	-nan	-nan	-nan	-nan	0.000000	inf	-nan	-nan	-nan	-nan	-nan	-nan	-nan	-nan	-nan	-nan	
1349419903.329796	1.000161	0.000000	0.000000	0.000000	-nan	-nan	-nan	-nan	0.000000	inf	-nan	-nan	-nan	-nan	-nan	-nan	-nan	-nan	-nan	-nan	1349419903.329850	1.000138	0.000000	0.000000	0.000000	-nan	-nan	-nan	-nan	-nan	-nan	-nan	-nan	-nan	-nan	-nan	-nan	-nan	-nan	-nan	-nan	
