ts_0	elapsed_0	pkg_0	pp0_0	dram_0	freq_ratio_0_0	c0_ratio_0_0	freq_ratio_0_1	c0_ratio_0_1	freq_ratio_0_2	c0_ratio_0_2	freq_ratio_0_3	c0_ratio_0_3	freq_ratio_0_4	c0_ratio_0_4	freq_ratio_0_5	c0_ratio_0_5	freq_ratio_0_6	c0_ratio_0_6	freq_ratio_0_7	c0_ratio_0_7	ts_1	elapsed_1	pkg_1	pp0_1	dram_1	freq_ratio_1_0	c0_ratio_1_0	freq_ratio_1_1	c0_ratio_1_1	freq_ratio_1_2	c0_ratio_1_2	freq_ratio_1_3	c0_ratio_1_3	freq_ratio_1_4	c0_ratio_1_4	freq_ratio_1_5	c0_ratio_1_5	freq_ratio_1_6	c0_ratio_1_6	freq_ratio_1_7	c0_ratio_1_7	
1349419622.836903	1.001680	62.260704	48.076356	0.000000	1.230755	0.990538	1.230576	0.987683	1.230626	0.985879	1.230616	0.966381	1.189666	0.001918	1.084792	0.000157	1.085998	0.000037	1.194568	0.000530	1349419622.837085	1.000624	75.748788	61.318568	0.000000	1.192950	0.987495	1.192948	0.987127	1.192181	0.967715	1.192214	0.967771	1.192228	0.968246	1.128631	0.001480	1.160089	0.000436	1.193084	0.990031	
1349419623.836902	0.999999	63.629791	49.331956	0.000000	1.230709	0.999565	1.230709	0.999563	1.230710	0.999557	1.230710	0.999537	1.193645	0.000474	1.192505	0.000083	1.192372	0.000109	1.192316	0.000184	1349419623.837084	0.999999	77.646345	63.118148	0.000000	1.192230	0.999572	1.192230	0.999571	1.192230	0.999563	1.192230	0.999521	1.192230	0.999570	1.153417	0.001015	1.153896	0.000434	1.192230	0.999571	
1349419624.836902	1.000000	63.523514	49.221329	0.000000	1.230647	0.994178	1.230645	0.994089	1.230645	0.994117	1.230645	0.994046	1.191046	0.000773	1.174382	0.000069	1.192578	0.000008	1.191232	0.001217	1349419624.837082	0.999998	77.681880	63.161436	0.000000	1.192236	0.994301	1.192236	0.994298	1.192234	0.994209	1.192234	0.994207	1.192236	0.994295	1.153933	0.000968	1.153797	0.000367	1.192635	0.999524	
1349419625.836902	1.000000	63.804718	49.486038	0.000000	1.230573	0.998139	1.230572	0.998116	1.230572	0.998127	1.230572	0.998095	1.189383	0.003063	1.161386	0.000302	1.164881	0.000304	1.174460	0.000507	1349419625.837083	1.000001	77.960787	63.440232	0.000000	1.192215	0.998366	1.192224	0.998364	1.192222	0.998313	1.192222	0.998276	1.192224	0.998362	1.153990	0.001138	1.153132	0.000647	1.192311	0.999514	
1349419626.836902	1.000000	63.853073	49.532272	0.000000	1.230677	0.999258	1.230678	0.999099	1.230676	0.999257	1.230678	0.999220	1.192325	0.000742	1.203905	0.000059	1.214778	0.000032	1.192416	0.000376	1349419626.837083	1.000000	78.213562	63.666351	0.000000	1.192235	0.999413	1.192228	0.999527	1.192228	0.999525	1.192226	0.999443	1.192228	0.999527	1.154004	0.001064	1.153747	0.000422	1.192228	0.999527	
1349419627.836900	0.999998	63.923675	49.599170	0.000000	1.230698	0.999508	1.230699	0.999439	1.230698	0.999503	1.230698	0.999503	1.191477	0.000626	1.188537	0.000071	1.186065	0.000094	1.190271	0.000256	1349419627.837078	0.999995	78.156351	63.634642	0.000000	1.192223	0.999473	1.192223	0.999505	1.192223	0.999506	1.192223	0.999505	1.192223	0.999505	1.154595	0.001025	1.155014	0.000456	1.192223	0.999505	
1349419628.836901	1.000001	63.931397	49.604796	0.000000	1.230713	0.999630	1.230713	0.999630	1.230713	0.999629	1.230713	0.999630	1.192814	0.000588	1.256383	0.000008	1.192561	0.000008	1.192331	0.000270	1349419628.837082	1.000004	78.282077	63.738679	0.000000	1.192235	0.999615	1.192235	0.999617	1.192235	0.999616	1.192235	0.999561	1.192235	0.999615	1.152912	0.000983	1.153848	0.000375	1.192235	0.999616	
1349419629.836901	1.000000	63.969772	49.632706	0.000000	1.230629	0.999145	1.230628	0.999170	1.230628	0.999159	1.230628	0.999168	1.192440	0.000620	1.190362	0.000169	1.192102	0.000108	1.192308	0.001023	1349419629.837078	0.999996	78.378064	63.820037	0.000000	1.192233	0.999593	1.192233	0.999593	1.192233	0.999585	1.192233	0.999585	1.192233	0.999592	1.153731	0.000918	1.153773	0.000460	1.192233	0.999593	
1349419630.836905	1.000004	64.141693	49.789181	0.000000	1.230708	0.999566	1.230708	0.999541	1.230707	0.999565	1.230707	0.999565	1.192508	0.000667	1.188571	0.000008	1.192035	0.000008	1.192288	0.000260	1349419630.837090	1.000012	78.601404	64.020721	0.000000	1.192236	0.999594	1.192236	0.999593	1.192236	0.999592	1.192236	0.999552	1.192236	0.999592	1.153735	0.000941	1.153890	0.000373	1.192236	0.999593	
1349419631.836914	1.000009	64.328107	49.951177	0.000000	1.230634	0.999108	1.230637	0.999062	1.230633	0.999110	1.230636	0.999117	1.191571	0.001162	1.186062	0.000302	1.181457	0.000181	1.186417	0.000262	1349419631.837169	1.000079	78.872148	64.253413	0.000000	1.192202	0.999319	1.192204	0.999387	1.192204	0.999386	1.192202	0.999308	1.192204	0.999393	1.153981	0.001335	1.153791	0.000554	1.192204	0.999394	
1349419632.836902	0.999988	64.348255	50.031267	0.000000	1.230637	0.998130	1.230638	0.998106	1.230637	0.998099	1.230637	0.998045	1.191941	0.001408	1.190931	0.000008	1.192137	0.000107	1.192357	0.000276	1349419632.837084	0.999915	78.959937	64.329450	0.000000	1.192217	0.998504	1.192216	0.998497	1.192215	0.998445	1.192215	0.998410	1.192216	0.998492	1.153835	0.001158	1.153865	0.000580	1.192288	0.999476	
1349419633.836904	1.000002	64.577071	50.129284	0.000000	1.230704	0.999474	1.230705	0.999442	1.230704	0.999474	1.230704	0.999438	1.192990	0.000554	1.192907	0.000063	1.192103	0.000081	1.192275	0.000184	1349419633.837086	1.000002	78.995699	64.368392	0.000000	1.192227	0.999563	1.192227	0.999570	1.192227	0.999533	1.192227	0.999434	1.192227	0.999567	1.153735	0.001068	1.153861	0.000432	1.192227	0.999569	
1349419634.836898	0.999994	715794130.753438	715818696.467229	715832151.413729	0.999971	1.000018	0.999971	1.000031	0.999972	1.000033	0.999972	1.000022	0.999973	1.000030	0.999974	1.000019	0.999972	1.000027	0.999972	1.000025	1349419634.836978	0.999892	715847410.382975	715901142.484026	715905205.072718	0.999973	1.000026	0.999970	1.000026	3.894192	0.256795	0.999972	1.000021	0.999971	1.000023	0.999976	1.000026	0.999971	1.000023	0.999973	1.000028	
1349419635.836980	1.000082	0.000000	0.000000	0.000000	-nan	-nan	-nan	-nan	1.000008	inf	-nan	-nan	-nan	0.000000	-nan	-nan	-nan	-nan	-nan	-nan	1349419635.837043	1.000065	0.000000	0.000000	0.000000	-nan	-nan	-nan	-nan	1.345745	inf	-nan	-nan	-nan	-nan	-nan	-nan	-nan	-nan	-nan	-nan	
