ts_0	elapsed_0	pkg_0	pp0_0	dram_0	freq_ratio_0_0	c0_ratio_0_0	freq_ratio_0_1	c0_ratio_0_1	freq_ratio_0_2	c0_ratio_0_2	freq_ratio_0_3	c0_ratio_0_3	freq_ratio_0_4	c0_ratio_0_4	freq_ratio_0_5	c0_ratio_0_5	freq_ratio_0_6	c0_ratio_0_6	freq_ratio_0_7	c0_ratio_0_7	ts_1	elapsed_1	pkg_1	pp0_1	dram_1	freq_ratio_1_0	c0_ratio_1_0	freq_ratio_1_1	c0_ratio_1_1	freq_ratio_1_2	c0_ratio_1_2	freq_ratio_1_3	c0_ratio_1_3	freq_ratio_1_4	c0_ratio_1_4	freq_ratio_1_5	c0_ratio_1_5	freq_ratio_1_6	c0_ratio_1_6	freq_ratio_1_7	c0_ratio_1_7	
1349419622.836818	1.001325	67.083653	52.729791	0.000000	1.190865	0.056756	1.191973	0.982776	1.192228	0.982307	1.192272	0.981540	1.192129	0.981128	1.163535	0.000941	1.192239	0.980883	1.154229	0.000144	1349419622.837042	1.000474	68.660496	54.467821	0.000000	1.194264	0.983977	1.195234	0.993904	1.194450	0.982475	1.192342	0.928716	1.192649	0.000121	1.199839	0.000077	1.197033	0.000182	1.194106	0.985330	
1349419623.836815	0.999997	68.046933	53.556532	0.000000	1.192937	0.003266	1.192311	0.997796	1.192310	0.997779	1.192310	0.997776	1.192306	0.997622	1.210557	0.000044	1.192308	0.997696	1.137261	0.000047	1349419623.836974	0.999932	70.262907	55.932924	0.000000	1.192311	0.997872	1.192306	0.997712	1.192308	0.997799	1.192308	0.997798	1.191989	0.000083	1.193255	0.000015	1.192475	0.001088	1.192466	0.999924	
1349419624.836819	1.000004	68.145369	53.655437	0.000000	1.192376	0.002793	1.192310	0.994637	1.192312	0.994660	1.192304	0.994514	1.192302	0.994430	1.191711	0.000057	1.192305	0.994523	1.192522	0.002550	1349419624.836977	1.000003	70.297451	55.965525	0.000000	1.192315	0.994748	1.192306	0.994501	1.192309	0.994589	1.192308	0.994585	1.192327	0.000940	1.192063	0.000096	1.192319	0.000286	1.192702	0.999847	
1349419625.836816	0.999997	68.533751	54.032638	0.000000	1.191285	0.003340	1.192294	0.999841	1.192294	0.999841	1.192294	0.999840	1.192294	0.999841	1.191120	0.003904	1.192294	0.999842	1.162266	0.000041	1349419625.836987	1.000010	70.471294	56.129992	0.000000	1.192304	0.999952	1.192304	0.999952	1.192304	0.999952	1.192304	0.999952	1.177830	0.000099	1.191225	0.000019	1.192171	0.000264	1.192304	0.999951	
1349419626.836812	0.999996	68.498920	53.999349	0.000000	1.191951	0.002980	1.192297	0.999815	1.192297	0.999838	1.192298	0.999838	1.192295	0.999763	1.191708	0.004613	1.192298	0.999838	1.189692	0.000098	1349419626.837046	1.000059	70.479523	56.148778	0.000000	1.192306	0.999976	1.192306	0.999976	1.192306	0.999977	1.192306	0.999969	1.192273	0.000173	1.189474	0.000049	1.192258	0.000149	1.192306	0.999978	
1349419627.836814	1.000002	69.002401	54.496646	0.000000	1.166853	0.008247	1.192053	0.938101	1.189813	0.999559	1.189813	0.999558	1.189813	0.999558	1.175223	0.011696	1.189811	0.999535	1.155542	0.066786	1349419627.836985	0.999939	70.598227	56.274477	0.000000	1.192104	0.999798	1.192104	0.999797	1.192104	0.999797	1.192104	0.999797	1.159250	0.006071	1.154012	0.004788	1.154947	0.004858	1.192104	0.999795	
1349419628.836813	0.999999	68.467183	53.969931	0.000000	1.192131	0.004993	1.186385	0.000657	1.192298	0.999852	1.192298	0.999852	1.192296	0.999747	1.220257	0.000072	1.192299	0.999866	1.192299	0.999821	1349419628.837031	1.000046	70.551853	56.244757	0.000000	1.192306	0.999976	1.192306	0.999968	1.192306	0.999976	1.192306	0.999976	1.190025	0.000088	1.192174	0.000059	1.192289	0.001154	1.192306	0.999975	
1349419629.836822	1.000009	68.144082	53.656435	0.000000	1.191627	0.001860	1.190795	0.001478	1.192315	0.999890	1.192315	0.999890	1.192304	0.999636	1.175746	0.000015	1.192307	0.999737	1.192307	0.999734	1349419629.836992	0.999961	70.528103	56.232881	0.000000	1.192310	0.999932	1.192306	0.999757	1.192310	0.999932	1.192310	0.999932	1.193715	0.000089	1.193247	0.000015	1.192413	0.000111	1.192310	0.999931	
1349419630.836815	0.999993	68.650591	54.130120	0.000000	1.192055	0.005311	1.190581	0.001489	1.192295	0.999758	1.192295	0.999758	1.192289	0.999629	1.194015	0.000067	1.192290	0.999669	1.192290	0.999670	1349419630.837033	1.000041	70.713012	56.393439	0.000000	1.192308	0.999953	1.192306	0.999871	1.192308	0.999952	1.192308	0.999952	1.190194	0.000133	1.191319	0.000077	1.192433	0.000173	1.192308	0.999937	
1349419631.836815	1.000000	69.310638	54.758316	0.000000	1.187211	0.001755	1.191813	0.009143	1.192273	0.999586	1.192270	0.999519	1.192273	0.999558	1.192486	0.000012	1.192270	0.999505	1.192273	0.999575	1349419631.837065	1.000032	70.973898	56.629203	0.000000	1.192306	0.999976	1.192306	0.999969	1.192306	0.999976	1.192306	0.999976	1.195714	0.000086	1.195035	0.000018	1.192315	0.002310	1.192306	0.999974	
1349419632.836825	1.000010	69.280068	54.721574	0.000000	1.187073	0.001611	1.191981	0.008517	1.192193	0.999332	1.192193	0.999327	1.192182	0.999023	1.190084	0.000076	1.192189	0.999260	1.192186	0.999156	1349419632.837054	0.999989	70.994111	56.641689	0.000000	1.192308	0.999952	1.192306	0.999865	1.192308	0.999945	1.192308	0.999945	1.190788	0.000106	1.192465	0.000064	1.192239	0.000173	1.192308	0.999946	
1349419633.836815	0.999990	68.578308	54.023566	0.000000	1.191338	0.003676	1.189198	0.001188	1.192293	0.999766	1.192292	0.999766	1.192288	0.999606	1.167016	0.000022	1.192293	0.999766	1.192291	0.999702	1349419633.837037	0.999983	70.988766	56.636533	0.000000	1.192306	0.999975	1.192306	0.999975	1.192306	0.999973	1.192306	0.999968	1.195073	0.000066	1.191709	0.000017	1.192313	0.001104	1.192306	0.999975	
1349419634.836816	1.000001	715796749.371371	715784117.304423	715827202.055601	0.999969	1.000011	0.999971	1.000032	0.999972	1.000032	0.999970	1.000016	0.999971	1.000021	0.999974	1.000020	0.999971	1.000021	0.999972	1.000023	1349419634.836906	0.999869	715884022.968560	715855871.217488	715921592.987531	0.999972	1.000025	0.999967	1.000017	3.894211	0.256793	0.999970	1.000014	0.999971	1.000020	0.999974	1.000020	0.999971	1.000022	0.999971	1.000020	
1349419635.836927	1.000111	0.000000	0.000000	0.000000	-nan	-nan	-nan	-nan	1.000008	inf	-nan	-nan	-nan	0.000000	-nan	-nan	-nan	-nan	-nan	-nan	1349419635.836997	1.000091	0.000000	0.000000	0.000000	-nan	-nan	-nan	-nan	1.345745	inf	-nan	-nan	-nan	-nan	-nan	-nan	-nan	-nan	-nan	-nan	
