ts_0	elapsed_0	pkg_0	pp0_0	dram_0	freq_ratio_0_0	c0_ratio_0_0	freq_ratio_0_1	c0_ratio_0_1	freq_ratio_0_2	c0_ratio_0_2	freq_ratio_0_3	c0_ratio_0_3	freq_ratio_0_4	c0_ratio_0_4	freq_ratio_0_5	c0_ratio_0_5	freq_ratio_0_6	c0_ratio_0_6	freq_ratio_0_7	c0_ratio_0_7	ts_1	elapsed_1	pkg_1	pp0_1	dram_1	freq_ratio_1_0	c0_ratio_1_0	freq_ratio_1_1	c0_ratio_1_1	freq_ratio_1_2	c0_ratio_1_2	freq_ratio_1_3	c0_ratio_1_3	freq_ratio_1_4	c0_ratio_1_4	freq_ratio_1_5	c0_ratio_1_5	freq_ratio_1_6	c0_ratio_1_6	freq_ratio_1_7	c0_ratio_1_7	
1349477505.749861	1.000474	64.837448	50.668199	7.807899	0.999951	0.997995	0.999964	0.988710	0.999986	0.989168	0.999996	0.988267	0.999996	0.988261	0.999997	0.988078	0.999997	0.987991	0.995319	0.005060	1349477505.749980	1.000382	51.971803	38.038755	6.432205	0.999977	0.989457	0.999983	0.988595	1.000001	0.989112	1.000001	0.763284	0.998727	0.000109	1.003449	0.000102	1.003972	0.000107	0.999892	0.990295	
1349477506.749857	0.999996	67.404646	52.946382	8.809514	1.000001	0.999916	1.000000	0.999929	1.000000	0.999940	1.000000	0.999924	1.000000	0.999909	1.000000	0.999953	0.999999	0.999907	0.999877	0.003744	1349477506.749971	0.999991	55.034953	40.950139	7.878550	1.000000	0.999916	1.000000	0.999913	1.000000	1.000000	1.000000	0.999961	1.004265	0.000022	0.997689	0.000013	1.000395	0.000017	1.000000	1.000000	
1349477507.749856	0.999999	67.580555	53.138784	8.848183	1.000000	1.000000	1.000000	0.999914	1.000000	1.000000	1.000000	0.999846	1.000000	0.999841	1.000000	1.000000	1.000000	0.999884	1.000156	0.004783	1349477507.749970	0.999999	55.152106	41.045190	7.864433	1.000000	0.999976	1.000000	1.000000	1.000000	1.000000	1.000000	0.999963	0.998994	0.000119	1.000167	0.000115	0.999807	0.000116	1.000000	1.000000	
1349477508.749863	1.000007	67.725102	53.280729	8.805283	1.000000	0.999878	1.000000	0.999980	1.000000	0.999905	1.000000	0.999904	1.000000	0.999910	1.000000	1.000000	1.000000	0.999956	0.999917	0.004426	1349477508.749977	1.000007	55.145905	41.040060	7.837623	1.000000	0.999989	1.000000	0.999959	1.000000	0.999998	1.000000	1.000000	0.986705	0.000010	0.998274	0.000007	1.000285	0.000007	1.000000	1.000000	
1349477509.749856	0.999993	67.570963	53.100968	8.811996	0.999963	0.999909	0.999981	0.999879	0.999955	0.999925	0.999972	0.999894	0.999973	0.999892	0.999955	0.999939	0.999989	0.999863	1.000020	0.005023	1349477509.749971	0.999994	54.988105	40.871841	7.872209	1.000000	0.999914	1.000000	0.999887	1.000000	1.000000	1.000000	0.999962	1.002297	0.000080	1.000142	0.000074	1.000165	0.000075	1.000000	1.000000	
1349477510.749858	1.000002	67.486291	53.009878	8.801695	1.000000	0.999983	1.000000	0.999940	1.000000	0.999983	1.000000	0.999870	1.000000	0.999937	1.000001	0.999974	1.000000	0.999866	1.000013	0.008594	1349477510.749970	0.999999	55.039054	40.926339	7.874565	1.000000	0.999950	1.000000	0.999873	1.000000	0.999974	1.000000	0.999991	1.000066	0.002733	0.999998	0.002713	1.000000	0.002729	1.000000	1.000000	
1349477511.749863	1.000005	715778192.720085	715767572.598759	715782897.068510	0.999992	1.000148	0.999990	1.000154	0.999992	1.000156	0.999993	1.000150	0.999993	1.000153	0.999995	1.000147	0.999993	1.000154	0.999993	1.000150	1349477511.749972	1.000002	715773500.050621	715824576.721755	715818074.801020	0.999993	1.000150	0.999990	1.000153	3.892833	0.256921	0.999993	1.000150	0.999993	1.000154	0.999995	1.000148	0.999993	1.000153	0.999993	1.000152	
1349477512.749854	0.999991	0.000000	0.000000	0.000000	-nan	-nan	-nan	-nan	1.000008	inf	-nan	-nan	-nan	0.000000	-nan	-nan	-nan	-nan	-nan	-nan	1349477512.749933	0.999961	0.000000	0.000000	0.000000	-nan	-nan	-nan	-nan	1.345745	inf	-nan	-nan	-nan	-nan	-nan	-nan	-nan	-nan	-nan	-nan	
1349477513.749919	1.000065	0.000000	0.000000	0.000000	-nan	-nan	-nan	-nan	0.000000	inf	-nan	-nan	-nan	0.000000	0.000000	inf	-nan	-nan	-nan	-nan	1349477513.750002	1.000069	0.000000	0.000000	0.000000	-nan	-nan	-nan	-nan	inf	-nan	-nan	-nan	-nan	-nan	-nan	-nan	-nan	-nan	-nan	-nan	
