ts_0	elapsed_0	pkg_0	pp0_0	dram_0	freq_ratio_0_0	c0_ratio_0_0	freq_ratio_0_1	c0_ratio_0_1	freq_ratio_0_2	c0_ratio_0_2	freq_ratio_0_3	c0_ratio_0_3	freq_ratio_0_4	c0_ratio_0_4	freq_ratio_0_5	c0_ratio_0_5	freq_ratio_0_6	c0_ratio_0_6	freq_ratio_0_7	c0_ratio_0_7	ts_1	elapsed_1	pkg_1	pp0_1	dram_1	freq_ratio_1_0	c0_ratio_1_0	freq_ratio_1_1	c0_ratio_1_1	freq_ratio_1_2	c0_ratio_1_2	freq_ratio_1_3	c0_ratio_1_3	freq_ratio_1_4	c0_ratio_1_4	freq_ratio_1_5	c0_ratio_1_5	freq_ratio_1_6	c0_ratio_1_6	freq_ratio_1_7	c0_ratio_1_7	
1349477505.748869	1.000490	64.505825	50.487684	8.852474	0.999995	0.997486	0.999931	0.989133	0.999961	0.988828	0.999996	0.988194	0.999996	0.988184	0.999996	0.973347	0.999996	0.962249	0.994849	0.000854	1349477505.748984	1.000380	51.886989	38.058611	6.656711	0.999950	0.989266	1.000002	0.988972	1.000001	0.988558	1.000001	0.761433	0.683718	0.000063	1.004837	0.000039	0.686505	0.000057	0.999860	0.990081	
1349477506.748865	0.999996	67.209074	52.923356	9.906107	0.999999	0.999820	1.000000	0.999787	1.000000	0.999752	1.000000	0.999826	1.000000	0.999753	1.000000	0.999794	0.999999	0.999955	1.000772	0.001106	1349477506.749002	1.000018	55.072624	41.024535	7.851956	1.000000	0.999935	1.000000	0.999879	1.000000	0.999837	1.000000	0.999948	1.001004	0.000159	0.999630	0.000073	1.000031	0.000138	1.000000	0.999999	
1349477507.748864	0.999999	67.099185	52.803670	9.965723	1.000001	0.999961	1.000000	0.999925	1.000000	0.999959	1.000000	1.000001	1.000000	0.999928	1.000000	0.999927	1.000000	1.000000	0.999742	0.000943	1349477507.748982	0.999980	55.161063	41.103042	7.861714	1.000000	1.000000	1.000000	0.999956	1.000000	0.999955	1.000000	0.999958	1.000264	0.000020	1.000022	0.000017	0.999320	0.000021	1.000000	0.999997	
1349477508.748864	1.000000	66.800995	52.500366	9.938187	1.000000	0.999796	0.999977	0.999933	1.000000	0.999792	0.999978	0.999857	0.999978	0.999883	0.999979	0.999935	0.999980	0.999876	0.999986	0.001021	1349477508.748985	1.000003	55.241925	41.184687	7.854895	1.000000	0.999979	1.000000	0.999768	1.000000	0.999877	1.000000	0.999982	0.999183	0.000063	1.000586	0.000059	1.000077	0.000080	1.000000	0.999998	
1349477509.748863	0.999999	66.755786	52.452076	9.943308	1.000000	1.000000	1.000000	1.000000	1.000000	1.000000	1.000000	0.999982	1.000000	0.999984	1.000000	1.000000	1.000000	1.000000	1.000017	0.001510	1349477509.748982	0.999997	55.276554	41.212179	7.869623	1.000000	0.999992	1.000000	0.999952	1.000000	0.999982	1.000000	0.999992	1.002146	0.000024	0.994344	0.000013	1.000807	0.000017	1.000000	1.000000	
1349477510.748864	1.000001	66.847364	52.527690	9.947668	1.000000	1.000000	1.000000	1.000000	1.000000	1.000000	1.000000	1.000000	1.000000	1.000001	1.000001	1.000000	1.000000	1.000000	0.999958	0.001101	1349477510.748979	0.999997	55.282047	41.219595	7.875421	1.000000	1.000000	1.000000	1.000000	1.000000	1.000000	1.000000	1.000000	1.000175	0.000124	1.000322	0.000092	0.999942	0.000107	1.000000	1.000000	
1349477511.748861	0.999997	715818451.054060	715790505.345999	715771507.245932	0.999992	1.000148	0.999990	1.000154	0.999992	1.000156	0.999993	1.000150	0.999993	1.000152	0.999995	1.000146	0.999992	1.000152	0.999992	1.000149	1349477511.748965	0.999986	715798503.036880	715794988.541886	715828366.924572	0.999993	1.000150	0.999990	1.000152	3.892857	0.256919	0.999992	1.000149	0.999992	1.000152	0.999995	1.000147	0.999992	1.000151	0.999992	1.000150	
1349477512.748924	1.000063	0.000000	0.000000	0.000000	-nan	-nan	-nan	-nan	1.000008	inf	-nan	-nan	-nan	0.000000	-nan	-nan	-nan	-nan	-nan	-nan	1349477512.749003	1.000038	0.000000	0.000000	0.000000	-nan	-nan	-nan	-nan	1.345745	inf	-nan	-nan	-nan	-nan	-nan	-nan	-nan	-nan	-nan	-nan	
1349477513.749083	1.000159	0.000000	0.000000	0.000000	-nan	-nan	-nan	-nan	0.000000	inf	-nan	-nan	-nan	0.000000	0.000000	inf	-nan	-nan	-nan	-nan	1349477513.749164	1.000161	0.000000	0.000000	0.000000	-nan	-nan	-nan	-nan	inf	-nan	-nan	-nan	-nan	-nan	-nan	-nan	-nan	-nan	-nan	-nan	
