ts_0	elapsed_0	pkg_0	pp0_0	dram_0	freq_ratio_0_0	c0_ratio_0_0	freq_ratio_0_1	c0_ratio_0_1	freq_ratio_0_2	c0_ratio_0_2	freq_ratio_0_3	c0_ratio_0_3	freq_ratio_0_4	c0_ratio_0_4	freq_ratio_0_5	c0_ratio_0_5	freq_ratio_0_6	c0_ratio_0_6	freq_ratio_0_7	c0_ratio_0_7	ts_1	elapsed_1	pkg_1	pp0_1	dram_1	freq_ratio_1_0	c0_ratio_1_0	freq_ratio_1_1	c0_ratio_1_1	freq_ratio_1_2	c0_ratio_1_2	freq_ratio_1_3	c0_ratio_1_3	freq_ratio_1_4	c0_ratio_1_4	freq_ratio_1_5	c0_ratio_1_5	freq_ratio_1_6	c0_ratio_1_6	freq_ratio_1_7	c0_ratio_1_7	
1350069967.736010	1.000376	53.542415	40.447012	6.125260	0.822920	0.004237	0.834496	0.999250	0.834495	0.999249	0.834494	0.999249	0.834493	0.999247	0.834492	0.999247	0.834491	0.999247	0.834491	0.999247	1350069967.736094	1.000411	52.457198	39.293938	2.694541	1.194885	0.998036	1.194885	0.998035	1.194885	0.998033	1.214551	0.000185	1.225084	0.000071	1.219494	0.000062	1.188297	0.000289	1.228075	0.000077	
1350069968.735999	0.999989	50.829400	37.720339	6.127631	0.806653	0.002624	0.806577	0.999346	0.806577	0.999346	0.806577	0.999345	0.806577	0.999346	0.806577	0.999345	0.806577	0.999345	0.806577	0.999344	1350069968.736083	0.999989	50.578313	37.405699	2.339000	1.161942	0.996605	1.161941	0.996600	1.161942	0.996595	1.191277	0.000063	1.191139	0.000019	1.092519	0.000020	1.163062	0.000290	1.140121	0.000019	
1350069969.735999	1.000000	50.794357	37.688553	6.115234	0.857385	0.002266	0.806444	0.242578	0.854113	0.997309	0.854113	0.997306	0.854113	0.997304	0.854113	0.997301	0.854113	0.997300	0.854113	0.997299	1350069969.736097	1.000014	50.686299	37.510764	2.410809	1.072750	0.996948	1.072749	0.996944	1.072749	0.996941	1.044713	0.755081	1.088056	0.000547	1.169307	0.000064	1.090621	0.000215	1.151193	0.000085	
1350069970.736005	1.000006	50.794405	37.688878	6.109033	0.868430	0.002093	0.883047	0.000097	0.870133	0.996842	0.870133	0.996839	0.870133	0.996838	0.870133	0.996835	0.870133	0.996831	0.870133	0.996830	1350069970.736102	1.000005	50.685858	37.509578	2.374347	1.046759	0.996541	1.046759	0.996536	1.046759	0.996532	1.046759	0.996529	1.038833	0.000103	1.066350	0.000013	1.044279	0.000180	1.036639	0.000013	
1350069971.735999	0.999994	50.795072	37.685283	6.108954	0.850584	0.004645	0.858075	0.000210	0.869711	0.996717	0.869711	0.996714	0.869711	0.996712	0.869711	0.996709	0.869711	0.996706	0.869711	0.996704	1350069971.736102	1.000000	50.684631	37.506195	2.440186	1.045990	0.996360	1.045990	0.996357	1.045990	0.996353	1.045990	0.996349	1.041778	0.000238	1.035445	0.000069	1.045582	0.000209	1.035988	0.000086	
1350069972.735999	1.000000	50.797318	37.688263	6.115234	0.869616	0.001797	0.876324	0.000307	0.869763	0.996783	0.869763	0.996782	0.869763	0.996779	0.869763	0.996776	0.869763	0.996774	0.869763	0.996770	1350069972.736092	0.999990	50.685398	37.506525	2.324379	1.045766	0.996383	1.045766	0.996379	1.045766	0.996374	1.045766	0.996369	1.040400	0.000102	1.069254	0.000013	1.039535	0.000193	1.055624	0.000013	
1350069973.735999	1.000000	50.793243	37.684280	6.109070	0.870749	0.002488	0.874266	0.000335	0.869660	0.996751	0.869660	0.996749	0.869659	0.996746	0.869659	0.996745	0.869659	0.996743	0.869659	0.996740	1350069973.736098	1.000006	50.684070	37.503851	2.419053	1.045857	0.996596	1.045858	0.996592	1.045858	0.996588	1.045858	0.996584	1.038954	0.000183	1.039669	0.000062	1.040902	0.000320	1.071644	0.000089	
1350069974.735999	1.000000	50.792465	37.682510	6.065918	0.869697	0.001831	0.878111	0.000309	0.869544	0.996649	0.869544	0.996645	0.869544	0.996643	0.869544	0.996641	0.869544	0.996639	0.869544	0.996636	1350069974.736093	0.999995	50.684916	37.504628	2.425870	1.045972	0.996643	1.045972	0.996639	1.045972	0.996636	1.045971	0.996631	1.041453	0.000105	1.054699	0.000013	1.040930	0.000217	1.100760	0.000012	
1350069975.735999	1.000000	50.746414	37.645508	6.102905	0.866511	0.001986	0.873569	0.000275	0.869297	0.996609	0.869298	0.996605	0.869297	0.996603	0.869298	0.996601	0.869298	0.996599	0.869298	0.996598	1350069975.736100	1.000007	50.685242	37.506394	2.369872	1.045514	0.996473	1.045514	0.996468	1.045514	0.996466	1.045514	0.996463	1.043196	0.000197	1.037461	0.000099	1.042670	0.000248	1.033600	0.000187	
1350069976.735999	1.000000	50.794052	37.683533	6.053589	0.865930	0.001883	0.879461	0.000339	0.869523	0.996684	0.869523	0.996681	0.869523	0.996678	0.869523	0.996676	0.869523	0.996674	0.869523	0.996672	1350069976.736093	0.999993	50.635589	37.506805	2.367707	1.045764	0.996577	1.045764	0.996575	1.045764	0.996570	1.045764	0.996565	1.038638	0.000093	1.048210	0.000013	1.039559	0.000204	1.085958	0.000016	
1350069977.735999	1.000000	50.796051	37.683136	6.096741	0.870481	0.002015	0.872711	0.000259	0.869492	0.996669	0.869492	0.996667	0.869492	0.996664	0.869492	0.996662	0.869491	0.996658	0.869491	0.996656	1350069977.736101	1.000008	50.688768	37.467149	2.366680	1.045425	0.996569	1.045425	0.996565	1.045425	0.996561	1.045424	0.996558	1.040127	0.000167	1.034219	0.000068	1.043862	0.000224	1.060279	0.000118	
1350069978.735999	1.000000	50.797485	37.682449	6.096741	0.871593	0.002110	0.864097	0.000403	0.869409	0.996663	0.869409	0.996661	0.869409	0.996658	0.869409	0.996657	0.869409	0.996654	0.869408	0.996651	1350069978.736098	0.999997	50.683659	37.503015	2.344749	1.045536	0.996567	1.045536	0.996562	1.045536	0.996559	1.045537	0.996554	1.064744	0.000094	1.051259	0.000020	1.047090	0.000302	1.050756	0.000020	
1350069979.735999	1.000000	50.794006	37.678680	6.072083	0.868759	0.002104	0.864202	0.000288	0.869595	0.996746	0.869596	0.996744	0.869596	0.996742	0.869596	0.996739	0.869596	0.996737	0.869596	0.996735	1350069979.736104	1.000006	50.685779	37.504964	2.442933	1.045066	0.996472	1.045066	0.996469	1.045067	0.996464	1.045066	0.996461	1.043854	0.000153	1.035163	0.000059	1.037504	0.000218	1.036715	0.000117	
1350069980.735999	1.000000	50.793579	37.675797	6.096741	0.868142	0.001886	0.867313	0.000292	0.869582	0.996666	0.869582	0.996664	0.869583	0.996662	0.869583	0.996658	0.869583	0.996657	0.869582	0.996656	1350069980.736097	0.999993	50.685302	37.501572	2.357820	1.045257	0.996399	1.045257	0.996396	1.045257	0.996392	1.045257	0.996389	1.045770	0.000104	1.068781	0.000013	1.047178	0.000210	1.086883	0.000013	
1350069981.735999	1.000000	50.795532	37.679016	6.115234	0.848429	0.004267	0.863362	0.000275	0.869643	0.996763	0.869643	0.996760	0.869643	0.996758	0.869643	0.996755	0.869643	0.996754	0.869643	0.996753	1350069981.736097	1.000000	50.684082	37.500168	2.381699	1.045228	0.996555	1.045228	0.996551	1.045228	0.996547	1.045229	0.996543	1.039096	0.000186	1.037479	0.000051	1.038103	0.000225	1.037032	0.000079	
1350069982.735999	1.000000	50.795029	37.679108	6.078247	0.869644	0.001778	0.867176	0.000320	0.869568	0.996735	0.869568	0.996733	0.869568	0.996732	0.869568	0.996730	0.869568	0.996727	0.869568	0.996724	1350069982.736103	1.000006	50.679294	37.491460	2.371247	1.060093	0.997291	1.060093	0.997288	1.060093	0.997286	1.060093	0.997281	1.057247	0.000101	1.062743	0.000013	1.047139	0.000202	1.062578	0.000013	
1350069983.736000	1.000001	50.797025	37.681055	6.102899	0.866483	0.002215	0.860579	0.000394	0.869427	0.996588	0.869427	0.996585	0.869426	0.996583	0.869426	0.996579	0.869426	0.996578	0.869426	0.996576	1350069983.736106	1.000003	50.675517	37.482397	2.358193	1.073103	0.999119	1.073103	0.999118	1.073103	0.999116	1.073102	0.999116	1.069931	0.000163	1.076533	0.000084	1.067513	0.000326	1.066795	0.000135	
1350069984.736006	1.000006	50.792254	37.670933	6.109033	0.871295	0.001717	0.865492	0.000325	0.869890	0.996675	0.869891	0.996671	0.869891	0.996670	0.869891	0.996668	0.869891	0.996665	0.869891	0.996663	1350069984.736107	1.000001	50.676984	37.482386	2.278166	1.073316	0.999143	1.073316	0.999142	1.073316	0.999140	1.073316	0.999139	1.077182	0.000279	1.079481	0.000012	1.073698	0.000207	1.081337	0.000012	
1350069985.736000	0.999994	50.798749	37.670665	6.095526	0.815566	0.005600	0.795392	0.004044	0.863651	0.997097	0.863652	0.997095	0.863652	0.997094	0.863652	0.997090	0.863652	0.997088	0.863651	0.997087	1350069985.736084	0.999977	50.680451	37.480213	2.310005	1.064650	0.999096	1.064650	0.999095	1.064650	0.999095	1.064650	0.999094	0.903750	0.004592	0.914478	0.003297	0.913069	0.003157	0.909090	0.003327	
1350069986.735999	0.999999	50.784228	37.657400	6.109076	0.882400	0.002729	0.895898	0.001294	0.892153	0.996027	0.892153	0.996023	0.892153	0.996020	0.892153	0.996018	0.892153	0.996015	0.892153	0.996014	1350069986.736122	1.000038	50.676332	37.468749	2.683706	1.071472	0.999261	1.071472	0.999260	1.071471	0.999260	1.071472	0.999259	1.075440	0.000053	1.069294	0.000333	1.070707	0.000194	1.062501	0.000021	
1350069987.735999	1.000000	50.784332	37.657791	6.115128	0.870387	0.003988	0.879108	0.000043	0.868482	0.898646	0.876066	0.996544	0.876066	0.996541	0.876066	0.996541	0.876066	0.996537	0.876066	0.996536	1350069987.736128	1.000006	50.707477	37.509740	2.839873	1.036740	0.996876	1.036740	0.996874	1.036740	0.996869	1.036738	0.996866	0.955959	0.098202	1.039147	0.000478	1.027648	0.000458	1.042277	0.000178	
1350069988.735999	1.000000	50.759155	37.636215	6.090576	0.949240	0.002002	0.959749	0.000143	0.942558	0.000847	0.946003	0.996698	0.946003	0.996695	0.946003	0.996694	0.946003	0.996691	0.946003	0.996689	1350069988.736129	1.000001	50.760480	37.569315	2.584348	0.953882	0.998154	0.953883	0.998152	0.953883	0.998150	0.953884	0.998148	0.953884	0.998147	0.951008	0.000628	0.951977	0.001953	0.957292	0.000079	
1350069989.735999	1.000000	50.708435	37.600937	6.096741	0.942517	0.002863	0.946058	0.000042	0.947428	0.000042	0.945761	0.996843	0.945761	0.996839	0.945761	0.996838	0.945761	0.996836	0.945761	0.996834	1350069989.736123	0.999994	50.754102	37.566264	2.409209	0.955068	0.998437	0.955068	0.998430	0.955068	0.998429	0.955068	0.998427	0.955068	0.998426	0.948117	0.000554	0.951372	0.000334	0.957906	0.000114	
1350069990.736005	1.000006	50.756900	37.639241	6.084375	0.944261	0.001629	0.957465	0.000089	0.957360	0.000090	0.946459	0.996863	0.946460	0.996860	0.946460	0.996858	0.946460	0.996855	0.946460	0.996853	1350069990.736123	1.000000	50.758926	37.573410	2.369766	0.954987	0.998455	0.954987	0.998453	0.954987	0.998451	0.954987	0.998451	0.954987	0.998449	0.957817	0.000635	0.961554	0.001943	0.960188	0.000066	
1350069991.735999	0.999994	50.760099	37.642818	6.084448	0.926086	0.004223	0.937826	0.000906	0.954906	0.000053	0.945761	0.996878	0.945761	0.996875	0.945761	0.996873	0.945761	0.996870	0.945761	0.996867	1350069991.736126	1.000003	50.705699	37.535727	2.491554	0.954968	0.998454	0.954968	0.998453	0.954968	0.998451	0.954967	0.998450	0.954967	0.998448	0.954510	0.000584	0.955469	0.000755	0.955753	0.000184	
1350069992.736005	1.000006	50.755862	37.635304	6.096704	0.942027	0.002238	0.933914	0.000244	0.958643	0.000068	0.946378	0.996858	0.946378	0.996856	0.946378	0.996853	0.946378	0.996852	0.946378	0.996849	1350069992.736126	1.000000	50.755783	37.574249	2.584946	0.955036	0.998448	0.955036	0.998447	0.955037	0.998446	0.955037	0.998444	0.955037	0.998443	0.955243	0.000587	0.955656	0.001124	0.952855	0.000045	
1350069993.735999	0.999994	50.762662	37.643565	6.096777	0.938239	0.002059	0.939296	0.002284	0.941296	0.000021	0.945911	0.996830	0.945911	0.996827	0.945911	0.996824	0.945911	0.996822	0.945911	0.996820	1350069993.736126	1.000000	50.757645	37.574509	2.523514	0.955630	0.998593	0.955630	0.998591	0.955629	0.998589	0.955629	0.998588	0.955629	0.998586	0.950395	0.000720	0.955704	0.000511	0.957262	0.000095	
1350069994.735999	1.000000	50.756241	37.633453	6.078247	0.945610	0.001249	0.952904	0.000449	0.925289	0.000052	0.946859	0.996919	0.946859	0.996916	0.946859	0.996914	0.946859	0.996912	0.946859	0.996909	1350069994.736124	0.999998	50.755331	37.571284	2.334675	0.955609	0.998580	0.955609	0.998578	0.955609	0.998576	0.955610	0.998576	0.955610	0.998575	0.953967	0.000587	0.956234	0.000790	0.958641	0.000056	
1350069995.735999	1.000000	50.760513	37.638245	6.084412	0.947518	0.002194	0.942729	0.000499	0.957413	0.000042	0.946034	0.996815	0.946034	0.996812	0.946034	0.996810	0.946034	0.996808	0.946034	0.996806	1350069995.736123	0.999999	50.756610	37.572485	2.504488	0.955848	0.998608	0.955848	0.998607	0.955849	0.998606	0.955848	0.998604	0.955848	0.998603	0.953127	0.000606	0.958873	0.000930	0.957927	0.000116	
1350069996.735999	1.000000	50.758575	37.639694	6.109070	0.944304	0.006917	0.936141	0.000520	0.934616	0.000057	0.943244	0.996461	0.943244	0.996459	0.943245	0.996455	0.943244	0.996451	0.943245	0.996449	1350069996.736130	1.000007	50.756500	37.571655	3.561590	0.955171	0.998489	0.955171	0.998488	0.955171	0.998487	0.955171	0.998486	0.955171	0.998485	0.951346	0.000512	0.928387	0.001287	0.955690	0.000066	
1350069997.735999	1.000000	50.758896	37.642548	6.090576	0.945615	0.002153	0.941360	0.001267	0.946593	0.000021	0.945730	0.996828	0.945730	0.996824	0.945730	0.996822	0.945730	0.996818	0.945730	0.996815	1350069997.736128	0.999998	50.757574	37.571834	2.737508	0.954553	0.998358	0.954553	0.998357	0.954553	0.998356	0.954553	0.998354	0.954553	0.998354	0.951011	0.000600	0.953101	0.001462	0.957739	0.000112	
1350069998.735999	1.000000	50.760330	37.639801	6.102905	0.945752	0.001521	0.946425	0.000582	0.951259	0.000077	0.946235	0.996818	0.946235	0.996815	0.946235	0.996813	0.946235	0.996810	0.946235	0.996807	1350069998.736118	0.999990	50.756688	37.570597	2.323296	0.954860	0.998405	0.954860	0.998405	0.954860	0.998404	0.954859	0.998402	0.954859	0.998401	0.957400	0.000682	0.947350	0.001535	0.951899	0.000104	
1350069999.735999	1.000000	50.758392	37.635269	6.109070	0.948353	0.001439	0.944190	0.000505	0.962606	0.000026	0.946458	0.996933	0.946458	0.996929	0.946458	0.996927	0.946458	0.996924	0.946458	0.996922	1350069999.736125	1.000007	50.757568	37.570709	2.443144	0.954232	0.998241	0.954233	0.998239	0.954233	0.998238	0.954233	0.998238	0.954233	0.998235	0.953965	0.000658	0.951616	0.001749	0.953790	0.000197	
1350070000.735999	1.000000	50.760773	37.643082	6.084412	0.944983	0.001950	0.947738	0.000526	0.943206	0.000096	0.945849	0.996756	0.945849	0.996752	0.945849	0.996750	0.945849	0.996748	0.945849	0.996746	1350070000.736127	1.000002	50.757822	37.572362	2.616862	0.953828	0.998186	0.953828	0.998189	0.953828	0.998181	0.953828	0.998179	0.953828	0.998179	0.957737	0.000662	0.953538	0.002391	0.960691	0.000111	
1350070001.735999	1.000000	50.757401	37.633850	6.059753	0.924902	0.003562	0.942001	0.000563	0.959420	0.000053	0.946199	0.996837	0.946199	0.996836	0.946200	0.996834	0.946200	0.996831	0.946200	0.996828	1350070001.736126	0.999999	50.755801	37.569280	2.377962	0.954772	0.998356	0.954772	0.998354	0.954772	0.998353	0.954772	0.998352	0.954772	0.998350	0.953759	0.000654	0.953003	0.000578	0.955289	0.000133	
1350070002.735999	1.000000	50.708344	37.600235	6.115234	0.945645	0.001137	0.950289	0.000483	0.928017	0.000049	0.947132	0.997019	0.947132	0.997016	0.947132	0.997014	0.947132	0.997011	0.947132	0.997007	1350070002.736121	0.999995	50.706721	37.531529	2.268734	0.954616	0.998336	0.954616	0.998333	0.954615	0.998332	0.954615	0.998331	0.954615	0.998330	0.953851	0.000586	0.947326	0.001644	0.957832	0.000087	
1350070003.735999	1.000000	50.758759	37.636551	6.096741	0.949513	0.001818	0.945706	0.000620	0.954544	0.000084	0.946595	0.996902	0.946595	0.996898	0.946595	0.996896	0.946596	0.996893	0.946596	0.996891	1350070003.736127	1.000006	50.752185	37.565480	2.421830	0.956463	0.998617	0.956464	0.998616	0.956464	0.998616	0.956464	0.998614	0.956464	0.998613	0.955725	0.001200	0.955714	0.001622	0.956980	0.000639	
1350070004.735999	1.000000	50.754044	37.629837	6.115234	0.958447	0.002081	0.959688	0.001502	0.960820	0.001033	0.954087	0.998002	0.954087	0.998000	0.954087	0.997998	0.954087	0.997996	0.954087	0.997996	1350070004.736100	0.999973	50.748132	37.558446	2.212569	0.967242	0.997967	0.967242	0.997966	0.967242	0.997964	0.967242	0.997962	0.967242	0.997961	0.962465	0.003169	0.962394	0.002934	0.961573	0.002387	
1350070005.736001	1.000002	715788011.055673	715823319.020784	715801038.413928	0.999988	1.000201	0.999985	1.000203	0.999995	1.000200	0.999988	1.000201	0.999988	1.000203	0.999990	1.000198	0.999988	1.000203	0.999988	1.000201	1350070005.736111	1.000011	715771784.841029	715764539.746888	715809448.583112	0.999987	1.000200	0.999985	1.000203	3.893200	0.256908	0.999988	1.000201	0.999988	1.000203	0.999990	1.000199	0.999988	1.000203	0.999988	1.000201	
1350070006.736090	1.000089	0.000000	0.000000	0.000000	-nan	-nan	-nan	-nan	0.000000	inf	-nan	-nan	-nan	0.000000	-nan	-nan	-nan	-nan	-nan	-nan	1350070006.736163	1.000052	0.000000	0.000000	0.000000	-nan	-nan	-nan	-nan	0.000000	inf	-nan	-nan	-nan	-nan	-nan	-nan	-nan	-nan	-nan	-nan	
