ts_0	elapsed_0	pkg_0	pp0_0	dram_0	freq_ratio_0_0	c0_ratio_0_0	freq_ratio_0_1	c0_ratio_0_1	freq_ratio_0_2	c0_ratio_0_2	freq_ratio_0_3	c0_ratio_0_3	freq_ratio_0_4	c0_ratio_0_4	freq_ratio_0_5	c0_ratio_0_5	freq_ratio_0_6	c0_ratio_0_6	freq_ratio_0_7	c0_ratio_0_7	ts_1	elapsed_1	pkg_1	pp0_1	dram_1	freq_ratio_1_0	c0_ratio_1_0	freq_ratio_1_1	c0_ratio_1_1	freq_ratio_1_2	c0_ratio_1_2	freq_ratio_1_3	c0_ratio_1_3	freq_ratio_1_4	c0_ratio_1_4	freq_ratio_1_5	c0_ratio_1_5	freq_ratio_1_6	c0_ratio_1_6	freq_ratio_1_7	c0_ratio_1_7	
1350072953.254887	1.000640	39.537916	26.266410	6.112345	1.269175	0.999528	1.257272	0.000603	1.249926	0.000301	1.232813	0.000139	1.254390	0.000146	1.255942	0.000756	1.258072	0.000009	1.253852	0.000010	1350072953.255301	1.000853	38.553735	25.503955	2.967409	1.269217	0.999852	1.265891	0.000424	1.260247	0.000102	1.259484	0.000097	1.246340	0.000010	1.261291	0.000035	1.240049	0.000010	1.262842	0.000048	
1350072954.254879	0.999992	39.483596	26.222793	6.133701	1.269217	0.999846	1.267196	0.000285	1.269193	0.000058	1.269230	0.001747	1.266510	0.000096	1.239807	0.000040	1.266612	0.000101	1.269731	0.000040	1350072954.255291	0.999990	38.684057	25.611554	2.751401	1.269224	0.999979	1.269747	0.000387	1.269991	0.000090	1.269818	0.000096	1.268901	0.000064	1.269756	0.000070	1.270012	0.000053	1.269713	0.000096	
1350072955.254879	1.000000	39.487549	26.220825	6.102875	1.269221	0.999914	1.268229	0.000644	1.234438	0.000018	1.221460	0.000014	1.238523	0.000017	1.270047	0.000009	1.270860	0.000009	1.247043	0.000010	1350072955.255282	0.999991	38.707306	25.632541	2.712366	1.269223	0.999913	1.268196	0.000310	1.262705	0.000062	1.264342	0.000094	1.240349	0.000010	1.262063	0.000042	1.239502	0.000011	1.262575	0.000046	
1350072956.254878	0.999999	39.482383	26.209711	6.102820	1.269225	0.999934	1.269132	0.000541	1.269601	0.000053	1.269480	0.000051	1.268405	0.000058	1.269247	0.000048	1.268788	0.000069	1.276326	0.000037	1350072956.255280	0.999998	38.735166	25.664981	2.750417	1.269224	0.999979	1.269315	0.000419	1.266921	0.000077	1.268129	0.000102	1.270158	0.000049	1.269595	0.000078	1.270360	0.000046	1.269465	0.000217	
1350072957.254879	1.000001	39.503777	26.234121	6.108972	1.269221	0.999914	1.266904	0.000265	1.234412	0.000017	1.235014	0.000018	1.235118	0.000017	1.267943	0.000010	1.256644	0.000009	1.268484	0.000009	1350072957.255280	1.000000	38.729568	25.656677	2.706924	1.269223	0.999915	1.267848	0.000278	1.264507	0.000067	1.265885	0.000095	1.259724	0.000010	1.263244	0.000036	1.241936	0.000010	1.263623	0.000041	
1350072958.254879	1.000000	39.510406	26.240067	6.121368	1.269219	0.999870	1.267172	0.000281	1.256059	0.000040	1.257537	0.000046	1.257419	0.000120	1.254784	0.000035	1.256993	0.000102	1.255159	0.000038	1350072958.255278	0.999998	38.728910	25.659320	2.752569	1.269225	0.999935	1.269355	0.000380	1.269469	0.000077	1.268887	0.000090	1.270665	0.000058	1.270271	0.000073	1.274695	0.000051	1.272045	0.000078	
1350072959.254879	1.000000	39.564911	26.295868	6.108948	1.269221	0.999914	1.268326	0.000722	1.231934	0.000018	1.232826	0.000018	1.237142	0.000017	1.269263	0.000010	1.275319	0.000010	1.267566	0.000010	1350072959.255278	1.000000	38.737442	25.665787	2.709747	1.269223	0.999913	1.268631	0.000267	1.262873	0.000060	1.265824	0.000093	1.268517	0.000010	1.272487	0.000049	1.258658	0.000010	1.268777	0.000425	
1350072960.254879	1.000000	39.575500	26.309479	6.108963	1.269225	0.999936	1.268886	0.000541	1.277149	0.000063	1.276399	0.000070	1.277557	0.000060	1.278702	0.000052	1.269964	0.000071	1.280052	0.000049	1350072960.255280	1.000002	38.727068	25.656018	2.755274	1.269225	0.999936	1.268769	0.000391	1.269425	0.000098	1.269313	0.000113	1.269375	0.000081	1.269202	0.000095	1.270957	0.000063	1.269164	0.000204	
1350072961.254879	1.000000	39.590790	26.325409	6.096741	1.269221	0.999913	1.268362	0.000738	1.237762	0.000016	1.239684	0.000016	1.237371	0.000016	1.272137	0.000009	1.109378	0.000012	1.246806	0.000010	1350072961.255281	1.000001	38.730951	25.657843	2.709485	1.269223	0.999911	1.268532	0.000363	1.265135	0.000066	1.266125	0.000087	1.269837	0.000006	1.268388	0.000049	1.268629	0.000006	1.273158	0.000059	
1350072962.254878	0.999999	39.548072	26.297709	6.115179	1.269225	0.999935	1.269182	0.000311	1.269245	0.000037	1.269311	0.000040	1.268878	0.000085	1.268562	0.000035	1.298869	0.000076	1.273008	0.000036	1350072962.255285	1.000004	38.699962	25.639041	2.744603	1.269217	0.999934	1.268776	0.000351	1.269118	0.000093	1.269215	0.000095	1.269316	0.000060	1.269131	0.000070	1.269163	0.000059	1.269269	0.000078	
1350072963.254879	1.000001	39.567772	26.307256	6.121378	1.269213	0.999874	1.263009	0.000308	1.224856	0.000063	1.217720	0.000043	1.237953	0.000017	1.192775	0.000015	1.196346	0.000015	1.230982	0.000054	1350072963.255288	1.000003	38.775103	25.688977	2.706855	1.269225	0.999878	1.261261	0.000343	1.247621	0.000134	1.254750	0.000116	1.268247	0.000010	1.253280	0.000055	1.207734	0.000018	1.263914	0.000041	
1350072964.254886	1.000007	39.779617	26.511047	6.125751	1.268440	0.999389	1.180775	0.003368	1.163722	0.002225	1.206862	0.003790	1.162609	0.002042	1.164326	0.002362	1.165686	0.002042	1.162207	0.001887	1350072964.255287	0.999999	39.999001	26.943156	2.721240	1.261111	0.999436	1.167708	0.002998	1.160502	0.002623	1.158731	0.002546	1.158721	0.002563	1.158714	0.002494	1.157275	0.002456	1.170684	0.004104	
1350072965.254879	0.999993	39.531645	26.265196	6.108959	1.269215	0.999848	1.268037	0.000585	1.242813	0.000022	1.237561	0.000019	1.239954	0.000022	1.269248	0.000015	1.266480	0.000015	1.269025	0.000014	1350072965.255284	0.999997	38.691633	25.626483	2.717599	1.269217	0.999850	1.268299	0.000296	1.264075	0.000068	1.265948	0.000103	1.269429	0.000017	1.270148	0.000050	1.269288	0.000017	1.269478	0.000047	
1350072966.254878	0.999999	39.657722	26.391062	6.102820	1.269225	0.999934	1.269386	0.000534	1.269355	0.000055	1.268576	0.000053	1.269192	0.002194	1.269359	0.000037	1.269476	0.000041	1.268953	0.000044	1350072966.255284	1.000000	38.724152	25.653091	3.101913	1.269225	0.999935	1.269180	0.000376	1.269428	0.000072	1.269208	0.000094	1.269380	0.000063	1.269246	0.000074	1.274301	0.000051	1.269356	0.000070	
1350072967.254879	1.000001	39.851128	26.583303	6.121393	1.269219	0.999889	1.268821	0.003448	1.232694	0.000018	1.237216	0.000017	1.268769	0.003296	1.269160	0.000009	1.271018	0.000009	1.270540	0.000010	1350072967.255288	1.000004	38.734004	25.659228	4.128005	1.269223	0.999916	1.267877	0.000237	1.262988	0.000053	1.262190	0.000053	1.269756	0.000010	1.268623	0.000028	1.232398	0.000010	1.260212	0.000027	
1350072968.254879	1.000000	39.852722	26.585663	6.121353	1.269223	0.999914	1.269214	0.006665	1.257841	0.000051	1.268697	0.000038	1.268663	0.000045	1.269167	0.000037	1.269190	0.000043	1.264599	0.000036	1350072968.255318	1.000030	38.734432	25.663383	4.231044	1.269225	0.999935	1.269168	0.000287	1.269320	0.000062	1.269857	0.000065	1.268906	0.000058	1.269277	0.000054	1.267605	0.000037	1.271920	0.000081	
1350072969.254879	1.000000	39.881546	26.614700	6.127563	1.269196	0.999666	1.268371	0.006587	1.232046	0.000157	1.239942	0.000058	1.232816	0.000083	1.240514	0.000040	1.272799	0.000009	1.252045	0.000009	1350072969.255267	0.999949	38.740197	25.670408	4.334587	1.269221	0.999892	1.267263	0.000375	1.266812	0.000138	1.261061	0.000129	1.269105	0.000020	1.267106	0.000039	1.264872	0.000011	1.260886	0.000027	
1350072970.254879	1.000000	39.777069	26.513000	6.090546	1.269210	0.999788	1.268085	0.002562	1.241564	0.000050	1.243872	0.000078	1.267614	0.002631	1.242094	0.000051	1.258682	0.000056	1.252401	0.000035	1350072970.255283	1.000016	38.733176	25.659456	3.893462	1.269223	0.999912	1.268231	0.000339	1.265643	0.000121	1.269138	0.000073	1.269242	0.000061	1.271206	0.000051	1.273412	0.000051	1.273363	0.000057	
1350072971.254879	1.000000	39.526230	26.263046	6.102890	1.269221	0.999911	1.268252	0.000515	1.233685	0.000017	1.236025	0.000017	1.223330	0.000014	1.270251	0.000010	1.275097	0.000010	1.272804	0.000010	1350072971.255280	0.999997	38.734281	25.660785	2.709786	1.269223	0.999914	1.268530	0.000320	1.266584	0.000106	1.265540	0.000095	1.269833	0.000010	1.268847	0.000050	1.261483	0.000010	1.263105	0.000034	
1350072972.254879	1.000000	39.512924	26.248428	6.108994	1.269225	0.999936	1.268971	0.000280	1.277135	0.000069	1.276708	0.000072	1.278374	0.000057	1.279924	0.000049	1.279139	0.000050	1.279093	0.000048	1350072972.255294	1.000014	38.748478	25.679036	2.737053	1.269225	0.999933	1.268864	0.000328	1.269268	0.000155	1.269235	0.000125	1.269092	0.000096	1.269535	0.000109	1.270725	0.000070	1.270619	0.000165	
1350072973.254879	1.000000	39.535110	26.270782	6.084366	1.269221	0.999915	1.266892	0.000263	1.234351	0.000016	1.235322	0.000016	1.236733	0.000016	1.269369	0.000010	1.269236	0.000009	1.269733	0.000009	1350072973.255286	0.999992	38.734475	25.663187	2.715705	1.269223	0.999914	1.268172	0.000268	1.266626	0.000114	1.265316	0.000086	1.234189	0.000007	1.261055	0.000051	1.231318	0.000007	1.263490	0.000041	
1350072974.254878	0.999999	39.565193	26.299067	6.109076	1.269225	0.999936	1.269350	0.000286	1.268763	0.000043	1.268858	0.001562	1.267665	0.000036	1.267732	0.000035	1.268432	0.000043	1.267531	0.000036	1350072974.255289	1.000003	38.737673	25.665509	2.756217	1.269217	0.999935	1.269467	0.000336	1.269338	0.000235	1.270444	0.000080	1.273480	0.000056	1.275444	0.000065	1.273046	0.000059	1.271650	0.000092	
1350072975.254879	1.000001	39.529503	26.266546	6.109033	1.269221	0.999914	1.267504	0.000490	1.233824	0.000017	1.268970	0.000386	1.239030	0.000016	1.275432	0.000010	1.274099	0.000010	1.280912	0.000010	1350072975.255280	0.999991	38.699569	25.638706	2.704477	1.269231	0.999915	1.267816	0.000263	1.266549	0.000126	1.265792	0.000095	1.267942	0.000010	1.265787	0.000030	1.249792	0.000011	1.263875	0.000041	
1350072976.254879	1.000000	39.525620	26.262787	6.121292	1.269221	0.999892	1.267333	0.000691	1.260506	0.000090	1.270295	0.000033	1.269188	0.000048	1.269238	0.000109	1.268513	0.000035	1.269309	0.000037	1350072976.255280	1.000000	38.751068	25.676666	2.720383	1.269223	0.999908	1.267840	0.000402	1.269170	0.000098	1.269193	0.000092	1.269181	0.000051	1.270508	0.000063	1.246151	0.000053	1.271014	0.000135	
1350072977.254879	1.000000	39.562378	26.295395	6.115204	1.269221	0.999912	1.266516	0.000255	1.234911	0.000017	1.234233	0.000018	1.232129	0.000017	1.269011	0.000010	1.269415	0.000009	1.263987	0.000009	1350072977.255287	1.000007	38.712547	25.640249	2.709927	1.269215	0.999917	1.268216	0.000288	1.266500	0.000110	1.266344	0.000088	1.269540	0.000010	1.269015	0.000043	1.261003	0.000010	1.263525	0.000040	
1350072978.254880	1.000001	715776455.828270	715822727.171838	715801285.620951	0.999988	1.000201	0.999985	1.000203	0.999995	1.000200	0.999988	1.000200	0.999988	1.000203	0.999990	1.000198	0.999988	1.000203	0.999988	1.000201	1350072978.254966	0.999679	715995599.403259	715992012.754963	716044733.570189	0.999988	1.000200	0.999985	1.000203	3.893204	0.256908	0.999988	1.000200	0.999987	1.000203	0.999990	1.000198	0.999988	1.000203	0.999988	1.000201	
1350072979.254950	1.000070	0.000000	0.000000	0.000000	-nan	-nan	-nan	-nan	0.000000	inf	-nan	-nan	-nan	0.000000	-nan	-nan	-nan	-nan	-nan	-nan	1350072979.255037	1.000071	0.000000	0.000000	0.000000	-nan	-nan	-nan	-nan	0.000000	inf	-nan	-nan	-nan	-nan	-nan	-nan	-nan	-nan	-nan	-nan	
