ts_0	elapsed_0	pkg_0	pp0_0	dram_0	freq_ratio_0_0	c0_ratio_0_0	freq_ratio_0_1	c0_ratio_0_1	freq_ratio_0_2	c0_ratio_0_2	freq_ratio_0_3	c0_ratio_0_3	freq_ratio_0_4	c0_ratio_0_4	freq_ratio_0_5	c0_ratio_0_5	freq_ratio_0_6	c0_ratio_0_6	freq_ratio_0_7	c0_ratio_0_7	ts_1	elapsed_1	pkg_1	pp0_1	dram_1	freq_ratio_1_0	c0_ratio_1_0	freq_ratio_1_1	c0_ratio_1_1	freq_ratio_1_2	c0_ratio_1_2	freq_ratio_1_3	c0_ratio_1_3	freq_ratio_1_4	c0_ratio_1_4	freq_ratio_1_5	c0_ratio_1_5	freq_ratio_1_6	c0_ratio_1_6	freq_ratio_1_7	c0_ratio_1_7	
1350074259.284475	1.000360	64.919225	51.684823	6.076060	1.230581	0.998050	1.191459	0.000694	1.230582	0.998033	1.190435	0.000365	1.230582	0.998032	1.192443	0.000257	1.230582	0.998029	1.190515	0.000362	1350074259.284607	1.000343	47.881644	34.647781	2.077961	1.269129	0.999016	1.231108	0.000510	1.269129	0.999015	1.230006	0.000397	1.238831	0.000034	1.243158	0.000033	1.238564	0.000027	1.238143	0.000034	
1350074260.284464	0.999989	65.200941	51.984106	6.109091	1.230642	0.998903	1.192269	0.000627	1.230642	0.998903	1.192150	0.000163	1.230642	0.998903	1.192168	0.000241	1.230642	0.998902	1.192080	0.000151	1350074260.284588	0.999981	47.914336	34.680730	1.755939	1.269145	0.999219	1.230755	0.000350	1.269144	0.999229	1.231708	0.000325	1.234690	0.000063	1.234932	0.000057	1.234274	0.000067	1.235221	0.000110	
1350074261.284465	1.000001	65.555281	52.341106	6.120386	1.224307	0.998890	1.162477	0.003751	1.224308	0.998875	1.157930	0.002802	1.224307	0.998874	1.157151	0.002731	1.224307	0.998873	1.155791	0.002462	1350074261.284597	1.000009	49.578210	36.342047	1.718139	1.250726	0.999102	1.175169	0.003961	1.250725	0.999091	1.163865	0.002547	1.159418	0.002256	1.160685	0.002289	1.157524	0.002031	1.160657	0.002043	
1350074262.284464	0.999999	65.251451	52.036625	6.121328	1.230583	0.998904	1.192242	0.002082	1.230583	0.998902	1.192186	0.000151	1.230583	0.998902	1.192121	0.000213	1.230583	0.998901	1.192067	0.000141	1350074262.284585	0.999988	47.977379	34.751620	1.745626	1.269149	0.999306	1.230328	0.000351	1.269143	0.999304	1.230322	0.000292	1.236017	0.000066	1.228686	0.000056	1.239349	0.000058	1.235093	0.000059	
1350074263.284465	1.000001	65.271682	52.056560	6.102899	1.230686	0.999104	1.192164	0.000255	1.230686	0.999104	1.192523	0.000123	1.230686	0.999103	1.192528	0.000180	1.230686	0.999102	1.192629	0.000132	1350074263.284593	1.000008	48.016151	34.779595	1.678133	1.269172	0.999440	1.230740	0.000303	1.269179	0.999439	1.230755	0.000255	1.206050	0.000007	1.231482	0.000007	1.232935	0.000007	1.230669	0.000006	
1350074264.284464	0.999999	65.254380	52.038944	6.096747	1.230678	0.999032	1.192940	0.000297	1.230678	0.999030	1.192254	0.000156	1.230678	0.999030	1.192145	0.000235	1.230678	0.999030	1.192334	0.000136	1350074264.284598	1.000005	48.031956	34.795709	1.691474	1.269132	0.999103	1.230759	0.000379	1.269132	0.999103	1.230803	0.000292	1.234525	0.000045	1.230752	0.000057	1.230779	0.000044	1.230820	0.000155	
1350074265.284465	1.000001	65.322432	52.105831	6.115229	1.230662	0.998924	1.191959	0.000530	1.230662	0.998922	1.192370	0.000126	1.230662	0.998922	1.192570	0.000179	1.230662	0.998921	1.192210	0.000116	1350074265.284591	0.999993	48.055172	34.821469	1.652599	1.269174	0.999465	1.230706	0.000276	1.269174	0.999465	1.230737	0.000277	1.229810	0.000013	1.229196	0.000007	1.230898	0.000007	1.212539	0.000007	
1350074266.284464	0.999999	65.309755	52.095173	6.015677	1.230681	0.999058	1.192359	0.000256	1.230681	0.999057	1.192173	0.000150	1.230681	0.999056	1.192148	0.000215	1.230681	0.999056	1.192164	0.000151	1350074266.284588	0.999997	48.046230	34.811372	1.659917	1.269150	0.999253	1.230838	0.000322	1.269150	0.999252	1.230973	0.000281	1.230856	0.000051	1.230780	0.000050	1.230629	0.000059	1.232951	0.000052	
1350074267.284465	1.000001	65.330962	52.114773	6.096735	1.230688	0.999121	1.192219	0.000277	1.230688	0.999120	1.192475	0.000126	1.230688	0.999120	1.192484	0.000163	1.230688	0.999119	1.192612	0.000117	1350074267.284595	1.000007	48.045063	34.807239	1.663898	1.269175	0.999465	1.230649	0.000283	1.269175	0.999463	1.230765	0.000263	1.231459	0.000007	1.233245	0.000007	1.232722	0.000007	1.191121	0.000007	
1350074268.284464	0.999999	65.296953	52.093937	6.102911	1.230673	0.998987	1.192214	0.000280	1.230673	0.998987	1.192395	0.000182	1.230673	0.998986	1.192895	0.000273	1.230673	0.998985	1.192924	0.000173	1350074268.284593	0.999998	48.077240	34.843084	1.698963	1.269134	0.999142	1.230793	0.000407	1.269134	0.999136	1.230590	0.000317	1.231678	0.000066	1.230330	0.000050	1.230154	0.000042	1.233424	0.000098	
1350074269.284465	1.000001	65.356764	52.141094	6.090570	1.230678	0.999012	1.192781	0.000346	1.230678	0.999012	1.192297	0.000140	1.230678	0.999011	1.192345	0.000177	1.230678	0.999010	1.192430	0.000115	1350074269.284594	1.000001	48.087128	34.861798	1.696272	1.269168	0.999417	1.230737	0.000379	1.269169	0.999422	1.230758	0.000232	1.219271	0.000007	1.228955	0.000007	1.199604	0.000007	1.199736	0.000007	
1350074270.284464	0.999999	65.335313	52.120731	6.090582	1.230645	0.998727	1.192011	0.000543	1.230645	0.998726	1.192338	0.000167	1.230645	0.998725	1.191654	0.000227	1.230646	0.998723	1.191607	0.000161	1350074270.284594	1.000000	48.057846	34.823334	1.727829	1.269149	0.999249	1.230839	0.000353	1.269149	0.999248	1.231196	0.000283	1.224227	0.000068	1.222722	0.000056	1.227043	0.000064	1.224929	0.000065	
1350074271.284465	1.000001	65.415968	52.200619	6.081461	1.230682	0.999055	1.192262	0.000281	1.230682	0.999052	1.192328	0.000148	1.230682	0.999052	1.192473	0.000179	1.230682	0.999051	1.192303	0.000116	1350074271.284590	0.999996	47.793300	34.563678	1.667777	1.269165	0.999355	1.230628	0.000255	1.269166	0.999355	1.230505	0.000243	1.248145	0.000026	1.244652	0.000033	1.248439	0.000027	1.233755	0.000040	
1350074272.284465	1.000000	65.160614	51.945801	6.090576	1.230564	0.998728	1.192363	0.001936	1.230564	0.998728	1.192369	0.000150	1.230564	0.998727	1.192365	0.000230	1.230564	0.998726	1.192409	0.000172	1350074272.284592	1.000002	47.785904	34.561549	1.837338	1.269145	0.999271	1.230831	0.000366	1.269144	0.999270	1.230564	0.000289	1.230568	0.000072	1.230405	0.000063	1.230701	0.000063	1.236149	0.000088	
1350074273.284465	1.000000	65.423584	52.207458	6.084412	1.230686	0.999103	1.194160	0.000299	1.230686	0.999101	1.192179	0.000108	1.230686	0.999101	1.192371	0.000179	1.230686	0.999100	1.192233	0.000115	1350074273.284593	1.000001	48.109222	34.888394	1.608229	1.269172	0.999441	1.230161	0.000300	1.269172	0.999440	1.230997	0.000262	1.233130	0.000007	1.233991	0.000007	1.225227	0.000007	1.231229	0.000007	
1350074274.284464	0.999999	65.434724	52.219700	6.115240	1.230679	0.999033	1.190346	0.000269	1.230679	0.999033	1.192227	0.000165	1.230679	0.999032	1.192097	0.000223	1.230679	0.999031	1.192295	0.000149	1350074274.284589	0.999996	48.112698	34.880238	1.697440	1.269150	0.999237	1.231210	0.000374	1.269149	0.999248	1.230617	0.000293	1.230819	0.000057	1.230422	0.000054	1.230810	0.000049	1.231737	0.000049	
1350074275.284465	1.000001	65.449889	52.234401	6.109064	1.230666	0.998948	1.192272	0.000519	1.230667	0.998947	1.192590	0.000109	1.230667	0.998947	1.192587	0.000163	1.230666	0.998946	1.192398	0.000116	1350074275.284590	1.000001	48.123138	34.890042	1.627074	1.269172	0.999455	1.230672	0.000307	1.269172	0.999444	1.230954	0.000262	1.230657	0.000013	1.220604	0.000007	1.234287	0.000007	1.226488	0.000007	
1350074276.284464	0.999999	65.426530	52.210240	6.115240	1.230672	0.998966	1.192311	0.000285	1.230672	0.998965	1.192141	0.000176	1.230672	0.998964	1.192172	0.000231	1.230672	0.998963	1.192289	0.000152	1350074276.284587	0.999997	48.117657	34.886430	1.716619	1.269142	0.999205	1.230812	0.000325	1.269142	0.999205	1.230552	0.000299	1.231244	0.000050	1.232410	0.000056	1.230311	0.000042	1.230695	0.000098	
1350074277.284465	1.000001	65.398924	52.183193	6.102899	1.230676	0.998981	1.192245	0.000347	1.230676	0.998981	1.192561	0.000109	1.230676	0.998982	1.192573	0.000179	1.230676	0.998979	1.192478	0.000117	1350074277.284595	1.000008	48.107673	34.882118	1.662432	1.269176	0.999488	1.230710	0.000304	1.269176	0.999488	1.230848	0.000250	1.226994	0.000007	1.216396	0.000007	1.199145	0.000007	1.199550	0.000007	
1350074278.284464	0.999999	65.388048	52.171864	6.115240	1.230653	0.998816	1.192095	0.000575	1.230653	0.998815	1.192287	0.000150	1.230653	0.998815	1.192066	0.000204	1.230653	0.998814	1.192113	0.000149	1350074278.284637	1.000042	48.104457	34.875261	1.674536	1.269146	0.999209	1.230751	0.000354	1.269145	0.999208	1.230935	0.000283	1.232273	0.000054	1.232353	0.000049	1.235510	0.000049	1.235022	0.000050	
1350074279.284465	1.000001	65.426573	52.210384	6.108911	1.230686	0.999100	1.192720	0.000288	1.230686	0.999099	1.192369	0.000133	1.230686	0.999098	1.192561	0.000179	1.230686	0.999097	1.192567	0.000117	1350074279.284599	0.999962	48.113503	34.882884	1.674975	1.269168	0.999399	1.230783	0.000346	1.269168	0.999399	1.230761	0.000281	1.219614	0.000007	1.230051	0.000007	1.217131	0.000007	1.229826	0.000007	
1350074280.284465	1.000000	65.459030	52.242706	6.102905	1.230648	0.998859	1.192317	0.000503	1.230648	0.998857	1.193325	0.000148	1.230648	0.998857	1.193036	0.000213	1.230648	0.998856	1.193235	0.000151	1350074280.284587	0.999988	48.028206	34.812961	1.665822	1.269154	0.999294	1.230651	0.000299	1.269154	0.999294	1.230575	0.000272	1.230575	0.000063	1.230954	0.000049	1.231886	0.000056	1.230887	0.000067	
1350074281.284465	1.000000	65.436172	52.219345	6.078247	1.230657	0.998814	1.192294	0.000501	1.230657	0.998813	1.192231	0.000124	1.230657	0.998812	1.192232	0.000181	1.230657	0.998811	1.192061	0.000114	1350074281.284588	1.000001	48.124847	34.893445	1.657103	1.269173	0.999443	1.230793	0.000303	1.269173	0.999442	1.230737	0.000248	1.230638	0.000014	1.213785	0.000007	1.203552	0.000007	1.178054	0.000007	
1350074282.284464	0.999999	65.438661	52.223103	6.114065	1.230578	0.998835	1.192200	0.001861	1.230578	0.998834	1.191498	0.000160	1.230578	0.998833	1.191663	0.000221	1.230578	0.998832	1.191550	0.000143	1350074282.284590	1.000002	48.102829	34.867411	1.760708	1.269151	0.999247	1.230749	0.000332	1.269151	0.999252	1.231118	0.000312	1.221700	0.000050	1.224520	0.000055	1.225521	0.000050	1.226146	0.000057	
1350074283.284465	1.000001	65.344100	52.141277	6.109064	1.230678	0.999008	1.192273	0.000309	1.230678	0.999006	1.192308	0.000124	1.230679	0.999006	1.192307	0.000179	1.230678	0.999004	1.192402	0.000137	1350074283.284595	1.000005	48.105228	34.869027	1.673362	1.269147	0.999341	1.230784	0.000316	1.269162	0.999335	1.230365	0.000262	1.244471	0.000033	1.247747	0.000026	1.248036	0.000026	1.234974	0.000032	
1350074284.284464	0.999999	65.430498	52.214253	6.083242	1.230681	0.999054	1.192799	0.000273	1.230681	0.999054	1.192171	0.000154	1.230681	0.999054	1.192219	0.000223	1.230681	0.999054	1.192192	0.000134	1350074284.284590	0.999995	48.117947	34.882835	1.677239	1.269161	0.999230	1.230733	0.000369	1.269146	0.999229	1.230792	0.000287	1.230839	0.000049	1.230807	0.000049	1.230902	0.000049	1.235021	0.000113	
1350074285.284481	1.000017	715781990.741928	715799849.749141	715769739.101283	0.999991	1.000220	0.999989	1.000225	0.999998	1.000220	0.999991	1.000221	0.999991	1.000224	0.999993	1.000218	0.999991	1.000224	0.999991	1.000221	1350074285.284596	1.000006	715760103.512689	715760720.881567	715793059.940719	0.999991	1.000221	0.999988	1.000224	3.892987	0.256928	0.999991	1.000221	0.999991	1.000224	0.999993	1.000219	0.999990	1.000223	0.999991	1.000222	
1350074286.284555	1.000074	0.000000	0.000000	0.000000	-nan	-nan	-nan	-nan	0.000000	inf	-nan	-nan	-nan	0.000000	-nan	-nan	-nan	-nan	-nan	-nan	1350074286.284632	1.000036	0.000000	0.000000	0.000000	-nan	-nan	-nan	-nan	0.000000	inf	-nan	-nan	-nan	-nan	-nan	-nan	-nan	-nan	-nan	-nan	
