ts_0	elapsed_0	pkg_0	pp0_0	dram_0	freq_ratio_0_0	c0_ratio_0_0	freq_ratio_0_1	c0_ratio_0_1	freq_ratio_0_2	c0_ratio_0_2	freq_ratio_0_3	c0_ratio_0_3	freq_ratio_0_4	c0_ratio_0_4	freq_ratio_0_5	c0_ratio_0_5	freq_ratio_0_6	c0_ratio_0_6	freq_ratio_0_7	c0_ratio_0_7	ts_1	elapsed_1	pkg_1	pp0_1	dram_1	freq_ratio_1_0	c0_ratio_1_0	freq_ratio_1_1	c0_ratio_1_1	freq_ratio_1_2	c0_ratio_1_2	freq_ratio_1_3	c0_ratio_1_3	freq_ratio_1_4	c0_ratio_1_4	freq_ratio_1_5	c0_ratio_1_5	freq_ratio_1_6	c0_ratio_1_6	freq_ratio_1_7	c0_ratio_1_7	
1350074259.305017	1.000365	63.993990	50.629346	3.799227	1.230541	0.997925	1.192047	0.000903	1.230541	0.997914	1.191987	0.000341	1.230541	0.997912	1.192286	0.000231	1.230541	0.997911	1.192350	0.000309	1350074259.305142	1.000345	47.337566	34.134449	1.588167	1.268567	0.994340	1.230887	0.004341	1.268566	0.994333	1.231312	0.000330	1.233521	0.000019	1.233175	0.000010	1.222967	0.000060	1.230899	0.000108	
1350074260.305014	0.999997	64.121552	50.786412	3.793713	1.230657	0.998814	1.192315	0.000279	1.230657	0.998812	1.192322	0.000226	1.230657	0.998811	1.191839	0.000266	1.230656	0.998811	1.191868	0.000261	1350074260.305151	1.000009	47.432798	34.219188	1.582597	1.268994	0.997810	1.230901	0.001558	1.268994	0.997809	1.230753	0.000350	1.230612	0.000083	1.230478	0.000072	1.245460	0.000034	1.222862	0.000071	
1350074261.305014	1.000000	64.116135	50.787643	3.797272	1.230673	0.998966	1.192185	0.000290	1.230672	0.998966	1.192295	0.000186	1.230672	0.998965	1.192222	0.000187	1.230673	0.998965	1.192283	0.000185	1350074261.305141	0.999990	47.444979	34.227058	1.582245	1.268603	0.993934	1.230642	0.004397	1.268602	0.993939	1.229907	0.000279	1.208723	0.000011	1.211060	0.000011	1.230146	0.000041	1.256452	0.000019	
1350074262.305014	1.000000	64.275360	50.931549	3.801422	1.230667	0.998902	1.192368	0.000225	1.230667	0.998897	1.192196	0.000228	1.230667	0.998897	1.192446	0.000222	1.230667	0.998896	1.192459	0.000217	1350074262.305145	1.000004	47.464636	34.249800	1.586435	1.269082	0.998520	1.230146	0.000860	1.269082	0.998519	1.231552	0.000307	1.235908	0.000043	1.235545	0.000044	1.230629	0.000018	1.231107	0.000154	
1350074263.305014	1.000000	64.297440	50.951035	3.797348	1.230647	0.998750	1.192698	0.000545	1.230647	0.998749	1.192344	0.000187	1.230647	0.998748	1.192314	0.000186	1.230647	0.998748	1.192277	0.000184	1350074263.305141	0.999996	47.446008	34.229494	1.589133	1.268432	0.993545	1.230889	0.004719	1.268432	0.993531	1.230756	0.000257	1.232009	0.000011	1.231567	0.000017	1.231331	0.000049	1.223017	0.000017	
1350074264.305014	1.000000	64.327805	50.978180	3.801208	1.230570	0.998726	1.192201	0.002064	1.230570	0.998717	1.192504	0.000226	1.230570	0.998716	1.192302	0.000238	1.230570	0.998716	1.192394	0.000218	1350074264.305148	1.000007	47.478691	34.260460	1.582585	1.269005	0.998330	1.230232	0.001163	1.269005	0.998325	1.230783	0.000329	1.229826	0.000055	1.229608	0.000052	1.225474	0.000011	1.231453	0.000155	
1350074265.305014	1.000000	64.375534	51.025635	3.805527	1.230673	0.998979	1.191230	0.000241	1.230673	0.998990	1.192182	0.000186	1.230672	0.998989	1.192373	0.000274	1.230672	0.998988	1.192226	0.000180	1350074265.305138	0.999990	47.465243	34.247596	1.578583	1.269080	0.998437	1.231050	0.001028	1.269080	0.998434	1.229807	0.000263	1.214749	0.000011	1.215667	0.000011	1.231643	0.000048	1.230653	0.000010	
1350074266.305014	1.000000	64.352768	51.002655	3.808716	1.230457	0.997591	1.192529	0.001224	1.230457	0.997574	1.192408	0.000252	1.230457	0.997572	1.192288	0.000278	1.230457	0.997570	1.192308	0.000227	1350074266.305142	1.000004	47.406134	34.204787	1.578714	1.268368	0.993522	1.230609	0.004507	1.268383	0.993514	1.231651	0.000288	1.236607	0.000040	1.235565	0.000043	1.228495	0.000017	1.231078	0.000150	
1350074267.305014	1.000000	64.301468	50.950134	3.813034	1.229874	0.991871	1.192284	0.003767	1.229874	0.991866	1.192323	0.000163	1.229874	0.991860	1.192363	0.002095	1.229874	0.991858	1.192290	0.000176	1350074267.305145	1.000003	47.467199	34.251923	1.586299	1.269180	0.999359	1.233200	0.000348	1.269164	0.999358	1.231691	0.000220	1.213361	0.000011	1.231780	0.000012	1.231868	0.000051	1.210925	0.000011	
1350074268.305014	1.000000	64.371765	51.019745	3.809097	1.230348	0.996081	1.191444	0.000546	1.230348	0.996078	1.189700	0.000236	1.230348	0.996076	1.192096	0.002105	1.230348	0.996074	1.190420	0.000243	1350074268.305141	0.999996	47.471948	34.256731	1.579932	1.269124	0.998953	1.230060	0.000386	1.269124	0.998948	1.230405	0.000552	1.231419	0.000050	1.230692	0.000051	1.229126	0.000018	1.234629	0.000051	
1350074269.305015	1.000001	64.612365	51.257703	3.792629	1.224370	0.999065	1.159803	0.003512	1.224371	0.999076	1.158827	0.003490	1.224371	0.999076	1.155973	0.002943	1.224371	0.999075	1.155972	0.002843	1350074269.305122	0.999981	47.566169	34.347426	1.582931	1.268602	0.999072	1.170330	0.002769	1.268602	0.999074	1.165332	0.002581	1.156477	0.002116	1.159403	0.002215	1.156858	0.001976	1.161958	0.002147	
1350074270.305014	0.999999	64.344071	51.005771	3.797367	1.230647	0.998694	1.188118	0.000234	1.230647	0.998681	1.192311	0.000295	1.230647	0.998680	1.193122	0.000205	1.230647	0.998679	1.192780	0.000245	1350074270.305140	1.000018	47.470770	34.255033	1.584093	1.269154	0.999261	1.231347	0.000365	1.269154	0.999274	1.231166	0.000229	1.230302	0.000056	1.230559	0.000100	1.229794	0.000007	1.229887	0.000049	
1350074271.305014	1.000000	64.404236	51.050659	3.797729	1.230670	0.998967	1.192327	0.000232	1.230670	0.998966	1.192406	0.000240	1.230670	0.998966	1.192262	0.000204	1.230670	0.998965	1.192307	0.000179	1350074271.305142	1.000002	47.186357	33.966991	1.585461	1.269165	0.999360	1.230266	0.000345	1.269164	0.999360	1.230760	0.000177	1.231198	0.000011	1.229863	0.000011	1.221493	0.000052	1.234893	0.000010	
1350074272.305014	1.000000	64.150284	50.793030	3.797256	1.230033	0.993513	1.191890	0.000350	1.230034	0.993507	1.190548	0.000247	1.230034	0.993505	1.191629	0.000208	1.230034	0.993500	1.192246	0.004048	1350074272.305140	0.999998	47.181715	33.959431	1.749103	1.269139	0.999187	1.229451	0.000339	1.269139	0.999186	1.230783	0.000316	1.231025	0.000081	1.230764	0.000080	1.244761	0.000035	1.224518	0.000090	
1350074273.305014	1.000000	64.422852	51.060059	3.801163	1.230647	0.998747	1.192286	0.000482	1.230647	0.998747	1.192350	0.000223	1.230647	0.998746	1.192326	0.000180	1.230647	0.998746	1.192447	0.000179	1350074273.305139	0.999999	47.470840	34.251406	1.588792	1.269163	0.999370	1.232048	0.000333	1.269163	0.999356	1.230727	0.000235	1.231264	0.000018	1.230669	0.000017	1.230390	0.000060	1.252560	0.000026	
1350074274.305014	1.000000	64.384018	51.022552	3.805115	1.230073	0.994725	1.192273	0.003719	1.230073	0.994720	1.192352	0.001283	1.230073	0.994717	1.192276	0.000215	1.230073	0.994713	1.192283	0.000325	1350074274.305140	1.000001	47.459397	34.239836	1.590147	1.269140	0.999165	1.228839	0.000381	1.269133	0.999165	1.230805	0.000299	1.230620	0.000054	1.228264	0.000052	1.230603	0.000017	1.230758	0.000181	
1350074275.305014	1.000000	64.376083	51.014526	3.804947	1.230192	0.995284	1.192153	0.000199	1.230192	0.995282	1.192334	0.003165	1.230192	0.995278	1.192076	0.000177	1.230192	0.995275	1.192420	0.000160	1350074275.305135	0.999995	47.434442	34.214985	1.584618	1.269162	0.999336	1.233366	0.000344	1.269169	0.999336	1.229594	0.000215	1.210806	0.000011	1.224185	0.000011	1.225182	0.000057	1.210596	0.000011	
1350074276.305014	1.000000	64.359833	50.999924	3.805130	1.230400	0.995938	1.192337	0.000183	1.230400	0.995938	1.192344	0.002550	1.230400	0.995933	1.192469	0.000213	1.230400	0.995930	1.192331	0.000242	1350074276.305142	1.000007	47.448830	34.231087	1.583806	1.269077	0.998433	1.230032	0.001004	1.269077	0.998432	1.231606	0.000295	1.234899	0.000051	1.235134	0.000051	1.261932	0.000011	1.234911	0.000052	
1350074277.305014	1.000000	64.360153	50.997849	3.809311	1.230309	0.995238	1.192386	0.000208	1.230309	0.995234	1.192339	0.003150	1.230309	0.995232	1.192313	0.000162	1.230309	0.995230	1.192167	0.000176	1350074277.305137	0.999995	47.465310	34.249149	1.580529	1.269163	0.999335	1.232395	0.000336	1.269162	0.999333	1.230648	0.000239	1.213849	0.000011	1.228898	0.000018	1.225849	0.000046	1.211083	0.000011	
1350074278.305014	1.000000	64.351395	50.983948	3.820648	1.230047	0.992842	1.192347	0.002830	1.230047	0.992837	1.192383	0.002687	1.230047	0.992834	1.192314	0.000248	1.230047	0.992829	1.192533	0.000209	1350074278.305192	1.000055	47.460277	34.241431	1.590504	1.269151	0.999252	1.231062	0.000381	1.269151	0.999251	1.230824	0.000329	1.235529	0.000038	1.230785	0.000044	1.243787	0.000018	1.235776	0.000044	
1350074279.305014	1.000000	64.336761	50.969513	3.801208	1.229964	0.992608	1.192429	0.004573	1.229964	0.992602	1.192130	0.000855	1.229964	0.992599	1.192421	0.000177	1.229964	0.992593	1.192495	0.000175	1350074279.305141	0.999949	47.462138	34.243004	1.590703	1.269152	0.999294	1.230366	0.000374	1.269152	0.999294	1.230688	0.000280	1.231442	0.000011	1.232905	0.000011	1.230582	0.000045	1.230742	0.000104	
1350074280.305014	1.000000	64.281937	50.923538	3.805771	1.230094	0.994000	1.188776	0.000207	1.230094	0.993995	1.192346	0.004181	1.230094	0.993992	1.192272	0.000193	1.230094	0.993987	1.192246	0.000209	1350074280.305146	1.000005	47.445075	34.224728	1.587227	1.269141	0.999292	1.230095	0.000368	1.269156	0.999292	1.230861	0.000284	1.230893	0.000050	1.230586	0.000037	1.232835	0.000011	1.229641	0.000042	
1350074281.305014	1.000000	64.364044	50.996719	3.801208	1.230173	0.995100	1.192645	0.000409	1.230173	0.995096	1.192339	0.003184	1.230174	0.995094	1.192320	0.000178	1.230174	0.995090	1.192374	0.000190	1350074281.305140	0.999994	47.454064	34.235983	1.597513	1.269176	0.999338	1.231940	0.000358	1.269162	0.999337	1.230186	0.000235	1.210994	0.000011	1.208517	0.000011	1.226329	0.000058	1.214042	0.000011	
1350074282.305014	1.000000	64.409225	51.042664	3.797333	1.230669	0.998924	1.192591	0.000198	1.230669	0.998923	1.192300	0.000251	1.230669	0.998923	1.193031	0.000218	1.230669	0.998922	1.192824	0.000213	1350074282.305143	1.000003	47.428869	34.208665	1.590342	1.268640	0.993905	1.230540	0.004392	1.268640	0.993899	1.233142	0.000279	1.234861	0.000050	1.235381	0.000050	1.252478	0.000011	1.234019	0.000055	
1350074283.305014	1.000000	64.417465	51.047989	3.797363	1.230642	0.998679	1.192063	0.000220	1.230642	0.998678	1.192673	0.000550	1.230642	0.998677	1.192353	0.000181	1.230642	0.998676	1.192363	0.000186	1350074283.305136	0.999993	47.447868	34.231468	1.579097	1.268883	0.996672	1.230970	0.002371	1.268883	0.996673	1.227648	0.000249	1.219311	0.000018	1.213852	0.000018	1.218291	0.000041	1.232625	0.000017	
1350074284.305020	1.000006	64.428907	51.057908	3.805260	1.230568	0.998680	1.192349	0.001820	1.230568	0.998680	1.191543	0.000243	1.230567	0.998678	1.191731	0.000244	1.230567	0.998678	1.191901	0.000238	1350074284.305153	1.000017	47.406088	34.201127	1.584400	1.269024	0.998226	1.230224	0.001101	1.269023	0.998219	1.231553	0.000317	1.233002	0.000072	1.234436	0.000072	1.245828	0.000033	1.227382	0.000168	
1350074285.305016	0.999996	715801367.467640	715828364.869757	715796327.992258	0.999988	1.000206	0.999986	1.000209	0.999996	1.000206	0.999988	1.000205	0.999988	1.000208	0.999991	1.000204	0.999988	1.000208	0.999988	1.000206	1350074285.305120	0.999967	715826952.643610	715847648.920593	715792315.654825	0.999988	1.000205	0.999986	1.000208	3.893148	0.256913	0.999988	1.000206	0.999988	1.000208	0.999991	1.000204	0.999988	1.000209	0.999988	1.000207	
1350074286.305015	0.999999	0.000000	0.000000	0.000000	-nan	-nan	-nan	-nan	8.000000	inf	-nan	-nan	-nan	0.000000	-nan	-nan	-nan	-nan	-nan	-nan	1350074286.305086	0.999966	0.000000	0.000000	0.000000	-nan	-nan	-nan	-nan	0.000000	inf	-nan	-nan	-nan	-nan	-nan	-nan	-nan	-nan	-nan	-nan	
