ts_0	elapsed_0	pkg_0	pp0_0	dram_0	freq_ratio_0_0	c0_ratio_0_0	freq_ratio_0_1	c0_ratio_0_1	freq_ratio_0_2	c0_ratio_0_2	freq_ratio_0_3	c0_ratio_0_3	freq_ratio_0_4	c0_ratio_0_4	freq_ratio_0_5	c0_ratio_0_5	freq_ratio_0_6	c0_ratio_0_6	freq_ratio_0_7	c0_ratio_0_7	ts_1	elapsed_1	pkg_1	pp0_1	dram_1	freq_ratio_1_0	c0_ratio_1_0	freq_ratio_1_1	c0_ratio_1_1	freq_ratio_1_2	c0_ratio_1_2	freq_ratio_1_3	c0_ratio_1_3	freq_ratio_1_4	c0_ratio_1_4	freq_ratio_1_5	c0_ratio_1_5	freq_ratio_1_6	c0_ratio_1_6	freq_ratio_1_7	c0_ratio_1_7	
1350073539.024999	1.000098	92.776172	79.653419	6.120708	1.153846	1.000000	1.153846	1.000000	1.153846	1.000000	1.153846	1.000000	1.153846	1.000000	1.153846	1.000000	1.153846	1.000000	1.153846	1.000000	1350073539.025030	1.000087	91.038525	77.867064	2.788255	1.153846	1.000000	1.153846	1.000000	1.153846	1.000000	1.153846	1.000000	1.153846	1.000000	1.153846	1.000000	1.153846	1.000000	1.153846	1.000000	
1350073540.024989	0.999990	93.118501	80.008156	6.115296	1.153846	1.000000	1.153846	1.000000	1.153846	1.000000	1.153846	1.000000	1.153846	1.000000	1.153846	1.000000	1.153846	1.000000	1.153846	1.000000	1350073540.025017	0.999987	91.097554	77.915923	2.706731	1.153846	1.000000	1.153846	1.000000	1.153846	1.000000	1.153840	1.000000	1.153847	1.000000	1.153846	1.000000	1.153846	1.000000	1.153846	1.000000	
1350073541.024989	1.000000	93.266556	80.153412	6.133652	1.153846	1.000000	1.153846	1.000000	1.153846	1.000000	1.153846	1.000000	1.153846	1.000000	1.153846	1.000000	1.153846	1.000000	1.153846	1.000000	1350073541.025019	1.000002	91.372247	78.171085	2.719340	1.153846	1.000000	1.153846	1.000000	1.153846	0.999995	1.153853	1.000000	1.153846	1.000000	1.153846	1.000000	1.153846	1.000000	1.153846	1.000000	
1350073542.024989	1.000000	93.342163	80.228867	6.121399	1.153846	1.000000	1.153846	1.000000	1.153846	1.000000	1.153846	1.000000	1.153846	1.000000	1.153846	1.000000	1.153846	1.000000	1.153846	1.000000	1350073542.025016	0.999997	91.519861	78.310927	2.712441	1.153846	1.000000	1.153846	1.000000	1.153840	1.000005	1.153846	1.000000	1.153846	1.000000	1.153846	1.000000	1.153846	1.000000	1.153846	1.000000	
1350073543.024996	1.000007	93.493754	80.376474	6.127521	1.153846	1.000000	1.153846	1.000000	1.153846	1.000000	1.153846	1.000000	1.153846	1.000000	1.153846	1.000000	1.153846	1.000000	1.153846	1.000000	1350073543.025031	1.000015	91.770045	78.539638	2.701559	1.153846	1.000000	1.153846	1.000000	1.153853	1.000000	1.153846	1.000000	1.153846	1.000000	1.153846	1.000000	1.153846	1.000000	1.153846	1.000000	
1350073544.024988	0.999992	93.634624	80.516293	6.115284	1.153846	1.000000	1.153846	1.000000	1.153846	1.000000	1.153846	1.000000	1.153846	1.000000	1.153846	1.000000	1.153846	1.000000	1.153846	1.000000	1350073544.025016	0.999985	91.869834	78.633749	2.718196	1.153846	1.000000	1.153846	1.000000	1.153846	1.000000	1.153846	1.000000	1.153846	1.000000	1.153846	1.000000	1.153846	1.000000	1.153846	1.000000	
1350073545.024989	1.000001	93.695071	80.574844	6.109064	1.153846	1.000000	1.153846	1.000000	1.153846	1.000000	1.153846	1.000000	1.153846	1.000000	1.153846	1.000000	1.153846	1.000000	1.153846	1.000000	1350073545.025018	1.000002	91.935738	78.695483	2.709467	1.153846	1.000000	1.153846	1.000000	1.153846	1.000000	1.153846	1.000000	1.153846	1.000000	1.153846	1.000000	1.153846	1.000000	1.153846	1.000000	
1350073546.024989	1.000000	93.748779	80.623932	6.121399	1.153846	1.000000	1.153846	1.000000	1.153846	1.000000	1.153846	1.000000	1.153846	1.000000	1.153846	1.000000	1.153846	1.000000	1.153846	1.000000	1350073546.025016	0.999998	92.054085	78.810178	2.712575	1.153846	1.000000	1.153846	1.000000	1.153840	1.000000	1.153846	1.000000	1.153846	1.000000	1.153846	1.000000	1.153846	1.000000	1.153846	1.000000	
1350073547.024989	1.000000	93.834595	80.705963	6.127563	1.153846	1.000000	1.153846	1.000000	1.153846	1.000000	1.153846	1.000000	1.153846	1.000000	1.153846	1.000000	1.153846	1.000000	1.153846	1.000000	1350073547.025017	1.000001	92.122990	78.887879	2.712034	1.153846	1.000000	1.153846	1.000000	1.153853	1.000000	1.153846	1.000000	1.153846	1.000000	1.153846	1.000000	1.153846	1.000000	1.153846	1.000000	
1350073548.024988	0.999999	93.816313	80.694886	6.109076	1.153846	1.000000	1.153846	1.000000	1.153846	1.000000	1.153846	1.000000	1.153846	1.000000	1.153846	1.000000	1.153846	1.000000	1.153846	1.000000	1350073548.025017	1.000000	92.173752	78.950562	2.706787	1.153846	1.000000	1.153846	1.000000	1.153846	1.000000	1.153846	1.000000	1.153846	1.000000	1.153846	1.000000	1.153847	1.000000	1.153846	1.000000	
1350073549.024989	1.000001	94.067232	80.924300	6.121393	1.153846	1.000000	1.153846	1.000000	1.153846	1.000000	1.153846	1.000000	1.153846	1.000000	1.153846	1.000000	1.153846	1.000000	1.153846	1.000000	1350073549.025017	1.000000	92.208435	78.988876	2.706497	1.153846	1.000000	1.153846	1.000000	1.153846	1.000000	1.153846	1.000000	1.153846	0.999994	1.153846	1.000000	1.153846	1.000000	1.153846	1.000000	
1350073550.024988	0.999999	94.168501	81.020280	6.127569	1.153846	1.000000	1.153846	1.000000	1.153846	1.000000	1.153846	1.000000	1.153846	1.000000	1.153846	1.000000	1.153846	1.000000	1.153846	1.000000	1350073550.025017	1.000000	92.260544	79.041214	2.709473	1.153846	1.000000	1.153846	1.000000	1.153846	1.000000	1.153840	1.000000	1.153846	1.000006	1.153846	1.000000	1.153846	1.000000	1.153846	1.000000	
1350073551.024989	1.000001	94.128374	80.977172	6.109064	1.153846	1.000000	1.153846	1.000000	1.153846	1.000000	1.153846	1.000000	1.153846	1.000000	1.153846	1.000000	1.153846	1.000000	1.153846	1.000000	1350073551.025018	1.000001	92.342914	79.119904	2.709470	1.153846	1.000000	1.153846	1.000000	1.153846	1.000000	1.153853	1.000000	1.153846	0.999996	1.153846	1.000000	1.153846	1.000000	1.153846	1.000000	
1350073552.024989	1.000000	94.217804	81.062088	6.090576	1.153846	1.000000	1.153846	1.000000	1.153846	1.000000	1.153846	1.000000	1.153846	1.000000	1.153846	1.000000	1.153846	1.000000	1.153846	1.000000	1350073552.025016	0.999998	92.366738	79.142287	2.715246	1.153846	1.000000	1.153846	1.000000	1.153846	1.000000	1.153846	1.000000	1.153846	1.000004	1.153846	1.000000	1.153846	1.000000	1.153846	1.000000	
1350073553.024989	1.000000	94.190109	81.027924	6.127563	1.153846	1.000000	1.153846	1.000000	1.153846	1.000000	1.153846	1.000000	1.153846	1.000000	1.153846	1.000000	1.153846	1.000000	1.153846	1.000000	1350073553.025017	1.000001	92.295749	79.070359	2.712384	1.153846	1.000000	1.153846	1.000000	1.153846	1.000000	1.153846	1.000000	1.153846	1.000000	1.153846	1.000000	1.153846	0.999994	1.153846	1.000000	
1350073554.024988	0.999999	94.281996	81.111848	6.127569	1.153846	1.000000	1.153846	1.000000	1.153846	1.000000	1.153846	1.000000	1.153846	1.000000	1.153846	1.000000	1.153846	1.000000	1.153846	1.000000	1350073554.025016	0.999999	92.404782	79.176894	2.706713	1.153846	1.000000	1.153846	1.000000	1.153846	1.000000	1.153846	1.000000	1.153846	1.000000	1.153846	1.000000	1.153846	1.000006	1.153846	1.000000	
1350073555.024989	1.000001	94.306764	81.135085	6.102899	1.153846	1.000000	1.153846	1.000000	1.153846	1.000000	1.153846	1.000000	1.153846	1.000000	1.153846	1.000000	1.153846	1.000000	1.153846	1.000000	1350073555.025017	1.000001	92.489627	79.262299	2.715070	1.153846	1.000000	1.153846	1.000000	1.153846	1.000000	1.153846	1.000000	1.153846	1.000000	1.153846	1.000000	1.153846	1.000000	1.153846	1.000000	
1350073556.024988	0.999999	94.338454	81.166169	6.127569	1.153846	1.000000	1.153846	1.000000	1.153846	1.000000	1.153846	1.000000	1.153846	1.000000	1.153846	1.000000	1.153846	1.000000	1.153846	1.000000	1350073556.025016	0.999999	92.536892	79.307235	2.706973	1.153846	1.000000	1.153846	1.000000	1.153846	1.000000	1.153846	1.000000	1.153846	1.000000	1.153846	1.000000	1.153846	1.000000	1.153846	1.000000	
1350073557.024989	1.000001	94.343553	81.167525	6.115229	1.153846	1.000000	1.153846	1.000000	1.153846	1.000000	1.153846	1.000000	1.153846	1.000000	1.153846	1.000000	1.153846	1.000000	1.153846	1.000000	1350073557.025024	1.000008	92.598843	79.364637	2.707040	1.153846	1.000000	1.153846	1.000000	1.153846	1.000000	1.153846	1.000000	1.153846	1.000000	1.153846	1.000000	1.153846	1.000000	1.153846	1.000000	
1350073558.024989	1.000000	94.361740	81.179184	6.121399	1.153846	1.000000	1.153846	1.000000	1.153846	1.000000	1.153846	1.000000	1.153846	1.000000	1.153846	1.000000	1.153846	1.000000	1.153846	1.000000	1350073558.025047	1.000023	92.611055	79.374099	2.717925	1.153846	1.000000	1.153846	1.000000	1.153846	1.000000	1.153846	1.000000	1.153846	1.000000	1.153846	1.000000	1.153846	1.000000	1.153846	1.000000	
1350073559.024989	1.000000	94.372086	81.182114	6.102905	1.153577	0.999931	1.153577	0.999931	1.153577	0.999931	1.153577	0.999931	1.153577	0.999931	1.153577	0.999931	1.153577	0.999931	1.153577	0.999930	1350073559.025018	0.999971	92.661493	79.423972	2.715472	1.153846	1.000000	1.153846	1.000000	1.153846	1.000000	1.153846	1.000000	1.153846	1.000000	1.153846	1.000000	1.153846	1.000000	1.153846	1.000000	
1350073560.024989	1.000000	94.379303	81.188751	6.121399	1.153474	0.999908	1.153474	0.999908	1.153474	0.999908	1.153474	0.999908	1.153474	0.999907	1.153474	0.999907	1.153474	0.999907	1.153474	0.999907	1350073560.025017	0.999999	92.562634	79.337127	2.712222	1.153846	1.000000	1.153846	1.000000	1.153846	1.000000	1.153846	1.000000	1.153846	1.000000	1.153846	1.000000	1.153846	1.000000	1.153846	1.000000	
1350073561.024989	1.000000	94.269196	81.086945	6.101166	1.152826	0.999747	1.152826	0.999746	1.152826	0.999746	1.152826	0.999746	1.152826	0.999746	1.152826	0.999746	1.152826	0.999745	1.152826	0.999745	1350073561.025019	1.000002	92.639426	79.400178	2.711665	1.153846	1.000000	1.153846	1.000000	1.153846	1.000000	1.153846	1.000000	1.153846	1.000000	1.153846	1.000000	1.153846	1.000000	1.153846	1.000000	
1350073562.024989	1.000000	94.380966	81.187912	6.121399	1.152451	0.999655	1.152451	0.999655	1.152451	0.999655	1.152451	0.999654	1.152451	0.999655	1.152451	0.999654	1.152451	0.999654	1.152451	0.999654	1350073562.025017	0.999998	92.713312	79.473845	2.712362	1.153846	1.000000	1.153839	1.000000	1.153846	1.000000	1.153846	1.000000	1.153846	1.000000	1.153846	1.000000	1.153846	1.000000	1.153846	1.000000	
1350073563.024989	1.000000	94.371246	81.176941	6.121399	1.152263	0.999609	1.152263	0.999609	1.152264	0.999609	1.152263	0.999608	1.152263	0.999608	1.152264	0.999608	1.152263	0.999608	1.152264	0.999607	1350073563.025018	1.000001	92.774432	79.534058	2.714917	1.153846	1.000000	1.153853	1.000000	1.153846	1.000000	1.153846	1.000000	1.153846	1.000000	1.153846	1.000000	1.153846	1.000000	1.153846	1.000000	
1350073564.024989	1.000000	94.377563	81.183365	6.127533	1.151993	0.999538	1.151993	0.999538	1.151993	0.999538	1.151993	0.999537	1.151993	0.999537	1.151993	0.999537	1.151993	0.999536	1.151993	0.999536	1350073564.025017	0.999999	92.821164	79.577621	2.709567	1.153846	1.000000	1.153846	1.000000	1.153846	1.000000	1.153846	1.000000	1.153846	1.000000	1.153846	1.000000	1.153846	1.000000	1.153846	1.000000	
1350073565.024990	1.000001	94.374879	81.177977	6.102884	1.151247	0.999355	1.151247	0.999354	1.151247	0.999353	1.151247	0.999353	1.151247	0.999352	1.151247	0.999352	1.151247	0.999351	1.151247	0.999351	1350073565.025020	1.000003	92.818270	79.572843	2.709663	1.153846	1.000000	1.153846	1.000000	1.153846	1.000000	1.153846	1.000000	1.153846	1.000000	1.153846	1.000000	1.153846	1.000000	1.153846	1.000000	
1350073566.024989	0.999999	94.379301	81.182084	6.121405	1.150992	0.999288	1.150992	0.999288	1.150992	0.999288	1.150992	0.999288	1.150992	0.999287	1.150992	0.999287	1.150992	0.999286	1.150992	0.999286	1350073566.025017	0.999997	92.835264	79.586352	2.701363	1.153846	1.000000	1.153840	1.000000	1.153846	1.000000	1.153846	1.000000	1.153846	1.000000	1.153846	1.000000	1.153846	1.000000	1.153846	1.000000	
1350073567.024997	1.000008	715788466.900329	715804988.339889	715776454.520989	0.999988	1.000202	0.999985	1.000204	0.999995	1.000200	0.999988	1.000201	0.999988	1.000203	0.999990	1.000199	0.999988	1.000203	0.999988	1.000201	1350073567.026064	1.001047	715044582.843947	715018817.161565	715059107.659461	0.999987	1.000200	0.999985	1.000203	3.893203	0.256908	0.999988	1.000201	0.999988	1.000203	0.999990	1.000199	0.999988	1.000204	0.999988	1.000202	
1350073568.024989	0.999992	0.000000	0.000000	0.000000	-nan	-nan	-nan	-nan	2588258216218.117676	inf	-nan	-nan	-nan	0.000000	-nan	-nan	-nan	-nan	-nan	-nan	1350073568.025053	0.998989	0.000000	0.000000	0.000000	-nan	-nan	-nan	-nan	1.345745	inf	-nan	-nan	-nan	-nan	-nan	-nan	-nan	-nan	-nan	-nan	
