ts_0	elapsed_0	pkg_0	pp0_0	dram_0	freq_ratio_0_0	c0_ratio_0_0	freq_ratio_0_1	c0_ratio_0_1	freq_ratio_0_2	c0_ratio_0_2	freq_ratio_0_3	c0_ratio_0_3	freq_ratio_0_4	c0_ratio_0_4	freq_ratio_0_5	c0_ratio_0_5	freq_ratio_0_6	c0_ratio_0_6	freq_ratio_0_7	c0_ratio_0_7	ts_1	elapsed_1	pkg_1	pp0_1	dram_1	freq_ratio_1_0	c0_ratio_1_0	freq_ratio_1_1	c0_ratio_1_1	freq_ratio_1_2	c0_ratio_1_2	freq_ratio_1_3	c0_ratio_1_3	freq_ratio_1_4	c0_ratio_1_4	freq_ratio_1_5	c0_ratio_1_5	freq_ratio_1_6	c0_ratio_1_6	freq_ratio_1_7	c0_ratio_1_7	
1349418014.611113	1.001172	52.592137	38.903713	0.000000	0.999996	0.950379	0.999981	0.957879	0.999940	0.950559	0.999996	0.950345	0.999996	0.934067	0.999996	0.889739	0.996635	0.001266	0.974766	0.000143	1349418014.611246	1.000388	65.371554	51.690490	0.000000	1.000001	0.952475	1.000002	0.951579	1.000001	0.951442	1.000001	0.951346	1.000001	0.950624	1.000001	0.950966	1.000001	0.950710	1.000002	0.991850	
1349418015.611121	1.000008	54.591019	40.743704	0.000000	0.999862	0.983551	0.999956	0.983314	0.999958	0.983333	1.000000	0.983159	0.999959	0.983286	0.999960	0.983352	0.999467	0.001044	1.001746	0.000016	1349418015.611270	1.000024	67.902387	54.034938	0.000000	1.000000	0.983496	1.000000	0.983163	1.000000	0.983179	1.000000	0.983191	1.000000	0.983137	1.000000	0.983167	1.000000	0.983532	1.000000	1.000000	
1349418016.611112	0.999991	53.597654	39.853816	0.000000	0.999915	0.965838	0.999952	0.965710	0.999982	0.965637	1.000000	0.965436	0.999992	0.965508	0.999983	0.965585	1.000134	0.001036	0.999224	0.000081	1349418016.611242	0.999972	66.624753	52.858790	0.000000	1.000000	0.965671	1.000000	0.965500	1.000000	0.965425	1.000000	0.965506	1.000000	0.965490	1.000000	0.965522	1.000000	0.965717	1.000000	1.000000	
1349418017.611122	1.000010	55.511666	41.571544	0.000000	1.000000	0.990259	1.000000	0.990253	0.999999	0.990268	0.999997	0.990235	0.999998	0.990221	1.000000	0.990237	1.000186	0.001923	0.988889	0.000041	1349418017.611286	1.000044	68.499603	54.527090	0.000000	1.000000	0.990241	1.000000	0.990209	1.000000	0.990239	1.000000	0.990238	1.000000	0.990208	1.000000	0.990207	1.000000	0.990259	1.000000	1.000000	
1349418018.611113	0.999991	55.506408	41.317727	0.000000	0.999942	0.952295	0.999980	0.952219	0.999982	0.952217	1.000004	0.952125	0.999982	0.952199	0.999981	0.952210	0.983645	0.001934	1.004551	0.000099	1349418018.611247	0.999961	68.829336	54.569394	0.000000	1.000000	0.952290	1.000000	0.952130	1.000000	0.952121	1.000000	0.952146	1.000000	0.952118	1.000000	0.952171	1.000000	0.952361	1.000000	1.000000	
1349418019.611112	0.999999	58.649363	44.177975	0.000000	1.000000	0.999961	1.000000	0.999945	1.000000	0.999955	1.000000	0.999922	1.000000	0.999875	1.000000	0.999951	1.000009	0.000859	1.001530	0.000030	1349418019.611245	0.999998	72.270279	57.721805	0.000000	1.000000	0.999955	1.000000	0.999789	1.000000	0.999926	1.000000	0.999881	1.000000	0.999858	1.000000	0.999815	1.000000	0.999944	1.000000	0.999991	
1349418020.611130	1.000018	58.566000	44.097264	0.000000	0.999999	0.999960	1.000000	0.999999	1.000000	0.999999	0.999996	0.999999	0.999999	0.999911	0.999998	0.999960	0.999451	0.000997	0.999598	0.000108	1349418020.611293	1.000048	72.319670	57.768167	0.000000	1.000000	1.000000	1.000000	0.999960	1.000000	1.000000	1.000000	1.000000	1.000000	0.999959	1.000000	0.999958	1.000000	0.999990	1.000000	1.000000	
1349418021.611118	0.999988	58.589199	44.114402	0.000000	0.999998	0.999981	0.999999	0.999998	1.000000	0.999999	1.000004	0.999950	1.000001	0.999854	1.000002	0.999954	0.999940	0.001223	1.000868	0.000014	1349418021.611280	0.999987	72.371814	57.816676	0.000000	1.000000	0.999991	1.000000	0.999998	1.000000	0.999991	1.000000	0.999991	1.000000	0.999991	1.000000	1.000000	1.000000	0.999954	1.000000	1.000000	
1349418022.611117	0.999999	715784677.536352	715809009.157518	715828567.388938	0.999971	1.000016	0.999970	1.000028	0.999973	1.000034	0.999970	1.000015	0.999970	1.000018	0.999975	1.000023	0.999972	1.000025	0.999971	1.000019	1349418022.611231	0.999951	715861679.720056	715838453.220982	715863043.781863	0.999972	1.000023	0.999968	1.000021	3.894261	0.256788	0.999971	1.000020	0.999971	1.000020	0.999976	1.000025	0.999973	1.000029	0.999971	1.000019	
1349418023.611261	1.000144	0.000000	0.000000	0.000000	-nan	-nan	-nan	-nan	1.000008	inf	-nan	-nan	-nan	0.000000	-nan	-nan	-nan	-nan	-nan	-nan	1349418023.611343	1.000112	0.000000	0.000000	0.000000	-nan	-nan	-nan	-nan	1.345745	inf	-nan	-nan	-nan	-nan	-nan	-nan	-nan	-nan	-nan	-nan	
