ts_0	elapsed_0	pkg_0	pp0_0	dram_0	freq_ratio_0_0	c0_ratio_0_0	freq_ratio_0_1	c0_ratio_0_1	freq_ratio_0_2	c0_ratio_0_2	freq_ratio_0_3	c0_ratio_0_3	freq_ratio_0_4	c0_ratio_0_4	freq_ratio_0_5	c0_ratio_0_5	freq_ratio_0_6	c0_ratio_0_6	freq_ratio_0_7	c0_ratio_0_7	ts_1	elapsed_1	pkg_1	pp0_1	dram_1	freq_ratio_1_0	c0_ratio_1_0	freq_ratio_1_1	c0_ratio_1_1	freq_ratio_1_2	c0_ratio_1_2	freq_ratio_1_3	c0_ratio_1_3	freq_ratio_1_4	c0_ratio_1_4	freq_ratio_1_5	c0_ratio_1_5	freq_ratio_1_6	c0_ratio_1_6	freq_ratio_1_7	c0_ratio_1_7	
1349478844.617055	1.000920	64.093572	50.310599	5.511698	1.227882	0.993919	1.227606	0.989139	1.192757	0.071473	1.227675	0.988878	1.189433	0.001456	1.227672	0.987870	1.147269	0.000097	1.180816	0.002493	1349478844.617233	1.000649	62.001663	48.285589	5.145708	1.230804	0.992997	1.230687	0.990608	1.230709	0.921756	1.154340	0.000579	1.208523	0.000112	0.957565	0.000092	1.210257	0.000102	1.230671	0.993786	
1349478845.617056	1.000001	65.244597	51.333722	5.702174	1.229897	0.994012	1.229897	0.994002	1.192434	0.003101	1.229897	0.994001	1.192381	0.002088	1.229897	0.993994	1.194397	0.000013	1.192317	0.003163	1349478845.617228	0.999995	63.875305	50.082587	5.724669	1.230522	0.997786	1.230522	0.997787	1.230522	0.997784	1.192561	0.003166	1.192575	0.000079	1.189928	0.000012	1.186310	0.000011	1.230522	0.997784	
1349478846.617053	0.999997	65.328221	51.400931	5.692370	1.229702	0.990564	1.229703	0.990549	1.192325	0.007223	1.229703	0.990547	1.191795	0.000072	1.229703	0.990529	1.182294	0.000050	1.192339	0.000239	1349478846.617232	1.000004	63.977890	50.175502	5.705177	1.230473	0.997348	1.230473	0.997348	1.230473	0.997345	1.192452	0.003695	1.191667	0.000083	1.192145	0.000047	1.192895	0.000089	1.230473	0.997347	
1349478847.617054	1.000001	65.349150	51.416730	5.720072	1.230298	0.995776	1.230298	0.995780	1.192244	0.003709	1.230296	0.995730	1.192356	0.000117	1.230297	0.995692	1.174591	0.000014	1.192269	0.000207	1349478847.617239	1.000007	64.044143	50.241367	5.733115	1.230481	0.997278	1.230479	0.997192	1.230479	0.997190	1.192318	0.003562	1.192264	0.000081	1.193846	0.000011	1.192349	0.000013	1.230481	0.997277	
1349478848.617054	1.000000	65.448990	51.509460	5.703201	1.230499	0.995942	1.230558	0.995864	1.191850	0.001173	1.230588	0.995794	1.192217	0.000079	1.230588	0.995790	1.197943	0.000077	1.192242	0.000638	1349478848.617235	0.999996	64.104874	50.295355	5.722771	1.230437	0.994850	1.230437	0.994804	1.230437	0.994832	1.192087	0.003794	1.192521	0.000125	1.192709	0.000065	1.192337	0.000088	1.230521	0.997066	
1349478849.617054	1.000000	65.445267	51.514618	5.704483	1.230518	0.997094	1.230549	0.997047	1.193519	0.000324	1.230581	0.996989	1.189610	0.000014	1.230581	0.996963	1.213357	0.000015	1.192337	0.001548	1349478849.617233	0.999998	63.978760	50.187443	5.731655	1.230486	0.996406	1.230486	0.996341	1.230486	0.996395	1.192569	0.003475	1.192343	0.000081	1.189894	0.000011	1.192472	0.000011	1.230522	0.997350	
1349478850.617054	1.000000	65.609924	51.680298	5.691528	1.230594	0.998275	1.230647	0.998196	1.191996	0.000418	1.230658	0.998052	1.192582	0.000102	1.230658	0.998049	1.192116	0.000051	1.192291	0.000731	1349478850.617232	0.999999	64.201325	50.383257	5.737570	1.230409	0.995844	1.230409	0.995798	1.230409	0.995836	1.192234	0.003749	1.192158	0.000113	1.192125	0.000051	1.192205	0.000088	1.230455	0.997076	
1349478851.617058	1.000004	715766704.973648	715794522.063005	715792692.840911	0.999990	1.000137	0.999988	1.000140	0.999991	1.000146	0.999991	1.000139	0.999991	1.000141	0.999993	1.000136	0.999991	1.000142	0.999991	1.000139	1349478851.617146	0.999914	715872519.163489	715872014.266548	715847461.545773	0.999990	1.000136	0.999988	1.000140	3.892971	0.256908	0.999991	1.000139	0.999991	1.000141	0.999993	1.000137	0.999991	1.000141	0.999991	1.000139	
1349478852.617051	0.999993	0.000000	0.000000	0.000000	-nan	-nan	-nan	-nan	0.000000	inf	-nan	-nan	-nan	0.000000	-nan	-nan	-nan	-nan	-nan	-nan	1349478852.617111	0.999965	0.000000	0.000000	0.000000	-nan	-nan	-nan	-nan	0.000000	inf	-nan	-nan	-nan	-nan	-nan	-nan	-nan	-nan	-nan	-nan	
