ts_0	elapsed_0	pkg_0	pp0_0	dram_0	freq_ratio_0_0	c0_ratio_0_0	freq_ratio_0_1	c0_ratio_0_1	freq_ratio_0_2	c0_ratio_0_2	freq_ratio_0_3	c0_ratio_0_3	freq_ratio_0_4	c0_ratio_0_4	freq_ratio_0_5	c0_ratio_0_5	freq_ratio_0_6	c0_ratio_0_6	freq_ratio_0_7	c0_ratio_0_7	ts_1	elapsed_1	pkg_1	pp0_1	dram_1	freq_ratio_1_0	c0_ratio_1_0	freq_ratio_1_1	c0_ratio_1_1	freq_ratio_1_2	c0_ratio_1_2	freq_ratio_1_3	c0_ratio_1_3	freq_ratio_1_4	c0_ratio_1_4	freq_ratio_1_5	c0_ratio_1_5	freq_ratio_1_6	c0_ratio_1_6	freq_ratio_1_7	c0_ratio_1_7	
1349478844.617243	1.000683	62.192717	48.130011	7.007969	1.223169	0.995948	1.222970	0.991562	1.191864	0.001874	1.222748	0.986803	1.222749	0.986810	1.198420	0.000034	1.191952	0.000155	1.194691	0.000100	1349478844.617432	1.000642	64.048126	50.108651	7.094566	1.230535	0.992271	1.230543	0.992050	1.230567	0.991724	1.192525	0.002512	0.743492	0.000054	1.199562	0.000268	0.839533	0.000047	1.230559	0.993016	
1349478845.617237	0.999994	63.796172	49.587439	7.826920	1.230726	0.999663	1.230726	0.999664	1.201267	0.000198	1.230727	0.999672	1.230727	0.999662	1.182510	0.000059	1.192643	0.000206	1.191880	0.000086	1349478845.617420	0.999988	65.597736	51.536732	7.854647	1.230617	0.999491	1.230617	0.999491	1.230617	0.999490	1.193095	0.000310	1.192143	0.000072	1.192304	0.002259	1.192488	0.000060	1.230617	0.999491	
1349478846.617239	1.000002	65.633206	51.415399	7.797776	1.205682	0.999291	1.205685	0.999339	1.156280	0.003395	1.205681	0.999283	1.205682	0.999250	1.155080	0.003041	1.158884	0.003426	1.154549	0.002931	1349478846.617394	0.999974	67.694920	53.647283	7.855963	1.205441	0.999340	1.205440	0.999393	1.205440	0.999368	1.155315	0.003272	1.154280	0.003023	1.158230	0.004142	1.153803	0.002977	1.205455	0.999657	
1349478847.617238	0.999999	63.908676	49.696840	7.824119	1.230721	0.999483	1.230721	0.999471	1.191260	0.000205	1.230721	0.999467	1.230721	0.999463	1.196144	0.000071	1.193474	0.000233	1.195802	0.000137	1349478847.617420	1.000026	65.619038	51.602938	7.886483	1.230595	0.998349	1.230595	0.998366	1.230595	0.998397	1.192798	0.001142	1.181382	0.000064	1.192173	0.000703	1.189358	0.000071	1.230596	0.998408	
1349478848.617249	1.000011	63.921372	49.702671	7.835424	1.230693	0.999074	1.230671	0.999103	1.191540	0.000287	1.230699	0.999068	1.230686	0.999084	1.191999	0.000009	1.189660	0.000171	1.187758	0.000049	1349478848.617425	1.000005	65.678519	51.654954	7.891745	1.230540	0.997473	1.230542	0.997487	1.230542	0.997472	1.191814	0.001529	1.210509	0.000029	1.192205	0.000152	1.211350	0.000024	1.230563	0.998074	
1349478849.617237	0.999988	63.661587	49.448221	7.845049	1.230695	0.998762	1.230673	0.998788	1.193451	0.000174	1.230705	0.998749	1.230687	0.998773	1.192688	0.000066	1.193238	0.000219	1.193923	0.000144	1349478849.617413	0.999988	65.682378	51.666204	7.862719	1.230715	0.998717	1.230713	0.998729	1.230713	0.998715	1.194930	0.000335	1.192195	0.000078	1.192305	0.000340	1.192551	0.000084	1.230738	0.999533	
1349478850.617238	1.000001	63.705689	49.474684	7.781517	1.230696	0.998714	1.230736	0.998650	1.181881	0.000243	1.230736	0.998656	1.230736	0.998653	1.186907	0.000008	1.192277	0.000168	1.192817	0.000046	1349478850.617431	1.000018	65.789061	51.758489	7.810239	1.230741	0.998755	1.230741	0.998786	1.230741	0.998783	1.192059	0.000233	1.169624	0.000006	1.192311	0.000154	1.191877	0.000006	1.230778	0.999779	
1349478851.617252	1.000014	715794362.166677	715794519.026898	715777659.532137	0.999996	1.000170	0.999993	1.000172	0.999996	1.000177	0.999996	1.000170	0.999996	1.000172	0.999999	1.000167	0.999996	1.000172	0.999996	1.000170	1349478851.617340	0.999909	715877145.242518	715852494.056181	715832943.986075	0.999996	1.000170	0.999993	1.000172	3.892615	0.256941	0.999996	1.000170	0.999996	1.000172	0.999999	1.000167	0.999996	1.000172	0.999996	1.000169	
1349478852.617421	1.000169	0.000000	0.000000	0.000000	-nan	-nan	-nan	-nan	1.000008	inf	-nan	-nan	-nan	0.000000	-nan	-nan	-nan	-nan	-nan	-nan	1349478852.617498	1.000158	0.000000	0.000000	0.000000	-nan	-nan	-nan	-nan	1.345745	inf	-nan	-nan	-nan	-nan	-nan	-nan	-nan	-nan	-nan	-nan	
