ts_0	elapsed_0	pkg_0	pp0_0	dram_0	freq_ratio_0_0	c0_ratio_0_0	freq_ratio_0_1	c0_ratio_0_1	freq_ratio_0_2	c0_ratio_0_2	freq_ratio_0_3	c0_ratio_0_3	freq_ratio_0_4	c0_ratio_0_4	freq_ratio_0_5	c0_ratio_0_5	freq_ratio_0_6	c0_ratio_0_6	freq_ratio_0_7	c0_ratio_0_7	ts_1	elapsed_1	pkg_1	pp0_1	dram_1	freq_ratio_1_0	c0_ratio_1_0	freq_ratio_1_1	c0_ratio_1_1	freq_ratio_1_2	c0_ratio_1_2	freq_ratio_1_3	c0_ratio_1_3	freq_ratio_1_4	c0_ratio_1_4	freq_ratio_1_5	c0_ratio_1_5	freq_ratio_1_6	c0_ratio_1_6	freq_ratio_1_7	c0_ratio_1_7	
1349478218.256394	1.000540	47.846370	34.056133	6.919588	1.268914	0.995138	1.268767	0.990754	1.228564	0.002102	1.215766	0.000279	1.221640	0.000528	1.185962	0.000102	1.183421	0.000089	1.195387	0.000117	1349478218.256645	1.000581	54.797202	40.950130	7.604316	1.082261	0.991644	1.082262	0.991503	1.082222	0.991475	1.023922	0.000140	0.956457	0.000143	1.120053	0.000166	0.954703	0.000145	1.082253	0.992229	
1349478219.256391	0.999997	48.030514	34.255401	7.005820	1.268838	0.997003	1.268838	0.996973	1.230732	0.002189	1.230624	0.002036	1.211474	0.000017	1.235867	0.000013	1.229797	0.000012	1.235263	0.000012	1349478219.256625	0.999980	50.716226	36.845388	7.833302	1.012950	0.996793	1.012950	0.996789	1.012950	0.996785	1.038535	0.000040	1.019626	0.000007	1.001064	0.000054	1.022309	0.000007	1.012955	0.996789	
1349478220.256385	0.999994	48.052883	34.281271	7.041210	1.268959	0.997226	1.268959	0.997221	1.230644	0.002153	1.231067	0.000226	1.228802	0.000056	1.229572	0.000047	1.229132	0.000051	1.230980	0.000061	1349478220.256609	0.999984	50.721544	36.842157	7.865253	1.011875	0.996815	1.011875	0.996810	1.011875	0.996806	0.990693	0.000062	1.001238	0.000088	1.002055	0.000113	1.006639	0.000078	1.011870	0.996811	
1349478221.256384	0.999999	48.139542	34.352465	7.027549	1.268963	0.997160	1.268964	0.997110	1.230594	0.002154	1.229077	0.000207	1.216312	0.000022	1.232618	0.000011	1.241707	0.000012	1.223658	0.000012	1349478221.256748	1.000139	50.711640	36.836448	7.858603	1.010576	0.996614	1.010576	0.996613	1.010576	0.996619	0.998981	0.000063	1.022399	0.000015	1.020745	0.000218	1.000536	0.000017	1.010576	0.996622	
1349478222.256384	1.000000	48.173721	34.380646	7.048981	1.268953	0.997103	1.268954	0.997010	1.230475	0.002204	1.230798	0.000218	1.226512	0.000115	1.230544	0.000048	1.230150	0.000055	1.230389	0.000067	1349478222.256624	0.999876	50.724123	36.838475	7.851544	1.010358	0.996799	1.010359	0.996828	1.010359	0.996843	1.031170	0.000058	0.999768	0.000065	0.999985	0.000105	1.034261	0.000062	1.010358	0.996881	
1349478223.256385	1.000001	48.224228	34.425260	7.041940	1.268807	0.996357	1.268831	0.996277	1.230623	0.002241	1.230222	0.000436	1.231336	0.000368	1.231046	0.000070	1.236092	0.000012	1.239324	0.000012	1349478223.256610	0.999986	50.713482	36.827682	7.835498	1.010232	0.996598	1.010232	0.996576	1.010232	0.996581	1.003901	0.000031	1.030077	0.000017	1.002635	0.000052	1.001862	0.000072	1.010245	0.996895	
1349478224.256385	1.000000	48.240692	34.441757	7.055923	1.268924	0.996931	1.268923	0.997012	1.230753	0.002187	1.230570	0.000255	1.229915	0.000039	1.230670	0.000048	1.229840	0.000049	1.229817	0.000060	1349478224.256624	1.000014	50.717060	36.829499	7.873775	1.010312	0.996925	1.010312	0.996924	1.010312	0.996918	1.003682	0.000063	1.002565	0.000056	1.015907	0.000105	1.001825	0.000062	1.010307	0.996922	
1349478225.256385	1.000000	48.242798	34.443893	7.042526	1.268885	0.996964	1.268926	0.996788	1.230583	0.002164	1.180951	0.000250	1.210879	0.000020	1.228820	0.000012	1.227073	0.000012	1.232310	0.000012	1349478225.256627	1.000003	50.723079	36.835518	7.834387	1.010690	0.996771	1.010690	0.996706	1.010691	0.996853	1.027316	0.000032	0.996597	0.000013	0.999987	0.000059	1.000023	0.000016	1.010692	0.996857	
1349478226.256388	1.000003	715777650.413815	715817642.202124	715776157.747268	0.999995	1.000164	0.999992	1.000167	0.999995	1.000172	0.999995	1.000164	0.999995	1.000167	0.999997	1.000162	0.999995	1.000167	0.999995	1.000165	1349478226.256483	0.999856	715927284.858686	715921761.187991	715915461.398330	0.999994	1.000161	0.999992	1.000166	3.892692	0.256934	0.999995	1.000164	0.999995	1.000167	0.999997	1.000162	0.999995	1.000167	0.999995	1.000164	
1349478227.256375	0.999987	0.000000	0.000000	0.000000	-nan	-nan	-nan	-nan	0.000000	inf	-nan	-nan	-nan	0.000000	-nan	-nan	-nan	-nan	-nan	-nan	1349478227.256439	0.999956	0.000000	0.000000	0.000000	-nan	-nan	-nan	-nan	0.000000	inf	-nan	-nan	-nan	-nan	-nan	-nan	-nan	-nan	-nan	-nan	
1349478228.256454	1.000079	0.000000	0.000000	0.000000	-nan	-nan	-nan	-nan	0.000000	inf	-nan	-nan	-nan	0.000000	0.000000	inf	-nan	-nan	-nan	-nan	1349478228.256520	1.000081	0.000000	0.000000	0.000000	-nan	-nan	-nan	-nan	inf	-nan	-nan	-nan	-nan	-nan	-nan	-nan	-nan	-nan	-nan	-nan	
