ts_0	elapsed_0	pkg_0	pp0_0	dram_0	freq_ratio_0_0	c0_ratio_0_0	freq_ratio_0_1	c0_ratio_0_1	freq_ratio_0_2	c0_ratio_0_2	freq_ratio_0_3	c0_ratio_0_3	freq_ratio_0_4	c0_ratio_0_4	freq_ratio_0_5	c0_ratio_0_5	freq_ratio_0_6	c0_ratio_0_6	freq_ratio_0_7	c0_ratio_0_7	ts_1	elapsed_1	pkg_1	pp0_1	dram_1	freq_ratio_1_0	c0_ratio_1_0	freq_ratio_1_1	c0_ratio_1_1	freq_ratio_1_2	c0_ratio_1_2	freq_ratio_1_3	c0_ratio_1_3	freq_ratio_1_4	c0_ratio_1_4	freq_ratio_1_5	c0_ratio_1_5	freq_ratio_1_6	c0_ratio_1_6	freq_ratio_1_7	c0_ratio_1_7	
1350070550.888846	1.000100	59.836247	46.616376	6.120513	0.859472	0.998554	0.859472	0.998552	0.859468	0.998587	0.859470	0.998550	0.859469	0.998548	0.859467	0.998548	0.859466	0.998547	0.859465	0.998546	1350070550.888894	1.000106	59.726116	46.556355	3.189557	0.869795	0.996932	0.869793	0.996932	0.869792	0.996928	0.869790	0.996926	0.869789	0.996924	0.869787	0.996922	0.869786	0.996921	0.869784	0.996920	
1350070551.888836	0.999990	50.845755	37.615840	6.121384	0.769611	0.999598	0.769611	0.999597	0.769611	0.999597	0.769611	0.999596	0.769611	0.999596	0.769611	0.999596	0.769611	0.999596	0.769611	0.999595	1350070551.888880	0.999986	50.836271	37.654659	2.719444	0.779193	0.996100	0.779193	0.996098	0.779193	0.996098	0.779193	0.996095	0.779192	0.996092	0.779192	0.996088	0.779192	0.996085	0.779192	0.996081	
1350070552.888836	1.000000	50.844925	37.610611	6.121399	0.768978	0.999680	0.768978	0.999680	0.768978	0.999680	0.768978	0.999680	0.768978	0.999679	0.768978	0.999679	0.768978	0.999679	0.768978	0.999679	1350070552.888881	1.000001	50.836408	37.651560	2.742597	0.778722	0.996140	0.778718	0.996138	0.778722	0.996138	0.778722	0.996134	0.778722	0.996133	0.778722	0.996130	0.778722	0.996129	0.778722	0.996126	
1350070553.888835	0.999999	50.848315	37.606557	6.121405	0.766816	0.998396	0.766816	0.998394	0.766816	0.998393	0.766816	0.998392	0.766816	0.998392	0.766816	0.998391	0.766816	0.998390	0.766816	0.998389	1350070553.888878	0.999997	50.835805	37.644831	2.709756	0.778371	0.996253	0.778375	0.996250	0.778372	0.996248	0.778372	0.996245	0.778373	0.996243	0.778373	0.996243	0.778373	0.996242	0.778373	0.996239	
1350070554.888835	1.000000	50.847961	37.605881	6.109070	0.766033	0.997963	0.766034	0.997962	0.766034	0.997961	0.766033	0.997959	0.766033	0.997959	0.766034	0.997957	0.766034	0.997955	0.766033	0.997954	1350070554.888880	1.000002	50.838450	37.641484	2.703181	0.778894	0.996034	0.778894	0.996031	0.778894	0.996028	0.778893	0.996026	0.778893	0.996022	0.778893	0.996020	0.778892	0.996020	0.778892	0.996017	
1350070555.888835	1.000000	50.846115	37.599426	6.121399	0.765870	0.997866	0.765870	0.997864	0.765870	0.997862	0.765870	0.997861	0.765870	0.997859	0.765870	0.997857	0.765870	0.997856	0.765870	0.997855	1350070555.888878	0.999998	50.834798	37.636302	2.696599	0.779180	0.996141	0.779176	0.996138	0.779181	0.996134	0.779181	0.996133	0.779181	0.996130	0.779181	0.996129	0.779180	0.996126	0.779180	0.996123	
1350070556.888843	1.000008	50.841980	37.591034	6.102856	0.766208	0.998198	0.766208	0.998198	0.766208	0.998196	0.766208	0.998195	0.766208	0.998192	0.766208	0.998192	0.766208	0.998191	0.766208	0.998190	1350070556.888887	1.000009	50.833188	37.635737	2.710409	0.778941	0.996044	0.778945	0.996041	0.778941	0.996039	0.778941	0.996037	0.778941	0.996036	0.778941	0.996033	0.778941	0.996032	0.778941	0.996031	
1350070557.888835	0.999992	50.848252	37.597305	6.096790	0.765625	0.997876	0.765625	0.997875	0.765625	0.997873	0.765625	0.997872	0.765625	0.997870	0.765625	0.997868	0.765625	0.997867	0.765625	0.997867	1350070557.888881	0.999994	50.838224	37.643993	2.698777	0.778919	0.996045	0.778919	0.996042	0.778919	0.996041	0.778919	0.996037	0.778919	0.996033	0.778919	0.996031	0.778919	0.996030	0.778919	0.996027	
1350070558.888835	1.000000	50.847305	37.596878	6.090576	0.765306	0.997778	0.765306	0.997777	0.765306	0.997776	0.765306	0.997774	0.765306	0.997771	0.765306	0.997769	0.765306	0.997767	0.765306	0.997767	1350070558.888879	0.999998	50.833486	37.640422	2.712270	0.778784	0.996164	0.778784	0.996160	0.778784	0.996155	0.778784	0.996157	0.778784	0.996154	0.778784	0.996153	0.778784	0.996152	0.778784	0.996149	
1350070559.888835	1.000000	50.844543	37.588058	6.102905	0.765483	0.998023	0.765483	0.998021	0.765483	0.998020	0.765483	0.998018	0.765483	0.998016	0.765484	0.998017	0.765483	0.998016	0.765483	0.998014	1350070559.888879	1.000000	50.838440	37.653702	2.693436	0.778994	0.996096	0.778994	0.996095	0.778995	0.996097	0.778994	0.996088	0.778994	0.996089	0.778994	0.996088	0.778994	0.996088	0.778994	0.996084	
1350070560.888835	1.000000	50.791794	37.546967	6.102905	0.765167	0.997999	0.765167	0.997997	0.765167	0.997998	0.765167	0.997997	0.765167	0.997995	0.765167	0.997994	0.765167	0.997993	0.765167	0.997991	1350070560.888880	1.000001	50.833493	37.660639	2.701001	0.779043	0.996137	0.779043	0.996133	0.779043	0.996130	0.779043	0.996129	0.779043	0.996126	0.779043	0.996125	0.779043	0.996122	0.779043	0.996122	
1350070561.888835	1.000000	50.847076	37.590240	6.109070	0.765273	0.998015	0.765273	0.998014	0.765273	0.998012	0.765273	0.998012	0.765273	0.998011	0.765273	0.998009	0.765273	0.998007	0.765273	0.998006	1350070561.888886	1.000006	50.835543	37.665639	2.712295	0.778819	0.996160	0.778819	0.996157	0.778819	0.996156	0.778819	0.996153	0.778819	0.996152	0.778819	0.996148	0.778819	0.996146	0.778819	0.996144	
1350070562.888835	1.000000	50.845886	37.586990	6.109070	0.765542	0.998106	0.765542	0.998105	0.765542	0.998104	0.765542	0.998102	0.765542	0.998100	0.765542	0.998098	0.765542	0.998097	0.765542	0.998097	1350070562.888880	0.999994	50.784406	37.626475	2.696488	0.778829	0.996154	0.778829	0.996151	0.778829	0.996147	0.778830	0.996144	0.778829	0.996142	0.778830	0.996140	0.778830	0.996137	0.778831	0.996137	
1350070563.888835	1.000000	50.844711	37.582733	6.102905	0.765449	0.998171	0.765449	0.998169	0.765449	0.998168	0.765449	0.998166	0.765449	0.998165	0.765449	0.998162	0.765449	0.998161	0.765449	0.998160	1350070563.888878	0.999998	50.835699	37.667278	2.698934	0.778732	0.996124	0.778733	0.996121	0.778732	0.996119	0.778732	0.996115	0.778732	0.996113	0.778732	0.996111	0.778731	0.996108	0.778731	0.996107	
1350070564.888835	1.000000	50.843231	37.577789	6.109070	0.764934	0.998256	0.764934	0.998254	0.764934	0.998254	0.764934	0.998251	0.764934	0.998250	0.764934	0.998249	0.764934	0.998250	0.764934	0.998249	1350070564.888879	1.000001	50.835599	37.670176	2.701337	0.778646	0.996121	0.778646	0.996118	0.778646	0.996113	0.778646	0.996111	0.778646	0.996110	0.778646	0.996110	0.778646	0.996106	0.778646	0.996106	
1350070565.888835	1.000000	50.843903	37.580536	6.115219	0.764903	0.998174	0.764903	0.998173	0.764903	0.998171	0.764903	0.998170	0.764903	0.998169	0.764903	0.998169	0.764903	0.998168	0.764903	0.998166	1350070565.888878	0.999999	50.838794	37.673193	2.704272	0.778988	0.996163	0.778988	0.996162	0.778988	0.996158	0.778988	0.996156	0.778988	0.996154	0.778988	0.996151	0.778988	0.996151	0.778988	0.996146	
1350070566.888837	1.000002	50.846400	37.581517	6.119907	0.764975	0.998183	0.764975	0.998182	0.764975	0.998182	0.764975	0.998179	0.764975	0.998177	0.764975	0.998175	0.764975	0.998175	0.764975	0.998173	1350070566.888884	1.000006	50.833376	37.666890	2.708144	0.778771	0.996089	0.778771	0.996086	0.778771	0.996085	0.778771	0.996083	0.778772	0.996080	0.778772	0.996077	0.778772	0.996074	0.778772	0.996071	
1350070567.888835	0.999998	50.841909	37.574321	6.127575	0.764457	0.998161	0.764457	0.998158	0.764457	0.998157	0.764457	0.998156	0.764457	0.998156	0.764457	0.998155	0.764457	0.998155	0.764457	0.998155	1350070567.888879	0.999995	50.837642	37.671240	2.699034	0.778672	0.996201	0.778671	0.996199	0.778671	0.996196	0.778671	0.996195	0.778670	0.996193	0.778670	0.996191	0.778670	0.996192	0.778670	0.996185	
1350070568.888836	1.000001	50.843015	37.574198	6.109064	0.764206	0.997936	0.764207	0.997933	0.764207	0.997935	0.764207	0.997934	0.764206	0.997931	0.764206	0.997930	0.764207	0.997929	0.764207	0.997928	1350070568.888883	1.000004	50.833534	37.667267	2.706959	0.778324	0.996221	0.778325	0.996218	0.778325	0.996217	0.778325	0.996217	0.778326	0.996214	0.778325	0.996213	0.778326	0.996210	0.778326	0.996208	
1350070569.888835	0.999999	50.847079	37.578298	6.115240	0.764271	0.998072	0.764271	0.998073	0.764271	0.998068	0.764271	0.998066	0.764271	0.998065	0.764271	0.998064	0.764271	0.998064	0.764271	0.998064	1350070569.888897	1.000014	50.839022	37.671147	2.706917	0.777913	0.996226	0.777909	0.996224	0.777912	0.996221	0.777912	0.996217	0.777912	0.996216	0.777912	0.996213	0.777912	0.996211	0.777911	0.996210	
1350070570.888836	1.000001	50.842588	37.569865	6.109064	0.764021	0.997853	0.764021	0.997851	0.764021	0.997851	0.764022	0.997848	0.764021	0.997848	0.764021	0.997846	0.764021	0.997844	0.764021	0.997842	1350070570.888880	0.999983	50.829886	37.661114	2.701614	0.784042	0.996867	0.784046	0.996864	0.784043	0.996862	0.784043	0.996861	0.784043	0.996860	0.784044	0.996857	0.784044	0.996857	0.784044	0.996855	
1350070571.888835	0.999999	50.831302	37.558370	6.127569	0.782124	0.996728	0.782124	0.996725	0.782124	0.996724	0.782124	0.996720	0.782124	0.996717	0.782124	0.996715	0.782125	0.996713	0.782125	0.996713	1350070571.888879	0.999999	50.825778	37.645406	2.712588	0.807545	0.999670	0.807545	0.999670	0.807545	0.999670	0.807545	0.999669	0.807545	0.999669	0.807545	0.999669	0.807545	0.999669	0.807545	0.999669	
1350070572.888836	1.000001	50.842343	37.564051	6.090570	0.777034	0.997334	0.777034	0.997331	0.777033	0.997330	0.777033	0.997329	0.777033	0.997327	0.777033	0.997325	0.777033	0.997323	0.777033	0.997321	1350070572.888881	1.000002	50.832957	37.647404	2.724467	0.791002	0.997707	0.791002	0.997706	0.791002	0.997705	0.791002	0.997702	0.791002	0.997699	0.791002	0.997698	0.791002	0.997696	0.791001	0.997695	
1350070573.888835	0.999999	50.792285	37.530065	6.109076	0.763805	0.997817	0.763805	0.997816	0.763805	0.997813	0.763805	0.997812	0.763805	0.997810	0.763805	0.997810	0.763805	0.997808	0.763805	0.997807	1350070573.888879	0.999998	50.839498	37.661510	2.701543	0.777138	0.996124	0.777138	0.996121	0.777138	0.996119	0.777138	0.996118	0.777138	0.996115	0.777138	0.996111	0.777138	0.996109	0.777138	0.996106	
1350070574.888835	1.000000	50.845901	37.570953	6.072083	0.763675	0.997854	0.763675	0.997851	0.763675	0.997850	0.763675	0.997849	0.763675	0.997848	0.763675	0.997847	0.763675	0.997847	0.763675	0.997846	1350070574.888879	1.000000	50.836441	37.654449	2.712402	0.776968	0.996045	0.776968	0.996041	0.776964	0.996040	0.776968	0.996036	0.776968	0.996034	0.776968	0.996031	0.776968	0.996028	0.776968	0.996027	
1350070575.888835	1.000000	50.844131	37.564285	6.115234	0.763785	0.997913	0.763785	0.997911	0.763785	0.997910	0.763785	0.997908	0.763785	0.997906	0.763785	0.997906	0.763785	0.997904	0.763785	0.997902	1350070575.888878	0.999999	50.834262	37.653890	2.701220	0.776949	0.996330	0.776945	0.996328	0.776953	0.996325	0.776949	0.996322	0.776949	0.996322	0.776949	0.996320	0.776949	0.996319	0.776949	0.996317	
1350070576.888836	1.000001	50.840238	37.561640	6.102899	0.763664	0.997708	0.763664	0.997706	0.763664	0.997705	0.763664	0.997703	0.763664	0.997702	0.763664	0.997699	0.763664	0.997699	0.763664	0.997699	1350070576.888880	1.000002	50.785349	37.620778	2.707057	0.777388	0.996206	0.777392	0.996203	0.777385	0.996202	0.777389	0.996201	0.777389	0.996197	0.777389	0.996194	0.777389	0.996192	0.777389	0.996191	
1350070577.888835	0.999999	50.843478	37.567068	6.102911	0.763926	0.997875	0.763926	0.997872	0.763926	0.997871	0.763926	0.997868	0.763926	0.997867	0.763926	0.997866	0.763926	0.997865	0.763926	0.997865	1350070577.888878	0.999998	50.838155	37.659389	2.701497	0.777193	0.996280	0.777193	0.996278	0.777196	0.996275	0.777192	0.996273	0.777192	0.996271	0.777191	0.996270	0.777191	0.996269	0.777191	0.996267	
1350070578.888836	1.000001	50.845884	37.567286	6.096735	0.763148	0.997557	0.763148	0.997555	0.763148	0.997554	0.763148	0.997551	0.763148	0.997550	0.763148	0.997550	0.763148	0.997549	0.763148	0.997548	1350070578.888880	1.000002	50.835429	37.657719	2.704096	0.776793	0.996178	0.776793	0.996173	0.776794	0.996171	0.776793	0.996169	0.776794	0.996167	0.776794	0.996165	0.776795	0.996163	0.776794	0.996164	
1350070579.888835	0.999999	50.845569	37.568304	6.127569	0.763433	0.997983	0.763433	0.997981	0.763433	0.997981	0.763433	0.997978	0.763433	0.997978	0.763433	0.997977	0.763433	0.997976	0.763433	0.997975	1350070579.888879	0.999999	50.839129	37.661993	2.709658	0.776606	0.996152	0.776606	0.996150	0.776606	0.996148	0.776606	0.996146	0.776605	0.996143	0.776605	0.996143	0.776605	0.996141	0.776605	0.996139	
1350070580.888836	1.000001	50.842908	37.572047	6.127558	0.764226	0.998170	0.764226	0.998168	0.764225	0.998167	0.764225	0.998166	0.764225	0.998163	0.764225	0.998163	0.764225	0.998163	0.764225	0.998161	1350070580.888882	1.000003	50.834681	37.655630	2.715247	0.776114	0.996212	0.776114	0.996208	0.776114	0.996207	0.776115	0.996202	0.776114	0.996198	0.776114	0.996195	0.776114	0.996195	0.776114	0.996195	
1350070581.888835	0.999999	50.848681	37.582861	6.121405	0.764685	0.997791	0.764685	0.997789	0.764685	0.997789	0.764685	0.997787	0.764685	0.997786	0.764686	0.997784	0.764686	0.997784	0.764686	0.997782	1350070581.888878	0.999996	50.837486	37.660126	2.698940	0.776241	0.996165	0.776241	0.996165	0.776240	0.996162	0.776241	0.996162	0.776240	0.996159	0.776241	0.996159	0.776241	0.996157	0.776241	0.996154	
1350070582.888836	1.000001	50.844205	37.582255	6.115229	0.766334	0.998573	0.766334	0.998572	0.766333	0.998572	0.766334	0.998572	0.766333	0.998569	0.766333	0.998568	0.766333	0.998567	0.766333	0.998567	1350070582.888884	1.000006	50.835192	37.654957	2.709838	0.776367	0.996165	0.776366	0.996162	0.776367	0.996161	0.776366	0.996159	0.776367	0.996160	0.776367	0.996157	0.776366	0.996155	0.776366	0.996151	
1350070583.888835	0.999999	50.842440	37.576772	6.115240	0.764959	0.998139	0.764960	0.998136	0.764960	0.998135	0.764960	0.998135	0.764960	0.998135	0.764960	0.998132	0.764960	0.998131	0.764961	0.998130	1350070583.888878	0.999994	50.838041	37.656841	2.709763	0.776735	0.996267	0.776735	0.996263	0.776735	0.996261	0.776735	0.996259	0.776735	0.996257	0.776735	0.996256	0.776735	0.996254	0.776735	0.996250	
1350070584.888836	1.000001	50.847531	37.586863	6.109064	0.766547	0.998548	0.766547	0.998547	0.766546	0.998546	0.766546	0.998546	0.766546	0.998544	0.766546	0.998544	0.766546	0.998544	0.766546	0.998542	1350070584.888885	1.000007	50.834533	37.652221	2.696103	0.776201	0.996158	0.776201	0.996157	0.776201	0.996155	0.776201	0.996152	0.776201	0.996150	0.776201	0.996146	0.776200	0.996146	0.776200	0.996142	
1350070585.888836	1.000000	50.790680	37.546768	6.121323	0.767542	0.999148	0.767543	0.999148	0.767543	0.999148	0.767543	0.999147	0.767543	0.999147	0.767542	0.999146	0.767543	0.999146	0.767543	0.999146	1350070585.888883	0.999998	50.837438	37.656398	2.704214	0.776471	0.996296	0.776471	0.996293	0.776471	0.996290	0.776471	0.996287	0.776472	0.996287	0.776472	0.996285	0.776472	0.996285	0.776472	0.996282	
1350070586.888835	0.999999	50.844180	37.588659	6.127569	0.768199	0.999278	0.768199	0.999278	0.768199	0.999277	0.768200	0.999277	0.768200	0.999276	0.768200	0.999276	0.768200	0.999275	0.768200	0.999275	1350070586.888880	0.999997	50.835973	37.650629	2.704415	0.776428	0.996319	0.776428	0.996318	0.776427	0.996316	0.776427	0.996315	0.776427	0.996312	0.776426	0.996309	0.776427	0.996307	0.776426	0.996305	
1350070587.888835	1.000000	50.843918	37.590836	6.115234	0.769246	0.999621	0.769246	0.999620	0.769246	0.999620	0.769246	0.999620	0.769246	0.999620	0.769246	0.999619	0.769246	0.999620	0.769246	0.999619	1350070587.888878	0.999998	50.839971	37.651775	2.695913	0.775948	0.996122	0.775948	0.996117	0.775948	0.996116	0.775948	0.996114	0.775947	0.996114	0.775948	0.996110	0.775948	0.996107	0.775947	0.996105	
1350070588.888835	1.000000	50.840729	37.584763	6.090576	0.767628	0.999039	0.767628	0.999039	0.767628	0.999040	0.767628	0.999038	0.767628	0.999038	0.767628	0.999036	0.767628	0.999037	0.767628	0.999036	1350070588.888879	1.000001	50.834165	37.648295	2.693418	0.775548	0.996314	0.775548	0.996312	0.775548	0.996310	0.775548	0.996307	0.775548	0.996305	0.775548	0.996303	0.775548	0.996302	0.775548	0.996298	
1350070589.888835	1.000000	50.841736	37.587830	6.121399	0.768904	0.999504	0.768904	0.999504	0.768904	0.999503	0.768904	0.999503	0.768904	0.999502	0.768904	0.999502	0.768904	0.999502	0.768904	0.999501	1350070589.888878	0.999999	50.837909	37.651220	2.706866	0.776040	0.996370	0.776040	0.996367	0.776040	0.996367	0.776040	0.996365	0.776040	0.996362	0.776040	0.996361	0.776040	0.996359	0.776040	0.996357	
1350070590.888835	1.000000	50.845230	37.591980	6.127563	0.769504	0.999716	0.769504	0.999716	0.769504	0.999716	0.769504	0.999716	0.769504	0.999716	0.769504	0.999716	0.769504	0.999716	0.769504	0.999715	1350070590.888880	1.000002	50.788355	37.615117	2.701533	0.776206	0.996338	0.776206	0.996334	0.776206	0.996329	0.776206	0.996328	0.776206	0.996324	0.776206	0.996323	0.776206	0.996322	0.776206	0.996319	
1350070591.888836	1.000001	50.844693	37.587885	6.101801	0.768908	0.999656	0.768908	0.999656	0.768908	0.999656	0.768908	0.999656	0.768908	0.999656	0.768908	0.999655	0.768908	0.999656	0.768908	0.999655	1350070591.888882	1.000002	50.833231	37.647893	2.698512	0.776410	0.996223	0.776410	0.996215	0.776410	0.996218	0.776410	0.996217	0.776410	0.996215	0.776410	0.996212	0.776410	0.996210	0.776410	0.996208	
1350070592.888836	1.000000	50.843704	37.588974	6.102905	0.769143	0.999737	0.769143	0.999737	0.769143	0.999737	0.769143	0.999737	0.769143	0.999737	0.769143	0.999736	0.769143	0.999736	0.769143	0.999736	1350070592.888880	0.999998	50.838049	37.649013	2.712423	0.776228	0.996162	0.776224	0.996165	0.776228	0.996157	0.776228	0.996155	0.776228	0.996153	0.776228	0.996150	0.776228	0.996148	0.776228	0.996146	
1350070593.888836	1.000000	50.840454	37.584488	6.115234	0.771263	0.999469	0.771263	0.999468	0.771263	0.999468	0.771263	0.999468	0.771263	0.999468	0.771263	0.999467	0.771263	0.999467	0.771263	0.999466	1350070593.888880	1.000000	50.830566	37.639771	2.704376	0.791980	0.997733	0.791980	0.997731	0.791981	0.997729	0.791981	0.997727	0.791981	0.997726	0.791982	0.997725	0.791982	0.997723	0.791982	0.997721	
1350070594.888844	1.000008	715772376.955761	715791156.233555	715784623.413922	0.999987	1.000195	0.999984	1.000199	0.999987	1.000204	0.999987	1.000196	0.999987	1.000199	0.999990	1.000194	0.999987	1.000199	0.999987	1.000197	1350070594.890332	1.001452	714779918.659120	714768175.372028	714726732.741768	0.999987	1.000196	0.999984	1.000198	3.893240	0.256904	0.999987	1.000197	0.999987	1.000199	0.999990	1.000194	0.999987	1.000199	0.999987	1.000197	
1350070595.888835	0.999991	0.000000	0.000000	0.000000	-nan	-nan	-nan	-nan	1.000008	inf	-nan	-nan	-nan	0.000000	-nan	-nan	-nan	-nan	-nan	-nan	1350070595.888907	0.998575	0.000000	0.000000	0.000000	-nan	-nan	-nan	-nan	1.345745	inf	-nan	-nan	-nan	-nan	-nan	-nan	-nan	-nan	-nan	-nan	
1350070596.888859	1.000024	0.000000	0.000000	0.000000	-nan	-nan	-nan	-nan	0.000000	inf	-nan	-nan	-nan	0.000000	-nan	-nan	-nan	-nan	-nan	-nan	1350070596.888943	1.000036	0.000000	0.000000	0.000000	-nan	-nan	-nan	-nan	-nan	-nan	-nan	-nan	-nan	-nan	-nan	-nan	-nan	-nan	-nan	-nan	
