ts_0	elapsed_0	pkg_0	pp0_0	dram_0	freq_ratio_0_0	c0_ratio_0_0	freq_ratio_0_1	c0_ratio_0_1	freq_ratio_0_2	c0_ratio_0_2	freq_ratio_0_3	c0_ratio_0_3	freq_ratio_0_4	c0_ratio_0_4	freq_ratio_0_5	c0_ratio_0_5	freq_ratio_0_6	c0_ratio_0_6	freq_ratio_0_7	c0_ratio_0_7	ts_1	elapsed_1	pkg_1	pp0_1	dram_1	freq_ratio_1_0	c0_ratio_1_0	freq_ratio_1_1	c0_ratio_1_1	freq_ratio_1_2	c0_ratio_1_2	freq_ratio_1_3	c0_ratio_1_3	freq_ratio_1_4	c0_ratio_1_4	freq_ratio_1_5	c0_ratio_1_5	freq_ratio_1_6	c0_ratio_1_6	freq_ratio_1_7	c0_ratio_1_7	
1350068745.446170	1.000278	83.798573	70.464359	6.119682	1.153846	0.697184	1.153836	0.004711	1.165185	0.998090	1.165185	0.998090	1.165185	0.998090	1.165186	0.998087	1.165185	0.998086	1.165184	0.998084	1350068745.446288	1.000303	73.587732	60.538006	3.703742	1.192243	0.999302	1.192243	0.999301	1.192243	0.999300	1.192243	0.999300	1.192124	0.305951	1.192243	0.999298	1.166159	0.000866	1.169874	0.000061	
1350068746.446162	0.999992	80.684751	67.351834	6.133808	1.152305	0.000201	1.153723	0.005399	1.191350	0.993563	1.191350	0.993557	1.191351	0.993554	1.191349	0.993550	1.191350	0.993533	1.191351	0.993527	1350068746.446298	1.000010	79.808222	66.731189	3.742196	1.192102	0.997986	1.192102	0.997985	1.192102	0.997984	1.192102	0.997983	1.192102	0.997982	1.192102	0.997980	1.153772	0.001744	1.153900	0.000163	
1350068747.446169	1.000007	80.867376	67.531912	6.133686	1.155116	0.000304	1.153827	0.005158	1.191452	0.993446	1.191452	0.993441	1.191452	0.993436	1.191452	0.993421	1.191451	0.993430	1.191453	0.993423	1350068747.446294	0.999996	79.976887	66.889218	3.754318	1.192067	0.998138	1.192067	0.998136	1.192067	0.998135	1.192067	0.998132	1.192067	0.998131	1.192067	0.998129	1.153843	0.001735	1.153372	0.000049	
1350068748.446162	0.999993	81.109936	67.770595	6.115277	1.151113	0.000127	1.153252	0.000982	1.192186	0.998654	1.192186	0.998652	1.192185	0.998652	1.192186	0.998661	1.192186	0.998650	1.192185	0.998647	1350068748.446302	1.000008	80.055168	66.964896	3.034826	1.191675	0.995590	1.191675	0.995584	1.191675	0.995580	1.191675	0.995577	1.191675	0.995575	1.191675	0.995572	1.153850	0.003447	1.153885	0.000249	
1350068749.446162	1.000000	81.182373	67.842102	6.096741	1.154504	0.000295	1.154337	0.000672	1.192214	0.999039	1.192213	0.999038	1.192214	0.999038	1.192214	0.999027	1.192213	0.999037	1.192214	0.999038	1350068749.446289	0.999987	80.199126	67.103312	2.726232	1.192092	0.998136	1.192092	0.998134	1.192092	0.998133	1.192092	0.998130	1.192092	0.998129	1.192092	0.998127	1.153832	0.001837	1.153811	0.000068	
1350068750.446162	1.000000	81.064316	67.723450	6.102905	1.155347	0.000088	1.154624	0.001006	1.192187	0.998789	1.192188	0.998788	1.192188	0.998788	1.192188	0.998798	1.192187	0.998785	1.192188	0.998784	1350068750.446289	1.000000	80.242569	67.143097	2.777695	1.191792	0.997129	1.191792	0.997127	1.191792	0.997126	1.191792	0.997122	1.191792	0.997121	1.191793	0.997119	1.153793	0.002615	1.153881	0.000098	
1350068751.446162	1.000000	81.141632	67.801971	6.084412	1.153690	0.000299	1.153138	0.000841	1.192205	0.998988	1.192204	0.998987	1.192204	0.998987	1.192204	0.998986	1.192205	0.998985	1.192204	0.998985	1350068751.446289	1.000000	80.240692	67.140121	2.792816	1.191939	0.997716	1.191940	0.997714	1.191939	0.997714	1.191940	0.997712	1.191939	0.997710	1.191940	0.997708	1.153824	0.002139	1.153334	0.000062	
1350068752.446162	1.000000	81.221176	67.879532	6.115234	1.154157	0.000095	1.153876	0.000674	1.192226	0.999097	1.192226	0.999097	1.192226	0.999077	1.192226	0.999084	1.192226	0.999095	1.192226	0.999093	1350068752.446302	1.000013	80.142794	67.039252	2.934761	1.191291	0.994763	1.191290	0.994759	1.191291	0.994755	1.191283	0.994739	1.191291	0.994729	1.191291	0.994726	1.153828	0.003991	1.153920	0.000228	
1350068753.446162	1.000000	81.248764	67.908005	6.109070	1.153375	0.000277	1.153593	0.000764	1.192211	0.999014	1.192211	0.999013	1.192211	0.999030	1.192211	0.999022	1.192211	0.999010	1.192211	0.999011	1350068753.446289	0.999987	80.200759	67.093836	3.026880	1.190985	0.994088	1.190985	0.994082	1.190986	0.994079	1.190994	0.994090	1.190986	0.994085	1.190986	0.994080	1.153814	0.004748	1.154002	0.000049	
1350068754.446162	1.000000	81.265961	67.924469	6.115234	1.153906	0.001914	1.154139	0.000691	1.192109	0.998720	1.192109	0.998719	1.192109	0.998719	1.192109	0.998706	1.192109	0.998716	1.192110	0.998717	1350068754.446296	1.000007	80.314691	67.206643	2.809658	1.191927	0.997239	1.191927	0.997237	1.191927	0.997236	1.191927	0.997233	1.191927	0.997233	1.191927	0.997229	1.153866	0.002552	1.153592	0.000110	
1350068755.446162	1.000000	81.261810	67.916824	6.121399	1.153464	0.000314	1.154187	0.000977	1.192148	0.998831	1.192147	0.998829	1.192147	0.998817	1.192148	0.998828	1.192147	0.998827	1.192148	0.998826	1350068755.446305	1.000009	80.325093	67.217027	2.717352	1.192050	0.998150	1.192050	0.998148	1.192049	0.998136	1.192050	0.998134	1.192050	0.998133	1.192050	0.998131	1.153884	0.001897	1.153813	0.000066	
1350068756.446162	1.000000	81.259720	67.914703	6.139893	1.155148	0.000082	1.153503	0.000861	1.192214	0.999012	1.192214	0.999011	1.192214	0.999023	1.192214	0.999022	1.192214	0.999010	1.192213	0.999009	1350068756.446293	0.999988	80.316433	67.204399	2.766711	1.192022	0.997613	1.192022	0.997610	1.192023	0.997621	1.192022	0.997618	1.192022	0.997617	1.192022	0.997614	1.153789	0.002078	1.153820	0.000219	
1350068757.446162	1.000000	81.286514	67.937820	6.096741	1.154493	0.000456	1.154447	0.000735	1.192183	0.998677	1.192183	0.998675	1.192183	0.998674	1.192183	0.998674	1.192183	0.998684	1.192183	0.998683	1350068757.446269	0.999976	80.373334	67.260805	2.729756	1.192070	0.998207	1.192070	0.998205	1.192070	0.998204	1.192069	0.998203	1.192069	0.998201	1.192070	0.998200	1.153889	0.001792	1.154199	0.000069	
1350068758.446163	1.000001	80.178757	66.847745	6.115229	1.149343	0.000112	1.153112	0.000671	1.192184	0.999060	1.192184	0.999060	1.192184	0.999059	1.192184	0.999047	1.192183	0.999046	1.192184	0.999045	1350068758.446293	1.000024	79.168488	66.051190	2.897788	1.191465	0.995106	1.191465	0.995103	1.191465	0.995099	1.191466	0.995095	1.191465	0.995092	1.191465	0.995089	1.153799	0.003845	1.153589	0.000114	
1350068759.446162	0.999999	81.177751	67.811878	6.121405	1.153975	0.000507	1.153631	0.001137	1.192166	0.998677	1.192166	0.998676	1.192166	0.998674	1.192166	0.998671	1.192166	0.998671	1.192167	0.998671	1350068759.446294	1.000001	80.121506	67.018506	2.757932	1.192057	0.998165	1.192057	0.998164	1.192057	0.998163	1.192057	0.998163	1.192057	0.998161	1.192057	0.998159	1.153777	0.002147	1.153968	0.000070	
1350068760.446162	1.000000	81.112915	67.772507	6.109070	1.153745	0.003469	1.154056	0.000921	1.191654	0.994417	1.191655	0.994411	1.191655	0.994411	1.191655	0.994418	1.191655	0.994401	1.191654	0.994395	1350068760.446290	0.999996	80.474981	67.361952	3.268843	1.192102	0.998139	1.192102	0.998137	1.192102	0.998137	1.192102	0.998133	1.192102	0.998134	1.192102	0.998132	1.153892	0.001642	1.153846	0.000193	
1350068761.446162	1.000000	81.188019	67.831757	6.127563	1.153712	0.001920	1.153752	0.003311	1.191675	0.993896	1.191674	0.993892	1.191675	0.993890	1.191675	0.993870	1.191674	0.993877	1.191676	0.993874	1350068761.446294	1.000004	80.492182	67.374422	3.557114	1.192141	0.998210	1.192141	0.998208	1.192141	0.998208	1.192141	0.998207	1.192141	0.998205	1.192141	0.998203	1.153785	0.001604	1.154169	0.000056	
1350068762.446162	1.000000	81.180923	67.823303	6.121399	1.153772	0.002753	1.153918	0.002731	1.191498	0.993230	1.191498	0.993225	1.191499	0.993222	1.191499	0.993226	1.191499	0.993220	1.191498	0.993215	1350068762.446279	0.999985	80.487613	67.370748	3.651086	1.192121	0.998163	1.192121	0.998161	1.192121	0.998161	1.192121	0.998158	1.192122	0.998158	1.192122	0.998155	1.153931	0.001639	1.153856	0.000099	
1350068763.446162	1.000000	81.272446	67.913116	6.121399	1.153797	0.001316	1.153361	0.000496	1.192102	0.997956	1.192101	0.997954	1.192101	0.997953	1.192101	0.997951	1.192102	0.997940	1.192102	0.997936	1350068763.446290	1.000011	80.524263	67.403756	2.891753	1.191972	0.998343	1.191972	0.998342	1.191972	0.998340	1.191972	0.998338	1.191972	0.998337	1.191972	0.998336	1.153730	0.001699	1.153609	0.000065	
1350068764.446162	1.000000	81.302124	67.941238	6.114136	1.153838	0.005289	1.153917	0.004715	1.191789	0.997644	1.191789	0.997643	1.191789	0.997641	1.191789	0.997628	1.191789	0.997638	1.191789	0.997636	1350068764.446306	1.000016	80.554423	67.433280	2.856781	1.191204	0.998300	1.191204	0.998298	1.191204	0.998297	1.191204	0.998295	1.191204	0.998294	1.191204	0.998293	1.153858	0.003949	1.153617	0.002836	
1350068765.446162	1.000000	81.250229	67.888840	6.109070	1.153836	0.000597	1.154086	0.002143	1.191968	0.996920	1.191968	0.996919	1.191968	0.996919	1.191968	0.996928	1.191968	0.996912	1.191968	0.996910	1350068765.446288	0.999982	80.426868	67.308790	3.243344	1.191428	0.994637	1.191428	0.994635	1.191428	0.994628	1.191429	0.994622	1.191428	0.994620	1.191428	0.994616	1.153838	0.004053	1.153687	0.000363	
1350068766.446162	1.000000	81.313171	67.950256	6.121399	1.153823	0.000406	1.153830	0.000656	1.192200	0.998856	1.192201	0.998857	1.192189	0.998845	1.192200	0.998844	1.192200	0.998853	1.192198	0.998853	1350068766.446304	1.000016	80.419583	67.296502	3.012846	1.191333	0.995093	1.191333	0.995087	1.191333	0.995073	1.191333	0.995070	1.191333	0.995066	1.191333	0.995061	1.153812	0.003795	1.153820	0.000372	
1350068767.446162	1.000000	81.278961	67.916275	6.115234	1.153776	0.000586	1.153551	0.002065	1.191800	0.997016	1.191800	0.997014	1.191812	0.997023	1.191801	0.997020	1.191800	0.997007	1.191803	0.997005	1350068767.446290	0.999986	80.458041	67.334245	3.128874	1.191930	0.996792	1.191930	0.996790	1.191930	0.996801	1.191930	0.996798	1.191930	0.996796	1.191930	0.996793	1.153882	0.001546	1.153842	0.001105	
1350068768.446162	1.000000	81.346512	67.984421	6.127563	1.153859	0.000497	1.153754	0.000538	1.192197	0.998811	1.192197	0.998810	1.192197	0.998809	1.192197	0.998808	1.192197	0.998806	1.192197	0.998805	1350068768.446287	0.999997	80.428548	67.305964	2.962625	1.191870	0.995612	1.191870	0.995611	1.191870	0.995607	1.191870	0.995601	1.191870	0.995598	1.191870	0.995597	1.153818	0.001548	1.153887	0.002110	
1350068769.446162	1.000000	81.328354	67.966934	6.127563	1.153695	0.000601	1.153407	0.000484	1.192200	0.998879	1.192200	0.998878	1.192200	0.998878	1.192200	0.998877	1.192200	0.998877	1.192200	0.998876	1350068769.446288	1.000001	80.541183	67.415967	2.709989	1.192074	0.998278	1.192074	0.998276	1.192074	0.998274	1.192074	0.998273	1.192074	0.998272	1.192074	0.998272	1.153740	0.001485	1.153701	0.000320	
1350068770.446162	1.000000	81.378036	68.018463	6.109070	1.154074	0.000420	1.154887	0.000753	1.192182	0.998699	1.192182	0.998698	1.192182	0.998697	1.192182	0.998697	1.192182	0.998695	1.192183	0.998694	1350068770.446291	1.000003	80.517588	67.393178	2.914786	1.191681	0.994969	1.191680	0.994964	1.191681	0.994959	1.191681	0.994953	1.191681	0.994951	1.191681	0.994948	1.153870	0.003745	1.153909	0.000337	
1350068771.446162	1.000000	81.393066	68.030792	6.133698	1.153829	0.001655	1.152641	0.000640	1.192105	0.998656	1.192104	0.998655	1.192105	0.998654	1.192104	0.998641	1.192104	0.998651	1.192104	0.998651	1350068771.446293	1.000002	80.501876	67.378808	2.825602	1.191732	0.996195	1.191732	0.996192	1.191732	0.996189	1.191732	0.996185	1.191732	0.996183	1.191732	0.996181	1.153840	0.002982	1.153830	0.000332	
1350068772.446162	1.000000	80.584183	67.221817	6.102905	1.153851	0.000391	1.155391	0.000496	1.192208	0.998878	1.192208	0.998877	1.192208	0.998875	1.192208	0.998886	1.192208	0.998874	1.192209	0.998872	1350068772.446293	1.000000	79.674789	66.552155	2.893311	1.191608	0.996560	1.191608	0.996556	1.191608	0.996554	1.191608	0.996551	1.191608	0.996547	1.191608	0.996544	1.153790	0.002752	1.154103	0.000355	
1350068773.446164	1.000002	715800765.153799	715791147.858193	715824570.312679	0.999988	1.000200	0.999985	1.000202	0.999995	1.000200	0.999988	1.000200	0.999988	1.000203	0.999990	1.000198	0.999988	1.000203	0.999988	1.000200	1350068773.446262	0.999969	715803607.204455	715810621.400722	715849684.374960	0.999988	1.000200	0.999985	1.000202	3.893200	0.256908	0.999988	1.000200	0.999988	1.000202	0.999990	1.000198	0.999988	1.000203	0.999988	1.000201	
1350068774.446279	1.000115	0.000000	0.000000	0.000000	-nan	-nan	-nan	-nan	8.000000	inf	-nan	-nan	-nan	0.000000	-nan	-nan	-nan	-nan	-nan	-nan	1350068774.446364	1.000102	0.000000	0.000000	0.000000	-nan	-nan	-nan	-nan	0.000000	inf	-nan	-nan	-nan	-nan	-nan	-nan	-nan	-nan	-nan	-nan	
