ts_0	elapsed_0	pkg_0	pp0_0	dram_0	freq_ratio_0_0	c0_ratio_0_0	freq_ratio_0_1	c0_ratio_0_1	freq_ratio_0_2	c0_ratio_0_2	freq_ratio_0_3	c0_ratio_0_3	freq_ratio_0_4	c0_ratio_0_4	freq_ratio_0_5	c0_ratio_0_5	freq_ratio_0_6	c0_ratio_0_6	freq_ratio_0_7	c0_ratio_0_7	ts_1	elapsed_1	pkg_1	pp0_1	dram_1	freq_ratio_1_0	c0_ratio_1_0	freq_ratio_1_1	c0_ratio_1_1	freq_ratio_1_2	c0_ratio_1_2	freq_ratio_1_3	c0_ratio_1_3	freq_ratio_1_4	c0_ratio_1_4	freq_ratio_1_5	c0_ratio_1_5	freq_ratio_1_6	c0_ratio_1_6	freq_ratio_1_7	c0_ratio_1_7	
1350074225.945632	1.000379	64.850950	51.482315	3.795940	1.230618	0.998403	1.192168	0.000471	1.230618	0.998401	1.192316	0.000268	1.230618	0.998401	1.192381	0.000368	1.230618	0.998399	1.192335	0.000245	1350074225.945761	1.000301	60.521737	47.310838	1.871339	1.230639	0.998706	1.192275	0.000388	1.192541	0.000329	1.230639	0.998706	1.230640	0.998704	1.191630	0.000341	1.230640	0.998704	1.192330	0.000289	
1350074226.945622	0.999990	65.126797	51.735595	3.793495	1.230551	0.998682	1.192305	0.002312	1.230551	0.998681	1.192316	0.000207	1.230551	0.998680	1.192366	0.000102	1.230551	0.998679	1.192456	0.000194	1350074226.945748	0.999987	60.632997	47.425045	1.771553	1.230658	0.998856	1.192308	0.000302	1.192066	0.000273	1.230658	0.998856	1.230658	0.998854	1.192520	0.000210	1.230658	0.998853	1.191803	0.000348	
1350074227.945622	1.000000	65.228806	51.845993	3.793335	1.230662	0.998855	1.190237	0.000329	1.230663	0.998854	1.191938	0.000217	1.230662	0.998854	1.192259	0.000170	1.230662	0.998853	1.192203	0.000235	1350074227.945753	1.000005	60.689622	47.476874	1.705115	1.230653	0.998811	1.192236	0.000361	1.192502	0.000277	1.230653	0.998811	1.230653	0.998810	1.193078	0.000232	1.230653	0.998809	1.193106	0.000275	
1350074228.945622	1.000000	65.213669	51.836304	3.789719	1.230607	0.998772	1.193187	0.000718	1.230607	0.998771	1.192713	0.000208	1.230607	0.998770	1.192232	0.000117	1.230608	0.998769	1.192453	0.000179	1350074228.945748	0.999995	60.703566	47.485711	1.682183	1.230667	0.998924	1.192307	0.000265	1.192200	0.000272	1.230667	0.998923	1.230667	0.998922	1.191278	0.000208	1.230667	0.998921	1.191217	0.000224	
1350074229.945622	1.000000	65.209152	51.836487	3.793411	1.230638	0.998679	1.193050	0.000562	1.230638	0.998678	1.192057	0.000209	1.230638	0.998677	1.193006	0.000232	1.230638	0.998677	1.193002	0.000216	1350074229.945760	1.000012	60.674783	47.468566	1.722636	1.230657	0.998854	1.192274	0.000350	1.192187	0.000293	1.230658	0.998853	1.230657	0.998852	1.193165	0.000251	1.230658	0.998852	1.193368	0.000240	
1350074230.945622	1.000000	65.139679	51.785370	3.801285	1.230649	0.998706	1.191328	0.000453	1.230649	0.998705	1.192572	0.000248	1.230649	0.998704	1.190836	0.000113	1.230649	0.998703	1.192228	0.000177	1350074230.945748	0.999988	60.766212	47.544024	1.705922	1.230668	0.998942	1.192264	0.000297	1.192269	0.000278	1.230668	0.998942	1.230668	0.998941	1.192236	0.000192	1.230668	0.998940	1.191344	0.000223	
1350074231.945622	1.000000	65.258606	51.887741	3.793884	1.230649	0.998735	1.189346	0.000427	1.230649	0.998734	1.190083	0.000225	1.230649	0.998733	1.189120	0.000192	1.230648	0.998732	1.189332	0.000249	1350074231.945755	1.000007	60.773689	47.551170	1.814639	1.230629	0.998629	1.190808	0.000361	1.192543	0.000322	1.230629	0.998627	1.230629	0.998626	1.190093	0.000272	1.230629	0.998626	1.191763	0.000439	
1350074232.945622	1.000000	65.247437	51.878342	3.801163	1.230668	0.998903	1.194041	0.000383	1.230668	0.998901	1.192357	0.000191	1.230668	0.998900	1.192311	0.000118	1.230668	0.998899	1.192285	0.000178	1350074232.945755	1.000000	60.785583	47.562744	1.681870	1.230626	0.998900	1.192576	0.000298	1.192157	0.000289	1.230626	0.998898	1.230626	0.998898	1.192338	0.000200	1.230627	0.998897	1.191967	0.000231	
1350074233.945622	1.000000	65.254517	51.887070	3.793762	1.230617	0.998457	1.192328	0.000665	1.230617	0.998456	1.192163	0.000235	1.230617	0.998455	1.192385	0.000221	1.230617	0.998454	1.192337	0.000236	1350074233.945754	0.999999	60.789944	47.563659	1.753740	1.230658	0.998878	1.192094	0.000344	1.192492	0.000321	1.230658	0.998879	1.230658	0.998878	1.192229	0.000273	1.230658	0.998877	1.192249	0.000239	
1350074234.945622	1.000000	65.238678	51.869110	3.785919	1.230666	0.998876	1.192260	0.000359	1.230666	0.998876	1.192556	0.000208	1.230666	0.998875	1.192310	0.000118	1.230666	0.998874	1.192399	0.000194	1350074234.945750	0.999996	60.819750	47.592020	1.682746	1.230666	0.998921	1.192284	0.000305	1.192381	0.000296	1.230666	0.998921	1.230666	0.998920	1.191752	0.000185	1.230666	0.998919	1.191397	0.000235	
1350074235.945622	1.000000	65.260437	51.895782	3.797379	1.230567	0.998797	1.192298	0.000716	1.230567	0.998796	1.194937	0.000387	1.230567	0.998795	1.192077	0.000163	1.230567	0.998795	1.192214	0.000199	1350074235.945760	1.000010	60.828874	47.598461	1.714430	1.230598	0.998662	1.191007	0.000465	1.191130	0.000535	1.230598	0.998661	1.230597	0.998660	1.192512	0.000249	1.230597	0.998659	1.192824	0.000249	
1350074236.945622	1.000000	65.266541	51.894348	3.801132	1.230549	0.998658	1.192026	0.002041	1.230549	0.998656	1.188644	0.000274	1.230549	0.998655	1.192523	0.000118	1.230549	0.998655	1.192476	0.000194	1350074236.945747	0.999987	60.819218	47.592024	1.708702	1.230653	0.998833	1.194059	0.000335	1.193879	0.000371	1.230653	0.998833	1.230653	0.998832	1.192460	0.000191	1.230653	0.998831	1.192612	0.000335	
1350074237.945622	1.000000	65.276642	51.908218	3.805252	1.230658	0.998877	1.192243	0.000368	1.230658	0.998876	1.192281	0.000272	1.230658	0.998876	1.192380	0.000157	1.230658	0.998875	1.192222	0.000214	1350074237.945748	1.000001	60.830203	47.600617	1.734495	1.230659	0.998902	1.192246	0.000418	1.192308	0.000318	1.230659	0.998901	1.230659	0.998900	1.192337	0.000235	1.230659	0.998900	1.192387	0.000222	
1350074238.945622	1.000000	64.973679	51.617874	3.797958	1.230625	0.998612	1.193085	0.000698	1.230625	0.998609	1.192385	0.000205	1.230625	0.998614	1.192373	0.000109	1.230625	0.998608	1.192490	0.000169	1350074238.945748	1.000000	60.528885	47.299530	1.812256	1.230664	0.998949	1.192382	0.000281	1.192544	0.000310	1.230664	0.998949	1.230664	0.998948	1.192338	0.000270	1.230664	0.998947	1.192241	0.000225	
1350074239.945622	1.000000	65.261032	51.882355	3.809128	1.230649	0.998881	1.192287	0.000335	1.230649	0.998880	1.192284	0.000254	1.230649	0.998879	1.192143	0.000155	1.230649	0.998879	1.192259	0.000234	1350074239.945750	1.000002	60.830374	47.599992	1.735150	1.230650	0.998792	1.192199	0.000346	1.192150	0.000353	1.230650	0.998791	1.230650	0.998790	1.192264	0.000309	1.230650	0.998789	1.191359	0.000268	
1350074240.945622	1.000000	65.326324	51.941635	3.777649	1.226912	0.998687	1.162059	0.003339	1.226912	0.998678	1.158903	0.002609	1.226912	0.998677	1.156249	0.002477	1.226912	0.998677	1.157476	0.002327	1350074240.945748	0.999998	60.844583	47.625716	1.713550	1.230418	0.998647	1.166899	0.003953	1.159752	0.002476	1.230418	0.998647	1.230418	0.998646	1.158777	0.002420	1.230418	0.998645	1.162315	0.002669	
1350074241.945622	1.000000	65.243637	51.858734	3.797852	1.230662	0.998879	1.192307	0.000385	1.230662	0.998878	1.193032	0.000213	1.230662	0.998878	1.193516	0.000148	1.230662	0.998877	1.192960	0.000208	1350074241.945748	1.000000	60.858154	47.626450	1.718887	1.230659	0.998900	1.192196	0.000295	1.192498	0.000319	1.230659	0.998899	1.230659	0.998898	1.193229	0.000301	1.230659	0.998898	1.193118	0.000297	
1350074242.945622	1.000000	65.235687	51.852097	3.812698	1.230659	0.998812	1.192206	0.000347	1.230659	0.998811	1.191865	0.000262	1.230659	0.998811	1.191006	0.000129	1.230659	0.998810	1.192151	0.000193	1350074242.945749	1.000001	60.873248	47.641159	1.680144	1.230662	0.998902	1.192237	0.000307	1.192130	0.000318	1.230662	0.998902	1.230662	0.998901	1.191108	0.000232	1.230662	0.998900	1.191343	0.000233	
1350074243.945622	1.000000	65.287109	51.907913	3.805176	1.230640	0.998726	1.191341	0.000584	1.230641	0.998725	1.192123	0.000230	1.230640	0.998724	1.192408	0.000171	1.230640	0.998723	1.191761	0.000236	1350074243.945749	1.000000	60.874954	47.642456	1.802704	1.230649	0.998793	1.192330	0.000384	1.192506	0.000323	1.230649	0.998792	1.230649	0.998791	1.192921	0.000344	1.230649	0.998791	1.193701	0.000260	
1350074244.945622	1.000000	65.258453	51.876221	3.797516	1.230666	0.998881	1.193872	0.000347	1.230666	0.998878	1.192559	0.000213	1.230666	0.998878	1.192149	0.000118	1.230666	0.998877	1.192257	0.000178	1350074244.945781	1.000032	60.866174	47.632344	1.653176	1.230663	0.998898	1.192254	0.000264	1.192261	0.000320	1.230664	0.998897	1.230663	0.998897	1.192321	0.000287	1.230663	0.998896	1.191850	0.000232	
1350074245.945622	1.000000	65.247009	51.882919	3.793655	1.230654	0.998772	1.192302	0.000342	1.230654	0.998770	1.192298	0.000229	1.230654	0.998770	1.192290	0.000186	1.230654	0.998769	1.192321	0.000240	1350074245.945751	0.999970	60.874708	47.639203	1.697912	1.230655	0.998876	1.192253	0.000372	1.192176	0.000343	1.230655	0.998876	1.230655	0.998875	1.192315	0.000321	1.230655	0.998874	1.191286	0.000235	
1350074246.945622	1.000000	65.220627	51.859695	3.797440	1.230560	0.998769	1.192305	0.001982	1.230560	0.998767	1.192379	0.000216	1.230560	0.998766	1.192498	0.000103	1.230560	0.998765	1.192288	0.000180	1350074246.945752	1.000001	60.860583	47.625931	1.745238	1.230659	0.998901	1.192302	0.000304	1.192321	0.000307	1.230659	0.998900	1.230659	0.998900	1.191957	0.000283	1.230659	0.998899	1.192408	0.000316	
1350074247.945622	1.000000	65.227402	51.860672	3.800888	1.230662	0.998836	1.192249	0.000333	1.230662	0.998835	1.192116	0.000230	1.230662	0.998834	1.192328	0.000166	1.230662	0.998834	1.192417	0.000214	1350074247.945750	0.999998	60.867670	47.635406	1.706363	1.230659	0.998877	1.192351	0.000324	1.192250	0.000332	1.230659	0.998877	1.230659	0.998876	1.192735	0.000291	1.230659	0.998875	1.193311	0.000227	
1350074248.945622	1.000000	65.168518	51.803406	3.793594	1.230647	0.998746	1.191087	0.000579	1.230647	0.998745	1.192551	0.000232	1.230647	0.998745	1.192163	0.000102	1.230647	0.998744	1.192350	0.000192	1350074248.945755	1.000005	60.853623	47.621450	1.680335	1.230664	0.998943	1.192471	0.000324	1.192379	0.000307	1.230664	0.998943	1.230664	0.998942	1.191596	0.000280	1.230664	0.998941	1.190764	0.000225	
1350074249.945622	1.000000	65.214981	51.837585	3.797791	1.230661	0.998835	1.194343	0.000336	1.230661	0.998834	1.192121	0.000230	1.230661	0.998833	1.192363	0.000170	1.230661	0.998833	1.192299	0.000208	1350074249.945748	0.999993	60.844186	47.611367	1.690106	1.230661	0.998901	1.192134	0.000323	1.192352	0.000324	1.230661	0.998901	1.230661	0.998901	1.193218	0.000288	1.230661	0.998900	1.193868	0.000224	
1350074250.945622	1.000000	65.205994	51.838638	3.793900	1.230666	0.998880	1.192324	0.000335	1.230666	0.998878	1.192557	0.000239	1.230666	0.998877	1.192260	0.000102	1.230666	0.998876	1.192230	0.000197	1350074250.945748	1.000000	60.808609	47.588409	1.666534	1.230664	0.998902	1.192284	0.000287	1.192383	0.000294	1.230664	0.998901	1.230664	0.998901	1.191422	0.000267	1.230664	0.998900	1.191233	0.000227	
1350074251.945623	1.000001	715781552.803130	715795799.874016	715794752.625594	0.999986	1.000192	0.999984	1.000197	0.999992	1.000185	0.999986	1.000190	0.999986	1.000194	0.999989	1.000191	0.999986	1.000194	0.999986	1.000193	1350074251.945714	0.999966	715843863.198758	715822756.600552	715807879.744435	0.999986	1.000191	0.999984	1.000196	3.893305	0.256898	0.999986	1.000193	0.999985	1.000192	0.999989	1.000193	0.999987	1.000198	0.999986	1.000192	
1350074252.945717	1.000094	0.000000	0.000000	0.000000	-nan	-nan	-nan	-nan	0.000000	inf	-nan	-nan	-nan	0.000000	-nan	-nan	-nan	-nan	-nan	-nan	1350074252.945792	1.000078	0.000000	0.000000	0.000000	-nan	-nan	-nan	-nan	0.000000	inf	-nan	-nan	-nan	-nan	-nan	-nan	-nan	-nan	-nan	-nan	
