ts_0	elapsed_0	pkg_0	pp0_0	dram_0	freq_ratio_0_0	c0_ratio_0_0	freq_ratio_0_1	c0_ratio_0_1	freq_ratio_0_2	c0_ratio_0_2	freq_ratio_0_3	c0_ratio_0_3	freq_ratio_0_4	c0_ratio_0_4	freq_ratio_0_5	c0_ratio_0_5	freq_ratio_0_6	c0_ratio_0_6	freq_ratio_0_7	c0_ratio_0_7	ts_1	elapsed_1	pkg_1	pp0_1	dram_1	freq_ratio_1_0	c0_ratio_1_0	freq_ratio_1_1	c0_ratio_1_1	freq_ratio_1_2	c0_ratio_1_2	freq_ratio_1_3	c0_ratio_1_3	freq_ratio_1_4	c0_ratio_1_4	freq_ratio_1_5	c0_ratio_1_5	freq_ratio_1_6	c0_ratio_1_6	freq_ratio_1_7	c0_ratio_1_7	
1350062955.970556	1.000165	71.829809	58.595023	3.770008	1.000000	1.000000	1.000000	1.000000	1.000000	1.000000	1.000000	1.000000	1.000000	1.000000	1.000000	1.000000	1.000000	1.000000	1.000000	1.000000	1350062955.970596	1.000153	57.339643	44.213493	1.803115	1.000000	1.000000	1.000000	1.000000	1.000000	1.000000	1.000000	1.000000	1.000001	1.000000	1.000000	1.000000	0.999807	0.000850	1.000053	0.000726	
1350062956.970560	1.000004	71.940123	58.711340	3.790161	1.000000	1.000000	1.000000	1.000000	1.000000	1.000000	1.000000	1.000000	1.000000	1.000000	1.000000	1.000000	1.000000	1.000000	1.000000	1.000000	1350062956.970596	1.000000	57.414459	44.278000	1.594711	1.000000	1.000000	1.000000	1.000000	1.000000	1.000000	1.000000	1.000000	1.000000	1.000000	1.000000	1.000000	1.002732	0.000256	0.999213	0.000275	
1350062957.970553	0.999993	72.055186	58.818720	3.801357	1.000000	1.000000	1.000000	1.000000	1.000000	1.000000	1.000000	1.000000	1.000000	1.000000	1.000000	1.000000	1.000000	1.000000	1.000000	1.000000	1350062957.970590	0.999994	57.480918	44.342763	1.607706	1.000000	1.000000	1.000000	1.000000	1.000000	1.000000	1.000000	1.000000	1.000000	1.000000	1.000000	1.000000	0.996992	0.000230	1.000734	0.000308	
1350062958.970560	1.000007	70.354860	57.124727	3.789174	1.000000	1.000000	0.999999	0.729656	1.000000	1.000000	1.000000	1.000000	1.000000	1.000000	1.000000	1.000000	1.000000	1.000000	1.000000	1.000000	1350062958.970623	1.000033	59.214986	46.075724	1.617165	1.000000	1.000000	1.000000	1.000000	1.000000	1.000000	1.000000	1.000000	1.000000	1.000000	1.000000	1.000000	1.000073	0.004296	1.000002	0.274526	
1350062959.970552	0.999992	65.848007	52.606612	3.797791	1.000000	1.000000	0.999906	0.002255	1.000000	1.000000	1.000000	1.000000	1.000000	1.000000	1.000000	1.000000	1.000000	1.000000	1.000000	1.000000	1350062959.970617	0.999994	63.702498	50.563122	1.741847	1.000000	1.000000	1.000000	1.000000	1.000000	1.000000	1.000000	1.000000	1.000000	1.000000	1.000000	1.000000	0.999882	0.000606	1.000000	1.000000	
1350062960.970552	1.000000	65.924606	52.683960	3.793808	1.000000	1.000000	1.000042	0.004971	1.000000	1.000000	1.000000	1.000000	1.000000	1.000000	1.000000	1.000000	1.000000	1.000000	1.000000	1.000000	1350062960.970610	0.999993	63.718275	50.576888	1.726361	1.000000	1.000000	1.000000	1.000000	1.000000	1.000000	1.000000	1.000000	1.000000	1.000000	1.000000	1.000000	1.000274	0.000595	1.000000	1.000000	
1350062961.970552	1.000000	65.905090	52.664658	3.770493	1.000000	1.000000	0.999972	0.002467	1.000000	1.000000	1.000000	1.000000	1.000000	1.000000	1.000000	1.000000	1.000000	1.000000	1.000000	1.000000	1350062961.970619	1.000009	63.673099	50.545654	1.717834	1.000000	1.000000	1.000000	1.000000	1.000000	0.999999	1.000000	1.000000	1.000000	1.000000	1.000000	1.000000	0.999851	0.000583	1.000000	1.000000	
1350062962.970552	1.000000	65.913116	52.672470	3.770767	1.000000	1.000000	0.999906	0.002561	1.000000	1.000000	1.000000	1.000000	1.000000	1.000000	1.000000	1.000000	1.000000	1.000000	1.000000	1.000000	1350062962.970611	0.999992	63.788740	50.647688	1.654417	1.000000	1.000000	1.000000	1.000000	1.000000	1.000000	1.000000	1.000000	1.000000	1.000000	1.000000	1.000000	1.000085	0.000570	1.000000	1.000001	
1350062963.970552	1.000000	65.919556	52.678650	3.801498	1.000000	1.000000	1.000002	0.002490	1.000000	1.000000	1.000000	1.000000	1.000000	1.000000	1.000000	1.000000	1.000000	1.000000	1.000000	1.000000	1350062963.970612	1.000001	63.787140	50.646283	1.682234	1.000000	1.000000	1.000000	1.000000	1.000000	0.999999	1.000000	1.000000	1.000000	1.000000	1.000000	1.000000	0.999844	0.000578	1.000000	0.999999	
1350062964.970552	1.000000	65.921936	52.679916	3.797485	1.000000	1.000000	1.000064	0.002540	1.000000	1.000000	1.000000	1.000000	1.000000	1.000000	1.000000	1.000000	1.000000	1.000000	1.000000	1.000000	1350062964.970610	0.999998	63.820495	50.677648	1.746128	1.000000	0.999995	1.000000	1.000000	1.000000	1.000001	1.000000	1.000000	1.000000	1.000000	1.000000	1.000000	0.999950	0.000598	1.000000	1.000000	
1350062965.970552	1.000000	65.950851	52.710190	3.804962	1.000000	1.000000	0.999975	0.002817	1.000000	1.000000	1.000000	1.000000	1.000000	1.000000	1.000000	1.000000	1.000000	1.000000	1.000000	1.000000	1350062965.970610	1.000000	63.841751	50.699402	1.708908	1.000000	1.000005	1.000000	1.000000	1.000000	1.000000	1.000000	1.000000	1.000000	1.000000	1.000000	1.000000	1.000079	0.000700	1.000000	0.999999	
1350062966.970552	1.000000	65.898727	52.668289	3.805161	1.000000	1.000000	1.000009	0.002465	1.000000	1.000000	1.000000	1.000000	1.000000	1.000000	1.000000	1.000000	1.000000	1.000000	1.000000	1.000000	1350062966.970610	1.000000	63.840958	50.699829	1.681824	1.000000	1.000000	1.000000	1.000000	1.000000	1.000000	1.000000	1.000000	1.000000	1.000000	1.000000	1.000000	1.000072	0.000538	1.000000	1.000000	
1350062967.970552	1.000000	65.979706	52.734879	3.793610	1.000000	1.000000	0.999986	0.002406	1.000000	1.000000	1.000000	1.000000	1.000000	1.000000	1.000000	1.000000	1.000000	1.000000	1.000000	1.000000	1350062967.970614	1.000004	63.849259	50.706398	1.720589	1.000000	0.999995	1.000000	1.000000	1.000000	1.000000	1.000000	1.000000	1.000000	1.000000	1.000000	1.000000	0.999719	0.000587	1.000000	1.000000	
1350062968.970552	1.000000	65.961121	52.716782	3.801468	1.000000	1.000000	0.999985	0.002505	1.000000	1.000000	1.000000	1.000000	1.000000	1.000000	1.000000	1.000000	1.000000	1.000000	1.000000	1.000000	1350062968.970611	0.999997	63.888199	50.741551	1.724706	1.000000	1.000005	1.000000	1.000000	1.000000	1.000000	1.000000	1.000000	1.000000	1.000000	1.000000	1.000000	1.000248	0.000601	1.000000	1.000000	
1350062969.970552	1.000000	65.955887	52.710907	3.793518	1.000000	1.000000	0.999900	0.002527	1.000000	1.000000	1.000000	1.000000	1.000000	1.000000	1.000000	1.000000	1.000000	1.000000	1.000000	1.000000	1350062969.970612	1.000001	63.893799	50.750242	1.688460	1.000000	1.000000	1.000000	1.000000	1.000000	1.000000	1.000000	1.000000	1.000000	1.000000	1.000000	1.000000	0.999935	0.000605	1.000000	1.000000	
1350062970.970552	1.000000	65.997192	52.751373	3.805161	1.000000	1.000000	1.000017	0.006368	1.000000	1.000000	1.000000	1.000000	1.000000	1.000000	1.000000	1.000000	1.000000	1.000000	1.000000	1.000000	1350062970.970612	1.000000	63.870316	50.722778	1.695297	1.000000	1.000000	1.000000	1.000000	1.000000	1.000000	1.000000	1.000000	1.000000	1.000000	1.000000	1.000000	1.000077	0.000579	1.000000	1.000000	
1350062971.970553	1.000001	64.659301	51.411862	3.793743	1.000000	1.000000	0.999982	0.002256	1.000000	1.000000	1.000000	1.000000	1.000000	1.000000	1.000000	1.000000	1.000000	1.000000	1.000000	1.000000	1350062971.970610	0.999998	62.221112	49.084749	1.717014	0.999994	1.000000	1.000000	1.000000	1.000000	1.000000	1.000000	1.000000	1.000000	1.000000	1.000000	1.000000	0.999967	0.000594	1.000000	1.000001	
1350062972.970552	0.999999	66.005556	52.756810	3.801548	1.000000	1.000000	0.999940	0.002492	1.000000	1.000000	1.000000	1.000000	1.000000	1.000000	1.000000	1.000000	1.000000	1.000000	1.000000	1.000000	1350062972.970610	1.000000	63.931900	50.781967	1.621246	1.000006	1.000000	1.000000	1.000000	1.000000	1.000000	1.000000	1.000000	1.000001	1.000000	1.000000	1.000000	0.999987	0.000548	1.000000	1.000000	
1350062973.970553	1.000001	65.932142	52.696239	3.778515	1.000000	1.000000	1.000047	0.002513	1.000000	1.000000	1.000000	1.000000	1.000000	1.000000	1.000000	1.000000	1.000000	1.000000	1.000000	1.000000	1350062973.970613	1.000003	63.938050	50.787044	1.710795	1.000000	1.000000	1.000000	1.000000	1.000000	1.000000	0.999999	1.000000	1.000000	1.000000	1.000000	1.000000	1.000035	0.000560	1.000000	1.000000	
1350062974.970552	0.999999	66.026842	52.779637	3.797581	1.000000	1.000000	0.999989	0.002485	1.000000	1.000000	1.000000	1.000000	1.000000	1.000000	1.000000	1.000000	1.000000	1.000000	1.000000	1.000000	1350062974.970632	1.000019	63.932405	50.782708	1.684874	1.000000	1.000000	1.000000	1.000000	1.000000	1.000000	1.000001	1.000000	1.000000	1.000000	1.000000	1.000000	0.999861	0.000613	1.000000	1.000000	
1350062975.970553	1.000001	66.045103	52.796779	3.797482	1.000000	1.000000	0.999941	0.002835	1.000000	1.000000	1.000000	1.000000	1.000000	1.000000	1.000000	1.000000	1.000000	1.000000	1.000000	1.000000	1350062975.970610	0.999978	63.896055	50.743255	1.682654	1.000000	1.000000	1.000000	1.000000	1.000000	1.000000	1.000000	1.000000	1.000000	1.000000	1.000000	1.000000	1.000082	0.000641	1.000000	1.000000	
1350062976.970552	0.999999	66.023684	52.774785	3.805530	1.000000	1.000000	1.000045	0.002514	1.000000	1.000000	1.000000	1.000000	1.000000	1.000000	1.000000	1.000000	1.000000	1.000000	1.000000	1.000000	1350062976.970612	1.000002	63.909836	50.758723	1.675015	1.000000	1.000000	1.000000	1.000000	1.000000	1.000000	1.000000	1.000000	1.000000	1.000000	1.000000	1.000000	0.999892	0.000533	1.000000	1.000000	
1350062977.970553	1.000001	66.046751	52.797679	3.797451	1.000000	1.000000	0.999983	0.002420	1.000000	1.000000	1.000000	1.000000	1.000000	1.000000	1.000000	1.000000	1.000000	1.000000	1.000000	1.000000	1350062977.970613	1.000001	63.928986	50.778104	1.720824	1.000000	1.000000	1.000000	1.000000	1.000000	1.000000	1.000000	1.000000	1.000000	1.000000	1.000000	1.000000	0.999961	0.000609	1.000000	1.000000	
1350062978.970552	0.999999	66.046328	52.797108	3.793766	1.000000	1.000000	0.999983	0.002456	1.000000	1.000000	1.000000	1.000000	1.000000	1.000000	1.000000	1.000000	1.000000	1.000000	1.000000	1.000000	1350062978.970611	0.999998	63.920486	50.770544	1.628574	1.000000	1.000000	1.000000	1.000000	1.000000	1.000000	1.000000	1.000000	1.000000	1.000000	1.000000	1.000000	1.000019	0.000575	1.000000	1.000000	
1350062979.970552	1.000000	66.062592	52.812500	3.793533	1.000000	1.000000	0.999983	0.002484	1.000000	1.000000	1.000000	1.000000	1.000000	1.000000	1.000000	1.000000	1.000000	1.000000	1.000000	1.000000	1350062979.970613	1.000002	63.912079	50.762370	1.669461	1.000000	1.000000	1.000000	1.000000	1.000000	1.000000	1.000000	1.000000	1.000000	0.999999	1.000000	0.999999	0.999684	0.000625	1.000000	1.000000	
1350062980.970552	1.000000	66.127060	52.877426	3.804810	1.000000	1.000000	0.999996	0.006325	1.000000	1.000000	1.000000	1.000000	1.000000	1.000000	1.000000	1.000000	1.000000	1.000000	1.000000	1.000000	1350062980.970612	0.999999	63.855575	50.715426	1.720995	1.000000	1.000000	1.000000	1.000000	1.000000	1.000000	1.000000	1.000000	1.000000	1.000001	1.000000	1.000000	1.000392	0.000627	1.000000	1.000000	
1350062981.970553	1.000001	66.003325	52.765605	3.793667	1.000000	1.000000	0.999983	0.002432	1.000000	1.000000	1.000000	1.000000	1.000000	1.000000	1.000000	1.000000	1.000000	1.000000	1.000000	1.000000	1350062981.970611	0.999999	63.923431	50.771243	1.653993	1.000000	1.000000	1.000000	1.000000	1.000000	1.000000	1.000000	1.000000	1.000000	1.000000	1.000000	1.000000	0.999684	0.000629	1.000000	0.999999	
1350062982.970552	0.999999	66.077425	52.826863	3.793964	1.000000	1.000000	0.999977	0.002407	1.000000	1.000000	1.000000	1.000000	1.000000	1.000000	1.000000	1.000000	1.000000	1.000000	1.000000	1.000000	1350062982.970608	0.999997	63.933533	50.780049	1.676794	1.000000	1.000000	1.000000	1.000000	1.000000	1.000000	1.000000	1.000000	1.000000	1.000000	1.000000	1.000000	1.000007	0.000568	1.000000	1.000001	
1350062983.970553	1.000001	66.124998	52.873897	3.804516	1.000000	1.000000	0.999998	0.006329	1.000000	1.000000	1.000000	1.000000	1.000000	1.000000	1.000000	1.000000	1.000000	1.000000	1.000000	1.000000	1350062983.970615	1.000007	63.958023	50.802673	1.741397	1.000000	1.000000	0.999995	1.000000	1.000000	1.000000	1.000000	1.000000	1.000000	1.000000	1.000000	1.000000	0.999994	0.005000	1.000000	1.000000	
1350062984.970552	0.999999	66.130968	52.881062	3.793491	1.000000	1.000000	0.999935	0.002448	1.000000	1.000000	1.000000	1.000000	1.000000	1.000000	1.000000	1.000000	1.000000	1.000000	1.000000	1.000000	1350062984.970611	0.999996	63.944259	50.789665	1.636359	1.000000	1.000000	0.999999	1.000000	1.000000	1.000000	1.000000	1.000000	1.000000	1.000000	1.000000	1.000000	1.000025	0.000624	1.000000	1.000000	
1350062985.970552	1.000000	66.165726	52.915009	3.801529	1.000000	1.000000	1.000045	0.002720	1.000000	1.000000	1.000000	1.000000	1.000000	1.000000	1.000000	1.000000	1.000000	1.000000	1.000000	1.000000	1350062985.970610	0.999999	63.926498	50.770999	1.681337	1.000000	1.000000	1.000006	1.000000	1.000000	1.000000	1.000000	1.000000	1.000000	1.000001	1.000000	1.000000	1.000242	0.000595	1.000000	1.000000	
1350062986.970552	1.000000	66.162247	52.910187	3.782318	1.000000	1.000000	0.999913	0.002553	1.000000	1.000000	1.000000	1.000000	1.000000	1.000000	1.000000	1.000000	1.000000	1.000000	1.000000	1.000000	1350062986.970611	1.000001	63.932129	50.778745	1.644667	1.000000	1.000000	1.000000	1.000000	1.000000	1.000000	1.000000	1.000000	1.000000	0.999999	1.000000	1.000000	0.999746	0.000594	1.000000	0.999999	
1350062987.970553	1.000001	66.170561	52.920482	3.778683	1.000000	1.000000	1.000058	0.002513	1.000000	1.000000	1.000000	1.000000	1.000000	1.000000	1.000000	1.000000	1.000000	1.000000	1.000000	1.000000	1350062987.970611	1.000000	63.945496	50.790344	1.651855	1.000000	1.000000	1.000000	1.000000	1.000000	1.000000	1.000000	1.000000	1.000000	1.000000	1.000000	1.000000	1.000322	0.000592	1.000000	1.000000	
1350062988.970568	1.000015	715812637.156270	715784368.100870	715808021.496183	0.999989	1.000207	0.999986	1.000209	0.999996	1.000206	0.999988	1.000205	0.999989	1.000210	0.999991	1.000205	0.999989	1.000209	0.999989	1.000207	1350062988.970676	1.000065	715722630.865337	715735992.965317	715739696.310027	0.999988	1.000203	0.999986	1.000207	3.893120	0.256915	0.999988	1.000206	0.999989	1.000210	0.999991	1.000204	0.999989	1.000210	0.999989	1.000207	
1350062989.970554	0.999986	0.000000	0.000000	0.000000	-nan	-nan	-nan	-nan	0.000000	inf	-nan	-nan	-nan	0.000000	0.000000	inf	-nan	-nan	-nan	-nan	1350062989.970624	0.999948	0.000000	0.000000	0.000000	-nan	-nan	-nan	-nan	0.000000	inf	-nan	-nan	-nan	-nan	-nan	-nan	-nan	-nan	-nan	-nan	
