ts_0	elapsed_0	pkg_0	pp0_0	dram_0	freq_ratio_0_0	c0_ratio_0_0	freq_ratio_0_1	c0_ratio_0_1	freq_ratio_0_2	c0_ratio_0_2	freq_ratio_0_3	c0_ratio_0_3	freq_ratio_0_4	c0_ratio_0_4	freq_ratio_0_5	c0_ratio_0_5	freq_ratio_0_6	c0_ratio_0_6	freq_ratio_0_7	c0_ratio_0_7	ts_1	elapsed_1	pkg_1	pp0_1	dram_1	freq_ratio_1_0	c0_ratio_1_0	freq_ratio_1_1	c0_ratio_1_1	freq_ratio_1_2	c0_ratio_1_2	freq_ratio_1_3	c0_ratio_1_3	freq_ratio_1_4	c0_ratio_1_4	freq_ratio_1_5	c0_ratio_1_5	freq_ratio_1_6	c0_ratio_1_6	freq_ratio_1_7	c0_ratio_1_7	
1350063118.943501	1.000374	48.261381	35.123107	4.970949	1.000000	1.000000	0.999516	0.001296	1.000000	1.000000	0.999985	0.000438	1.000000	1.000000	1.000242	0.000593	1.000000	1.000000	1.000261	0.000456	1350063118.943633	1.000358	35.450364	22.187565	2.430663	1.000000	1.000000	0.999972	0.000578	1.000000	1.000000	0.999820	0.000614	0.985048	0.000014	0.996513	0.000061	0.997752	0.000077	0.999962	0.004932	
1350063119.943497	0.999996	48.506468	35.361609	4.957906	1.000000	1.000000	0.999965	0.006421	1.000000	1.000000	1.000113	0.000908	1.000000	1.000000	0.999928	0.000117	1.000000	1.000000	0.999978	0.000209	1350063119.943639	1.000006	35.389285	22.109442	2.981519	1.000000	1.000000	1.000049	0.000291	1.000000	1.000000	1.000347	0.000306	1.003461	0.000053	1.007822	0.000013	1.000740	0.000014	0.999997	0.002279	
1350063120.943497	1.000000	48.447647	35.298538	4.958099	1.000000	1.000000	1.000089	0.000237	1.000000	1.000000	0.999949	0.006007	1.000000	1.000000	0.999326	0.000217	1.000000	1.000000	0.999579	0.000288	1350063120.943627	0.999988	35.371363	22.089634	2.873768	1.000000	1.000000	0.999997	0.000372	1.000000	1.000000	1.000338	0.000443	0.999946	0.000064	1.001304	0.000077	1.002021	0.000081	1.000457	0.000257	
1350063121.943497	1.000000	48.447128	35.298447	4.957962	1.000000	1.000000	0.999966	0.005472	1.000000	1.000000	0.999979	0.000261	1.000000	1.000000	0.999929	0.000119	1.000000	1.000000	1.000018	0.000209	1350063121.943633	1.000006	35.381549	22.100103	2.959409	1.000000	1.000000	0.999963	0.000274	1.000000	1.000000	0.999767	0.000750	1.000650	0.000050	0.997893	0.000037	0.999311	0.000250	0.999497	0.000217	
1350063122.943497	1.000000	48.292511	35.139282	4.957748	1.000000	1.000000	0.999955	0.003779	1.000000	1.000000	0.999891	0.000306	1.000000	1.000000	1.000000	0.000181	1.000000	1.000000	0.999976	0.000255	1350063122.943627	0.999994	35.453825	22.167613	2.800615	1.000000	1.000000	0.999990	0.002748	0.999999	1.000000	0.999974	0.000362	0.999139	0.000019	1.001931	0.000041	1.004632	0.000042	1.000107	0.001794	
1350063123.943497	1.000000	48.080185	34.925354	4.957962	1.000000	1.000000	1.000030	0.000166	1.000000	1.000000	1.000088	0.000281	1.000000	1.000000	0.999963	0.000137	1.000000	1.000000	0.999968	0.000267	1350063123.943629	1.000002	35.365396	22.076359	1.585156	1.000000	1.000000	0.999997	0.000432	1.000000	1.000000	0.999983	0.000386	0.999787	0.000065	0.992752	0.000013	0.983619	0.000014	0.999325	0.000287	
1350063124.943497	1.000000	48.071960	34.916641	4.963013	1.000000	1.000000	0.999952	0.000194	1.000000	1.000000	0.999872	0.000278	1.000000	1.000000	0.999889	0.000190	1.000000	1.000000	0.999969	0.000265	1350063124.943626	0.999997	35.342105	22.090050	1.640691	1.000000	1.000000	0.999962	0.000504	1.000000	1.000000	1.000405	0.000412	0.991499	0.000014	1.001341	0.000062	1.002891	0.000066	1.000661	0.000281	
1350063125.943497	1.000000	48.078079	34.920029	4.973389	1.000000	1.000000	1.000007	0.000351	1.000000	1.000000	1.000087	0.000257	1.000000	1.000000	1.000132	0.000137	1.000000	1.000000	1.000010	0.000232	1350063125.943632	1.000006	35.399829	22.089193	1.586325	1.000000	1.000000	1.000114	0.000455	1.000000	1.000000	0.999946	0.000365	1.002256	0.000063	1.000728	0.000013	1.000952	0.000013	0.999657	0.000271	
1350063126.943497	1.000000	48.078842	34.920822	4.943390	1.000000	1.000000	0.999976	0.000405	1.000000	1.000000	0.999886	0.000279	1.000000	1.000000	0.999961	0.000177	1.000000	1.000000	0.999982	0.000256	1350063126.943628	0.999996	35.430838	22.146086	1.659904	1.000000	1.000000	0.999950	0.000587	1.000000	1.000000	0.999792	0.000765	0.998279	0.000019	0.999671	0.000060	0.997632	0.000286	1.000240	0.000378	
1350063127.943497	1.000000	48.074936	34.917480	4.968109	1.000000	1.000000	1.000057	0.000163	1.000000	1.000000	1.000068	0.000308	1.000000	1.000000	1.000042	0.000138	1.000000	1.000000	0.999987	0.000213	1350063127.943627	0.999999	35.432590	22.148276	1.593614	1.000000	1.000001	0.999953	0.000691	1.000000	1.000000	0.999965	0.000353	1.000202	0.000061	1.001122	0.000013	1.002753	0.000266	1.000007	0.000271	
1350063128.943497	1.000000	48.045715	34.901184	4.953522	1.000000	1.000000	0.999983	0.000180	1.000000	1.000000	0.999976	0.000271	1.000000	1.000000	0.999787	0.000176	1.000000	1.000000	0.999921	0.000289	1350063128.943625	0.999998	35.420523	22.131848	1.634006	1.000000	1.000000	0.999995	0.000516	1.000000	1.000000	1.000007	0.000456	0.999402	0.000019	0.999702	0.000061	1.000949	0.000058	0.999958	0.000286	
1350063129.943497	1.000000	48.090027	34.929001	4.968338	1.000000	1.000000	1.000027	0.000130	1.000000	1.000000	0.999986	0.000276	1.000000	1.000000	1.000227	0.000137	1.000000	1.000000	1.000170	0.000214	1350063129.943630	1.000005	35.401114	22.114315	1.588813	1.000000	1.000000	0.999976	0.000385	1.000000	1.000000	0.999979	0.000386	1.000151	0.000061	1.003875	0.000013	0.991106	0.000013	1.000032	0.000265	
1350063130.943497	1.000000	48.116684	34.955612	4.973297	1.000000	1.000000	0.999961	0.000225	1.000000	1.000000	0.999865	0.000251	1.000000	1.000000	1.000950	0.000188	1.000000	1.000000	1.000453	0.000251	1350063130.943628	0.999998	35.394233	22.113186	1.625827	1.000000	1.000000	1.000027	0.000541	1.000000	1.000000	1.000392	0.000429	0.999886	0.000014	0.999421	0.000059	0.999883	0.000062	1.000628	0.000355	
1350063131.943497	1.000000	48.102127	34.939850	4.973389	1.000000	1.000000	1.000058	0.000161	1.000000	1.000000	1.000554	0.000276	1.000000	1.000000	0.999731	0.000136	1.000000	1.000000	0.999861	0.000211	1350063131.943632	1.000004	35.404718	22.120684	1.590173	1.000000	1.000000	0.999978	0.000399	1.000000	1.000000	0.999762	0.000710	0.989133	0.000049	0.994508	0.000019	0.985839	0.000014	0.998393	0.000259	
1350063132.943497	1.000000	48.322311	35.161224	4.957642	1.000000	1.000000	0.999963	0.004498	1.000000	1.000000	0.999450	0.000307	1.000000	1.000000	0.999040	0.000188	1.000000	1.000000	0.999667	0.000352	1350063132.943627	0.999995	35.440287	22.157887	2.657286	1.000000	1.000000	0.999997	0.002362	1.000000	1.000000	0.999944	0.000532	1.014021	0.000036	1.001532	0.000088	1.002505	0.000077	1.000603	0.000287	
1350063133.943497	1.000000	48.096008	34.936218	4.963120	1.000000	1.000000	1.000097	0.000143	1.000000	1.000000	1.000083	0.000273	1.000000	1.000000	1.000216	0.000138	1.000000	1.000000	0.999964	0.000233	1350063133.943624	0.999997	35.399875	22.117256	1.590566	1.000000	1.000000	0.999962	0.000395	1.000000	1.000000	1.000035	0.000386	1.000147	0.000047	0.994810	0.000008	0.999955	0.000008	1.000068	0.000282	
1350063134.943497	1.000000	48.057983	34.896851	4.963333	1.000000	1.000000	0.999978	0.000248	1.000000	1.000000	0.999962	0.000307	1.000000	1.000000	1.000082	0.000165	1.000000	1.000000	0.999988	0.000259	1350063134.943626	1.000002	35.385980	22.100727	1.652249	1.000000	1.000000	1.000036	0.000396	1.000000	1.000000	1.000311	0.000538	1.000383	0.000023	1.000626	0.000066	1.000435	0.000081	1.000021	0.000318	
1350063135.943497	1.000000	48.127899	34.965240	4.963013	1.000000	1.000000	0.999994	0.000344	1.000000	1.000000	0.999977	0.000273	1.000000	1.000000	0.999887	0.000157	1.000000	1.000000	1.000011	0.000214	1350063135.943639	1.000013	35.368402	22.097870	1.590006	1.000000	1.000000	0.999979	0.000708	1.000000	1.000000	0.999775	0.000574	0.997392	0.000069	0.998470	0.000129	0.998703	0.000146	0.999255	0.000280	
1350063136.943497	1.000000	48.306107	35.142517	4.966187	1.000000	1.000000	0.999987	0.005963	1.000000	1.000000	0.999998	0.003851	1.000000	1.000000	0.999999	0.002766	1.000000	1.000000	0.999997	0.002670	1350063136.943631	0.999992	35.596800	22.317762	2.192828	1.000000	1.000000	0.999991	0.002873	1.000000	1.000000	0.999980	0.003168	1.000075	0.002352	1.000074	0.002473	1.000079	0.002290	1.000036	0.005802	
1350063137.943497	1.000000	48.102066	34.942307	4.968109	1.000000	1.000000	0.999906	0.000131	1.000000	1.000000	0.999977	0.000302	1.000000	1.000000	1.000012	0.000157	1.000000	1.000000	0.999911	0.000213	1350063137.943646	1.000015	35.404177	22.125293	1.591971	1.000000	1.000000	1.000028	0.000438	1.000000	1.000000	1.000005	0.000400	1.000128	0.000060	0.999402	0.000008	1.012020	0.000008	0.999999	0.000280	
1350063138.943497	1.000000	48.269714	35.120667	4.957977	1.000000	1.000000	0.999966	0.003918	1.000000	1.000000	0.999971	0.000268	1.000000	1.000000	0.999969	0.000284	1.000000	1.000000	1.000037	0.000249	1350063138.943638	0.999992	35.405026	22.125622	2.416218	1.000000	1.000000	0.999969	0.000358	1.000000	1.000000	0.999979	0.000375	1.000260	0.000013	1.000244	0.000069	0.999716	0.000329	0.999983	0.000269	
1350063139.943504	1.000007	48.499482	35.336487	4.957806	1.000000	1.000000	0.999965	0.006926	1.000000	1.000000	0.999968	0.000897	1.000000	1.000000	0.999994	0.000136	1.000000	1.000000	0.999943	0.000230	1350063139.943636	0.999998	35.485404	22.200711	3.340506	1.000000	1.000000	1.000014	0.000324	1.000000	1.000000	0.999972	0.000314	1.000102	0.000068	0.997702	0.000013	0.993979	0.000013	0.999902	0.002100	
1350063140.943497	0.999993	48.396041	35.233825	4.963139	1.000000	1.000000	0.999960	0.003805	1.000000	1.000000	0.999938	0.001072	1.000000	1.000000	1.000007	0.000176	1.000000	1.000000	1.000032	0.000262	1350063140.943625	0.999989	35.485085	22.201141	2.757339	1.000000	1.000000	0.999990	0.000338	1.000000	1.000000	1.000460	0.000355	0.998563	0.000013	1.000178	0.000052	1.001057	0.000051	1.000102	0.002132	
1350063141.943497	1.000000	48.117767	34.955566	4.968018	1.000000	1.000000	1.000034	0.000160	1.000000	1.000000	1.000094	0.000226	1.000000	1.000000	0.999978	0.000138	1.000000	1.000000	0.999967	0.000232	1350063141.943629	1.000004	35.420587	22.139681	1.590417	1.000000	1.000000	0.999986	0.000402	1.000000	1.000000	0.999742	0.000707	1.000006	0.000060	1.000087	0.000013	1.008630	0.000013	0.999632	0.000271	
1350063142.943497	1.000000	48.235153	35.071411	4.962997	1.000000	1.000000	0.999998	0.000192	1.000000	1.000000	1.000027	0.003172	1.000000	1.000000	1.000890	0.000199	1.000000	1.000000	1.000526	0.000250	1350063142.943627	0.999998	35.460074	22.176129	2.476308	1.000000	1.000000	0.999979	0.005680	1.000000	1.000000	1.000356	0.000427	1.000509	0.000014	0.999825	0.000059	0.998123	0.000048	1.000320	0.000274	
1350063143.943497	1.000000	48.444931	35.281219	4.963150	1.000000	1.000000	0.999998	0.000652	1.000000	1.000000	0.999967	0.006714	1.000000	1.000000	0.999749	0.000135	1.000000	1.000000	0.999876	0.000208	1350063143.943625	0.999998	35.396323	22.112179	3.520347	1.000000	1.000000	1.000292	0.000304	1.000000	1.000000	0.999468	0.000255	0.988861	0.000048	1.001879	0.000013	1.000000	0.000013	0.999985	0.000209	
1350063144.943504	1.000007	48.355256	35.191407	4.972835	1.000000	1.000000	0.999960	0.004258	1.000000	1.000000	0.999466	0.000263	1.000000	1.000000	0.999855	0.000999	1.000000	1.000000	0.999606	0.000285	1350063144.943639	1.000014	35.394644	22.110712	2.930974	1.000000	1.000000	1.000006	0.000361	1.000000	1.000000	1.000119	0.001191	1.014376	0.000038	0.999778	0.000082	0.999839	0.000081	0.999993	0.000271	
1350063145.943497	0.999993	48.116742	34.952878	4.952991	1.000000	1.000000	0.999988	0.000189	1.000000	1.000000	0.999978	0.000250	1.000000	1.000000	0.999989	0.000139	1.000000	1.000000	0.999977	0.000214	1350063145.943628	0.999989	35.366812	22.085356	1.588671	1.000000	1.000000	1.000049	0.000390	1.000000	1.000000	0.999975	0.000369	0.999994	0.000062	0.999402	0.000008	0.976704	0.000009	0.999325	0.000303	
1350063146.943497	1.000000	48.122955	34.972504	4.963409	1.000000	1.000000	1.000024	0.000192	1.000000	1.000000	0.999868	0.000253	1.000000	1.000000	0.999901	0.000179	1.000000	1.000000	0.999961	0.001858	1350063146.943627	0.999999	35.398899	22.118033	1.971651	1.000000	1.000000	0.999971	0.000385	1.000000	1.000000	0.999958	0.000734	0.998703	0.000014	1.001826	0.000065	1.005789	0.000067	1.001373	0.000299	
1350063147.943497	1.000000	48.116821	34.952057	4.973053	1.000000	1.000000	0.999965	0.000178	1.000000	1.000000	1.000071	0.000275	1.000000	1.000000	1.000109	0.000138	1.000000	1.000000	1.000079	0.000215	1350063147.943634	1.000007	35.356476	22.085739	1.580357	1.000000	1.000000	0.999960	0.000429	1.000000	1.000000	0.999601	0.000366	0.998750	0.000062	0.976083	0.000013	0.971283	0.000014	0.998574	0.000281	
1350063148.943497	1.000000	48.224640	35.061081	4.943054	1.000000	1.000000	1.000274	0.000190	1.000000	1.000000	0.999976	0.001102	1.000000	1.000000	0.999953	0.000187	1.000000	1.000000	0.999969	0.002162	1350063148.943624	0.999990	35.402012	22.116616	2.257683	1.000000	1.000000	1.000026	0.000384	1.000000	1.000000	0.999971	0.000396	1.005652	0.000014	1.002795	0.000061	1.003098	0.000060	1.000666	0.000274	
1350063149.943497	1.000000	48.267136	35.103851	4.963196	1.000000	1.000000	0.999280	0.000210	1.000000	1.000000	0.999971	0.003102	1.000000	1.000000	1.000013	0.000119	1.000000	1.000000	0.999971	0.000212	1350063149.943618	0.999994	35.409375	22.126246	2.347563	1.000000	1.000000	0.999976	0.000375	1.000000	1.000000	1.000030	0.000332	1.000032	0.000048	1.000730	0.000013	1.000983	0.000013	0.999671	0.000282	
1350063150.943499	1.000002	715800379.335748	715794846.249820	715817123.559731	0.999986	1.000191	0.999984	1.000195	0.999994	1.000192	0.999986	1.000192	0.999986	1.000195	0.999989	1.000190	0.999986	1.000195	0.999986	1.000192	1350063150.943593	0.999975	715840075.925714	715806119.806096	715788155.947317	0.999986	1.000192	0.999984	1.000194	3.893275	0.256901	0.999986	1.000192	0.999986	1.000195	0.999989	1.000190	0.999986	1.000195	0.999987	1.000193	
1350063151.943505	1.000006	0.000000	0.000000	0.000000	-nan	-nan	-nan	-nan	0.000000	inf	-nan	-nan	-nan	0.000000	-nan	-nan	-nan	-nan	-nan	-nan	1350063151.943581	0.999988	0.000000	0.000000	0.000000	-nan	-nan	-nan	-nan	0.000000	inf	-nan	-nan	-nan	-nan	-nan	-nan	-nan	-nan	-nan	-nan	
