ts_0	elapsed_0	pkg_0	pp0_0	dram_0	freq_ratio_0_0	c0_ratio_0_0	freq_ratio_0_1	c0_ratio_0_1	freq_ratio_0_2	c0_ratio_0_2	freq_ratio_0_3	c0_ratio_0_3	freq_ratio_0_4	c0_ratio_0_4	freq_ratio_0_5	c0_ratio_0_5	freq_ratio_0_6	c0_ratio_0_6	freq_ratio_0_7	c0_ratio_0_7	ts_1	elapsed_1	pkg_1	pp0_1	dram_1	freq_ratio_1_0	c0_ratio_1_0	freq_ratio_1_1	c0_ratio_1_1	freq_ratio_1_2	c0_ratio_1_2	freq_ratio_1_3	c0_ratio_1_3	freq_ratio_1_4	c0_ratio_1_4	freq_ratio_1_5	c0_ratio_1_5	freq_ratio_1_6	c0_ratio_1_6	freq_ratio_1_7	c0_ratio_1_7	
1350065588.148385	1.000129	68.428247	55.052317	6.107870	0.950785	0.998473	0.950785	0.998472	0.950784	0.998476	0.950784	0.998469	0.950784	0.998467	0.950784	0.998466	0.950784	0.998467	0.950784	0.998465	1350065588.148428	1.000124	68.547059	55.323494	2.683978	0.949841	0.998018	0.949840	0.998016	0.949840	0.998015	0.949839	0.998014	0.949839	0.998012	0.949838	0.998033	0.949838	0.998009	0.949837	0.998015	
1350065589.148372	0.999987	64.700815	51.317079	6.115315	0.911279	0.996881	0.911279	0.996879	0.911279	0.996876	0.911278	0.996876	0.911278	0.996874	0.911278	0.996871	0.911278	0.996868	0.911278	0.996866	1350065589.148411	0.999983	64.709927	51.468919	1.880205	0.906982	0.996143	0.906981	0.996141	0.906981	0.996137	0.906980	0.996133	0.906980	0.996130	0.906980	0.996131	0.906979	0.996128	0.906979	0.996125	
1350065590.148372	1.000000	64.707443	51.324020	6.078247	0.910736	0.996748	0.910736	0.996748	0.910736	0.996746	0.910736	0.996745	0.910736	0.996742	0.910736	0.996740	0.910736	0.996738	0.910736	0.996736	1350065590.148409	0.999998	64.702012	51.454062	1.725070	0.905482	0.995679	0.905484	0.995675	0.905485	0.995672	0.905485	0.995671	0.905485	0.995666	0.905486	0.995664	0.905486	0.995661	0.905486	0.995659	
1350065591.148366	0.999994	64.703846	51.319855	6.109106	0.908370	0.996067	0.908370	0.996067	0.908370	0.996064	0.908370	0.996063	0.908369	0.996060	0.908369	0.996058	0.908369	0.996057	0.908369	0.996054	1350065591.148405	0.999996	64.708560	51.452372	1.695289	0.905114	0.995761	0.905111	0.995759	0.905111	0.995756	0.905111	0.995754	0.905110	0.995752	0.905110	0.995748	0.905109	0.995747	0.905109	0.995745	
1350065592.148366	1.000000	64.708298	51.322037	6.065918	0.908597	0.996102	0.908597	0.996099	0.908597	0.996096	0.908597	0.996093	0.908597	0.996089	0.908597	0.996087	0.908597	0.996085	0.908597	0.996083	1350065592.148403	0.999998	64.704759	51.442054	1.657306	0.904697	0.995700	0.904694	0.995699	0.904697	0.995695	0.904697	0.995692	0.904698	0.995690	0.904698	0.995687	0.904698	0.995685	0.904698	0.995681	
1350065593.148366	1.000000	64.704758	51.317429	6.078247	0.907710	0.995923	0.907710	0.995922	0.907711	0.995920	0.907711	0.995918	0.907711	0.995915	0.907711	0.995912	0.907711	0.995911	0.907711	0.995909	1350065593.148403	1.000000	64.704758	51.434525	1.734451	0.904313	0.995787	0.904313	0.995785	0.904312	0.995784	0.904311	0.995780	0.904312	0.995779	0.904311	0.995775	0.904311	0.995771	0.904311	0.995770	
1350065594.148366	1.000000	64.641663	51.263031	6.071945	0.905505	0.995424	0.905505	0.995422	0.905505	0.995419	0.905505	0.995417	0.905505	0.995415	0.905504	0.995410	0.905504	0.995408	0.905504	0.995403	1350065594.148408	1.000005	64.710217	51.434374	1.754493	0.904296	0.995880	0.904300	0.995877	0.904299	0.995876	0.904300	0.995874	0.904299	0.995871	0.904300	0.995868	0.904299	0.995864	0.904300	0.995862	
1350065595.148366	1.000000	64.706818	51.314438	6.102905	0.905209	0.995596	0.905209	0.995593	0.905209	0.995589	0.905209	0.995588	0.905209	0.995584	0.905209	0.995580	0.905209	0.995580	0.905209	0.995577	1350065595.148405	0.999997	64.706927	51.428428	1.664068	0.904082	0.995853	0.904080	0.995850	0.904080	0.995847	0.904080	0.995845	0.904080	0.995843	0.904080	0.995841	0.904080	0.995839	0.904080	0.995835	
1350065596.148366	1.000000	64.701767	51.309113	6.096741	0.905639	0.995657	0.905639	0.995655	0.905640	0.995651	0.905640	0.995651	0.905640	0.995647	0.905640	0.995644	0.905640	0.995642	0.905640	0.995640	1350065596.148402	0.999997	64.707964	51.428504	1.670568	0.903979	0.995773	0.903976	0.995772	0.903978	0.995770	0.903978	0.995767	0.903978	0.995766	0.903977	0.995763	0.903977	0.995761	0.903977	0.995757	
1350065597.148366	1.000000	64.708069	51.310547	6.109070	0.905175	0.995467	0.905175	0.995463	0.905174	0.995460	0.905174	0.995458	0.905174	0.995454	0.905174	0.995451	0.905174	0.995448	0.905174	0.995447	1350065597.148404	1.000002	64.701247	51.419274	1.685818	0.904047	0.996079	0.904049	0.996077	0.904048	0.996074	0.904047	0.996072	0.904048	0.996069	0.904048	0.996066	0.904049	0.996064	0.904049	0.996062	
1350065598.148366	1.000000	64.708176	51.310699	6.121399	0.905330	0.995521	0.905330	0.995519	0.905330	0.995516	0.905330	0.995512	0.905330	0.995509	0.905330	0.995507	0.905330	0.995503	0.905330	0.995501	1350065598.148403	0.999999	64.708070	51.424869	1.606722	0.904163	0.996200	0.904165	0.996197	0.904165	0.996196	0.904165	0.996191	0.904165	0.996188	0.904165	0.996186	0.904165	0.996185	0.904165	0.996183	
1350065599.148366	1.000000	64.702164	51.298370	6.096741	0.904713	0.995779	0.904713	0.995775	0.904713	0.995771	0.904713	0.995767	0.904714	0.995764	0.904714	0.995761	0.904714	0.995762	0.904714	0.995758	1350065599.148404	1.000001	64.710311	51.424466	1.681761	0.903692	0.996068	0.903690	0.996064	0.903690	0.996061	0.903690	0.996061	0.903689	0.996058	0.903689	0.996057	0.903689	0.996054	0.903688	0.996051	
1350065600.148365	0.999999	64.706513	51.297931	6.084417	0.905017	0.995952	0.905017	0.995949	0.905017	0.995946	0.905017	0.995943	0.905017	0.995940	0.905017	0.995938	0.905017	0.995935	0.905017	0.995934	1350065600.148401	0.999997	64.639116	51.366630	1.627767	0.903631	0.996226	0.903631	0.996225	0.903631	0.996223	0.903631	0.996222	0.903632	0.996220	0.903632	0.996217	0.903632	0.996215	0.903632	0.996212	
1350065601.148366	1.000001	64.703918	51.293637	6.115229	0.905031	0.995916	0.905031	0.995914	0.905031	0.995911	0.905031	0.995909	0.905031	0.995908	0.905031	0.995907	0.905031	0.995904	0.905031	0.995900	1350065601.148403	1.000002	64.709654	51.421090	1.632107	0.903152	0.996065	0.903150	0.996062	0.903152	0.996059	0.903152	0.996057	0.903151	0.996054	0.903151	0.996052	0.903151	0.996049	0.903150	0.996048	
1350065602.148366	1.000000	64.705154	51.285507	6.109070	0.904761	0.995945	0.904761	0.995943	0.904761	0.995940	0.904761	0.995937	0.904761	0.995935	0.904761	0.995932	0.904761	0.995931	0.904761	0.995929	1350065602.148402	0.999999	64.706376	51.417911	1.640459	0.902888	0.995994	0.902890	0.995990	0.902888	0.995988	0.902888	0.995986	0.902888	0.995984	0.902888	0.995983	0.902888	0.995981	0.902888	0.995980	
1350065603.148373	1.000007	64.710017	51.290524	6.115192	0.904862	0.995785	0.904862	0.995783	0.904862	0.995780	0.904861	0.995780	0.904861	0.995776	0.904861	0.995773	0.904861	0.995771	0.904861	0.995768	1350065603.148412	1.000010	64.703728	51.415928	1.652617	0.902832	0.996086	0.902832	0.996086	0.902833	0.996079	0.902833	0.996077	0.902833	0.996073	0.902833	0.996072	0.902834	0.996070	0.902833	0.996068	
1350065604.148365	0.999992	64.706030	51.281971	6.127613	0.904153	0.995886	0.904153	0.995883	0.904154	0.995879	0.904154	0.995878	0.904154	0.995873	0.904154	0.995870	0.904154	0.995868	0.904154	0.995867	1350065604.148401	0.999989	64.708717	51.420699	1.619876	0.902634	0.996049	0.902633	0.996050	0.902633	0.996046	0.902633	0.996044	0.902632	0.996042	0.902632	0.996039	0.902632	0.996037	0.902631	0.996036	
1350065605.148372	1.000007	64.705195	51.276684	6.102863	0.904190	0.996023	0.904190	0.996022	0.904190	0.996019	0.904190	0.996017	0.904190	0.996014	0.904190	0.996010	0.904190	0.996009	0.904190	0.996007	1350065605.148409	1.000008	64.705866	51.412761	1.686998	0.903128	0.995931	0.903130	0.995927	0.903130	0.995924	0.903130	0.995921	0.903131	0.995918	0.903131	0.995916	0.903131	0.995914	0.903131	0.995913	
1350065606.148366	0.999994	64.699528	51.268189	6.102942	0.915061	0.996065	0.915061	0.996062	0.915061	0.996059	0.915061	0.996057	0.915061	0.996056	0.915061	0.996052	0.915061	0.996052	0.915061	0.996048	1350065606.148404	0.999995	64.702045	51.402662	1.686074	0.916301	0.996151	0.916298	0.996149	0.916299	0.996147	0.916299	0.996145	0.916299	0.996142	0.916298	0.996139	0.916298	0.996138	0.916298	0.996135	
1350065607.148366	1.000000	64.708923	51.277267	6.084412	0.903976	0.995961	0.903975	0.995958	0.903975	0.995954	0.903975	0.995953	0.903975	0.995948	0.903975	0.995945	0.903975	0.995942	0.903974	0.995940	1350065607.148426	1.000022	64.705124	51.404741	1.625010	0.901987	0.995933	0.901988	0.995931	0.901987	0.995929	0.901987	0.995928	0.901988	0.995926	0.901988	0.995922	0.901988	0.995919	0.901988	0.995918	
1350065608.148366	1.000000	64.706192	51.273727	6.065918	0.903835	0.996133	0.903835	0.996130	0.903835	0.996130	0.903835	0.996127	0.903835	0.996126	0.903835	0.996122	0.903835	0.996122	0.903835	0.996119	1350065608.148404	0.999978	64.708496	51.412413	1.631979	0.901670	0.995886	0.901667	0.995886	0.901669	0.995882	0.901669	0.995879	0.901668	0.995876	0.901668	0.995873	0.901668	0.995871	0.901668	0.995870	
1350065609.148366	1.000000	64.643707	51.224701	6.096741	0.903791	0.996147	0.903790	0.996146	0.903791	0.996141	0.903791	0.996140	0.903791	0.996136	0.903791	0.996134	0.903790	0.996133	0.903790	0.996130	1350065609.148405	1.000001	64.710159	51.414670	1.621397	0.901766	0.996018	0.901767	0.996016	0.901766	0.996013	0.901766	0.996010	0.901766	0.996008	0.901767	0.996004	0.901767	0.996003	0.901767	0.995999	
1350065610.148366	1.000000	64.706894	51.273346	6.090576	0.904191	0.996009	0.904191	0.996007	0.904191	0.996005	0.904191	0.996003	0.904191	0.995999	0.904191	0.995996	0.904191	0.995993	0.904191	0.995994	1350065610.148405	1.000000	64.706467	51.407715	1.615051	0.901139	0.995935	0.901139	0.995933	0.901139	0.995933	0.901138	0.995928	0.901138	0.995925	0.901138	0.995923	0.901137	0.995921	0.901137	0.995919	
1350065611.148366	1.000000	64.702774	51.269318	6.109070	0.903715	0.996181	0.903715	0.996179	0.903715	0.996176	0.903715	0.996173	0.903715	0.996170	0.903715	0.996169	0.903715	0.996167	0.903715	0.996165	1350065611.148404	0.999999	64.708085	51.411151	1.635637	0.901142	0.995938	0.901143	0.995935	0.901143	0.995934	0.901143	0.995933	0.901144	0.995932	0.901144	0.995932	0.901144	0.995927	0.901144	0.995924	
1350065612.148381	1.000015	64.709264	51.274071	6.083130	0.903574	0.995960	0.903573	0.995958	0.903573	0.995955	0.903573	0.995950	0.903573	0.995948	0.903573	0.995945	0.903573	0.995943	0.903572	0.995940	1350065612.148425	1.000021	64.709046	51.411626	1.822960	0.902541	0.995741	0.902540	0.995738	0.902540	0.995735	0.902540	0.995731	0.902540	0.995730	0.902540	0.995766	0.902539	0.995727	0.902539	0.995724	
1350065613.148373	0.999992	64.704626	51.270054	6.096790	0.903218	0.996048	0.903218	0.996047	0.903218	0.996044	0.903218	0.996040	0.903218	0.996039	0.903218	0.996037	0.903218	0.996032	0.903218	0.996032	1350065613.148412	0.999987	64.706445	51.406253	1.787545	0.901437	0.995941	0.901437	0.995939	0.901437	0.995940	0.901437	0.995937	0.901437	0.995935	0.901437	0.995934	0.901437	0.995929	0.901436	0.995926	
1350065614.148374	1.000001	64.707046	51.273404	6.109064	0.903626	0.996267	0.903625	0.996264	0.903625	0.996261	0.903625	0.996260	0.903625	0.996257	0.903626	0.996254	0.903625	0.996252	0.903625	0.996250	1350065614.148413	1.000001	64.707229	51.403683	1.652739	0.901565	0.995911	0.901566	0.995907	0.901566	0.995906	0.901566	0.995906	0.901566	0.995905	0.901567	0.995903	0.901567	0.995900	0.901567	0.995896	
1350065615.148366	0.999992	64.706671	51.272800	6.109119	0.903238	0.996091	0.903238	0.996090	0.903238	0.996087	0.903238	0.996086	0.903238	0.996084	0.903238	0.996081	0.903238	0.996080	0.903237	0.996078	1350065615.148404	0.999991	64.643332	51.350700	1.660660	0.901162	0.995922	0.901163	0.995921	0.901163	0.995919	0.901163	0.995914	0.901162	0.995912	0.901162	0.995909	0.901162	0.995906	0.901162	0.995906	
1350065616.148366	1.000000	64.710266	51.275131	6.065918	0.903136	0.996062	0.903136	0.996059	0.903136	0.996056	0.903136	0.996054	0.903136	0.996052	0.903136	0.996049	0.903136	0.996046	0.903136	0.996045	1350065616.148403	0.999999	64.706834	51.407489	1.591356	0.901270	0.995915	0.901269	0.995911	0.901269	0.995908	0.901270	0.995907	0.901270	0.995903	0.901270	0.995898	0.901271	0.995896	0.901270	0.995895	
1350065617.148366	1.000000	64.706360	51.272980	6.090576	0.903072	0.996012	0.903072	0.996008	0.903073	0.996006	0.903072	0.996002	0.903072	0.995999	0.903072	0.995997	0.903073	0.995995	0.903072	0.995993	1350065617.148404	1.000001	64.710830	51.412854	1.617796	0.901492	0.995905	0.901492	0.995901	0.901491	0.995897	0.901491	0.995893	0.901491	0.995891	0.901490	0.995888	0.901490	0.995887	0.901490	0.995888	
1350065618.148366	1.000000	64.707260	51.270859	6.078247	0.902654	0.996018	0.902653	0.996016	0.902654	0.996013	0.902654	0.996010	0.902654	0.996008	0.902654	0.996005	0.902654	0.996003	0.902653	0.996002	1350065618.148403	0.999999	64.707597	51.407123	1.684679	0.901229	0.995926	0.901228	0.995923	0.901229	0.995921	0.901229	0.995918	0.901229	0.995916	0.901229	0.995914	0.901229	0.995911	0.901229	0.995909	
1350065619.148366	1.000000	64.706421	51.271408	6.102905	0.902797	0.995975	0.902797	0.995973	0.902797	0.995971	0.902797	0.995967	0.902797	0.995963	0.902797	0.995962	0.902797	0.995959	0.902797	0.995958	1350065619.148406	1.000003	64.705671	51.398919	1.639094	0.901020	0.995973	0.901021	0.995971	0.901020	0.995967	0.901019	0.995967	0.901019	0.995965	0.901020	0.995963	0.901020	0.995960	0.901019	0.995957	
1350065620.148366	1.000000	64.708221	51.271439	6.078247	0.902539	0.995874	0.902539	0.995872	0.902539	0.995870	0.902539	0.995866	0.902539	0.995864	0.902539	0.995860	0.902539	0.995860	0.902539	0.995857	1350065620.148405	0.999999	64.710572	51.401584	1.617723	0.901212	0.995964	0.901212	0.995963	0.901212	0.995959	0.901212	0.995954	0.901212	0.995952	0.901212	0.995948	0.901212	0.995946	0.901212	0.995945	
1350065621.148366	1.000000	64.706741	51.271378	6.121399	0.903200	0.996143	0.903200	0.996144	0.903200	0.996140	0.903200	0.996139	0.903200	0.996136	0.903200	0.996134	0.903200	0.996132	0.903200	0.996130	1350065621.148406	1.000001	64.705642	51.394177	1.654539	0.900978	0.995839	0.900978	0.995838	0.900978	0.995835	0.900978	0.995831	0.900979	0.995830	0.900979	0.995828	0.900979	0.995825	0.900979	0.995824	
1350065622.148366	1.000000	64.704269	51.271164	6.109070	0.902980	0.996025	0.902980	0.996024	0.902980	0.996021	0.902980	0.996019	0.902980	0.996017	0.902980	0.996015	0.902981	0.996012	0.902980	0.996009	1350065622.148404	0.999998	64.706712	51.394416	1.636447	0.901063	0.995953	0.901062	0.995949	0.901063	0.995947	0.901063	0.995945	0.901063	0.995942	0.901063	0.995940	0.901063	0.995936	0.901063	0.995934	
1350065623.148366	1.000000	64.705429	51.277237	6.109070	0.903552	0.996191	0.903552	0.996189	0.903552	0.996188	0.903552	0.996184	0.903552	0.996182	0.903552	0.996180	0.903552	0.996177	0.903552	0.996176	1350065623.148404	1.000000	64.709961	51.398331	1.622101	0.901226	0.995997	0.901227	0.995994	0.901225	0.995992	0.901225	0.995989	0.901225	0.995988	0.901224	0.995985	0.901224	0.995984	0.901224	0.995980	
1350065624.148366	1.000000	64.701767	51.276810	6.096741	0.910854	0.996017	0.910854	0.996013	0.910854	0.996009	0.910855	0.996006	0.910855	0.996003	0.910855	0.996002	0.910855	0.996001	0.910855	0.995999	1350065624.148404	1.000000	64.697952	51.396576	1.717239	0.913925	0.996084	0.913925	0.996080	0.913926	0.996077	0.913927	0.996073	0.913927	0.996071	0.913928	0.996070	0.913928	0.996067	0.913929	0.996068	
1350065625.148382	1.000016	715777026.494620	715770078.941705	715781583.588649	0.999987	1.000197	0.999985	1.000200	0.999987	1.000205	0.999987	1.000198	0.999987	1.000200	0.999990	1.000196	0.999987	1.000201	0.999987	1.000197	1350065625.149795	1.001391	714775033.596706	714797705.709746	714830343.116277	0.999987	1.000198	0.999985	1.000200	3.893223	0.256906	0.999987	1.000198	0.999987	1.000201	0.999990	1.000195	0.999987	1.000200	0.999987	1.000198	
1350065626.148405	1.000023	0.000000	0.000000	0.000000	-nan	-nan	-nan	-nan	1.000008	inf	-nan	-nan	-nan	0.000000	-nan	-nan	-nan	-nan	-nan	-nan	1350065626.148495	0.998700	0.000000	0.000000	0.000000	-nan	-nan	-nan	-nan	1.345745	inf	-nan	-nan	-nan	-nan	-nan	-nan	-nan	-nan	-nan	-nan	
