ts_0	elapsed_0	pkg_0	pp0_0	dram_0	freq_ratio_0_0	c0_ratio_0_0	freq_ratio_0_1	c0_ratio_0_1	freq_ratio_0_2	c0_ratio_0_2	freq_ratio_0_3	c0_ratio_0_3	freq_ratio_0_4	c0_ratio_0_4	freq_ratio_0_5	c0_ratio_0_5	freq_ratio_0_6	c0_ratio_0_6	freq_ratio_0_7	c0_ratio_0_7	ts_1	elapsed_1	pkg_1	pp0_1	dram_1	freq_ratio_1_0	c0_ratio_1_0	freq_ratio_1_1	c0_ratio_1_1	freq_ratio_1_2	c0_ratio_1_2	freq_ratio_1_3	c0_ratio_1_3	freq_ratio_1_4	c0_ratio_1_4	freq_ratio_1_5	c0_ratio_1_5	freq_ratio_1_6	c0_ratio_1_6	freq_ratio_1_7	c0_ratio_1_7	
1350065588.149851	1.000117	68.546205	55.457970	6.108050	0.953161	0.998183	0.953161	0.998182	0.953160	0.998213	0.953161	0.998180	0.953161	0.998179	0.953160	0.998177	0.953160	0.998176	0.953160	0.998174	1350065588.149900	1.000118	68.232243	55.059664	3.033288	0.956093	0.998694	0.956092	0.998694	0.956091	0.998693	0.956091	0.998692	0.956090	0.998691	0.956089	0.998690	0.956089	0.998689	0.956088	0.998689	
1350065589.149843	0.999992	64.643606	51.572546	6.102955	0.912382	0.997234	0.912382	0.997232	0.912382	0.997231	0.912382	0.997230	0.912382	0.997229	0.912382	0.997227	0.912382	0.997225	0.912382	0.997225	1350065589.149883	0.999983	64.706601	51.520648	2.711258	0.915407	0.995843	0.915408	0.995841	0.915408	0.995838	0.915408	0.995836	0.915407	0.995835	0.915408	0.995831	0.915408	0.995830	0.915407	0.995828	
1350065590.149842	0.999999	64.703553	51.613163	6.115240	0.911457	0.996876	0.911457	0.996874	0.911457	0.996870	0.911457	0.996871	0.911457	0.996870	0.911457	0.996868	0.911457	0.996867	0.911457	0.996865	1350065590.149881	0.999998	64.705415	51.516547	2.703939	0.914460	0.995549	0.914460	0.995547	0.914461	0.995544	0.914461	0.995541	0.914461	0.995538	0.914461	0.995537	0.914462	0.995534	0.914461	0.995534	
1350065591.149844	1.000002	64.704253	51.609414	6.127475	0.910112	0.996545	0.910112	0.996544	0.910112	0.996543	0.910112	0.996538	0.910112	0.996534	0.910112	0.996532	0.910112	0.996530	0.910112	0.996530	1350065591.149886	1.000005	64.702877	51.541765	2.693254	0.921237	0.998997	0.921237	0.998995	0.921237	0.998995	0.921237	0.998994	0.921237	0.998994	0.921237	0.998993	0.921237	0.998993	0.921237	0.998992	
1350065592.149842	0.999998	64.703477	51.606940	6.121411	0.909451	0.996361	0.909451	0.996357	0.909451	0.996354	0.909451	0.996351	0.909451	0.996349	0.909451	0.996345	0.909451	0.996345	0.909450	0.996344	1350065592.149887	1.000001	64.639221	51.490658	2.698713	0.922490	0.999569	0.922491	0.999569	0.922491	0.999568	0.922491	0.999568	0.922491	0.999568	0.922491	0.999567	0.922491	0.999567	0.922491	0.999567	
1350065593.149843	1.000001	64.705138	51.600018	6.121393	0.909624	0.996425	0.909624	0.996425	0.909624	0.996423	0.909624	0.996422	0.909624	0.996420	0.909624	0.996416	0.909624	0.996415	0.909624	0.996413	1350065593.149881	0.999994	64.708668	51.545122	2.698441	0.921352	0.999123	0.921352	0.999121	0.921351	0.999121	0.921351	0.999121	0.921351	0.999121	0.921351	0.999120	0.921351	0.999120	0.921351	0.999119	
1350065594.149842	0.999999	64.707215	51.599277	6.084417	0.908876	0.996199	0.908876	0.996198	0.908876	0.996195	0.908876	0.996192	0.908876	0.996190	0.908876	0.996187	0.908876	0.996185	0.908876	0.996184	1350065594.149880	0.999999	64.708359	51.542163	2.701129	0.920950	0.998884	0.920950	0.998883	0.920950	0.998882	0.920950	0.998881	0.920950	0.998880	0.920950	0.998880	0.920950	0.998879	0.920950	0.998878	
1350065595.149843	1.000001	64.704162	51.593808	6.084406	0.908158	0.995955	0.908158	0.995953	0.908158	0.995951	0.908158	0.995949	0.908158	0.995946	0.908158	0.995943	0.908158	0.995940	0.908158	0.995938	1350065595.149882	1.000002	64.706542	51.538003	2.698527	0.919426	0.998166	0.919425	0.998165	0.919426	0.998164	0.919426	0.998162	0.919426	0.998160	0.919426	0.998160	0.919426	0.998159	0.919426	0.998159	
1350065596.149842	0.999999	64.706696	51.594501	6.096747	0.907711	0.995846	0.907711	0.995845	0.907711	0.995841	0.907711	0.995838	0.907711	0.995834	0.907711	0.995832	0.907710	0.995831	0.907710	0.995829	1350065596.149883	1.000001	64.705138	51.534176	2.709226	0.918664	0.997747	0.918664	0.997746	0.918659	0.997744	0.918664	0.997743	0.918664	0.997742	0.918665	0.997740	0.918665	0.997740	0.918664	0.997737	
1350065597.149843	1.000001	64.706634	51.589230	6.096735	0.907380	0.995596	0.907380	0.995595	0.907380	0.995591	0.907380	0.995588	0.907380	0.995585	0.907380	0.995581	0.907380	0.995580	0.907380	0.995579	1350065597.149884	1.000001	64.704208	51.528515	2.701383	0.917502	0.997131	0.917502	0.997129	0.917507	0.997126	0.917502	0.997124	0.917503	0.997124	0.917503	0.997124	0.917503	0.997121	0.917503	0.997120	
1350065598.149842	0.999999	64.703614	51.580616	6.090582	0.907138	0.995555	0.907138	0.995550	0.907139	0.995547	0.907139	0.995546	0.907139	0.995543	0.907139	0.995541	0.907139	0.995540	0.907139	0.995537	1350065598.149879	0.999995	64.709873	51.532195	2.701277	0.916390	0.996427	0.916390	0.996424	0.916389	0.996420	0.916389	0.996418	0.916389	0.996415	0.916388	0.996413	0.916388	0.996412	0.916387	0.996410	
1350065599.149842	1.000000	64.703094	51.581406	6.096741	0.906795	0.995412	0.906795	0.995410	0.906795	0.995406	0.906795	0.995405	0.906795	0.995400	0.906795	0.995397	0.906795	0.995396	0.906795	0.995392	1350065599.149882	1.000003	64.706037	51.526665	2.709617	0.914752	0.995524	0.914752	0.995520	0.914752	0.995517	0.914752	0.995517	0.914753	0.995514	0.914753	0.995510	0.914753	0.995507	0.914753	0.995504	
1350065600.149842	1.000000	64.705017	51.585526	6.109070	0.906797	0.995492	0.906797	0.995490	0.906797	0.995484	0.906797	0.995484	0.906797	0.995482	0.906797	0.995478	0.906797	0.995476	0.906797	0.995473	1350065600.149880	0.999998	64.703203	51.519355	2.712453	0.914845	0.995698	0.914844	0.995697	0.914845	0.995696	0.914844	0.995692	0.914845	0.995689	0.914844	0.995687	0.914845	0.995685	0.914844	0.995682	
1350065601.149843	1.000001	64.708099	51.585904	6.096735	0.906974	0.995586	0.906974	0.995583	0.906974	0.995580	0.906974	0.995577	0.906974	0.995574	0.906974	0.995572	0.906974	0.995570	0.906974	0.995567	1350065601.149891	1.000011	64.706596	51.521469	2.704209	0.914125	0.995355	0.914125	0.995356	0.914126	0.995351	0.914125	0.995348	0.914125	0.995347	0.914126	0.995346	0.914125	0.995343	0.914125	0.995340	
1350065602.149842	0.999999	64.704301	51.581211	6.096747	0.906568	0.995366	0.906568	0.995363	0.906568	0.995359	0.906568	0.995358	0.906568	0.995356	0.906568	0.995352	0.906568	0.995349	0.906567	0.995345	1350065602.149881	0.999990	64.702293	51.514829	2.704464	0.912598	0.994527	0.912598	0.994524	0.912598	0.994520	0.912598	0.994517	0.912598	0.994515	0.912598	0.994513	0.912598	0.994508	0.912598	0.994504	
1350065603.149843	1.000001	64.704665	51.577618	6.115229	0.905929	0.995199	0.905929	0.995195	0.905929	0.995193	0.905929	0.995186	0.905929	0.995183	0.905929	0.995183	0.905929	0.995179	0.905929	0.995178	1350065603.149882	1.000001	64.706390	51.518872	2.715314	0.912258	0.994318	0.912252	0.994313	0.912258	0.994312	0.912257	0.994307	0.912257	0.994304	0.912257	0.994302	0.912257	0.994298	0.912257	0.994296	
1350065604.149843	1.000000	64.708054	51.577881	6.109070	0.905833	0.995326	0.905833	0.995324	0.905833	0.995319	0.905833	0.995314	0.905833	0.995314	0.905833	0.995311	0.905833	0.995308	0.905833	0.995306	1350065604.149881	0.999999	64.702531	51.515750	2.706881	0.912420	0.994598	0.912425	0.994593	0.912420	0.994590	0.912420	0.994585	0.912420	0.994581	0.912420	0.994578	0.912420	0.994576	0.912420	0.994574	
1350065605.149843	1.000000	64.703934	51.566895	6.121246	0.906062	0.995499	0.906061	0.995496	0.906061	0.995493	0.906061	0.995493	0.906061	0.995490	0.906061	0.995487	0.906061	0.995484	0.906060	0.995481	1350065605.149884	1.000003	64.695738	51.504937	2.709357	0.921633	0.994934	0.921633	0.994931	0.921633	0.994927	0.921633	0.994925	0.921634	0.994928	0.921633	0.994919	0.921633	0.994917	0.921633	0.994912	
1350065606.149843	1.000000	64.702057	51.564224	6.127563	0.917233	0.995697	0.917233	0.995694	0.917233	0.995691	0.917234	0.995688	0.917234	0.995687	0.917234	0.995683	0.917234	0.995681	0.917234	0.995677	1350065606.149881	0.999997	64.637331	51.454597	2.709893	0.927861	0.995665	0.927856	0.995662	0.927861	0.995660	0.927860	0.995656	0.927860	0.995655	0.927860	0.995652	0.927860	0.995651	0.927859	0.995648	
1350065607.149843	1.000000	64.642990	51.518555	6.090576	0.905552	0.995331	0.905552	0.995328	0.905552	0.995325	0.905551	0.995320	0.905551	0.995317	0.905551	0.995316	0.905551	0.995313	0.905551	0.995311	1350065607.149916	1.000035	64.702048	51.509715	2.703763	0.911704	0.994065	0.911708	0.994062	0.911704	0.994057	0.911704	0.994055	0.911704	0.994051	0.911704	0.994048	0.911705	0.994045	0.911704	0.994042	
1350065608.149842	0.999999	64.700181	51.567966	6.090582	0.905270	0.995389	0.905270	0.995387	0.905270	0.995385	0.905271	0.995381	0.905271	0.995379	0.905271	0.995374	0.905271	0.995372	0.905271	0.995370	1350065608.149880	0.999964	64.700663	51.507271	2.715064	0.911804	0.994167	0.911804	0.994164	0.911804	0.994161	0.911804	0.994159	0.911804	0.994154	0.911804	0.994150	0.911805	0.994145	0.911804	0.994144	
1350065609.149843	1.000001	64.708450	51.574063	6.109064	0.905377	0.995268	0.905377	0.995267	0.905376	0.995264	0.905376	0.995261	0.905376	0.995256	0.905376	0.995253	0.905376	0.995251	0.905375	0.995248	1350065609.149882	1.000002	64.704100	51.511956	2.709590	0.912069	0.994431	0.912068	0.994427	0.912068	0.994424	0.912068	0.994421	0.912067	0.994417	0.912067	0.994414	0.912067	0.994411	0.912067	0.994408	
1350065610.149842	0.999999	64.706940	51.569126	6.115240	0.905495	0.995294	0.905495	0.995292	0.905495	0.995288	0.905495	0.995285	0.905495	0.995283	0.905495	0.995280	0.905495	0.995277	0.905494	0.995277	1350065610.149881	0.999999	64.705277	51.512119	2.701617	0.911955	0.994226	0.911955	0.994222	0.911955	0.994218	0.911955	0.994215	0.911955	0.994214	0.911955	0.994210	0.911955	0.994207	0.911954	0.994203	
1350065611.149850	1.000008	64.704386	51.563760	6.113659	0.906548	0.995700	0.906548	0.995697	0.906547	0.995697	0.906547	0.995690	0.906547	0.995689	0.906547	0.995688	0.906547	0.995686	0.906547	0.995685	1350065611.149893	1.000012	64.702262	51.510235	2.703810	0.911983	0.994193	0.911983	0.994188	0.911982	0.994184	0.911982	0.994181	0.911983	0.994178	0.911982	0.994175	0.911982	0.994173	0.911982	0.994170	
1350065612.149842	0.999992	64.709127	51.571997	6.096790	0.905026	0.995379	0.905026	0.995376	0.905026	0.995373	0.905026	0.995372	0.905026	0.995370	0.905026	0.995366	0.905026	0.995362	0.905026	0.995361	1350065612.149881	0.999988	64.703210	51.506077	2.707033	0.912620	0.994974	0.912620	0.994971	0.912620	0.994968	0.912620	0.994965	0.912620	0.994963	0.912620	0.994960	0.912620	0.994957	0.912620	0.994953	
1350065613.149844	1.000002	64.704527	51.569619	6.096714	0.905162	0.995271	0.905162	0.995268	0.905162	0.995265	0.905162	0.995262	0.905162	0.995260	0.905162	0.995256	0.905162	0.995256	0.905161	0.995253	1350065613.149885	1.000004	64.703580	51.505315	2.698308	0.912249	0.994510	0.912248	0.994506	0.912248	0.994501	0.912248	0.994500	0.912249	0.994496	0.912248	0.994493	0.912248	0.994491	0.912248	0.994488	
1350065614.149842	0.999998	64.702714	51.572059	6.115246	0.904989	0.995664	0.904989	0.995663	0.904989	0.995660	0.904989	0.995657	0.904989	0.995655	0.904989	0.995650	0.904989	0.995649	0.904989	0.995647	1350065614.149883	0.999998	64.706270	51.509543	2.709402	0.912803	0.994849	0.912802	0.994848	0.912803	0.994842	0.912802	0.994840	0.912803	0.994837	0.912803	0.994832	0.912803	0.994830	0.912802	0.994828	
1350065615.149843	1.000001	64.708953	51.574124	6.121393	0.904775	0.995656	0.904774	0.995654	0.904774	0.995652	0.904775	0.995650	0.904775	0.995647	0.904774	0.995645	0.904775	0.995642	0.904774	0.995638	1350065615.149883	1.000000	64.703445	51.507248	2.706955	0.912293	0.994615	0.912292	0.994610	0.912292	0.994607	0.912292	0.994603	0.912291	0.994601	0.912291	0.994598	0.912291	0.994596	0.912291	0.994592	
1350065616.149842	0.999999	64.705445	51.586643	6.121405	0.904790	0.995697	0.904790	0.995694	0.904790	0.995691	0.904790	0.995687	0.904790	0.995684	0.904790	0.995683	0.904790	0.995680	0.904789	0.995678	1350065616.149882	0.999999	64.702149	51.504871	2.709521	0.913289	0.995275	0.913290	0.995271	0.913290	0.995269	0.913286	0.995266	0.913290	0.995258	0.913291	0.995260	0.913291	0.995257	0.913291	0.995255	
1350065617.149843	1.000001	64.705169	51.592236	6.109064	0.904508	0.995702	0.904508	0.995697	0.904508	0.995696	0.904508	0.995692	0.904508	0.995690	0.904509	0.995688	0.904509	0.995687	0.904509	0.995683	1350065617.149882	1.000000	64.704346	51.507355	2.709946	0.912968	0.995198	0.912968	0.995196	0.912968	0.995192	0.912972	0.995189	0.912968	0.995192	0.912967	0.995185	0.912968	0.995184	0.912967	0.995179	
1350065618.149843	1.000000	64.704926	51.592682	6.102905	0.904822	0.995777	0.904822	0.995775	0.904822	0.995771	0.904822	0.995769	0.904822	0.995768	0.904822	0.995764	0.904822	0.995763	0.904822	0.995760	1350065618.149882	1.000000	64.700775	51.503235	2.715027	0.912071	0.994331	0.912071	0.994326	0.912071	0.994323	0.912071	0.994319	0.912071	0.994316	0.912071	0.994313	0.912071	0.994310	0.912070	0.994308	
1350065619.149843	1.000000	64.708923	51.594009	6.102905	0.904754	0.995806	0.904754	0.995804	0.904754	0.995802	0.904754	0.995798	0.904754	0.995795	0.904754	0.995791	0.904753	0.995788	0.904753	0.995788	1350065619.149883	1.000001	64.705840	51.506268	2.701581	0.913942	0.996113	0.913942	0.996110	0.913942	0.996110	0.913942	0.996105	0.913942	0.996103	0.913942	0.996101	0.913942	0.996098	0.913942	0.996097	
1350065620.149842	0.999999	64.703309	51.591831	6.090582	0.904947	0.995889	0.904947	0.995887	0.904947	0.995884	0.904947	0.995882	0.904948	0.995882	0.904948	0.995878	0.904948	0.995876	0.904948	0.995873	1350065620.149881	0.999998	64.703264	51.500678	2.704122	0.913695	0.995669	0.913695	0.995665	0.913695	0.995663	0.913695	0.995659	0.913694	0.995657	0.913694	0.995656	0.913694	0.995652	0.913694	0.995652	
1350065621.149843	1.000001	64.705200	51.596188	6.109064	0.905388	0.995820	0.905387	0.995817	0.905387	0.995814	0.905387	0.995812	0.905387	0.995809	0.905387	0.995806	0.905387	0.995804	0.905386	0.995802	1350065621.149893	1.000012	64.703162	51.504269	2.698714	0.913478	0.995587	0.913478	0.995584	0.913479	0.995581	0.913478	0.995578	0.913478	0.995577	0.913478	0.995573	0.913478	0.995570	0.913478	0.995569	
1350065622.149842	0.999999	64.641022	51.547428	6.121405	0.905748	0.995884	0.905748	0.995881	0.905748	0.995878	0.905748	0.995876	0.905748	0.995875	0.905748	0.995873	0.905748	0.995871	0.905748	0.995869	1350065622.149883	0.999990	64.700324	51.501965	2.709713	0.913649	0.995818	0.913649	0.995813	0.913649	0.995811	0.913649	0.995810	0.913650	0.995807	0.913650	0.995805	0.913650	0.995804	0.913650	0.995803	
1350065623.149843	1.000001	64.768584	51.649853	6.102899	0.904845	0.995749	0.904845	0.995746	0.904845	0.995745	0.904845	0.995741	0.904845	0.995738	0.904845	0.995735	0.904845	0.995732	0.904845	0.995730	1350065623.149884	1.000001	64.704131	51.504330	2.709668	0.913480	0.995680	0.913479	0.995678	0.913479	0.995674	0.913479	0.995672	0.913478	0.995670	0.913478	0.995666	0.913478	0.995665	0.913478	0.995661	
1350065624.149843	1.000000	64.637741	51.543533	6.115234	0.913871	0.995883	0.913871	0.995878	0.913872	0.995879	0.913872	0.995875	0.913872	0.995872	0.913872	0.995871	0.913872	0.995867	0.913872	0.995864	1350065624.149882	0.999998	64.687715	51.479773	2.704152	0.933541	0.996262	0.933537	0.996260	0.933543	0.996258	0.933543	0.996254	0.933543	0.996252	0.933544	0.996252	0.933544	0.996250	0.933545	0.996247	
1350065625.149851	1.000008	715815162.882961	715792988.042268	715756437.102139	0.999988	1.000201	0.999985	1.000203	0.999995	1.000200	0.999988	1.000200	0.999988	1.000203	0.999990	1.000198	0.999988	1.000203	0.999988	1.000201	1350065625.151177	1.001295	714868945.533125	714869453.960146	714837469.977488	0.999987	1.000199	0.999985	1.000202	3.893195	0.256909	0.999988	1.000200	0.999988	1.000203	0.999990	1.000198	0.999988	1.000203	0.999988	1.000201	
1350065626.149849	0.999998	0.000000	0.000000	0.000000	-nan	-nan	-nan	-nan	2661216544076.594238	inf	-nan	-nan	-nan	0.000000	0.000000	inf	-nan	-nan	-nan	-nan	1350065626.149928	0.998751	0.000000	0.000000	0.000000	-nan	-nan	-nan	-nan	1.345745	inf	-nan	-nan	-nan	-nan	-nan	-nan	-nan	-nan	-nan	-nan	
