ts_0	elapsed_0	pkg_0	pp0_0	dram_0	freq_ratio_0_0	c0_ratio_0_0	freq_ratio_0_1	c0_ratio_0_1	freq_ratio_0_2	c0_ratio_0_2	freq_ratio_0_3	c0_ratio_0_3	freq_ratio_0_4	c0_ratio_0_4	freq_ratio_0_5	c0_ratio_0_5	freq_ratio_0_6	c0_ratio_0_6	freq_ratio_0_7	c0_ratio_0_7	ts_1	elapsed_1	pkg_1	pp0_1	dram_1	freq_ratio_1_0	c0_ratio_1_0	freq_ratio_1_1	c0_ratio_1_1	freq_ratio_1_2	c0_ratio_1_2	freq_ratio_1_3	c0_ratio_1_3	freq_ratio_1_4	c0_ratio_1_4	freq_ratio_1_5	c0_ratio_1_5	freq_ratio_1_6	c0_ratio_1_6	freq_ratio_1_7	c0_ratio_1_7	
1350065588.148033	1.000103	67.666126	54.359239	6.095609	0.973312	0.998174	0.973312	0.998173	0.973311	0.998196	0.973312	0.998170	0.973312	0.998168	0.973312	0.998167	0.973311	0.998167	0.973311	0.998165	1350065588.148072	1.000093	68.462003	55.293748	2.636825	0.952433	0.997943	0.952432	0.997942	0.952432	0.997962	0.952432	0.997939	0.952432	0.997939	0.952431	0.997936	0.952431	0.997936	0.952430	0.997934	
1350065589.148031	0.999998	64.693101	51.381812	6.115246	0.937358	0.995812	0.937358	0.995810	0.937358	0.995807	0.937357	0.995804	0.937357	0.995802	0.937357	0.995799	0.937357	0.995797	0.937357	0.995795	1350065589.148069	0.999997	64.705797	51.523689	1.829245	0.913481	0.997371	0.913480	0.997369	0.913480	0.997366	0.913480	0.997366	0.913480	0.997364	0.913480	0.997361	0.913480	0.997360	0.913480	0.997359	
1350065590.148031	1.000000	64.689499	51.404266	6.090576	0.936835	0.995787	0.936835	0.995782	0.936835	0.995780	0.936835	0.995778	0.936835	0.995776	0.936835	0.995774	0.936835	0.995771	0.936835	0.995769	1350065590.148068	0.999999	64.703522	51.512897	1.752199	0.912043	0.997076	0.912037	0.997076	0.912042	0.997074	0.912042	0.997075	0.912042	0.997072	0.912042	0.997072	0.912041	0.997069	0.912041	0.997067	
1350065591.148031	1.000000	64.692566	51.408554	6.102905	0.937443	0.995906	0.937443	0.995906	0.937443	0.995902	0.937443	0.995899	0.937443	0.995896	0.937443	0.995894	0.937443	0.995891	0.937443	0.995888	1350065591.148069	1.000001	64.704269	51.505154	1.784910	0.911062	0.996873	0.911067	0.996875	0.911062	0.996874	0.911062	0.996871	0.911063	0.996869	0.911063	0.996865	0.911063	0.996864	0.911063	0.996861	
1350065592.148031	1.000000	64.627457	51.353729	6.115234	0.937738	0.995874	0.937738	0.995871	0.937738	0.995868	0.937738	0.995866	0.937738	0.995864	0.937738	0.995861	0.937737	0.995858	0.937738	0.995855	1350065592.148067	0.999998	64.703081	51.501960	1.680194	0.910490	0.996728	0.910490	0.996726	0.910490	0.996724	0.910490	0.996721	0.910490	0.996719	0.910490	0.996716	0.910490	0.996715	0.910490	0.996713	
1350065593.148031	1.000000	64.687500	51.399323	6.114365	0.937636	0.995960	0.937635	0.995954	0.937636	0.995952	0.937636	0.995949	0.937636	0.995947	0.937636	0.995943	0.937636	0.995942	0.937636	0.995940	1350065593.148069	1.000002	64.638915	51.447061	1.766110	0.909542	0.996350	0.909543	0.996347	0.909543	0.996346	0.909543	0.996342	0.909542	0.996340	0.909543	0.996339	0.909543	0.996337	0.909542	0.996336	
1350065594.148031	1.000000	64.693665	51.406570	6.084412	0.935805	0.995804	0.935805	0.995801	0.935804	0.995798	0.935805	0.995796	0.935804	0.995792	0.935804	0.995789	0.935804	0.995787	0.935804	0.995786	1350065594.148066	0.999997	64.704333	51.497459	1.657995	0.909239	0.996307	0.909239	0.996304	0.909239	0.996302	0.909239	0.996298	0.909239	0.996295	0.909239	0.996294	0.909239	0.996291	0.909239	0.996290	
1350065595.148031	1.000000	64.695801	51.408173	6.072083	0.935624	0.995750	0.935624	0.995748	0.935624	0.995745	0.935623	0.995743	0.935623	0.995740	0.935623	0.995736	0.935623	0.995734	0.935623	0.995731	1350065595.148069	1.000003	64.709150	51.499825	1.739039	0.909264	0.996310	0.909263	0.996307	0.909264	0.996305	0.909263	0.996301	0.909264	0.996300	0.909264	0.996298	0.909264	0.996296	0.909264	0.996294	
1350065596.148031	1.000000	64.688782	51.397171	6.109009	0.935809	0.995696	0.935809	0.995693	0.935809	0.995691	0.935810	0.995689	0.935810	0.995687	0.935810	0.995683	0.935810	0.995682	0.935810	0.995678	1350065596.148066	0.999997	64.707003	51.496559	1.652532	0.908066	0.995906	0.908066	0.995904	0.908066	0.995901	0.908065	0.995898	0.908065	0.995896	0.908065	0.995893	0.908065	0.995891	0.908064	0.995888	
1350065597.148031	1.000000	64.692276	51.397278	6.090576	0.935623	0.995713	0.935623	0.995711	0.935623	0.995709	0.935623	0.995705	0.935623	0.995702	0.935623	0.995698	0.935623	0.995695	0.935623	0.995693	1350065597.148067	1.000001	64.703155	51.490292	1.664748	0.907483	0.995680	0.907483	0.995678	0.907483	0.995673	0.907483	0.995669	0.907483	0.995666	0.907484	0.995665	0.907484	0.995662	0.907484	0.995661	
1350065598.148031	1.000000	64.691727	51.394440	6.109070	0.935414	0.995622	0.935414	0.995619	0.935414	0.995615	0.935414	0.995612	0.935414	0.995610	0.935414	0.995606	0.935414	0.995603	0.935414	0.995601	1350065598.148068	1.000001	64.703323	51.492581	1.628111	0.907014	0.995689	0.907014	0.995686	0.907014	0.995683	0.907014	0.995680	0.907014	0.995678	0.907014	0.995675	0.907014	0.995672	0.907013	0.995671	
1350065599.148031	1.000000	64.691971	51.390045	6.115234	0.935340	0.995647	0.935340	0.995645	0.935340	0.995641	0.935340	0.995637	0.935340	0.995635	0.935340	0.995631	0.935340	0.995628	0.935339	0.995627	1350065599.148069	1.000001	64.708984	51.496106	1.664427	0.907282	0.995626	0.907282	0.995622	0.907281	0.995619	0.907281	0.995618	0.907281	0.995616	0.907281	0.995615	0.907280	0.995612	0.907280	0.995610	
1350065600.148031	1.000000	64.693130	51.384125	6.115234	0.935271	0.995769	0.935271	0.995768	0.935271	0.995764	0.935271	0.995762	0.935271	0.995758	0.935271	0.995756	0.935270	0.995753	0.935270	0.995752	1350065600.148067	0.999998	64.702226	51.487967	1.635700	0.906610	0.995559	0.906610	0.995557	0.906610	0.995552	0.906610	0.995550	0.906610	0.995546	0.906611	0.995544	0.906611	0.995542	0.906610	0.995540	
1350065601.148031	1.000000	64.692474	51.386246	6.115234	0.935348	0.995778	0.935348	0.995773	0.935348	0.995771	0.935348	0.995768	0.935348	0.995765	0.935348	0.995762	0.935349	0.995760	0.935349	0.995758	1350065601.148067	1.000000	64.703674	51.487305	1.680283	0.906570	0.995583	0.906570	0.995581	0.906570	0.995579	0.906570	0.995575	0.906569	0.995576	0.906569	0.995573	0.906569	0.995571	0.906569	0.995568	
1350065602.148031	1.000000	64.692703	51.387299	6.121399	0.935048	0.995748	0.935048	0.995745	0.935047	0.995743	0.935047	0.995740	0.935047	0.995738	0.935047	0.995735	0.935047	0.995733	0.935046	0.995718	1350065602.148079	1.000012	64.706748	51.492230	1.603146	0.906286	0.995296	0.906285	0.995293	0.906286	0.995289	0.906286	0.995287	0.906286	0.995284	0.906286	0.995281	0.906286	0.995275	0.906287	0.995273	
1350065603.148031	1.000000	64.696274	51.387909	6.102905	0.935013	0.995735	0.935013	0.995734	0.935013	0.995729	0.935013	0.995727	0.935013	0.995725	0.935013	0.995722	0.935013	0.995722	0.935013	0.995731	1350065603.148068	0.999989	64.708550	51.492050	1.621554	0.905940	0.995366	0.905941	0.995362	0.905941	0.995357	0.905940	0.995355	0.905940	0.995354	0.905941	0.995351	0.905940	0.995350	0.905940	0.995347	
1350065604.148031	1.000000	64.689285	51.376755	6.115234	0.934845	0.995734	0.934845	0.995732	0.934845	0.995730	0.934845	0.995728	0.934845	0.995725	0.934845	0.995722	0.934845	0.995722	0.934845	0.995718	1350065604.148067	0.999999	64.707001	51.494342	1.618654	0.906022	0.995295	0.906018	0.995295	0.906022	0.995291	0.906021	0.995287	0.906022	0.995286	0.906021	0.995282	0.906021	0.995281	0.906020	0.995276	
1350065605.148031	1.000000	64.684479	51.369965	6.096741	0.946220	0.996463	0.946220	0.996462	0.946220	0.996454	0.946220	0.996450	0.946220	0.996450	0.946220	0.996448	0.946220	0.996445	0.946220	0.996445	1350065605.148067	1.000000	64.698502	51.483170	1.704346	0.908121	0.995453	0.908120	0.995451	0.908121	0.995447	0.908121	0.995445	0.908121	0.995441	0.908121	0.995440	0.908122	0.995438	0.908122	0.995436	
1350065606.148031	1.000000	64.690491	51.373306	6.096741	0.949228	0.996378	0.949228	0.996377	0.949227	0.996374	0.949227	0.996371	0.949227	0.996369	0.949227	0.996368	0.949227	0.996366	0.949227	0.996364	1350065606.148069	1.000002	64.704512	51.505212	1.685071	0.921263	0.995934	0.921267	0.995932	0.921262	0.995928	0.921262	0.995926	0.921261	0.995923	0.921262	0.995922	0.921261	0.995918	0.921261	0.995917	
1350065607.148031	1.000000	64.692978	51.376404	6.109070	0.933914	0.995909	0.933915	0.995906	0.933915	0.995902	0.933915	0.995899	0.933915	0.995896	0.933915	0.995893	0.933915	0.995891	0.933915	0.995890	1350065607.148098	1.000029	64.704539	51.503873	1.649961	0.907027	0.995742	0.907027	0.995741	0.907027	0.995738	0.907027	0.995735	0.907028	0.995732	0.907028	0.995730	0.907028	0.995728	0.907027	0.995726	
1350065608.148031	1.000000	64.631546	51.328583	6.078247	0.933752	0.995960	0.933752	0.995957	0.933752	0.995955	0.933752	0.995953	0.933752	0.995950	0.933752	0.995947	0.933751	0.995945	0.933751	0.995943	1350065608.148068	0.999970	64.707297	51.507330	1.644779	0.906488	0.995606	0.906488	0.995603	0.906489	0.995600	0.906489	0.995597	0.906489	0.995595	0.906489	0.995593	0.906489	0.995591	0.906489	0.995588	
1350065609.148031	1.000000	64.690781	51.373581	6.096741	0.933558	0.995978	0.933558	0.995976	0.933558	0.995974	0.933558	0.995971	0.933558	0.995969	0.933558	0.995966	0.933558	0.995961	0.933558	0.995960	1350065609.148066	0.999998	64.704194	51.516715	1.600833	0.909779	0.996556	0.909778	0.996555	0.909778	0.996552	0.909778	0.996552	0.909778	0.996550	0.909778	0.996548	0.909779	0.996546	0.909779	0.996543	
1350065610.148031	1.000000	64.693176	51.376572	6.127563	0.933396	0.995920	0.933396	0.995918	0.933395	0.995916	0.933395	0.995914	0.933395	0.995911	0.933395	0.995906	0.933395	0.995905	0.933395	0.995904	1350065610.148067	1.000001	64.638244	51.470440	1.631682	0.911633	0.997098	0.911632	0.997096	0.911633	0.997092	0.911632	0.997091	0.911633	0.997088	0.911633	0.997085	0.911633	0.997084	0.911632	0.997086	
1350065611.148031	1.000000	64.697815	51.380203	6.109070	0.933453	0.995980	0.933452	0.995976	0.933453	0.995974	0.933452	0.995973	0.933452	0.995971	0.933452	0.995968	0.933452	0.995967	0.933452	0.995963	1350065611.148068	1.000001	64.702285	51.521985	1.626219	0.911624	0.997086	0.911624	0.997085	0.911624	0.997083	0.911624	0.997080	0.911624	0.997079	0.911624	0.997077	0.911624	0.997074	0.911624	0.997073	
1350065612.148031	1.000000	64.691681	51.374771	6.115234	0.933287	0.996006	0.933287	0.996006	0.933287	0.996002	0.933287	0.995998	0.933287	0.995996	0.933287	0.995993	0.933287	0.995990	0.933287	0.995988	1350065612.148066	0.999998	64.707704	51.527106	1.603854	0.911740	0.997079	0.911739	0.997077	0.911740	0.997073	0.911740	0.997071	0.911740	0.997069	0.911740	0.997067	0.911740	0.997065	0.911740	0.997064	
1350065613.148031	1.000000	64.694244	51.376266	6.115189	0.932971	0.996141	0.932971	0.996139	0.932971	0.996137	0.932971	0.996134	0.932971	0.996131	0.932971	0.996129	0.932971	0.996127	0.932970	0.996124	1350065613.148069	1.000003	64.703459	51.523613	1.719431	0.911720	0.997115	0.911715	0.997113	0.911720	0.997110	0.911721	0.997108	0.911720	0.997106	0.911720	0.997106	0.911720	0.997102	0.911720	0.997105	
1350065614.148031	1.000000	64.694626	51.373383	6.121399	0.932703	0.996172	0.932703	0.996171	0.932703	0.996167	0.932703	0.996165	0.932703	0.996161	0.932703	0.996160	0.932703	0.996159	0.932703	0.996155	1350065614.148066	0.999997	64.705050	51.521873	1.631185	0.911074	0.996915	0.911079	0.996913	0.911074	0.996912	0.911074	0.996912	0.911074	0.996908	0.911074	0.996906	0.911074	0.996909	0.911074	0.996905	
1350065615.148031	1.000000	64.693909	51.373856	6.102905	0.932914	0.996205	0.932913	0.996203	0.932914	0.996200	0.932913	0.996197	0.932913	0.996195	0.932913	0.996193	0.932913	0.996192	0.932913	0.996189	1350065615.148066	1.000000	64.705032	51.520523	1.645706	0.911022	0.996916	0.911022	0.996913	0.911023	0.996909	0.911022	0.996907	0.911022	0.996903	0.911022	0.996902	0.911022	0.996901	0.911022	0.996899	
1350065616.148031	1.000000	64.695786	51.376785	6.115234	0.932519	0.996241	0.932519	0.996238	0.932519	0.996234	0.932519	0.996233	0.932518	0.996230	0.932518	0.996226	0.932518	0.996226	0.932518	0.996222	1350065616.148067	1.000001	64.707092	51.524060	1.630217	0.911937	0.997170	0.911933	0.997169	0.911937	0.997166	0.911937	0.997164	0.911936	0.997161	0.911937	0.997158	0.911936	0.997158	0.911936	0.997157	
1350065617.148031	1.000000	64.698029	51.378769	6.121399	0.932618	0.996249	0.932618	0.996247	0.932618	0.996244	0.932618	0.996243	0.932618	0.996240	0.932618	0.996239	0.932618	0.996237	0.932618	0.996235	1350065617.148068	1.000001	64.702407	51.522946	1.611723	0.910985	0.996906	0.910989	0.996904	0.910986	0.996903	0.910986	0.996901	0.910986	0.996897	0.910986	0.996895	0.910987	0.996893	0.910987	0.996893	
1350065618.148031	1.000000	64.691055	51.368820	6.102158	0.932678	0.996196	0.932678	0.996192	0.932678	0.996191	0.932678	0.996190	0.932678	0.996187	0.932678	0.996183	0.932678	0.996181	0.932678	0.996177	1350065618.148070	1.000002	64.705870	51.524789	1.667035	0.909483	0.996561	0.909482	0.996562	0.909483	0.996561	0.909483	0.996558	0.909483	0.996556	0.909483	0.996553	0.909483	0.996550	0.909483	0.996549	
1350065619.148031	1.000000	64.633301	51.323730	6.109070	0.932140	0.996274	0.932140	0.996271	0.932140	0.996268	0.932140	0.996266	0.932140	0.996264	0.932140	0.996261	0.932140	0.996259	0.932140	0.996258	1350065619.148069	0.999999	64.706727	51.525943	1.682481	0.909986	0.996727	0.909986	0.996725	0.909986	0.996723	0.909985	0.996723	0.909985	0.996720	0.909985	0.996719	0.909984	0.996717	0.909984	0.996714	
1350065620.148031	1.000000	64.692459	51.367783	6.072083	0.932257	0.996157	0.932257	0.996154	0.932257	0.996151	0.932257	0.996147	0.932257	0.996145	0.932257	0.996143	0.932257	0.996142	0.932257	0.996141	1350065620.148068	0.999999	64.704316	51.522632	1.610124	0.909405	0.996437	0.909406	0.996435	0.909405	0.996431	0.909406	0.996430	0.909406	0.996428	0.909406	0.996425	0.909407	0.996422	0.909406	0.996421	
1350065621.148031	1.000000	64.700073	51.373077	6.096741	0.932236	0.996227	0.932236	0.996225	0.932236	0.996222	0.932236	0.996220	0.932236	0.996219	0.932236	0.996215	0.932236	0.996213	0.932236	0.996211	1350065621.148069	1.000001	64.703719	51.523633	1.631880	0.910301	0.996768	0.910297	0.996766	0.910302	0.996764	0.910301	0.996760	0.910301	0.996757	0.910301	0.996755	0.910301	0.996754	0.910302	0.996752	
1350065622.148036	1.000005	64.693722	51.365282	6.109039	0.932402	0.996309	0.932402	0.996308	0.932401	0.996305	0.932402	0.996300	0.932402	0.996300	0.932402	0.996297	0.932402	0.996295	0.932401	0.996292	1350065622.148073	1.000004	64.703763	51.522603	1.612649	0.908399	0.996207	0.908404	0.996205	0.908399	0.996202	0.908399	0.996200	0.908399	0.996196	0.908400	0.996192	0.908399	0.996190	0.908399	0.996188	
1350065623.148031	0.999995	64.695484	51.365598	6.096771	0.932500	0.996222	0.932500	0.996220	0.932500	0.996217	0.932500	0.996214	0.932500	0.996210	0.932500	0.996208	0.932500	0.996207	0.932500	0.996206	1350065623.148070	0.999997	64.706194	51.521995	1.629903	0.910046	0.996788	0.910046	0.996790	0.910046	0.996785	0.910046	0.996782	0.910046	0.996780	0.910046	0.996778	0.910046	0.996777	0.910046	0.996775	
1350065624.148031	1.000000	64.677277	51.343811	6.109070	0.958747	0.997068	0.958747	0.997066	0.958748	0.997065	0.958748	0.997063	0.958748	0.997061	0.958748	0.997060	0.958748	0.997057	0.958748	0.997056	1350065624.148067	0.999997	64.692858	51.505485	1.690374	0.924934	0.996471	0.924934	0.996470	0.924934	0.996468	0.924934	0.996466	0.924934	0.996476	0.924934	0.996462	0.924934	0.996461	0.924934	0.996460	
1350065625.148034	1.000003	715812608.506682	715779142.905191	715781065.695725	0.999985	1.000186	0.999983	1.000191	0.999993	1.000187	0.999986	1.000187	0.999986	1.000190	0.999988	1.000185	0.999986	1.000191	0.999986	1.000188	1350065625.149244	1.001177	714954471.970606	714940861.687536	714922558.082960	0.999986	1.000187	0.999983	1.000190	3.893327	0.256896	0.999986	1.000188	0.999986	1.000190	0.999988	1.000186	0.999986	1.000191	0.999986	1.000189	
1350065626.148032	0.999998	0.000000	0.000000	0.000000	-nan	-nan	-nan	-nan	0.000000	inf	-nan	-nan	-nan	0.000000	0.000000	inf	-nan	-nan	-nan	-nan	1350065626.148103	0.998859	0.000000	0.000000	0.000000	-nan	-nan	-nan	-nan	0.000000	inf	-nan	-nan	-nan	-nan	-nan	-nan	-nan	-nan	-nan	-nan	
