ts_0	elapsed_0	pkg_0	pp0_0	dram_0	freq_ratio_0_0	c0_ratio_0_0	freq_ratio_0_1	c0_ratio_0_1	freq_ratio_0_2	c0_ratio_0_2	freq_ratio_0_3	c0_ratio_0_3	freq_ratio_0_4	c0_ratio_0_4	freq_ratio_0_5	c0_ratio_0_5	freq_ratio_0_6	c0_ratio_0_6	freq_ratio_0_7	c0_ratio_0_7	ts_1	elapsed_1	pkg_1	pp0_1	dram_1	freq_ratio_1_0	c0_ratio_1_0	freq_ratio_1_1	c0_ratio_1_1	freq_ratio_1_2	c0_ratio_1_2	freq_ratio_1_3	c0_ratio_1_3	freq_ratio_1_4	c0_ratio_1_4	freq_ratio_1_5	c0_ratio_1_5	freq_ratio_1_6	c0_ratio_1_6	freq_ratio_1_7	c0_ratio_1_7	
1350065588.150779	1.000134	67.728459	54.592951	4.986881	0.941530	0.997921	0.941530	0.997919	0.941529	0.997917	0.941529	0.997930	0.941529	0.997915	0.941528	0.997914	0.941528	0.997914	0.941528	0.997913	1350065588.150822	1.000128	67.454239	54.188970	2.309046	0.953393	0.998238	0.953393	0.998235	0.953392	0.998235	0.953392	0.998232	0.953391	0.998231	0.953391	0.998229	0.953391	0.998230	0.953390	0.998230	
1350065589.150758	0.999979	64.705337	51.550230	4.963041	0.906443	0.995691	0.906443	0.995689	0.906443	0.995686	0.906443	0.995684	0.906443	0.995680	0.906444	0.995678	0.906444	0.995677	0.906443	0.995674	1350065589.150797	0.999975	64.702746	51.445898	1.622828	0.924996	0.998019	0.924996	0.998019	0.924995	0.998016	0.924995	0.998015	0.924996	0.998014	0.924995	0.998014	0.924995	0.998012	0.924995	0.998012	
1350065590.150758	1.000000	64.709045	51.552399	4.963104	0.905728	0.995483	0.905727	0.995480	0.905727	0.995476	0.905727	0.995474	0.905727	0.995472	0.905727	0.995468	0.905727	0.995465	0.905726	0.995463	1350065590.150800	1.000003	64.700483	51.441247	1.581263	0.924516	0.998530	0.924517	0.998528	0.924517	0.998528	0.924517	0.998528	0.924516	0.998526	0.924517	0.998526	0.924517	0.998525	0.924517	0.998524	
1350065591.150758	1.000000	64.701309	51.539734	4.952972	0.904842	0.995506	0.904842	0.995500	0.904842	0.995496	0.904842	0.995494	0.904842	0.995492	0.904842	0.995489	0.904842	0.995487	0.904842	0.995483	1350065591.150795	0.999995	64.700428	51.436354	1.603081	0.924343	0.998695	0.924343	0.998694	0.924343	0.998693	0.924343	0.998694	0.924343	0.998693	0.924343	0.998692	0.924343	0.998691	0.924343	0.998690	
1350065592.150758	1.000000	64.708160	51.566925	4.952682	0.904264	0.995507	0.904264	0.995504	0.904264	0.995500	0.904264	0.995499	0.904264	0.995495	0.904264	0.995492	0.904264	0.995489	0.904264	0.995486	1350065592.150798	1.000003	64.699095	51.422265	1.590693	0.924255	0.998838	0.924255	0.998837	0.924255	0.998836	0.924255	0.998835	0.924255	0.998835	0.924255	0.998834	0.924255	0.998834	0.924255	0.998833	
1350065593.150758	1.000000	64.703659	51.573151	4.953018	0.904288	0.995628	0.904288	0.995626	0.904288	0.995623	0.904288	0.995620	0.904288	0.995618	0.904288	0.995615	0.904288	0.995614	0.904288	0.995611	1350065593.150796	0.999998	64.701829	51.417945	1.600238	0.923932	0.999107	0.923932	0.999111	0.923932	0.999110	0.923932	0.999106	0.923932	0.999105	0.923932	0.999105	0.923932	0.999105	0.923932	0.999104	
1350065594.150758	1.000000	64.708557	51.580841	4.922897	0.904412	0.995856	0.904412	0.995852	0.904413	0.995851	0.904412	0.995847	0.904412	0.995845	0.904412	0.995842	0.904413	0.995839	0.904412	0.995838	1350065594.150795	0.999999	64.696534	51.404224	1.571748	0.923701	0.999347	0.923701	0.999347	0.923701	0.999347	0.923700	0.999346	0.923701	0.999346	0.923701	0.999346	0.923701	0.999346	0.923701	0.999345	
1350065595.150758	1.000000	64.706238	51.575272	4.963028	0.904495	0.996020	0.904495	0.996018	0.904495	0.996014	0.904495	0.996012	0.904495	0.996008	0.904495	0.996006	0.904495	0.996005	0.904495	0.996005	1350065595.150796	1.000001	64.700027	51.405163	1.584044	0.923485	0.999581	0.923485	0.999580	0.923485	0.999580	0.923485	0.999580	0.923485	0.999580	0.923485	0.999580	0.923485	0.999580	0.923485	0.999579	
1350065596.150764	1.000006	64.702404	51.569486	4.968018	0.904611	0.996228	0.904611	0.996225	0.904611	0.996222	0.904611	0.996219	0.904611	0.996217	0.904611	0.996216	0.904611	0.996215	0.904611	0.996212	1350065596.150804	1.000008	64.703226	51.403041	1.579318	0.923302	0.999766	0.923302	0.999765	0.923302	0.999766	0.923302	0.999765	0.923302	0.999765	0.923302	0.999765	0.923302	0.999765	0.923302	0.999765	
1350065597.150764	1.000000	64.713181	51.579468	4.948227	0.904560	0.996254	0.904559	0.996252	0.904559	0.996249	0.904559	0.996247	0.904559	0.996244	0.904559	0.996242	0.904559	0.996239	0.904558	0.996239	1350065597.150806	1.000002	64.696700	51.392022	1.584317	0.923427	0.999625	0.923427	0.999625	0.923427	0.999625	0.923427	0.999624	0.923427	0.999624	0.923427	0.999624	0.923427	0.999624	0.923427	0.999623	
1350065598.150758	0.999994	64.703877	51.570391	4.953078	0.906081	0.996367	0.906081	0.996364	0.906081	0.996362	0.906081	0.996361	0.906081	0.996358	0.906082	0.996356	0.906082	0.996354	0.906082	0.996353	1350065598.150795	0.999989	64.634589	51.339140	1.588000	0.923669	0.999393	0.923669	0.999393	0.923669	0.999392	0.923669	0.999392	0.923669	0.999391	0.923669	0.999391	0.923669	0.999391	0.923669	0.999390	
1350065599.150757	0.999999	64.706956	51.572101	4.953343	0.906378	0.996342	0.906378	0.996342	0.906378	0.996340	0.906378	0.996338	0.906378	0.996336	0.906378	0.996335	0.906378	0.996334	0.906378	0.996330	1350065599.150793	0.999998	64.766298	51.438407	1.589221	0.924866	0.998151	0.924866	0.998150	0.924866	0.998147	0.924866	0.998146	0.924867	0.998145	0.924867	0.998133	0.924866	0.998132	0.924865	0.998132	
1350065600.150758	1.000001	64.639984	51.517254	4.953029	0.906435	0.996272	0.906435	0.996270	0.906435	0.996265	0.906435	0.996264	0.906435	0.996260	0.906435	0.996258	0.906435	0.996259	0.906435	0.996257	1350065600.150795	1.000002	64.632445	51.329599	1.587689	0.925004	0.998052	0.925003	0.998051	0.925003	0.998050	0.925003	0.998049	0.925003	0.998047	0.925002	0.998059	0.925003	0.998059	0.925004	0.998057	
1350065601.150758	1.000000	64.708679	51.571014	4.953186	0.906836	0.996461	0.906836	0.996458	0.906836	0.996454	0.906836	0.996452	0.906835	0.996448	0.906835	0.996447	0.906835	0.996447	0.906835	0.996446	1350065601.150796	1.000001	64.699874	51.384106	1.584563	0.924745	0.998323	0.924746	0.998322	0.924745	0.998322	0.924745	0.998320	0.924745	0.998319	0.924745	0.998317	0.924745	0.998316	0.924745	0.998316	
1350065602.150758	1.000000	64.704208	51.564392	4.952728	0.906672	0.996529	0.906672	0.996529	0.906672	0.996527	0.906672	0.996526	0.906673	0.996525	0.906673	0.996521	0.906673	0.996520	0.906673	0.996519	1350065602.150796	1.000000	64.701111	51.384384	1.584259	0.925039	0.997952	0.925039	0.997951	0.925039	0.997950	0.925039	0.997949	0.925039	0.997947	0.925039	0.997947	0.925039	0.997945	0.925039	0.997944	
1350065603.150758	1.000000	64.705551	51.563004	4.928497	0.906487	0.996499	0.906487	0.996497	0.906487	0.996495	0.906487	0.996493	0.906487	0.996491	0.906487	0.996487	0.906487	0.996486	0.906487	0.996484	1350065603.150793	0.999997	64.696444	51.375648	1.586217	0.925187	0.997827	0.925186	0.997824	0.925186	0.997823	0.925186	0.997821	0.925186	0.997819	0.925186	0.997819	0.925186	0.997818	0.925186	0.997818	
1350065604.150758	1.000000	64.706604	51.562897	4.978180	0.905922	0.996317	0.905922	0.996313	0.905922	0.996310	0.905922	0.996308	0.905922	0.996307	0.905922	0.996305	0.905922	0.996305	0.905922	0.996304	1350065604.150795	1.000002	64.699492	51.378442	1.589429	0.925074	0.997995	0.925074	0.997994	0.925075	0.997994	0.925074	0.997993	0.925074	0.997992	0.925074	0.997990	0.925074	0.997990	0.925074	0.997988	
1350065605.150765	1.000007	64.705546	51.562601	4.963116	0.905604	0.996334	0.905604	0.996333	0.905604	0.996331	0.905603	0.996327	0.905603	0.996325	0.905603	0.996321	0.905603	0.996321	0.905603	0.996320	1350065605.150805	1.000010	64.692803	51.381291	1.582244	0.937528	0.997440	0.937528	0.997437	0.937528	0.997436	0.937528	0.997436	0.937528	0.997434	0.937528	0.997440	0.937528	0.997430	0.937528	0.997430	
1350065606.150758	0.999993	64.704106	51.560720	4.953159	0.914276	0.996295	0.914276	0.996292	0.914276	0.996289	0.914276	0.996286	0.914276	0.996283	0.914276	0.996281	0.914276	0.996279	0.914276	0.996278	1350065606.150795	0.999990	64.694755	51.393703	1.587983	0.937866	0.997779	0.937866	0.997778	0.937866	0.997776	0.937867	0.997775	0.937867	0.997773	0.937867	0.997772	0.937866	0.997770	0.937867	0.997769	
1350065607.150758	1.000000	64.704391	51.560333	4.953094	0.904901	0.996231	0.904901	0.996228	0.904901	0.996225	0.904901	0.996223	0.904901	0.996222	0.904902	0.996218	0.904902	0.996218	0.904901	0.996217	1350065607.150813	1.000018	64.696826	51.389676	1.586428	0.924809	0.998250	0.924809	0.998249	0.924809	0.998248	0.924809	0.998248	0.924809	0.998249	0.924809	0.998247	0.924809	0.998245	0.924809	0.998243	
1350065608.150758	1.000000	64.710388	51.566132	4.962891	0.904965	0.996316	0.904965	0.996314	0.904965	0.996311	0.904965	0.996309	0.904965	0.996308	0.904965	0.996305	0.904964	0.996304	0.904964	0.996304	1350065608.150799	0.999986	64.702113	51.386892	1.587882	0.924721	0.998302	0.924721	0.998301	0.924721	0.998300	0.924721	0.998298	0.924721	0.998296	0.924721	0.998295	0.924722	0.998296	0.924722	0.998296	
1350065609.150758	1.000000	64.705292	51.560165	4.968307	0.904673	0.996160	0.904674	0.996152	0.904674	0.996154	0.904674	0.996152	0.904674	0.996150	0.904674	0.996146	0.904674	0.996144	0.904674	0.996143	1350065609.150800	1.000001	64.696822	51.390179	1.586180	0.924689	0.998313	0.924689	0.998312	0.924690	0.998312	0.924690	0.998311	0.924690	0.998311	0.924690	0.998309	0.924690	0.998308	0.924691	0.998307	
1350065610.150758	1.000000	64.704514	51.558334	4.948151	0.904867	0.996381	0.904867	0.996384	0.904867	0.996375	0.904867	0.996370	0.904867	0.996369	0.904867	0.996367	0.904867	0.996366	0.904867	0.996363	1350065610.150795	0.999995	64.701984	51.401731	1.587807	0.924689	0.998353	0.924688	0.998351	0.924688	0.998352	0.924688	0.998351	0.924687	0.998350	0.924687	0.998349	0.924687	0.998348	0.924687	0.998348	
1350065611.150758	1.000000	64.705353	51.555725	4.958282	0.904672	0.996202	0.904672	0.996200	0.904672	0.996197	0.904672	0.996195	0.904672	0.996193	0.904672	0.996190	0.904672	0.996189	0.904672	0.996186	1350065611.150794	0.999999	64.700104	51.402957	1.594133	0.924813	0.998231	0.924813	0.998229	0.924813	0.998229	0.924812	0.998228	0.924813	0.998227	0.924813	0.998227	0.924813	0.998226	0.924812	0.998225	
1350065612.150765	1.000007	64.710597	51.555765	4.972378	0.905695	0.996401	0.905695	0.996398	0.905695	0.996399	0.905695	0.996393	0.905695	0.996391	0.905695	0.996389	0.905694	0.996388	0.905694	0.996387	1350065612.150806	1.000012	64.698432	51.404661	1.590115	0.924917	0.998292	0.924917	0.998291	0.924917	0.998289	0.924917	0.998288	0.924917	0.998286	0.924917	0.998285	0.924917	0.998285	0.924917	0.998284	
1350065613.150765	1.000000	64.706039	51.553085	4.957916	0.904238	0.996076	0.904238	0.996074	0.904239	0.996072	0.904239	0.996070	0.904239	0.996068	0.904239	0.996064	0.904239	0.996063	0.904239	0.996059	1350065613.150801	0.999995	64.701664	51.411329	1.590081	0.924757	0.998253	0.924757	0.998252	0.924757	0.998251	0.924757	0.998249	0.924757	0.998248	0.924757	0.998247	0.924757	0.998247	0.924757	0.998245	
1350065614.150758	0.999993	64.707250	51.549474	4.948154	0.904140	0.996121	0.904139	0.996120	0.904139	0.996117	0.904139	0.996115	0.904139	0.996114	0.904139	0.996111	0.904139	0.996109	0.904138	0.996106	1350065614.150799	0.999998	64.699754	51.410865	1.581180	0.924629	0.998413	0.924629	0.998413	0.924628	0.998413	0.924629	0.998413	0.924629	0.998411	0.924628	0.998410	0.924629	0.998408	0.924629	0.998406	
1350065615.150758	1.000000	64.703537	51.545425	4.963379	0.904068	0.996250	0.904068	0.996247	0.904068	0.996246	0.904068	0.996245	0.904068	0.996241	0.904068	0.996238	0.904068	0.996237	0.904068	0.996234	1350065615.150795	0.999996	64.633288	51.357752	1.579886	0.924589	0.998415	0.924589	0.998413	0.924589	0.998412	0.924589	0.998411	0.924589	0.998410	0.924589	0.998410	0.924589	0.998410	0.924589	0.998408	
1350065616.150758	1.000000	64.708359	51.549301	4.958313	0.904314	0.996156	0.904314	0.996155	0.904315	0.996153	0.904315	0.996151	0.904315	0.996148	0.904315	0.996146	0.904315	0.996143	0.904315	0.996142	1350065616.150795	1.000000	64.701263	51.414917	1.582794	0.924651	0.998368	0.924651	0.998366	0.924651	0.998365	0.924651	0.998365	0.924651	0.998365	0.924651	0.998365	0.924651	0.998363	0.924651	0.998362	
1350065617.150758	1.000000	64.706848	51.544724	4.948044	0.904568	0.996243	0.904568	0.996242	0.904568	0.996239	0.904568	0.996239	0.904568	0.996234	0.904568	0.996233	0.904568	0.996231	0.904568	0.996229	1350065617.150795	1.000000	64.696930	51.408173	1.589249	0.924738	0.998275	0.924738	0.998273	0.924738	0.998273	0.924738	0.998273	0.924738	0.998272	0.924738	0.998270	0.924738	0.998268	0.924738	0.998267	
1350065618.150758	1.000000	64.706345	51.544266	4.958130	0.904263	0.996029	0.904263	0.996027	0.904263	0.996022	0.904263	0.996020	0.904263	0.996017	0.904263	0.996016	0.904263	0.996015	0.904263	0.996012	1350065618.150795	1.000000	64.703339	51.414215	1.581192	0.924602	0.998389	0.924603	0.998387	0.924602	0.998385	0.924602	0.998384	0.924602	0.998383	0.924602	0.998383	0.924602	0.998383	0.924602	0.998382	
1350065619.150758	1.000000	64.638367	51.487152	4.953217	0.904103	0.995932	0.904103	0.995930	0.904103	0.995927	0.904103	0.995923	0.904103	0.995920	0.904103	0.995917	0.904103	0.995915	0.904103	0.995912	1350065619.150796	1.000001	64.695846	51.408185	1.582838	0.924420	0.998637	0.924420	0.998636	0.924421	0.998635	0.924421	0.998634	0.924421	0.998634	0.924421	0.998633	0.924421	0.998633	0.924422	0.998632	
1350065620.150758	1.000000	64.707733	51.544373	4.963211	0.903811	0.996107	0.903811	0.996104	0.903811	0.996105	0.903811	0.996102	0.903811	0.996101	0.903811	0.996096	0.903811	0.996094	0.903811	0.996092	1350065620.150794	0.999998	64.704667	51.417670	1.584460	0.924288	0.998578	0.924288	0.998577	0.924288	0.998576	0.924288	0.998576	0.924287	0.998575	0.924287	0.998574	0.924287	0.998573	0.924286	0.998572	
1350065621.150758	1.000000	64.707642	51.543335	4.943268	0.903338	0.996111	0.903337	0.996108	0.903337	0.996105	0.903337	0.996105	0.903337	0.996101	0.903337	0.996097	0.903337	0.996094	0.903336	0.996092	1350065621.150796	1.000002	64.695143	51.408151	1.582974	0.924320	0.998732	0.924321	0.998731	0.924321	0.998730	0.924321	0.998730	0.924322	0.998729	0.924322	0.998728	0.924322	0.998727	0.924322	0.998726	
1350065622.150758	1.000000	64.707870	51.544571	4.963348	0.903496	0.996166	0.903496	0.996163	0.903496	0.996162	0.903496	0.996158	0.903496	0.996156	0.903496	0.996154	0.903496	0.996152	0.903496	0.996148	1350065622.150796	1.000000	64.704315	51.416748	1.579636	0.924015	0.998930	0.924015	0.998928	0.924014	0.998928	0.924014	0.998927	0.924014	0.998925	0.924014	0.998925	0.924013	0.998924	0.924013	0.998923	
1350065623.150758	1.000000	64.707687	51.543594	4.968140	0.903546	0.996185	0.903545	0.996184	0.903546	0.996180	0.903546	0.996178	0.903546	0.996176	0.903546	0.996173	0.903546	0.996172	0.903546	0.996171	1350065623.150794	0.999998	64.699953	51.412726	1.583102	0.924076	0.998973	0.924076	0.998973	0.924076	0.998971	0.924076	0.998971	0.924076	0.998970	0.924076	0.998970	0.924076	0.998970	0.924076	0.998969	
1350065624.150758	1.000000	64.702835	51.539078	4.958099	0.910743	0.996115	0.910743	0.996112	0.910743	0.996111	0.910743	0.996110	0.910743	0.996107	0.910743	0.996103	0.910743	0.996102	0.910742	0.996099	1350065624.150796	1.000002	64.681777	51.389047	1.586041	0.947488	0.996896	0.947489	0.996895	0.947489	0.996893	0.947489	0.996892	0.947490	0.996889	0.947490	0.996888	0.947490	0.996886	0.947490	0.996885	
1350065625.150774	1.000016	715800809.133590	715762214.580072	715798856.947245	0.999986	1.000192	0.999984	1.000195	0.999994	1.000192	0.999986	1.000192	0.999986	1.000195	0.999989	1.000190	0.999986	1.000195	0.999986	1.000193	1350065625.152157	1.001361	714795052.068217	714793933.305851	714793271.842583	0.999986	1.000192	0.999984	1.000195	3.893276	0.256901	0.999986	1.000193	0.999986	1.000195	0.999989	1.000190	0.999986	1.000195	0.999987	1.000193	
1350065626.150765	0.999991	0.000000	0.000000	0.000000	-nan	-nan	-nan	-nan	0.000000	inf	-nan	-nan	-nan	0.000000	-nan	-nan	-nan	-nan	-nan	-nan	1350065626.150844	0.998687	0.000000	0.000000	0.000000	-nan	-nan	-nan	-nan	0.000000	inf	-nan	-nan	-nan	-nan	-nan	-nan	-nan	-nan	-nan	-nan	
