ts_0	elapsed_0	pkg_0	pp0_0	dram_0	freq_ratio_0_0	c0_ratio_0_0	freq_ratio_0_1	c0_ratio_0_1	freq_ratio_0_2	c0_ratio_0_2	freq_ratio_0_3	c0_ratio_0_3	freq_ratio_0_4	c0_ratio_0_4	freq_ratio_0_5	c0_ratio_0_5	freq_ratio_0_6	c0_ratio_0_6	freq_ratio_0_7	c0_ratio_0_7	ts_1	elapsed_1	pkg_1	pp0_1	dram_1	freq_ratio_1_0	c0_ratio_1_0	freq_ratio_1_1	c0_ratio_1_1	freq_ratio_1_2	c0_ratio_1_2	freq_ratio_1_3	c0_ratio_1_3	freq_ratio_1_4	c0_ratio_1_4	freq_ratio_1_5	c0_ratio_1_5	freq_ratio_1_6	c0_ratio_1_6	freq_ratio_1_7	c0_ratio_1_7	
1350068813.858822	1.000297	64.874389	51.554097	6.124859	1.230365	0.998123	1.166275	0.003926	1.230365	0.998103	1.163113	0.003582	1.230365	0.998101	1.157967	0.002670	1.230365	0.998100	1.158037	0.002624	1350068813.858957	1.000306	64.261929	51.201379	2.792603	1.230005	0.994186	1.178288	0.005925	1.230006	0.994194	1.161046	0.002563	1.230006	0.994190	1.160085	0.002516	1.230006	0.994190	1.160775	0.002547	
1350068814.858812	0.999990	64.896829	51.558805	6.121262	1.229619	0.992220	1.192577	0.002740	1.229619	0.992211	1.191980	0.002120	1.229620	0.992199	1.192352	0.000244	1.229620	0.992197	1.192102	0.003385	1350068814.858942	0.999985	64.351339	51.295875	3.787792	1.230650	0.998823	1.192849	0.000375	1.230650	0.998811	1.191064	0.000290	1.230650	0.998810	1.191411	0.000316	1.230650	0.998810	1.193155	0.000269	
1350068815.858812	1.000000	65.036102	51.698212	6.096725	1.230647	0.998727	1.191061	0.000497	1.230648	0.998724	1.195491	0.000226	1.230648	0.998724	1.192318	0.000170	1.230648	0.998722	1.194835	0.000248	1350068815.858938	0.999996	64.435472	51.374033	2.770901	1.230412	0.996766	1.192503	0.000187	1.230413	0.996764	1.195260	0.000204	1.230413	0.996764	1.194617	0.000272	1.230413	0.996762	1.191943	0.002054	
1350068816.858812	1.000000	64.970520	51.644760	6.121414	1.230617	0.998359	1.193673	0.000398	1.230617	0.998357	1.190580	0.000395	1.230617	0.998357	1.192187	0.000302	1.230617	0.998355	1.189530	0.000238	1350068816.858937	0.999999	64.384278	51.334873	2.749530	1.230097	0.993681	1.192325	0.000286	1.230096	0.993678	1.189865	0.000252	1.230097	0.993672	1.190368	0.000331	1.230097	0.993669	1.192501	0.004520	
1350068817.858812	1.000000	65.002304	51.663101	6.121414	1.230399	0.996565	1.192369	0.000338	1.230399	0.996561	1.192639	0.002195	1.230399	0.996559	1.196214	0.000177	1.230399	0.996557	1.195703	0.000196	1350068817.858950	1.000013	64.523721	51.460095	2.952476	1.230658	0.998857	1.194572	0.000225	1.230659	0.998857	1.194634	0.000239	1.230658	0.998856	1.194333	0.000308	1.230658	0.998855	1.192325	0.000370	
1350068818.858819	1.000007	64.976266	51.634164	6.127521	1.227944	0.987179	1.190788	0.000363	1.227944	0.987171	1.192346	0.008176	1.227945	0.987162	1.190213	0.000247	1.227945	0.987152	1.189655	0.000197	1350068818.859003	1.000053	64.578384	51.508962	3.862848	1.230648	0.998743	1.190848	0.000287	1.230648	0.998748	1.190391	0.000275	1.230648	0.998741	1.190933	0.000456	1.230648	0.998740	1.192253	0.000262	
1350068819.858812	0.999993	65.063804	51.720862	6.115307	1.230074	0.998239	1.192852	0.000981	1.230074	0.998238	1.192742	0.000482	1.230074	0.998237	1.194868	0.000200	1.230074	0.998236	1.194921	0.000207	1350068819.858943	0.999940	64.613883	51.542922	2.771132	1.230635	0.998770	1.192125	0.000639	1.230635	0.998761	1.194824	0.000237	1.230635	0.998760	1.193981	0.000253	1.230635	0.998759	1.190342	0.000430	
1350068820.858812	1.000000	65.048920	51.707932	6.121384	1.230490	0.997382	1.191948	0.001505	1.230490	0.997380	1.189598	0.000243	1.230489	0.997379	1.189826	0.000280	1.230490	0.997377	1.189547	0.000227	1350068820.858941	0.999998	64.589433	51.516456	2.931585	1.230484	0.997475	1.192251	0.000275	1.230484	0.997473	1.190266	0.000288	1.230483	0.997472	1.192969	0.000353	1.230484	0.997469	1.192994	0.001309	
1350068821.858812	1.000000	65.085510	51.744278	6.109070	1.230656	0.998771	1.192211	0.000330	1.230657	0.998768	1.195035	0.000256	1.230657	0.998767	1.192454	0.000182	1.230657	0.998767	1.195721	0.000189	1350068821.858943	1.000002	64.496413	51.431085	2.710490	1.230005	0.993544	1.192241	0.000199	1.230020	0.993538	1.195500	0.000194	1.230020	0.993535	1.191666	0.000305	1.230020	0.993529	1.192295	0.004579	
1350068822.858812	1.000000	65.061737	51.719009	6.115234	1.230551	0.997827	1.191907	0.000505	1.230551	0.997824	1.191578	0.000946	1.230551	0.997824	1.192353	0.000214	1.230551	0.997823	1.189377	0.000222	1350068822.858937	0.999994	64.581089	51.515566	2.844469	1.230620	0.998729	1.192288	0.000249	1.230605	0.998728	1.190090	0.000280	1.230605	0.998727	1.191027	0.000309	1.230605	0.998727	1.192819	0.000456	
1350068823.858812	1.000000	65.104858	51.761414	6.121399	1.230661	0.998813	1.192291	0.000306	1.230661	0.998811	1.195402	0.000234	1.230661	0.998810	1.192186	0.000181	1.230661	0.998810	1.195886	0.000182	1350068823.858941	1.000004	64.593275	51.525823	2.718815	1.230474	0.996888	1.192386	0.000196	1.230474	0.996885	1.192697	0.001797	1.230474	0.996882	1.194594	0.000274	1.230475	0.996880	1.190167	0.000365	
1350068824.858812	1.000000	65.102295	51.759796	6.121399	1.230508	0.998159	1.193385	0.000648	1.230508	0.998158	1.191937	0.001882	1.230508	0.998157	1.192316	0.000336	1.230508	0.998156	1.189328	0.000219	1350068824.858938	0.999997	64.561830	51.496467	2.768594	1.229863	0.992354	1.192280	0.000351	1.229863	0.992345	1.190481	0.000332	1.229863	0.992338	1.190514	0.000344	1.229863	0.992332	1.192293	0.005142	
1350068825.858812	1.000000	65.113708	51.769699	6.127563	1.230646	0.998729	1.191305	0.000571	1.230646	0.998728	1.194554	0.000320	1.230645	0.998727	1.192460	0.000164	1.230646	0.998726	1.195998	0.000183	1350068825.858948	1.000010	64.625101	51.554843	2.704624	1.230483	0.997732	1.192293	0.000213	1.230483	0.997731	1.193999	0.000293	1.230483	0.997734	1.193895	0.000251	1.230483	0.997728	1.192944	0.001206	
1350068826.858812	1.000000	65.047485	51.701538	6.109085	1.230645	0.998709	1.192268	0.000361	1.230645	0.998707	1.189205	0.000235	1.230645	0.998707	1.192260	0.000249	1.230645	0.998706	1.189724	0.000252	1350068826.858943	0.999995	64.464953	51.405775	2.728895	1.230310	0.995412	1.192260	0.000254	1.230310	0.995408	1.190362	0.000235	1.230311	0.995406	1.191148	0.000316	1.230311	0.995404	1.192410	0.002917	
1350068827.858812	1.000000	65.028458	51.697006	6.109070	1.230648	0.998708	1.193635	0.000416	1.230648	0.998705	1.195230	0.000244	1.230648	0.998705	1.195831	0.000187	1.230649	0.998704	1.195516	0.000205	1350068827.858946	1.000003	64.573073	51.498925	2.718818	1.229947	0.992899	1.194596	0.000223	1.229947	0.992889	1.195240	0.000212	1.229947	0.992884	1.194428	0.000274	1.229947	0.992883	1.192160	0.004954	
1350068828.858812	1.000000	65.123154	51.778961	6.102905	1.230660	0.998832	1.190048	0.000323	1.230660	0.998832	1.189308	0.000230	1.230660	0.998831	1.189364	0.000218	1.230660	0.998831	1.189318	0.000214	1350068828.858934	0.999988	64.606590	51.533207	2.751574	1.230386	0.996241	1.190163	0.000238	1.230385	0.996250	1.189637	0.000228	1.230386	0.996244	1.190304	0.000305	1.230386	0.996243	1.192646	0.002385	
1350068829.858812	1.000000	65.112885	51.765228	6.084427	1.230631	0.998550	1.193646	0.000579	1.230631	0.998548	1.195417	0.000228	1.230631	0.998547	1.195765	0.000188	1.230631	0.998546	1.195416	0.000206	1350068829.858952	1.000018	64.578664	51.504816	2.710614	1.230058	0.993229	1.194607	0.000234	1.230059	0.993216	1.195175	0.000217	1.230059	0.993212	1.194501	0.000274	1.230059	0.993206	1.192299	0.004671	
1350068830.858812	1.000000	65.168259	51.817581	6.115219	1.230644	0.998723	1.192214	0.000505	1.230644	0.998722	1.189389	0.000240	1.230644	0.998721	1.190168	0.000237	1.230644	0.998720	1.189910	0.000217	1350068830.858939	0.999987	64.638696	51.562963	2.710347	1.230476	0.997353	1.190391	0.000223	1.230476	0.997353	1.189725	0.000226	1.230476	0.997352	1.190013	0.000275	1.230476	0.997349	1.192398	0.001477	
1350068831.858812	1.000000	65.137695	51.786911	6.115234	1.230653	0.998744	1.192218	0.000355	1.230653	0.998748	1.195437	0.000229	1.230653	0.998743	1.191659	0.000197	1.230653	0.998742	1.195058	0.000195	1350068831.858945	1.000006	64.627789	51.553449	2.715453	1.230417	0.996267	1.192503	0.000202	1.230418	0.996265	1.195324	0.000201	1.230418	0.996256	1.192520	0.000256	1.230418	0.996255	1.191942	0.002370	
1350068832.858812	1.000000	65.144196	51.790665	6.121399	1.230649	0.998726	1.192297	0.000371	1.230649	0.998725	1.189165	0.000226	1.230649	0.998724	1.192343	0.000215	1.230649	0.998723	1.189910	0.000257	1350068832.858966	1.000021	64.696580	51.618973	2.745624	1.230635	0.998683	1.191744	0.000241	1.230634	0.998682	1.190137	0.000271	1.230634	0.998682	1.192289	0.000322	1.230634	0.998681	1.194388	0.000429	
1350068833.858812	1.000000	65.160065	51.807129	6.133728	1.230660	0.998814	1.192339	0.000319	1.230660	0.998807	1.195449	0.000230	1.230660	0.998807	1.192244	0.000182	1.230660	0.998806	1.195740	0.000181	1350068833.858942	0.999976	64.708330	51.635078	2.710408	1.230666	0.998923	1.192130	0.000213	1.230666	0.998921	1.195450	0.000191	1.230666	0.998921	1.194426	0.000270	1.230666	0.998920	1.192013	0.000318	
1350068834.858812	1.000000	65.032303	51.677505	6.115234	1.228326	0.987460	1.191265	0.000543	1.228326	0.987448	1.192000	0.002206	1.228326	0.987443	1.192218	0.000225	1.228326	0.987433	1.192275	0.008024	1350068834.858934	0.999992	64.679037	51.602118	3.865205	1.230643	0.998858	1.192225	0.000321	1.230657	0.998857	1.190315	0.000287	1.230657	0.998856	1.190122	0.000290	1.230657	0.998856	1.192661	0.000292	
1350068835.858812	1.000000	65.173813	51.823425	6.158340	1.225777	0.985777	1.193109	0.000666	1.225777	0.985765	1.195792	0.000204	1.225777	0.985758	1.192491	0.000162	1.225777	0.985749	1.192326	0.008500	1350068835.858936	1.000002	64.707320	51.628350	3.844628	1.230659	0.998793	1.192260	0.000291	1.230645	0.998792	1.194668	0.000250	1.230645	0.998791	1.194726	0.000262	1.230645	0.998791	1.190018	0.000343	
1350068836.858812	1.000000	65.144821	51.791611	6.115234	1.229817	0.997714	1.190250	0.000335	1.229818	0.997712	1.191676	0.000982	1.229818	0.997712	1.192376	0.000236	1.229818	0.997710	1.189030	0.000278	1350068836.858940	1.000004	64.590635	51.523778	2.853763	1.228222	0.987668	1.191815	0.000266	1.228222	0.987664	1.192369	0.007637	1.228222	0.987652	1.190294	0.000298	1.228222	0.987646	1.192892	0.000287	
1350068837.858812	1.000000	65.111786	51.762558	6.139893	1.228039	0.987500	1.194129	0.000310	1.228040	0.987490	1.192445	0.008228	1.228040	0.987484	1.195881	0.000178	1.228040	0.987475	1.195729	0.000191	1350068837.858944	1.000004	64.671735	51.592137	3.830230	1.230658	0.998901	1.195486	0.000243	1.230658	0.998900	1.191813	0.000300	1.230659	0.998899	1.193983	0.000255	1.230658	0.998899	1.191630	0.000300	
1350068838.858812	1.000000	65.036743	51.699509	6.101898	1.229487	0.992550	1.160064	0.003270	1.229487	0.992546	1.178963	0.008175	1.229487	0.992542	1.156537	0.002751	1.229487	0.992534	1.156472	0.002623	1350068838.858940	0.999996	64.709186	51.627376	3.610946	1.230184	0.998810	1.158347	0.002422	1.230184	0.998809	1.160016	0.002597	1.230184	0.998809	1.159708	0.002650	1.230184	0.998808	1.158581	0.002350	
1350068839.858814	1.000002	715796577.948284	715787846.631396	715824187.056635	0.999988	1.000200	0.999985	1.000202	0.999995	1.000200	0.999988	1.000200	0.999988	1.000203	0.999990	1.000198	0.999988	1.000203	0.999988	1.000200	1350068839.858898	0.999958	715807463.519084	715815346.542175	715857340.745774	0.999988	1.000200	0.999985	1.000202	3.893200	0.256908	0.999988	1.000200	0.999988	1.000202	0.999990	1.000198	0.999988	1.000203	0.999988	1.000201	
1350068840.858873	1.000059	0.000000	0.000000	0.000000	-nan	-nan	-nan	-nan	0.000000	inf	-nan	-nan	-nan	0.000000	-nan	-nan	-nan	-nan	-nan	-nan	1350068840.858935	1.000037	0.000000	0.000000	0.000000	-nan	-nan	-nan	-nan	0.000000	inf	-nan	-nan	-nan	-nan	-nan	-nan	-nan	-nan	-nan	-nan	
