ts_0	elapsed_0	pkg_0	pp0_0	dram_0	freq_ratio_0_0	c0_ratio_0_0	freq_ratio_0_1	c0_ratio_0_1	freq_ratio_0_2	c0_ratio_0_2	freq_ratio_0_3	c0_ratio_0_3	freq_ratio_0_4	c0_ratio_0_4	freq_ratio_0_5	c0_ratio_0_5	freq_ratio_0_6	c0_ratio_0_6	freq_ratio_0_7	c0_ratio_0_7	ts_1	elapsed_1	pkg_1	pp0_1	dram_1	freq_ratio_1_0	c0_ratio_1_0	freq_ratio_1_1	c0_ratio_1_1	freq_ratio_1_2	c0_ratio_1_2	freq_ratio_1_3	c0_ratio_1_3	freq_ratio_1_4	c0_ratio_1_4	freq_ratio_1_5	c0_ratio_1_5	freq_ratio_1_6	c0_ratio_1_6	freq_ratio_1_7	c0_ratio_1_7	
1350068977.269659	1.000155	91.082244	77.711163	3.800696	1.153846	1.000000	1.153846	1.000000	1.153846	1.000000	1.153846	1.000000	1.153846	1.000000	1.153846	1.000000	1.153846	1.000000	1.153846	1.000000	1350068977.269710	1.000151	78.281643	65.000719	1.642452	1.192163	0.998474	1.192163	0.998473	1.192163	0.998472	1.192163	0.998470	1.192163	0.998469	1.153848	0.000918	1.192163	0.998468	1.152578	0.000433	
1350068978.269645	0.999986	91.518301	78.159684	3.809380	1.153846	1.000000	1.153846	1.000000	1.153846	1.000000	1.153846	1.000000	1.153846	1.000000	1.153846	1.000000	1.153846	1.000000	1.153846	1.000000	1350068978.269698	0.999988	78.548879	65.260010	1.604893	1.192180	0.998586	1.192180	0.998584	1.192180	0.998583	1.192180	0.998581	1.192180	0.998581	1.153815	0.000780	1.192180	0.998581	1.153856	0.000390	
1350068979.269645	1.000000	91.758163	78.387878	3.793686	1.153846	1.000000	1.153846	1.000000	1.153846	1.000000	1.153846	1.000000	1.153846	1.000000	1.153846	1.000000	1.153846	1.000000	1.153846	1.000000	1350068979.269701	1.000003	78.469804	65.173580	1.599330	1.192182	0.998605	1.192182	0.998605	1.192182	0.998604	1.192182	0.998603	1.192182	0.998603	1.153820	0.000807	1.192182	0.998601	1.153717	0.000353	
1350068980.269645	1.000000	91.977905	78.600754	3.801132	1.153846	1.000000	1.153847	1.000000	1.153846	1.000000	1.153846	1.000000	1.153846	1.000000	1.153846	1.000000	1.153846	1.000000	1.153846	1.000000	1350068980.269701	1.000000	78.270142	64.967911	1.633759	1.192162	0.998454	1.192162	0.998453	1.192162	0.998451	1.192162	0.998449	1.192162	0.998449	1.153856	0.000771	1.192162	0.998448	1.153818	0.000535	
1350068981.269645	1.000000	92.082901	78.702057	3.793808	1.153846	1.000000	1.153846	1.000000	1.153846	1.000000	1.153846	1.000000	1.153846	1.000000	1.153846	1.000000	1.153846	1.000000	1.153846	1.000000	1350068981.269699	0.999998	78.232663	64.923494	1.581241	1.192182	0.998589	1.192182	0.998588	1.192182	0.998587	1.192182	0.998585	1.192182	0.998585	1.153834	0.000823	1.192182	0.998584	1.153803	0.000351	
1350068982.269652	1.000007	92.213138	78.829380	3.801274	1.153846	1.000000	1.153846	1.000000	1.153846	1.000000	1.153846	1.000000	1.153846	1.000000	1.153846	1.000000	1.153846	1.000000	1.153846	1.000000	1350068982.269700	1.000001	78.206789	64.904021	1.600386	1.192177	0.998516	1.192177	0.998515	1.192177	0.998514	1.192177	0.998512	1.192177	0.998511	1.153765	0.000803	1.192177	0.998511	1.153838	0.000419	
1350068983.269645	0.999993	92.322767	78.927838	3.805034	1.153846	1.000000	1.153846	1.000000	1.153846	1.000000	1.153846	1.000000	1.153846	1.000000	1.153846	1.000000	1.153846	1.000000	1.153846	1.000000	1350068983.269704	1.000004	78.325793	65.007946	1.584710	1.192189	0.998652	1.192189	0.998651	1.192189	0.998650	1.192189	0.998649	1.192189	0.998649	1.153670	0.000749	1.192189	0.998646	1.153750	0.000324	
1350068984.269645	1.000000	92.416367	79.009232	3.801361	1.153846	1.000000	1.153846	1.000000	1.153846	1.000000	1.153846	1.000000	1.153846	1.000000	1.153846	1.000000	1.153846	1.000000	1.153846	1.000000	1350068984.269700	0.999996	78.322018	65.001972	1.625586	1.192160	0.998428	1.192160	0.998427	1.192160	0.998426	1.192160	0.998424	1.192160	0.998424	1.153823	0.000783	1.192160	0.998422	1.153788	0.000534	
1350068985.269645	1.000000	92.344681	78.945541	3.793854	1.153846	1.000000	1.153846	1.000000	1.153846	1.000000	1.153846	1.000000	1.153846	1.000000	1.153846	1.000000	1.153846	1.000000	1.153846	1.000000	1350068985.269704	1.000004	78.357135	65.036235	1.587884	1.192189	0.998672	1.192189	0.998671	1.192189	0.998670	1.192189	0.998669	1.192189	0.998668	1.154009	0.000768	1.192189	0.998667	1.153902	0.000347	
1350068986.269645	1.000000	92.501190	79.086380	3.805420	1.153846	1.000000	1.153846	1.000000	1.153846	1.000000	1.153846	1.000000	1.153846	1.000000	1.153846	1.000000	1.153846	1.000000	1.153846	1.000000	1350068986.269705	1.000001	78.390825	65.068923	1.590468	1.192165	0.998517	1.192165	0.998516	1.192165	0.998514	1.192165	0.998513	1.192165	0.998512	1.153834	0.000922	1.192165	0.998511	1.153804	0.000385	
1350068987.269651	1.000006	92.551969	79.131349	3.801293	1.153846	1.000000	1.153846	1.000000	1.153846	1.000000	1.153846	1.000000	1.153846	1.000000	1.153846	1.000000	1.153846	1.000000	1.153846	1.000000	1350068987.269706	1.000001	78.420549	65.099151	1.586104	1.192181	0.998561	1.192181	0.998560	1.192181	0.998559	1.192181	0.998557	1.192181	0.998556	1.153630	0.000800	1.192181	0.998555	1.153806	0.000358	
1350068988.269651	1.000000	92.565674	79.145477	3.797714	1.153846	1.000000	1.153846	1.000000	1.153846	1.000000	1.153846	1.000000	1.153846	1.000000	1.153846	1.000000	1.153846	1.000000	1.153846	1.000000	1350068988.269708	1.000002	78.431033	65.110197	1.629605	1.192170	0.998471	1.192170	0.998469	1.192170	0.998469	1.192171	0.998467	1.192170	0.998466	1.154047	0.000806	1.192171	0.998465	1.153751	0.000495	
1350068989.269645	0.999994	92.612079	79.184813	3.790062	1.153846	1.000000	1.153846	1.000000	1.153846	1.000000	1.153846	1.000000	1.153846	1.000000	1.153846	1.000000	1.153846	1.000000	1.153846	1.000000	1350068989.269706	0.999998	78.394177	65.075304	1.587741	1.192181	0.998563	1.192181	0.998562	1.192181	0.998561	1.192181	0.998559	1.192181	0.998558	1.153636	0.000790	1.192181	0.998557	1.153914	0.000365	
1350068990.269651	1.000006	92.645215	79.217790	3.804695	1.153846	1.000000	1.153846	1.000000	1.153846	1.000000	1.153846	1.000000	1.153846	1.000000	1.153846	1.000000	1.153846	1.000000	1.153846	1.000000	1350068990.269701	0.999995	77.278555	63.956497	1.597924	1.191161	0.998699	1.191161	0.998698	1.191161	0.998697	1.191161	0.998696	1.191161	0.998695	1.153876	0.003262	1.191161	0.998694	1.153843	0.003770	
1350068991.269645	0.999994	91.795744	78.360162	3.805229	1.153846	1.000000	1.153846	1.000000	1.153846	1.000000	1.153846	1.000000	1.153846	1.000000	1.153846	1.000000	1.153846	1.000000	1.153846	1.000000	1350068991.269699	0.999998	77.513057	64.188462	1.586276	1.192186	0.998652	1.192186	0.998650	1.192186	0.998649	1.192186	0.998648	1.192186	0.998647	1.153834	0.000803	1.192187	0.998647	1.153726	0.000340	
1350068992.269645	1.000000	92.692856	79.252747	3.797607	1.153846	1.000000	1.153846	1.000000	1.153846	1.000000	1.153846	1.000000	1.153846	1.000000	1.153846	1.000000	1.153846	1.000000	1.153846	1.000000	1350068992.269700	1.000001	78.428194	65.105300	1.587813	1.192171	0.998468	1.192171	0.998468	1.192171	0.998467	1.192171	0.998465	1.192171	0.998463	1.153686	0.000779	1.192171	0.998463	1.153883	0.000461	
1350068993.269645	1.000000	92.735535	79.294724	3.801941	1.153846	1.000000	1.153846	1.000000	1.153846	1.000000	1.153846	1.000000	1.153846	1.000000	1.153846	1.000000	1.153846	1.000000	1.153846	1.000000	1350068993.269701	1.000001	78.451616	65.127700	1.592574	1.192185	0.998605	1.192185	0.998604	1.192186	0.998602	1.192186	0.998602	1.192186	0.998600	1.153973	0.000757	1.192186	0.998600	1.153741	0.000353	
1350068994.269645	1.000000	92.764191	79.323425	3.801575	1.153846	1.000000	1.153846	1.000000	1.153846	1.000000	1.153846	1.000000	1.153846	1.000000	1.153846	1.000000	1.153846	1.000000	1.153846	1.000000	1350068994.269703	1.000002	78.425525	65.100889	1.589291	1.192182	0.998585	1.192182	0.998583	1.192182	0.998582	1.192182	0.998582	1.192182	0.998580	1.153844	0.000783	1.192182	0.998581	1.153825	0.000399	
1350068995.269645	1.000000	92.764603	79.323196	3.797455	1.153846	1.000000	1.153846	1.000000	1.153846	1.000000	1.153846	1.000000	1.153846	1.000000	1.153846	1.000000	1.153846	1.000000	1.153846	1.000000	1350068995.269700	0.999997	78.430846	65.106067	1.594121	1.192184	0.998583	1.192184	0.998581	1.192184	0.998580	1.192184	0.998578	1.192184	0.998577	1.153750	0.000767	1.192184	0.998576	1.153759	0.000354	
1350068996.269645	1.000000	92.787460	79.343460	3.786240	1.153846	1.000000	1.153846	1.000000	1.153846	1.000000	1.153846	1.000000	1.153846	1.000000	1.153846	1.000000	1.153846	1.000000	1.153846	1.000000	1350068996.269715	1.000015	78.459133	65.134977	1.589362	1.192161	0.998471	1.192160	0.998470	1.192161	0.998469	1.192161	0.998467	1.192161	0.998466	1.153759	0.000860	1.192161	0.998467	1.153807	0.000460	
1350068997.269645	1.000000	92.878510	79.433258	3.801315	1.153846	1.000000	1.153846	1.000000	1.153846	1.000000	1.153846	1.000000	1.153846	1.000000	1.153846	1.000000	1.153846	1.000000	1.153846	1.000000	1350068997.269701	0.999986	78.481054	65.156678	1.587837	1.192185	0.998610	1.192185	0.998609	1.192185	0.998609	1.192186	0.998608	1.192185	0.998607	1.153993	0.000763	1.192186	0.998605	1.153773	0.000360	
1350068998.269645	1.000000	92.936325	79.490158	3.805252	1.153846	1.000000	1.153846	1.000000	1.153846	1.000000	1.153846	1.000000	1.153846	1.000000	1.153846	1.000000	1.153846	1.000000	1.153846	1.000000	1350068998.269702	1.000001	78.469224	65.143386	1.593962	1.192182	0.998585	1.192182	0.998584	1.192182	0.998583	1.192182	0.998581	1.192182	0.998580	1.153819	0.000790	1.192182	0.998579	1.153856	0.000385	
1350068999.269645	1.000000	92.964417	79.515366	3.793533	1.153846	1.000000	1.153846	1.000000	1.153846	1.000000	1.153846	1.000000	1.153846	1.000000	1.153846	1.000000	1.153846	1.000000	1.153846	1.000000	1350068999.269701	0.999999	78.494963	65.169419	1.591234	1.192187	0.998651	1.192188	0.998650	1.192188	0.998649	1.192188	0.998648	1.192188	0.998648	1.153852	0.000772	1.192188	0.998646	1.153866	0.000371	
1350069000.269645	1.000000	92.908966	79.472885	3.801849	1.153846	1.000000	1.153846	1.000000	1.153846	1.000000	1.153846	1.000000	1.153846	1.000000	1.153846	1.000000	1.153846	1.000000	1.153846	1.000000	1350069000.269701	1.000000	78.508194	65.182312	1.597107	1.192176	0.998518	1.192176	0.998518	1.192176	0.998517	1.192176	0.998516	1.192176	0.998515	1.153843	0.000790	1.192176	0.998514	1.153687	0.000419	
1350069001.269645	1.000000	93.014893	79.564102	3.796936	1.153846	1.000000	1.153846	1.000000	1.153846	1.000000	1.153846	1.000000	1.153846	1.000000	1.153846	1.000000	1.153846	1.000000	1.153846	1.000000	1350069001.269694	0.999993	78.599588	65.271829	1.660427	1.191295	0.997890	1.191295	0.997888	1.191295	0.997887	1.191295	0.997886	1.191295	0.997883	1.153863	0.003047	1.191295	0.997883	1.153845	0.016504	
1350069002.269645	1.000000	92.985687	79.534241	3.805466	1.153846	1.000000	1.153846	1.000000	1.153846	1.000000	1.153846	1.000000	1.153846	1.000000	1.153846	1.000000	1.153846	1.000000	1.153846	1.000000	1350069002.269698	1.000004	78.459826	65.146388	1.635278	1.192176	0.998542	1.192176	0.998542	1.192176	0.998540	1.192176	0.998539	1.192176	0.998539	1.153650	0.000616	1.192176	0.998538	1.153839	0.000614	
1350069003.269659	1.000014	93.015659	79.560923	3.804664	1.153846	1.000000	1.153846	1.000000	1.153846	1.000000	1.153846	1.000000	1.153846	1.000000	1.153846	1.000000	1.153846	1.000000	1.153846	1.000000	1350069003.269709	1.000011	78.847997	65.507292	1.783977	1.190106	0.998358	1.190106	0.998356	1.190106	0.998355	1.190106	0.998354	1.190106	0.998352	1.153847	0.053350	1.190107	0.998352	1.153751	0.000845	
1350069004.269645	0.999986	93.046734	79.591970	3.805214	1.153846	1.000000	1.153846	1.000000	1.153846	1.000000	1.153846	1.000000	1.153846	1.000000	1.153846	1.000000	1.153846	1.000000	1.153846	1.000000	1350069004.269700	0.999991	78.267036	64.951303	1.622741	1.192173	0.998498	1.192173	0.998498	1.192173	0.998496	1.192173	0.998495	1.192173	0.998494	1.153838	0.000424	1.192173	0.998493	1.153910	0.000848	
1350069005.269661	1.000016	715791388.100610	715786800.507083	715808466.043794	0.999984	1.000176	0.999981	1.000180	0.999984	1.000188	0.999982	1.000171	0.999984	1.000179	0.999986	1.000175	0.999984	1.000182	0.999983	1.000175	1350069005.269765	1.000065	715756067.881362	715747158.199529	715734022.032673	0.999983	1.000175	0.999981	1.000179	3.893429	0.256887	0.999983	1.000176	0.999984	1.000180	0.999986	1.000174	0.999983	1.000177	0.999984	1.000180	
1350069006.269730	1.000069	0.000000	0.000000	0.000000	-nan	-nan	-nan	-nan	1.000008	inf	-nan	-nan	-nan	0.000000	-nan	-nan	-nan	-nan	-nan	-nan	1350069006.269811	1.000046	0.000000	0.000000	0.000000	-nan	-nan	-nan	-nan	1.345745	inf	-nan	-nan	-nan	-nan	-nan	-nan	-nan	-nan	-nan	-nan	
