ts_0	elapsed_0	pkg_0	pp0_0	dram_0	freq_ratio_0_0	c0_ratio_0_0	freq_ratio_0_1	c0_ratio_0_1	freq_ratio_0_2	c0_ratio_0_2	freq_ratio_0_3	c0_ratio_0_3	freq_ratio_0_4	c0_ratio_0_4	freq_ratio_0_5	c0_ratio_0_5	freq_ratio_0_6	c0_ratio_0_6	freq_ratio_0_7	c0_ratio_0_7	ts_1	elapsed_1	pkg_1	pp0_1	dram_1	freq_ratio_1_0	c0_ratio_1_0	freq_ratio_1_1	c0_ratio_1_1	freq_ratio_1_2	c0_ratio_1_2	freq_ratio_1_3	c0_ratio_1_3	freq_ratio_1_4	c0_ratio_1_4	freq_ratio_1_5	c0_ratio_1_5	freq_ratio_1_6	c0_ratio_1_6	freq_ratio_1_7	c0_ratio_1_7	
1349419448.646133	1.001383	55.138416	41.079796	0.000000	1.230988	0.996318	1.230549	0.989947	1.230718	0.989535	1.225463	0.002155	1.192670	0.000237	1.171200	0.000137	1.212668	0.000527	1.150110	0.000070	1349419448.646477	1.000794	55.569285	41.646440	0.000000	1.230752	0.990571	1.230667	0.990515	1.230266	0.000121	1.231049	0.000105	1.002597	0.000105	1.228637	0.000374	1.001699	0.000140	1.230586	0.991411	
1349419449.646128	0.999995	55.481738	41.404657	0.000000	1.230765	0.999850	1.230766	0.999842	1.230766	0.999848	1.230776	0.001003	1.230789	0.000057	1.202393	0.000007	1.230663	0.000205	1.230312	0.000079	1349419449.646465	0.999988	55.907542	41.985715	0.000000	1.230765	0.999851	1.230765	0.999848	1.230270	0.000129	1.231045	0.000011	1.227865	0.000016	1.231752	0.000856	1.230225	0.000006	1.230765	0.999954	
1349419450.646128	1.000000	55.613983	41.521790	0.000000	1.230763	0.999835	1.230764	0.999871	1.230765	0.999883	1.230169	0.000650	1.227908	0.000130	1.228265	0.000053	1.230711	0.000261	1.231799	0.000015	1349419450.646461	0.999996	55.999144	42.079867	0.000000	1.230763	0.999919	1.230763	0.999933	1.216327	0.000031	1.223304	0.000060	1.232739	0.000046	1.229770	0.000044	1.230738	0.000073	1.230763	0.999927	
1349419451.646129	1.000001	55.529381	41.442557	0.000000	1.230766	0.999164	1.230765	0.999135	1.230765	0.999156	1.230827	0.000448	1.231008	0.000083	1.244773	0.000015	1.230875	0.000214	1.231005	0.000073	1349419451.646467	1.000006	55.915103	42.010065	0.000000	1.230766	0.999182	1.230765	0.999164	1.230136	0.000104	1.229924	0.000011	1.228871	0.000011	1.233040	0.000011	1.230795	0.000016	1.230794	0.999930	
1349419452.646128	0.999999	55.542945	41.450342	0.000000	1.230763	0.999933	1.230763	0.999933	1.230764	0.999933	1.230004	0.000574	1.227831	0.000126	1.228515	0.000052	1.230668	0.000264	1.232619	0.000014	1349419452.646467	1.000000	55.902893	42.006531	0.000000	1.230763	0.999929	1.230763	0.999929	1.216815	0.000034	1.223394	0.000058	1.231023	0.000054	1.228739	0.000059	1.230749	0.000074	1.230763	0.999925	
1349419453.646131	1.000003	55.504451	41.411844	0.000000	1.230767	0.999910	1.230765	0.999841	1.230765	0.999852	1.230942	0.000510	1.230784	0.000058	1.246729	0.000015	1.230812	0.000256	1.230486	0.000070	1349419453.646474	1.000007	55.896373	42.000930	0.000000	1.230765	0.999935	1.230765	0.999955	1.231765	0.000102	1.228586	0.000011	1.231276	0.000011	1.232325	0.000072	1.230095	0.000015	1.230765	0.999952	
1349419454.646129	0.999998	55.548034	41.456530	0.000000	1.230764	0.999935	1.230764	0.999934	1.230764	0.999934	1.230231	0.000646	1.226904	0.000101	1.220967	0.000053	1.230762	0.000336	1.233634	0.000015	1349419454.646470	0.999996	55.923216	42.038409	0.000000	1.230763	0.999931	1.230763	0.999931	1.211408	0.000030	1.222698	0.000065	1.230503	0.000047	1.230741	0.000990	1.230770	0.002071	1.230763	0.999925	
1349419455.646125	0.999996	715809839.224999	715781001.070395	715830786.066720	0.999970	1.000019	0.999972	1.000039	0.999973	1.000038	0.999972	1.000027	0.999972	1.000030	0.999974	1.000022	0.999971	1.000023	0.999974	1.000037	1349419455.646244	0.999774	715936670.362377	715986260.652190	715989713.298710	0.999974	1.000036	0.999968	1.000023	3.894151	0.256799	0.999971	1.000024	0.999971	1.000026	0.999976	1.000031	0.999971	1.000024	0.999974	1.000035	
1349419456.646132	1.000007	0.000000	0.000000	0.000000	-nan	-nan	-nan	-nan	1.000008	inf	-nan	-nan	-nan	0.000000	-nan	-nan	-nan	-nan	-nan	-nan	1349419456.646192	0.999948	0.000000	0.000000	0.000000	-nan	-nan	-nan	-nan	1.345745	inf	-nan	-nan	-nan	-nan	-nan	-nan	-nan	-nan	-nan	-nan	
1349419457.646133	1.000001	0.000000	0.000000	0.000000	-nan	-nan	-nan	-nan	0.000000	inf	-nan	-nan	-nan	0.000000	-nan	-nan	-nan	-nan	-nan	-nan	1349419457.646202	1.000010	0.000000	0.000000	0.000000	-nan	-nan	-nan	-nan	-nan	-nan	-nan	-nan	-nan	-nan	-nan	-nan	-nan	-nan	-nan	-nan	
