ts_0	elapsed_0	pkg_0	pp0_0	dram_0	freq_ratio_0_0	c0_ratio_0_0	freq_ratio_0_1	c0_ratio_0_1	freq_ratio_0_2	c0_ratio_0_2	freq_ratio_0_3	c0_ratio_0_3	freq_ratio_0_4	c0_ratio_0_4	freq_ratio_0_5	c0_ratio_0_5	freq_ratio_0_6	c0_ratio_0_6	freq_ratio_0_7	c0_ratio_0_7	ts_1	elapsed_1	pkg_1	pp0_1	dram_1	freq_ratio_1_0	c0_ratio_1_0	freq_ratio_1_1	c0_ratio_1_1	freq_ratio_1_2	c0_ratio_1_2	freq_ratio_1_3	c0_ratio_1_3	freq_ratio_1_4	c0_ratio_1_4	freq_ratio_1_5	c0_ratio_1_5	freq_ratio_1_6	c0_ratio_1_6	freq_ratio_1_7	c0_ratio_1_7	
1349419448.642433	1.001501	53.747887	39.759410	0.000000	1.230768	0.987487	1.231125	0.997918	1.230761	0.987371	1.228208	0.002428	1.142955	0.000062	1.214400	0.000284	1.126700	0.000045	0.695073	0.000057	1349419448.642766	1.000797	52.978191	39.280170	0.000000	1.230744	0.988648	1.202102	0.000825	1.230765	0.987933	1.088041	0.000166	1.262998	0.000034	1.091531	0.000170	1.241704	0.000103	1.230751	0.989289	
1349419449.642433	1.000000	54.215714	40.201782	0.000000	1.230750	0.999174	1.230750	0.999187	1.230750	0.999180	1.229074	0.002123	1.224670	0.000401	1.226382	0.000397	1.214458	0.000083	1.219260	0.000098	1349419449.642765	0.999999	53.355001	39.648964	0.000000	1.230758	0.999183	1.212372	0.000124	1.230758	0.999166	1.230791	0.000062	1.220723	0.000111	1.227132	0.000227	1.209561	0.000059	1.230782	0.999846	
1349419450.642430	0.999997	54.224549	40.201296	0.000000	1.230713	0.999789	1.230740	0.999753	1.230741	0.999751	1.229083	0.000397	1.229542	0.000245	1.231231	0.000272	1.233287	0.000007	1.228541	0.000007	1349419450.642765	1.000000	53.444565	39.762421	0.000000	1.230761	0.999718	1.224113	0.000080	1.230761	0.999740	1.220573	0.000112	1.214300	0.000006	1.230785	0.000943	1.225409	0.000086	1.230766	0.999881	
1349419451.642432	1.000002	54.119221	40.098099	0.000000	1.230720	0.998737	1.230765	0.998677	1.230765	0.998669	1.229797	0.000468	1.229958	0.000145	1.230668	0.000213	1.230038	0.000050	1.230584	0.000081	1349419451.642765	1.000000	53.442017	39.751648	0.000000	1.230765	0.998663	1.203999	0.000006	1.230765	0.998656	1.231088	0.002176	1.231875	0.000096	1.230513	0.000123	1.222607	0.000006	1.230812	0.999934	
1349419452.642431	0.999999	54.176535	40.152413	0.000000	1.230763	0.999930	1.230763	0.999930	1.230764	0.999930	1.230410	0.000688	1.227992	0.000152	1.230487	0.000277	1.233117	0.000007	1.230193	0.000007	1349419452.642760	0.999995	53.451317	39.758012	0.000000	1.230763	0.999934	1.224641	0.000079	1.230763	0.999934	1.226574	0.000103	1.231040	0.000006	1.230594	0.000106	1.232700	0.000079	1.230763	0.999931	
1349419453.642429	0.999998	54.190167	40.165802	0.000000	1.230735	0.999840	1.230735	0.999840	1.230736	0.999838	1.232060	0.000416	1.231164	0.000186	1.231014	0.000248	1.230637	0.000053	1.230887	0.000087	1349419453.642762	1.000002	53.460408	39.765748	0.000000	1.230765	0.999828	1.228521	0.000006	1.230765	0.999957	1.230542	0.000053	1.230724	0.000070	1.230909	0.000077	1.201602	0.000006	1.230765	0.999955	
1349419454.642432	1.000003	55.972910	41.955345	0.000000	1.230316	0.999315	1.230316	0.999313	1.230316	0.999311	1.162425	0.005596	1.155940	0.005131	1.157139	0.005150	1.156795	0.005084	1.154340	0.004796	1349419454.642768	1.000006	54.566783	40.863068	0.000000	1.224125	0.999600	1.157220	0.004989	1.224126	0.999716	1.164981	0.006535	1.154875	0.004749	1.156088	0.004754	1.155320	0.004672	1.224126	0.999721	
1349419455.642427	0.999995	715774167.682186	715767583.694296	715831468.739573	0.999970	1.000021	0.999973	1.000044	0.999974	1.000043	0.999972	1.000027	0.999973	1.000035	0.999975	1.000027	0.999971	1.000025	0.999975	1.000040	1349419455.642524	0.999756	715980125.499901	715947406.982292	716002519.315883	0.999972	1.000029	0.999970	1.000034	3.894076	0.256806	0.999971	1.000023	0.999973	1.000036	0.999975	1.000025	0.999972	1.000029	0.999974	1.000036	
1349419456.642421	0.999994	0.000000	0.000000	0.000000	-nan	-nan	-nan	-nan	0.000000	inf	-nan	-nan	-nan	0.000000	-nan	-nan	-nan	-nan	-nan	-nan	1349419456.642482	0.999958	0.000000	0.000000	0.000000	-nan	-nan	-nan	-nan	0.000000	inf	-nan	-nan	-nan	-nan	-nan	-nan	-nan	-nan	-nan	-nan	
1349419457.642443	1.000022	0.000000	0.000000	0.000000	-nan	-nan	-nan	-nan	1.345745	inf	-nan	-nan	-nan	0.000000	-nan	-nan	-nan	-nan	-nan	-nan	1349419457.642527	1.000045	0.000000	0.000000	0.000000	-nan	-nan	-nan	-nan	inf	-nan	-nan	-nan	-nan	-nan	-nan	-nan	-nan	-nan	-nan	-nan	
