ts_0	elapsed_0	pkg_0	pp0_0	dram_0	freq_ratio_0_0	c0_ratio_0_0	freq_ratio_0_1	c0_ratio_0_1	freq_ratio_0_2	c0_ratio_0_2	freq_ratio_0_3	c0_ratio_0_3	freq_ratio_0_4	c0_ratio_0_4	freq_ratio_0_5	c0_ratio_0_5	freq_ratio_0_6	c0_ratio_0_6	freq_ratio_0_7	c0_ratio_0_7	ts_1	elapsed_1	pkg_1	pp0_1	dram_1	freq_ratio_1_0	c0_ratio_1_0	freq_ratio_1_1	c0_ratio_1_1	freq_ratio_1_2	c0_ratio_1_2	freq_ratio_1_3	c0_ratio_1_3	freq_ratio_1_4	c0_ratio_1_4	freq_ratio_1_5	c0_ratio_1_5	freq_ratio_1_6	c0_ratio_1_6	freq_ratio_1_7	c0_ratio_1_7	
1350071811.467239	1.000633	38.783113	25.575592	6.105205	1.269195	0.999675	1.261906	0.000460	1.263299	0.000025	1.262141	0.000081	1.267770	0.005799	1.275412	0.000054	1.252367	0.000052	1.276346	0.000068	1350071811.467498	1.000697	39.009054	25.872640	3.068159	1.269223	0.999915	1.268562	0.000434	1.264445	0.000093	1.260863	0.000036	1.257423	0.000050	1.256639	0.000047	1.262415	0.000063	1.259601	0.000057	
1350071812.467230	0.999991	38.371472	25.145385	6.096796	1.269227	0.999954	1.269283	0.000323	1.269340	0.000049	1.266817	0.000006	1.206698	0.000005	1.250524	0.000006	1.251117	0.000005	1.264390	0.000006	1350071812.467638	1.000140	38.999593	25.861584	2.712053	1.269225	0.999936	1.270809	0.000319	1.285595	0.000006	1.275397	0.000054	1.277938	0.000039	1.279153	0.000039	1.282212	0.000030	1.258552	0.000034	
1350071813.467230	1.000000	38.536942	25.308853	6.126282	1.268751	0.999368	1.183615	0.003524	1.164496	0.002280	1.165558	0.002285	1.189429	0.002550	1.164899	0.002222	1.160054	0.001802	1.162121	0.001800	1350071813.467366	0.999728	39.208832	26.062846	2.830650	1.268842	0.999514	1.206353	0.006065	1.161342	0.002336	1.160393	0.002217	1.162865	0.002162	1.161671	0.002170	1.159969	0.002101	1.162524	0.002138	
1350071814.467230	1.000000	41.644531	28.416061	6.115219	1.243964	0.999689	1.230363	0.001371	1.234628	0.000050	1.204288	0.000006	1.111298	0.000004	1.206523	0.000006	1.225193	0.000006	1.228250	0.000005	1350071814.467425	1.000059	39.056523	25.914444	2.781590	1.269224	0.999979	1.269421	0.000405	1.250812	0.000006	1.265468	0.000049	1.257090	0.000007	1.278831	0.000007	1.277220	0.000007	1.278212	0.000007	
1350071815.467230	1.000000	38.364838	25.135345	6.096741	1.269217	0.999906	1.266952	0.000338	1.215391	0.000014	1.258890	0.000066	1.259069	0.000060	1.260115	0.000042	1.262458	0.000041	1.263244	0.000041	1350071815.467644	1.000219	39.054797	25.913069	2.713364	1.269221	0.999894	1.266724	0.000308	1.258416	0.000079	1.250668	0.000014	1.265203	0.000066	1.269415	0.000069	1.265618	0.000061	1.265856	0.000063	
1350071816.467230	1.000000	38.440781	25.211060	6.109070	1.269219	0.999890	1.267456	0.000917	1.257354	0.000062	1.266144	0.000006	1.260780	0.000005	1.241044	0.000022	1.267555	0.000776	1.242354	0.000017	1350071816.467631	0.999987	39.059609	25.915455	2.710881	1.269225	0.999936	1.270449	0.000424	1.303230	0.000006	1.268736	0.000063	1.273610	0.000006	1.241339	0.000007	1.279989	0.000018	1.298149	0.000006	
1350071817.467230	1.000000	38.388000	25.159317	6.065918	1.269217	0.999871	1.266916	0.000273	1.221545	0.000014	1.257320	0.000050	1.259830	0.000063	1.266614	0.000059	1.270159	0.000039	1.267427	0.000086	1350071817.467631	1.000000	39.076675	25.931900	2.740875	1.269221	0.999894	1.268398	0.000421	1.264661	0.000071	1.246828	0.000015	1.268166	0.000050	1.272144	0.000061	1.244574	0.000058	1.267832	0.000153	
1350071818.467230	1.000000	38.399780	25.172714	6.121399	1.269223	0.999914	1.271466	0.000344	1.269019	0.000051	1.267350	0.000006	1.268967	0.000005	1.241124	0.000021	1.271744	0.000006	1.267271	0.000005	1350071818.467636	1.000005	39.048358	25.902412	2.698793	1.269223	0.999910	1.269091	0.000425	1.246837	0.000015	1.266415	0.000069	1.271109	0.000017	1.266944	0.000006	1.247968	0.000006	1.248366	0.000006	
1350071819.467230	1.000000	38.406265	25.176437	6.115234	1.269219	0.999890	1.267207	0.000610	1.224584	0.000014	1.261091	0.000074	1.256807	0.000050	1.269101	0.000040	1.268816	0.000040	1.269476	0.000105	1350071819.467639	1.000003	39.059846	25.913799	2.729545	1.269223	0.999915	1.268633	0.000479	1.264884	0.000076	1.247184	0.000015	1.268808	0.000071	1.268889	0.000063	1.271508	0.000055	1.271869	0.000057	
1350071820.467230	1.000000	38.375824	25.146790	6.084412	1.269225	0.999935	1.269222	0.000275	1.269126	0.000042	1.268546	0.000006	1.267512	0.000005	1.269189	0.000006	1.268027	0.000006	1.266772	0.000006	1350071820.467636	0.999997	39.047881	25.902439	2.704324	1.269225	0.999935	1.269219	0.000433	1.268791	0.000006	1.269209	0.000061	1.273862	0.000006	1.278250	0.000006	1.270605	0.000006	1.265880	0.000006	
1350071821.467230	1.000000	38.393341	25.165726	6.109070	1.269221	0.999915	1.267626	0.000463	1.225084	0.000013	1.248324	0.000056	1.248299	0.000055	1.258123	0.000046	1.256907	0.000041	1.258559	0.000050	1350071821.467633	0.999997	39.060286	25.917317	2.707253	1.269223	0.999908	1.267475	0.000441	1.264880	0.000070	1.247152	0.000015	1.268958	0.000061	1.267711	0.000053	1.268385	0.000048	1.269030	0.000061	
1350071822.467230	1.000000	38.362289	25.134735	6.090576	1.269225	0.999935	1.269284	0.000258	1.257251	0.000043	1.275343	0.000005	1.265588	0.000005	1.272929	0.000005	1.272372	0.000005	1.269277	0.000005	1350071822.467630	0.999997	39.039519	25.895146	2.707604	1.269225	0.999938	1.270454	0.000399	1.266499	0.000006	1.269218	0.000061	1.268907	0.000006	1.277154	0.000006	1.279392	0.000006	1.270130	0.000006	
1350071823.467230	1.000000	38.479294	25.251724	6.084412	1.269207	0.999759	1.268932	0.003156	1.265570	0.000050	1.265354	0.000067	1.262134	0.000082	1.254283	0.000058	1.276180	0.000057	1.275762	0.000065	1350071823.467432	0.999802	39.001630	25.867927	2.879415	1.269217	0.999849	1.269037	0.001963	1.265152	0.000081	1.265236	0.000075	1.260662	0.000055	1.261461	0.000061	1.259355	0.000047	1.259786	0.000048	
1350071824.467230	1.000000	38.403244	25.177292	6.102905	1.269224	0.999979	1.268198	0.000758	1.266600	0.000036	1.239897	0.000006	1.243179	0.000005	1.248087	0.000006	1.244038	0.000006	1.245038	0.000006	1350071824.467636	1.000204	39.063073	25.910606	2.762833	1.269225	0.999935	1.269345	0.000473	1.268083	0.000006	1.269265	0.000054	1.282036	0.000038	1.275474	0.000074	1.275227	0.000074	1.268104	0.000074	
1350071825.467230	1.000000	38.673462	25.465042	6.084412	1.269219	0.999904	1.269057	0.004992	1.224855	0.000013	1.260614	0.000053	1.260077	0.000051	1.269578	0.000043	1.269276	0.000041	1.270003	0.000046	1350071825.467637	1.000001	39.024194	25.880377	2.963758	1.269223	0.999916	1.268559	0.000359	1.264509	0.000056	1.249495	0.000013	1.269389	0.000039	1.269825	0.000035	1.269185	0.000033	1.274440	0.000113	
1350071826.467230	1.000000	38.420746	25.196884	6.109070	1.269225	0.999934	1.269294	0.000282	1.269648	0.000042	1.265209	0.000006	1.263091	0.000005	1.270929	0.000006	1.265117	0.000005	1.264527	0.000006	1350071826.467642	1.000005	38.959720	25.831612	2.712709	1.269225	0.999932	1.269252	0.000403	1.271319	0.000006	1.269280	0.000061	1.266010	0.000006	1.266979	0.000006	1.269314	0.000006	1.267771	0.000006	
1350071827.467230	1.000000	38.472046	25.250229	6.109070	1.269221	0.999911	1.267367	0.000370	1.226028	0.000013	1.256344	0.000047	1.256788	0.000049	1.268934	0.000039	1.269834	0.000039	1.269785	0.000041	1350071827.467635	0.999993	39.031718	25.891079	2.713855	1.269223	0.999915	1.267275	0.000425	1.264582	0.000070	1.247430	0.000014	1.269284	0.000055	1.269963	0.000055	1.267951	0.000062	1.268597	0.000055	
1350071828.467230	1.000000	38.434265	25.210358	6.096741	1.269219	0.999889	1.270189	0.000363	1.268899	0.000042	1.230140	0.000065	1.269524	0.000020	1.212468	0.000021	1.211124	0.000023	1.213873	0.000021	1350071828.467633	0.999998	39.035841	25.893543	2.704732	1.269225	0.999934	1.270237	0.000494	1.270865	0.000006	1.269213	0.000062	1.316067	0.000006	1.260689	0.000006	1.265275	0.000006	1.240506	0.000006	
1350071829.467230	1.000000	38.418427	25.193924	6.115204	1.269221	0.999915	1.268017	0.001099	1.251357	0.000035	1.254893	0.000043	1.259401	0.000063	1.269221	0.000041	1.269087	0.000031	1.269240	0.000036	1350071829.467632	0.999999	39.053138	25.909159	2.706958	1.269221	0.999892	1.267513	0.000492	1.260984	0.000109	1.247763	0.000015	1.264349	0.000060	1.269370	0.000053	1.269394	0.000061	1.229450	0.000064	
1350071830.467230	1.000000	38.405365	25.180969	6.121399	1.269225	0.999935	1.269619	0.000274	1.269793	0.000035	1.265313	0.000006	1.262976	0.000005	1.270391	0.000006	1.263268	0.000006	1.264980	0.000005	1350071830.467658	1.000026	39.041512	25.898772	2.709860	1.269225	0.999934	1.270415	0.000416	1.268554	0.000006	1.269266	0.000061	1.270721	0.000006	1.268667	0.000006	1.276683	0.000012	1.273433	0.000196	
1350071831.467230	1.000000	38.458054	25.236328	6.096741	1.269221	0.999914	1.266851	0.000285	1.222191	0.000014	1.258731	0.000052	1.258163	0.000047	1.269099	0.000040	1.270579	0.000041	1.269163	0.000041	1350071831.467633	0.999975	39.064241	25.919762	2.713157	1.269223	0.999914	1.267061	0.000371	1.265148	0.000070	1.247520	0.000015	1.269131	0.000062	1.269104	0.000048	1.269383	0.000047	1.267257	0.000048	
1350071832.467230	1.000000	38.396103	25.171646	6.102905	1.269225	0.999935	1.269208	0.000303	1.269460	0.000042	1.270761	0.000006	1.269258	0.000005	1.269144	0.000006	1.265017	0.000006	1.270666	0.000006	1350071832.467636	1.000003	39.041261	25.896725	2.712897	1.269225	0.999931	1.270516	0.000402	1.324785	0.000006	1.269068	0.000059	1.270269	0.000006	1.272082	0.000006	1.272382	0.000006	1.281133	0.000006	
1350071833.467230	1.000000	38.565475	25.342194	6.109070	1.269221	0.999912	1.269239	0.002974	1.214590	0.000015	1.242809	0.000050	1.243204	0.000048	1.253216	0.000041	1.253449	0.000038	1.253358	0.000041	1350071833.467421	0.999785	39.091415	25.942927	2.849856	1.269223	0.999898	1.269084	0.001956	1.258310	0.000061	1.247621	0.000015	1.269141	0.000046	1.268858	0.000058	1.269307	0.000039	1.269589	0.000057	
1350071834.467230	1.000000	38.507553	25.285950	6.109070	1.269225	0.999973	1.268143	0.000579	1.254646	0.000043	1.252951	0.000006	1.245068	0.000006	1.258874	0.000006	1.251944	0.000006	1.259738	0.000006	1350071834.467630	1.000209	39.043045	25.899187	2.706740	1.269225	0.999952	1.269202	0.000462	1.268995	0.000006	1.262725	0.000061	1.266954	0.000007	1.270496	0.000006	1.254611	0.000006	1.257181	0.000006	
1350071835.467230	1.000000	38.488419	25.266479	6.121399	1.269221	0.999914	1.267051	0.000304	1.265037	0.000024	1.267383	0.000061	1.269652	0.000070	1.278619	0.000053	1.278596	0.000052	1.278589	0.000054	1350071835.467638	1.000008	39.066822	25.919452	2.719216	1.269223	0.999916	1.268455	0.000374	1.266076	0.000098	1.270992	0.000047	1.261940	0.000062	1.261704	0.000062	1.253951	0.000041	1.259078	0.000062	
1350071836.467236	1.000006	715768368.907515	715810831.269593	715792971.036006	0.999990	1.000217	0.999988	1.000221	0.999990	1.000225	0.999990	1.000218	0.999990	1.000220	0.999993	1.000215	0.999990	1.000220	0.999990	1.000218	1350071836.467314	0.999676	716055977.148571	716038700.547729	716008657.431231	0.999990	1.000218	0.999988	1.000220	3.893023	0.256925	0.999990	1.000219	0.999990	1.000220	0.999993	1.000216	0.999990	1.000220	0.999990	1.000218	
1350071837.467276	1.000040	0.000000	0.000000	0.000000	-nan	-nan	-nan	-nan	1.000008	inf	-nan	-nan	-nan	0.000000	-nan	-nan	-nan	-nan	-nan	-nan	1350071837.467353	1.000039	0.000000	0.000000	0.000000	-nan	-nan	-nan	-nan	1.345745	inf	-nan	-nan	-nan	-nan	-nan	-nan	-nan	-nan	-nan	-nan	
