ts_0	elapsed_0	pkg_0	pp0_0	dram_0	freq_ratio_0_0	c0_ratio_0_0	freq_ratio_0_1	c0_ratio_0_1	freq_ratio_0_2	c0_ratio_0_2	freq_ratio_0_3	c0_ratio_0_3	freq_ratio_0_4	c0_ratio_0_4	freq_ratio_0_5	c0_ratio_0_5	freq_ratio_0_6	c0_ratio_0_6	freq_ratio_0_7	c0_ratio_0_7	ts_1	elapsed_1	pkg_1	pp0_1	dram_1	freq_ratio_1_0	c0_ratio_1_0	freq_ratio_1_1	c0_ratio_1_1	freq_ratio_1_2	c0_ratio_1_2	freq_ratio_1_3	c0_ratio_1_3	freq_ratio_1_4	c0_ratio_1_4	freq_ratio_1_5	c0_ratio_1_5	freq_ratio_1_6	c0_ratio_1_6	freq_ratio_1_7	c0_ratio_1_7	
1350065879.135113	1.000451	29.235241	15.936476	4.965000	1.000000	1.000000	0.998579	0.000414	0.989349	0.000012	0.992930	0.000019	0.992459	0.000019	0.988864	0.000012	0.988206	0.000011	0.992342	0.000018	1350065879.135335	1.000438	29.550610	16.358543	2.727291	0.999805	0.002269	1.000000	1.000000	0.999896	0.000274	0.999602	0.000019	0.999346	0.000017	1.000082	0.000163	0.998754	0.000020	0.999428	0.000102	
1350065880.135111	0.999998	29.228251	15.936752	4.968332	1.000000	1.000000	0.999957	0.000336	1.001826	0.000069	1.001770	0.000076	1.000911	0.000155	1.002091	0.000056	1.002196	0.000054	1.001963	0.000067	1350065880.135320	0.999985	29.337858	16.148726	2.723048	1.000617	0.000058	0.999995	1.000000	1.000014	0.000348	0.999965	0.000078	1.000410	0.000067	0.999801	0.000208	0.999066	0.000055	0.999587	0.000117	
1350065881.135110	0.999999	29.204709	15.924576	4.968297	1.000000	1.000000	0.999971	0.000265	1.001344	0.000011	1.000780	0.000012	0.999052	0.000011	1.001201	0.000012	1.001547	0.000011	1.001124	0.000011	1350065881.135311	0.999991	29.307181	16.134332	2.715326	0.999366	0.000066	1.000005	1.000000	0.999944	0.000338	1.000124	0.000012	0.998864	0.000013	0.997506	0.000471	1.005841	0.000013	1.001065	0.000098	
1350065882.135111	1.000001	29.231417	15.937439	4.958140	1.000000	1.000000	1.000060	0.000310	0.992336	0.000073	0.988587	0.000059	0.991062	0.000060	0.988307	0.000046	0.989918	0.000051	0.994305	0.000097	1350065882.135315	1.000004	29.353702	16.164378	2.720707	0.998821	0.000067	0.999999	1.000000	1.000023	0.000350	0.999912	0.000070	0.999716	0.000049	1.002494	0.000484	0.999923	0.000060	0.999781	0.000189	
1350065883.135110	0.999999	29.220792	15.926819	4.958486	1.000000	1.000000	0.999999	0.000313	1.021191	0.000027	1.023855	0.000027	1.020418	0.000026	1.021509	0.000026	1.019953	0.000027	1.000032	0.000012	1350065883.135330	1.000015	29.343706	16.154695	2.712621	1.000143	0.000076	1.000001	1.000000	0.999110	0.000273	0.983419	0.000013	0.985408	0.000013	0.999144	0.000250	0.983487	0.000013	1.000030	0.000128	
1350065884.135111	1.000001	29.218615	15.926178	4.958308	1.000000	1.000000	0.999970	0.000326	0.999032	0.000060	1.000422	0.000058	1.000090	0.000103	0.999959	0.000047	0.999750	0.000046	1.008825	0.000062	1350065884.135307	0.999977	29.367677	16.179692	2.725023	1.000145	0.000080	1.000000	1.000000	1.000634	0.000391	1.002215	0.000103	1.002588	0.000084	0.998161	0.000266	1.002596	0.000080	0.999942	0.000146	
1350065885.135110	0.999999	29.225385	15.932098	4.955083	1.000000	1.000000	1.000022	0.000506	1.005581	0.000011	0.998832	0.000012	1.000175	0.000011	0.998914	0.000011	1.001112	0.000011	1.000162	0.000012	1350065885.135314	1.000007	29.350322	16.161479	2.715023	1.002505	0.000079	0.999994	1.000000	0.999969	0.000325	0.998583	0.000013	0.998442	0.000013	1.001064	0.000641	1.000863	0.000013	1.000015	0.000106	
1350065886.135111	1.000001	29.224322	15.930344	4.966350	1.000000	1.000000	0.999972	0.000303	0.999811	0.000063	1.000389	0.000055	0.999808	0.000056	0.997911	0.000045	0.999663	0.000045	0.999821	0.000097	1350065886.135326	1.000012	29.357347	16.166891	2.730619	0.995091	0.000058	1.000006	1.000000	1.000698	0.000345	1.000127	0.000082	0.999967	0.000047	0.991276	0.000428	0.999682	0.000052	1.000100	0.000208	
1350065887.135110	0.999999	30.716216	17.420976	4.963002	1.000000	1.000000	0.999986	0.003281	0.999710	0.002145	0.999684	0.001905	1.000266	0.001684	1.000375	0.001474	1.000331	0.001463	0.999575	0.001311	1350065887.135205	0.999879	29.329175	16.134034	2.717874	1.001242	0.000130	1.000000	1.000000	0.999148	0.000306	0.993111	0.000013	0.990548	0.000014	1.004964	0.000750	1.000489	0.000013	0.999988	0.004077	
1350065888.135111	1.000001	29.239581	15.945618	4.963054	1.000000	1.000000	1.000038	0.000308	1.012688	0.000046	1.010818	0.000053	0.995727	0.000109	0.986939	0.000037	0.986320	0.000037	1.014377	0.000038	1350065888.135323	1.000118	29.331927	16.143145	2.728346	0.998266	0.000079	1.000000	1.000000	0.999991	0.000343	1.000977	0.000073	1.002067	0.000070	0.999963	0.000250	0.997781	0.000066	1.000390	0.000140	
1350065889.135110	0.999999	29.228635	15.933960	4.953313	1.000000	1.000000	1.000051	0.000286	0.996842	0.000056	0.984477	0.000012	0.986917	0.000012	0.986371	0.000012	0.995139	0.000035	0.986927	0.000011	1350065889.135315	0.999992	29.322198	16.129418	2.709601	1.000027	0.002077	1.000000	1.000000	1.000039	0.000277	0.999658	0.000012	0.982972	0.000013	0.998064	0.000157	0.995195	0.000013	0.997809	0.000088	
1350065890.135111	1.000001	29.204547	15.924042	4.962230	1.000000	1.000000	0.999962	0.000301	1.003138	0.000055	1.003399	0.000055	1.002635	0.000067	1.003735	0.000046	1.004400	0.000039	1.002644	0.000052	1350065890.135320	1.000005	29.280157	16.100002	2.722490	0.999186	0.000068	1.000000	1.000000	0.999998	0.000339	1.000264	0.000070	1.003516	0.000061	1.001650	0.000187	1.003870	0.000053	1.001135	0.000172	
1350065891.135111	1.000000	29.220459	15.926834	4.968384	1.000000	1.000000	1.000041	0.000274	1.001554	0.000012	0.998123	0.000012	0.997706	0.000012	1.000451	0.000012	1.000035	0.000011	0.999353	0.000012	1350065891.135329	1.000009	29.309869	16.133643	2.707159	1.001286	0.000059	1.000000	1.000000	0.999976	0.000279	0.998664	0.000012	1.000733	0.000013	0.996345	0.000150	1.001877	0.000013	0.999818	0.000093	
1350065892.135111	1.000000	29.227463	15.934814	4.973145	1.000000	1.000000	0.999873	0.000282	0.999479	0.000058	1.000081	0.000057	1.000380	0.000063	0.999872	0.000048	1.000150	0.000046	1.000232	0.000048	1350065892.135324	0.999995	29.321939	16.113698	2.717985	0.998532	0.000066	1.000000	1.000000	1.000002	0.000374	1.000038	0.000070	0.999559	0.000062	1.001171	0.000465	0.999725	0.000052	0.999754	0.000110	
1350065893.135110	0.999999	29.231061	15.937515	4.968114	1.000000	1.000000	1.000084	0.000240	1.002358	0.000012	0.999547	0.000012	0.998251	0.000011	1.000484	0.000012	0.997974	0.000011	0.999581	0.000012	1350065893.135319	0.999995	29.331430	16.140416	2.718260	1.001364	0.000068	1.000000	1.000000	0.999890	0.000290	1.001149	0.000012	1.001495	0.000013	1.000002	0.000225	0.989832	0.000013	0.998786	0.000123	
1350065894.135110	1.000000	29.231293	15.937592	4.978180	1.000000	1.000000	0.999881	0.000295	0.991704	0.000066	0.988838	0.000056	0.991011	0.000056	0.988708	0.000046	0.989522	0.000046	0.989499	0.000051	1350065894.135311	0.999992	29.332910	16.142328	2.720359	1.000894	0.000061	0.999994	1.000000	0.999328	0.000304	0.996500	0.000068	0.995973	0.000046	0.999984	0.000194	1.002377	0.000054	1.000816	0.000183	
1350065895.135111	1.000001	29.233767	15.940216	4.968196	1.000000	1.000000	1.000047	0.000357	1.016046	0.000033	1.019458	0.000033	1.015592	0.000033	1.016148	0.000032	1.015253	0.000033	1.000754	0.000019	1350065895.135316	1.000005	29.334768	16.145000	2.709963	0.999131	0.000071	1.000000	1.000000	1.000322	0.000300	1.000509	0.000020	0.998848	0.000021	0.998753	0.000165	0.990089	0.000021	0.999982	0.000108	
1350065896.135110	0.999999	29.233976	15.940033	4.978307	1.000000	1.000000	0.999972	0.000277	0.999958	0.000056	0.999946	0.000057	1.000074	0.000078	0.999715	0.000046	0.999949	0.000046	1.008458	0.000062	1350065896.135325	1.000009	29.328958	16.138144	2.721075	0.999062	0.000083	1.000006	1.000000	1.000317	0.000371	1.002334	0.000091	1.002394	0.000082	0.998504	0.000227	1.002758	0.000081	1.000234	0.000123	
1350065897.135110	1.000000	29.228943	15.935074	4.968277	1.000000	1.000000	0.999994	0.000318	1.000415	0.000012	0.997157	0.000012	1.000416	0.000011	0.999873	0.000012	1.000197	0.000055	0.999418	0.000011	1350065897.135321	0.999996	29.333249	16.143178	2.710048	1.000989	0.000062	0.999999	1.000000	0.999991	0.000299	0.983305	0.000013	0.983795	0.000013	1.000759	0.000440	0.982085	0.000013	0.997641	0.000101	
1350065898.135111	1.000001	29.192782	15.914459	4.956019	1.000000	1.000000	0.999939	0.000291	0.999814	0.000079	1.000381	0.000055	1.000000	0.000054	1.000000	0.000045	0.999640	0.000035	0.999992	0.000050	1350065898.135360	1.000039	29.302306	16.110393	2.716187	1.000654	0.000072	1.000001	1.000000	0.999912	0.000352	1.003159	0.000072	1.004790	0.000052	1.000716	0.000256	1.004853	0.000047	1.001261	0.000200	
1350065899.135110	0.999999	29.217023	15.926910	4.943349	1.000000	1.000000	1.000019	0.000261	0.977773	0.000007	0.987689	0.000012	0.987456	0.000012	0.986448	0.000012	0.988546	0.000011	0.990410	0.000011	1350065899.135314	0.999954	29.331458	16.139994	2.712588	0.999987	0.002072	0.999993	1.000000	1.000046	0.000284	0.982527	0.000013	0.980661	0.000013	0.998779	0.000157	0.983198	0.000013	0.997345	0.000088	
1350065900.135111	1.000001	29.227832	15.937851	4.948268	1.000000	1.000000	0.999999	0.000311	1.003248	0.000053	1.002803	0.000056	1.002569	0.000059	1.003481	0.000046	1.002578	0.000047	1.002377	0.000046	1350065900.135318	1.000004	29.315998	16.125133	2.716389	0.998729	0.000062	1.000007	1.000000	0.999988	0.000333	1.003501	0.000064	1.004032	0.000055	0.998191	0.000199	1.003138	0.000052	1.002132	0.000101	
1350065901.135110	0.999999	29.222470	15.931793	4.963262	1.000000	1.000000	0.999940	0.000269	0.998774	0.000012	0.998604	0.000012	1.000000	0.000011	1.000000	0.000011	1.000454	0.000011	1.000742	0.000012	1350065901.135320	1.000002	29.292425	16.115478	2.707163	1.000765	0.000058	1.000000	1.000000	0.999977	0.000308	0.998351	0.000012	0.991917	0.000013	0.998946	0.000177	0.986494	0.000013	0.997180	0.000087	
1350065902.135110	1.000000	29.221756	15.929672	4.957199	1.000000	1.000000	1.000010	0.000278	1.000016	0.000141	1.000240	0.000053	0.999918	0.000066	0.999982	0.000044	0.999966	0.000046	0.999844	0.000049	1350065902.135329	1.000009	29.339807	16.148917	2.720404	0.998513	0.000061	1.000000	1.000000	0.999390	0.000378	0.996133	0.000054	0.998257	0.000060	1.000805	0.000482	1.004088	0.000053	1.001476	0.000133	
1350065903.135110	1.000000	29.214844	15.920959	4.964844	1.000000	1.000000	1.000049	0.000269	1.002201	0.000006	0.998255	0.000012	0.998385	0.000012	1.000323	0.000012	0.998325	0.000011	1.000630	0.000011	1350065903.135319	0.999990	29.343296	16.155328	2.712674	1.001341	0.000076	1.000000	1.000000	1.000349	0.000284	1.008656	0.000013	1.002730	0.000013	1.000749	0.000202	0.983517	0.000013	0.998519	0.000116	
1350065904.135111	1.000001	29.221530	15.929871	4.978267	1.000000	1.000000	0.999993	0.000293	0.999777	0.000060	1.000418	0.000054	1.000284	0.000058	0.999875	0.000046	1.000593	0.000046	0.999729	0.000046	1350065904.135321	1.000002	29.346776	16.158935	2.720606	1.000540	0.000058	0.999995	1.000000	1.000418	0.000314	1.001320	0.000074	1.003002	0.000054	1.000920	0.000208	1.004031	0.000052	1.001665	0.000104	
1350065905.135110	0.999999	29.208844	15.919144	4.958150	1.000000	1.000000	0.999927	0.000238	1.001540	0.000011	0.996798	0.000012	0.998010	0.000011	1.000452	0.000012	0.999126	0.000011	1.000245	0.000011	1350065905.135308	0.999987	29.336978	16.148710	2.718130	1.002325	0.000064	1.000000	1.000000	1.000000	0.000257	0.999627	0.000012	1.000245	0.000013	0.999943	0.000150	1.001219	0.000013	1.000133	0.000093	
1350065906.135110	1.000000	29.224243	15.932373	4.978195	1.000000	1.000000	0.999977	0.000300	0.987570	0.000057	0.998573	0.000433	0.990883	0.000055	0.988163	0.000045	0.989347	0.000046	0.989586	0.000049	1350065906.135310	1.000002	29.337911	16.152466	2.709452	0.995712	0.000060	1.000006	1.000000	0.999955	0.000324	1.000006	0.000064	0.999844	0.000052	0.997301	0.000199	0.999660	0.000053	1.000261	0.000127	
1350065907.135111	1.000001	29.227740	15.938400	4.966960	1.000000	1.000000	0.999971	0.000256	1.025814	0.000027	1.030250	0.000021	1.018842	0.000026	1.020922	0.000026	1.018005	0.000026	1.000626	0.000012	1350065907.135316	1.000006	29.343804	16.160075	2.712661	0.999936	0.000060	1.000000	1.000000	0.999331	0.000338	0.983279	0.000013	0.985122	0.000013	1.000756	0.000445	0.983892	0.000013	0.997562	0.000093	
1350065908.135110	0.999999	29.196531	15.920502	4.965856	1.000000	1.000000	0.999954	0.000336	0.999802	0.000086	1.000265	0.000077	1.000393	0.000071	0.999602	0.000046	1.000800	0.000046	1.008400	0.000061	1350065908.135309	0.999993	29.356129	16.170018	2.726948	1.000842	0.000090	1.000000	1.000000	1.000552	0.000382	1.002274	0.000092	1.002383	0.000082	1.000686	0.000264	1.002574	0.000080	1.001006	0.000145	
1350065909.135110	1.000000	29.220016	15.930420	4.978195	1.000000	1.000000	1.000001	0.000283	0.995530	0.000035	0.973407	0.000006	0.973853	0.000006	0.994283	0.000035	0.991474	0.000022	0.988313	0.000012	1350065909.135328	1.000019	29.353322	16.166272	2.709513	0.999948	0.002134	1.000000	1.000000	0.999073	0.000244	0.984619	0.000013	0.985227	0.000013	1.000103	0.000160	0.999400	0.000013	1.000553	0.000096	
1350065910.135110	1.000000	29.224060	15.934311	4.960022	1.000000	1.000000	0.999961	0.000295	1.002599	0.000060	1.002671	0.000064	1.003093	0.000057	1.004355	0.000045	1.004199	0.000045	1.002855	0.000047	1350065910.135315	0.999987	29.347538	16.158705	2.723897	1.001856	0.000073	1.000000	1.000000	1.000000	0.000334	1.000043	0.000071	1.000024	0.000065	0.999008	0.000201	0.995708	0.000053	1.000083	0.000116	
1350065911.135112	1.000002	715824725.112219	715768917.861103	715824198.719958	0.999987	1.000200	0.999985	1.000204	0.999988	1.000210	0.999988	1.000203	0.999988	1.000204	0.999991	1.000201	0.999988	1.000206	0.999988	1.000203	1350065911.135206	0.999891	715879214.423714	715876541.070939	715851050.066656	0.999988	1.000202	0.999985	1.000206	3.893162	0.256912	0.999988	1.000203	0.999988	1.000206	0.999991	1.000201	0.999988	1.000206	0.999988	1.000204	
1350065912.135111	0.999999	0.000000	0.000000	0.000000	-nan	-nan	-nan	-nan	1.000008	inf	-nan	-nan	-nan	0.000000	-nan	-nan	-nan	-nan	-nan	-nan	1350065912.135187	0.999981	0.000000	0.000000	0.000000	-nan	-nan	-nan	-nan	1.345745	inf	-nan	-nan	-nan	-nan	-nan	-nan	-nan	-nan	-nan	-nan	
