ts_0	elapsed_0	pkg_0	pp0_0	dram_0	freq_ratio_0_0	c0_ratio_0_0	freq_ratio_0_1	c0_ratio_0_1	freq_ratio_0_2	c0_ratio_0_2	freq_ratio_0_3	c0_ratio_0_3	freq_ratio_0_4	c0_ratio_0_4	freq_ratio_0_5	c0_ratio_0_5	freq_ratio_0_6	c0_ratio_0_6	freq_ratio_0_7	c0_ratio_0_7	ts_1	elapsed_1	pkg_1	pp0_1	dram_1	freq_ratio_1_0	c0_ratio_1_0	freq_ratio_1_1	c0_ratio_1_1	freq_ratio_1_2	c0_ratio_1_2	freq_ratio_1_3	c0_ratio_1_3	freq_ratio_1_4	c0_ratio_1_4	freq_ratio_1_5	c0_ratio_1_5	freq_ratio_1_6	c0_ratio_1_6	freq_ratio_1_7	c0_ratio_1_7	
1349476915.703596	1.000466	48.443942	35.050359	4.919826	0.999932	0.860362	0.999655	0.855586	0.999987	0.854590	0.999938	0.854513	0.999905	0.824087	0.999940	0.681051	0.999878	0.003670	0.999739	0.003211	1349476915.703725	1.000387	60.943932	47.486584	4.613098	0.999934	0.855571	0.999979	0.855410	1.000001	0.854685	0.999978	0.854378	1.000004	0.854448	0.999979	0.854360	1.000001	0.854358	0.999921	0.992998	
1349476916.703594	0.999998	52.015984	38.465634	5.394221	0.999917	0.900421	0.999909	0.900358	0.999959	0.900350	0.999910	0.900432	0.999883	0.900438	0.999934	0.900391	0.999800	0.000304	1.002964	0.000160	1349476916.703723	0.999998	63.441649	49.862186	5.351893	0.993006	0.899790	0.993007	0.899945	0.993007	0.899926	0.993007	0.899823	0.993006	0.899785	0.993007	0.899804	0.993006	0.899663	0.993704	0.999414	
1349476917.703594	1.000000	53.834915	40.470276	4.883743	0.999974	0.986686	0.999946	0.986801	0.999976	0.986678	0.999957	0.986781	0.999947	0.986797	0.999965	0.986748	1.000097	0.000275	1.000421	0.000081	1349476917.703725	1.000002	64.442290	51.073114	4.210411	0.986087	0.985600	0.986087	0.985584	0.986087	0.985596	0.986085	0.985447	0.986086	0.985515	0.986086	0.985511	0.986086	0.985519	0.986164	0.998732	
1349476918.703595	1.000001	52.517452	38.959725	5.339274	0.999932	0.910952	0.999897	0.911018	0.999972	0.910892	0.999899	0.911025	0.999875	0.911066	0.999920	0.910995	1.000054	0.000324	0.999193	0.000159	1349476918.703731	1.000006	63.243611	49.679636	5.159164	0.988033	0.910116	0.988033	0.910162	0.988033	0.910188	0.988029	0.909977	0.988031	0.910082	0.988030	0.910076	0.988028	0.909963	0.989005	0.998993	
1349476919.703595	1.000000	48.199646	34.654800	5.085602	0.999902	0.790807	0.999891	0.790589	0.999925	0.790558	0.999893	0.790631	0.999880	0.790647	0.999924	0.790577	0.974249	0.001296	1.001223	0.000081	1349476919.703725	0.999994	58.516889	44.952340	5.004012	0.979888	0.789372	0.979890	0.789383	0.979890	0.789402	0.979885	0.789128	0.979888	0.789235	0.979888	0.789228	0.979904	0.789816	0.984105	0.998583	
1349476920.703609	1.000014	56.107121	42.461073	5.812464	0.999970	0.992534	0.999942	0.992691	0.999972	0.992595	0.999953	0.992669	0.999942	0.992656	0.999961	0.992634	0.999816	0.002687	1.000171	0.000126	1349476920.703753	1.000028	65.068986	51.379350	5.795477	0.966271	0.989686	0.966270	0.989673	0.966271	0.989685	0.966267	0.989576	0.966268	0.989613	0.966268	0.989605	0.966268	0.989601	0.966516	0.996944	
1349476921.703600	0.999991	57.014249	43.204768	6.558180	0.999986	0.987570	0.999958	0.987651	1.000000	0.987543	0.999959	0.987649	0.999960	0.987646	0.999962	0.987645	1.000219	0.002083	0.998397	0.000069	1349476921.703757	1.000004	64.593931	50.751061	6.481282	0.948209	0.983232	0.948220	0.983613	0.948221	0.983639	0.948210	0.983434	0.948216	0.983543	0.948216	0.983555	0.948201	0.983067	0.948854	0.995839	
1349476922.703603	1.000003	715816561.675276	715786897.175057	715777270.760847	0.999997	1.000182	0.999994	1.000181	1.000005	1.000181	0.999996	1.000177	0.999997	1.000184	0.999999	1.000175	0.999998	1.000185	0.999996	1.000178	1349476922.703707	0.999950	715807943.485970	715805000.629735	715804609.716913	0.999997	1.000181	0.999994	1.000181	3.892521	0.256950	0.999997	1.000178	0.999997	1.000180	1.000000	1.000180	0.999996	1.000180	0.999998	1.000183	
1349476923.703764	1.000161	0.000000	0.000000	0.000000	-nan	-nan	-nan	-nan	0.000000	inf	-nan	-nan	-nan	0.000000	-nan	-nan	-nan	-nan	-nan	-nan	1349476923.703844	1.000137	0.000000	0.000000	0.000000	-nan	-nan	-nan	-nan	0.000000	inf	-nan	-nan	-nan	-nan	-nan	-nan	-nan	-nan	-nan	-nan	
