ts_0	elapsed_0	pkg_0	pp0_0	dram_0	freq_ratio_0_0	c0_ratio_0_0	freq_ratio_0_1	c0_ratio_0_1	freq_ratio_0_2	c0_ratio_0_2	freq_ratio_0_3	c0_ratio_0_3	freq_ratio_0_4	c0_ratio_0_4	freq_ratio_0_5	c0_ratio_0_5	freq_ratio_0_6	c0_ratio_0_6	freq_ratio_0_7	c0_ratio_0_7	ts_1	elapsed_1	pkg_1	pp0_1	dram_1	freq_ratio_1_0	c0_ratio_1_0	freq_ratio_1_1	c0_ratio_1_1	freq_ratio_1_2	c0_ratio_1_2	freq_ratio_1_3	c0_ratio_1_3	freq_ratio_1_4	c0_ratio_1_4	freq_ratio_1_5	c0_ratio_1_5	freq_ratio_1_6	c0_ratio_1_6	freq_ratio_1_7	c0_ratio_1_7	
1350073711.044821	1.000364	64.714782	51.420595	6.119095	1.230568	0.998034	1.192281	0.001089	1.230569	0.998015	1.192385	0.000348	1.230569	0.998013	1.192301	0.000295	1.230569	0.998012	1.192455	0.000287	1350073711.044948	1.000346	48.111820	35.049475	2.805045	1.269093	0.998821	1.230879	0.000490	1.269093	0.998820	1.230926	0.000411	1.234602	0.000007	1.233806	0.000007	1.214245	0.000007	1.230413	0.000662	
1350073712.044804	0.999983	64.930985	51.609638	6.096844	1.230681	0.999101	1.192087	0.000201	1.230681	0.999101	1.192230	0.000192	1.230681	0.999100	1.192425	0.000184	1.230681	0.999100	1.192248	0.000253	1350073712.044930	0.999982	48.263726	35.218281	2.753315	1.269125	0.999033	1.230738	0.000331	1.269125	0.999035	1.230271	0.000253	1.230923	0.000069	1.231030	0.000054	1.232718	0.000056	1.231347	0.000414	
1350073713.044804	1.000000	64.934372	51.607910	6.102921	1.230698	0.999231	1.192423	0.000176	1.230698	0.999222	1.192546	0.000112	1.230698	0.999222	1.192123	0.000117	1.230698	0.999221	1.192412	0.000184	1350073713.044935	1.000005	48.335390	35.292563	2.704576	1.269148	0.999211	1.230202	0.000305	1.269147	0.999205	1.230015	0.000153	1.214489	0.000007	1.189779	0.000007	1.232618	0.000007	1.230721	0.000393	
1350073714.044804	1.000000	65.092834	51.771713	6.101669	1.226935	0.998483	1.173912	0.005415	1.226936	0.998473	1.161132	0.002796	1.226936	0.998472	1.157690	0.002414	1.226936	0.998472	1.158742	0.002409	1350073714.044935	1.000000	48.387848	35.344208	2.747849	1.268802	0.998674	1.173179	0.002416	1.268802	0.998680	1.170481	0.002191	1.165492	0.001947	1.163185	0.001838	1.160336	0.001568	1.185961	0.004181	
1350073715.044804	1.000000	64.835327	51.512802	6.102921	1.230063	0.992630	1.192438	0.000163	1.230063	0.992615	1.192336	0.005271	1.230063	0.992610	1.192322	0.000114	1.230063	0.992608	1.192374	0.000195	1350073715.044930	0.999995	48.268522	35.224282	3.240434	1.269172	0.999440	1.230808	0.000259	1.269172	0.999439	1.230863	0.000165	1.237223	0.000007	1.217799	0.000007	1.213912	0.000007	1.230910	0.000165	
1350073716.044804	1.000000	64.833557	51.504272	6.108887	1.229642	0.991087	1.192197	0.000794	1.229643	0.991079	1.192310	0.005207	1.229643	0.991074	1.191638	0.000197	1.229643	0.991069	1.192135	0.000628	1350073716.044928	0.999998	48.344132	35.299002	3.627296	1.268944	0.997748	1.230767	0.000709	1.268944	0.997746	1.230808	0.000256	1.222445	0.000054	1.225858	0.000065	1.226799	0.000054	1.230550	0.001142	
1350073717.044804	1.000000	64.929092	51.599060	6.109070	1.230694	0.999188	1.192294	0.000177	1.230694	0.999177	1.192277	0.000128	1.230694	0.999176	1.192443	0.000104	1.230694	0.999176	1.192409	0.000215	1350073717.044937	1.000009	48.318150	35.274232	2.726294	1.268996	0.997710	1.230644	0.000257	1.268996	0.997708	1.230781	0.001617	1.246984	0.000027	1.241514	0.000027	1.246553	0.000027	1.230285	0.000181	
1350073718.044804	1.000000	64.885513	51.570496	6.078247	1.230671	0.998965	1.192396	0.000214	1.230671	0.998965	1.192150	0.000209	1.230671	0.998964	1.192443	0.000167	1.230671	0.998964	1.192206	0.000236	1350073718.044928	0.999991	48.330867	35.284087	2.726694	1.269146	0.999212	1.230758	0.000343	1.269145	0.999222	1.230775	0.000259	1.231036	0.000060	1.232964	0.000058	1.228567	0.000055	1.233779	0.000186	
1350073719.044804	1.000000	64.973267	51.642654	6.102875	1.230700	0.999255	1.192214	0.000157	1.230700	0.999254	1.192534	0.000129	1.230700	0.999254	1.192107	0.000101	1.230700	0.999254	1.192488	0.000182	1350073719.044934	1.000006	48.330965	35.283649	2.707290	1.269169	0.999436	1.230775	0.000288	1.269169	0.999424	1.230739	0.000197	1.230711	0.000007	1.233989	0.000007	1.252586	0.000007	1.230803	0.000164	
1350073720.044804	1.000000	64.998657	51.669022	6.121399	1.230684	0.999100	1.192324	0.000209	1.230684	0.999099	1.192341	0.000155	1.230684	0.999099	1.192272	0.000175	1.230684	0.999097	1.192263	0.000218	1350073720.044932	0.999998	48.313767	35.267920	2.723394	1.269131	0.999075	1.230760	0.000344	1.269131	0.999074	1.230751	0.000256	1.230702	0.000044	1.227540	0.000049	1.230355	0.000044	1.230737	0.000299	
1350073721.044804	1.000000	65.027649	51.693207	6.115250	1.230636	0.999036	1.192041	0.000459	1.230636	0.999036	1.192356	0.000129	1.230637	0.999035	1.192398	0.000101	1.230637	0.999034	1.192453	0.000208	1350073721.044929	0.999997	48.323667	35.279238	2.709710	1.269153	0.999361	1.230773	0.000323	1.269153	0.999360	1.230793	0.000206	1.231081	0.000013	1.252051	0.000007	1.232293	0.000007	1.230801	0.000421	
1350073722.044804	1.000000	64.974136	51.640625	6.096741	1.230669	0.999031	1.192378	0.000196	1.230669	0.999030	1.192164	0.000204	1.230669	0.999029	1.192287	0.000168	1.230669	0.999029	1.192261	0.000227	1350073722.044930	1.000001	48.320022	35.273938	2.735410	1.269145	0.999245	1.230274	0.000345	1.269145	0.999245	1.230805	0.000260	1.230766	0.000056	1.230826	0.000050	1.227999	0.000057	1.230783	0.000181	
1350073723.044804	1.000000	65.004929	51.670837	6.127563	1.230696	0.999213	1.192149	0.000163	1.230696	0.999208	1.192470	0.000128	1.230696	0.999207	1.192489	0.000117	1.230696	0.999206	1.192423	0.000182	1350073723.044939	1.000009	48.014000	34.980243	2.704397	1.269173	0.999464	1.231333	0.000296	1.269173	0.999463	1.230707	0.000166	1.232624	0.000007	1.230008	0.000007	1.250822	0.000007	1.230774	0.000159	
1350073724.044804	1.000000	64.873276	51.540298	6.102905	1.230516	0.998176	1.188901	0.000380	1.230516	0.998174	1.191725	0.002000	1.230516	0.998174	1.190028	0.000488	1.230517	0.998173	1.188365	0.000270	1350073724.044927	0.999988	48.008751	34.959981	3.029241	1.268884	0.996854	1.230700	0.000492	1.268884	0.996850	1.230747	0.001658	1.229992	0.000073	1.229981	0.000047	1.230370	0.000049	1.230769	0.000583	
1350073725.044804	1.000000	65.036194	51.703369	6.115234	1.230653	0.998878	1.194475	0.000258	1.230653	0.998877	1.192076	0.000597	1.230653	0.998877	1.192352	0.000119	1.230653	0.998876	1.192262	0.000184	1350073725.044931	1.000004	48.311999	35.265452	2.744709	1.269047	0.998529	1.230775	0.000310	1.269047	0.998540	1.231002	0.000249	1.234827	0.000013	1.236081	0.000007	1.233635	0.000007	1.230769	0.001942	
1350073726.044804	1.000000	64.996246	51.664673	6.102890	1.230440	0.996964	1.192054	0.002127	1.230440	0.996963	1.193075	0.000182	1.230441	0.996961	1.193076	0.000149	1.230440	0.996958	1.192874	0.000215	1350073726.044934	1.000003	48.296893	35.251066	2.955222	1.269034	0.998173	1.230504	0.000435	1.269034	0.998161	1.230663	0.001002	1.230775	0.000048	1.230877	0.000062	1.231148	0.000048	1.230789	0.000571	
1350073727.044804	1.000000	65.057159	51.725418	6.102905	1.230689	0.999166	1.192260	0.000213	1.230689	0.999165	1.192452	0.000144	1.230689	0.999165	1.192562	0.000118	1.230689	0.999164	1.192385	0.000194	1350073727.044931	0.999997	48.245435	35.201144	2.877572	1.268916	0.996826	1.231067	0.000325	1.268916	0.996823	1.230833	0.002257	1.231005	0.000007	1.209567	0.000007	1.226680	0.000007	1.230773	0.000170	
1350073728.044804	1.000000	65.004257	51.684998	6.121399	1.230678	0.999059	1.191690	0.000234	1.230678	0.999058	1.191439	0.000159	1.230678	0.999058	1.191605	0.000183	1.230678	0.999057	1.191780	0.000249	1350073728.044934	1.000003	48.291156	35.244611	2.823111	1.268994	0.998201	1.230693	0.000343	1.268986	0.998198	1.230764	0.000922	1.221444	0.000050	1.224749	0.000055	1.222394	0.000056	1.229042	0.000264	
1350073729.044804	1.000000	65.059189	51.726929	6.084412	1.230690	0.999143	1.192157	0.000212	1.230690	0.999140	1.191981	0.000145	1.230690	0.999140	1.192417	0.000117	1.230690	0.999140	1.192426	0.000179	1350073729.044930	0.999996	48.325696	35.280310	2.715496	1.269159	0.999338	1.230732	0.000299	1.269167	0.999337	1.230743	0.000203	1.238920	0.000033	1.244516	0.000033	1.244548	0.000033	1.230182	0.000180	
1350073730.044804	1.000000	65.046326	51.714462	6.121399	1.230690	0.999164	1.193302	0.000177	1.230690	0.999163	1.192529	0.000162	1.230690	0.999162	1.192211	0.000150	1.230690	0.999162	1.192300	0.000229	1350073730.044937	1.000007	48.305162	35.260041	2.714123	1.269146	0.999229	1.230722	0.000319	1.269146	0.999233	1.230818	0.000250	1.234207	0.000060	1.230513	0.000056	1.231165	0.000049	1.233067	0.000182	
1350073731.044804	1.000000	65.057327	51.726181	6.090591	1.230665	0.998947	1.192300	0.000499	1.230665	0.998946	1.192075	0.000128	1.230665	0.998946	1.192366	0.000118	1.230665	0.998945	1.192401	0.000194	1350073731.044959	1.000022	48.328103	35.282094	2.717988	1.269150	0.999400	1.230765	0.000314	1.269150	0.999400	1.230748	0.000212	1.229118	0.000007	1.231539	0.000007	1.229191	0.000007	1.231111	0.000444	
1350073732.044804	1.000000	65.021378	51.688477	6.115234	1.230693	0.999186	1.192031	0.000168	1.230693	0.999185	1.192336	0.000156	1.230693	0.999185	1.192277	0.000137	1.230693	0.999184	1.192370	0.000212	1350073732.044926	0.999967	48.338230	35.292528	2.730513	1.269140	0.999176	1.230705	0.000320	1.269139	0.999187	1.230190	0.000254	1.230606	0.000043	1.230642	0.000055	1.231086	0.000043	1.230589	0.000237	
1350073733.044804	1.000000	65.020523	51.688828	6.090576	1.230695	0.999189	1.192326	0.000165	1.230695	0.999188	1.192255	0.000127	1.230695	0.999188	1.192346	0.000133	1.230695	0.999187	1.192246	0.000179	1350073733.044927	1.000001	48.339798	35.293973	2.713041	1.269169	0.999436	1.230753	0.000284	1.269169	0.999425	1.231586	0.000189	1.230185	0.000007	1.231816	0.000006	1.227404	0.000007	1.231052	0.000166	
1350073734.044804	1.000000	65.046158	51.711823	6.121414	1.230359	0.997431	1.192500	0.000279	1.230359	0.997429	1.192379	0.002916	1.230359	0.997427	1.192232	0.000140	1.230359	0.997426	1.192325	0.000233	1350073734.044931	1.000004	48.300326	35.255381	2.895252	1.269130	0.999036	1.230765	0.000346	1.269129	0.999035	1.230615	0.000394	1.230086	0.000055	1.230066	0.000043	1.230404	0.000049	1.230631	0.000166	
1350073735.044804	1.000000	64.915588	51.581558	6.139908	1.229102	0.987836	1.192278	0.000168	1.229103	0.987826	1.192325	0.008271	1.229103	0.987820	1.192372	0.000130	1.229103	0.987816	1.192467	0.000176	1350073735.044929	0.999998	48.287644	35.243262	3.842613	1.269172	0.999436	1.230745	0.000259	1.269172	0.999441	1.231146	0.000169	1.237318	0.000007	1.207638	0.000007	1.232366	0.000007	1.230977	0.000175	
1350073736.044804	1.000000	64.982071	51.649307	6.084396	1.229574	0.991558	1.192163	0.000619	1.229574	0.991552	1.192352	0.005479	1.229574	0.991546	1.192256	0.000135	1.229574	0.991543	1.192218	0.000235	1350073736.044929	1.000000	48.320816	35.274765	3.576202	1.268955	0.997869	1.229835	0.000675	1.268955	0.997867	1.226983	0.000286	1.231057	0.000067	1.228028	0.000316	1.231171	0.000065	1.230014	0.001251	
1350073737.044805	1.000001	715793424.992904	715784270.611421	715796887.845863	0.999988	1.000201	0.999985	1.000203	0.999995	1.000200	0.999988	1.000200	0.999988	1.000203	0.999990	1.000198	0.999988	1.000203	0.999988	1.000201	1350073737.044896	0.999967	715809585.497570	715815923.958558	715836149.781448	0.999988	1.000200	0.999985	1.000203	3.893205	0.256908	0.999988	1.000200	0.999987	1.000203	0.999990	1.000198	0.999988	1.000203	0.999988	1.000201	
1350073738.044804	0.999999	0.000000	0.000000	0.000000	-nan	-nan	-nan	-nan	8.000000	inf	-nan	-nan	-nan	0.000000	-nan	-nan	-nan	-nan	-nan	-nan	1350073738.044874	0.999978	0.000000	0.000000	0.000000	-nan	-nan	-nan	-nan	0.000000	inf	-nan	-nan	-nan	-nan	-nan	-nan	-nan	-nan	-nan	-nan	
