ts_0	elapsed_0	pkg_0	pp0_0	dram_0	freq_ratio_0_0	c0_ratio_0_0	freq_ratio_0_1	c0_ratio_0_1	freq_ratio_0_2	c0_ratio_0_2	freq_ratio_0_3	c0_ratio_0_3	freq_ratio_0_4	c0_ratio_0_4	freq_ratio_0_5	c0_ratio_0_5	freq_ratio_0_6	c0_ratio_0_6	freq_ratio_0_7	c0_ratio_0_7	ts_1	elapsed_1	pkg_1	pp0_1	dram_1	freq_ratio_1_0	c0_ratio_1_0	freq_ratio_1_1	c0_ratio_1_1	freq_ratio_1_2	c0_ratio_1_2	freq_ratio_1_3	c0_ratio_1_3	freq_ratio_1_4	c0_ratio_1_4	freq_ratio_1_5	c0_ratio_1_5	freq_ratio_1_6	c0_ratio_1_6	freq_ratio_1_7	c0_ratio_1_7	
1350066414.899855	1.000341	48.219446	35.105737	6.106972	1.000000	1.000000	0.998760	0.000555	1.000000	1.000000	1.000329	0.001951	1.000000	1.000000	0.999929	0.000393	1.000000	1.000000	1.001975	0.000329	1350066414.899994	1.000345	34.991255	21.805923	3.006424	0.998953	0.000415	1.000000	1.000000	1.000820	0.000489	1.000000	1.000000	0.995566	0.000019	0.999103	0.000218	0.997049	0.000069	0.995847	0.000020	
1350066415.899845	0.999990	48.140207	35.039047	6.115296	1.000000	1.000000	1.002469	0.000290	1.000000	1.000000	0.999885	0.005952	1.000000	1.000000	0.999984	0.000258	1.000000	1.000000	0.997592	0.000273	1350066415.899988	0.999994	35.031901	21.837121	2.869875	1.000395	0.000350	1.000000	1.000000	0.998656	0.000381	1.000000	1.000000	0.998617	0.000068	1.000009	0.000218	1.000528	0.000081	1.002375	0.000103	
1350066416.899844	0.999999	48.190079	35.071933	6.121405	1.000000	1.000000	0.999994	0.005886	1.000000	1.000000	0.999912	0.000381	1.000000	1.000000	1.000144	0.000233	1.000000	1.000000	0.999971	0.000226	1350066416.899973	0.999985	35.039314	21.847786	2.931334	1.000036	0.000286	1.000000	1.000000	1.000352	0.000305	1.000000	1.000000	1.013970	0.000013	1.001009	0.000193	1.015770	0.000013	1.000682	0.000012	
1350066417.899845	1.000001	48.470245	35.350064	6.145990	1.000000	1.000000	0.999984	0.007053	1.000000	1.000000	1.000007	0.001571	1.000000	1.000000	0.999867	0.000280	1.000000	1.000000	0.999993	0.000347	1350066417.899980	1.000007	35.062746	21.869798	3.608236	0.999940	0.000363	1.000000	1.000000	0.999964	0.000355	0.999995	1.000000	0.999596	0.000052	0.998850	0.000198	0.996427	0.000062	0.997045	0.000078	
1350066418.899845	1.000000	47.969437	34.848236	6.109070	1.000000	1.000000	1.000070	0.000320	1.000000	1.000000	0.999755	0.000140	1.000000	1.000000	1.000038	0.000214	1.000000	1.000000	1.000012	0.000231	1350066418.899976	0.999996	35.070638	21.878278	2.709926	0.999884	0.000270	0.999994	1.000000	1.002009	0.000326	1.000006	1.000000	1.001490	0.000013	1.000952	0.000245	1.015835	0.000013	1.017573	0.000013	
1350066419.899845	1.000000	48.247635	35.126892	6.102905	1.000000	1.000000	0.999939	0.000271	1.000000	1.000000	0.999998	0.005838	1.000000	1.000000	0.999947	0.000275	1.000000	1.000000	0.999955	0.000258	1350066419.899979	1.000003	35.064222	21.870263	3.341680	1.000059	0.000378	1.000006	1.000000	0.998163	0.000365	1.000000	1.000000	0.999985	0.000051	1.000004	0.000212	0.999619	0.000054	0.999933	0.000161	
1350066420.899844	0.999999	48.263489	35.144260	6.121405	1.000000	1.000000	0.999992	0.003689	1.000000	1.000000	0.999917	0.000398	1.000000	1.000000	1.000003	0.002821	1.000000	1.000000	1.000013	0.000230	1350066420.899977	0.999998	35.062399	21.874996	3.458854	0.999797	0.000286	1.000000	1.000000	1.002290	0.000291	1.000000	1.000000	0.998600	0.000012	0.999987	0.000184	1.002390	0.000013	1.000650	0.000012	
1350066421.899845	1.000001	48.054459	34.936109	6.108957	1.000000	1.000000	0.999993	0.002591	1.000000	1.000000	1.000680	0.000223	1.000000	1.000000	1.000146	0.000866	1.000000	1.000000	1.000337	0.000332	1350066421.899978	1.000001	35.030652	21.855173	2.806821	1.000116	0.000355	1.000000	1.000000	0.998136	0.000360	1.000000	1.000000	0.994782	0.000046	0.998938	0.000214	0.995718	0.000057	0.996955	0.000085	
1350066422.899845	1.000000	48.058304	34.938156	6.127563	1.000000	1.000000	0.998816	0.000569	1.000000	1.000000	0.999072	0.000173	1.000000	1.000000	0.999889	0.001484	1.000000	1.000000	0.999444	0.000243	1350066422.899981	1.000003	35.077131	21.885751	2.727988	1.000088	0.000308	1.000000	1.000000	0.999975	0.000326	1.000000	1.000000	1.019111	0.000013	1.001077	0.000181	1.017653	0.000013	1.021022	0.000013	
1350066423.899845	1.000000	48.015762	34.908630	6.121368	1.000000	1.000000	1.002201	0.000300	1.000000	1.000000	1.000167	0.000190	1.000000	1.000000	0.999996	0.001889	1.000000	1.000000	1.000018	0.000279	1350066423.899987	1.000006	35.079106	21.891807	2.938673	0.999924	0.000377	1.000000	1.000000	0.999997	0.000385	1.000000	0.999996	0.997497	0.000077	0.999640	0.000535	0.997547	0.000078	0.998789	0.000177	
1350066424.899845	1.000000	47.981934	34.855042	6.127563	1.000000	1.000000	0.997212	0.000261	1.000000	1.000000	0.999748	0.000141	1.000000	1.000000	0.999826	0.000217	1.000000	1.000000	0.999954	0.000217	1350066424.899983	0.999996	35.073491	21.883542	2.717678	0.999836	0.000305	1.000000	1.000000	1.001851	0.000347	1.000000	1.000004	1.014795	0.000013	1.000345	0.000559	1.005275	0.000036	1.003295	0.000059	
1350066425.899845	1.000000	47.982986	34.859848	6.090561	1.000000	1.000000	1.003032	0.000236	1.000000	1.000000	1.000132	0.000201	1.000000	1.000000	1.000153	0.000277	1.000000	1.000000	0.999969	0.000328	1350066425.899974	0.999991	35.089155	21.895996	2.718988	1.000122	0.000354	0.999995	1.000000	0.998172	0.000357	1.000000	1.000000	1.000087	0.000058	0.999972	0.000796	0.994565	0.000041	0.987358	0.000068	
1350066426.899844	0.999999	48.021683	34.895968	6.109015	1.000000	1.000000	0.998981	0.000707	1.000000	1.000000	0.999709	0.000123	1.000000	1.000000	1.000601	0.001077	1.000000	1.000000	0.999980	0.000231	1350066426.899977	1.000003	35.064711	21.876321	2.713584	0.999871	0.000328	1.000005	1.000000	0.999972	0.000336	1.000000	1.000000	0.999423	0.000013	1.000008	0.000613	1.016953	0.000013	1.003619	0.000241	
1350066427.899845	1.000001	48.002060	34.879529	6.133722	1.000000	1.000000	1.001227	0.000584	1.000000	1.000000	1.000123	0.000244	1.000000	1.000000	0.999158	0.000778	1.000000	1.000000	1.000017	0.000268	1350066427.899979	1.000002	35.076868	21.885670	2.771204	1.000016	0.000369	1.000000	1.000000	0.999990	0.000369	1.000000	1.000000	0.999992	0.000047	0.999911	0.000213	0.998536	0.000127	0.996409	0.000066	
1350066428.899844	0.999999	47.962250	34.834170	6.127569	1.000000	1.000000	0.999985	0.000337	1.000000	1.000000	0.999998	0.000172	1.000000	1.000000	0.999951	0.000214	1.000000	1.000000	0.999955	0.000249	1350066428.899974	0.999995	35.111794	21.919375	2.712630	1.000066	0.000274	1.000000	1.000000	0.999985	0.000353	0.999994	1.000000	0.999878	0.000013	1.000013	0.000242	1.025354	0.000008	1.018316	0.000013	
1350066429.899845	1.000001	47.926666	34.799817	6.096735	1.000000	1.000000	0.996575	0.000210	1.000000	1.000000	0.999973	0.000216	1.000000	1.000000	0.999987	0.000277	1.000000	1.000000	1.000010	0.000267	1350066429.899976	1.000002	35.098306	21.905094	2.707133	0.999944	0.000380	0.999994	1.000000	0.999993	0.000371	1.000006	1.000000	0.998518	0.000061	0.998965	0.000194	0.996362	0.000056	0.996977	0.000068	
1350066430.899845	1.000000	47.917542	34.791687	6.115234	1.000000	1.000000	1.002035	0.000347	1.000000	1.000000	0.999988	0.000128	1.000000	1.000000	0.999941	0.000220	1.000000	1.000000	1.000065	0.000238	1350066430.899976	1.000000	35.043732	21.864349	2.712555	0.999878	0.000330	1.000000	1.000000	1.001819	0.000362	1.000000	1.000000	1.004423	0.000021	1.000943	0.000186	1.009046	0.000021	1.008986	0.000020	
1350066431.899845	1.000000	47.959671	34.835632	6.096741	1.000000	1.000000	1.000000	0.002178	1.000000	1.000000	0.999986	0.000195	1.000000	1.000000	0.999980	0.000269	1.000000	1.000000	1.000053	0.000242	1350066431.899980	1.000004	35.152445	21.961749	2.712452	0.999974	0.000354	1.000006	1.000000	0.998270	0.000385	1.000000	1.000000	0.997840	0.000054	0.999117	0.000200	0.996276	0.000062	0.996721	0.000061	
1350066432.899844	0.999999	47.952820	34.833911	6.109076	1.000000	1.000000	1.000009	0.000558	1.000000	1.000000	0.999767	0.000149	1.000000	1.000000	0.999817	0.000234	1.000000	1.000000	0.999815	0.000232	1350066432.899976	0.999996	35.133214	21.942884	2.698711	0.999999	0.000307	0.999994	1.000000	0.999977	0.000329	1.000000	1.000000	1.007744	0.000013	1.000785	0.000187	1.017113	0.000013	1.016775	0.000013	
1350066433.899845	1.000001	47.984924	34.865262	6.121393	1.000000	1.000000	0.997301	0.000260	1.000000	1.000000	1.000848	0.000195	1.000000	1.000000	1.000690	0.000270	1.000000	1.000000	1.000078	0.001158	1350066433.900010	1.000034	35.070963	21.877321	2.836878	1.000059	0.000379	1.000006	1.000000	0.999990	0.000404	1.000000	1.000000	1.000429	0.000059	0.999742	0.000253	0.999971	0.000054	0.999676	0.000064	
1350066434.899845	1.000000	47.963516	34.843262	6.115219	1.000000	1.000000	1.002556	0.000265	1.000000	1.000000	0.999105	0.000153	1.000000	1.000000	0.999379	0.000226	1.000000	1.000000	0.999406	0.000225	1350066434.899980	0.999970	35.056336	21.863068	2.715322	1.000176	0.000265	0.999994	1.000000	0.999995	0.000322	1.000000	1.000000	0.999969	0.000013	1.000454	0.000184	0.999940	0.000013	1.001947	0.000012	
1350066435.899845	1.000000	48.268326	35.138916	6.132416	1.000000	1.000000	0.999795	0.003543	1.000000	1.000000	0.999996	0.005082	1.000000	1.000000	0.999997	0.002869	1.000000	1.000000	0.999996	0.002931	1350066435.899984	1.000004	35.183039	21.988741	3.023410	0.999971	0.003056	1.000005	1.000000	0.999999	0.002799	1.000000	1.000000	0.999920	0.002482	0.999957	0.004176	0.999926	0.002592	0.999677	0.002684	
1350066436.899845	1.000000	48.112061	35.000473	6.121368	1.000000	1.000000	1.000128	0.005231	1.000000	1.000000	1.004578	0.000138	1.000000	1.000000	1.002874	0.000227	1.000000	1.000000	1.000015	0.000212	1350066436.899978	0.999994	35.063457	21.871041	2.821062	1.000149	0.000295	1.000000	1.000000	0.999589	0.000351	1.000000	1.000000	1.015808	0.000013	1.001093	0.000184	1.015729	0.000013	1.053688	0.000016	
1350066437.899845	1.000000	48.344711	35.214447	6.121399	1.000000	1.000000	0.999994	0.005467	1.000000	1.000000	0.999698	0.002164	1.000000	1.000000	0.997360	0.000248	1.000000	1.000000	0.999969	0.000248	1350066437.899982	1.000004	34.999751	21.820789	3.632477	0.999819	0.000361	1.000000	1.000000	1.000455	0.000318	1.000000	1.000000	0.999341	0.000045	0.999555	0.000205	0.996061	0.000058	0.995920	0.000055	
1350066438.899844	0.999999	48.116638	34.989734	6.102911	1.000000	1.000000	0.999804	0.003485	1.000000	1.000000	1.001511	0.000415	1.000000	1.000000	0.999972	0.000231	1.000000	1.000000	0.999995	0.000227	1350066438.899977	0.999995	35.031120	21.838092	2.824843	1.000191	0.000262	1.000000	1.000000	0.999945	0.000331	1.000000	1.000000	1.001646	0.000013	1.000344	0.000261	1.017168	0.000013	1.017486	0.000013	
1350066439.899845	1.000001	47.990967	34.860105	6.127497	1.000000	1.000000	1.001604	0.000419	1.000000	1.000000	0.996643	0.000188	1.000000	1.000000	0.999927	0.000265	1.000000	1.000000	0.999975	0.000273	1350066439.899979	1.000002	35.045175	21.852574	2.744074	0.999829	0.000388	1.000000	1.000000	0.999989	0.000394	1.000000	1.000000	0.996706	0.000060	0.998958	0.000211	0.996181	0.000054	0.996926	0.000066	
1350066440.899844	0.999999	47.980301	34.855700	6.115240	1.000000	1.000000	0.996829	0.000221	1.000000	1.000000	1.004706	0.000138	1.000000	1.000000	0.999979	0.000234	1.000000	1.000000	1.000029	0.000211	1350066440.899979	1.000000	35.077759	21.884552	2.715637	0.999907	0.000323	0.999995	1.000000	0.999985	0.000312	1.000000	1.000000	1.015971	0.000013	1.001096	0.000185	1.014706	0.000013	1.014379	0.000013	
1350066441.899845	1.000001	48.097443	34.977048	6.109064	1.000000	1.000000	1.000241	0.002869	1.000000	1.000000	0.996320	0.000178	1.000000	1.000000	1.000009	0.002007	1.000000	1.000000	0.999958	0.000291	1350066441.899975	0.999996	35.130681	21.940183	2.709270	1.000170	0.000428	1.000001	1.000000	0.999828	0.000400	1.000000	1.000000	0.995893	0.000062	0.999114	0.000212	0.995811	0.000054	0.996186	0.000063	
1350066442.899844	0.999999	47.988312	34.863635	6.121405	1.000000	1.000000	0.999963	0.000559	1.000000	1.000000	1.004289	0.000154	1.000000	1.000000	0.999955	0.000232	1.000000	1.000000	1.002940	0.000230	1350066442.899987	1.000012	35.066354	21.874419	2.704405	0.999832	0.000294	1.000005	1.000000	1.000182	0.000341	1.000000	1.000000	1.019042	0.000013	1.000978	0.000198	1.017316	0.000013	1.020430	0.000013	
1350066443.899845	1.000001	47.997208	34.873563	6.127558	1.000000	1.000000	1.000024	0.000261	1.000000	1.000000	0.995962	0.000165	1.000000	1.000000	0.999920	0.000256	1.000000	1.000000	0.999300	0.001014	1350066443.899979	0.999992	35.087504	21.894037	2.810341	1.000107	0.000389	0.999994	1.000000	0.999985	0.000411	1.000000	1.000000	1.000093	0.000062	0.999970	0.000699	0.999987	0.000061	0.999795	0.000068	
1350066444.899844	0.999999	47.953842	34.827151	6.121405	1.000000	1.000000	1.000000	0.000221	1.000000	1.000000	1.003972	0.000158	1.000000	1.000000	1.000030	0.000235	1.000000	1.000000	0.999956	0.000229	1350066444.899981	1.000002	35.086145	21.895298	2.715449	0.999965	0.000299	1.000001	1.000000	0.999978	0.000315	1.000000	1.000000	1.001497	0.000013	1.000010	0.000444	0.999970	0.000013	1.000735	0.000013	
1350066445.899845	1.000001	47.944153	34.817456	6.127497	1.000000	1.000000	0.999943	0.000208	1.000000	1.000000	0.997028	0.000168	1.000000	1.000000	1.000477	0.000272	1.000000	1.000000	1.000504	0.000254	1350066445.899983	1.000002	35.079828	21.903584	2.753901	0.999505	0.000361	1.000005	0.999997	0.999514	0.000424	1.000000	1.000000	0.996057	0.000055	0.999984	0.001062	1.000145	0.000066	0.999834	0.000060	
1350066446.899867	1.000022	715764190.824565	715752793.490957	715807305.360940	0.999988	1.000201	0.999985	1.000203	0.999995	1.000200	0.999988	1.000200	0.999988	1.000203	0.999990	1.000198	0.999988	1.000203	0.999988	1.000201	1350066446.899972	0.999989	715830567.445516	715776377.447575	715834218.486001	0.999987	1.000199	0.999985	1.000202	3.893196	0.256908	0.999988	1.000200	0.999988	1.000203	0.999990	1.000198	0.999988	1.000203	0.999988	1.000201	
1350066447.899869	1.000002	0.000000	0.000000	0.000000	-nan	-nan	-nan	-nan	0.000000	inf	-nan	-nan	-nan	0.000000	-nan	-nan	-nan	-nan	-nan	-nan	1350066447.899945	0.999973	0.000000	0.000000	0.000000	-nan	-nan	-nan	-nan	0.000000	inf	-nan	-nan	-nan	-nan	-nan	-nan	-nan	-nan	-nan	-nan	
