ts_0	elapsed_0	pkg_0	pp0_0	dram_0	freq_ratio_0_0	c0_ratio_0_0	freq_ratio_0_1	c0_ratio_0_1	freq_ratio_0_2	c0_ratio_0_2	freq_ratio_0_3	c0_ratio_0_3	freq_ratio_0_4	c0_ratio_0_4	freq_ratio_0_5	c0_ratio_0_5	freq_ratio_0_6	c0_ratio_0_6	freq_ratio_0_7	c0_ratio_0_7	ts_1	elapsed_1	pkg_1	pp0_1	dram_1	freq_ratio_1_0	c0_ratio_1_0	freq_ratio_1_1	c0_ratio_1_1	freq_ratio_1_2	c0_ratio_1_2	freq_ratio_1_3	c0_ratio_1_3	freq_ratio_1_4	c0_ratio_1_4	freq_ratio_1_5	c0_ratio_1_5	freq_ratio_1_6	c0_ratio_1_6	freq_ratio_1_7	c0_ratio_1_7	
1350072779.978252	1.000200	83.317089	70.054422	6.107848	1.110117	0.999402	1.110117	0.999401	1.110116	0.999400	1.110116	0.999400	1.110116	0.999400	1.110116	0.999399	1.110116	0.999399	1.110115	0.999399	1350072779.978286	1.000193	63.394252	50.194393	2.746876	1.230379	0.996373	1.230379	0.996369	1.230379	0.996367	1.230379	0.996363	1.192221	0.002774	1.189600	0.000317	1.189752	0.000112	1.187927	0.000018	
1350072780.978242	0.999990	79.514972	66.247108	6.102829	1.077462	0.999447	1.077462	0.999447	1.077461	0.999447	1.077461	0.999446	1.077461	0.999446	1.077461	0.999445	1.077461	0.999445	1.077461	0.999445	1350072780.978273	0.999987	63.718472	50.497198	2.714025	1.230548	0.997786	1.230549	0.997785	1.230549	0.997782	1.230549	0.997780	1.192519	0.001486	1.192384	0.000258	1.192054	0.000181	1.186007	0.000122	
1350072781.978241	0.999999	79.448837	66.180620	6.078253	1.076270	0.999840	1.076270	0.999839	1.076270	0.999839	1.076270	0.999839	1.076270	0.999839	1.076270	0.999839	1.076270	0.999839	1.076270	0.999839	1350072781.978272	0.999999	63.787140	50.557879	2.717852	1.230554	0.997807	1.230554	0.997804	1.230554	0.997802	1.230554	0.997801	1.192370	0.001467	1.193262	0.000251	1.194750	0.000093	1.230893	0.000014	
1350072782.978242	1.000001	79.524491	66.240141	6.078241	1.075527	0.999655	1.075527	0.999655	1.075527	0.999655	1.075526	0.999654	1.075527	0.999655	1.075527	0.999654	1.075527	0.999654	1.075527	0.999654	1350072782.978280	1.000008	63.852769	50.619173	2.750649	1.230519	0.997694	1.230519	0.997692	1.230519	0.997690	1.230519	0.997687	1.192182	0.001643	1.191236	0.000226	1.188773	0.000095	1.193623	0.000173	
1350072783.978241	0.999999	79.522064	66.234942	6.102911	1.074337	0.999354	1.074337	0.999354	1.074337	0.999353	1.074337	0.999353	1.074337	0.999352	1.074337	0.999352	1.074337	0.999352	1.074337	0.999351	1350072783.978272	0.999992	63.875899	50.638411	2.718238	1.230502	0.997848	1.230502	0.997847	1.230502	0.997844	1.230502	0.997842	1.192389	0.001446	1.193187	0.000224	1.195434	0.000094	1.191870	0.000011	
1350072784.978248	1.000007	79.526855	66.236175	6.084370	1.073951	0.999261	1.073951	0.999261	1.073951	0.999260	1.073951	0.999259	1.073951	0.999259	1.073951	0.999258	1.073951	0.999258	1.073951	0.999258	1350072784.978279	1.000007	63.919892	50.680649	2.721966	1.230569	0.997875	1.230570	0.997867	1.230570	0.997865	1.230569	0.997863	1.192440	0.001416	1.192034	0.000255	1.190570	0.000099	1.188511	0.000062	
1350072785.978241	0.999993	79.525803	66.230789	6.090618	1.073283	0.999102	1.073283	0.999100	1.073283	0.999100	1.073283	0.999100	1.073283	0.999099	1.073283	0.999099	1.073283	0.999098	1.073283	0.999097	1350072785.978272	0.999993	63.935043	50.693786	2.718265	1.230550	0.997820	1.230551	0.997823	1.230551	0.997821	1.230551	0.997818	1.192384	0.001458	1.192716	0.000214	1.193752	0.000185	1.197706	0.000047	
1350072786.978242	1.000001	79.527832	66.231748	6.095529	1.073008	0.998970	1.073008	0.998969	1.073008	0.998968	1.073008	0.998968	1.073008	0.998968	1.073008	0.998967	1.073008	0.998966	1.073008	0.998967	1350072786.978275	1.000003	63.957535	50.729213	2.729377	1.230160	0.997527	1.230160	0.997519	1.230160	0.997517	1.230160	0.997515	1.169037	0.003781	1.158902	0.002238	1.164863	0.003680	1.158153	0.002567	
1350072787.978241	0.999999	79.527130	66.232592	6.084311	1.072321	0.998859	1.072321	0.998858	1.072321	0.998857	1.072321	0.998856	1.072320	0.998855	1.072320	0.998855	1.072320	0.998855	1.072320	0.998854	1350072787.978273	0.999998	63.978989	50.732229	2.704152	1.230530	0.997806	1.230531	0.997804	1.230531	0.997802	1.230532	0.997800	1.192328	0.001521	1.193233	0.000214	1.191791	0.000095	1.186363	0.000024	
1350072788.978242	1.000001	79.527832	66.229994	6.102899	1.072238	0.998823	1.072238	0.998822	1.072237	0.998822	1.072238	0.998821	1.072237	0.998820	1.072238	0.998819	1.072238	0.998818	1.072238	0.998818	1350072788.978276	1.000003	63.999313	50.756679	2.712440	1.230523	0.997893	1.230523	0.997892	1.230523	0.997889	1.230523	0.997886	1.192446	0.001428	1.192322	0.000256	1.192312	0.000091	1.193862	0.000064	
1350072789.978242	1.000000	79.525925	66.230957	6.109070	1.072214	0.998833	1.072214	0.998833	1.072214	0.998831	1.072214	0.998831	1.072214	0.998830	1.072214	0.998829	1.072215	0.998828	1.072215	0.998827	1350072789.978273	0.999997	63.993759	50.749196	2.706948	1.230533	0.997870	1.230534	0.997868	1.230534	0.997866	1.230534	0.997864	1.192214	0.001435	1.192479	0.000241	1.192290	0.000093	1.192948	0.000028	
1350072790.978242	1.000000	79.447250	66.164978	6.102905	1.071885	0.998739	1.071884	0.998738	1.071884	0.998737	1.071884	0.998735	1.071884	0.998735	1.071884	0.998734	1.071884	0.998732	1.071884	0.998732	1350072790.978274	1.000001	63.981339	50.733487	2.743543	1.230527	0.997717	1.230527	0.997714	1.230527	0.997713	1.230527	0.997711	1.192429	0.001467	1.192202	0.000279	1.192207	0.000196	1.192288	0.000149	
1350072791.978241	0.999999	79.520523	66.226824	6.109076	1.071569	0.998674	1.071569	0.998674	1.071570	0.998673	1.071570	0.998672	1.071570	0.998671	1.071570	0.998670	1.071570	0.998669	1.071570	0.998670	1350072791.978272	0.999998	63.990875	50.745702	2.707448	1.230570	0.997920	1.230570	0.997918	1.230570	0.997916	1.230570	0.997915	1.192278	0.001389	1.192312	0.000208	1.193123	0.000085	1.199523	0.000007	
1350072792.978242	1.000001	79.529816	66.232740	6.096720	1.071523	0.998661	1.071522	0.998660	1.071522	0.998659	1.071523	0.998658	1.071523	0.998658	1.071523	0.998657	1.071523	0.998656	1.071523	0.998657	1350072792.978274	1.000002	62.235797	48.983778	2.698939	1.230548	0.997741	1.230548	0.997739	1.230548	0.997737	1.230548	0.997735	1.192383	0.001501	1.192370	0.000289	1.191135	0.000122	1.184848	0.000074	
1350072793.978241	0.999999	79.522720	66.222796	6.096747	1.070784	0.998474	1.070784	0.998472	1.070784	0.998471	1.070784	0.998470	1.070784	0.998469	1.070784	0.998467	1.070784	0.998468	1.070784	0.998467	1350072793.978272	0.999998	61.911403	48.647020	2.718282	1.230575	0.997962	1.230575	0.997959	1.230575	0.997957	1.230575	0.997956	1.192323	0.001410	1.192267	0.000178	1.194107	0.000087	1.230854	0.000014	
1350072794.978241	1.000000	79.514084	66.205261	6.109070	1.084038	0.997514	1.084038	0.997512	1.084038	0.997511	1.084038	0.997509	1.084038	0.997506	1.084038	0.997503	1.084038	0.997502	1.084038	0.997501	1350072794.978272	1.000000	62.921066	49.656738	2.718201	1.230534	0.997892	1.230534	0.997890	1.230533	0.997888	1.230534	0.997886	1.192229	0.001372	1.192335	0.000244	1.191812	0.000132	1.190627	0.000128	
1350072795.978241	1.000000	79.531967	66.225952	6.115234	1.070506	0.998404	1.070506	0.998403	1.070506	0.998402	1.070506	0.998400	1.070506	0.998400	1.070506	0.998399	1.070506	0.998398	1.070506	0.998398	1350072795.978272	1.000000	64.061264	50.815536	2.710037	1.230384	0.998077	1.230384	0.998076	1.230384	0.998075	1.230384	0.998073	1.192715	0.001314	1.192304	0.000220	1.191842	0.000225	1.192351	0.000055	
1350072796.978241	1.000000	79.523346	66.223801	6.078247	1.070388	0.998382	1.070388	0.998380	1.070388	0.998380	1.070388	0.998379	1.070388	0.998378	1.070388	0.998378	1.070388	0.998377	1.070388	0.998376	1350072796.978272	1.000000	64.034653	50.775146	2.715500	1.230549	0.997774	1.230549	0.997771	1.230549	0.997770	1.230550	0.997767	1.192044	0.001470	1.191396	0.000245	1.191213	0.000110	1.192230	0.000048	
1350072797.978258	1.000017	79.481504	66.186868	6.102802	1.070751	0.554674	1.098182	0.997483	1.098182	0.997480	1.098182	0.997478	1.098182	0.997475	1.098182	0.997473	1.098182	0.997471	1.098182	0.997469	1350072797.978334	1.000062	66.673784	53.420730	2.707047	1.213509	0.998773	1.213509	0.998772	1.213509	0.998771	1.213509	0.998770	1.192313	0.445603	1.193053	0.000879	1.195658	0.000197	1.221692	0.000023	
1350072798.978242	0.999984	79.464252	66.179860	6.109167	1.127436	0.000658	1.132371	0.996207	1.132371	0.996206	1.132371	0.996203	1.132371	0.996201	1.132372	0.996198	1.132372	0.996194	1.132371	0.996192	1350072798.978348	1.000014	69.975304	56.726894	2.699120	1.192306	0.999975	1.192306	0.999975	1.192306	0.999975	1.192306	0.999975	1.192306	0.999975	1.192239	0.001724	1.192793	0.000091	1.190630	0.000110	
1350072799.978241	0.999999	79.468017	66.185229	6.121405	1.124697	0.000451	1.132615	0.996207	1.132615	0.996204	1.132614	0.996201	1.132615	0.996198	1.132614	0.996196	1.132614	0.996195	1.132614	0.996192	1350072799.978331	0.999983	69.913964	56.659040	2.701782	1.192306	0.999975	1.192306	0.999975	1.192306	0.999975	1.192306	0.999975	1.192306	0.999975	1.192331	0.001652	1.192115	0.000099	1.210233	0.000011	
1350072800.978241	1.000000	79.461136	66.178009	6.109070	1.135707	0.000938	1.132248	0.996268	1.132247	0.996267	1.132248	0.996263	1.132247	0.996261	1.132247	0.996258	1.132247	0.996254	1.132248	0.996254	1350072800.978324	0.999993	70.003917	56.752422	2.693759	1.192306	0.999978	1.192306	0.999978	1.192306	0.999978	1.192306	0.999978	1.192306	0.999978	1.192350	0.001770	1.192171	0.000239	1.192270	0.000084	
1350072801.978241	1.000000	79.382706	66.110519	6.115234	1.139377	0.000481	1.132264	0.996171	1.132264	0.996169	1.132264	0.996165	1.132264	0.996164	1.132264	0.996160	1.132264	0.996157	1.132264	0.996156	1350072801.978327	1.000003	69.911313	56.656547	2.704581	1.192306	0.999977	1.192306	0.999976	1.192306	0.999977	1.192306	0.999977	1.192306	0.999977	1.192245	0.001673	1.192642	0.000122	1.189656	0.000006	
1350072802.978241	1.000000	79.461914	66.176727	6.133728	1.140772	0.000618	1.131799	0.996041	1.131799	0.996039	1.131798	0.996037	1.131798	0.996034	1.131799	0.996032	1.131799	0.996029	1.131799	0.996027	1350072802.978328	1.000001	69.985987	56.734000	2.701886	1.192306	0.999978	1.192306	0.999977	1.192306	0.999977	1.192306	0.999977	1.192306	0.999978	1.192307	0.001621	1.192353	0.000104	1.192527	0.000062	
1350072803.978241	1.000000	79.469635	66.180450	6.115234	1.128967	0.000454	1.132345	0.996303	1.132344	0.996301	1.132344	0.996299	1.132344	0.996295	1.132344	0.996293	1.132343	0.996291	1.132343	0.996288	1350072803.978324	0.999996	69.861169	56.606049	2.707073	1.192306	0.999977	1.192306	0.999977	1.192306	0.999977	1.192306	0.999977	1.192306	0.999977	1.192379	0.001666	1.192171	0.000098	1.192505	0.000010	
1350072804.978241	1.000000	79.461349	66.175049	6.121399	1.135221	0.000688	1.131807	0.996156	1.131806	0.996152	1.131806	0.996150	1.131807	0.996147	1.131807	0.996146	1.131807	0.996143	1.131807	0.996139	1350072804.978323	0.999999	69.903753	56.649117	2.707247	1.192306	0.999977	1.192306	0.999977	1.192306	0.999977	1.192306	0.999977	1.192306	0.999977	1.192280	0.001672	1.192446	0.000134	1.184266	0.000080	
1350072805.978241	1.000000	79.462692	66.176407	6.127548	1.122539	0.001794	1.131463	0.996171	1.131464	0.996167	1.131464	0.996165	1.131464	0.996164	1.131464	0.996162	1.131464	0.996159	1.131464	0.996155	1350072805.978324	1.000001	69.841684	56.586326	2.696119	1.192306	0.999976	1.192306	0.999976	1.192306	0.999976	1.192306	0.999976	1.192306	0.999976	1.192324	0.001752	1.192297	0.000172	1.203763	0.000055	
1350072806.978241	1.000000	79.463181	66.175644	6.115234	1.130651	0.000637	1.131669	0.996143	1.131668	0.996139	1.131668	0.996136	1.131668	0.996133	1.131668	0.996131	1.131667	0.996130	1.131668	0.996127	1350072806.978326	1.000002	69.841191	56.583434	2.693736	1.192306	0.999977	1.192306	0.999976	1.192306	0.999976	1.192306	0.999976	1.192306	0.999976	1.192263	0.001673	1.191309	0.000108	1.190680	0.000055	
1350072807.978241	1.000000	79.465393	66.179276	6.121399	1.119221	0.002203	1.132091	0.996195	1.132091	0.996193	1.132091	0.996190	1.132092	0.996187	1.132092	0.996184	1.132092	0.996182	1.132092	0.996179	1350072807.978325	0.999999	69.834829	56.574196	2.707186	1.192306	0.999978	1.192306	0.999978	1.192306	0.999978	1.192306	0.999978	1.192306	0.999978	1.192053	0.001675	1.191447	0.000125	1.188179	0.000023	
1350072808.978242	1.000001	79.466004	66.176710	6.121393	1.128220	0.000667	1.131754	0.996186	1.131753	0.996185	1.131753	0.996181	1.131753	0.996179	1.131753	0.996177	1.131752	0.996172	1.131752	0.996171	1350072808.978331	1.000006	67.827995	54.564952	2.699004	1.192306	0.999978	1.192306	0.999977	1.192306	0.999977	1.192306	0.999977	1.192306	0.999977	1.192178	0.001597	1.192232	0.000091	1.191910	0.000045	
1350072809.978241	0.999999	78.537734	65.247545	6.096747	1.150890	0.000487	1.151598	0.999625	1.151598	0.999625	1.151598	0.999625	1.151598	0.999625	1.151599	0.999624	1.151599	0.999624	1.151599	0.999624	1350072809.978324	0.999993	67.001394	53.744787	2.712894	1.192306	0.999977	1.192306	0.999977	1.192306	0.999977	1.192306	0.999976	1.192306	0.999976	1.192329	0.001354	1.192258	0.000099	1.193811	0.000009	
1350072810.978243	1.000002	715761029.882481	715797503.577226	715803897.693127	0.999987	1.000194	0.999984	1.000198	0.999995	1.000200	0.999985	1.000190	0.999987	1.000197	0.999989	1.000193	0.999987	1.000198	0.999987	1.000195	1350072810.978330	1.000006	715770107.269468	715792473.497162	715801047.338316	0.999987	1.000198	0.999984	1.000196	3.893273	0.256901	0.999986	1.000194	0.999987	1.000197	0.999989	1.000193	0.999987	1.000198	0.999987	1.000196	
1350072811.978364	1.000121	0.000000	0.000000	0.000000	-nan	-nan	-nan	-nan	729917053876.260864	inf	-nan	-nan	-nan	0.000000	0.000000	inf	-nan	-nan	-nan	-nan	1350072811.978431	1.000101	0.000000	0.000000	0.000000	-nan	-nan	-nan	-nan	1.345745	inf	-nan	-nan	-nan	-nan	-nan	-nan	-nan	-nan	-nan	-nan	
