ts_0	elapsed_0	pkg_0	pp0_0	dram_0	freq_ratio_0_0	c0_ratio_0_0	freq_ratio_0_1	c0_ratio_0_1	freq_ratio_0_2	c0_ratio_0_2	freq_ratio_0_3	c0_ratio_0_3	freq_ratio_0_4	c0_ratio_0_4	freq_ratio_0_5	c0_ratio_0_5	freq_ratio_0_6	c0_ratio_0_6	freq_ratio_0_7	c0_ratio_0_7	ts_1	elapsed_1	pkg_1	pp0_1	dram_1	freq_ratio_1_0	c0_ratio_1_0	freq_ratio_1_1	c0_ratio_1_1	freq_ratio_1_2	c0_ratio_1_2	freq_ratio_1_3	c0_ratio_1_3	freq_ratio_1_4	c0_ratio_1_4	freq_ratio_1_5	c0_ratio_1_5	freq_ratio_1_6	c0_ratio_1_6	freq_ratio_1_7	c0_ratio_1_7	
1350071511.641470	1.000852	39.480625	26.228170	6.087190	1.269215	0.999846	1.268709	0.002411	1.254388	0.000036	1.231886	0.000055	1.231302	0.000053	1.269075	0.000010	1.266863	0.000010	1.269032	0.000010	1350071511.641876	1.000839	38.570408	25.508643	2.769298	1.269220	0.999892	1.265943	0.000465	1.239113	0.000106	1.239300	0.000019	1.265031	0.000017	1.267082	0.000097	1.263711	0.000018	1.270951	0.000017	
1350071512.641461	0.999991	39.750085	26.483806	6.121424	1.269223	0.999914	1.269199	0.005139	1.258417	0.000064	1.269218	0.000067	1.269246	0.000056	1.269262	0.000040	1.269369	0.000037	1.269255	0.000036	1350071512.641866	0.999990	38.653784	25.581448	2.846327	1.269223	0.999911	1.270149	0.000295	1.274140	0.000049	1.274241	0.000046	1.274113	0.000044	1.264311	0.000112	1.268129	0.000040	1.266942	0.000138	
1350071513.641461	1.000000	39.666702	26.396332	6.127563	1.269221	0.999915	1.269223	0.002094	1.256215	0.000048	1.233574	0.000018	1.232286	0.000017	1.269387	0.000009	1.268473	0.000009	1.270205	0.000010	1350071513.641871	1.000005	38.694981	25.620584	2.718538	1.269223	0.999912	1.267901	0.000260	1.263468	0.000054	1.252555	0.000018	1.260266	0.000010	1.266329	0.000096	1.278933	0.000011	1.271637	0.000010	
1350071514.641461	1.000000	40.353592	27.080521	6.119904	1.266921	0.999188	1.184984	0.003531	1.167315	0.002465	1.208242	0.004034	1.160830	0.001905	1.162166	0.002369	1.163091	0.002235	1.162329	0.002045	1350071514.641727	0.999856	39.447255	26.385391	2.742155	1.268392	0.999463	1.169796	0.002791	1.160262	0.002576	1.159731	0.002420	1.160578	0.002270	1.176612	0.004190	1.160562	0.002458	1.162222	0.002449	
1350071515.641462	1.000001	39.586480	26.317434	6.090555	1.269223	0.999928	1.269095	0.000770	1.255852	0.000036	1.237772	0.000016	1.232781	0.000016	1.262459	0.000009	1.260683	0.000009	1.273144	0.000010	1350071515.641866	1.000139	38.696404	25.626870	2.712971	1.269221	0.999892	1.267981	0.000290	1.263281	0.000049	1.243172	0.000017	1.269016	0.000010	1.269221	0.000092	1.259341	0.000011	1.255035	0.000010	
1350071516.641461	0.999999	39.594444	26.324366	6.121405	1.269225	0.999937	1.268066	0.000429	1.268002	0.000042	1.268054	0.000042	1.268474	0.000041	1.269171	0.000040	1.268597	0.000039	1.269098	0.000038	1350071516.641864	0.999998	38.938124	25.868091	3.418219	1.269217	0.999850	1.261482	0.000242	1.268947	0.000043	1.269402	0.000038	1.269338	0.000039	1.253584	0.000105	1.268837	0.005070	1.266332	0.000156	
1350071517.641461	1.000000	39.578415	26.308395	6.096741	1.269221	0.999913	1.266771	0.000275	1.252957	0.000037	1.236485	0.000018	1.237326	0.000017	1.269707	0.000009	1.273134	0.000009	1.271703	0.000009	1350071517.641862	0.999998	38.983931	25.917179	3.179510	1.269219	0.999868	1.267876	0.000207	1.260984	0.000035	1.251642	0.000018	1.268498	0.000010	1.244456	0.000067	1.268933	0.005659	1.275352	0.000010	
1350071518.641461	1.000000	39.827728	26.556641	6.121399	1.269215	0.999827	1.268213	0.003408	1.268532	0.002549	1.260312	0.000061	1.259226	0.000054	1.259990	0.000056	1.253833	0.000083	1.253501	0.000035	1350071518.641859	0.999997	38.713285	25.660144	3.314021	1.269221	0.999892	1.267657	0.000287	1.268770	0.000037	1.255019	0.000039	1.269226	0.000037	1.263775	0.000121	1.267025	0.000572	1.267597	0.000046	
1350071519.641461	1.000000	39.848373	26.572754	6.096695	1.269215	0.999850	1.269102	0.006492	1.259902	0.000064	1.265542	0.000029	1.252227	0.000029	1.294338	0.000021	1.267561	0.000010	1.268650	0.000010	1350071519.641864	1.000005	38.689504	25.632059	3.299422	1.269223	0.999913	1.267945	0.000255	1.262385	0.000039	1.269758	0.000386	1.269753	0.000010	1.269084	0.000080	1.258370	0.000012	1.290760	0.000011	
1350071520.641461	1.000000	39.851654	26.580276	6.109039	1.269213	0.999808	1.268521	0.002451	1.268176	0.003944	1.269275	0.000041	1.269311	0.000048	1.269292	0.000041	1.278814	0.000054	1.279741	0.000051	1350071520.641871	1.000007	38.712531	25.645086	3.210702	1.269223	0.999911	1.268258	0.000296	1.268880	0.000060	1.269173	0.000059	1.269316	0.000057	1.266656	0.000320	1.271374	0.000058	1.267540	0.000155	
1350071521.641461	1.000000	39.912811	26.641525	6.115234	1.269204	0.999722	1.268229	0.003231	1.267577	0.003998	1.236985	0.000017	1.234984	0.000016	1.268620	0.000009	1.268614	0.000010	1.268250	0.000010	1350071521.641865	0.999994	38.722796	25.649231	3.626959	1.269223	0.999913	1.268052	0.000257	1.258225	0.000037	1.252935	0.000019	1.267109	0.000010	1.269473	0.000101	1.269476	0.000030	1.270063	0.000046	
1350071522.641461	1.000000	39.808350	26.538589	6.102905	1.269219	0.999870	1.268478	0.001960	1.268709	0.003796	1.269035	0.000038	1.269193	0.000040	1.269278	0.000048	1.269103	0.000043	1.269483	0.000034	1350071522.641867	1.000002	38.707965	25.641400	3.093698	1.269225	0.999937	1.269220	0.000262	1.266015	0.000041	1.264243	0.000038	1.269601	0.000044	1.269080	0.000110	1.268299	0.000040	1.269094	0.000043	
1350071523.641461	1.000000	39.805923	26.533890	6.115204	1.269209	0.999782	1.267244	0.000901	1.268450	0.004728	1.241509	0.000022	1.240249	0.000022	1.268837	0.000014	1.268985	0.000014	1.268979	0.000014	1350071523.641863	0.999996	38.684941	25.622800	3.016507	1.269217	0.999850	1.268185	0.000279	1.264623	0.000041	1.262250	0.000025	1.269610	0.000017	1.269383	0.000096	1.269742	0.000018	1.269845	0.000017	
1350071524.641461	1.000000	39.786926	26.530212	6.096741	1.269215	0.999831	1.267846	0.000189	1.268633	0.005656	1.268606	0.001603	1.268172	0.000042	1.268778	0.000037	1.268942	0.000037	1.268281	0.000036	1350071524.641868	1.000005	38.711781	25.648767	2.993531	1.269223	0.999911	1.269241	0.000279	1.269734	0.000033	1.270128	0.000037	1.268918	0.000037	1.260302	0.000115	1.265316	0.000050	1.266204	0.000153	
1350071525.641461	1.000000	39.639908	26.372299	6.115219	1.269215	0.999847	1.266410	0.000550	1.268060	0.002467	1.236916	0.000017	1.237444	0.000018	1.270898	0.000010	1.270213	0.000009	1.273137	0.000009	1350071525.641866	0.999998	38.714002	25.651080	2.890722	1.269223	0.999913	1.268287	0.000282	1.260294	0.000039	1.249830	0.000019	1.265546	0.000010	1.269393	0.000089	1.272651	0.000012	1.287493	0.000010	
1350071526.641461	1.000000	39.797897	26.532684	6.072052	1.269225	0.999934	1.269467	0.000142	1.269156	0.005105	1.268639	0.000037	1.268560	0.000037	1.269299	0.000044	1.268608	0.000045	1.268850	0.000036	1350071526.641863	0.999997	38.719572	25.653568	2.965997	1.269225	0.999934	1.269225	0.000287	1.269418	0.000035	1.266090	0.000058	1.269956	0.000057	1.269017	0.000099	1.270113	0.000058	1.269946	0.000059	
1350071527.641461	1.000000	39.810669	26.545700	6.115234	1.269217	0.999870	1.253482	0.000130	1.268972	0.006270	1.235403	0.000018	1.229918	0.000016	1.257634	0.000010	1.267717	0.000009	1.271478	0.000010	1350071527.641735	0.999872	38.675926	25.622909	3.044015	1.269223	0.999911	1.268412	0.000252	1.261047	0.000033	1.261391	0.000018	1.267727	0.000010	1.269295	0.000086	1.280778	0.000010	1.269084	0.000010	
1350071528.641461	1.000000	39.500732	26.235916	6.090515	1.269225	0.999928	1.265271	0.000263	1.269480	0.000430	1.268421	0.000041	1.266969	0.000036	1.267096	0.000038	1.269593	0.000037	1.269206	0.000037	1350071528.641871	1.000136	38.694891	25.637156	2.730479	1.269225	0.999934	1.268983	0.000279	1.274817	0.000054	1.269245	0.000056	1.269475	0.000058	1.269351	0.000110	1.268705	0.000037	1.269141	0.000101	
1350071529.641461	1.000000	39.739731	26.475418	6.102875	1.269201	0.999698	1.268147	0.002547	1.267590	0.002470	1.239205	0.000080	1.242771	0.000095	1.236267	0.000040	1.236261	0.000038	1.238737	0.000027	1350071529.641860	0.999989	38.712094	25.647071	3.117206	1.269217	0.999850	1.266227	0.000464	1.260442	0.000068	1.256145	0.000098	1.269135	0.000049	1.269211	0.000084	1.262202	0.000011	1.264932	0.000010	
1350071530.641461	1.000000	39.538345	26.277145	6.133698	1.269215	0.999858	1.267236	0.000724	1.245924	0.000110	1.236813	0.000050	1.236312	0.000069	1.256078	0.000043	1.258018	0.000049	1.252311	0.000033	1350071530.641881	1.000021	38.709134	25.637661	2.717564	1.269221	0.999889	1.269714	0.000303	1.257748	0.000109	1.254425	0.000088	1.269184	0.000051	1.269128	0.000108	1.269109	0.000058	1.269987	0.000059	
1350071531.641461	1.000000	39.547409	26.281876	6.115128	1.269219	0.999892	1.262065	0.000299	1.249268	0.000064	1.268208	0.000029	1.267657	0.000028	1.296283	0.000021	1.272241	0.000010	1.273332	0.000010	1350071531.641865	0.999984	38.716683	25.651777	2.718458	1.269223	0.999913	1.268302	0.000280	1.262695	0.000040	1.250793	0.000020	1.268837	0.000010	1.269293	0.000079	1.279914	0.000010	1.268981	0.000010	
1350071532.641461	1.000000	39.543213	26.277054	6.133698	1.269225	0.999934	1.269156	0.000312	1.269638	0.000054	1.269506	0.000037	1.269168	0.000036	1.269291	0.000038	1.279787	0.000048	1.280084	0.000048	1350071532.641864	0.999999	38.733847	25.667795	2.729495	1.269223	0.999913	1.267373	0.000387	1.268963	0.000085	1.269751	0.000077	1.269295	0.000086	1.269259	0.000137	1.267631	0.000072	1.262552	0.000122	
1350071533.641461	1.000000	39.502884	26.240082	6.109070	1.269221	0.999915	1.266625	0.000253	1.258106	0.000053	1.234030	0.000018	1.235257	0.000016	1.269352	0.000009	1.268984	0.000010	1.268726	0.000009	1350071533.641868	1.000004	38.698497	25.629397	2.715535	1.269223	0.999915	1.268077	0.000255	1.263795	0.000041	1.249372	0.000018	1.268793	0.000010	1.269282	0.000103	1.268762	0.000011	1.314218	0.000013	
1350071534.641461	1.000000	39.533752	26.271301	6.127518	1.269223	0.999910	1.265520	0.000299	1.266807	0.000089	1.268870	0.001590	1.268101	0.000056	1.268824	0.000040	1.269059	0.000043	1.268771	0.000036	1350071534.641861	0.999993	38.724404	25.661814	2.716968	1.269225	0.999934	1.269234	0.000326	1.269420	0.000052	1.269672	0.000059	1.269155	0.000057	1.269368	0.000107	1.267277	0.000058	1.265080	0.000059	
1350071535.641461	1.000000	39.542587	26.275009	6.121262	1.269165	0.999435	1.260289	0.001356	1.243518	0.000491	1.257491	0.000698	1.235480	0.000018	1.271702	0.000009	1.270262	0.000009	1.272268	0.000010	1350071535.641871	1.000010	38.729318	25.673647	2.716373	1.269140	0.999616	1.250939	0.001021	1.236463	0.000708	1.250021	0.000019	1.269501	0.000010	1.268973	0.000100	1.280462	0.000012	1.241026	0.000276	
1350071536.641462	1.000001	715794192.445846	715821283.156323	715809603.464505	0.999988	1.000200	0.999985	1.000203	0.999995	1.000200	0.999988	1.000200	0.999988	1.000203	0.999990	1.000198	0.999988	1.000203	0.999988	1.000201	1350071536.641547	0.999676	716011393.774165	716054514.412758	716051190.499577	0.999988	1.000200	0.999985	1.000203	3.893202	0.256908	0.999988	1.000200	0.999988	1.000202	0.999990	1.000198	0.999988	1.000203	0.999988	1.000201	
1350071537.641461	0.999999	0.000000	0.000000	0.000000	-nan	-nan	-nan	-nan	0.000000	inf	-nan	-nan	-nan	0.000000	0.000000	inf	-nan	-nan	-nan	-nan	1350071537.641518	0.999971	0.000000	0.000000	0.000000	-nan	-nan	-nan	-nan	0.000000	inf	-nan	-nan	-nan	-nan	-nan	-nan	-nan	-nan	-nan	-nan	
