ts_0	elapsed_0	pkg_0	pp0_0	dram_0	freq_ratio_0_0	c0_ratio_0_0	freq_ratio_0_1	c0_ratio_0_1	freq_ratio_0_2	c0_ratio_0_2	freq_ratio_0_3	c0_ratio_0_3	freq_ratio_0_4	c0_ratio_0_4	freq_ratio_0_5	c0_ratio_0_5	freq_ratio_0_6	c0_ratio_0_6	freq_ratio_0_7	c0_ratio_0_7	ts_1	elapsed_1	pkg_1	pp0_1	dram_1	freq_ratio_1_0	c0_ratio_1_0	freq_ratio_1_1	c0_ratio_1_1	freq_ratio_1_2	c0_ratio_1_2	freq_ratio_1_3	c0_ratio_1_3	freq_ratio_1_4	c0_ratio_1_4	freq_ratio_1_5	c0_ratio_1_5	freq_ratio_1_6	c0_ratio_1_6	freq_ratio_1_7	c0_ratio_1_7	
1350071511.641348	1.000858	37.858094	24.641301	6.052973	1.267464	0.999550	1.180651	0.003641	1.162880	0.002608	1.160579	0.002680	1.158785	0.002317	1.159547	0.002316	1.159877	0.002251	1.156135	0.001928	1350071511.641747	1.000810	38.229856	25.032582	2.732787	1.158196	0.002337	1.161230	0.002516	1.268855	0.999619	1.169415	0.002605	1.160132	0.002347	1.173020	0.003846	1.156118	0.002097	1.161000	0.002351	
1350071512.641346	0.999998	37.504313	24.279709	6.084393	1.269221	0.999912	1.266478	0.000244	1.264314	0.000112	1.257080	0.000052	1.261266	0.000075	1.262246	0.000035	1.269639	0.000031	1.269209	0.000040	1350071512.641750	1.000003	38.002141	24.800735	2.733588	1.265054	0.000078	1.267186	0.000069	1.269223	0.999909	1.268720	0.000225	1.273284	0.000050	1.272394	0.000066	1.276313	0.000044	1.273747	0.000046	
1350071513.641345	0.999999	37.520055	24.293007	6.087088	1.269221	0.999891	1.263870	0.000307	1.265367	0.000117	1.236640	0.000035	1.266930	0.000010	1.269145	0.000009	1.269012	0.000009	1.270252	0.000013	1350071513.641749	0.999999	37.955816	24.751809	2.701907	1.263346	0.000034	1.248825	0.000013	1.269223	0.999914	1.267364	0.000201	1.269009	0.000010	1.269226	0.000056	1.270247	0.000010	1.246946	0.000016	
1350071514.641346	1.000001	37.499735	24.270408	6.102884	1.269221	0.999911	1.266890	0.000225	1.264054	0.000108	1.261093	0.000064	1.260022	0.000079	1.269240	0.000043	1.269183	0.000105	1.269302	0.000037	1350071514.641755	1.000006	37.943133	24.737462	2.728332	1.265024	0.000077	1.264764	0.000069	1.269223	0.999914	1.267881	0.000216	1.269082	0.000040	1.269225	0.000089	1.269488	0.000045	1.267353	0.000129	
1350071515.641345	0.999999	37.502645	24.275414	6.115194	1.269220	0.999888	1.268927	0.000293	1.269358	0.000078	1.257253	0.000294	1.244976	0.000034	1.269144	0.000010	1.267838	0.000009	1.266710	0.000009	1350071515.641751	0.999996	37.916413	24.721856	2.707317	1.265438	0.000040	1.270418	0.000010	1.269218	0.999934	1.269270	0.000198	1.267504	0.000010	1.269346	0.000067	1.269841	0.000010	1.290941	0.000010	
1350071516.641346	1.000001	37.545344	24.318718	6.115106	1.269221	0.999911	1.267298	0.000345	1.264311	0.000117	1.257458	0.000050	1.260148	0.000061	1.269145	0.000048	1.269614	0.000036	1.269544	0.000038	1350071516.641749	0.999998	37.975109	24.764604	2.743612	1.260958	0.000082	1.264210	0.000064	1.269228	0.999890	1.267704	0.000194	1.269429	0.000072	1.269233	0.000091	1.265322	0.000062	1.269352	0.000047	
1350071517.641345	0.999999	37.491750	24.261986	6.096624	1.269225	0.999934	1.269179	0.001893	1.269185	0.000078	1.268896	0.000010	1.258434	0.000006	1.269340	0.000010	1.269677	0.000009	1.268965	0.000010	1350071517.641748	0.999999	37.962774	24.752236	2.704394	1.273741	0.000012	1.269052	0.000017	1.269225	0.999935	1.269119	0.000203	1.270159	0.000006	1.269181	0.000075	1.268208	0.000006	1.253007	0.000017	
1350071518.641346	1.000001	37.500056	24.272957	6.102838	1.269221	0.999913	1.266183	0.000224	1.263086	0.000107	1.247263	0.000062	1.250373	0.000057	1.256112	0.000041	1.264358	0.000106	1.257189	0.000044	1350071518.641750	1.000002	37.970676	24.759612	2.735529	1.259589	0.000058	1.264717	0.000073	1.269219	0.999867	1.267736	0.000220	1.269019	0.000049	1.269002	0.000069	1.237966	0.000056	1.269482	0.000160	
1350071519.641345	0.999999	37.462133	24.248192	6.108954	1.269225	0.999931	1.269932	0.000205	1.269356	0.000077	1.268042	0.000010	1.271188	0.000010	1.270928	0.000010	1.268633	0.000010	1.269288	0.000010	1350071519.641746	0.999996	37.950654	24.741006	2.710048	1.268964	0.000017	1.269180	0.000010	1.269225	0.999928	1.269237	0.000190	1.270222	0.000010	1.267248	0.000060	1.271815	0.000010	1.266821	0.000010	
1350071520.641346	1.000001	37.470332	24.241691	6.106623	1.269214	0.999851	1.265750	0.000247	1.262803	0.000121	1.260933	0.000322	1.253179	0.000094	1.277685	0.000061	1.280162	0.000049	1.278238	0.000059	1350071520.641749	1.000003	37.962926	24.751541	2.744849	1.266424	0.000087	1.265219	0.000082	1.269223	0.999915	1.267669	0.000223	1.269247	0.000079	1.270987	0.000077	1.267575	0.000061	1.267943	0.000065	
1350071521.641345	0.999999	37.510137	24.281410	6.105520	1.269225	0.999936	1.269475	0.000445	1.268874	0.000078	1.258402	0.000006	1.259764	0.000010	1.265501	0.000010	1.264702	0.000009	1.261924	0.000009	1350071521.641748	0.999999	37.963812	24.755395	2.704745	1.268495	0.000016	1.269982	0.000010	1.269218	0.999938	1.269296	0.000190	1.269703	0.000006	1.268627	0.000075	1.270877	0.000050	1.271332	0.000050	
1350071522.641345	1.000000	37.571381	24.345062	6.116684	1.269221	0.999913	1.268259	0.000658	1.264081	0.000106	1.258269	0.000053	1.260035	0.000049	1.269302	0.000044	1.269351	0.000076	1.269941	0.000038	1350071522.641749	1.000001	37.953836	24.742835	2.714948	1.264616	0.000063	1.264315	0.000067	1.269230	0.999914	1.267902	0.000234	1.269260	0.000255	1.269624	0.000072	1.269171	0.000045	1.268102	0.000100	
1350071523.641345	1.000000	37.540176	24.314987	6.103989	1.269219	0.999868	1.269202	0.000248	1.269233	0.000082	1.269015	0.000014	1.268598	0.000014	1.272025	0.000014	1.270165	0.000014	1.271448	0.000014	1350071523.641745	0.999996	37.921388	24.710687	2.704814	1.276157	0.000027	1.269346	0.000016	1.269219	0.999868	1.269224	0.000191	1.259723	0.000017	1.269498	0.000070	1.268806	0.000017	1.276232	0.000018	
1350071524.641345	1.000000	37.564453	24.340424	6.082077	1.269221	0.999914	1.266899	0.000295	1.263642	0.000105	1.244634	0.000053	1.256947	0.000044	1.269133	0.000042	1.269160	0.000035	1.269239	0.000039	1350071524.641744	0.999999	37.942739	24.732766	2.737307	1.263359	0.000050	1.264955	0.000063	1.269223	0.999915	1.266958	0.000221	1.271907	0.000053	1.269515	0.000066	1.269076	0.000044	1.264106	0.000046	
1350071525.641345	1.000000	37.565659	24.342606	6.115234	1.269222	0.999913	1.269374	0.000243	1.269497	0.000078	1.260208	0.000263	1.254187	0.000038	1.268996	0.000009	1.269505	0.000009	1.271245	0.000009	1350071525.641753	1.000009	37.937690	24.725545	2.704871	1.259897	0.000016	1.272031	0.000010	1.269217	0.999935	1.270015	0.000193	1.270093	0.000010	1.268782	0.000060	1.256521	0.000010	1.277532	0.000010	
1350071526.641345	1.000000	37.580917	24.355820	6.115158	1.269219	0.999888	1.268036	0.000559	1.264664	0.000126	1.242120	0.000043	1.260142	0.000058	1.269375	0.000039	1.268780	0.000045	1.268874	0.000037	1350071526.641749	0.999996	37.942857	24.748712	2.735241	1.267596	0.000070	1.265817	0.000085	1.269230	0.999915	1.267995	0.000232	1.269200	0.000037	1.269432	0.000079	1.272207	0.000043	1.270763	0.000095	
1350071527.641345	1.000000	37.570343	24.345261	6.096268	1.269223	0.999909	1.269172	0.001749	1.269511	0.000078	1.290034	0.000030	1.268540	0.000018	1.269506	0.000010	1.270254	0.000009	1.269538	0.000009	1350071527.641746	0.999997	37.958812	24.753495	2.713006	1.269568	0.000022	1.269700	0.000017	1.269225	0.999931	1.269089	0.000176	1.268279	0.000017	1.269294	0.000061	1.269536	0.000017	1.077851	0.000012	
1350071528.641345	1.000000	37.571350	24.349228	6.127518	1.269221	0.999915	1.266096	0.000221	1.263012	0.000105	1.257678	0.000047	1.257544	0.000044	1.269298	0.000041	1.269485	0.000041	1.269571	0.000037	1350071528.641750	1.000004	37.956176	24.749915	2.707646	1.264622	0.000064	1.265620	0.000068	1.269223	0.999913	1.267778	0.000234	1.269367	0.000050	1.268943	0.000066	1.269300	0.000043	1.308423	0.000052	
1350071529.641345	1.000000	37.536255	24.325607	6.075882	1.269221	0.999895	1.269303	0.000241	1.269447	0.000088	1.257686	0.000050	1.251500	0.000033	1.240861	0.000022	1.240827	0.000020	1.240377	0.000019	1350071529.641752	1.000002	37.958149	24.753401	2.710246	1.265814	0.000043	1.265108	0.000010	1.269225	0.999931	1.269195	0.000168	1.268192	0.000010	1.269438	0.000060	1.268267	0.000010	1.279644	0.000023	
1350071530.641345	1.000000	37.576721	24.352112	6.117828	1.269216	0.999871	1.265907	0.000208	1.263800	0.000107	1.255657	0.000305	1.240291	0.000071	1.253449	0.000038	1.257091	0.000044	1.252464	0.000034	1350071530.641772	1.000020	37.971774	24.766930	2.718818	1.264941	0.000084	1.264977	0.000064	1.269223	0.999919	1.267789	0.000234	1.269215	0.000044	1.269269	0.000067	1.269455	0.000045	1.269190	0.000059	
1350071531.641345	1.000000	37.538864	24.313782	6.102859	1.269223	0.999911	1.267532	0.000307	1.261814	0.000095	1.277750	0.000005	1.270750	0.000010	1.276848	0.000010	1.273234	0.000010	1.272582	0.000010	1350071531.641745	0.999973	37.932296	24.724802	2.707638	1.268775	0.000017	1.268295	0.000010	1.269217	0.999935	1.269170	0.000168	1.269842	0.000010	1.269301	0.000061	1.269210	0.000010	1.270480	0.000010	
1350071532.641345	1.000000	37.576721	24.354370	6.115189	1.269217	0.999867	1.266372	0.000245	1.262525	0.000119	1.270052	0.000061	1.262539	0.000081	1.252813	0.000051	1.273597	0.000084	1.279797	0.000049	1350071532.641747	1.000002	37.945957	24.739272	2.734019	1.266038	0.000087	1.265334	0.000080	1.269230	0.999911	1.267073	0.000253	1.264221	0.000076	1.266717	0.000090	1.264112	0.000075	1.256369	0.000064	
1350071533.641345	1.000000	37.571014	24.351105	6.115189	1.269225	0.999934	1.268776	0.000257	1.269159	0.000077	1.267966	0.000009	1.268997	0.000010	1.273022	0.000009	1.272088	0.000009	1.270973	0.000009	1350071533.641750	1.000003	37.947636	24.739395	2.710044	1.268543	0.000016	1.269998	0.000010	1.269225	0.999928	1.270333	0.000189	1.319240	0.000007	1.272965	0.000061	1.325889	0.000007	1.329531	0.000013	
1350071534.641345	1.000000	37.564789	24.343887	6.121368	1.269221	0.999915	1.266204	0.000222	1.263213	0.000108	1.243667	0.000049	1.255257	0.000048	1.268984	0.000039	1.269161	0.000038	1.269452	0.000036	1350071534.641749	0.999999	37.959494	24.753320	2.709704	1.266757	0.000057	1.264284	0.000066	1.269223	0.999920	1.267882	0.000224	1.270008	0.000055	1.268868	0.000059	1.266861	0.000044	1.269256	0.000056	
1350071535.641345	1.000000	37.534286	24.309769	6.115051	1.269177	0.999546	1.248414	0.000510	1.245926	0.000467	1.254319	0.000326	1.253140	0.000038	1.269524	0.000010	1.266591	0.000009	1.270062	0.000009	1350071535.641753	1.000004	37.987685	24.781974	2.704258	1.243341	0.000524	1.248961	0.000690	1.269167	0.999608	1.262686	0.000509	1.235207	0.000218	1.269294	0.000067	1.281671	0.000010	1.254881	0.000010	
1350071536.641361	1.000016	715814611.867786	715768687.376318	715800531.417796	0.999987	1.000194	0.999984	1.000198	0.999995	1.000200	0.999985	1.000190	0.999987	1.000197	0.999989	1.000193	0.999987	1.000198	0.999987	1.000194	1350071536.641451	0.999698	715985461.022151	715991001.908064	716025089.457181	0.999987	1.000198	0.999984	1.000196	3.893272	0.256902	0.999986	1.000194	0.999987	1.000197	0.999989	1.000193	0.999987	1.000197	0.999987	1.000196	
1350071537.641466	1.000105	0.000000	0.000000	0.000000	-nan	-nan	-nan	-nan	896850157178.710083	inf	-nan	-nan	-nan	0.000000	0.000000	inf	-nan	-nan	-nan	-nan	1350071537.641537	1.000086	0.000000	0.000000	0.000000	-nan	-nan	-nan	-nan	1.345745	inf	-nan	-nan	-nan	-nan	-nan	-nan	-nan	-nan	-nan	-nan	
