ts_0	elapsed_0	pkg_0	pp0_0	dram_0	freq_ratio_0_0	c0_ratio_0_0	freq_ratio_0_1	c0_ratio_0_1	freq_ratio_0_2	c0_ratio_0_2	freq_ratio_0_3	c0_ratio_0_3	freq_ratio_0_4	c0_ratio_0_4	freq_ratio_0_5	c0_ratio_0_5	freq_ratio_0_6	c0_ratio_0_6	freq_ratio_0_7	c0_ratio_0_7	ts_1	elapsed_1	pkg_1	pp0_1	dram_1	freq_ratio_1_0	c0_ratio_1_0	freq_ratio_1_1	c0_ratio_1_1	freq_ratio_1_2	c0_ratio_1_2	freq_ratio_1_3	c0_ratio_1_3	freq_ratio_1_4	c0_ratio_1_4	freq_ratio_1_5	c0_ratio_1_5	freq_ratio_1_6	c0_ratio_1_6	freq_ratio_1_7	c0_ratio_1_7	
1349479038.766609	1.000656	63.925403	49.881742	8.642754	1.230573	0.993454	1.230383	0.989617	1.230335	0.990118	1.191887	0.003182	1.200774	0.000077	1.212887	0.000034	1.209435	0.000033	1.230428	0.989436	1349479038.766794	1.000632	66.625416	52.599491	9.566113	1.230630	0.992588	1.230625	0.992537	1.230620	0.991775	1.192813	0.001969	1.250791	0.000033	1.204669	0.000159	1.252119	0.000033	1.230635	0.993434	
1349479039.766607	0.999998	64.830339	50.687780	8.948915	1.230561	0.997818	1.230562	0.997811	1.230536	0.997856	1.192887	0.001944	1.192071	0.000075	1.193907	0.000063	1.192264	0.000056	1.230536	0.997856	1349479039.766797	1.000003	67.554020	53.458666	10.056243	1.230531	0.998055	1.230531	0.998096	1.230531	0.997910	1.192321	0.003084	1.193443	0.000073	1.187620	0.000168	1.192738	0.000054	1.230531	0.998096	
1349479040.766608	1.000001	64.989577	50.825055	8.882865	1.229954	0.992195	1.229954	0.992195	1.229954	0.992185	1.192322	0.006390	1.175223	0.000013	1.176696	0.000013	1.193246	0.000013	1.229953	0.992195	1349479040.766813	1.000016	67.781937	53.665723	10.068031	1.230546	0.998275	1.230546	0.998228	1.230546	0.998236	1.192002	0.003059	1.189241	0.000013	1.197267	0.000157	1.191129	0.000016	1.230542	0.998242	
1349479041.766609	1.000001	65.135070	50.961759	8.916114	1.230391	0.997255	1.230390	0.997256	1.230392	0.997253	1.191923	0.002534	1.194384	0.000090	1.195750	0.000064	1.193601	0.000062	1.230393	0.997248	1349479041.766819	1.000006	67.863228	53.739044	10.055421	1.230499	0.998097	1.230499	0.998095	1.230499	0.998087	1.192380	0.003062	1.193179	0.000058	1.192322	0.000354	1.192066	0.000053	1.230503	0.998116	
1349479042.766619	1.000010	65.184970	51.005547	8.939211	1.230207	0.994329	1.230208	0.994326	1.230206	0.994324	1.192665	0.002764	1.192362	0.002353	1.185719	0.000016	1.184758	0.000012	1.230206	0.994322	1349479042.766804	0.999985	67.896146	53.766967	10.060805	1.230530	0.998095	1.230530	0.998090	1.230530	0.998092	1.192565	0.003245	1.188239	0.000012	1.192317	0.000115	1.193943	0.000013	1.230530	0.998094	
1349479043.766616	0.999997	65.132785	50.953146	8.892011	1.214946	0.992633	1.214947	0.992699	1.214946	0.992694	1.191953	0.002437	1.192007	0.005154	1.194743	0.000044	1.192312	0.000055	1.214946	0.992714	1349479043.766788	0.999984	67.927843	53.801091	10.065758	1.230542	0.998212	1.230542	0.998210	1.230542	0.998202	1.192207	0.002963	1.192361	0.000050	1.192280	0.000167	1.191986	0.000062	1.230542	0.998209	
1349479044.766615	0.999999	65.240846	51.058108	8.900857	1.230680	0.998941	1.230733	0.998870	1.230693	0.998936	1.191811	0.000384	1.273061	0.000019	1.178589	0.000013	1.193288	0.000018	1.230706	0.998910	1349479044.766810	1.000022	67.879691	53.764278	10.046578	1.230537	0.997423	1.230537	0.997402	1.230537	0.997354	1.192254	0.003151	1.195020	0.000016	1.192521	0.000130	1.193421	0.000012	1.230565	0.998151	
1349479045.766610	0.999995	65.274527	51.090542	8.933501	1.230402	0.995970	1.230401	0.995986	1.230402	0.995929	1.192235	0.000401	1.192244	0.003025	1.181046	0.000050	1.186581	0.000055	1.230401	0.995982	1349479045.766814	1.000004	67.984054	53.853297	10.015905	1.230553	0.998320	1.230553	0.998311	1.230553	0.998310	1.192025	0.002845	1.192185	0.000068	1.192122	0.000147	1.192080	0.000056	1.230553	0.998318	
1349479046.766607	0.999997	65.073688	50.893880	8.918302	1.192875	0.999601	1.192876	0.999657	1.192877	0.999707	1.193182	0.000347	1.193001	0.000261	1.201044	0.000013	1.176231	0.000016	1.192876	0.999718	1349479046.766784	0.999970	68.035766	53.906527	10.026897	1.230547	0.998175	1.230545	0.998133	1.230545	0.998043	1.192830	0.002877	1.193052	0.000012	1.192384	0.000286	1.180488	0.000013	1.230547	0.998203	
1349479047.766615	1.000008	65.303212	51.118665	8.918064	1.217094	0.998607	1.217094	0.998605	1.217094	0.998604	1.191968	0.000915	1.192412	0.000853	1.197104	0.000088	1.198823	0.000086	1.217095	0.998600	1349479047.766785	1.000001	68.094204	53.960138	9.958075	1.230511	0.998127	1.230511	0.998142	1.230511	0.998104	1.192042	0.002913	1.191894	0.000087	1.192444	0.000162	1.194427	0.000072	1.230511	0.998143	
1349479048.766606	0.999991	65.423139	51.238440	8.913609	1.230731	0.999671	1.230731	0.999652	1.230731	0.999681	1.194398	0.000376	1.198074	0.000014	1.208705	0.000012	1.194221	0.000019	1.230730	0.999670	1349479048.766800	1.000015	68.179716	54.046155	10.054720	1.230545	0.998176	1.230543	0.998105	1.230543	0.998103	1.192535	0.003078	1.188466	0.000006	1.191198	0.000130	1.190763	0.000006	1.230545	0.998181	
1349479049.766606	1.000000	65.361191	51.176102	8.936478	1.230402	0.995708	1.230440	0.995635	1.230442	0.995717	1.192563	0.001803	1.192191	0.001390	1.192491	0.000049	1.192479	0.000061	1.230442	0.995713	1349479049.766799	0.999999	68.152378	54.017218	10.016108	1.230536	0.997561	1.230536	0.997566	1.230536	0.997329	1.192734	0.003076	1.191847	0.000055	1.192987	0.000151	1.192793	0.000070	1.230556	0.998137	
1349479050.766607	1.000001	65.398436	51.224118	8.936530	1.230611	0.999127	1.230612	0.999128	1.230612	0.999129	1.190935	0.000815	1.191907	0.000027	1.191026	0.000013	1.191428	0.000019	1.230612	0.999136	1349479050.766792	0.999993	68.278731	54.140099	10.054620	1.230535	0.998121	1.230536	0.998113	1.230536	0.998114	1.192072	0.003152	1.199728	0.000011	1.192364	0.000120	1.190983	0.000015	1.230535	0.998121	
1349479051.766623	1.000016	715814597.278480	715779552.415284	715757467.316794	0.999992	1.000146	0.999990	1.000150	0.999992	1.000154	0.999992	1.000147	0.999992	1.000149	0.999995	1.000144	0.999992	1.000150	0.999992	1.000147	1349479051.766719	0.999927	715839738.699671	715854590.275219	715818911.381882	0.999992	1.000147	0.999989	1.000149	3.892889	0.256916	0.999992	1.000148	0.999992	1.000149	0.999995	1.000145	0.999992	1.000149	0.999992	1.000147	
1349479052.766603	0.999980	0.000000	0.000000	0.000000	-nan	-nan	-nan	-nan	0.000000	inf	-nan	-nan	-nan	0.000000	-nan	-nan	-nan	-nan	-nan	-nan	1349479052.766661	0.999942	0.000000	0.000000	0.000000	-nan	-nan	-nan	-nan	0.000000	inf	-nan	-nan	-nan	-nan	-nan	-nan	-nan	-nan	-nan	-nan	
1349479053.766682	1.000079	0.000000	0.000000	0.000000	-nan	-nan	-nan	-nan	0.000000	inf	-nan	-nan	-nan	0.000000	0.000000	inf	-nan	-nan	-nan	-nan	1349479053.766749	1.000088	0.000000	0.000000	0.000000	-nan	-nan	-nan	-nan	inf	-nan	-nan	-nan	-nan	-nan	-nan	-nan	-nan	-nan	-nan	-nan	
