ts_0	elapsed_0	pkg_0	pp0_0	dram_0	freq_ratio_0_0	c0_ratio_0_0	freq_ratio_0_1	c0_ratio_0_1	freq_ratio_0_2	c0_ratio_0_2	freq_ratio_0_3	c0_ratio_0_3	freq_ratio_0_4	c0_ratio_0_4	freq_ratio_0_5	c0_ratio_0_5	freq_ratio_0_6	c0_ratio_0_6	freq_ratio_0_7	c0_ratio_0_7	ts_1	elapsed_1	pkg_1	pp0_1	dram_1	freq_ratio_1_0	c0_ratio_1_0	freq_ratio_1_1	c0_ratio_1_1	freq_ratio_1_2	c0_ratio_1_2	freq_ratio_1_3	c0_ratio_1_3	freq_ratio_1_4	c0_ratio_1_4	freq_ratio_1_5	c0_ratio_1_5	freq_ratio_1_6	c0_ratio_1_6	freq_ratio_1_7	c0_ratio_1_7	
1349479038.764798	1.000834	63.545728	49.723607	7.551380	1.204789	0.996365	1.204307	0.991614	1.204236	0.990072	1.193349	0.698326	1.179343	0.000214	1.190137	0.000262	1.169245	0.000075	1.220086	0.001315	1349479038.765026	1.000638	64.368372	50.242130	8.342349	1.192312	0.293621	1.210962	0.003989	1.202150	0.990436	1.202120	0.990246	1.191757	0.007296	1.202223	0.982647	1.211102	0.000093	1.202173	0.993087	
1349479039.764798	1.000000	67.199753	53.292084	7.893768	1.230691	0.999509	1.230693	0.999500	1.230693	0.999506	1.230693	0.999507	1.192251	0.000190	1.192006	0.000688	1.189843	0.000017	1.197741	0.000015	1349479039.764994	0.999968	63.501739	49.271136	8.808326	1.194512	0.000073	1.192406	0.000439	1.230728	0.999691	1.230728	0.999690	1.196390	0.000013	1.230728	0.999690	1.198247	0.000016	1.230728	0.999690	
1349479040.764793	0.999995	62.765298	48.807984	7.866235	1.230654	0.998820	1.230426	0.300932	1.230652	0.998789	1.230652	0.998808	1.200746	0.000229	1.192760	0.000180	1.192411	0.000061	1.226030	0.005913	1349479040.764998	1.000004	67.735016	53.520047	8.838557	1.192311	0.698260	1.192383	0.002024	1.203880	0.999801	1.203880	0.999794	1.192089	0.000075	1.203879	0.999791	1.192254	0.000067	1.203877	0.999775	
1349479041.764792	0.999999	66.995578	53.055181	7.942726	1.221758	0.989748	1.223318	0.885959	1.221757	0.989724	1.221758	0.989725	1.192338	0.001345	1.192275	0.006060	1.191011	0.000013	1.194967	0.003327	1349479041.764968	0.999970	64.344401	50.090555	8.767033	1.192283	0.104030	1.192301	0.001923	1.226648	0.999027	1.226649	0.999020	1.192949	0.000012	1.226649	0.999024	1.192113	0.000019	1.226652	0.999048	
1349479042.764807	1.000015	67.645072	53.712069	7.844746	1.230574	0.999087	1.230603	0.999056	1.230604	0.999052	1.230574	0.999125	1.190893	0.000597	1.192632	0.000206	1.193196	0.000045	1.192263	0.000090	1349479042.764987	1.000019	63.798710	49.539293	8.781739	1.173863	0.000087	1.192135	0.001472	1.230654	0.999042	1.230654	0.999005	1.192138	0.000063	1.230656	0.999115	1.192541	0.000049	1.230656	0.999115	
1349479043.764794	0.999987	67.829274	53.875630	7.894375	1.230703	0.999125	1.230735	0.999015	1.230735	0.999021	1.230736	0.999073	1.192194	0.000162	1.193496	0.000184	1.190926	0.000013	1.193217	0.000018	1349479043.764975	0.999988	63.822767	49.560680	8.814406	1.174162	0.000018	1.192302	0.002443	1.230498	0.996898	1.230498	0.996828	1.191751	0.000012	1.230498	0.996891	1.191470	0.000011	1.230520	0.997477	
1349479044.764794	1.000000	67.922791	53.966904	7.900894	1.230662	0.999410	1.230663	0.999411	1.230662	0.999411	1.230662	0.999410	1.193428	0.000261	1.192274	0.000706	1.183692	0.000052	1.187209	0.000088	1349479044.764973	0.999998	63.836334	49.573154	8.759630	1.225293	0.000076	1.192461	0.000707	1.230704	0.999493	1.230704	0.999491	1.192676	0.000064	1.230704	0.999487	1.192724	0.000055	1.230704	0.999488	
1349479045.764795	1.000001	68.118069	54.159128	7.886345	1.230728	0.999651	1.230727	0.999651	1.230728	0.999651	1.230728	0.999650	1.190514	0.000207	1.192317	0.000222	1.198378	0.000014	1.190946	0.000026	1349479045.764973	1.000000	63.894241	49.629807	8.779190	1.193121	0.000027	1.192328	0.000423	1.230731	0.999691	1.230731	0.999659	1.192432	0.000013	1.230731	0.999684	1.192239	0.000021	1.230731	0.999692	
1349479046.764795	1.000000	68.109955	54.149551	7.875137	1.230723	0.999470	1.230719	0.999317	1.230719	0.999276	1.230724	0.999435	1.193045	0.000319	1.192290	0.000218	1.196982	0.000071	1.197436	0.000094	1349479046.764976	1.000003	63.830094	49.579070	8.738208	1.183645	0.000270	1.192109	0.001919	1.230369	0.997970	1.230369	0.997902	1.192118	0.000090	1.230373	0.998077	1.192409	0.000087	1.230373	0.998114	
1349479047.764796	1.000001	68.237026	54.274301	7.877709	1.230734	0.999662	1.230733	0.999692	1.230733	0.999693	1.230734	0.999686	1.192691	0.000204	1.192444	0.000167	1.197510	0.000013	1.185341	0.000015	1349479047.764981	1.000005	63.922379	49.651485	8.787950	1.192067	0.000026	1.192401	0.002739	1.230454	0.997003	1.230454	0.997000	1.192362	0.000016	1.230454	0.996998	1.193254	0.000015	1.230454	0.996996	
1349479048.764794	0.999998	68.187081	54.222699	7.886017	1.230668	0.998846	1.230721	0.998675	1.230722	0.998660	1.230696	0.998910	1.191847	0.000304	1.192281	0.000218	1.192137	0.000048	1.193748	0.000076	1349479048.764987	1.000006	63.902161	49.633310	8.789910	1.210836	0.000096	1.193421	0.002508	1.230510	0.997041	1.230508	0.996908	1.191595	0.000055	1.230510	0.997042	1.192142	0.000066	1.230535	0.997756	
1349479049.764794	1.000000	68.526230	54.559021	7.865677	1.230392	0.999272	1.230391	0.999271	1.230392	0.999260	1.230392	0.999259	1.161348	0.003332	1.163139	0.003667	1.156479	0.002962	1.154822	0.002685	1349479049.764964	0.999977	63.966155	49.695748	8.738146	1.154362	0.002767	1.172102	0.006043	1.230310	0.997982	1.230310	0.997991	1.155652	0.002752	1.230310	0.997989	1.155904	0.002495	1.230310	0.997980	
1349479050.764794	1.000000	68.297470	54.331879	7.866516	1.230729	0.999583	1.230726	0.999559	1.230727	0.999517	1.230728	0.999629	1.190304	0.000228	1.192120	0.000204	1.187782	0.000038	1.193910	0.000094	1349479050.764973	1.000009	63.942383	49.672981	8.776990	1.193202	0.000102	1.192326	0.000632	1.230712	0.999549	1.230712	0.999512	1.192199	0.000060	1.230712	0.999574	1.193001	0.000049	1.230712	0.999574	
1349479051.764804	1.000010	715760828.107247	715806596.361651	715774298.817053	0.999997	1.000163	0.999995	1.000166	0.999997	1.000170	0.999997	1.000163	0.999997	1.000166	1.000000	1.000161	0.999997	1.000166	0.999997	1.000164	1349479051.764908	0.999935	715837266.102146	715820983.803422	715844698.392846	0.999997	1.000162	0.999995	1.000165	3.892519	0.256946	0.999997	1.000164	0.999997	1.000166	1.000000	1.000161	0.999997	1.000166	0.999997	1.000164	
1349479052.764874	1.000070	0.000000	0.000000	0.000000	-nan	-nan	-nan	-nan	1.000008	inf	-nan	-nan	-nan	0.000000	-nan	-nan	-nan	-nan	-nan	-nan	1349479052.764940	1.000032	0.000000	0.000000	0.000000	-nan	-nan	-nan	-nan	1.345745	inf	-nan	-nan	-nan	-nan	-nan	-nan	-nan	-nan	-nan	-nan	
1349479053.765011	1.000137	0.000000	0.000000	0.000000	-nan	-nan	-nan	-nan	0.000000	inf	-nan	-nan	-nan	0.000000	0.000000	inf	-nan	-nan	-nan	-nan	1349479053.765094	1.000154	0.000000	0.000000	0.000000	-nan	-nan	-nan	-nan	inf	-nan	-nan	-nan	-nan	-nan	-nan	-nan	-nan	-nan	-nan	-nan	
