ts_0	elapsed_0	pkg_0	pp0_0	dram_0	freq_ratio_0_0	c0_ratio_0_0	freq_ratio_0_1	c0_ratio_0_1	freq_ratio_0_2	c0_ratio_0_2	freq_ratio_0_3	c0_ratio_0_3	freq_ratio_0_4	c0_ratio_0_4	freq_ratio_0_5	c0_ratio_0_5	freq_ratio_0_6	c0_ratio_0_6	freq_ratio_0_7	c0_ratio_0_7	ts_1	elapsed_1	pkg_1	pp0_1	dram_1	freq_ratio_1_0	c0_ratio_1_0	freq_ratio_1_1	c0_ratio_1_1	freq_ratio_1_2	c0_ratio_1_2	freq_ratio_1_3	c0_ratio_1_3	freq_ratio_1_4	c0_ratio_1_4	freq_ratio_1_5	c0_ratio_1_5	freq_ratio_1_6	c0_ratio_1_6	freq_ratio_1_7	c0_ratio_1_7	
1350064479.417960	1.000297	48.792329	35.586428	4.977129	1.000000	1.000000	0.999974	0.004029	0.999510	0.001485	1.000000	1.000000	1.000000	1.000000	0.999531	0.000294	1.000000	1.000000	1.001432	0.000358	1350064479.418094	1.000305	47.976245	34.862630	1.752746	1.000000	1.000000	1.001708	0.000386	1.000000	1.000000	1.001390	0.000485	1.000000	1.000000	1.001046	0.000434	1.000000	1.000000	1.001778	0.000307	
1350064480.417950	0.999990	48.721588	35.498280	4.963093	1.000000	1.000000	0.999970	0.003903	1.000267	0.000399	1.000000	1.000000	1.000000	1.000000	0.999992	0.000376	1.000000	1.000000	0.997867	0.000303	1350064480.418084	0.999990	48.099710	34.972152	2.144507	1.000000	1.000000	0.998388	0.000390	1.000000	1.000000	0.998148	0.000359	1.000000	1.000000	0.998293	0.000272	1.000000	1.000000	0.998461	0.000387	
1350064481.417949	0.999999	48.502701	35.277774	4.972981	1.000000	1.000000	1.000029	0.000410	1.000131	0.000244	1.000000	1.000000	1.000000	1.000000	1.000031	0.000196	1.000000	1.000000	1.002987	0.000215	1350064481.418086	1.000002	48.192062	35.058267	1.591565	1.000000	1.000000	1.002328	0.000263	1.000000	1.000000	1.002815	0.000236	1.000000	1.000000	1.003808	0.000177	1.000000	1.000000	1.002295	0.000290	
1350064482.417950	1.000001	48.515472	35.290600	4.958003	1.000000	1.000000	0.998285	0.000423	1.001836	0.000290	1.000000	1.000000	1.000000	1.000000	0.999973	0.000288	1.000000	1.000000	0.997506	0.000261	1350064482.418086	1.000000	48.207932	35.072617	1.619843	1.000000	1.000000	0.997864	0.000307	1.000000	1.000000	0.997885	0.000324	1.000000	1.000000	0.996489	0.000251	1.000000	1.000000	0.997817	0.000342	
1350064483.417950	1.000000	48.834732	35.605637	4.977722	1.000000	1.000000	1.000067	0.007240	0.999994	0.002877	1.000000	1.000000	1.000000	1.000000	1.000233	0.002721	1.000000	1.000000	1.000241	0.002693	1350064483.418078	0.999992	48.284693	35.160579	1.690733	1.000000	1.000000	1.000000	0.004427	1.000000	1.000000	1.000218	0.002621	1.000000	1.000000	1.000267	0.002488	1.000000	1.000001	1.000258	0.002661	
1350064484.417950	1.000000	48.542023	35.314865	4.972763	1.000000	1.000000	0.999450	0.001016	1.000050	0.000285	1.000000	1.000000	1.000000	1.000000	0.997467	0.000260	1.000000	1.000000	0.997334	0.000249	1350064484.418088	1.000010	48.202719	35.066513	1.685576	1.000000	1.000000	1.000023	0.000373	1.000000	1.000000	0.997991	0.000293	1.000000	1.000000	0.998152	0.000250	1.000000	1.000000	0.998817	0.000385	
1350064485.417950	1.000000	48.448349	35.235580	4.957825	1.000000	1.000000	1.001832	0.000385	1.000008	0.000243	1.000000	1.000000	1.000000	1.000000	1.002847	0.000231	1.000000	1.000000	1.002962	0.000217	1350064485.418088	1.000000	48.198685	35.059540	1.585114	1.000000	1.000000	1.002407	0.000271	1.000000	1.000000	1.002884	0.000237	1.000000	1.000000	1.003183	0.000207	1.000000	1.000000	1.001809	0.000361	
1350064486.417950	1.000000	48.547318	35.320770	4.968124	1.000000	1.000000	0.999970	0.000424	0.999961	0.000506	1.000000	1.000000	1.000000	1.000000	0.997361	0.000252	1.000000	1.000000	0.997457	0.000257	1350064486.418089	1.000001	48.253937	35.117932	1.777800	1.000000	1.000001	0.998026	0.000315	1.000000	1.000000	0.999512	0.001407	1.000000	1.000000	0.997657	0.000281	1.000000	1.000000	0.997758	0.000346	
1350064487.417949	0.999999	48.538483	35.310932	4.962956	1.000000	1.000000	0.998341	0.000410	0.997646	0.000227	1.000000	1.000000	1.000000	1.000000	1.000015	0.000235	1.000000	1.000000	1.002737	0.000233	1350064487.418083	0.999994	48.239744	35.103115	1.580149	1.000000	1.000000	0.999384	0.000275	1.000000	1.000000	1.002634	0.000261	1.000000	1.000000	1.002989	0.000219	1.000000	1.000000	0.999984	0.000292	
1350064488.417950	1.000001	48.541809	35.314877	4.947887	1.000000	1.000000	1.001425	0.000468	0.999836	0.000284	1.000000	1.000000	1.000000	1.000000	1.000005	0.000247	1.000000	1.000000	0.997311	0.000236	1350064488.418083	1.000000	48.251083	35.117935	1.669220	1.000000	1.000000	1.000095	0.000324	1.000000	1.000000	0.998632	0.000676	1.000000	1.000000	0.996841	0.000272	1.000000	1.000000	0.999817	0.000488	
1350064489.417950	1.000000	48.562378	35.335739	4.973145	1.000000	1.000000	1.000008	0.000709	1.002223	0.000261	1.000000	1.000000	1.000000	1.000000	1.000023	0.000216	1.000000	1.000000	1.002633	0.000233	1350064489.418088	1.000005	48.251315	35.113899	1.578468	1.000000	1.000000	1.002314	0.000323	1.000000	1.000000	1.003477	0.000262	1.000000	1.000000	1.003492	0.000247	1.000000	1.000000	1.003213	0.000265	
1350064490.417950	1.000000	48.549179	35.321854	4.973160	1.000000	1.000000	0.998515	0.000384	0.999924	0.000270	1.000000	1.000000	1.000000	1.000000	1.000476	0.000271	1.000000	1.000000	0.997965	0.000254	1350064490.418080	0.999992	48.203150	35.078501	1.617750	1.000000	1.000000	0.997871	0.000298	1.000000	1.000000	0.997866	0.000324	1.000000	1.000000	0.996250	0.000233	1.000000	1.000000	0.997278	0.000326	
1350064491.417950	1.000000	48.545151	35.317078	4.953339	1.000000	1.000000	1.001332	0.000411	0.997828	0.000249	1.000000	1.000000	1.000000	1.000000	0.999328	0.000230	1.000000	1.000000	1.002294	0.000228	1350064491.418080	1.000000	48.231140	35.094757	1.583679	1.000000	1.000000	1.002221	0.000283	1.000000	1.000001	1.002987	0.000229	1.000000	1.000000	1.003662	0.000239	1.000000	1.000000	1.003436	0.000256	
1350064492.417950	1.000000	48.562027	35.334610	4.972549	1.000000	1.000000	0.999966	0.000431	0.999848	0.000284	1.000000	1.000000	1.000000	1.000000	0.999837	0.000267	1.000000	1.000000	0.997511	0.000258	1350064492.418081	1.000001	48.311371	35.172971	1.741896	1.000000	1.000000	0.998144	0.000352	1.000000	1.000000	0.999424	0.001206	1.000000	1.000000	0.997803	0.000314	1.000000	1.000000	0.998672	0.000413	
1350064493.417950	1.000000	48.584244	35.356308	4.973099	1.000000	1.000000	0.999778	0.002398	1.002331	0.000241	1.000000	1.000000	1.000000	1.000000	1.003267	0.000215	1.000000	1.000000	1.003024	0.000215	1350064493.418088	1.000007	48.236819	35.099443	1.581563	1.000000	1.000000	1.000064	0.000270	1.000000	1.000000	1.002798	0.000242	1.000000	1.000000	1.002691	0.000253	1.000000	1.000000	1.001618	0.000327	
1350064494.417950	1.000000	48.517853	35.303741	4.963409	1.000000	1.000000	0.999931	0.000717	0.999991	0.000289	1.000000	1.000000	1.000000	1.000000	0.997404	0.000254	1.000000	1.000000	0.997412	0.000258	1350064494.418082	0.999994	48.317945	35.180874	1.773875	1.000000	1.000000	0.999913	0.000359	1.000000	1.000000	0.999528	0.001462	1.000000	1.000000	0.995923	0.000251	1.000000	1.000000	0.996971	0.000285	
1350064495.417950	1.000000	48.522461	35.295715	4.968063	1.000000	1.000000	0.999979	0.000471	0.997519	0.000232	1.000000	1.000000	1.000000	1.000000	1.002996	0.000222	1.000000	1.000000	1.002928	0.000221	1350064495.418083	1.000001	48.193603	35.056561	1.583373	1.000000	1.000000	0.999964	0.000367	1.000000	1.000000	1.002706	0.000248	1.000000	1.000000	1.001380	0.000247	1.000000	1.000000	1.000828	0.000255	
1350064496.417950	1.000000	48.553970	35.325699	4.968048	1.000000	1.000000	1.001382	0.000407	1.001798	0.000312	1.000000	1.000000	1.000000	1.000000	0.997369	0.000258	1.000000	1.000000	0.997493	0.000261	1350064496.418083	1.000000	48.256897	35.119919	1.605835	1.000000	0.999999	1.000026	0.000436	1.000000	1.000000	0.997842	0.000320	1.000000	0.999999	1.000002	0.000247	1.000000	1.000000	0.999990	0.000343	
1350064497.417950	1.000000	48.552078	35.324646	4.967697	1.000000	1.000000	0.999989	0.000391	0.999984	0.000242	1.000000	1.000000	1.000000	1.000000	0.999871	0.000216	1.000000	1.000000	1.002922	0.000215	1350064497.418090	1.000007	48.264727	35.126100	1.586689	1.000000	1.000000	1.000988	0.000419	1.000000	1.000000	1.002912	0.000235	1.000000	1.000000	1.003120	0.000214	1.000000	1.000000	1.002726	0.000239	
1350064498.417950	1.000000	48.572952	35.345917	4.953278	1.000000	1.000000	0.999974	0.000526	0.999975	0.000309	1.000000	1.000000	1.000000	1.000000	1.000110	0.000265	1.000000	1.000000	0.997699	0.000278	1350064498.418119	1.000029	48.341245	35.202559	1.836067	1.000000	1.000000	0.999056	0.000459	1.000000	1.000000	0.999623	0.001861	1.000000	1.000000	0.997545	0.000279	1.000000	1.000000	0.998095	0.000345	
1350064499.417950	1.000000	48.593689	35.366943	4.952530	1.000000	1.000000	0.999990	0.000738	0.997767	0.000256	1.000000	1.000000	1.000000	1.000000	0.999991	0.000216	1.000000	1.000000	1.002991	0.000214	1350064499.418087	0.999968	48.218917	35.092582	1.581914	1.000000	1.000000	1.001402	0.000449	1.000000	1.000000	1.002735	0.000243	1.000000	1.000000	1.002191	0.000300	1.000000	1.000000	1.002330	0.000279	
1350064500.417950	1.000000	48.582367	35.354996	4.953217	1.000000	1.000000	0.999975	0.000403	0.999992	0.000285	1.000000	1.000000	1.000000	1.000000	0.999984	0.000282	1.000000	1.000000	0.997529	0.000262	1350064500.418082	0.999995	48.352461	35.213067	1.776483	1.000000	1.000000	0.998226	0.000422	1.000000	1.000000	0.999386	0.001472	1.000000	1.000000	0.996631	0.000258	1.000000	1.000000	0.997978	0.000325	
1350064501.417949	0.999999	48.567505	35.341586	4.968144	1.000000	1.000000	0.998820	0.000566	1.002378	0.000242	1.000000	1.000000	1.000000	1.000000	0.999992	0.000199	1.000000	1.000000	1.002957	0.000216	1350064501.418080	0.999998	48.385224	35.247138	1.631839	1.000000	1.000000	1.000343	0.000343	1.000000	1.000000	1.000362	0.002524	1.000000	1.000000	1.004016	0.000215	1.000000	1.000000	1.002087	0.000306	
1350064502.417950	1.000001	48.554809	35.328458	4.968333	1.000000	1.000000	0.999959	0.000443	0.999934	0.000310	1.000000	1.000000	1.000000	1.000000	1.000552	0.000269	1.000000	1.000000	0.997947	0.000260	1350064502.418081	1.000001	48.269195	35.129987	1.592451	1.000000	1.000000	0.999949	0.000422	1.000000	1.000000	0.997619	0.000286	1.000000	1.000000	0.997298	0.000281	1.000000	1.000000	0.997025	0.000292	
1350064503.417950	1.000000	48.577362	35.349808	4.967621	1.000000	1.000000	1.000264	0.002425	1.000031	0.000262	1.000000	1.000000	1.000000	1.000000	1.002292	0.000229	1.000000	1.000000	1.002107	0.000249	1350064503.418083	1.000002	48.551986	35.414117	1.712765	1.000000	1.000000	0.999943	0.000674	1.000000	1.000000	1.000014	0.047581	1.000000	1.000000	1.002976	0.000260	1.000000	1.000000	1.002274	0.000386	
1350064504.417950	1.000000	48.580322	35.353058	4.955933	1.000000	1.000000	1.000012	0.000692	0.999926	0.000287	1.000000	1.000000	1.000000	1.000000	0.997420	0.000262	1.000000	1.000000	0.997187	0.000233	1350064504.418084	1.000001	48.306640	35.168301	1.605940	1.000000	1.000000	0.999899	0.000525	1.000000	1.000000	0.997203	0.000286	1.000000	1.000001	0.997190	0.000311	1.000000	1.000000	0.998316	0.000405	
1350064505.417949	0.999999	48.569459	35.342426	4.963307	1.000000	1.000000	1.000001	0.001339	1.000059	0.000243	1.000000	1.000000	1.000000	1.000000	1.002890	0.000231	1.000000	1.000000	1.002758	0.000233	1350064505.418089	1.000005	48.260440	35.135749	1.583458	1.000000	1.000000	1.001741	0.000413	1.000000	1.000000	1.003029	0.000259	1.000000	1.000000	1.000304	0.000189	1.000000	1.000000	1.002491	0.000262	
1350064506.417950	1.000001	48.516738	35.302975	4.958003	1.000000	1.000000	0.998295	0.000421	0.997320	0.000265	1.000000	1.000000	1.000000	1.000000	0.997321	0.000250	1.000000	1.000000	0.997482	0.000255	1350064506.418087	0.999998	48.284089	35.146506	1.589709	1.000000	1.000000	0.998684	0.000524	1.000000	1.000000	0.997759	0.000303	1.000000	1.000000	1.000455	0.000309	1.000000	1.000000	0.997600	0.000345	
1350064507.417949	0.999999	48.566300	35.339694	4.963490	1.000000	1.000000	1.001749	0.000401	0.999997	0.000245	1.000000	1.000000	1.000000	1.000000	0.999984	0.000215	1.000000	1.000000	1.002958	0.000214	1350064507.418084	0.999997	48.268781	35.129763	1.583608	1.000000	1.000000	1.001854	0.000384	1.000000	1.000000	1.002679	0.000253	1.000000	1.000000	1.003740	0.000179	1.000000	1.000000	1.000701	0.000274	
1350064508.417950	1.000001	48.652526	35.423810	4.972377	1.000000	1.000000	0.999995	0.003970	1.000233	0.002837	1.000000	1.000000	1.000000	1.000000	0.999992	0.002803	1.000000	1.000000	0.999759	0.002700	1350064508.418084	1.000000	48.359207	35.219177	1.597000	1.000000	1.000000	0.999830	0.004332	1.000000	1.000000	0.999758	0.002872	1.000000	1.000000	0.999755	0.002739	1.000000	1.000000	0.999996	0.002849	
1350064509.417949	0.999999	48.574708	35.347766	4.963216	1.000000	1.000000	0.999292	0.000970	0.999977	0.000220	1.000000	1.000000	1.000000	1.000000	0.999884	0.000216	1.000000	1.000000	1.002998	0.000215	1350064509.418085	1.000001	48.247436	35.109418	1.585066	1.000000	0.999999	0.999972	0.000395	1.000000	1.000000	1.002644	0.000249	1.000000	1.000000	1.003627	0.000182	1.000000	1.000000	1.002444	0.000261	
1350064510.417950	1.000001	48.579421	35.352383	4.972926	1.000000	1.000000	1.001497	0.000451	0.997622	0.000292	1.000000	1.000000	1.000000	1.000000	1.000079	0.000267	1.000000	1.000000	0.997447	0.000257	1350064510.418084	0.999999	48.309265	35.169635	1.722704	1.000000	1.000000	1.000069	0.000474	1.000000	1.000000	0.999360	0.001068	1.000000	1.000000	0.996727	0.000263	1.000000	1.000000	0.997095	0.000304	
1350064511.417951	1.000001	715822074.932119	715765707.273015	715779714.646940	0.999989	1.000210	0.999987	1.000216	0.999997	1.000212	0.999989	1.000211	0.999989	1.000214	0.999992	1.000209	0.999990	1.000215	0.999989	1.000211	1350064511.418048	0.999964	715805052.589797	715843727.927682	715799017.158312	0.999988	1.000208	0.999987	1.000213	3.893065	0.256921	0.999989	1.000211	0.999989	1.000215	0.999992	1.000209	0.999989	1.000214	0.999989	1.000211	
1350064512.417950	0.999999	0.000000	0.000000	0.000000	-nan	-nan	-nan	-nan	900245889747.778931	inf	-nan	-nan	-nan	0.000000	-nan	-nan	-nan	-nan	-nan	-nan	1350064512.418022	0.999974	0.000000	0.000000	0.000000	-nan	-nan	-nan	-nan	1.345745	inf	-nan	-nan	-nan	-nan	-nan	-nan	-nan	-nan	-nan	-nan	
