ts_0	elapsed_0	pkg_0	pp0_0	dram_0	freq_ratio_0_0	c0_ratio_0_0	freq_ratio_0_1	c0_ratio_0_1	freq_ratio_0_2	c0_ratio_0_2	freq_ratio_0_3	c0_ratio_0_3	freq_ratio_0_4	c0_ratio_0_4	freq_ratio_0_5	c0_ratio_0_5	freq_ratio_0_6	c0_ratio_0_6	freq_ratio_0_7	c0_ratio_0_7	ts_1	elapsed_1	pkg_1	pp0_1	dram_1	freq_ratio_1_0	c0_ratio_1_0	freq_ratio_1_1	c0_ratio_1_1	freq_ratio_1_2	c0_ratio_1_2	freq_ratio_1_3	c0_ratio_1_3	freq_ratio_1_4	c0_ratio_1_4	freq_ratio_1_5	c0_ratio_1_5	freq_ratio_1_6	c0_ratio_1_6	freq_ratio_1_7	c0_ratio_1_7	
1350064479.417846	1.000303	47.167729	33.948834	3.799721	1.000000	1.000000	0.998916	0.000584	1.000000	1.000000	0.999606	0.000352	1.000000	1.000000	0.999632	0.000374	1.000000	1.000000	0.999703	0.000399	1350064479.417979	1.000295	45.646267	32.529743	2.556695	1.000000	1.000000	0.999744	0.000454	1.000000	1.000000	0.999433	0.000372	1.000000	1.000000	0.999542	0.000432	1.000000	1.000000	0.999970	0.000365	
1350064480.417843	0.999997	47.275949	34.040587	3.801068	1.000000	1.000000	1.000002	0.002737	1.000000	1.000000	0.999948	0.000238	1.000000	1.000000	0.999974	0.000238	1.000000	1.000000	0.999989	0.000214	1350064480.417977	0.999998	45.599590	32.499787	2.288792	1.000000	1.000000	0.999980	0.000426	0.999995	1.000000	1.000790	0.000254	0.999994	1.000000	1.000125	0.000207	1.000000	1.000000	1.000059	0.000234	
1350064481.417843	1.000000	47.329224	34.088272	3.797440	1.000000	1.000000	0.999796	0.000794	1.000000	1.000000	0.999994	0.000278	1.000000	1.000000	0.999932	0.000245	1.000000	1.000000	0.999989	0.000278	1350064481.417973	0.999996	45.662996	32.544810	2.266946	1.000000	1.000000	0.999925	0.000416	1.000005	1.000000	0.999989	0.000324	1.000006	1.000000	0.999932	0.000244	1.000000	1.000000	0.999526	0.000287	
1350064482.417842	0.999999	47.313690	34.068468	3.797596	1.000000	1.000000	0.999903	0.000383	1.000000	1.000000	0.999929	0.000218	1.000000	1.000000	0.999992	0.000238	1.000000	1.000000	1.000059	0.000215	1350064482.417975	1.000002	45.662755	32.541655	2.224193	1.000000	1.000000	0.999549	0.000299	1.000000	1.000000	0.999982	0.000255	1.000000	1.000000	1.000282	0.000171	1.000000	1.000000	0.999963	0.000218	
1350064483.417842	1.000000	47.305252	34.058167	3.797409	1.000000	1.000000	1.000063	0.000393	1.000000	1.000000	1.000007	0.000272	1.000000	1.000000	0.999998	0.000310	1.000000	1.000000	0.999947	0.000256	1350064483.417980	1.000005	45.700455	32.576940	2.203068	1.000000	1.000000	1.000422	0.000379	1.000000	1.000000	0.999983	0.000320	1.000000	1.000000	1.000112	0.000248	1.000000	1.000000	1.000062	0.000410	
1350064484.417842	1.000000	47.578476	34.331589	3.796783	1.000000	1.000000	1.000000	0.003882	1.000000	1.000000	0.999997	0.002896	1.000000	1.000000	0.999996	0.002783	1.000000	1.000000	1.000001	0.002728	1350064484.417980	1.000000	45.914001	32.787567	2.201736	1.000000	0.999999	0.999998	0.004378	1.000000	1.000000	0.999965	0.002853	1.000000	1.000000	0.999967	0.002825	1.000000	1.000000	1.000000	0.002741	
1350064485.417843	1.000001	47.301423	34.054106	3.797802	1.000000	1.000000	1.000414	0.000374	1.000000	1.000000	0.999980	0.000292	1.000000	1.000000	0.999950	0.000278	1.000000	1.000000	0.999976	0.000252	1350064485.417972	0.999992	45.710713	32.583119	2.300418	1.000000	1.000001	0.999934	0.000439	1.000000	1.000000	1.000284	0.000304	0.999994	1.000000	1.000378	0.000259	1.000000	1.000000	0.999736	0.000279	
1350064486.417842	0.999999	47.249862	34.008516	3.808491	1.000000	1.000000	0.999809	0.000715	1.000000	1.000000	0.999951	0.000197	1.000000	1.000000	1.000025	0.000219	1.000000	1.000000	0.999903	0.000214	1350064486.417974	1.000002	45.697423	32.572860	2.195964	1.000000	1.000000	1.000018	0.000326	1.000000	1.000000	0.999989	0.000253	1.000006	1.000000	1.000519	0.000171	1.000000	1.000000	1.000125	0.000221	
1350064487.417843	1.000001	47.044465	33.829725	3.786144	1.000000	1.000000	0.999952	0.000379	1.000000	1.000000	0.999995	0.000283	1.000000	1.000000	0.999932	0.000335	1.000000	1.000000	1.000055	0.000292	1350064487.417977	1.000003	45.723018	32.597387	2.156426	1.000000	1.000000	0.999976	0.000358	1.000000	1.000000	0.999664	0.000279	1.000000	1.000000	0.989234	0.000256	1.000000	1.000000	1.000029	0.000356	
1350064488.417842	0.999999	47.104430	33.875841	3.801624	1.000000	1.000000	0.999967	0.000404	1.000000	1.000000	0.999962	0.000234	1.000000	1.000000	1.000032	0.000219	1.000000	1.000000	0.999897	0.000195	1350064488.417966	0.999989	45.678251	32.562598	2.157067	1.000000	1.000000	1.000010	0.000346	1.000000	1.000000	1.000376	0.000232	1.000000	1.000000	1.017555	0.000157	1.000000	1.000000	0.999931	0.000211	
1350064489.417842	1.000000	47.056808	33.829102	3.786209	1.000000	1.000000	1.000014	0.000370	1.000000	1.000000	1.000444	0.000285	1.000000	1.000000	1.000545	0.000258	1.000000	1.000000	1.000415	0.000277	1350064489.417971	1.000005	45.735001	32.606892	2.241383	1.000000	1.000000	1.000019	0.000405	1.000000	1.000000	0.999973	0.000301	1.000000	1.000000	1.000019	0.000239	1.000000	1.000000	0.999969	0.000278	
1350064490.417842	1.000000	47.059814	33.835007	3.793533	1.000000	1.000000	1.000043	0.002357	1.000000	1.000000	1.000086	0.000214	1.000000	1.000000	1.000060	0.000236	1.000000	1.000000	1.000083	0.000222	1350064490.417972	1.000001	45.727373	32.599029	2.162321	1.000000	1.000000	0.999956	0.000394	1.000000	1.000000	1.000000	0.000207	1.000000	1.000000	0.999972	0.000176	1.000000	0.999998	0.998839	0.000192	
1350064491.417843	1.000001	47.041276	33.815825	3.782269	1.000000	1.000000	1.000039	0.000689	1.000000	1.000000	0.999428	0.000291	1.000000	1.000000	0.999411	0.000273	1.000000	1.000000	0.999508	0.000264	1350064491.417973	1.000001	45.753283	32.626861	2.320936	1.000000	1.000000	1.000051	0.000393	1.000000	1.000000	0.999973	0.000323	1.000000	1.000000	0.999307	0.000280	1.000000	1.000002	1.000915	0.000377	
1350064492.417842	0.999999	47.112029	33.883425	3.789722	1.000000	1.000000	0.999634	0.000428	1.000000	1.000000	0.999950	0.000216	1.000000	1.000000	0.999831	0.000239	1.000000	1.000000	0.999903	0.000215	1350064492.417974	1.000001	45.757342	32.628997	2.203779	1.000000	1.000000	0.999980	0.000294	1.000000	1.000000	0.999984	0.000241	1.000000	1.000000	1.001067	0.000178	1.000000	1.000000	0.999382	0.000232	
1350064493.417842	1.000000	47.053085	33.828491	3.805206	1.000000	1.000000	1.000006	0.000377	1.000000	1.000000	0.999999	0.000264	1.000000	1.000000	1.000097	0.000259	1.000000	1.000000	0.999976	0.000274	1350064493.417971	0.999997	45.722905	32.595865	2.240348	1.000000	1.000000	0.999998	0.000399	1.000000	1.000000	0.999974	0.000296	1.000000	1.000000	0.999966	0.000248	0.999998	1.000000	1.000087	0.000266	
1350064494.417842	1.000000	46.983459	33.771164	3.797531	1.000000	1.000000	0.999974	0.000367	1.000000	1.000000	0.999963	0.000197	1.000000	1.000000	1.000044	0.000219	1.000000	1.000000	0.999925	0.000215	1350064494.417968	0.999997	45.724446	32.598612	2.115989	1.000000	1.000000	0.999976	0.000316	1.000000	1.000000	0.999981	0.000246	1.000000	1.000000	0.999992	0.000183	1.000002	1.000000	0.999542	0.000209	
1350064495.417843	1.000001	47.012055	33.786909	3.809170	1.000000	1.000000	1.000321	0.000473	1.000000	1.000000	0.999990	0.000278	1.000000	1.000000	0.999908	0.000263	1.000000	1.000000	1.000037	0.000261	1350064495.417977	1.000009	45.717344	32.590815	2.324854	1.000000	1.000000	0.999934	0.000456	1.000000	1.000000	0.999996	0.000277	1.000000	1.000000	0.995869	0.000246	1.000000	1.000000	1.000313	0.000310	
1350064496.417842	0.999999	47.033736	33.809557	3.805469	1.000000	1.000000	0.999809	0.000694	1.000000	1.000000	0.999948	0.000236	1.000000	1.000000	0.999986	0.000226	1.000000	1.000000	0.999991	0.000224	1350064496.417975	0.999998	45.747463	32.620134	2.232502	1.000000	1.000000	1.000206	0.000369	1.000000	1.000000	0.999972	0.000263	1.000000	1.000000	1.000849	0.000198	1.000000	1.000000	0.998918	0.000238	
1350064497.417843	1.000001	47.040025	33.814818	3.797558	1.000000	1.000000	0.999940	0.000371	1.000000	1.000000	1.000004	0.000259	1.000000	1.000000	1.000006	0.000277	1.000000	1.000000	0.999992	0.000248	1350064497.417981	1.000006	45.763002	32.635471	2.154025	1.000000	1.000000	1.000014	0.000347	1.000000	1.000000	0.999995	0.000289	1.000000	1.000000	1.002929	0.000222	1.000000	1.000000	1.000878	0.000270	
1350064498.417842	0.999999	47.043273	33.817415	3.805240	1.000000	1.000000	1.000003	0.000458	1.000000	1.000000	0.999948	0.000236	1.000000	1.000000	0.999995	0.000234	1.000000	1.000000	0.999963	0.000249	1350064498.417993	1.000012	45.716725	32.601052	2.259647	1.000000	1.000000	0.999683	0.000375	1.000000	1.000000	0.999978	0.000248	1.000000	1.000000	1.000649	0.000185	1.000000	1.000000	1.000050	0.000192	
1350064499.417843	1.000001	47.026322	33.801481	3.801754	1.000000	1.000000	0.999984	0.000391	1.000000	1.000000	1.000003	0.000272	1.000000	1.000000	0.999949	0.000258	1.000000	1.000000	1.000003	0.000272	1350064499.417968	0.999975	45.764421	32.635827	2.202860	1.000000	1.000000	1.000325	0.000381	1.000000	1.000000	0.999244	0.000284	1.000000	1.000000	0.999278	0.000197	1.000000	1.000000	0.999735	0.000272	
1350064500.417842	0.999999	47.031798	33.806825	3.801243	1.000000	1.000000	1.000072	0.002317	1.000000	1.000000	0.999955	0.000216	1.000000	1.000000	0.999988	0.000233	1.000000	1.000000	0.999998	0.000215	1350064500.417973	1.000005	45.756363	32.627080	2.175984	1.000000	1.000000	0.999970	0.000382	1.000000	1.000000	1.000839	0.000247	1.000000	1.000000	1.000951	0.000216	1.000000	1.000000	1.000116	0.000210	
1350064501.417842	1.000000	47.070267	33.843781	3.793747	1.000000	1.000000	0.999801	0.000702	1.000000	1.000000	1.000442	0.000295	1.000000	1.000000	1.000582	0.000235	1.000000	1.000000	1.000439	0.000253	1350064501.417973	1.000000	45.754684	32.625137	2.220230	1.000000	1.000000	1.000041	0.000384	1.000000	1.000000	0.999970	0.000311	0.999994	1.000000	0.995412	0.000215	1.000000	1.000000	0.999910	0.000248	
1350064502.417842	1.000000	47.017136	33.805069	3.797699	1.000000	1.000000	1.000213	0.000586	1.000000	1.000000	1.000126	0.000213	1.000000	1.000000	0.999963	0.000232	1.000000	1.000000	1.000013	0.000211	1350064502.417974	1.000001	45.759264	32.630477	2.163664	1.000000	1.000000	0.999872	0.000326	1.000000	1.000000	1.000003	0.000253	1.000006	1.000000	1.004684	0.000209	1.000000	1.000000	0.999193	0.000237	
1350064503.417843	1.000001	47.323228	34.097135	3.800579	1.000000	1.000000	0.999999	0.048767	1.000000	1.000000	0.999896	0.000540	1.000000	1.000000	0.999487	0.000282	1.000000	1.000000	0.999618	0.000286	1350064503.417977	1.000003	45.771678	32.641653	2.468300	1.000000	1.000000	1.000020	0.000379	1.000000	1.000000	0.999992	0.000332	1.000000	1.000000	0.988718	0.000233	1.000000	1.000000	1.000957	0.000353	
1350064504.417842	0.999999	47.090392	33.863054	3.794010	1.000000	1.000000	1.000041	0.000402	1.000000	1.000000	0.999922	0.000277	1.000000	1.000000	0.999971	0.000216	1.000000	1.000000	0.999883	0.000195	1350064504.417971	0.999994	45.773314	32.643230	2.210310	1.000000	1.000000	0.999980	0.000307	1.000000	1.000000	0.999990	0.000241	1.000000	1.000000	1.014177	0.000185	1.000000	1.000000	0.999920	0.000265	
1350064505.417843	1.000001	47.123673	33.896559	3.801418	1.000000	1.000000	1.000007	0.000938	1.000000	1.000000	0.999996	0.001249	1.000000	1.000000	0.999988	0.000257	1.000000	1.000000	1.000025	0.000297	1350064505.417973	1.000002	45.787083	32.657729	2.300640	1.000000	1.000000	1.000004	0.000440	1.000000	1.000000	0.999975	0.000275	1.000000	1.000000	0.999734	0.000236	1.000000	1.000000	0.999498	0.000292	
1350064506.417842	0.999999	47.127914	33.901873	3.793873	1.000000	1.000000	0.999860	0.000948	1.000000	1.000000	0.999838	0.000245	1.000000	1.000000	0.999996	0.000215	1.000000	1.000000	0.999989	0.000214	1350064506.417982	1.000009	45.731992	32.614664	2.315195	1.000000	1.000000	1.000009	0.000343	1.000000	1.000000	0.999969	0.000197	1.000000	1.000000	0.987117	0.000187	1.000000	1.000000	0.999125	0.000209	
1350064507.417843	1.000001	47.128556	33.900740	3.790035	1.000000	1.000000	0.999927	0.000377	1.000000	1.000000	0.999976	0.000261	1.000000	1.000000	0.999995	0.000295	1.000000	1.000000	1.000011	0.000253	1350064507.417973	0.999991	45.788104	32.657965	2.228597	1.000000	1.000000	1.000052	0.000362	1.000000	1.000000	0.999995	0.000315	1.000000	1.000000	1.005441	0.000256	1.000000	1.000000	1.000712	0.000340	
1350064508.417842	0.999999	47.078506	33.853197	3.797825	1.000000	1.000000	0.999974	0.000398	1.000000	1.000000	0.999897	0.000243	1.000000	1.000000	0.999970	0.000217	1.000000	1.000000	0.999842	0.000214	1350064508.417969	0.999996	45.772906	32.643244	2.168191	1.000000	1.000000	0.999423	0.000319	1.000000	1.000000	0.999968	0.000257	1.000000	1.000000	1.006132	0.000177	0.999998	1.000000	0.999805	0.000252	
1350064509.417843	1.000001	47.110246	33.884642	3.804074	1.000000	1.000000	1.000043	0.003607	1.000000	1.000000	1.000004	0.002886	1.000000	1.000000	0.999995	0.002826	1.000000	1.000000	1.000000	0.002718	1350064509.417977	1.000008	45.839854	32.709177	2.401668	1.000000	1.000000	1.000038	0.004205	1.000000	1.000000	0.999999	0.002698	1.000000	1.000000	0.999961	0.002647	1.000002	1.000000	1.000010	0.002614	
1350064510.417842	0.999999	47.189208	33.968904	3.782062	1.000000	1.000000	1.000008	0.002407	1.000000	1.000000	1.000025	0.000251	1.000000	1.000000	0.999990	0.000234	1.000000	1.000000	1.000049	0.000214	1350064510.417978	1.000001	45.781603	32.652541	2.416425	1.000000	1.000000	0.999937	0.000423	1.000000	1.000000	0.999964	0.000259	1.000000	1.000000	1.000419	0.000224	0.999997	1.000000	0.999902	0.000261	
1350064511.417844	1.000002	715782171.039469	715773968.121185	715813701.533910	0.999989	1.000207	0.999986	1.000209	0.999996	1.000206	0.999988	1.000205	0.999989	1.000210	0.999991	1.000205	0.999989	1.000209	0.999989	1.000208	1350064511.417935	0.999957	715828220.398191	715796021.213114	715814436.381002	0.999988	1.000203	0.999986	1.000208	3.893121	0.256915	0.999988	1.000206	0.999989	1.000210	0.999991	1.000205	0.999989	1.000210	0.999989	1.000208	
1350064512.417903	1.000059	0.000000	0.000000	0.000000	-nan	-nan	-nan	-nan	0.000000	inf	-nan	-nan	-nan	0.000000	-nan	-nan	-nan	-nan	-nan	-nan	1350064512.417981	1.000046	0.000000	0.000000	0.000000	-nan	-nan	-nan	-nan	0.000000	inf	-nan	-nan	-nan	-nan	-nan	-nan	-nan	-nan	-nan	-nan	
