ts_0	elapsed_0	pkg_0	pp0_0	dram_0	freq_ratio_0_0	c0_ratio_0_0	freq_ratio_0_1	c0_ratio_0_1	freq_ratio_0_2	c0_ratio_0_2	freq_ratio_0_3	c0_ratio_0_3	freq_ratio_0_4	c0_ratio_0_4	freq_ratio_0_5	c0_ratio_0_5	freq_ratio_0_6	c0_ratio_0_6	freq_ratio_0_7	c0_ratio_0_7	ts_1	elapsed_1	pkg_1	pp0_1	dram_1	freq_ratio_1_0	c0_ratio_1_0	freq_ratio_1_1	c0_ratio_1_1	freq_ratio_1_2	c0_ratio_1_2	freq_ratio_1_3	c0_ratio_1_3	freq_ratio_1_4	c0_ratio_1_4	freq_ratio_1_5	c0_ratio_1_5	freq_ratio_1_6	c0_ratio_1_6	freq_ratio_1_7	c0_ratio_1_7	
1350064479.417328	1.000307	47.672677	34.614462	3.810948	1.000000	1.000000	0.998820	0.000643	1.000000	1.000000	0.999988	0.000409	1.000000	1.000000	0.999656	0.000435	1.000000	1.000000	0.999696	0.000436	1350064479.417460	1.000293	46.974364	33.765482	1.802023	1.000000	1.000001	1.000013	0.000520	1.000000	1.000000	0.999572	0.000515	1.000000	1.000000	0.999466	0.000434	1.000000	1.000000	1.000197	0.000473	
1350064480.417325	0.999997	47.565211	34.528519	3.778210	1.000000	1.000000	0.999952	0.000517	1.000000	1.000000	0.999799	0.000236	1.000000	1.000000	0.999866	0.000141	1.000000	1.000000	1.000003	0.000232	1350064480.417455	0.999995	46.839559	33.617661	1.599648	1.000000	1.000000	1.000011	0.000390	1.000000	1.000000	1.000553	0.000355	1.000000	1.000000	1.000301	0.000282	1.000000	1.000000	0.999550	0.000251	
1350064481.417325	1.000000	47.650116	34.595123	3.800659	1.000000	1.000000	0.999997	0.000781	1.000000	1.000000	1.000149	0.000253	1.000000	1.000000	1.000077	0.000185	1.000000	1.000000	0.999975	0.000260	1350064481.417465	1.000010	46.801335	33.578231	1.664244	1.000000	1.000000	1.000016	0.000389	1.000000	1.000000	1.000036	0.000392	1.000000	1.000000	0.999707	0.000332	1.000000	1.000000	0.999124	0.000268	
1350064482.417325	1.000000	47.672714	34.613907	3.797348	1.000000	1.000000	0.999994	0.002623	1.000000	1.000000	0.999985	0.000236	1.000000	1.000000	0.999973	0.000141	1.000000	1.000000	0.999858	0.000233	1350064482.417453	0.999988	46.789468	33.564609	1.592792	1.000000	1.000000	0.999935	0.000339	1.000000	1.000000	0.999988	0.000280	1.000000	1.000000	1.000778	0.000299	1.000000	1.000000	1.000784	0.000284	
1350064483.417325	1.000000	47.668442	34.609161	3.808685	1.000000	1.000000	1.000003	0.000374	1.000000	1.000000	0.999966	0.000275	1.000000	1.000000	0.999969	0.000186	1.000000	1.000000	1.000088	0.000281	1350064483.417459	1.000006	46.790767	33.566618	1.652029	1.000000	1.000000	1.000011	0.000401	1.000000	1.000000	0.999976	0.000328	1.000000	1.000000	0.999237	0.000324	1.000000	1.000000	0.999502	0.000456	
1350064484.417325	1.000000	47.672516	34.613403	3.797775	1.000000	1.000000	1.001751	0.000414	1.000000	1.000000	0.999797	0.000217	1.000000	1.000000	0.999625	0.000121	1.000000	1.000000	0.999818	0.000214	1350064484.417458	0.999999	46.768401	33.544099	1.588914	1.000000	1.000000	0.999986	0.000359	1.000000	1.000000	1.000007	0.000278	1.000000	1.000000	1.000913	0.000242	1.000000	1.000000	1.000727	0.000295	
1350064485.417325	1.000000	47.713837	34.652252	3.804901	1.000000	1.000000	0.997981	0.000367	1.000000	1.000000	1.000142	0.000294	1.000000	1.000000	1.000181	0.000220	1.000000	1.000000	1.000105	0.000273	1350064485.417458	1.000000	46.782196	33.557556	1.645294	1.000000	1.000000	1.000008	0.000459	1.000000	1.000000	0.999933	0.000348	1.000000	1.000000	0.999746	0.000358	1.000000	1.000000	0.999268	0.000293	
1350064486.417325	1.000000	47.738083	34.677200	3.808838	1.000000	1.000000	1.000830	0.000861	1.000000	1.000000	0.999848	0.000246	1.000000	1.000000	0.999508	0.000121	1.000000	1.000000	0.999923	0.000241	1350064486.417458	1.000000	46.779068	33.554138	1.588470	1.000000	1.000000	0.999984	0.000353	1.000000	1.000000	1.000020	0.000349	1.000000	1.000000	1.000313	0.000287	1.000000	1.000000	1.000745	0.000292	
1350064487.417325	1.000000	47.728668	34.668716	3.797424	1.000000	1.000000	0.998127	0.000369	1.000000	1.000000	1.000088	0.000271	1.000000	1.000000	1.000188	0.000203	1.000000	1.000000	1.000029	0.000269	1350064487.417455	0.999997	46.787010	33.562085	1.650014	1.000000	1.000000	0.999934	0.000386	1.000000	1.000000	0.999993	0.000314	1.000000	1.000000	0.999986	0.000321	1.000000	1.000000	0.999970	0.000466	
1350064488.417325	1.000000	47.676071	34.627487	3.797836	1.000000	1.000000	1.000017	0.000383	1.000000	1.000000	1.000017	0.000233	1.000000	1.000000	1.000115	0.000121	1.000000	1.000000	0.999980	0.000213	1350064488.417454	0.999999	46.782439	33.557756	1.590715	1.000000	0.999995	1.000034	0.000362	1.000000	1.000000	0.999951	0.000245	1.000000	1.000000	1.000030	0.000286	1.000000	1.000000	1.000009	0.000270	
1350064489.417325	1.000000	47.995163	34.930557	3.804047	1.000000	1.000000	0.999978	0.003729	1.000000	1.000000	1.000034	0.003188	1.000000	1.000000	1.000044	0.002913	1.000000	1.000000	1.000035	0.002833	1350064489.417456	1.000002	46.863894	33.651059	1.666684	1.000000	1.000005	0.999990	0.004195	1.000000	1.000000	0.999998	0.003082	1.000000	1.000000	0.999924	0.003072	1.000000	1.000000	0.999923	0.003240	
1350064490.417325	1.000000	47.751694	34.688522	3.805161	1.000000	1.000000	1.000446	0.000414	1.000000	1.000000	0.999498	0.000252	1.000000	1.000000	0.999765	0.000138	1.000000	1.000000	0.999956	0.000212	1350064490.417454	0.999998	46.773435	33.547946	1.593372	1.000000	1.000000	0.999982	0.000379	1.000000	1.000000	0.999934	0.000285	1.000000	1.000000	1.000830	0.000249	1.000000	1.000000	1.000905	0.000259	
1350064491.417325	1.000000	47.744492	34.678635	3.808899	1.000000	1.000000	0.999972	0.000663	1.000000	1.000000	1.000006	0.000247	1.000000	1.000000	0.999502	0.000217	1.000000	1.000000	0.999705	0.000302	1350064491.417456	1.000002	46.798846	33.572415	1.644498	1.000000	1.000000	1.000022	0.000468	1.000000	1.000000	1.000020	0.000373	1.000000	1.000000	1.000011	0.000330	1.000000	1.000000	1.000181	0.000445	
1350064492.417325	1.000000	47.747589	34.683792	3.808685	1.000000	1.000000	0.999923	0.002306	1.000000	1.000000	0.999794	0.000236	1.000000	1.000000	0.999986	0.000139	1.000000	1.000000	0.999910	0.000214	1350064492.417454	0.999998	46.780637	33.554217	1.599719	1.000000	1.000000	1.000071	0.000346	1.000000	1.000000	0.999979	0.000251	1.000000	1.000000	0.999986	0.000293	1.000000	1.000000	0.999696	0.000308	
1350064493.417325	1.000000	47.728745	34.664398	3.800995	1.000000	1.000000	1.000077	0.000371	1.000000	1.000000	1.000124	0.000264	1.000000	1.000000	0.999968	0.000180	1.000000	1.000000	1.000041	0.000282	1350064493.417455	1.000001	46.784974	33.558180	1.641844	1.000000	1.000000	0.999987	0.000348	1.000000	1.000000	1.000006	0.000339	1.000000	1.000000	0.999963	0.000335	1.000000	1.000000	0.999917	0.000303	
1350064494.417325	1.000000	47.718872	34.655075	3.809082	1.000000	1.000000	1.001838	0.000386	1.000000	1.000000	0.999802	0.000216	1.000000	1.000000	0.999759	0.000139	1.000000	1.000000	0.999824	0.000214	1350064494.417455	1.000000	46.786133	33.559937	1.595139	1.000000	1.000000	0.999830	0.000353	1.000000	1.000000	0.999921	0.000274	1.000000	1.000000	1.000036	0.000286	1.000000	1.000000	1.000047	0.000296	
1350064495.417325	1.000000	47.702591	34.641357	3.801529	1.000000	1.000000	0.999955	0.000471	1.000000	1.000000	1.000121	0.000292	1.000000	1.000000	1.000057	0.000197	1.000000	1.000000	1.000104	0.000275	1350064495.417455	1.000000	46.756775	33.529770	1.637512	1.000000	1.000000	1.000106	0.000476	1.000000	1.000000	1.000003	0.000339	1.000000	1.000000	0.999594	0.000321	1.000000	1.000000	0.999235	0.000307	
1350064496.417325	1.000000	47.668137	34.620010	3.789734	1.000000	1.000000	0.998774	0.000598	1.000000	1.000000	0.999851	0.000218	1.000000	1.000000	1.000005	0.000141	1.000000	1.000000	0.999793	0.000233	1350064496.417455	1.000000	46.783371	33.555466	1.592163	0.999994	1.000000	0.999993	0.000337	1.000000	1.000000	0.999989	0.000353	1.000000	1.000000	1.000408	0.000265	1.000000	1.000000	1.000804	0.000282	
1350064497.417325	1.000000	47.736404	34.673096	3.801407	1.000000	1.000000	1.002472	0.000296	1.000000	1.000000	1.000094	0.000267	1.000000	1.000000	1.000053	0.000196	1.000000	1.000000	1.000086	0.000278	1350064497.417467	1.000012	46.790122	33.560223	1.638912	1.000006	1.000000	0.999945	0.000400	1.000000	1.000000	0.999984	0.000330	1.000000	1.000000	0.999984	0.000316	1.000000	1.000000	0.999952	0.000321	
1350064498.417325	1.000000	47.749863	34.687164	3.801407	1.000000	1.000000	1.000014	0.000699	1.000000	1.000000	0.999980	0.000265	1.000000	1.000000	0.999880	0.000157	1.000000	1.000000	1.000048	0.000243	1350064498.417494	1.000027	46.743751	33.528531	1.599994	1.000000	1.000000	1.000030	0.000423	1.000000	1.000000	0.999979	0.000366	1.000000	1.000000	0.999986	0.000266	1.000000	1.000000	1.000042	0.000274	
1350064499.417325	1.000000	47.733612	34.672928	3.801620	1.000000	1.000000	0.999940	0.000332	1.000000	1.000000	0.999978	0.000276	1.000000	1.000000	1.000097	0.000159	1.000000	1.000000	0.999997	0.000270	1350064499.417462	0.999968	46.791763	33.561055	1.637946	1.000000	1.000000	1.000028	0.000419	1.000000	1.000000	0.999982	0.000362	1.000000	1.000000	0.999981	0.000317	1.000000	1.000000	0.999936	0.000376	
1350064500.417325	1.000000	47.726639	34.665634	3.793747	1.000000	1.000000	0.997621	0.000309	1.000000	1.000000	0.999828	0.000237	1.000000	1.000000	0.999680	0.000159	1.000000	1.000000	0.999832	0.000214	1350064500.417454	0.999992	46.791898	33.561765	1.586851	1.000000	1.000000	0.999996	0.000473	1.000000	1.000000	0.999996	0.000421	1.000000	1.000000	0.999990	0.000305	1.000000	1.000000	0.999995	0.000394	
1350064501.417325	1.000000	47.748764	34.685410	3.793640	1.000000	1.000000	1.001165	0.000616	1.000000	1.000000	1.000576	0.000262	1.000000	1.000000	1.001142	0.000159	1.000000	1.000000	1.000514	0.000269	1350064501.417467	1.000013	46.791257	33.561678	1.629739	1.000000	1.000000	0.999965	0.000443	1.000000	1.000000	0.999974	0.000429	1.000000	1.000000	0.999412	0.000368	1.000000	1.000000	0.999366	0.000350	
1350064502.417325	1.000000	47.764694	34.699844	3.801483	1.000000	1.000000	0.999701	0.002426	1.000000	1.000000	0.999510	0.000249	1.000000	1.000000	0.999876	0.000158	1.000000	1.000000	0.999879	0.000230	1350064502.417454	0.999987	46.791873	33.562879	1.597647	1.000000	0.999995	0.999944	0.000430	1.000000	1.000000	0.999997	0.000337	1.000000	1.000000	1.000691	0.000298	1.000000	1.000000	1.000284	0.000368	
1350064503.417325	1.000000	47.733490	34.670822	3.804535	1.000000	1.000000	1.002246	0.000320	1.000000	1.000000	0.999989	0.000274	1.000000	1.000000	0.999316	0.000193	1.000000	1.000000	0.999632	0.000285	1350064503.417461	1.000007	47.096476	33.867136	1.779712	1.000000	1.000005	0.999998	0.050864	1.000000	1.000000	0.999993	0.000657	1.000000	1.000000	0.999995	0.000367	1.000000	1.000000	1.000200	0.000517	
1350064504.417325	1.000000	47.726074	34.663544	3.801590	1.000000	1.000000	0.997578	0.000289	1.000000	1.000000	0.999814	0.000234	1.000000	1.000000	0.999730	0.000140	1.000000	1.000000	0.999869	0.000232	1350064504.417458	0.999997	46.788521	33.561277	1.592305	1.000000	1.000000	1.000050	0.000416	1.000000	1.000000	0.999990	0.000385	1.000000	1.000000	0.999979	0.000376	1.000000	1.000000	0.999971	0.000263	
1350064505.417325	1.000000	47.742859	34.677399	3.801529	1.000000	1.000000	0.999947	0.000770	1.000000	1.000000	1.000132	0.000263	1.000000	1.000000	1.000132	0.000181	1.000000	1.000000	1.000086	0.000268	1350064505.417457	0.999999	46.807280	33.577272	1.640062	1.000000	1.000000	0.999916	0.000476	1.000000	1.000000	0.999874	0.001354	1.000000	1.000000	0.999989	0.000385	1.000000	1.000000	1.000027	0.000287	
1350064506.417325	1.000000	47.701797	34.651199	3.793640	1.000000	1.000000	1.000031	0.000917	1.000000	1.000000	0.999782	0.000235	1.000000	1.000000	0.999904	0.000141	1.000000	1.000000	0.999889	0.000233	1350064506.417463	1.000006	46.739879	33.521742	1.594244	1.000000	1.000000	0.999522	0.000413	1.000000	1.000000	1.000041	0.000391	1.000000	1.000000	1.000003	0.000290	1.000000	1.000000	0.999984	0.000235	
1350064507.417325	1.000000	47.744492	34.677612	3.809158	1.000000	1.000000	0.999975	0.000299	1.000000	1.000000	1.000172	0.000260	1.000000	1.000000	1.000148	0.000180	1.000000	1.000000	1.000063	0.000251	1350064507.417457	0.999994	46.796406	33.561418	1.640299	1.000000	1.000000	1.000481	0.000464	1.000000	1.000000	0.999964	0.000372	1.000000	1.000000	1.000057	0.000387	1.000000	1.000000	0.999259	0.000277	
1350064508.417325	1.000000	47.745087	34.675018	3.798248	1.000000	1.000000	1.002539	0.000294	1.000000	1.000000	0.999796	0.000215	1.000000	1.000000	0.999763	0.000140	1.000000	1.000000	0.999824	0.000232	1350064508.417461	1.000004	46.788613	33.555620	1.590097	1.000000	1.000000	0.999485	0.000411	1.000000	1.000000	1.000001	0.000330	1.000000	1.000000	0.999909	0.000310	1.000000	1.000000	1.000933	0.000218	
1350064509.417325	1.000000	47.748596	34.682724	3.797867	1.000000	1.000000	0.998032	0.000313	1.000000	1.000000	1.000144	0.000263	1.000000	1.000000	1.000166	0.000198	1.000000	1.000000	1.000183	0.000265	1350064509.417454	0.999993	46.791431	33.559055	1.645748	1.000000	1.000000	1.000537	0.000435	1.000000	1.000000	0.999970	0.000380	1.000000	1.000000	0.999988	0.000371	1.000000	1.000000	0.999984	0.000260	
1350064510.417325	1.000000	47.758636	34.691299	3.794022	1.000000	1.000000	1.001991	0.000308	1.000000	1.000000	1.000020	0.000254	1.000000	1.000000	0.999865	0.000140	1.000000	1.000000	0.999978	0.000213	1350064510.417452	0.999998	46.798627	33.569080	1.593631	1.000000	1.000000	0.999956	0.000491	1.000000	1.000000	0.999988	0.000359	1.000000	1.000000	1.000015	0.000324	1.000000	1.000000	0.999967	0.000261	
1350064511.417327	1.000002	715769855.597993	715802695.451936	715804074.460658	0.999982	1.000163	0.999979	1.000166	0.999990	1.000164	0.999981	1.000161	0.999982	1.000166	0.999984	1.000157	0.999981	1.000163	0.999982	1.000164	1350064511.417434	0.999982	715810035.529013	715822719.230180	715810938.155749	0.999982	1.000165	0.999979	1.000163	3.893576	0.256873	0.999981	1.000161	0.999982	1.000165	0.999984	1.000159	0.999981	1.000162	0.999982	1.000165	
1350064512.417325	0.999998	0.000000	0.000000	0.000000	-nan	-nan	-nan	-nan	8.000000	inf	-nan	-nan	-nan	0.000000	0.000000	inf	-nan	-nan	-nan	-nan	1350064512.417394	0.999960	0.000000	0.000000	0.000000	-nan	-nan	-nan	-nan	0.000000	inf	-nan	-nan	-nan	-nan	-nan	-nan	-nan	-nan	-nan	-nan	
