ts_0	elapsed_0	pkg_0	pp0_0	dram_0	freq_ratio_0_0	c0_ratio_0_0	freq_ratio_0_1	c0_ratio_0_1	freq_ratio_0_2	c0_ratio_0_2	freq_ratio_0_3	c0_ratio_0_3	freq_ratio_0_4	c0_ratio_0_4	freq_ratio_0_5	c0_ratio_0_5	freq_ratio_0_6	c0_ratio_0_6	freq_ratio_0_7	c0_ratio_0_7	ts_1	elapsed_1	pkg_1	pp0_1	dram_1	freq_ratio_1_0	c0_ratio_1_0	freq_ratio_1_1	c0_ratio_1_1	freq_ratio_1_2	c0_ratio_1_2	freq_ratio_1_3	c0_ratio_1_3	freq_ratio_1_4	c0_ratio_1_4	freq_ratio_1_5	c0_ratio_1_5	freq_ratio_1_6	c0_ratio_1_6	freq_ratio_1_7	c0_ratio_1_7	
1350069285.705648	1.000206	91.816063	78.443955	3.784239	1.153846	1.000000	1.153846	1.000000	1.153846	1.000000	1.153846	1.000000	1.153846	1.000000	1.153846	1.000000	1.153846	1.000000	1.153846	1.000000	1350069285.705682	1.000197	63.664968	50.368331	2.287666	1.230263	0.995501	1.230263	0.995497	1.230263	0.995492	1.230263	0.995488	1.192343	0.003260	1.192436	0.000571	1.190431	0.000069	1.191298	0.000175	
1350069286.705656	1.000008	85.024091	71.642180	3.800918	1.153832	0.130245	1.153845	0.999999	1.153845	0.999999	1.153845	0.999999	1.153845	0.999999	1.153845	0.999999	1.153845	0.999999	1.153845	0.999999	1350069286.705760	1.000078	68.670107	55.403701	2.122668	1.197253	0.999685	1.197252	0.999685	1.197252	0.999685	1.197252	0.999685	1.192310	0.870593	1.192614	0.001590	1.293019	0.000006	1.213844	0.000034	
1350069287.705639	0.999983	84.065907	70.683402	3.789386	1.153069	0.000384	1.153846	1.000000	1.153846	1.000000	1.153846	1.000000	1.153846	1.000000	1.153846	1.000000	1.153847	1.000000	1.153846	1.000000	1350069287.705727	0.999967	69.539489	56.254109	2.183986	1.192306	0.999975	1.192306	0.999975	1.192306	0.999975	1.192306	0.999975	1.192306	0.999975	1.192283	0.001883	1.180114	0.000051	1.191314	0.000172	
1350069288.705637	0.999998	84.155953	70.764692	3.793632	1.154050	0.000645	1.153846	1.000000	1.153846	1.000000	1.153845	1.000000	1.153846	1.000000	1.153846	1.000000	1.153846	1.000000	1.153847	1.000000	1350069288.705724	0.999997	69.614840	56.324470	2.083274	1.192303	0.999956	1.192303	0.999956	1.192303	0.999956	1.192303	0.999956	1.192303	0.999956	1.191926	0.001800	1.192275	0.000054	1.191089	0.000063	
1350069289.705638	1.000001	84.232052	70.834314	3.801174	1.153905	0.002325	1.153846	1.000000	1.153846	1.000000	1.153847	1.000000	1.153846	1.000000	1.153846	1.000000	1.153846	1.000000	1.153846	1.000000	1350069289.705728	1.000004	69.652687	56.359406	2.133277	1.192304	0.999953	1.192304	0.999953	1.192304	0.999953	1.192304	0.999952	1.192304	0.999953	1.192212	0.001948	1.187759	0.000087	1.192351	0.000103	
1350069290.705638	1.000000	84.472397	71.077179	3.796295	1.153785	0.003837	1.153846	1.000000	1.153846	1.000000	1.153846	1.000000	1.153846	1.000000	1.153846	1.000000	1.153846	1.000000	1.153846	1.000000	1350069290.705725	0.999997	72.196635	58.898696	2.184363	1.190835	0.998228	1.190835	0.998227	1.190835	0.998225	1.190836	0.998224	1.190835	0.998222	1.156623	0.004175	1.154387	0.002777	1.154428	0.003553	
1350069291.705638	1.000000	84.275879	70.881577	3.805267	1.153863	0.000350	1.153846	1.000000	1.153846	1.000000	1.153846	1.000000	1.153846	1.000000	1.153846	1.000000	1.153846	1.000000	1.153846	1.000000	1350069291.705725	1.000000	69.701477	56.400848	2.040222	1.192302	0.999926	1.192302	0.999926	1.192302	0.999920	1.192302	0.999926	1.192302	0.999926	1.192155	0.001919	1.172815	0.000058	1.188471	0.000175	
1350069292.705638	1.000000	84.337418	70.940186	3.804810	1.153979	0.000594	1.153846	1.000000	1.153847	1.000000	1.153846	1.000000	1.153846	1.000000	1.153846	1.000000	1.153846	1.000000	1.153846	1.000000	1350069292.705720	0.999995	69.733580	56.432015	2.114268	1.192306	0.999978	1.192306	0.999978	1.192306	0.999984	1.192306	0.999978	1.192306	0.999977	1.192413	0.001737	1.192830	0.000006	1.193337	0.000034	
1350069293.705638	1.000000	84.335358	70.931137	3.801437	1.153570	0.000347	1.153846	1.000000	1.153846	1.000000	1.153846	1.000000	1.153846	1.000000	1.153846	1.000000	1.153846	1.000000	1.153846	1.000000	1350069293.705721	1.000001	69.739069	56.434089	2.097242	1.192306	0.999977	1.192306	0.999977	1.192306	0.999977	1.192306	0.999977	1.192306	0.999977	1.192299	0.001934	1.192508	0.000052	1.192000	0.000082	
1350069294.705638	1.000000	84.280899	70.883835	3.797134	1.153811	0.000587	1.153846	1.000000	1.153846	1.000000	1.153846	1.000000	1.153846	1.000000	1.153846	1.000000	1.153846	1.000000	1.153846	1.000000	1350069294.705719	0.999998	69.717525	56.408219	2.147648	1.192306	0.999978	1.192306	0.999978	1.192306	0.999978	1.192306	0.999978	1.192306	0.999978	1.192286	0.001773	1.190338	0.000006	1.193049	0.000040	
1350069295.705638	1.000000	84.446976	71.042419	3.797241	1.153895	0.000629	1.153846	1.000000	1.153846	1.000000	1.153846	1.000000	1.153846	1.000000	1.153846	1.000000	1.153846	1.000000	1.153846	1.000000	1350069295.705727	1.000008	69.779509	56.466187	2.105620	1.192302	0.999933	1.192302	0.999933	1.192302	0.999933	1.192302	0.999933	1.192302	0.999932	1.191751	0.001911	1.192764	0.000052	1.188760	0.000265	
1350069296.705638	1.000000	84.463409	71.057617	3.800980	1.153918	0.000539	1.153846	1.000000	1.153846	1.000000	1.153846	1.000000	1.153846	1.000000	1.153846	1.000000	1.153846	1.000000	1.153846	1.000000	1350069296.705721	0.999994	69.756779	56.442384	1.982647	1.192306	0.999976	1.192306	0.999975	1.192306	0.999975	1.192306	0.999975	1.192306	0.999976	1.192321	0.001791	1.187367	0.000006	1.191230	0.000033	
1350069297.705638	1.000000	84.430420	71.019958	3.797394	1.153586	0.000363	1.153846	1.000000	1.153846	1.000000	1.153846	1.000000	1.153846	1.000000	1.153846	1.000000	1.153847	1.000000	1.153846	1.000000	1350069297.705724	1.000003	69.787168	56.471413	1.926218	1.192306	0.999978	1.192306	0.999978	1.192306	0.999978	1.192306	0.999978	1.192306	0.999978	1.192259	0.001851	1.192358	0.000051	1.192472	0.000092	
1350069298.705638	1.000000	84.444992	71.035919	3.797699	1.153804	0.000574	1.153846	1.000000	1.153846	1.000000	1.153846	1.000000	1.153846	1.000000	1.153846	1.000000	1.153846	1.000000	1.153846	1.000000	1350069298.705724	1.000000	68.738983	55.422592	2.129807	1.192306	0.999975	1.192306	0.999974	1.192306	0.999975	1.192306	0.999974	1.192306	0.999975	1.192209	0.001656	1.193086	0.000006	1.192356	0.000040	
1350069299.705638	1.000000	84.344833	70.933212	3.801239	1.153854	0.002247	1.153846	1.000000	1.153846	1.000000	1.153846	1.000000	1.153846	1.000000	1.153846	1.000000	1.153846	1.000000	1.153847	1.000000	1350069299.705725	1.000001	69.190806	55.869652	2.406309	1.192304	0.999954	1.192304	0.999954	1.192304	0.999954	1.192304	0.999954	1.192304	0.999954	1.192392	0.001783	1.184229	0.000062	1.192430	0.000158	
1350069300.705638	1.000000	84.521332	71.106094	3.793198	1.153856	0.000942	1.153846	1.000000	1.153846	1.000000	1.153846	1.000000	1.153846	1.000000	1.153846	1.000000	1.153846	1.000000	1.153846	1.000000	1350069300.705721	0.999996	69.782311	56.466522	2.206903	1.192304	0.999953	1.192304	0.999953	1.192304	0.999953	1.192304	0.999953	1.192304	0.999953	1.191650	0.001783	1.207815	0.000032	1.187178	0.000138	
1350069301.705638	1.000000	84.518005	71.100266	3.797226	1.153859	0.000674	1.153846	1.000000	1.153846	1.000000	1.153846	1.000000	1.153847	1.000000	1.153846	1.000000	1.153847	1.000000	1.153846	1.000000	1350069301.705723	1.000002	69.774540	56.460952	2.258007	1.192306	0.999977	1.192306	0.999977	1.192306	0.999977	1.192306	0.999977	1.192306	0.999977	1.192365	0.001756	1.192286	0.000060	1.192079	0.000100	
1350069302.705638	1.000000	84.507126	71.088394	3.804260	1.153858	0.001142	1.153846	1.000000	1.153846	1.000000	1.153846	1.000000	1.153846	1.000000	1.153846	1.000000	1.153846	1.000000	1.153846	1.000000	1350069302.705723	1.000000	70.179794	56.862915	2.255753	1.192285	0.999817	1.192285	0.999817	1.192285	0.999817	1.192285	0.999817	1.192285	0.999817	1.191962	0.051515	1.152911	0.000313	1.191413	0.000041	
1350069303.705638	1.000000	84.550629	71.129517	3.793335	1.153775	0.000735	1.153846	1.000000	1.153846	1.000000	1.153846	1.000000	1.153845	1.000000	1.153846	1.000000	1.153847	1.000000	1.153846	1.000000	1350069303.705722	0.999999	69.722845	56.418572	2.363222	1.192306	0.999976	1.192306	0.999976	1.192306	0.999976	1.192306	0.999976	1.192306	0.999976	1.192438	0.000935	1.192365	0.000975	1.192582	0.000105	
1350069304.705637	0.999999	84.556187	71.141166	3.801410	1.153596	0.000668	1.153846	1.000000	1.153846	1.000000	1.153846	1.000000	1.153847	1.000000	1.153846	1.000000	1.153846	1.000000	1.153846	1.000000	1350069304.705738	1.000016	69.784057	56.470183	2.226039	1.192306	0.999976	1.192306	0.999976	1.192306	0.999976	1.192306	0.999976	1.192306	0.999976	1.192126	0.000862	1.192361	0.000962	1.192658	0.000040	
1350069305.705638	1.000001	84.507869	71.103906	3.793560	1.154013	0.000749	1.153846	1.000000	1.153846	1.000000	1.153846	1.000000	1.153846	1.000000	1.153846	1.000000	1.153846	1.000000	1.153846	1.000000	1350069305.705727	0.999989	69.769900	56.452127	2.300684	1.192304	0.999956	1.192304	0.999955	1.192304	0.999955	1.192304	0.999955	1.192304	0.999955	1.191390	0.000988	1.192268	0.001007	1.187922	0.000164	
1350069306.705638	1.000000	84.576859	71.155014	3.805130	1.153771	0.000668	1.153847	1.000000	1.153846	1.000000	1.153846	1.000000	1.153846	1.000000	1.153846	1.000000	1.153846	1.000000	1.153846	1.000000	1350069306.705720	0.999993	69.756159	56.438531	2.230850	1.192306	0.999978	1.192306	0.999978	1.192306	0.999978	1.192306	0.999978	1.192306	0.999978	1.192312	0.000859	1.192440	0.000940	1.189803	0.000040	
1350069307.705638	1.000000	84.533295	71.113663	3.808716	1.154062	0.000467	1.153846	1.000000	1.153846	1.000000	1.153846	1.000000	1.153846	1.000000	1.153847	1.000000	1.153846	1.000000	1.153846	1.000000	1350069307.705723	1.000003	69.794934	56.475975	2.225213	1.192304	0.999956	1.192304	0.999956	1.192304	0.999956	1.192304	0.999956	1.192304	0.999956	1.192292	0.000898	1.192330	0.001040	1.191044	0.000095	
1350069308.705638	1.000000	84.533600	71.115311	3.797165	1.153732	0.000722	1.153846	1.000000	1.153846	1.000000	1.153846	1.000000	1.153846	1.000000	1.153846	1.000000	1.153846	1.000000	1.153846	1.000000	1350069308.705723	1.000000	69.801620	56.481995	2.242844	1.192306	0.999977	1.192306	0.999977	1.192306	0.999977	1.192306	0.999976	1.192306	0.999977	1.192189	0.000897	1.192347	0.000881	1.191795	0.000040	
1350069309.705638	1.000000	84.563049	71.142242	3.805099	1.153827	0.002145	1.153846	1.000000	1.153846	1.000000	1.153846	1.000000	1.153846	1.000000	1.153846	1.000000	1.153846	1.000000	1.153846	1.000000	1350069309.705722	0.999999	69.831503	56.513085	2.226595	1.192306	0.999977	1.192306	0.999977	1.192306	0.999977	1.192306	0.999977	1.192306	0.999977	1.192425	0.000918	1.192215	0.000998	1.191192	0.000081	
1350069310.705638	1.000000	84.666992	71.241943	3.805191	1.153794	0.001988	1.153846	1.000000	1.153846	1.000000	1.153846	1.000000	1.153846	1.000000	1.153846	1.000000	1.153846	1.000000	1.153846	1.000000	1350069310.705724	1.000002	69.835896	56.516051	2.265422	1.192292	0.999818	1.192292	0.999818	1.192292	0.999818	1.192292	0.999818	1.192292	0.999817	1.189709	0.001065	1.191853	0.000956	1.184991	0.000294	
1350069311.705638	1.000000	84.620636	71.195801	3.801575	1.154161	0.000464	1.153846	1.000000	1.153846	1.000000	1.153846	1.000000	1.153846	1.000000	1.153846	1.000000	1.153846	1.000000	1.153846	1.000000	1350069311.705724	1.000000	69.791809	56.472244	2.302200	1.192306	0.999978	1.192306	0.999978	1.192306	0.999978	1.192306	0.999978	1.192306	0.999978	1.192465	0.000906	1.192293	0.000979	1.192363	0.000088	
1350069312.705638	1.000000	84.629791	71.206360	3.797058	1.153971	0.000693	1.153846	1.000000	1.153846	1.000000	1.153846	1.000000	1.153847	1.000000	1.153846	1.000000	1.153846	1.000000	1.153846	1.000000	1350069312.705722	0.999998	69.423350	56.104706	2.265873	1.192304	0.999953	1.192304	0.999953	1.192304	0.999953	1.192304	0.999953	1.192304	0.999953	1.191376	0.000876	1.191528	0.001007	1.192634	0.000068	
1350069313.705639	1.000001	715781975.394051	715781517.298953	715818127.792710	0.999984	1.000176	0.999981	1.000180	0.999992	1.000180	0.999982	1.000171	0.999984	1.000179	0.999986	1.000175	0.999984	1.000182	0.999983	1.000175	1350069313.705727	1.000005	715781510.893505	715776700.543703	715776399.023530	0.999983	1.000175	0.999981	1.000179	3.893429	0.256887	0.999983	1.000176	0.999984	1.000180	0.999986	1.000174	0.999983	1.000177	0.999984	1.000180	
1350069314.705638	0.999999	0.000000	0.000000	0.000000	-nan	-nan	-nan	-nan	0.000000	inf	-nan	-nan	-nan	0.000000	0.000000	inf	-nan	-nan	-nan	-nan	1350069314.705696	0.999969	0.000000	0.000000	0.000000	-nan	-nan	-nan	-nan	0.000000	inf	-nan	-nan	-nan	-nan	-nan	-nan	-nan	-nan	-nan	-nan	
