ts_0	elapsed_0	pkg_0	pp0_0	dram_0	freq_ratio_0_0	c0_ratio_0_0	freq_ratio_0_1	c0_ratio_0_1	freq_ratio_0_2	c0_ratio_0_2	freq_ratio_0_3	c0_ratio_0_3	freq_ratio_0_4	c0_ratio_0_4	freq_ratio_0_5	c0_ratio_0_5	freq_ratio_0_6	c0_ratio_0_6	freq_ratio_0_7	c0_ratio_0_7	ts_1	elapsed_1	pkg_1	pp0_1	dram_1	freq_ratio_1_0	c0_ratio_1_0	freq_ratio_1_1	c0_ratio_1_1	freq_ratio_1_2	c0_ratio_1_2	freq_ratio_1_3	c0_ratio_1_3	freq_ratio_1_4	c0_ratio_1_4	freq_ratio_1_5	c0_ratio_1_5	freq_ratio_1_6	c0_ratio_1_6	freq_ratio_1_7	c0_ratio_1_7	
1350069285.706375	1.000198	91.656255	78.490785	4.951077	1.153845	0.836843	1.153846	1.000000	1.153846	1.000000	1.153846	1.000000	1.153846	1.000000	1.153846	1.000000	1.153846	1.000000	1.153846	1.000000	1350069285.706457	1.000227	63.998810	50.702557	2.275225	1.224172	0.997100	1.224172	0.997097	1.224172	0.997094	1.224172	0.997091	1.192381	0.003909	1.192310	0.163780	1.188940	0.000005	1.192170	0.000184	
1350069286.706366	0.999991	84.792074	71.623085	4.959731	1.153850	0.000971	1.153846	1.000000	1.153846	1.000000	1.153846	1.000000	1.153846	1.000000	1.153846	1.000000	1.153846	1.000000	1.153846	1.000000	1350069286.706443	0.999986	69.895682	56.596133	2.646491	1.192283	0.999800	1.192283	0.999800	1.192283	0.999799	1.192283	0.999799	1.191826	0.007900	1.192283	0.999799	1.166132	0.000331	1.179297	0.000249	
1350069287.706360	0.999994	85.036899	71.856065	4.948073	1.153847	0.005261	1.153846	1.000000	1.153846	1.000000	1.153846	1.000000	1.153846	1.000000	1.153846	1.000000	1.153846	1.000000	1.153846	1.000000	1350069287.706436	0.999993	71.342168	58.030553	2.357545	1.191406	0.998627	1.191406	0.998625	1.191407	0.998625	1.191407	0.998623	1.155926	0.004044	1.191406	0.998612	1.153727	0.002828	1.155789	0.003830	
1350069288.706360	1.000000	85.175354	71.991806	4.939728	1.153853	0.003078	1.153846	1.000000	1.153846	1.000000	1.153846	1.000000	1.153846	1.000000	1.153846	1.000000	1.153846	1.000000	1.153846	1.000000	1350069288.706436	1.000000	69.098282	55.781357	2.524246	1.192306	0.999975	1.192306	0.999975	1.192306	0.999975	1.192306	0.999975	1.192110	0.001332	1.192306	0.999986	1.189486	0.000064	1.191970	0.000232	
1350069289.706359	0.999999	85.109456	71.925407	4.944722	1.153870	0.002254	1.153846	1.000000	1.153846	1.000000	1.153846	1.000000	1.153846	1.000000	1.153846	1.000000	1.153846	1.000000	1.153846	1.000000	1350069289.706440	1.000004	69.569176	56.247315	2.702260	1.192296	0.999867	1.192296	0.999866	1.192296	0.999867	1.192296	0.999867	1.189547	0.001446	1.192296	0.999867	1.220268	0.000020	1.191837	0.004735	
1350069290.706360	1.000001	85.020106	71.836632	4.924754	1.153765	0.000966	1.153846	1.000000	1.153846	1.000000	1.153846	1.000000	1.153846	1.000000	1.153846	1.000000	1.153846	1.000000	1.153846	1.000000	1350069290.706447	1.000007	69.177348	55.855281	2.540372	1.192302	0.999934	1.192302	0.999934	1.192302	0.999934	1.192302	0.999933	1.191834	0.001501	1.192302	0.999934	1.158378	0.000062	1.186889	0.000312	
1350069291.706359	0.999999	85.041341	71.857307	4.944722	1.153696	0.001214	1.153847	1.000000	1.153846	1.000000	1.153846	1.000000	1.153846	1.000000	1.153846	1.000000	1.153846	1.000000	1.153846	1.000000	1350069291.706444	0.999997	69.224793	55.900060	2.336692	1.192302	0.999933	1.192302	0.999933	1.192302	0.999933	1.192302	0.999933	1.191747	0.001545	1.192302	0.999933	1.188724	0.000265	1.192391	0.000213	
1350069292.706360	1.000001	85.138911	71.953743	4.959682	1.154001	0.000943	1.153846	1.000000	1.153846	1.000000	1.153846	1.000000	1.153846	1.000000	1.153846	1.000000	1.153846	1.000000	1.153846	1.000000	1350069292.706440	0.999996	69.250967	55.927213	2.502116	1.192273	0.999954	1.192273	0.999954	1.192273	0.999954	1.192273	0.999954	1.191625	0.001469	1.192273	0.999954	1.173883	0.001753	1.191740	0.000214	
1350069293.706360	1.000000	85.178452	71.991135	4.934738	1.153830	0.001221	1.153846	1.000000	1.153846	1.000000	1.153846	1.000000	1.153846	1.000000	1.153846	1.000000	1.153846	1.000000	1.153846	1.000000	1350069293.706445	1.000005	69.379352	56.054071	2.469256	1.192304	0.999955	1.192304	0.999955	1.192304	0.999955	1.192304	0.999955	1.191857	0.002822	1.192304	0.999955	1.175883	0.000005	1.186669	0.000217	
1350069294.706360	1.000000	85.221283	72.031998	4.954697	1.153855	0.001015	1.153846	1.000000	1.153846	1.000000	1.153846	1.000000	1.153846	1.000000	1.153846	1.000000	1.153846	1.000000	1.153846	1.000000	1350069294.706443	0.999998	69.160502	55.832061	2.564717	1.192306	0.999978	1.192306	0.999978	1.192306	0.999978	1.192306	0.999978	1.192400	0.001553	1.192306	0.999978	1.192339	0.000060	1.192219	0.000340	
1350069295.706359	0.999999	85.270284	72.080986	4.934743	1.153826	0.001210	1.153846	1.000000	1.153846	1.000000	1.153846	1.000000	1.153846	1.000000	1.153846	1.000000	1.153846	1.000000	1.153846	1.000000	1350069295.706443	1.000000	69.217392	55.888794	2.569382	1.192304	0.999955	1.192304	0.999955	1.192304	0.999955	1.192304	0.999955	1.191832	0.002134	1.192304	0.999955	1.192785	0.000006	1.186853	0.000216	
1350069296.706360	1.000001	85.135692	71.958000	4.944713	1.153824	0.000980	1.153846	1.000000	1.153846	1.000000	1.153846	1.000000	1.153846	1.000000	1.153846	1.000000	1.153846	1.000000	1.153846	1.000000	1350069296.706441	0.999998	69.487361	56.158936	2.665517	1.192292	0.999823	1.192292	0.999823	1.192292	0.999823	1.192292	0.999822	1.191906	0.002236	1.192292	0.999822	1.187332	0.000326	1.191071	0.002382	
1350069297.706359	0.999999	85.273534	72.084099	4.964681	1.153737	0.001188	1.153846	1.000000	1.153846	1.000000	1.153846	1.000000	1.153846	1.000000	1.153846	1.000000	1.153846	1.000000	1.153846	1.000000	1350069297.706442	1.000001	69.555445	56.227455	2.697187	1.192304	0.999956	1.192304	0.999956	1.192304	0.999956	1.192304	0.999956	1.191843	0.002239	1.192304	0.999956	1.196474	0.000005	1.192111	0.002770	
1350069298.706360	1.000001	85.531123	72.343620	4.954692	1.153883	0.003219	1.153846	1.000000	1.153846	1.000000	1.153846	1.000000	1.153846	1.000000	1.153846	1.000000	1.153846	1.000000	1.153846	1.000000	1350069298.706441	0.999999	68.410221	55.080848	2.704165	1.192302	0.999933	1.192302	0.999933	1.192302	0.999933	1.192302	0.999933	1.192096	0.003834	1.192302	0.999933	1.192366	0.000049	1.188962	0.000302	
1350069299.706360	1.000000	85.128891	71.938766	4.954697	1.153875	0.001413	1.153846	1.000000	1.153846	1.000000	1.153846	1.000000	1.153846	1.000000	1.153846	1.000000	1.153846	1.000000	1.153846	1.000000	1350069299.706442	1.000001	68.942119	55.608971	2.700879	1.192300	0.999934	1.192300	0.999934	1.192300	0.999934	1.192300	0.999934	1.192100	0.005514	1.192300	0.999934	1.172277	0.000011	1.188949	0.000203	
1350069300.706360	1.000000	85.276947	72.086594	4.959686	1.153804	0.001104	1.153846	1.000000	1.153846	1.000000	1.153846	1.000000	1.153846	1.000000	1.153846	1.000000	1.153846	1.000000	1.153846	1.000000	1350069300.706440	0.999998	69.545253	56.225388	2.708105	1.192302	0.999933	1.192302	0.999933	1.192302	0.999933	1.192302	0.999933	1.192053	0.006113	1.192302	0.999933	1.183975	0.000063	1.185403	0.000223	
1350069301.706360	1.000000	85.318329	72.127228	4.949707	1.153879	0.001307	1.153846	1.000000	1.153846	1.000000	1.153846	1.000000	1.153846	1.000000	1.153846	1.000000	1.153846	1.000000	1.153846	1.000000	1350069301.706442	1.000002	69.321615	55.986984	2.691828	1.192298	0.999887	1.192298	0.999887	1.192298	0.999887	1.192298	0.999887	1.191845	0.004255	1.192298	0.999887	1.187667	0.000307	1.190274	0.000236	
1350069302.706367	1.000007	81.979170	68.791410	4.974682	1.153905	0.005355	1.180973	0.994008	1.153845	0.261528	1.180972	0.994009	1.180973	0.993999	1.180972	0.993994	1.180972	0.993992	1.180972	0.993986	1350069302.706467	1.000025	75.622420	62.289609	2.736656	1.192086	0.998677	1.192086	0.998677	1.192086	0.998675	1.192086	0.998673	1.192012	0.738624	1.192086	0.998671	1.153857	0.002598	1.165896	0.000239	
1350069303.706366	0.999999	81.184571	67.993900	4.959004	1.153810	0.008803	1.190117	0.997551	1.153829	0.040167	1.190116	0.997555	1.190117	0.997553	1.190116	0.997551	1.190117	0.997549	1.190117	0.997546	1350069303.706474	1.000007	77.574201	64.238844	2.793575	1.189736	0.989904	1.189736	0.989898	1.189736	0.989891	1.189736	0.989887	1.189736	0.989886	1.189736	0.989880	1.153840	0.007066	1.153927	0.000203	
1350069304.706360	0.999994	80.977076	67.789924	4.939772	1.153851	0.001119	1.192140	0.998605	1.163097	0.000073	1.192139	0.998605	1.192140	0.998604	1.192140	0.998602	1.192139	0.998602	1.192140	0.998591	1350069304.706499	1.000025	77.525144	64.187678	2.708367	1.188874	0.988566	1.188874	0.988550	1.188875	0.988538	1.188875	0.988532	1.188875	0.988525	1.188875	0.988514	1.153846	0.007972	1.153730	0.000200	
1350069305.706360	1.000000	80.950912	67.763824	4.954712	1.153830	0.001488	1.192154	0.998381	1.152263	0.000036	1.192154	0.998379	1.192154	0.998378	1.192154	0.998378	1.192154	0.998376	1.192154	0.998375	1350069305.706484	0.999985	77.793634	64.454002	2.546333	1.191546	0.996934	1.191546	0.996932	1.191546	0.996932	1.191546	0.996935	1.191546	0.996928	1.191546	0.996924	1.153837	0.002343	1.153893	0.000219	
1350069306.706360	1.000000	81.007019	67.823288	4.944717	1.153857	0.001050	1.192161	0.998539	1.154820	0.000068	1.192161	0.998539	1.192161	0.998538	1.192161	0.998537	1.192161	0.998536	1.192161	0.998535	1350069306.706487	1.000003	77.820895	64.479811	2.503929	1.192069	0.998051	1.192069	0.998050	1.192069	0.998049	1.192069	0.998047	1.192069	0.998045	1.192069	0.998043	1.153812	0.001957	1.153673	0.000231	
1350069307.706359	0.999999	80.999864	67.815250	4.959660	1.153816	0.001342	1.192131	0.998491	1.152070	0.000036	1.192131	0.998490	1.192131	0.998489	1.192131	0.998487	1.192131	0.998487	1.192131	0.998488	1350069307.706484	0.999997	77.855145	64.510591	2.366432	1.192076	0.998477	1.192076	0.998475	1.192076	0.998474	1.192076	0.998472	1.192076	0.998472	1.192076	0.998471	1.153851	0.001203	1.153883	0.000656	
1350069308.706360	1.000001	80.927093	67.741863	4.954692	1.153775	0.001163	1.192150	0.998472	1.153911	0.000107	1.192150	0.998471	1.192150	0.998475	1.192150	0.998470	1.192150	0.998469	1.192150	0.998478	1350069308.706474	0.999990	77.795213	64.448765	2.526484	1.192028	0.997320	1.192028	0.997318	1.192028	0.997318	1.192028	0.997317	1.192028	0.997314	1.192028	0.997312	1.153818	0.002100	1.153599	0.000199	
1350069309.706360	1.000000	80.869415	67.681808	4.959686	1.153881	0.004230	1.191415	0.995190	1.147618	0.000114	1.191414	0.995188	1.191415	0.995180	1.191415	0.995175	1.191415	0.995175	1.191415	0.995173	1350069309.706467	0.999993	77.817738	64.475696	2.716556	1.191892	0.996378	1.191892	0.996375	1.191892	0.996372	1.191893	0.996369	1.191892	0.996366	1.191892	0.996362	1.153739	0.001660	1.153829	0.001423	
1350069310.706360	1.000000	80.928879	67.742157	4.954712	1.153865	0.001677	1.191829	0.995773	1.153948	0.001956	1.191829	0.995770	1.191829	0.995763	1.191829	0.995760	1.191829	0.995758	1.191829	0.995745	1350069310.706478	1.000011	77.870179	64.524927	2.536471	1.192043	0.998298	1.192043	0.998296	1.192043	0.998295	1.192043	0.998297	1.192043	0.998293	1.192043	0.998291	1.153931	0.002312	1.153697	0.000230	
1350069311.706360	1.000000	80.915054	67.729477	4.964691	1.153872	0.001129	1.192053	0.997649	1.153619	0.001030	1.192053	0.997648	1.192054	0.997645	1.192053	0.997642	1.192053	0.997639	1.192054	0.997637	1350069311.706487	1.000009	77.689329	64.342191	2.714133	1.191621	0.992373	1.191621	0.992368	1.191621	0.992360	1.191622	0.992354	1.191621	0.992350	1.191621	0.992346	1.153796	0.001497	1.153817	0.004333	
1350069312.706360	1.000000	80.840546	67.649429	4.969711	1.153839	0.006552	1.187816	0.995310	1.153887	0.003196	1.187816	0.995315	1.187816	0.995307	1.187816	0.995303	1.187816	0.995301	1.187816	0.995308	1350069312.706477	0.999990	77.650787	64.303088	2.564860	1.190526	0.997317	1.190526	0.997315	1.190527	0.997313	1.190527	0.997312	1.190527	0.997310	1.190527	0.997307	1.153839	0.005644	1.153832	0.004222	
1350069313.706375	1.000015	715768289.204579	715778132.135836	715786825.266096	0.999986	1.000192	0.999984	1.000196	0.999994	1.000193	0.999986	1.000193	0.999986	1.000196	0.999989	1.000190	0.999986	1.000196	0.999986	1.000193	1350069313.706473	0.999996	715807002.680269	715789314.757305	715828064.650721	0.999986	1.000192	0.999984	1.000195	3.893277	0.256901	0.999986	1.000193	0.999986	1.000195	0.999989	1.000191	0.999986	1.000196	0.999987	1.000194	
1350069314.706360	0.999985	0.000000	0.000000	0.000000	-nan	-nan	-nan	-nan	8.000000	inf	-nan	-nan	-nan	0.000000	-nan	-nan	-nan	-nan	-nan	-nan	1350069314.706433	0.999960	0.000000	0.000000	0.000000	-nan	-nan	-nan	-nan	0.000000	inf	-nan	-nan	-nan	-nan	-nan	-nan	-nan	-nan	-nan	-nan	
