ts_0	elapsed_0	pkg_0	pp0_0	dram_0	freq_ratio_0_0	c0_ratio_0_0	freq_ratio_0_1	c0_ratio_0_1	freq_ratio_0_2	c0_ratio_0_2	freq_ratio_0_3	c0_ratio_0_3	freq_ratio_0_4	c0_ratio_0_4	freq_ratio_0_5	c0_ratio_0_5	freq_ratio_0_6	c0_ratio_0_6	freq_ratio_0_7	c0_ratio_0_7	ts_1	elapsed_1	pkg_1	pp0_1	dram_1	freq_ratio_1_0	c0_ratio_1_0	freq_ratio_1_1	c0_ratio_1_1	freq_ratio_1_2	c0_ratio_1_2	freq_ratio_1_3	c0_ratio_1_3	freq_ratio_1_4	c0_ratio_1_4	freq_ratio_1_5	c0_ratio_1_5	freq_ratio_1_6	c0_ratio_1_6	freq_ratio_1_7	c0_ratio_1_7	
1350067623.868233	1.000312	46.300598	33.073876	6.125652	1.000000	1.000000	0.998813	0.000502	1.001788	0.000318	1.000000	1.000000	1.000000	1.000000	0.999971	0.000283	1.000000	1.000000	1.000182	0.000265	1350067623.868362	1.000299	47.354784	34.161814	2.765531	1.000000	1.000001	0.999662	0.000405	1.000000	1.000000	0.999384	0.000278	1.000000	1.000000	0.999451	0.000260	1.000000	1.000000	0.999994	0.000435	
1350067624.868230	0.999997	46.307974	33.082759	6.121418	1.000000	1.000000	0.999974	0.000482	0.998056	0.000297	1.000000	1.000000	1.000000	1.000000	0.999950	0.000284	1.000000	1.000000	0.999985	0.000282	1350067624.868356	0.999994	47.436364	34.230276	2.714372	1.000000	1.000000	1.000217	0.000426	1.000000	1.000000	0.999978	0.000286	1.000000	1.000000	0.999946	0.000366	1.000000	1.000000	1.000127	0.000446	
1350067625.868230	1.000000	46.281998	33.069305	6.102859	1.000000	1.000000	0.999753	0.000752	1.000009	0.000265	1.000000	1.000000	1.000000	1.000000	1.000019	0.000206	1.000000	1.000000	0.999887	0.000215	1350067625.868356	1.000000	47.455551	34.243576	2.709366	1.000000	1.000000	0.999543	0.000380	1.000000	1.000000	1.000894	0.000232	1.000000	1.000000	1.000899	0.000207	1.000000	1.000000	0.999458	0.000410	
1350067626.868230	1.000000	46.328659	33.101593	6.121399	1.000000	1.000000	1.000004	0.000375	0.999977	0.000257	1.000000	1.000000	1.000000	1.000000	1.000000	0.000280	1.000000	1.000000	1.000050	0.000262	1350067626.868353	0.999997	47.469370	34.265548	2.724709	0.999994	1.000000	1.000510	0.000361	1.000000	1.000000	0.999987	0.000288	1.000000	1.000000	0.999978	0.000301	1.000000	1.000000	1.000370	0.000552	
1350067627.868230	1.000000	46.364426	33.133926	6.121277	1.000000	1.000000	1.000010	0.002545	0.999982	0.000260	1.000000	1.000000	1.000000	1.000000	0.999971	0.000226	1.000000	1.000000	0.999968	0.000216	1350067627.868354	1.000001	47.541977	34.324003	2.707837	1.000006	1.000000	0.999991	0.000342	1.000000	1.000000	0.999893	0.000246	1.000000	1.000000	0.999997	0.000234	1.000000	1.000000	0.999990	0.000363	
1350067628.868230	1.000000	46.347519	33.117752	6.127563	1.000000	1.000000	0.999890	0.000371	0.999991	0.000224	1.000000	1.000000	1.000000	1.000000	1.000007	0.000275	1.000000	1.000000	0.999966	0.000263	1350067628.868363	1.000009	47.577129	34.358041	2.710150	1.000000	1.000000	0.999940	0.000338	1.000000	1.000000	1.000052	0.000288	1.000000	1.000000	0.999334	0.000292	1.000000	1.000000	0.999449	0.000403	
1350067629.868229	0.999999	46.347761	33.119813	6.127569	1.000000	1.000000	1.000421	0.000386	0.999951	0.000267	1.000000	1.000000	1.000000	1.000000	0.999982	0.000217	1.000000	1.000000	0.999996	0.000215	1350067629.868355	0.999992	47.556996	34.336109	2.706840	1.000000	1.000000	1.000040	0.000327	1.000000	1.000000	0.999967	0.000257	1.000000	1.000000	1.000825	0.000220	1.000000	1.000000	1.000394	0.000395	
1350067630.868230	1.000001	46.360994	33.131530	6.121393	1.000000	1.000000	0.999974	0.000708	1.000022	0.000224	1.000000	1.000000	1.000000	1.000000	1.000461	0.000269	1.000000	1.000000	1.000340	0.000264	1350067630.868356	1.000001	47.590531	34.370664	2.730817	0.999994	1.000000	0.999998	0.000474	1.000000	1.000000	0.999979	0.000279	1.000000	1.000000	0.999989	0.000302	1.000000	1.000000	0.999964	0.000536	
1350067631.868229	0.999999	46.331786	33.103685	6.115240	1.000000	1.000000	0.999659	0.000420	0.999979	0.000275	1.000000	1.000000	1.000000	1.000000	0.999962	0.000215	1.000000	1.000000	1.000022	0.000232	1350067631.868360	1.000004	47.583593	34.364790	2.704075	1.000006	1.000000	0.999991	0.000332	1.000000	1.000000	0.999907	0.000225	1.000000	1.000000	1.000002	0.000220	1.000000	1.000000	1.000058	0.000388	
1350067632.868230	1.000001	46.278169	33.061812	6.115229	1.000000	1.000000	0.999926	0.000348	0.999986	0.000216	1.000000	1.000000	1.000000	1.000000	0.999522	0.000276	1.000000	1.000000	0.999568	0.000259	1350067632.868354	0.999994	47.592081	34.372428	2.712068	1.000000	1.000000	0.999980	0.000353	1.000000	1.000000	1.000069	0.000283	1.000000	1.000000	0.999305	0.000301	1.000000	1.000000	1.000053	0.000433	
1350067633.868229	0.999999	46.310499	33.078950	6.121405	1.000000	1.000000	1.000037	0.000392	0.999992	0.000298	1.000000	1.000000	1.000000	1.000000	1.000023	0.000219	1.000000	1.000000	0.999972	0.000235	1350067633.868354	1.000000	47.591278	34.374451	2.712662	1.000000	1.000000	0.999993	0.000322	1.000000	1.000000	0.999950	0.000247	1.000000	1.000000	1.000918	0.000220	1.000000	1.000000	0.999923	0.000355	
1350067634.868230	1.000001	46.290819	33.060286	6.109064	1.000000	1.000000	1.000323	0.000385	0.999966	0.000224	1.000000	1.000000	1.000000	1.000000	0.999939	0.000304	1.000000	1.000000	0.999925	0.000258	1350067634.868362	1.000008	47.522045	34.327130	2.731652	1.000000	1.000000	0.999985	0.000345	1.000000	1.000000	0.999931	0.000279	1.000000	1.000000	0.999329	0.000300	1.000000	1.000000	0.998000	0.000473	
1350067635.868229	0.999999	46.294585	33.066438	6.121405	1.000000	1.000000	1.000009	0.000662	1.000010	0.000237	1.000000	1.000000	1.000000	1.000000	1.000035	0.000200	1.000000	1.000000	0.999876	0.000217	1350067635.868358	0.999996	47.570429	34.363100	2.712108	1.000000	1.000000	0.999990	0.000417	1.000000	1.000000	1.000009	0.000208	1.000000	1.000000	1.000900	0.000208	1.000000	1.000000	1.002821	0.000347	
1350067636.868230	1.000001	46.491792	33.260955	6.114069	1.000000	1.000000	1.000000	0.003885	0.999993	0.003009	1.000000	1.000000	1.000000	1.000000	0.999996	0.003064	1.000000	1.000000	1.000009	0.002905	1350067636.868358	1.000000	47.656158	34.453552	2.706512	1.000000	1.000000	0.999994	0.004072	1.000000	1.000000	0.999999	0.003055	1.000000	1.000000	0.999995	0.003045	1.000000	1.000000	0.999918	0.003014	
1350067637.868229	0.999999	46.303786	33.075990	6.121405	1.000000	1.000000	0.999919	0.002311	1.000012	0.000259	1.000000	1.000000	1.000000	1.000000	0.999963	0.000219	1.000000	1.000000	0.999995	0.000232	1350067637.868356	0.999998	47.578948	34.368504	2.710103	0.999994	1.000000	0.999622	0.000327	1.000000	1.000000	0.999980	0.000235	1.000000	1.000000	1.000008	0.000228	1.000000	1.000000	1.000832	0.000285	
1350067638.868230	1.000001	46.300691	33.072234	6.109064	1.000000	1.000000	0.999950	0.000353	0.999986	0.000225	1.000000	1.000000	1.000000	1.000000	0.999975	0.000265	1.000000	1.000000	0.999930	0.000246	1350067638.868364	1.000008	47.598064	34.385814	2.716134	1.000006	1.000000	1.000412	0.000333	1.000000	1.000000	0.999918	0.000283	1.000000	1.000000	0.999319	0.000285	1.000000	1.000000	0.992944	0.000370	
1350067639.868230	1.000000	46.237930	33.023865	6.115234	1.000000	1.000000	1.000371	0.000495	0.999981	0.000260	1.000000	1.000000	1.000000	1.000000	1.000000	0.000227	1.000000	1.000000	1.000044	0.000221	1350067639.868356	0.999992	47.574269	34.360401	2.715034	1.000000	1.000000	0.999986	0.000327	1.000000	1.000000	1.000037	0.000237	1.000000	1.000000	1.000868	0.000233	1.000000	1.000000	1.008548	0.000299	
1350067640.868230	1.000000	46.278305	33.050156	6.121399	1.000000	1.000000	0.999959	0.000580	0.999979	0.000224	1.000000	1.000000	1.000000	1.000000	0.999981	0.000288	1.000000	1.000000	0.999979	0.000256	1350067640.868361	1.000005	47.582831	34.372478	2.715151	0.999994	1.000000	0.999989	0.000451	1.000000	1.000000	0.999613	0.000294	1.000000	1.000000	0.998861	0.000289	1.000000	1.000000	1.000255	0.000309	
1350067641.868229	0.999999	46.277647	33.048081	6.115240	1.000000	1.000000	1.000017	0.000297	1.000013	0.000266	1.000000	1.000000	1.000000	1.000000	0.999893	0.000216	1.000000	1.000000	0.999886	0.000213	1350067641.868353	0.999992	47.576634	34.366047	2.712470	1.000006	1.000000	0.999941	0.000327	1.000000	1.000000	1.000492	0.000220	1.000000	1.000000	1.001399	0.000221	1.000000	1.000000	0.999354	0.000310	
1350067642.868230	1.000001	46.275606	33.046676	6.127558	1.000000	1.000000	0.999971	0.000268	0.999967	0.000224	1.000000	1.000000	1.000000	1.000000	1.000567	0.000258	1.000000	1.000000	1.000469	0.000251	1350067642.868397	1.000044	47.534997	34.340374	2.709338	1.000000	1.000000	1.000007	0.000348	1.000000	1.000000	0.999954	0.000288	1.000000	1.000000	0.997030	0.000279	1.000000	1.000000	1.000299	0.000333	
1350067643.868230	1.000000	46.292587	33.066025	6.115234	1.000000	1.000000	0.999461	0.000314	0.999980	0.000274	1.000000	1.000000	1.000000	1.000000	0.999937	0.000214	1.000000	1.000000	0.999934	0.000211	1350067643.868356	0.999959	47.597624	34.392920	2.712590	1.000000	1.000000	1.000323	0.000337	1.000000	1.000000	0.999918	0.000201	1.000000	1.000000	1.003753	0.000223	1.000000	1.000000	0.999969	0.000271	
1350067644.868230	1.000000	46.287582	33.060211	6.121399	1.000000	1.000000	1.000436	0.000370	0.999993	0.000224	1.000000	1.000000	1.000000	1.000000	0.999514	0.000283	1.000000	1.000000	0.999605	0.000267	1350067644.868357	1.000001	47.606400	34.404874	2.712644	1.000000	1.000000	0.999920	0.000394	1.000000	1.000000	1.000050	0.000294	1.000000	1.000000	0.999938	0.000315	1.000000	1.000000	1.000285	0.000321	
1350067645.868230	1.000000	46.282822	33.056641	6.109070	1.000000	1.000000	0.999768	0.000609	0.999913	0.000248	1.000000	1.000000	1.000000	1.000000	1.000074	0.000197	1.000000	1.000000	0.999939	0.000214	1350067645.868357	1.000000	47.592773	34.390137	2.717514	1.000000	0.999995	1.000037	0.000446	1.000000	1.000000	0.999980	0.000231	1.000000	1.000000	0.999960	0.000204	1.000000	1.000000	0.999452	0.000330	
1350067646.868230	1.000000	46.282043	33.057861	6.127563	1.000000	1.000000	1.000427	0.000276	1.000069	0.000240	1.000000	1.000000	1.000000	1.000000	0.999971	0.000288	1.000000	1.000000	1.000015	0.000265	1350067646.868356	0.999999	47.585250	34.389132	2.715014	1.000000	1.000005	0.999991	0.000368	1.000000	1.000000	0.999983	0.000294	1.000000	1.000000	0.999994	0.000279	1.000000	1.000000	1.000071	0.000332	
1350067647.868230	1.000000	46.295975	33.072342	6.121399	1.000000	1.000000	0.999999	0.002251	0.999995	0.000289	1.000000	1.000000	1.000000	1.000000	0.999950	0.000217	1.000000	1.000000	0.999932	0.000267	1350067647.868358	1.000002	47.594773	34.396098	2.712107	1.000000	1.000000	0.999958	0.000500	1.000000	1.000000	0.999998	0.000241	1.000000	1.000000	1.000053	0.000210	1.000000	1.000000	1.000177	0.000274	
1350067648.868230	1.000000	46.249191	33.036072	6.102905	1.000000	1.000000	1.000042	0.000277	0.999991	0.000225	1.000000	1.000000	1.000000	1.000000	1.000000	0.000258	1.000000	1.000000	1.000044	0.000238	1350067648.868356	0.999998	47.610336	34.411977	2.715185	1.000000	1.000000	1.000039	0.000328	1.000000	1.000000	0.999953	0.000289	1.000000	1.000000	0.999923	0.000269	1.000000	1.000000	0.999997	0.000334	
1350067649.868229	0.999999	46.292448	33.066819	6.109076	1.000000	1.000000	1.000031	0.000274	0.999988	0.000259	1.000000	1.000000	1.000000	1.000000	0.999968	0.000216	1.000000	1.000000	0.999960	0.000232	1350067649.868356	1.000000	47.611115	34.408386	2.712814	1.000000	1.000000	0.999930	0.000364	1.000000	1.000000	0.999911	0.000224	1.000000	1.000000	1.000000	0.000209	1.000000	1.000000	0.999982	0.000277	
1350067650.868230	1.000001	46.317552	33.091048	6.115213	1.000000	1.000000	0.999876	0.001457	0.999978	0.000224	1.000000	1.000000	1.000000	1.000000	0.999982	0.000255	1.000000	1.000000	0.999934	0.000255	1350067650.868361	1.000005	47.546728	34.365810	2.709535	1.000000	1.000000	0.999975	0.000467	1.000000	1.000000	1.000069	0.000306	1.000000	1.000000	0.999653	0.000267	1.000000	1.000000	0.992066	0.000350	
1350067651.868229	0.999999	46.282194	33.055711	6.115240	1.000000	1.000000	1.000049	0.000325	0.999974	0.000282	1.000000	1.000000	1.000000	1.000000	0.999952	0.000216	1.000000	1.000000	0.999984	0.000215	1350067651.868356	0.999995	47.608957	34.421223	2.701475	1.000000	1.000000	1.000068	0.000316	1.000000	1.000000	0.999879	0.000207	1.000000	1.000000	1.000388	0.000209	1.000000	1.000000	1.009080	0.000288	
1350067652.868230	1.000001	46.303346	33.078933	6.121393	1.000000	1.000000	0.999921	0.000292	0.999986	0.000243	1.000000	1.000000	1.000000	1.000000	1.000010	0.000271	1.000000	1.000000	1.000038	0.000252	1350067652.868358	1.000002	47.635895	34.449016	2.715449	1.000000	1.000000	0.999990	0.000347	1.000000	1.000000	0.998785	0.000304	1.000000	1.000000	0.999275	0.000268	1.000000	1.000000	1.000011	0.000310	
1350067653.868229	0.999999	46.283201	33.055268	6.121405	1.000000	1.000000	1.000215	0.000278	1.000001	0.000290	1.000000	1.000000	1.000000	1.000000	0.999910	0.000232	1.000000	1.000000	0.999885	0.000231	1350067653.868354	0.999996	47.587031	34.400759	2.695857	1.000000	1.000000	0.999651	0.000424	1.000000	1.000000	1.001626	0.000228	1.000000	1.000000	1.000881	0.000210	1.000000	1.000000	1.000494	0.000286	
1350067654.868230	1.000001	46.277284	33.050643	6.127558	1.000000	1.000000	1.000362	0.000272	0.999959	0.000214	1.000000	1.000000	1.000000	1.000000	1.000502	0.000282	1.000000	1.000000	1.000509	0.000245	1350067654.868357	1.000003	47.574346	34.388718	2.698753	1.000000	1.000000	1.000354	0.000397	1.000000	1.000000	1.000003	0.000265	1.000000	1.000000	0.999978	0.000279	1.000000	1.000000	1.000227	0.000321	
1350067655.868231	1.000001	715794010.253057	715762338.858884	715765168.504043	0.999987	1.000194	0.999984	1.000198	0.999987	1.000208	0.999985	1.000190	0.999987	1.000197	0.999989	1.000192	0.999987	1.000197	0.999987	1.000194	1350067655.868326	0.999969	715815597.048561	715835468.207913	715841566.760200	0.999987	1.000197	0.999984	1.000196	3.893269	0.256902	0.999986	1.000193	0.999987	1.000197	0.999989	1.000193	0.999987	1.000197	0.999987	1.000195	
1350067656.868230	0.999999	0.000000	0.000000	0.000000	-nan	-nan	-nan	-nan	0.000000	inf	-nan	-nan	-nan	0.000000	-nan	-nan	-nan	-nan	-nan	-nan	1350067656.868300	0.999974	0.000000	0.000000	0.000000	-nan	-nan	-nan	-nan	0.000000	inf	-nan	-nan	-nan	-nan	-nan	-nan	-nan	-nan	-nan	-nan	
