ts_0	elapsed_0	pkg_0	pp0_0	dram_0	freq_ratio_0_0	c0_ratio_0_0	freq_ratio_0_1	c0_ratio_0_1	freq_ratio_0_2	c0_ratio_0_2	freq_ratio_0_3	c0_ratio_0_3	freq_ratio_0_4	c0_ratio_0_4	freq_ratio_0_5	c0_ratio_0_5	freq_ratio_0_6	c0_ratio_0_6	freq_ratio_0_7	c0_ratio_0_7	ts_1	elapsed_1	pkg_1	pp0_1	dram_1	freq_ratio_1_0	c0_ratio_1_0	freq_ratio_1_1	c0_ratio_1_1	freq_ratio_1_2	c0_ratio_1_2	freq_ratio_1_3	c0_ratio_1_3	freq_ratio_1_4	c0_ratio_1_4	freq_ratio_1_5	c0_ratio_1_5	freq_ratio_1_6	c0_ratio_1_6	freq_ratio_1_7	c0_ratio_1_7	
1350072817.631587	1.000376	82.043402	68.706360	6.131392	1.129064	0.998850	1.129063	0.998849	1.145038	0.001701	1.129063	0.998850	1.129062	0.998849	1.129062	0.998848	1.129062	0.998848	1.129062	0.998847	1350072817.631666	1.000388	55.700943	42.639527	2.935629	1.230765	0.999956	1.230765	0.999956	1.230765	0.999956	1.230768	0.003238	1.230752	0.000016	1.231142	0.000017	1.229987	0.000017	1.230831	0.000083	
1350072818.631587	1.000000	79.424820	66.083817	6.121399	1.105641	0.238104	1.159014	0.995425	1.140556	0.000559	1.159014	0.995424	1.159015	0.995425	1.159015	0.995420	1.159016	0.995415	1.159016	0.995398	1350072818.631705	1.000039	62.831879	49.744988	3.165632	1.230633	0.998758	1.230633	0.998757	1.230633	0.998756	1.230598	0.762651	1.194270	0.001103	1.217787	0.000107	1.229188	0.000064	1.215270	0.000174	
1350072819.631580	0.999993	79.424698	66.088546	6.109112	1.153768	0.002095	1.174791	0.995048	1.153018	0.000676	1.174791	0.995049	1.174791	0.995046	1.174791	0.995042	1.174791	0.995026	1.174791	0.995033	1350072819.631705	1.000000	65.129227	52.034134	3.204529	1.230466	0.997070	1.230466	0.997067	1.230466	0.997064	1.230466	0.997061	1.192193	0.001423	1.192267	0.000037	1.189243	0.000010	1.192330	0.000985	
1350072820.631580	1.000000	79.428467	66.090027	6.115112	1.153804	0.000642	1.174594	0.996325	1.153717	0.000514	1.174594	0.996322	1.174595	0.996320	1.174594	0.996317	1.174594	0.996315	1.174594	0.996312	1350072820.631706	1.000001	65.188933	52.089580	2.736570	1.230494	0.997585	1.230494	0.997583	1.230494	0.997580	1.230494	0.997578	1.192317	0.001613	1.191920	0.000063	1.192283	0.000064	1.192322	0.000763	
1350072821.631580	1.000000	79.425644	66.086227	6.121384	1.153841	0.000286	1.175130	0.996265	1.153866	0.000467	1.175130	0.996262	1.175130	0.996259	1.175130	0.996255	1.175129	0.996265	1.175129	0.996252	1350072821.631702	0.999996	65.283117	52.182539	2.710674	1.230594	0.998223	1.230594	0.998216	1.230594	0.998215	1.230594	0.998212	1.192298	0.001759	1.195252	0.000010	1.192351	0.000030	1.192660	0.000112	
1350072822.631587	1.000007	79.425491	66.085877	6.121357	1.153893	0.000081	1.174321	0.996353	1.153811	0.000497	1.174321	0.996352	1.174321	0.996349	1.174321	0.996347	1.174321	0.996344	1.174321	0.996353	1350072822.631691	0.999989	65.343368	52.239541	2.724471	1.230580	0.998331	1.230580	0.998330	1.230580	0.998328	1.230580	0.998327	1.192328	0.001627	1.191981	0.000070	1.191409	0.000042	1.192169	0.000148	
1350072823.631581	0.999994	79.425293	66.086087	6.096777	1.153765	0.000341	1.175140	0.996444	1.153811	0.000488	1.175140	0.996444	1.175140	0.996441	1.175139	0.996437	1.175140	0.996435	1.175140	0.996432	1350072823.631687	0.999996	65.248235	52.158781	2.705654	1.230592	0.998219	1.230592	0.998218	1.230592	0.998217	1.230592	0.998215	1.192286	0.001787	1.194717	0.000010	1.195832	0.000010	1.192438	0.000119	
1350072824.631581	1.000000	79.427200	66.087021	6.127441	1.153798	0.001968	1.173927	0.996149	1.153741	0.000527	1.173926	0.996146	1.173927	0.996143	1.173927	0.996140	1.173926	0.996127	1.173927	0.996125	1350072824.631705	1.000018	65.312370	52.211331	2.720288	1.230559	0.998134	1.230559	0.998131	1.230559	0.998130	1.230559	0.998128	1.192324	0.001639	1.088571	0.000079	1.188364	0.000054	1.191568	0.000264	
1350072825.631580	0.999999	79.428497	66.090014	6.096716	1.154126	0.001265	1.174334	0.996207	1.153859	0.000564	1.174334	0.996206	1.174333	0.996204	1.174334	0.996201	1.174334	0.996210	1.174334	0.996205	1350072825.631691	0.999986	65.305408	52.204378	2.703529	1.230575	0.998194	1.230575	0.998191	1.230575	0.998190	1.230575	0.998188	1.192108	0.001747	1.675112	0.000017	1.203682	0.000017	1.194121	0.000109	
1350072826.631581	1.000001	79.425629	66.086027	6.109064	1.149723	0.000069	1.173927	0.996308	1.153810	0.000496	1.173927	0.996307	1.173927	0.996304	1.173927	0.996302	1.173927	0.996287	1.173927	0.996284	1350072826.631705	1.000014	65.349972	52.243665	2.711098	1.230543	0.998286	1.230543	0.998285	1.230543	0.998284	1.230543	0.998282	1.192385	0.001728	1.191464	0.000067	1.192226	0.000069	1.192293	0.000153	
1350072827.631580	0.999999	79.426864	66.085848	6.109076	1.153057	0.000297	1.174101	0.996219	1.153605	0.000496	1.174101	0.996219	1.174101	0.996217	1.174101	0.996214	1.174100	0.996222	1.174101	0.996210	1350072827.631703	0.999998	65.329592	52.224892	2.708028	1.230436	0.998369	1.230436	0.998366	1.230436	0.998365	1.230436	0.998364	1.192253	0.001649	1.197123	0.000009	1.196021	0.000010	1.192610	0.000112	
1350072828.631581	1.000001	79.347993	66.018766	6.102899	1.156085	0.000100	1.173054	0.996128	1.154025	0.000503	1.173054	0.996128	1.173054	0.996124	1.173054	0.996121	1.173055	0.996118	1.173054	0.996127	1350072828.631693	0.999990	65.339918	52.235386	2.729260	1.230569	0.998051	1.230569	0.998049	1.230569	0.998047	1.230570	0.998044	1.192377	0.001699	1.192256	0.000071	1.191748	0.000064	1.192216	0.000285	
1350072829.631580	0.999999	79.370620	66.027193	6.146032	1.156117	0.000364	1.172743	0.987877	1.153876	0.000470	1.172907	0.996254	1.172907	0.996251	1.172908	0.996248	1.172907	0.996245	1.172908	0.996244	1350072829.631800	1.000107	65.338846	52.238762	2.710342	1.230246	0.998079	1.230246	0.998076	1.230246	0.998074	1.230246	0.998072	1.192421	0.010392	1.196280	0.000010	1.197213	0.000010	1.192573	0.000118	
1350072830.631581	1.000001	72.152946	58.815496	6.109003	1.192294	0.000569	1.192839	0.000396	1.192939	0.000493	1.192306	0.999975	1.192306	0.999975	1.192306	0.999975	1.192306	0.999975	1.192306	0.999975	1350072830.631788	0.999988	70.371765	57.265072	2.944341	1.192304	0.999952	1.192304	0.999952	1.192304	0.999952	1.192304	0.999952	1.192304	0.999952	1.191852	0.001189	1.191464	0.000059	1.192336	0.005212	
1350072831.631581	1.000000	69.987167	56.650620	6.121399	1.191216	0.000357	1.175737	0.000019	1.191011	0.000425	1.192304	0.999953	1.192304	0.999953	1.192304	0.999953	1.192304	0.999953	1.192304	0.999953	1350072831.631788	1.000000	68.860764	55.746689	2.725403	1.192302	0.999933	1.192302	0.999933	1.192302	0.999933	1.192302	0.999933	1.192302	0.999933	1.191583	0.001251	1.192145	0.000036	1.189611	0.000354	
1350072832.631581	1.000000	71.735260	58.399582	6.121399	1.192302	0.000213	1.192049	0.000047	1.192375	0.000467	1.192304	0.999954	1.192304	0.999954	1.192304	0.999954	1.192304	0.999954	1.192304	0.999954	1350072832.631785	0.999997	70.840765	57.730465	2.717477	1.192302	0.999931	1.192302	0.999931	1.192302	0.999931	1.192302	0.999931	1.192302	0.999930	1.191938	0.001634	1.192769	0.000055	1.191309	0.000239	
1350072833.631580	0.999999	72.391945	59.059108	6.115240	1.191189	0.000367	1.165968	0.000019	1.191723	0.000470	1.192304	0.999953	1.192304	0.999952	1.192304	0.999949	1.192304	0.999949	1.192304	0.999949	1350072833.631787	1.000002	71.591294	58.490993	2.708155	1.192306	0.999977	1.192306	0.999977	1.192306	0.999977	1.192306	0.999977	1.192306	0.999977	1.192319	0.001678	1.193157	0.000010	1.192665	0.000109	
1350072834.631581	1.000001	72.342170	59.008962	6.096735	1.192311	0.001763	1.197728	0.000041	1.192354	0.000493	1.192306	0.999976	1.192306	0.999976	1.192305	0.999976	1.192306	0.999976	1.192306	0.999976	1350072834.631786	0.999999	71.573860	58.472529	2.713427	1.192304	0.999955	1.192304	0.999955	1.192304	0.999955	1.192304	0.999955	1.192304	0.999954	1.191651	0.001370	1.071701	0.000068	1.191217	0.000144	
1350072835.631580	0.999999	72.382866	59.050563	6.133688	1.192046	0.000850	1.176278	0.000019	1.191629	0.000439	1.192304	0.999955	1.192304	0.999954	1.192304	0.999954	1.192303	0.999954	1.192304	0.999954	1350072835.631781	0.999995	71.529548	58.428637	2.713835	1.192304	0.999953	1.192304	0.999952	1.192304	0.999952	1.192304	0.999952	1.192304	0.999952	1.192095	0.001407	1.673758	0.000017	1.185478	0.000111	
1350072836.631581	1.000001	72.292961	58.962422	6.121393	1.192469	0.000171	1.190222	0.000049	1.193011	0.000492	1.192305	0.999967	1.192305	0.999967	1.192305	0.999967	1.192305	0.999967	1.192304	0.999967	1350072836.631842	1.000061	71.426030	58.396384	2.710772	1.192302	0.999922	1.192302	0.999922	1.192302	0.999922	1.192302	0.999922	1.192302	0.999922	1.191828	0.001519	1.181451	0.000082	1.189184	0.000206	
1350072837.631581	1.000000	72.297684	58.966110	6.102905	1.191425	0.000378	1.167453	0.000019	1.189603	0.000505	1.192303	0.999940	1.192303	0.999945	1.192303	0.999940	1.192304	0.999940	1.192303	0.999940	1350072837.631789	0.999947	72.028013	58.863131	2.701254	1.192296	0.999859	1.192296	0.999859	1.192296	0.999859	1.192296	0.999859	1.192296	0.999859	1.191781	0.001258	1.191418	0.000010	1.191892	0.005479	
1350072838.631581	1.000000	72.411209	59.077682	6.115234	1.192076	0.001517	1.149461	0.000041	1.190156	0.000585	1.192300	0.999906	1.192300	0.999906	1.192300	0.999906	1.192300	0.999906	1.192300	0.999906	1350072838.631787	0.999998	71.516936	58.411733	3.107260	1.192304	0.999955	1.192304	0.999955	1.192304	0.999955	1.192304	0.999955	1.192304	0.999955	1.191978	0.001416	1.191702	0.000043	1.191006	0.000390	
1350072839.631580	0.999999	73.073327	59.739376	6.126303	1.156756	0.003390	1.158772	0.003466	1.158191	0.003144	1.190360	0.999818	1.190360	0.999819	1.190360	0.999818	1.190360	0.999818	1.190361	0.999818	1350072839.631780	0.999993	71.536475	58.427238	2.709278	1.192157	0.999955	1.192158	0.999955	1.192158	0.999955	1.192157	0.999955	1.192157	0.999955	1.165626	0.003944	1.153938	0.002700	1.159389	0.003995	
1350072840.631581	1.000001	72.299354	58.967137	6.121363	1.192294	0.000657	1.192414	0.000043	1.192287	0.000466	1.192306	0.999978	1.192306	0.999978	1.192306	0.999978	1.192306	0.999978	1.192305	0.999977	1350072840.631786	1.000006	71.434221	58.325534	2.718337	1.192302	0.999933	1.192302	0.999933	1.192302	0.999933	1.192302	0.999933	1.192302	0.999933	1.192011	0.001214	1.184280	0.000109	1.189944	0.000225	
1350072841.631580	0.999999	72.354225	59.018779	6.115240	1.189656	0.000642	1.188366	0.000723	1.189236	0.000496	1.192300	0.999931	1.192300	0.999931	1.192300	0.999930	1.192300	0.999930	1.192300	0.999930	1350072841.631785	0.999999	71.550514	58.441691	2.841372	1.192301	0.999931	1.192301	0.999931	1.192301	0.999931	1.192301	0.999931	1.192301	0.999930	1.190877	0.001223	1.190842	0.001317	1.179037	0.000106	
1350072842.631581	1.000001	72.641715	59.308568	6.121393	1.192360	0.000181	1.192208	0.005053	1.192348	0.000449	1.192302	0.999930	1.192302	0.999930	1.192302	0.999930	1.192302	0.999930	1.192302	0.999930	1350072842.631782	0.999997	71.488488	58.376631	3.706219	1.192306	0.999978	1.192306	0.999978	1.192306	0.999978	1.192306	0.999978	1.192306	0.999978	1.192453	0.001227	1.191426	0.000034	1.192299	0.000126	
1350072843.631580	0.999999	72.804436	59.472103	6.127569	1.191530	0.001810	1.191629	0.002528	1.191621	0.002033	1.192298	0.999888	1.192298	0.999888	1.192298	0.999887	1.192298	0.999887	1.192298	0.999887	1350072843.631781	0.999999	71.523429	58.409296	3.860309	1.192302	0.999933	1.192302	0.999933	1.192302	0.999933	1.192302	0.999933	1.192302	0.999932	1.191899	0.001173	1.149343	0.000043	1.180961	0.000102	
1350072844.631581	1.000001	73.329199	59.996372	6.115229	1.191460	0.004658	1.191951	0.004574	1.187749	0.000366	1.192282	0.999820	1.192282	0.999821	1.192282	0.999821	1.192282	0.999820	1.192282	0.999820	1350072844.631788	1.000007	71.532815	58.420189	4.982143	1.192290	0.999798	1.192290	0.999798	1.192290	0.999798	1.192290	0.999797	1.192290	0.999797	1.191069	0.001550	1.183366	0.000489	1.174330	0.000274	
1350072845.631581	1.000000	72.313690	58.995377	6.109039	1.190071	0.000908	1.191974	0.002573	1.191272	0.000291	1.192300	0.999905	1.192300	0.999904	1.192300	0.999904	1.192300	0.999904	1.192300	0.999904	1350072845.631788	1.000000	71.301407	58.190933	3.533096	1.192290	0.999796	1.192290	0.999796	1.192290	0.999796	1.192290	0.999796	1.192290	0.999795	1.192318	0.000687	1.179948	0.000497	1.185304	0.000743	
1350072846.631582	1.000001	715783067.274388	715762051.716412	715802046.784456	0.999988	1.000201	0.999985	1.000203	0.999995	1.000200	0.999988	1.000200	0.999988	1.000203	0.999990	1.000198	0.999988	1.000203	0.999988	1.000201	1350072846.631675	0.999887	715852766.341060	715847461.188025	715896242.312464	0.999988	1.000200	0.999985	1.000203	3.893204	0.256908	0.999988	1.000200	0.999987	1.000203	0.999990	1.000198	0.999988	1.000203	0.999988	1.000201	
1350072847.631586	1.000004	0.000000	0.000000	0.000000	-nan	-nan	-nan	-nan	8.000000	inf	-nan	-nan	-nan	0.000000	-nan	-nan	-nan	-nan	-nan	-nan	1350072847.631668	0.999993	0.000000	0.000000	0.000000	-nan	-nan	-nan	-nan	0.000000	inf	-nan	-nan	-nan	-nan	-nan	-nan	-nan	-nan	-nan	-nan	
