ts_0	elapsed_0	pkg_0	pp0_0	dram_0	freq_ratio_0_0	c0_ratio_0_0	freq_ratio_0_1	c0_ratio_0_1	freq_ratio_0_2	c0_ratio_0_2	freq_ratio_0_3	c0_ratio_0_3	freq_ratio_0_4	c0_ratio_0_4	freq_ratio_0_5	c0_ratio_0_5	freq_ratio_0_6	c0_ratio_0_6	freq_ratio_0_7	c0_ratio_0_7	ts_1	elapsed_1	pkg_1	pp0_1	dram_1	freq_ratio_1_0	c0_ratio_1_0	freq_ratio_1_1	c0_ratio_1_1	freq_ratio_1_2	c0_ratio_1_2	freq_ratio_1_3	c0_ratio_1_3	freq_ratio_1_4	c0_ratio_1_4	freq_ratio_1_5	c0_ratio_1_5	freq_ratio_1_6	c0_ratio_1_6	freq_ratio_1_7	c0_ratio_1_7	
1350064239.469628	1.000458	33.545305	20.327772	6.105099	1.000000	1.000000	0.999976	0.003880	0.999997	0.003397	0.999999	0.003086	1.000007	0.002936	0.999760	0.002615	0.999815	0.002556	0.999777	0.002945	1350064239.469803	1.000429	33.243401	20.215237	2.761663	1.000000	1.000000	0.999997	0.003395	1.000056	0.002873	0.999988	0.002782	0.999955	0.002723	0.999762	0.002607	0.999744	0.002676	0.999918	0.002619	
1350064240.469618	0.999990	29.814004	16.586851	6.109131	1.000000	1.000000	1.000001	0.000733	0.999963	0.000083	0.999917	0.000056	1.000000	0.000069	1.012785	0.000048	1.010933	0.000042	0.999980	0.000246	1350064240.469827	1.000024	29.286862	16.261022	2.758967	1.000000	1.000000	1.000018	0.000447	0.999673	0.000073	0.999771	0.000064	1.000066	0.000111	1.009910	0.000057	1.013500	0.000050	1.001068	0.000197	
1350064241.469618	1.000000	29.816025	16.587143	6.127563	1.000000	1.000000	0.999913	0.000221	1.000055	0.000042	0.999892	0.000021	1.000891	0.000020	1.000032	0.000012	1.000445	0.000012	0.999971	0.000255	1350064241.469835	1.000008	29.288245	16.260305	2.709893	1.000000	1.000000	0.999947	0.000233	1.000182	0.000061	0.998081	0.000022	0.990951	0.000013	0.987479	0.000013	0.983961	0.000013	0.997130	0.000075	
1350064242.469618	1.000000	29.834824	16.607101	6.109070	1.000000	1.000000	0.999980	0.000194	1.000111	0.000080	1.000118	0.000078	0.999188	0.000052	0.999977	0.000136	0.999785	0.000054	1.000019	0.000279	1350064242.469820	0.999985	29.285688	16.257706	2.730021	1.000000	1.000000	0.999958	0.000297	1.000409	0.000050	1.000955	0.000071	1.001801	0.000112	1.003595	0.000063	1.003064	0.000062	1.002361	0.000088	
1350064243.469618	1.000000	29.835022	16.604355	6.115234	1.000000	1.000000	1.000007	0.000171	0.999692	0.000041	0.999695	0.000021	1.001759	0.000021	0.999711	0.000012	1.000897	0.000011	0.999961	0.000210	1350064243.469824	1.000004	29.262027	16.246974	2.718754	1.000000	0.999994	1.000023	0.000273	0.999879	0.000064	0.998579	0.000022	1.000184	0.000013	0.997807	0.000012	0.989732	0.000013	0.996978	0.000072	
1350064244.469618	1.000000	29.846924	16.614838	6.108963	1.000000	1.000000	0.999956	0.000262	1.000092	0.000113	0.999998	0.002186	0.999846	0.000055	1.000048	0.000048	1.000000	0.000045	0.999951	0.000253	1350064244.469829	1.000005	29.297644	16.269648	2.740602	1.000000	1.000005	1.000007	0.000280	0.999807	0.000058	1.000366	0.000047	0.999803	0.000110	0.999742	0.000064	1.002218	0.000055	1.000961	0.000220	
1350064245.469618	1.000000	29.856079	16.624298	6.121384	1.000000	1.000000	0.999989	0.000768	0.999986	0.000112	0.999945	0.000494	0.999786	0.000020	0.999968	0.000012	1.000688	0.000012	0.999982	0.000210	1350064245.469832	1.000003	29.308457	16.281337	2.713370	1.000000	1.000000	0.999815	0.000340	1.000024	0.000065	0.999709	0.000022	1.000000	0.000013	1.001442	0.000013	0.995809	0.000013	0.999895	0.000106	
1350064246.469618	1.000000	29.811203	16.591125	6.096741	1.000000	1.000000	1.000097	0.000187	1.000293	0.000064	0.992335	0.000068	0.989465	0.000050	0.995808	0.000127	0.989965	0.000051	1.000415	0.000275	1350064246.469814	0.999982	29.334860	16.306719	2.715411	1.000000	1.000000	1.000531	0.000314	0.999355	0.000059	1.000039	0.000069	1.000118	0.000124	1.000153	0.000063	1.000987	0.000065	1.000128	0.000082	
1350064247.469618	1.000000	29.846786	16.611603	6.133728	1.000000	1.000000	0.999884	0.000173	0.999456	0.000056	1.000092	0.000021	1.001335	0.000021	1.001043	0.000012	0.999718	0.000012	0.999972	0.000207	1350064247.469827	1.000013	29.340939	16.312545	2.715998	1.000000	1.000000	0.999963	0.000283	1.000704	0.000063	0.999963	0.000021	1.000460	0.000013	0.992312	0.000013	0.983572	0.000013	0.996453	0.000065	
1350064248.469618	1.000000	29.846863	16.611176	6.121399	1.000000	1.000000	0.999991	0.000180	0.999945	0.000077	1.007677	0.000070	1.007803	0.000063	1.008536	0.000060	1.008679	0.000059	0.999622	0.000280	1350064248.469831	1.000004	29.340946	16.312953	2.716984	1.000000	1.000000	0.999625	0.000294	0.999641	0.000066	1.000008	0.000092	0.999288	0.000132	1.001354	0.000081	1.002797	0.000082	1.000968	0.000233	
1350064249.469618	1.000000	29.846405	16.609573	6.133728	1.000000	1.000000	0.999927	0.000179	0.999743	0.000042	0.999233	0.000020	1.000946	0.000020	1.000161	0.000012	0.999010	0.000012	0.999935	0.000245	1350064249.469823	0.999992	29.336145	16.306941	2.713096	1.000000	1.000000	0.999516	0.000253	0.997722	0.000057	0.998796	0.000021	1.004209	0.000013	0.993496	0.000008	0.980154	0.000008	0.997068	0.000075	
1350064250.469618	1.000000	29.855972	16.619034	6.109070	1.000000	1.000000	1.000049	0.000584	1.000327	0.000085	0.999918	0.000089	0.999181	0.000048	1.000152	0.000048	0.999602	0.000048	0.999893	0.000235	1350064250.469823	1.000000	29.327011	16.299240	2.717392	1.000000	1.000000	1.000295	0.000326	1.002563	0.000050	1.000701	0.000060	1.000351	0.000121	1.000274	0.000059	1.002358	0.000064	1.001863	0.000116	
1350064251.469618	1.000000	29.856628	16.619553	6.115234	1.000000	1.000000	0.999814	0.000158	0.999611	0.000048	1.000735	0.000026	1.001379	0.000026	0.999296	0.000012	1.002335	0.000011	1.000069	0.000228	1350064251.469831	1.000008	29.332694	16.304571	2.715722	1.000000	1.000000	0.999977	0.000249	0.999989	0.000070	0.998901	0.000026	0.998896	0.000013	1.000062	0.000012	0.996539	0.000013	0.999989	0.000071	
1350064252.469618	1.000000	29.867111	16.631104	6.121399	1.000000	1.000000	1.000008	0.000203	1.000119	0.000071	0.999985	0.000050	0.999988	0.000094	0.999941	0.000046	0.999991	0.000045	0.999978	0.000250	1350064252.469828	0.999997	29.312011	16.296376	2.721642	1.000000	0.999994	0.999978	0.000333	0.995681	0.000040	1.000304	0.000065	1.000080	0.000120	1.000211	0.000051	1.000484	0.000053	0.999982	0.000105	
1350064253.469618	1.000000	29.866577	16.631927	6.115234	1.000000	1.000000	0.999956	0.000165	0.999493	0.000042	0.999481	0.000022	0.999943	0.000020	0.999231	0.000012	0.999394	0.000012	0.999982	0.000209	1350064253.469830	1.000002	29.338704	16.310073	2.715647	1.000000	1.000006	1.000014	0.000248	1.002547	0.000065	0.999377	0.000022	0.999601	0.000013	0.995158	0.000013	0.989726	0.000013	0.996446	0.000072	
1350064254.469618	1.000000	29.896606	16.660599	6.102905	1.000000	1.000000	1.000089	0.000181	0.923735	0.000069	1.000003	0.002126	0.999396	0.000047	0.999901	0.000047	0.999894	0.000047	0.999983	0.000256	1350064254.469831	1.000001	29.343173	16.314590	2.716230	1.000000	1.000000	1.000004	0.000298	0.999762	0.000042	1.000109	0.000064	0.999787	0.000121	1.000607	0.000054	1.002078	0.000053	1.001162	0.000087	
1350064255.469618	1.000000	29.856918	16.634140	6.127563	1.000000	1.000000	0.999992	0.000590	1.106377	0.000050	1.000013	0.000029	1.001018	0.000027	1.000060	0.000019	1.000817	0.000018	0.999986	0.000297	1350064255.469827	0.999996	29.350751	16.321172	2.710353	1.000000	1.000000	0.999913	0.000356	1.000480	0.000074	0.999924	0.000030	1.001510	0.000020	0.996444	0.000020	0.989599	0.000021	0.999460	0.000112	
1350064256.469618	1.000000	29.876556	16.641037	6.102905	1.000000	1.000000	1.000003	0.000223	1.000194	0.000083	0.999958	0.000065	0.999522	0.000048	1.000156	0.000047	0.999813	0.000045	1.000002	0.000189	1350064256.469825	0.999998	29.345973	16.317383	2.722997	1.000000	1.000000	1.000039	0.000286	1.000069	0.000039	1.000152	0.000066	0.998845	0.000124	1.001553	0.000064	1.004209	0.000061	1.001891	0.000111	
1350064257.469618	1.000000	29.871307	16.632919	6.109070	1.000000	1.000000	0.999865	0.000154	0.999494	0.000041	0.999964	0.000022	1.001097	0.000020	0.999651	0.000011	0.999724	0.000011	0.999977	0.000136	1350064257.469822	0.999997	29.345291	16.316487	2.712838	1.000000	1.000000	0.999968	0.000239	0.999675	0.000058	0.999172	0.000021	1.001879	0.000013	0.983309	0.000013	0.980509	0.000013	0.997095	0.000072	
1350064258.469618	1.000000	29.876862	16.638168	6.109070	1.000000	1.000000	0.999980	0.000175	0.999982	0.000063	0.991321	0.000062	0.988645	0.000046	0.988735	0.000046	0.989156	0.000047	1.000580	0.000179	1350064258.469838	1.000016	29.313069	16.297011	2.704989	1.000000	1.000000	1.000394	0.000296	1.000379	0.000042	0.999994	0.000061	1.001068	0.000117	1.003984	0.000055	1.003825	0.000054	1.001860	0.000081	
1350064259.469618	1.000000	29.870804	16.632263	6.102844	1.000000	1.000000	1.000026	0.000624	0.999973	0.000056	0.999896	0.000022	0.999965	0.000022	1.000064	0.000012	1.000502	0.000012	0.999980	0.000135	1350064259.469824	0.999986	29.339936	16.310212	2.715843	1.000000	1.000000	0.999966	0.000241	0.999746	0.000059	0.999610	0.000022	0.995821	0.000013	1.000617	0.000012	0.991876	0.000013	0.999698	0.000546	
1350064260.469618	1.000000	29.892395	16.651016	6.115234	1.000000	1.000000	1.000013	0.000589	1.000286	0.000067	1.008144	0.000064	1.008224	0.000060	1.008687	0.000060	1.008192	0.000058	0.999427	0.000192	1350064260.469837	1.000013	29.352963	16.324447	2.718638	1.000000	1.000000	0.999645	0.000343	0.999874	0.000061	0.999988	0.000093	1.000273	0.000151	0.999825	0.000079	1.001260	0.000082	1.001255	0.000164	
1350064261.469618	1.000000	29.877869	16.639908	6.127563	1.000000	1.000000	0.999871	0.000167	0.999583	0.000041	1.000827	0.000021	1.000967	0.000022	0.999326	0.000012	1.002729	0.000012	0.999946	0.000136	1350064261.469827	0.999990	29.353779	16.323863	2.710247	1.000000	1.000000	0.999984	0.000261	1.000060	0.000058	0.999930	0.000022	0.991475	0.000013	0.985383	0.000008	0.973150	0.000008	0.997661	0.000086	
1350064262.469618	1.000000	29.883560	16.642960	6.139893	1.000000	1.000000	1.000001	0.000409	1.000000	0.000076	0.999606	0.000080	0.999950	0.000046	1.000025	0.000046	0.999900	0.000046	1.000024	0.000160	1350064262.469824	0.999997	29.361053	16.331151	2.711465	1.000000	0.999995	0.999979	0.000324	1.000521	0.000041	0.997788	0.000069	1.000261	0.000117	1.001054	0.000065	1.003376	0.000057	1.002384	0.000082	
1350064263.469618	1.000000	29.889511	16.647858	6.102905	1.000000	1.000000	0.999894	0.000160	0.999925	0.000041	1.001585	0.000020	1.000115	0.000020	1.000064	0.000012	1.000382	0.000012	0.999983	0.000155	1350064263.469822	0.999998	29.359248	16.329133	2.710134	1.000000	1.000005	1.000012	0.000247	0.999515	0.000049	1.007644	0.000021	1.004965	0.000013	1.002560	0.000013	1.001902	0.000013	0.998585	0.000072	
1350064264.469625	1.000007	31.642863	18.410578	6.101764	1.000000	1.000000	1.000004	0.003311	0.999989	0.003169	0.999998	0.004681	0.999992	0.002732	0.999995	0.002770	1.000002	0.002753	0.999994	0.002791	1350064264.469838	1.000016	31.394472	18.363705	2.712039	1.000000	1.000000	0.999996	0.003219	1.000003	0.002878	0.999997	0.002750	0.999991	0.002857	0.999990	0.002816	0.999965	0.002786	1.000035	0.002842	
1350064265.469618	0.999993	29.890969	16.650002	6.109112	1.000000	1.000000	0.999989	0.000574	1.000749	0.000042	0.999929	0.000022	1.000769	0.000021	1.000540	0.000012	0.998367	0.000012	0.999965	0.000156	1350064265.469833	0.999995	29.372400	16.336157	2.710219	1.000000	1.000000	0.999980	0.000283	0.999842	0.000066	0.999406	0.000021	0.994936	0.000013	0.985184	0.000013	0.990706	0.000013	0.997604	0.000104	
1350064266.469618	1.000000	29.908188	16.665619	6.115234	1.000000	1.000000	0.999991	0.000535	1.000059	0.000071	1.000008	0.000050	0.999984	0.000047	1.000093	0.000046	1.000048	0.000049	0.999951	0.000165	1350064266.469826	0.999993	29.469091	16.434333	2.722217	1.000000	1.000000	0.999975	0.000334	1.000331	0.000063	1.000293	0.000068	1.002009	0.000050	1.003362	0.000063	1.000070	0.004247	1.002767	0.000088	
1350064267.469618	1.000000	30.086411	16.845078	6.127563	1.000000	1.000000	0.999973	0.007066	0.999855	0.000056	0.999763	0.000021	0.999353	0.000021	0.999196	0.000011	1.001222	0.000011	0.999914	0.000135	1350064267.469838	1.000012	30.997937	17.964904	3.113412	1.000000	1.000000	0.999895	0.000317	0.999558	0.000051	1.000035	0.000022	0.997040	0.000013	0.997509	0.000013	0.974063	0.000038	0.997521	0.000073	
1350064268.469618	1.000000	30.128494	16.888626	6.102905	1.000000	1.000000	0.999970	0.008618	1.000035	0.000122	0.999980	0.000057	0.999757	0.000060	1.000042	0.000046	0.999930	0.000044	0.999922	0.000174	1350064268.469815	0.999977	29.342194	16.339256	3.738779	1.000000	1.000000	0.999965	0.000388	1.000363	0.000063	1.000217	0.000062	0.997929	0.000045	1.000815	0.000044	1.018182	0.000056	1.002293	0.000083	
1350064269.469618	1.000000	30.112717	16.872345	6.109070	1.000000	1.000000	1.000017	0.007534	1.000000	0.000062	0.999892	0.000021	1.000264	0.000038	1.000000	0.000012	1.000933	0.000012	1.000020	0.000138	1350064269.469825	1.000010	29.371837	16.325703	3.255415	1.000000	1.000000	1.000014	0.000323	0.999679	0.000082	1.000169	0.000039	1.009779	0.000013	0.999969	0.000012	0.999449	0.000013	0.998436	0.000068	
1350064270.469618	1.000000	30.094284	16.850235	6.109070	1.000000	1.000000	0.999923	0.005057	1.000000	0.002897	0.991021	0.000060	0.987853	0.000044	0.988834	0.000046	0.988714	0.000047	1.000727	0.000178	1350064270.469822	0.999997	29.352386	16.322438	3.090265	0.999994	1.000000	0.999923	0.000376	0.998162	0.000064	0.999883	0.000043	1.000194	0.000050	1.000057	0.000068	0.999847	0.000045	1.001022	0.000103	
1350064271.469622	1.000004	715817760.516882	715813906.827515	715783233.200908	0.999988	1.000200	0.999985	1.000202	0.999988	1.000207	0.999988	1.000199	0.999988	1.000202	0.999990	1.000197	0.999988	1.000202	0.999988	1.000200	1350064271.469717	0.999895	715863227.265693	715877013.544970	715850819.989905	0.999988	1.000200	0.999985	1.000202	3.893195	0.256908	0.999988	1.000200	0.999988	1.000202	0.999990	1.000197	0.999988	1.000202	0.999988	1.000200	
1350064272.469619	0.999997	0.000000	0.000000	0.000000	-nan	-nan	-nan	-nan	0.000000	inf	-nan	-nan	-nan	0.000000	-nan	-nan	-nan	-nan	-nan	-nan	1350064272.469690	0.999973	0.000000	0.000000	0.000000	-nan	-nan	-nan	-nan	0.000000	inf	-nan	-nan	-nan	-nan	-nan	-nan	-nan	-nan	-nan	-nan	
