ts_0	elapsed_0	pkg_0	pp0_0	dram_0	freq_ratio_0_0	c0_ratio_0_0	freq_ratio_0_1	c0_ratio_0_1	freq_ratio_0_2	c0_ratio_0_2	freq_ratio_0_3	c0_ratio_0_3	freq_ratio_0_4	c0_ratio_0_4	freq_ratio_0_5	c0_ratio_0_5	freq_ratio_0_6	c0_ratio_0_6	freq_ratio_0_7	c0_ratio_0_7	ts_1	elapsed_1	pkg_1	pp0_1	dram_1	freq_ratio_1_0	c0_ratio_1_0	freq_ratio_1_1	c0_ratio_1_1	freq_ratio_1_2	c0_ratio_1_2	freq_ratio_1_3	c0_ratio_1_3	freq_ratio_1_4	c0_ratio_1_4	freq_ratio_1_5	c0_ratio_1_5	freq_ratio_1_6	c0_ratio_1_6	freq_ratio_1_7	c0_ratio_1_7	
1349478684.353273	1.000712	70.976768	57.286594	4.722956	1.192868	0.989499	1.192808	0.992429	1.192838	0.990229	1.192615	0.986638	1.192215	0.977172	1.192213	0.976937	1.153479	0.001131	1.135412	0.000143	1349478684.353412	1.000425	63.580394	49.964402	4.633788	1.193215	0.993649	1.193166	0.991399	1.192284	0.969343	1.196816	0.000278	1.173368	0.000115	1.193010	0.988151	1.206678	0.000119	1.193152	0.994496	
1349478685.353279	1.000006	74.541929	60.381446	6.167810	1.192190	0.998846	1.192195	0.999036	1.192190	0.998861	1.192192	0.998889	1.192190	0.998855	1.192193	0.998972	1.153597	0.001530	1.136368	0.000016	1349478685.353422	1.000010	70.317243	56.256975	6.413113	1.192308	0.999784	1.192305	0.999686	1.192307	0.999750	1.192298	0.394495	1.147636	0.000064	1.192302	0.999527	1.172624	0.000006	1.192309	0.999807	
1349478686.353287	1.000008	74.927737	60.700207	6.338144	1.192157	0.998710	1.192157	0.998701	1.192156	0.998615	1.192157	0.998697	1.192156	0.998613	1.192157	0.998558	1.153849	0.002024	1.155950	0.000089	1349478686.353423	1.000001	75.119603	60.977252	6.611566	1.192288	0.999737	1.192284	0.999603	1.192288	0.999752	1.192284	0.999601	1.153240	0.000237	1.192288	0.999753	1.154386	0.000075	1.192288	0.999752	
1349478687.353272	0.999985	76.408725	61.971146	7.069915	1.192097	0.998336	1.192096	0.998336	1.192097	0.998335	1.192097	0.998331	1.192096	0.998331	1.192097	0.998330	1.153831	0.002599	1.154293	0.000018	1349478687.353408	0.999985	76.674934	62.335760	7.608116	1.192286	0.999821	1.192286	0.999821	1.192286	0.999820	1.192286	0.999820	1.153898	0.000272	1.192286	0.999821	1.153403	0.000017	1.192286	0.999820	
1349478688.353271	0.999999	76.652112	62.187147	7.219566	1.192131	0.998537	1.192132	0.998615	1.192133	0.998601	1.192131	0.998535	1.192131	0.998533	1.192131	0.998530	1.153833	0.002252	1.153881	0.000072	1349478688.353411	1.000003	76.896185	62.528523	7.674567	1.192136	0.999499	1.192136	0.999460	1.192136	0.999500	1.192136	0.999425	1.153897	0.002990	1.192136	0.999499	1.153817	0.000060	1.192136	0.999499	
1349478689.353271	1.000000	76.689865	62.220947	7.270477	1.192116	0.996565	1.192115	0.996549	1.192114	0.996501	1.192114	0.996497	1.192115	0.996540	1.192115	0.996495	1.153811	0.002443	1.154299	0.000016	1349478689.353411	1.000000	76.916687	62.542694	7.675537	1.192290	0.997931	1.192288	0.997824	1.192287	0.997862	1.192288	0.997825	1.154182	0.000254	1.192287	0.997825	1.153390	0.000015	1.192433	0.999809	
1349478690.353271	1.000000	76.913055	62.439346	7.259506	1.189622	0.998837	1.189624	0.998914	1.189622	0.998840	1.189623	0.998905	1.189623	0.998833	1.189623	0.998903	1.153853	0.004494	1.153802	0.002649	1349478690.353379	0.999968	77.006778	62.630938	7.665574	1.192137	0.999819	1.192135	0.999743	1.192137	0.999818	1.192135	0.999734	1.153793	0.004093	1.192135	0.999733	1.153865	0.000696	1.192137	0.999820	
1349478691.353271	1.000000	76.814301	62.332153	7.243317	1.192172	0.998847	1.192171	0.998863	1.192172	0.998849	1.192172	0.998853	1.192171	0.998859	1.192172	0.998860	1.153828	0.001880	1.158915	0.000008	1349478691.353407	1.000028	77.038348	62.662833	7.699187	1.192289	0.999864	1.192290	0.999856	1.192289	0.999864	1.192289	0.999841	1.153893	0.000261	1.192289	0.999811	1.153053	0.000006	1.192289	0.999864	
1349478692.353271	1.000000	76.744202	62.256149	7.247406	1.192038	0.995770	1.192088	0.995792	1.192106	0.995741	1.192087	0.995683	1.192086	0.995611	1.192086	0.995605	1.143629	0.002571	1.154491	0.000093	1349478692.353408	1.000001	76.907596	62.539903	7.671776	1.192284	0.997237	1.192280	0.997100	1.192282	0.997218	1.192278	0.997073	1.153768	0.000345	1.192280	0.997161	1.153926	0.000081	1.192472	0.999731	
1349478693.353271	1.000000	76.939880	62.442184	7.301849	1.192155	0.998715	1.192156	0.998709	1.192157	0.998683	1.192156	0.998712	1.192156	0.998706	1.192156	0.998701	1.153860	0.002070	1.151287	0.000022	1349478693.353408	1.000000	77.117477	62.729721	7.693192	1.192246	0.999614	1.192255	0.999607	1.192255	0.999614	1.192253	0.999458	1.153925	0.000736	1.192253	0.999531	1.146696	0.000015	1.192255	0.999613	
1349478694.353271	1.000000	77.009247	62.507584	7.275604	1.192134	0.998693	1.192134	0.998701	1.192134	0.998691	1.192134	0.998695	1.192134	0.998689	1.192135	0.998695	1.153825	0.002111	1.149310	0.000107	1349478694.353438	1.000030	77.180970	62.785559	7.673079	1.192295	0.999842	1.192286	0.999834	1.192286	0.999841	1.192286	0.999834	1.153897	0.000251	1.192286	0.999803	1.154978	0.000071	1.192286	0.999840	
1349478695.353272	1.000001	76.998096	62.496355	7.293618	1.192156	0.998578	1.192152	0.998628	1.192153	0.998619	1.192150	0.998462	1.192153	0.998617	1.192150	0.998454	1.153824	0.001977	1.140882	0.000027	1349478695.353413	0.999975	77.203318	62.806122	7.671701	1.192295	0.999758	1.192290	0.999576	1.192295	0.999765	1.192288	0.999484	1.153757	0.000256	1.192292	0.999654	1.156178	0.000015	1.192295	0.999763	
1349478696.353272	1.000000	77.063171	62.562515	7.276093	1.192161	0.998736	1.192161	0.998736	1.192161	0.998656	1.192162	0.998733	1.192163	0.998667	1.192161	0.998615	1.150688	0.001946	1.162608	0.000106	1349478696.353427	1.000014	77.223325	62.826295	7.681319	1.192286	0.999715	1.192281	0.999539	1.192283	0.999642	1.192281	0.999528	1.153822	0.000311	1.192280	0.999488	1.153700	0.000106	1.192285	0.999716	
1349478697.353283	1.000011	715811630.700828	715759934.109304	715795455.926179	0.999992	1.000146	0.999990	1.000152	1.000000	1.000147	0.999992	1.000146	0.999992	1.000150	0.999994	1.000144	0.999992	1.000150	0.999992	1.000147	1349478697.353372	0.999945	715822186.358931	715821569.745244	715845922.127643	0.999992	1.000147	0.999990	1.000150	3.892875	0.256917	0.999992	1.000148	0.999992	1.000148	0.999995	1.000146	0.999992	1.000150	0.999992	1.000148	
1349478698.353275	0.999992	0.000000	0.000000	0.000000	-nan	-nan	-nan	-nan	8.000000	inf	-nan	-nan	-nan	0.000000	-nan	-nan	-nan	-nan	-nan	-nan	1349478698.353332	0.999960	0.000000	0.000000	0.000000	-nan	-nan	-nan	-nan	0.000000	inf	-nan	-nan	-nan	-nan	-nan	-nan	-nan	-nan	-nan	-nan	
