ts_0	elapsed_0	pkg_0	pp0_0	dram_0	freq_ratio_0_0	c0_ratio_0_0	freq_ratio_0_1	c0_ratio_0_1	freq_ratio_0_2	c0_ratio_0_2	freq_ratio_0_3	c0_ratio_0_3	freq_ratio_0_4	c0_ratio_0_4	freq_ratio_0_5	c0_ratio_0_5	freq_ratio_0_6	c0_ratio_0_6	freq_ratio_0_7	c0_ratio_0_7	ts_1	elapsed_1	pkg_1	pp0_1	dram_1	freq_ratio_1_0	c0_ratio_1_0	freq_ratio_1_1	c0_ratio_1_1	freq_ratio_1_2	c0_ratio_1_2	freq_ratio_1_3	c0_ratio_1_3	freq_ratio_1_4	c0_ratio_1_4	freq_ratio_1_5	c0_ratio_1_5	freq_ratio_1_6	c0_ratio_1_6	freq_ratio_1_7	c0_ratio_1_7	
1349419227.967699	1.001330	65.528896	51.845784	0.000000	1.099677	0.792601	1.101685	0.800184	1.099802	0.791773	1.099347	0.788650	1.099591	0.790171	1.095391	0.756233	1.093780	0.743609	1.093707	0.743147	1349419227.967794	1.000408	67.529230	53.760875	0.000000	1.053308	0.792124	1.052826	0.790022	1.053182	0.791831	1.052623	0.789036	1.048368	0.763070	1.049817	0.773509	1.049882	0.773990	1.093535	0.985942	
1349419228.967709	1.000010	64.494487	50.404784	0.000000	0.973090	0.958687	0.973174	0.958308	0.973168	0.958451	0.973209	0.958234	0.973198	0.958236	0.973192	0.958272	0.973207	0.958235	0.973185	0.958386	1349419228.967822	1.000028	64.628187	50.473827	0.000000	0.937214	0.958644	0.937213	0.958624	0.937209	0.958657	0.937176	0.958419	0.937173	0.958445	0.937173	0.958405	0.937171	0.958416	0.947238	0.996334	
1349419229.967695	0.999986	59.929981	45.982458	0.000000	1.022882	0.784435	1.023037	0.784142	1.023010	0.784215	1.022994	0.784275	1.023042	0.784171	1.022968	0.784225	1.023040	0.784129	1.022988	0.784294	1349419229.967785	0.999963	62.493276	48.471945	0.000000	0.967732	0.784232	0.967736	0.784241	0.967716	0.784123	0.967665	0.784012	0.967673	0.783935	0.967665	0.784002	0.967669	0.783960	1.030070	0.997531	
1349419230.967703	1.000008	64.415600	50.182516	0.000000	0.966171	0.945506	0.966272	0.945211	0.966198	0.945411	0.966276	0.945250	0.966280	0.945214	0.966275	0.945149	0.966276	0.945140	0.966220	0.945337	1349419230.967804	1.000019	64.603397	50.275668	0.000000	0.929207	0.946077	0.929207	0.946038	0.929202	0.946017	0.929164	0.945854	0.929159	0.945797	0.929162	0.945843	0.929160	0.945837	0.944227	0.996808	
1349419231.967696	0.999993	64.407580	50.287671	0.000000	0.970886	0.952614	0.970972	0.952310	0.970948	0.952410	0.970973	0.952306	0.970974	0.952295	0.970977	0.952279	0.970977	0.952271	0.970953	0.952395	1349419231.967786	0.999982	64.587199	50.374131	0.000000	0.935157	0.952918	0.935157	0.952914	0.935158	0.952892	0.935136	0.952725	0.935136	0.952718	0.935135	0.952732	0.935135	0.952724	0.948511	0.996561	
1349419232.967694	0.999998	64.599900	50.306599	0.000000	0.950894	0.973613	0.950974	0.973349	0.950943	0.973448	0.950985	0.973281	0.950975	0.973376	0.950986	0.973266	0.950988	0.973256	0.950943	0.973434	1349419232.967787	1.000001	64.669647	50.286482	0.000000	0.919907	0.973741	0.919906	0.973734	0.919911	0.973785	0.919878	0.973589	0.919879	0.973540	0.919877	0.973581	0.919878	0.973592	0.926492	0.996430	
1349419233.967696	1.000002	64.057053	49.648267	0.000000	0.952411	0.938695	0.952472	0.938419	0.952455	0.938435	0.952580	0.939069	0.952460	0.938363	0.952472	0.938321	0.952474	0.938250	0.952458	0.938468	1349419233.967792	1.000005	64.442121	49.944620	0.000000	0.916639	0.938597	0.916639	0.938600	0.916639	0.938590	0.916624	0.938406	0.916623	0.938459	0.916623	0.938454	0.916623	0.938450	0.935861	0.996334	
1349419234.967699	1.000003	64.721479	49.916105	0.000000	0.909992	0.995457	0.909984	0.995370	0.909988	0.995416	0.909983	0.995370	0.909983	0.995366	0.909983	0.995361	0.909981	0.995347	0.909984	0.995405	1349419234.967827	1.000035	64.728887	49.844185	0.000000	0.885544	0.996238	0.885544	0.996239	0.885544	0.996228	0.885543	0.996189	0.885542	0.996185	0.885541	0.996181	0.885541	0.996180	0.885540	0.996273	
1349419235.967698	0.999999	64.702088	49.908342	0.000000	0.910745	0.993886	0.910736	0.993770	0.910742	0.993848	0.910738	0.993814	0.910738	0.993812	0.910732	0.993672	0.910734	0.993666	0.910743	0.993838	1349419235.967804	0.999977	64.718553	49.839611	0.000000	0.887293	0.994710	0.887291	0.994697	0.887290	0.994646	0.887286	0.994651	0.887283	0.994515	0.887286	0.994647	0.887286	0.994606	0.887481	0.996373	
1349419236.967698	1.000000	64.700287	49.894180	0.000000	0.909027	0.995523	0.909029	0.995192	0.909028	0.995389	0.909027	0.995363	0.909026	0.995372	0.909030	0.995074	0.909031	0.995081	0.909028	0.995398	1349419236.967799	0.999995	64.715961	49.820043	0.000000	0.885451	0.995974	0.885451	0.995973	0.885451	0.995812	0.885450	0.995846	0.885450	0.995623	0.885450	0.995869	0.885450	0.995720	0.885453	0.996011	
1349419237.967698	1.000000	64.705780	49.898911	0.000000	0.908825	0.995315	0.908830	0.995149	0.908828	0.995208	0.908828	0.995221	0.908828	0.995217	0.908828	0.995204	0.908830	0.995131	0.908826	0.995255	1349419237.967800	1.000001	64.717208	49.818541	0.000000	0.885190	0.995851	0.885190	0.995861	0.885190	0.995852	0.885192	0.995751	0.885192	0.995807	0.885192	0.995810	0.885192	0.995805	0.885188	0.995898	
1349419238.967697	0.999999	64.697556	49.892900	0.000000	0.908435	0.995492	0.908437	0.995420	0.908437	0.995469	0.908436	0.995430	0.908437	0.995478	0.908438	0.995360	0.908436	0.995406	0.908437	0.995413	1349419238.967803	1.000003	64.709181	49.810438	0.000000	0.884700	0.995785	0.884700	0.995788	0.884701	0.995768	0.884701	0.995776	0.884701	0.995732	0.884701	0.995773	0.884702	0.995761	0.884702	0.995773	
1349419239.967701	1.000004	64.647870	49.894543	0.000000	0.907003	0.995327	0.907006	0.995122	0.907003	0.995240	0.907005	0.995096	0.907005	0.995104	0.907005	0.995056	0.907004	0.995062	0.906999	0.995234	1349419239.967802	0.999999	64.724976	49.818559	0.000000	0.884141	0.995816	0.884141	0.995800	0.884141	0.995783	0.884140	0.995694	0.884142	0.995665	0.884142	0.995668	0.884140	0.995722	0.884139	0.995884	
1349419240.967698	0.999997	64.701998	49.834597	0.000000	0.906851	0.995432	0.906850	0.995250	0.906852	0.995427	0.906851	0.995426	0.906852	0.995426	0.906853	0.995209	0.906853	0.995231	0.906853	0.995412	1349419240.967800	0.999998	64.717225	49.808673	0.000000	0.884012	0.995843	0.884012	0.995846	0.884010	0.995740	0.884012	0.995833	0.884008	0.995661	0.884012	0.995830	0.884010	0.995730	0.884011	0.995825	
1349419241.967699	1.000001	64.705840	49.891676	0.000000	0.906707	0.995335	0.906699	0.995163	0.906705	0.995287	0.906697	0.995153	0.906698	0.995156	0.906701	0.995196	0.906702	0.995127	0.906701	0.995272	1349419241.967799	0.999999	64.714280	49.808901	0.000000	0.883154	0.995505	0.883153	0.995484	0.883155	0.995527	0.883153	0.995257	0.883154	0.995459	0.883151	0.995353	0.883152	0.995396	0.883155	0.995605	
1349419242.967699	1.000000	715816663.817245	715776122.151917	715827884.721619	0.999969	1.000014	0.999972	1.000038	0.999972	1.000034	0.999970	1.000015	0.999970	1.000020	0.999974	1.000020	0.999969	1.000016	0.999973	1.000031	1349419242.967795	0.999996	715824402.325987	715769266.823997	715830786.066720	0.999973	1.000031	0.999967	1.000018	3.894183	0.256796	0.999970	1.000014	0.999969	1.000016	0.999976	1.000027	0.999969	1.000016	0.999973	1.000030	
1349419243.967786	1.000087	0.000000	0.000000	0.000000	-nan	-nan	-nan	-nan	1.000008	inf	-nan	-nan	-nan	0.000000	-nan	-nan	-nan	-nan	-nan	-nan	1349419243.967850	1.000055	0.000000	0.000000	0.000000	-nan	-nan	-nan	-nan	1.345745	inf	-nan	-nan	-nan	-nan	-nan	-nan	-nan	-nan	-nan	-nan	
