ts_0	elapsed_0	pkg_0	pp0_0	dram_0	freq_ratio_0_0	c0_ratio_0_0	freq_ratio_0_1	c0_ratio_0_1	freq_ratio_0_2	c0_ratio_0_2	freq_ratio_0_3	c0_ratio_0_3	freq_ratio_0_4	c0_ratio_0_4	freq_ratio_0_5	c0_ratio_0_5	freq_ratio_0_6	c0_ratio_0_6	freq_ratio_0_7	c0_ratio_0_7	ts_1	elapsed_1	pkg_1	pp0_1	dram_1	freq_ratio_1_0	c0_ratio_1_0	freq_ratio_1_1	c0_ratio_1_1	freq_ratio_1_2	c0_ratio_1_2	freq_ratio_1_3	c0_ratio_1_3	freq_ratio_1_4	c0_ratio_1_4	freq_ratio_1_5	c0_ratio_1_5	freq_ratio_1_6	c0_ratio_1_6	freq_ratio_1_7	c0_ratio_1_7	
1350067006.183242	1.000316	48.425086	35.284264	4.958730	1.000000	1.000000	0.999734	0.002164	1.000000	1.000000	0.999965	0.000308	1.000000	1.000000	0.999924	0.000257	1.000000	1.000000	1.000145	0.000273	1350067006.183373	1.000299	47.170696	33.872258	2.425651	1.000000	1.000000	0.999491	0.000407	1.000000	1.000000	0.999973	0.000339	1.000000	1.000000	0.998715	0.000508	1.000000	1.000000	1.000019	0.000305	
1350067007.183242	1.000000	48.401321	35.248184	4.959671	1.000000	1.000000	0.999970	0.004823	1.000000	1.000000	1.000621	0.000270	1.000000	1.000000	1.000542	0.000289	1.000000	1.000000	1.000395	0.000282	1350067007.183372	0.999999	47.206329	33.907427	2.488177	1.000000	1.000000	1.000383	0.000787	1.000000	1.000000	0.999625	0.000341	1.000000	1.000000	1.001169	0.000552	1.000000	1.000000	0.999999	0.000350	
1350067008.183236	0.999994	48.158490	35.000254	4.954711	1.000000	1.000000	0.999960	0.000391	1.000000	1.000000	0.999374	0.000280	1.000000	1.000000	0.999914	0.000198	1.000000	1.000000	0.999871	0.000212	1350067008.183369	0.999997	47.215951	33.908491	2.189490	1.000000	1.000001	1.000027	0.000376	1.000000	1.000000	1.000437	0.000261	1.000000	1.000000	0.998869	0.000582	1.000000	1.000000	0.999121	0.000236	
1350067009.183235	0.999999	48.164307	35.003680	4.944722	1.000000	1.000000	1.000164	0.000309	1.000000	1.000000	1.000010	0.000233	1.000000	1.000000	0.999302	0.000274	1.000000	1.000000	0.999459	0.000264	1350067009.183364	0.999995	47.225914	33.917193	2.154552	1.000000	1.000000	0.999930	0.000357	1.000000	1.000000	0.999982	0.000294	1.000000	1.000000	1.001100	0.000580	1.000000	1.000000	1.001003	0.000292	
1350067010.183235	1.000000	48.118698	34.970840	4.959686	1.000000	1.000000	0.999759	0.000317	1.000000	1.000000	0.999952	0.000255	1.000000	1.000000	1.000166	0.000220	1.000000	1.000000	1.000137	0.000215	1350067010.183369	1.000005	47.191521	33.895857	2.089498	1.000000	1.000000	0.999895	0.000282	1.000000	1.000000	0.999975	0.000247	1.000000	1.000000	0.998878	0.000599	1.000000	1.000000	0.999618	0.000249	
1350067011.183235	1.000000	48.161591	34.998550	4.959702	1.000000	1.000000	1.000028	0.000301	1.000000	1.000000	0.999837	0.000258	1.000000	1.000000	1.000011	0.000281	1.000000	1.000000	0.999794	0.000260	1350067011.183364	0.999995	47.362832	34.050830	2.306805	1.000000	1.000000	1.000062	0.000365	1.000000	1.000000	0.999970	0.000267	1.000000	1.000000	1.000216	0.002773	1.000000	1.000000	0.999730	0.000411	
1350067012.183242	1.000007	48.509125	35.343261	4.971432	1.000000	1.000000	0.999997	0.004084	1.000000	1.000000	1.000009	0.003215	1.000000	1.000000	0.999996	0.003184	1.000000	1.000000	1.000012	0.003012	1350067012.183375	1.000011	47.470915	34.157767	2.172065	1.000000	1.000000	0.999976	0.005620	1.000000	1.000000	0.999957	0.002863	1.000000	1.000000	0.999961	0.005278	1.000000	1.000000	0.999972	0.002968	
1350067013.183235	0.999993	48.374907	35.210525	4.959721	1.000000	1.000000	0.999986	0.001592	1.000000	1.000000	0.999960	0.002748	1.000000	1.000000	0.999894	0.000337	1.000000	1.000000	0.999928	0.000264	1350067013.183365	0.999990	47.309449	33.995397	2.347771	1.000000	1.000000	1.000397	0.000389	1.000000	1.000000	1.000472	0.000254	1.000000	1.000000	1.000374	0.000490	1.000000	1.000000	1.000676	0.000274	
1350067014.183236	1.000001	48.173157	35.009961	4.944713	1.000000	1.000000	0.999871	0.000314	1.000000	1.000000	1.000104	0.000226	1.000000	1.000000	1.000156	0.000220	1.000000	1.000000	1.000047	0.000215	1350067014.183366	1.000001	47.312012	33.996733	1.842940	1.000000	1.000000	0.999676	0.000355	1.000000	1.000000	0.999904	0.000236	0.999999	1.000000	0.999975	0.000457	1.000000	1.000000	0.999996	0.000217	
1350067015.183242	1.000006	48.329073	35.168095	4.949678	1.000000	1.000000	0.999970	0.000291	1.000000	1.000000	0.999982	0.000256	1.000000	1.000000	0.999997	0.000260	1.000000	1.000000	0.999981	0.003797	1350067015.183373	1.000007	47.301370	33.987924	2.391631	1.000000	1.000000	1.000252	0.000352	1.000000	1.000000	0.999727	0.000284	1.000001	1.000000	1.000038	0.000506	1.000000	1.000000	1.000019	0.000411	
1350067016.183235	0.999993	48.421065	35.260238	4.959736	1.000000	1.000000	1.000057	0.000311	1.000000	1.000000	0.999974	0.000225	1.000000	1.000000	0.999942	0.000198	1.000000	1.000000	0.999969	0.005820	1350067016.183365	0.999992	47.290102	33.975953	2.713309	1.000000	1.000000	1.000003	0.000302	1.000000	1.000000	0.999360	0.000229	0.999999	1.000000	0.998105	0.000466	1.000000	1.000000	0.999970	0.000245	
1350067017.183235	1.000000	48.196838	35.035614	4.954697	1.000000	1.000000	0.999939	0.000293	1.000000	1.000000	0.999971	0.000277	1.000000	1.000000	1.000030	0.000298	1.000000	1.000000	0.999961	0.000793	1350067017.183362	0.999997	47.289316	33.976286	2.010169	1.000000	1.000000	0.999806	0.000667	1.000000	1.000000	1.000730	0.000306	1.000001	1.000000	1.001686	0.000510	1.000000	1.000000	0.999960	0.000282	
1350067018.183235	1.000000	48.171448	35.008698	4.929749	1.000000	1.000000	1.000006	0.000326	1.000000	1.000000	1.000019	0.000245	1.000000	1.000000	0.999969	0.000238	1.000000	1.000000	1.000087	0.000214	1350067018.183364	1.000002	47.289628	33.977596	1.840832	1.000000	1.000000	0.999928	0.000356	1.000000	1.000000	0.999065	0.000255	1.000000	1.000000	0.998140	0.000461	1.000000	1.000000	0.999179	0.000235	
1350067019.183235	1.000000	48.120728	34.971558	4.949707	1.000000	1.000000	1.000003	0.000292	1.000000	1.000000	1.000488	0.000328	1.000000	1.000000	1.000574	0.000269	1.000000	1.000000	1.000382	0.000269	1350067019.183372	1.000008	47.398160	34.085356	2.187604	1.000000	1.000000	1.000065	0.000351	1.000000	1.000000	1.000894	0.000260	1.000000	1.000000	1.000583	0.001432	1.000000	1.000000	1.000137	0.001333	
1350067020.183241	1.000006	48.174731	35.011495	4.944688	1.000000	1.000000	0.999933	0.000326	1.000000	1.000000	0.999321	0.000258	1.000000	1.000000	0.999922	0.000227	1.000000	1.000000	0.999960	0.000194	1350067020.183372	1.000000	47.324997	34.009720	1.973312	1.000000	1.000000	0.999983	0.000302	1.000000	1.000000	0.999951	0.000246	1.000000	1.000000	0.998503	0.000495	1.000000	1.000000	0.999879	0.000245	
1350067021.183235	0.999994	48.182996	35.019847	4.954726	1.000000	1.000000	1.000049	0.000283	1.000000	1.000000	0.999882	0.000257	1.000000	1.000000	0.999326	0.000283	1.000000	1.000000	0.999474	0.000278	1350067021.183364	0.999992	47.260652	33.957841	2.188540	1.000000	1.000000	1.000318	0.000358	1.000000	1.000000	1.000565	0.000305	1.000000	1.000000	1.001052	0.000668	1.000000	1.000000	0.999632	0.000290	
1350067022.183235	1.000000	48.138626	34.976120	4.954697	1.000000	1.000000	0.999957	0.000382	1.000000	1.000000	1.000087	0.000234	1.000000	1.000000	1.000210	0.000207	1.000000	1.000000	1.000154	0.000241	1350067022.183365	1.000001	47.265534	33.949354	2.221723	1.000000	1.000000	0.999992	0.002782	1.000000	1.000000	0.999380	0.000299	1.000000	1.000000	1.000021	0.000561	1.000000	1.000000	1.000315	0.000310	
1350067023.183235	1.000000	48.163681	35.000977	4.939728	1.000000	1.000000	1.000045	0.000320	1.000000	1.000000	0.999979	0.000257	1.000000	1.000000	0.999985	0.000262	1.000000	1.000000	0.999918	0.000236	1350067023.183371	1.000006	47.293755	33.975521	2.108645	1.000000	1.000000	1.000035	0.000390	1.000000	1.000000	0.999973	0.000281	1.000000	1.000000	0.999989	0.000643	1.000000	1.000000	0.999929	0.000272	
1350067024.183235	1.000000	48.166534	35.002686	4.964676	1.000000	1.000000	0.999810	0.000279	1.000000	1.000000	0.999978	0.000226	1.000000	1.000000	0.999953	0.000215	1.000000	1.000000	1.000036	0.000216	1350067024.183382	1.000011	47.298264	33.979715	2.214285	1.000000	1.000000	0.999860	0.000297	1.000000	1.000000	0.999972	0.000230	1.000000	1.000000	0.999981	0.000905	1.000000	1.000000	0.999575	0.000217	
1350067025.183235	1.000000	48.173233	35.008957	4.949707	1.000000	1.000000	1.000029	0.000333	1.000000	1.000000	0.999987	0.000273	1.000000	1.000000	1.000042	0.000274	1.000000	1.000000	0.999980	0.000275	1350067025.183378	0.999996	47.290582	33.975586	2.105966	1.000000	1.000000	1.000101	0.000389	1.000000	1.000000	0.999980	0.000270	1.000000	1.000000	0.999982	0.000543	1.000000	1.000000	1.000196	0.000257	
1350067026.183235	1.000000	48.168961	35.005341	4.939728	1.000000	1.000000	0.999589	0.000329	1.000000	1.000000	0.999979	0.000243	1.000000	1.000000	0.999905	0.000215	1.000000	1.000000	1.000020	0.000216	1350067026.183365	0.999987	47.307124	33.990116	2.159177	1.000000	1.000000	1.000001	0.000294	1.000000	1.000000	0.999976	0.000225	1.000000	1.000000	0.998913	0.000608	1.000000	1.000000	1.000171	0.000219	
1350067027.183235	1.000000	48.164108	35.000488	4.959686	1.000000	1.000000	0.999942	0.000287	1.000000	1.000000	0.999881	0.000252	1.000000	1.000000	0.999966	0.000261	1.000000	1.000000	0.999858	0.000252	1350067027.183363	0.999998	47.366240	34.051441	2.291936	1.000000	1.000000	0.999928	0.000654	1.000000	1.000000	0.999972	0.000769	1.000000	1.000000	1.000331	0.001831	1.000000	1.000000	0.999979	0.000275	
1350067028.183235	1.000000	48.126770	34.976593	4.949692	1.000000	1.000000	1.000066	0.000357	1.000000	1.000000	1.000084	0.000247	1.000000	1.000000	1.000066	0.000217	1.000000	1.000000	1.000103	0.000217	1350067028.183365	1.000002	47.363588	34.047192	2.277599	1.000000	1.000000	1.000085	0.000344	1.000000	1.000000	0.999699	0.000501	1.000000	1.000000	0.999538	0.001937	1.000000	1.000000	0.999157	0.000242	
1350067029.183235	1.000000	48.233444	35.057190	4.954712	1.000000	1.000000	0.999974	0.000293	1.000000	1.000000	0.999779	0.000261	1.000000	1.000000	0.999763	0.000234	1.000000	1.000000	0.999916	0.000252	1350067029.183362	0.999997	47.292307	33.978362	2.061499	1.000000	1.000000	1.000017	0.000339	1.000000	1.000000	1.000605	0.000256	1.000000	1.000000	1.001390	0.000613	1.000000	1.000000	1.000766	0.000254	
1350067030.183235	1.000000	48.123962	34.973877	4.964676	1.000000	1.000000	0.999948	0.000297	1.000000	1.000000	1.000189	0.000245	1.000000	1.000000	1.000170	0.000236	1.000000	1.000000	1.000059	0.000214	1350067030.183369	1.000007	47.274118	33.962152	2.076951	1.000000	1.000000	0.999847	0.000328	1.000000	1.000000	0.999982	0.000280	1.000000	1.000000	0.998805	0.000581	1.000000	1.000000	0.999253	0.000236	
1350067031.183235	1.000000	48.168457	35.004562	4.959686	1.000000	1.000000	0.999959	0.000275	1.000000	1.000000	1.000502	0.000257	1.000000	1.000000	1.000496	0.000276	1.000000	1.000000	1.000347	0.000254	1350067031.183367	0.999998	47.381743	34.069431	2.310368	1.000000	1.000000	0.999862	0.000361	1.000000	1.000000	0.999982	0.000277	1.000000	1.000000	1.000343	0.002402	1.000000	1.000000	1.000774	0.000277	
1350067032.183235	1.000000	48.175980	35.011993	4.934738	1.000000	1.000000	1.000000	0.000336	1.000000	1.000000	0.999418	0.000240	1.000000	1.000000	1.000059	0.000196	1.000000	1.000000	1.000020	0.000231	1350067032.183366	0.999999	47.279281	33.974489	2.198488	1.000000	1.000000	1.000022	0.002580	1.000000	1.000000	0.999971	0.000268	1.000000	1.000000	0.999236	0.000523	1.000000	1.000000	0.998778	0.000230	
1350067033.183241	1.000006	48.176516	35.012365	4.954667	1.000000	1.000000	1.000029	0.000351	1.000000	1.000000	0.999875	0.000255	1.000000	1.000000	0.999336	0.000283	1.000000	1.000000	0.999479	0.000263	1350067033.183372	1.000006	47.331947	34.014797	2.314149	1.000000	1.000000	0.999901	0.001259	1.000000	1.000000	0.999975	0.000295	1.000000	1.000000	1.000321	0.000616	1.000000	1.000000	1.001100	0.000299	
1350067034.183235	0.999994	48.419341	35.254666	4.949752	1.000000	1.000000	0.999959	0.004532	1.000000	1.000000	1.000109	0.000227	1.000000	1.000000	1.000104	0.000218	1.000000	1.000000	1.000078	0.000213	1350067034.183369	0.999997	47.331247	34.018431	2.482781	1.000000	1.000000	0.999875	0.000299	1.000000	1.000000	0.998995	0.000236	1.000000	1.000000	0.999834	0.001322	1.000000	1.000000	0.998800	0.000256	
1350067035.183235	1.000000	48.169693	35.006058	4.959686	1.000000	1.000000	1.000068	0.000291	1.000000	1.000000	0.999889	0.000268	1.000000	1.000000	0.999884	0.000255	1.000000	1.000000	0.999929	0.000256	1350067035.183364	0.999995	47.320275	34.005633	2.118907	1.000000	1.000000	1.000064	0.000385	1.000000	1.000000	1.000857	0.000274	1.000000	1.000000	1.000336	0.000512	1.000000	1.000000	1.000708	0.000277	
1350067036.183235	1.000000	48.172562	35.007904	4.964676	1.000000	1.000000	0.999950	0.000286	1.000000	1.000000	0.999992	0.000227	1.000000	1.000000	1.000145	0.000242	1.000000	1.000000	0.999991	0.000216	1350067036.183368	1.000004	47.344489	34.027206	2.176612	1.000000	1.000000	1.000092	0.000327	1.000000	1.000000	0.999975	0.000246	1.000000	1.000000	0.999386	0.001045	1.000000	1.000000	0.999975	0.000217	
1350067037.183235	1.000000	48.343552	35.178909	4.959671	1.000000	1.000000	0.999999	0.003782	1.000000	1.000000	1.000003	0.003013	1.000000	1.000000	1.000002	0.002995	1.000000	1.000000	1.000007	0.002885	1350067037.183368	1.000000	47.411545	34.094269	2.178009	1.000000	1.000000	0.999985	0.003319	1.000000	1.000000	0.999910	0.002872	1.000000	1.000000	1.000105	0.004208	1.000000	1.000000	0.999929	0.002878	
1350067038.183244	1.000009	715765177.736003	715810676.922082	715798802.974743	0.999986	1.000192	0.999984	1.000195	0.999994	1.000192	0.999986	1.000193	0.999986	1.000195	0.999989	1.000190	0.999986	1.000195	0.999986	1.000193	1350067038.183334	0.999966	715818885.641122	715836525.197006	715787950.763191	0.999986	1.000192	0.999984	1.000195	3.893276	0.256901	0.999986	1.000193	0.999986	1.000195	0.999989	1.000190	0.999986	1.000195	0.999987	1.000193	
1350067039.183339	1.000095	0.000000	0.000000	0.000000	-nan	-nan	-nan	-nan	0.000000	inf	-nan	-nan	-nan	0.000000	-nan	-nan	-nan	-nan	-nan	-nan	1350067039.183416	1.000082	0.000000	0.000000	0.000000	-nan	-nan	-nan	-nan	0.000000	inf	-nan	-nan	-nan	-nan	-nan	-nan	-nan	-nan	-nan	-nan	
