ts_0	elapsed_0	pkg_0	pp0_0	dram_0	freq_ratio_0_0	c0_ratio_0_0	freq_ratio_0_1	c0_ratio_0_1	freq_ratio_0_2	c0_ratio_0_2	freq_ratio_0_3	c0_ratio_0_3	freq_ratio_0_4	c0_ratio_0_4	freq_ratio_0_5	c0_ratio_0_5	freq_ratio_0_6	c0_ratio_0_6	freq_ratio_0_7	c0_ratio_0_7	ts_1	elapsed_1	pkg_1	pp0_1	dram_1	freq_ratio_1_0	c0_ratio_1_0	freq_ratio_1_1	c0_ratio_1_1	freq_ratio_1_2	c0_ratio_1_2	freq_ratio_1_3	c0_ratio_1_3	freq_ratio_1_4	c0_ratio_1_4	freq_ratio_1_5	c0_ratio_1_5	freq_ratio_1_6	c0_ratio_1_6	freq_ratio_1_7	c0_ratio_1_7	
1350066688.303217	1.000314	48.280403	35.045103	4.965939	1.000000	1.000000	0.998702	0.000494	1.000000	1.000000	0.999970	0.000324	1.000000	1.000000	0.999985	0.000342	1.000000	1.000000	1.000071	0.000349	1350066688.303344	1.000318	47.536395	34.314175	1.700951	1.000001	1.000000	0.999463	0.000429	1.000000	1.000000	0.999462	0.000359	1.000000	1.000000	0.999567	0.000490	1.000000	1.000000	0.999516	0.000471	
1350066689.303201	0.999984	48.689941	35.474413	4.957324	1.000000	1.000000	1.000009	0.003477	1.000000	1.000000	0.999998	0.002803	1.000000	1.000000	0.999995	0.002840	1.000000	1.000000	0.999993	0.002632	1350066689.303339	0.999995	47.813090	34.576086	1.651360	1.000000	1.000000	1.000034	0.003207	1.000000	1.000000	0.999989	0.002973	1.000000	1.000000	0.999996	0.002769	1.000000	1.000000	1.000057	0.004117	
1350066690.303200	0.999999	48.264740	35.055804	4.962575	1.000000	1.000000	0.999993	0.000363	1.000000	1.000000	0.999922	0.000270	1.000000	1.000000	0.999783	0.000299	1.000000	1.000000	0.999980	0.000292	1350066690.303330	0.999991	47.620716	34.376990	1.646484	1.000000	1.000000	1.000230	0.000778	1.000000	1.000000	1.000722	0.000312	1.000000	1.000000	1.000571	0.000375	1.000000	1.000000	0.999990	0.000523	
1350066691.303200	1.000000	48.146347	34.935486	4.973114	1.000000	1.000000	0.999879	0.000378	1.000000	1.000000	1.000066	0.000228	1.000000	1.000000	1.000203	0.000230	1.000000	1.000000	0.999919	0.000195	1350066691.303336	1.000006	47.639776	34.386148	1.595327	1.000000	1.000000	1.001451	0.000382	1.000000	1.000000	1.000007	0.000221	1.000000	1.000000	0.999984	0.000308	1.000000	1.000000	0.999328	0.000371	
1350066692.303200	1.000000	48.166748	34.955841	4.967651	1.000000	1.000000	0.999976	0.000394	1.000000	1.000000	0.999927	0.000260	1.000000	1.000000	0.999827	0.000234	1.000000	1.000000	1.004513	0.000273	1350066692.303311	0.999975	47.652255	34.397819	1.636882	1.000000	1.000000	0.999079	0.000359	1.000000	1.000000	0.999988	0.000282	1.000000	1.000000	0.999933	0.000323	1.000000	1.000000	1.000585	0.000386	
1350066693.303206	1.000006	48.154315	34.943517	4.952256	1.000000	1.000000	0.999984	0.000381	1.000000	1.000000	1.000034	0.000228	1.000000	1.000000	1.000182	0.000214	1.000000	1.000000	0.994428	0.000220	1350066693.303335	1.000024	47.654797	34.399730	1.627067	1.000000	1.000000	0.999248	0.000322	1.000000	1.000000	0.999898	0.000257	1.000000	1.000000	1.000081	0.000295	1.000000	1.000000	0.999354	0.000339	
1350066694.303200	0.999994	48.100934	34.888285	4.948012	1.000000	1.000000	1.000016	0.000403	1.000000	1.000000	0.999947	0.000292	1.000000	1.000000	1.000072	0.000262	1.000000	1.000000	0.999998	0.000244	1350066694.303328	0.999993	47.670480	34.412347	1.640163	1.000000	1.000000	1.000068	0.000434	1.000000	1.000000	1.000929	0.000252	1.000000	1.000000	0.999954	0.000370	1.000000	1.000000	1.000392	0.000589	
1350066695.303200	1.000000	48.043091	34.843201	4.963043	1.000000	1.000000	1.000000	0.000380	1.000000	1.000000	1.000005	0.000247	1.000000	1.000000	0.999899	0.000213	1.000000	1.000000	0.999988	0.000231	1350066695.303331	1.000003	47.681310	34.424225	1.598445	1.000000	1.000000	0.999949	0.002781	1.000000	1.000000	0.999176	0.000274	1.000000	1.000000	0.999600	0.000299	1.000000	1.000000	0.999295	0.000372	
1350066696.303200	1.000000	48.162308	34.951431	4.963028	1.000000	1.000000	0.999992	0.000366	1.000000	1.000000	1.000548	0.000238	1.000000	1.000000	1.000419	0.000272	1.000000	1.000000	1.000419	0.000270	1350066696.303340	1.000009	47.667033	34.409112	1.641571	1.000000	1.000000	0.999999	0.000355	1.000000	1.000000	0.999956	0.000269	1.000000	1.000000	1.000316	0.000354	1.000000	1.000000	1.000557	0.000383	
1350066697.303200	1.000000	48.116577	34.904572	4.977783	1.000000	1.000000	1.000381	0.000376	1.000000	1.000000	0.999987	0.000242	1.000000	1.000000	1.000058	0.000212	1.000000	1.000000	0.999918	0.000211	1350066697.303340	1.000000	47.637863	34.392532	1.589096	1.000000	1.000000	0.999958	0.000329	1.000000	1.000000	0.999915	0.000240	1.000000	1.000000	0.999954	0.000318	1.000000	1.000000	0.999687	0.000370	
1350066698.303200	1.000000	48.129852	34.917603	4.968109	1.000000	1.000000	0.999595	0.000374	1.000000	1.000000	0.999519	0.000293	1.000000	1.000000	0.999529	0.000284	1.000000	1.000000	0.999552	0.000279	1350066698.303331	0.999991	47.694402	34.432426	1.631195	1.000000	1.000000	0.999951	0.000395	1.000000	1.000000	1.000049	0.000300	1.000000	1.000000	0.999985	0.000365	1.000000	1.000000	1.000554	0.000463	
1350066699.303200	1.000000	48.220367	35.010742	4.958481	1.000000	1.000000	0.999973	0.000402	1.000000	1.000000	0.999981	0.000226	1.000000	1.000000	0.999907	0.000214	1.000000	1.000000	1.000020	0.000215	1350066699.303328	0.999997	47.724208	34.461548	1.589162	1.000000	1.000000	0.999933	0.000392	1.000000	1.000000	0.999974	0.000234	1.000000	1.000000	0.999992	0.000278	1.000000	1.000000	0.999686	0.000449	
1350066700.303200	1.000000	48.242035	35.031937	4.962967	1.000000	1.000000	0.999995	0.000383	1.000000	1.000000	0.999965	0.000275	1.000000	1.000000	1.000049	0.000235	1.000000	1.000000	0.999886	0.000253	1350066700.303329	1.000001	47.730042	34.468946	1.600981	0.999999	0.999999	1.000005	0.000672	1.000000	1.000000	0.999973	0.000281	1.000000	1.000000	0.999989	0.000359	1.000000	1.000000	0.999986	0.000376	
1350066701.303200	1.000000	48.247375	35.038315	4.962860	1.000000	1.000000	1.000018	0.000359	1.000000	1.000000	1.000002	0.000227	1.000000	1.000000	0.999975	0.000233	1.000000	1.000000	1.000094	0.000243	1350066701.303331	1.000002	47.708939	34.447826	1.590985	1.000001	1.000000	1.001992	0.000352	1.000000	1.000000	0.999981	0.000244	1.000000	1.000000	0.999993	0.000319	1.000000	1.000000	0.999987	0.000364	
1350066702.303200	1.000000	48.244019	35.034897	4.967667	1.000000	1.000000	0.999933	0.000363	1.000000	1.000000	0.999959	0.000265	1.000000	1.000000	0.999790	0.000274	1.000000	1.000000	0.999950	0.000249	1350066702.303331	1.000000	47.694870	34.436386	1.638992	1.000000	1.000000	0.997760	0.000366	1.000000	1.000000	0.999978	0.000261	1.000000	1.000000	0.999973	0.000334	1.000000	1.000000	0.999990	0.000442	
1350066703.303200	1.000000	48.155411	34.943451	4.972748	1.000000	1.000000	1.000002	0.000374	1.000000	1.000000	1.000009	0.000226	1.000000	1.000000	1.000197	0.000196	1.000000	1.000000	1.000010	0.000232	1350066703.303334	1.000003	47.712224	34.451004	1.593333	1.000000	1.000000	1.000323	0.000321	1.000000	1.000000	0.999966	0.000250	1.000000	1.000000	0.999964	0.000312	1.000000	1.000000	1.000004	0.000365	
1350066704.303200	1.000000	48.254913	35.046936	4.963043	1.000000	1.000000	0.999979	0.000503	1.000000	1.000000	0.999977	0.000264	1.000000	1.000000	1.000012	0.000260	1.000000	1.000000	0.999983	0.000248	1350066704.303332	0.999998	47.657913	34.398457	1.635974	1.000000	1.000000	1.000336	0.000412	1.000000	1.000000	0.999923	0.000264	1.000000	1.000000	0.999932	0.000354	1.000000	1.000000	1.000032	0.000433	
1350066705.303200	1.000000	48.208801	35.012451	4.947998	1.000000	1.000000	0.999978	0.000399	1.000000	1.000000	0.999976	0.000246	1.000000	1.000000	1.000057	0.000216	1.000000	1.000000	0.999939	0.000232	1350066705.303328	0.999996	47.702342	34.442416	1.597098	1.000000	1.000000	0.999937	0.002569	1.000000	1.000000	0.999958	0.000276	1.000000	1.000000	1.000160	0.000294	1.000000	1.000000	0.999905	0.000364	
1350066706.303200	1.000000	48.253769	35.044952	4.973221	1.000000	1.000000	1.000006	0.000359	1.000000	1.000000	0.999992	0.000277	1.000000	1.000000	0.999899	0.000257	1.000000	1.000000	1.000021	0.000272	1350066706.303332	1.000004	47.689260	34.430631	1.627587	1.000000	1.000000	0.999996	0.000355	1.000000	1.000000	1.000070	0.000268	1.000000	1.000000	1.000007	0.000349	1.000000	1.000000	0.999967	0.000403	
1350066707.303200	1.000000	48.300217	35.093246	4.973221	1.000000	1.000000	1.000013	0.000361	1.000000	1.000000	0.999981	0.000278	1.000000	1.000000	0.999973	0.000216	1.000000	1.000000	0.999925	0.000215	1350066707.303345	1.000013	47.720718	34.460043	1.594324	1.000000	1.000000	0.999982	0.000306	1.000000	1.000000	0.999995	0.000234	1.000000	1.000000	0.999987	0.000305	1.000000	1.000000	0.999972	0.000358	
1350066708.303207	1.000007	48.271227	35.063326	4.958080	1.000000	1.000000	0.999940	0.000399	1.000000	1.000000	0.999990	0.000304	1.000000	1.000000	1.000458	0.000265	1.000000	1.000000	1.000520	0.000253	1350066708.303338	0.999993	47.650186	34.401651	1.599697	1.000000	1.000000	1.000035	0.000404	1.000000	1.000000	0.999978	0.000319	1.000000	1.000000	0.999977	0.000350	1.000000	1.000000	1.000074	0.000379	
1350066709.303200	0.999993	48.278471	35.069884	4.963108	1.000000	1.000000	1.000344	0.000438	1.000000	1.000000	1.000434	0.000308	1.000000	1.000000	0.999978	0.000242	1.000000	1.000000	0.999935	0.000257	1350066709.303331	0.999993	47.712122	34.451471	1.592586	1.000000	1.000000	0.999979	0.000400	1.000000	1.000000	0.998930	0.000236	1.000000	1.000000	0.999387	0.000352	1.000000	1.000000	0.999385	0.000400	
1350066710.303200	1.000000	48.179169	34.968536	4.952499	1.000000	1.000000	0.999994	0.000363	1.000000	1.000000	0.999510	0.000297	1.000000	1.000000	0.999570	0.000271	1.000000	1.000000	0.999509	0.000262	1350066710.303334	1.000003	47.714070	34.453568	1.609629	1.000000	1.000000	1.000050	0.000643	1.000000	1.000000	1.000811	0.000298	1.000000	1.000000	1.000555	0.000375	1.000000	1.000000	1.000841	0.000422	
1350066711.303200	1.000000	48.170776	34.960220	4.972595	1.000000	1.000000	0.999630	0.000412	1.000000	1.000000	0.999997	0.000279	1.000000	1.000000	0.999973	0.000197	1.000000	1.000000	1.000002	0.000214	1350066711.303331	0.999997	47.705852	34.450897	1.592687	1.000000	1.000000	1.001977	0.000343	1.000000	1.000000	0.999987	0.000242	1.000000	1.000000	0.999976	0.000287	1.000000	1.000000	0.999309	0.000393	
1350066712.303200	1.000000	48.173691	34.963440	4.962723	1.000000	1.000000	0.999984	0.000322	1.000000	1.000000	0.999962	0.000324	1.000000	1.000000	0.999983	0.000255	1.000000	1.000000	0.999939	0.000270	1350066712.303336	1.000005	47.730657	34.477977	1.593605	1.000000	1.000000	0.997983	0.000355	1.000000	1.000000	0.999991	0.000272	1.000000	1.000000	0.999983	0.000341	1.000000	1.000000	1.000276	0.000375	
1350066713.303200	1.000000	48.227371	35.017502	4.968124	1.000000	1.000000	0.999960	0.000331	1.000000	1.000000	1.000004	0.000292	1.000000	1.000000	0.999893	0.000215	1.000000	1.000000	1.000069	0.000233	1350066713.303328	0.999992	47.721899	34.468755	1.587583	1.000000	1.000000	0.999993	0.000326	1.000000	1.000000	0.999977	0.000254	1.000000	1.000000	0.999991	0.000291	1.000000	1.000000	0.999705	0.000379	
1350066714.303200	1.000000	48.342819	35.132767	4.967102	1.000000	1.000000	0.999996	0.003661	1.000000	1.000000	0.999999	0.003310	1.000000	1.000000	0.999999	0.003224	1.000000	1.000000	0.999999	0.003187	1350066714.303332	1.000004	47.844594	34.584363	1.641458	1.000000	1.000000	1.000040	0.003502	1.000000	1.000000	0.999996	0.003142	1.000000	1.000000	0.999990	0.003297	1.000000	1.000000	1.000027	0.003921	
1350066715.303200	1.000000	48.195724	34.986206	4.963058	1.000000	1.000000	0.999999	0.001212	1.000000	1.000000	0.999971	0.000321	1.000000	1.000000	1.000030	0.000216	1.000000	1.000000	0.999939	0.000232	1350066715.303331	0.999999	47.757309	34.496676	1.592744	1.000000	1.000000	0.999942	0.002589	1.000000	1.000000	0.999993	0.000270	1.000000	1.000000	0.999732	0.000328	1.000000	1.000000	0.999692	0.000358	
1350066716.303200	1.000000	48.109833	34.897095	4.962982	1.000000	1.000000	0.999990	0.000309	1.000000	1.000000	0.999985	0.000300	1.000000	1.000000	1.000035	0.000256	1.000000	1.000000	1.000028	0.000258	1350066716.303329	0.999998	47.670181	34.422322	1.619067	1.000000	1.000000	1.000000	0.000361	1.000000	1.000000	0.999979	0.000273	1.000000	1.000000	1.000230	0.000368	1.000000	1.000000	1.000251	0.000409	
1350066717.303200	1.000000	48.031631	34.831787	4.952972	1.000000	1.000000	0.999971	0.000330	1.000000	1.000000	0.999987	0.000326	1.000000	1.000000	0.999973	0.000217	1.000000	1.000000	0.999969	0.000215	1350066717.303330	1.000001	47.711106	34.450941	1.590849	1.000000	1.000000	1.000031	0.000327	1.000000	1.000000	0.999990	0.000233	1.000000	1.000000	1.000048	0.000287	1.000000	1.000000	0.999979	0.000353	
1350066718.303200	1.000000	48.177414	34.966812	4.958450	1.000000	1.000000	0.999972	0.000305	1.000000	1.000000	0.999979	0.000318	1.000000	1.000000	0.999999	0.000259	1.000000	1.000000	0.999904	0.000277	1350066718.303330	1.000000	47.725937	34.469833	1.616562	1.000000	1.000000	0.999976	0.000375	1.000000	1.000000	0.999858	0.000279	1.000000	1.000000	0.999982	0.000354	1.000000	1.000000	1.000006	0.000375	
1350066719.303201	1.000001	48.155197	34.944974	4.968028	1.000000	1.000000	1.000124	0.000345	1.000000	1.000000	0.999985	0.000302	1.000000	1.000000	0.999974	0.000196	1.000000	1.000000	1.000074	0.000225	1350066719.303336	1.000006	47.727468	34.474282	1.589193	1.000000	1.000000	0.999952	0.000410	1.000000	1.000000	1.000133	0.000237	1.000000	1.000000	0.999990	0.000299	1.000000	1.000000	0.999988	0.000403	
1350066720.303201	1.000000	715764842.312805	715784289.382431	715765354.447433	0.999988	1.000204	0.999986	1.000207	0.999996	1.000204	0.999988	1.000203	0.999988	1.000206	0.999991	1.000202	0.999988	1.000207	0.999988	1.000204	1350066720.303299	0.999963	715827396.956238	715835946.089461	715847571.017854	0.999988	1.000204	0.999986	1.000206	3.893151	0.256913	0.999988	1.000204	0.999988	1.000206	0.999991	1.000202	0.999988	1.000206	0.999988	1.000205	
1350066721.303201	1.000000	0.000000	0.000000	0.000000	-nan	-nan	-nan	-nan	0.000000	inf	-nan	-nan	-nan	0.000000	0.000000	inf	-nan	-nan	-nan	-nan	1350066721.303271	0.999972	0.000000	0.000000	0.000000	-nan	-nan	-nan	-nan	0.000000	inf	-nan	-nan	-nan	-nan	-nan	-nan	-nan	-nan	-nan	-nan	
