ts_0	elapsed_0	pkg_0	pp0_0	dram_0	freq_ratio_0_0	c0_ratio_0_0	freq_ratio_0_1	c0_ratio_0_1	freq_ratio_0_2	c0_ratio_0_2	freq_ratio_0_3	c0_ratio_0_3	freq_ratio_0_4	c0_ratio_0_4	freq_ratio_0_5	c0_ratio_0_5	freq_ratio_0_6	c0_ratio_0_6	freq_ratio_0_7	c0_ratio_0_7	ts_1	elapsed_1	pkg_1	pp0_1	dram_1	freq_ratio_1_0	c0_ratio_1_0	freq_ratio_1_1	c0_ratio_1_1	freq_ratio_1_2	c0_ratio_1_2	freq_ratio_1_3	c0_ratio_1_3	freq_ratio_1_4	c0_ratio_1_4	freq_ratio_1_5	c0_ratio_1_5	freq_ratio_1_6	c0_ratio_1_6	freq_ratio_1_7	c0_ratio_1_7	
1350064518.555582	1.000369	47.930095	34.729111	4.854486	1.000000	1.000000	0.999215	0.000956	1.000000	1.000000	1.000012	0.000494	1.000000	1.000000	0.999991	0.000575	1.000000	1.000000	0.999973	0.000325	1350064518.555718	1.000350	34.668911	21.413328	2.628383	1.000000	1.000000	0.999997	0.000603	0.999737	0.000541	1.000000	1.000000	0.993787	0.000013	1.000896	0.000013	1.002144	0.000017	1.000284	0.000141	
1350064519.555579	0.999997	48.074032	34.875718	4.886627	1.000000	1.000000	1.000008	0.003594	1.000000	1.000000	0.999856	0.000330	1.000000	1.000000	0.999815	0.000181	1.000000	1.000000	1.000023	0.000286	1350064519.555704	0.999986	34.686325	21.451031	2.613532	1.000000	1.000000	1.000017	0.001744	0.999479	0.000344	1.000000	1.000000	0.997405	0.000080	0.996650	0.000049	1.000291	0.000057	0.999693	0.000186	
1350064520.555579	1.000000	48.049591	34.862625	4.885635	1.000000	1.000000	0.999826	0.000411	1.000000	1.000000	1.000092	0.000318	1.000000	1.000000	0.999946	0.000143	1.000000	1.000000	0.999848	0.000218	1350064520.555707	1.000003	35.049955	21.801843	2.410973	1.000000	1.000000	0.999975	0.009689	1.000942	0.000301	1.000000	1.000000	1.020147	0.000013	1.014479	0.000013	1.000620	0.000012	1.000781	0.000135	
1350064521.555579	1.000000	48.179489	34.995041	4.901810	1.000000	1.000000	1.000170	0.000249	1.000000	1.000000	0.999987	0.003059	1.000000	1.000000	1.000221	0.000185	1.000000	1.000000	0.999959	0.000261	1350064521.555702	0.999995	34.946876	21.698213	2.698378	1.000000	0.999999	0.999974	0.001388	0.991324	0.000320	1.000000	1.000000	0.995331	0.000056	0.999913	0.006106	0.996724	0.000069	0.999977	0.000169	
1350064522.555579	1.000000	48.198532	35.026611	4.897064	1.000000	1.000000	0.999983	0.000338	1.000000	1.000000	1.000015	0.004217	1.000000	1.000000	0.999914	0.000139	1.000000	1.000000	1.000127	0.000247	1350064522.555704	1.000002	34.720454	21.472066	2.785075	1.000000	1.000001	0.999944	0.000322	1.008528	0.000327	1.000000	1.000000	1.020457	0.000013	1.054423	0.000008	1.015259	0.000013	0.999772	0.000130	
1350064523.555579	1.000000	48.147079	34.961288	4.888321	1.000000	1.000000	0.999993	0.000267	1.000000	1.000000	0.999982	0.001835	1.000000	1.000000	0.999803	0.000188	1.000000	1.000000	0.999863	0.000225	1350064523.555704	1.000000	34.736954	21.487976	2.573318	1.000000	1.000000	1.000004	0.000387	1.000304	0.000359	1.000000	1.000000	0.999855	0.000051	0.999681	0.000054	1.000340	0.000057	1.000009	0.000626	
1350064524.555579	1.000000	48.112854	34.927597	4.882248	1.000000	1.000000	1.000016	0.000747	1.000000	1.000000	1.000086	0.000322	1.000000	1.000000	1.000221	0.000140	1.000000	1.000000	1.000017	0.000232	1350064524.555704	1.000000	34.718857	21.470093	2.439880	1.000000	1.000000	1.000030	0.000406	1.000045	0.000334	1.000000	1.000000	1.000030	0.000013	1.002038	0.000012	1.000759	0.000013	0.999990	0.000485	
1350064525.555579	1.000000	48.102386	34.915436	4.911713	1.000000	1.000000	0.999936	0.000269	1.000000	1.000000	0.999876	0.000324	1.000000	1.000000	1.000852	0.000181	1.000000	1.000000	1.000412	0.000270	1350064525.555706	1.000002	34.739069	21.490148	2.493510	1.000000	1.000000	0.999939	0.000369	0.999022	0.000348	1.000000	1.000000	0.998581	0.000052	0.999098	0.000172	0.995695	0.000062	0.999753	0.001090	
1350064526.555579	1.000000	48.099014	34.912033	4.924286	1.000000	1.000000	1.000493	0.000300	1.000000	1.000000	1.000094	0.000337	1.000000	1.000000	0.998973	0.000160	1.000000	1.000000	0.999561	0.000247	1350064526.555701	0.999995	34.743445	21.495332	2.493909	1.000000	1.000000	0.999988	0.000405	1.000455	0.000399	1.000000	1.000000	1.005955	0.000013	1.010932	0.000013	1.019974	0.000013	1.000250	0.000858	
1350064527.555579	1.000000	48.112259	34.925735	4.917404	1.000000	1.000000	0.999865	0.000246	1.000000	1.000000	0.999857	0.000321	1.000000	1.000000	0.999998	0.000177	1.000000	1.000000	0.999975	0.000250	1350064527.555706	1.000005	34.738046	21.490737	2.444705	1.000000	1.000000	0.999991	0.000447	0.999947	0.000318	1.000000	1.000000	1.000009	0.000083	0.999843	0.000089	0.999979	0.000091	0.999984	0.000819	
1350064528.555579	1.000000	48.133972	34.945618	4.920837	1.000000	1.000000	0.999983	0.000397	1.000000	1.000000	1.000098	0.000322	1.000000	1.000000	1.004684	0.000138	1.000000	1.000000	0.999986	0.000214	1350064528.555713	1.000007	34.728947	21.481373	2.431319	1.000000	1.000000	1.000038	0.000346	0.999971	0.000381	1.000000	1.000000	0.999849	0.000013	0.999542	0.000013	1.002123	0.000013	0.999977	0.000842	
1350064529.555579	1.000000	48.157318	34.971283	4.928574	1.000000	1.000000	0.999940	0.002596	1.000000	1.000000	0.999831	0.000323	1.000000	1.000000	0.996571	0.000192	1.000000	1.000000	0.999995	0.000253	1350064529.555707	0.999994	34.744241	21.494681	2.472534	1.000000	1.000000	0.999932	0.000359	0.999437	0.000399	1.000000	1.000000	0.995045	0.000052	0.998317	0.000158	0.996379	0.000061	0.999878	0.000816	
1350064530.555579	1.000000	48.125122	34.935883	4.910385	1.000000	1.000000	0.999939	0.000284	1.000000	1.000000	1.000145	0.000300	1.000000	1.000000	1.004701	0.000139	1.000000	1.000000	1.000005	0.000247	1350064530.555703	0.999996	34.732532	21.484691	2.450159	1.000000	1.000000	0.999989	0.000422	1.000121	0.000348	1.000000	1.000000	1.020347	0.000013	1.021736	0.000013	1.014930	0.000013	1.000128	0.000580	
1350064531.555579	1.000000	48.149597	34.957901	4.955170	1.000000	1.000000	1.000069	0.000247	1.000000	1.000000	0.999861	0.000325	1.000000	1.000000	0.995913	0.000158	1.000000	1.000000	0.999992	0.000244	1350064531.555706	1.000003	34.743514	21.495768	2.458778	1.000000	1.000000	0.999984	0.000411	1.000458	0.000387	1.000000	1.000000	0.999974	0.000073	1.000228	0.000066	0.999370	0.000070	0.999986	0.000725	
1350064532.555579	1.000000	48.336227	35.162735	4.936768	1.000000	1.000000	0.999992	0.000285	1.000000	1.000000	1.000005	0.005137	1.000000	1.000000	1.004072	0.000158	1.000000	1.000000	1.000048	0.000208	1350064532.555704	0.999998	34.706548	21.471370	2.674398	1.000000	1.000000	1.000157	0.000458	0.999959	0.000339	1.000000	1.000000	1.000000	0.000013	0.997558	0.000012	0.999819	0.000013	0.999967	0.000350	
1350064533.555579	1.000000	48.153564	34.966782	4.947189	1.000000	1.000000	0.999960	0.000270	1.000000	1.000000	0.999865	0.000301	1.000000	1.000000	0.995840	0.000166	1.000000	1.000000	0.999885	0.000258	1350064533.555706	1.000002	34.732951	21.485539	2.327525	1.000000	1.000000	1.000031	0.000409	0.999799	0.000375	1.000000	1.000000	0.992324	0.000047	0.998473	0.000122	0.997385	0.000067	0.998366	0.000199	
1350064534.555579	1.000000	48.134949	34.944870	4.914810	1.000000	1.000000	1.000200	0.000797	1.000000	1.000000	1.000055	0.000328	1.000000	1.000000	1.004149	0.000164	1.000000	1.000000	1.000018	0.000220	1350064534.555707	1.000001	34.716367	21.468668	2.474760	1.000000	1.000000	0.999935	0.000352	0.999930	0.000414	1.000000	1.000000	1.013405	0.000027	1.004563	0.000021	1.008703	0.000027	1.002247	0.000152	
1350064535.555579	1.000000	48.444427	35.256577	4.940948	1.000000	1.000000	0.999299	0.000192	1.000000	1.000000	0.999989	0.000308	1.000000	1.000000	0.999859	0.006169	1.000000	1.000000	1.000020	0.000266	1350064535.555704	0.999997	34.732774	21.484686	2.658837	1.000000	0.999999	0.999585	0.000386	1.000067	0.000281	1.000000	1.000000	0.996648	0.000061	0.996205	0.000062	0.995851	0.000061	1.000025	0.000170	
1350064536.555579	1.000000	48.851028	35.660049	4.934631	1.000000	1.000000	0.999965	0.000444	1.000000	1.000000	1.000006	0.000499	1.000000	1.000000	1.000017	0.009438	1.000000	1.000000	0.999881	0.000191	1350064536.555700	0.999996	34.739490	21.490886	3.445906	1.000000	1.000001	1.000238	0.000563	1.000266	0.000539	1.000000	1.000000	1.016982	0.000013	1.024771	0.000013	1.016367	0.000013	0.999569	0.000106	
1350064537.555579	1.000000	48.667633	35.475052	4.930328	1.000000	1.000000	0.999994	0.003757	1.000000	1.000000	0.999996	0.002993	1.000000	1.000000	0.999885	0.003697	1.000000	1.000000	1.000039	0.002696	1350064537.555738	1.000038	39.405779	26.156464	2.612221	1.000000	1.000000	1.000137	0.003381	0.999985	0.002939	1.000000	1.000000	0.999754	0.002520	0.999775	0.002545	0.999642	0.002184	1.000005	0.004002	
1350064538.555579	1.000000	48.277527	35.088852	4.934402	1.000000	1.000000	1.000037	0.003209	1.000000	1.000000	0.999976	0.000360	1.000000	1.000000	0.999057	0.000153	1.000000	1.000000	0.999477	0.000225	1350064538.555707	0.999969	34.748452	21.498591	2.639257	1.000000	0.999995	0.998721	0.000380	0.999901	0.000442	1.000000	1.000000	1.043015	0.000012	1.047676	0.000012	1.067207	0.000011	0.999969	0.000137	
1350064539.555579	1.000000	48.162216	34.970596	4.926590	1.000000	1.000000	0.999949	0.002445	1.000000	1.000000	0.999873	0.000316	1.000000	1.000000	0.999989	0.000178	1.000000	1.000000	1.000079	0.000253	1350064539.555705	0.999998	34.862615	21.614665	2.460088	0.999994	1.000005	0.999973	0.003616	0.999951	0.000395	1.000000	1.000000	1.000270	0.000099	0.999318	0.000105	0.999869	0.000106	0.999967	0.000451	
1350064540.555579	1.000000	48.111694	34.921478	4.922379	1.000000	1.000000	0.999907	0.000241	1.000000	1.000000	1.000097	0.000325	1.000000	1.000000	0.999978	0.000140	1.000000	1.000000	0.999966	0.000213	1350064540.555715	1.000010	34.740772	21.492323	2.413397	1.000006	1.000000	0.999990	0.000363	0.999514	0.000399	1.000000	1.000000	1.003577	0.000013	1.006485	0.000013	1.001014	0.000013	0.999977	0.000562	
1350064541.555579	1.000000	48.118835	34.930832	4.920990	1.000000	1.000000	1.000054	0.000252	1.000000	1.000000	0.999832	0.000301	1.000000	1.000000	0.999998	0.000182	1.000000	1.000000	0.999839	0.000259	1350064541.555706	0.999991	34.841105	21.591687	2.442603	1.000000	1.000000	0.999994	0.000416	0.999931	0.003483	1.000000	1.000000	0.995256	0.000046	0.998857	0.000116	1.000276	0.000068	0.999984	0.000265	
1350064542.555579	1.000000	48.136520	34.944244	4.940811	1.000000	1.000000	0.999913	0.000230	1.000000	1.000000	1.000079	0.000317	1.000000	1.000000	0.999919	0.000152	1.000000	1.000000	1.000053	0.000219	1350064542.555707	1.000001	34.880933	21.645762	2.425672	1.000000	0.999999	0.999993	0.000401	0.999978	0.006561	1.000000	1.000000	1.016646	0.000013	1.010592	0.000013	1.000276	0.000013	1.000030	0.000152	
1350064543.555579	1.000000	48.145004	34.952866	4.937668	1.000000	1.000000	1.000122	0.000205	1.000000	1.000000	0.999901	0.000319	1.000000	1.000000	0.999831	0.000173	1.000000	1.000000	1.000029	0.000254	1350064543.555706	0.999999	34.810901	21.562414	2.410174	1.000000	1.000001	0.999973	0.002516	0.999956	0.000614	1.000000	1.000000	0.997216	0.000075	0.995506	0.000068	0.995642	0.000069	0.998847	0.000175	
1350064544.555579	1.000000	48.132004	34.951996	4.930481	1.000000	1.000000	0.999986	0.001259	1.000000	1.000000	1.000275	0.000412	1.000000	1.000000	1.000219	0.000156	1.000000	1.000000	1.000011	0.000214	1350064544.555703	0.999997	34.711732	21.463796	2.458488	1.000000	1.000000	0.999708	0.000325	1.000137	0.000426	1.000000	1.000000	1.000291	0.000013	1.023384	0.000013	1.024633	0.000013	1.000892	0.000151	
1350064545.555579	1.000000	48.155167	34.963120	4.921631	1.000000	1.000000	1.000036	0.000170	1.000000	1.000000	0.999989	0.000314	1.000000	1.000000	1.000009	0.000181	1.000000	1.000000	0.999870	0.000276	1350064545.555707	1.000004	34.772747	21.524434	2.370001	1.000000	1.000000	0.999974	0.001921	1.001746	0.000406	1.000000	1.000000	1.004083	0.000048	0.999631	0.000111	0.999043	0.000060	1.000371	0.000176	
1350064546.555579	1.000000	48.142120	34.950546	4.932861	1.000000	1.000000	0.999927	0.000244	1.000000	1.000000	1.000003	0.000350	1.000000	1.000000	0.999844	0.000153	1.000000	1.000000	0.999994	0.000193	1350064546.555706	0.999999	34.750750	21.502233	2.372622	0.999994	1.000000	0.999982	0.000651	0.999647	0.001554	1.000000	1.000000	0.998783	0.000044	1.003509	0.000012	1.000851	0.000013	0.999001	0.000149	
1350064547.555579	1.000000	48.138031	34.948090	4.949326	1.000000	1.000000	1.000039	0.000170	1.000000	1.000000	0.999948	0.000318	1.000000	1.000000	0.999876	0.000190	1.000000	1.000000	1.000117	0.000271	1350064547.555706	1.000000	34.740768	21.492798	2.457703	1.000006	1.000000	0.999984	0.000388	0.999980	0.001128	1.000000	1.000000	1.001355	0.000052	1.000530	0.000060	1.000143	0.000059	1.000179	0.000707	
1350064548.555579	1.000000	48.149506	34.958160	4.907104	1.000000	1.000000	1.000556	0.000250	1.000000	1.000000	1.000024	0.000317	1.000000	1.000000	1.000245	0.000121	1.000000	1.000000	0.999939	0.000214	1350064548.555706	1.000000	34.719437	21.470947	2.422531	1.000000	1.000000	0.999978	0.000345	0.999521	0.000397	1.000000	1.000000	0.999757	0.000013	0.996495	0.000012	1.000215	0.000013	0.999994	0.000884	
1350064549.555579	1.000000	48.509766	35.319199	4.937653	1.000000	1.000000	0.999950	0.002443	1.000000	1.000000	0.999991	0.000290	1.000000	1.000000	0.999986	0.006793	1.000000	1.000000	1.000392	0.000246	1350064549.555704	0.999998	34.720067	21.471644	2.671178	1.000000	1.000000	1.000001	0.000374	1.000208	0.000433	1.000000	1.000000	0.995836	0.000062	0.996920	0.000072	0.996233	0.000060	0.998973	0.000233	
1350064550.555581	1.000002	715761078.417407	715812596.504294	715814067.085932	0.999980	1.000153	0.999978	1.000157	0.999988	1.000155	0.999981	1.000158	0.999980	1.000155	0.999982	1.000150	0.999981	1.000158	0.999980	1.000153	1350064550.555686	0.999982	715836982.732561	715835554.541221	715820587.279094	0.999980	1.000157	0.999978	1.000156	3.893667	0.256864	0.999980	1.000151	0.999980	1.000154	0.999983	1.000154	0.999979	1.000152	0.999981	1.000157	
1350064551.555579	0.999998	0.000000	0.000000	0.000000	-nan	-nan	-nan	-nan	0.000000	inf	-nan	-nan	-nan	0.000000	-nan	-nan	-nan	-nan	-nan	-nan	1350064551.555655	0.999969	0.000000	0.000000	0.000000	-nan	-nan	-nan	-nan	0.000000	inf	-nan	-nan	-nan	-nan	-nan	-nan	-nan	-nan	-nan	-nan	
