ts_0	elapsed_0	pkg_0	pp0_0	dram_0	freq_ratio_0_0	c0_ratio_0_0	freq_ratio_0_1	c0_ratio_0_1	freq_ratio_0_2	c0_ratio_0_2	freq_ratio_0_3	c0_ratio_0_3	freq_ratio_0_4	c0_ratio_0_4	freq_ratio_0_5	c0_ratio_0_5	freq_ratio_0_6	c0_ratio_0_6	freq_ratio_0_7	c0_ratio_0_7	ts_1	elapsed_1	pkg_1	pp0_1	dram_1	freq_ratio_1_0	c0_ratio_1_0	freq_ratio_1_1	c0_ratio_1_1	freq_ratio_1_2	c0_ratio_1_2	freq_ratio_1_3	c0_ratio_1_3	freq_ratio_1_4	c0_ratio_1_4	freq_ratio_1_5	c0_ratio_1_5	freq_ratio_1_6	c0_ratio_1_6	freq_ratio_1_7	c0_ratio_1_7	
1350064518.554874	1.000355	49.082627	35.924152	6.119105	1.000000	1.000000	0.999792	0.005585	0.999967	0.004382	1.000000	1.000000	1.000000	1.000000	1.000003	0.000355	1.000000	1.000000	1.000016	0.000377	1350064518.555017	1.000351	35.962888	22.721945	3.902653	0.998969	0.000415	1.000000	1.000000	1.000000	1.000000	0.999969	0.000482	0.999825	0.000068	1.000137	0.000104	0.998616	0.000078	0.997595	0.000068	
1350064519.554864	0.999990	49.112156	35.941171	6.121460	1.000000	1.000000	1.000224	0.000351	0.999971	0.007037	1.000000	1.000000	1.000000	1.000000	0.999788	0.000228	1.000000	1.000000	0.999987	0.000208	1350064519.554993	0.999976	35.991132	22.734770	3.915866	0.999973	0.000366	1.000000	1.000000	1.000000	1.000000	1.000201	0.000262	1.008092	0.000008	1.007469	0.000008	0.988641	0.000008	1.001167	0.000008	
1350064520.554864	1.000000	49.178085	35.999084	6.109070	1.000000	1.000000	0.999940	0.001833	0.999965	0.005331	1.000000	1.000000	1.000000	1.000000	1.000173	0.000238	1.000000	1.000000	0.999939	0.000253	1350064520.555002	1.000009	36.012720	22.755699	3.803585	1.000006	0.000319	1.000000	1.000000	1.000000	1.000000	0.999269	0.000335	0.996567	0.000056	0.998296	0.000116	1.000810	0.000054	1.000006	0.000181	
1350064521.554864	1.000000	48.972763	35.789902	6.096695	1.000000	1.000000	1.000039	0.003163	1.000034	0.000224	1.000000	1.000000	1.000000	1.000000	0.999864	0.000230	1.000000	1.000000	0.999897	0.000210	1350064521.554998	0.999996	36.024240	22.763230	2.909451	1.000028	0.000368	1.000000	1.000000	1.000000	1.000000	1.000723	0.000322	1.022116	0.000008	1.021122	0.000008	1.021160	0.000008	1.023335	0.000008	
1350064522.554864	1.000000	48.878937	35.697311	6.121399	1.000000	1.000000	1.000006	0.000316	0.999907	0.000379	1.000000	1.000000	1.000000	1.000000	1.000566	0.000273	1.000000	1.000000	1.000483	0.000256	1350064522.555000	1.000002	36.039757	22.779040	2.708170	0.999994	0.001164	1.000000	1.000000	1.000000	1.000000	0.999993	0.000409	0.998896	0.000075	0.997574	0.000072	0.997346	0.000076	0.997481	0.000075	
1350064523.554864	1.000000	48.809921	35.641632	6.109070	1.000000	1.000000	1.000024	0.000322	1.000721	0.000241	1.000000	1.000000	1.000000	1.000000	1.000145	0.000211	1.000000	1.000000	1.000118	0.000190	1350064523.554987	0.999987	36.029189	22.768243	2.717702	0.999906	0.000882	1.000000	1.000000	1.000000	1.000000	0.999964	0.000376	1.010956	0.000008	1.023696	0.000008	1.021209	0.000008	1.019994	0.000008	
1350064524.554864	1.000000	48.875626	35.693054	6.127563	1.000000	1.000000	0.999504	0.000361	0.999457	0.000325	1.000000	1.000000	1.000000	1.000000	0.999413	0.000269	1.000000	1.000000	0.999492	0.000284	1350064524.554996	1.000009	36.038538	22.775276	2.731588	1.000168	0.000418	1.000000	1.000000	1.000000	1.000000	0.999525	0.000459	0.997381	0.000081	0.997356	0.000093	0.990568	0.000068	0.996437	0.000180	
1350064525.554864	1.000000	48.867661	35.682404	6.102905	1.000000	1.000000	0.999999	0.000412	1.000020	0.000212	1.000000	1.000000	1.000000	1.000000	0.999839	0.000211	1.000000	1.000000	0.999937	0.000213	1350064525.554992	0.999996	36.000710	22.751588	2.717723	0.999975	0.000437	1.000000	1.000000	1.000000	1.000000	1.000574	0.000371	1.025573	0.000008	1.003641	0.000067	1.022320	0.000031	0.999337	0.000038	
1350064526.554864	1.000000	48.879517	35.694916	6.102905	1.000000	1.000000	1.000276	0.000618	0.999917	0.000379	1.000000	1.000000	1.000000	1.000000	1.000046	0.000252	1.000000	1.000000	1.000096	0.000233	1350064526.554996	1.000004	36.041922	22.776748	2.717610	0.999975	0.000412	1.000000	1.000000	1.000000	1.000000	0.999985	0.000435	1.000016	0.000073	1.000210	0.000057	0.998828	0.000073	1.004178	0.000083	
1350064527.554864	1.000000	48.878235	35.689224	6.090576	1.000000	1.000000	0.999979	0.000332	1.000030	0.000269	1.000000	1.000000	1.000000	1.000000	1.000038	0.000214	1.000000	1.000000	0.999943	0.000211	1350064527.554992	0.999996	36.033425	22.770036	2.709835	0.999988	0.000458	1.000000	1.000000	1.000000	1.000000	0.999990	0.000362	1.000000	0.000008	0.997311	0.000008	1.004117	0.000008	1.037684	0.000008	
1350064528.554864	1.000000	48.878860	35.689621	6.121399	1.000000	1.000000	0.999922	0.002266	0.999969	0.000290	1.000000	1.000000	1.000000	1.000000	1.000010	0.000270	1.000000	1.000000	0.999970	0.000254	1350064528.554992	1.000000	36.040665	22.779465	2.709534	0.999993	0.000453	1.000000	1.000000	1.000000	1.000000	0.999986	0.000457	1.000211	0.000053	0.998466	0.000065	0.996266	0.000059	0.998776	0.000157	
1350064529.554864	1.000000	48.858383	35.669922	6.121399	1.000000	1.000000	1.000105	0.000301	1.000035	0.000220	1.000000	1.000000	1.000000	1.000000	0.999800	0.000232	1.000000	1.000000	0.999890	0.000211	1350064529.554993	1.000001	36.039928	22.779367	2.715574	0.999981	0.000425	1.000000	1.000000	1.000000	1.000000	0.999982	0.000322	0.998368	0.000008	1.013432	0.000008	1.034633	0.000008	1.010821	0.000008	
1350064530.554864	1.000000	48.872040	35.681824	6.121399	1.000000	1.000000	0.999879	0.000346	0.999913	0.000289	1.000000	1.000000	1.000000	1.000000	1.000162	0.000229	1.000000	1.000000	1.000103	0.000250	1350064530.554994	1.000001	36.036236	22.772683	2.707410	0.999999	0.000414	1.000000	1.000000	1.000000	1.000000	0.999998	0.000491	1.000083	0.000069	0.999936	0.000108	0.999928	0.000065	1.000047	0.000066	
1350064531.554864	1.000000	48.809158	35.631866	6.121216	1.000000	1.000000	1.000267	0.000610	1.000044	0.000239	1.000000	1.000000	1.000000	1.000000	0.999932	0.000243	1.000000	1.000000	0.999920	0.000212	1350064531.554993	0.999999	36.030262	22.768393	2.715258	0.999990	0.000448	1.000000	1.000000	1.000000	1.000000	0.999660	0.000319	0.976040	0.000008	0.977233	0.000008	0.975010	0.000008	0.993342	0.000008	
1350064532.554864	1.000000	48.841110	35.650543	6.102905	1.000000	1.000000	0.999993	0.000318	0.999988	0.000287	1.000000	1.000000	1.000000	1.000000	1.000035	0.000266	1.000000	1.000000	0.999979	0.000260	1350064532.554996	1.000003	36.037074	22.777960	2.709357	0.999998	0.000386	1.000000	1.000000	1.000000	1.000000	1.000191	0.000526	1.001755	0.000058	0.999942	0.000066	0.999988	0.000066	0.998719	0.000121	
1350064533.554864	1.000000	48.842407	35.652832	6.121399	1.000000	1.000000	0.999989	0.000304	0.999982	0.000254	1.000000	1.000000	1.000000	1.000000	0.999759	0.000213	1.000000	1.000000	1.000025	0.000212	1350064533.554994	0.999998	35.993477	22.745832	2.715612	0.999989	0.000439	1.000000	1.000000	1.000000	1.000000	0.999994	0.000339	1.011033	0.000008	1.018386	0.000008	1.023630	0.000008	1.043523	0.000008	
1350064534.554864	1.000000	48.801346	35.611237	6.121399	1.000000	1.000000	0.999950	0.000358	1.000474	0.000290	1.000000	1.000000	1.000000	1.000000	1.000717	0.000255	1.000000	1.000000	1.000401	0.000237	1350064534.555002	1.000008	36.015348	22.754622	2.706414	1.000022	0.000425	1.000000	1.000000	1.000000	1.000000	0.999986	0.000471	0.999976	0.000080	1.000514	0.000070	0.999010	0.000071	0.996634	0.000072	
1350064535.554864	1.000000	48.852112	35.658173	6.121399	1.000000	1.000000	1.000049	0.000334	0.999927	0.000213	1.000000	1.000000	1.000000	1.000000	0.999962	0.000212	1.000000	1.000000	0.999993	0.000210	1350064535.554994	0.999992	36.021273	22.763948	2.712012	1.000022	0.000448	1.000000	1.000000	1.000000	1.000000	0.999987	0.000457	1.000790	0.000008	1.000104	0.000070	1.010729	0.000008	1.024441	0.000008	
1350064536.554864	1.000000	48.872299	35.678040	6.121353	1.000000	1.000000	0.999813	0.000935	0.999724	0.000575	1.000000	1.000000	1.000000	1.000000	0.999450	0.000265	1.000000	1.000000	0.999624	0.000265	1350064536.554995	1.000001	36.019527	22.761941	2.715070	0.999940	0.000611	1.000000	1.000000	1.000000	1.000000	0.999969	0.000674	0.999926	0.000094	0.999912	0.000113	0.992522	0.000073	0.997261	0.000221	
1350064537.554864	1.000000	49.302719	36.109543	6.114319	1.000000	1.000000	0.999996	0.003563	0.999998	0.002592	1.000000	1.000000	1.000000	1.000000	0.999994	0.002397	1.000000	1.000000	0.999990	0.002272	1350064537.555016	1.000021	36.037437	22.780391	2.703755	0.999991	0.004592	1.000000	1.000000	1.000000	1.000000	0.999996	0.000417	1.000000	0.000008	0.999750	0.000008	1.018307	0.000030	1.001959	0.000038	
1350064538.554864	1.000000	48.836426	35.642029	6.127563	1.000000	1.000000	0.999994	0.002262	0.999979	0.000281	1.000000	1.000000	1.000000	1.000000	1.000005	0.000246	1.000000	1.000000	0.999996	0.000260	1350064538.554993	0.999977	36.024720	22.769625	2.717897	1.000087	0.000421	1.000000	1.000000	1.000000	1.000000	1.000004	0.000529	0.998772	0.000072	0.997213	0.000071	0.997222	0.000071	1.003020	0.000121	
1350064539.554864	1.000000	48.828217	35.636780	6.127563	1.000000	1.000000	1.000047	0.000338	1.000007	0.000214	1.000000	1.000000	1.000000	1.000000	0.999935	0.000238	1.000000	1.000000	0.999998	0.000212	1350064539.554991	0.999998	36.010841	22.754072	2.714986	0.999992	0.000436	1.000000	1.000000	1.000000	1.000000	0.999984	0.000481	1.011094	0.000008	1.025728	0.000008	1.019205	0.000008	1.025808	0.000008	
1350064540.554864	1.000000	48.826797	35.634430	6.115234	1.000000	1.000000	0.999837	0.000341	0.999914	0.000243	1.000000	1.000000	1.000000	1.000000	1.000008	0.000229	1.000000	1.000000	0.999995	0.000254	1350064540.554991	1.000000	36.008881	22.754837	2.714828	0.999976	0.000387	1.000000	1.000000	1.000000	1.000000	0.999990	0.000689	0.999995	0.000072	0.999257	0.000116	1.000608	0.000071	0.999990	0.000081	
1350064541.554864	1.000000	48.783203	35.604935	6.121399	1.000000	1.000000	1.000075	0.000608	1.000089	0.000225	1.000000	1.000000	1.000000	1.000000	0.999874	0.000232	1.000000	1.000000	0.999996	0.000213	1350064541.554998	1.000007	36.006572	22.751353	2.709332	1.000003	0.000438	1.000000	1.000000	1.000000	1.000000	0.999988	0.000494	1.001613	0.000008	1.003332	0.000030	0.993053	0.000008	1.000990	0.000008	
1350064542.554864	1.000000	48.824417	35.631348	6.121399	1.000000	1.000000	0.999832	0.000301	0.999915	0.000296	1.000000	1.000000	1.000000	1.000000	1.000113	0.000249	1.000000	1.000000	0.999970	0.000233	1350064542.554993	0.999995	36.014951	22.759101	2.715071	0.999967	0.000439	1.000000	1.000000	1.000000	1.000000	0.999976	0.000665	0.999860	0.000072	0.999637	0.000064	1.000046	0.000058	0.997988	0.000072	
1350064543.554864	1.000000	48.825302	35.632812	6.127563	1.000000	1.000000	1.000119	0.000302	1.000029	0.000240	1.000000	1.000000	1.000000	1.000000	0.999812	0.000212	1.000000	1.000000	0.999908	0.000231	1350064543.554990	0.999997	35.976445	22.735697	2.709878	1.000019	0.000381	1.000000	1.000000	1.000000	1.000000	1.000000	0.000453	1.000000	0.000008	1.000598	0.000008	1.005752	0.000008	1.012413	0.000008	
1350064544.554864	1.000000	48.824905	35.633514	6.127563	1.000000	1.000000	0.999954	0.000434	0.999941	0.000288	1.000000	1.000000	1.000000	1.000000	1.000120	0.000254	1.000000	1.000000	1.000106	0.000247	1350064544.554996	1.000006	36.033522	22.780000	2.712417	1.000019	0.001166	1.000000	1.000000	1.000000	1.000000	0.999980	0.000658	0.997869	0.000071	0.998217	0.000065	0.994771	0.000052	0.997848	0.000080	
1350064545.554864	1.000000	48.850540	35.661057	6.109070	1.000000	1.000000	0.999994	0.000395	0.999991	0.000214	1.000000	1.000000	1.000000	1.000000	0.999847	0.000212	1.000000	1.000000	0.999800	0.000193	1350064545.554995	0.999999	36.015385	22.763037	2.715441	0.999985	0.000467	1.000000	1.000000	1.000000	1.000000	0.999993	0.000446	1.007906	0.000008	0.998158	0.000071	1.010507	0.000008	1.001100	0.000008	
1350064546.554864	1.000000	48.865875	35.675598	6.133728	1.000000	1.000000	1.000017	0.000623	1.000416	0.000331	1.000000	1.000000	1.000000	1.000000	1.000635	0.000262	1.000000	1.000000	1.000517	0.000250	1350064546.554992	0.999997	36.028524	22.775064	2.711907	0.999982	0.000461	1.000000	1.000000	1.000000	1.000000	0.999989	0.000678	1.001020	0.000085	1.003569	0.000069	0.999854	0.000066	1.000174	0.000073	
1350064547.554864	1.000000	48.842896	35.652573	6.121399	1.000000	1.000000	1.000479	0.000314	1.000094	0.000212	1.000000	1.000000	1.000000	1.000000	1.000036	0.000228	1.000000	1.000000	1.000041	0.000209	1350064547.554999	1.000007	36.008342	22.753642	2.712902	0.999961	0.000436	1.000000	1.000000	1.000000	1.000000	0.999984	0.000620	0.999754	0.000008	1.002200	0.000008	1.025087	0.000008	1.023777	0.000008	
1350064548.554864	1.000000	48.883362	35.692505	6.109070	1.000000	1.000000	0.999912	0.002265	0.999383	0.000271	1.000000	1.000000	1.000000	1.000000	0.999376	0.000259	1.000000	1.000000	0.999532	0.000266	1350064548.554998	0.999999	36.026035	22.769294	2.709735	0.999993	0.000432	1.000000	1.000000	1.000000	1.000000	0.999989	0.000510	1.000004	0.000101	0.999695	0.000095	0.992245	0.000067	0.991789	0.000078	
1350064549.554864	1.000000	48.803787	35.625519	6.109070	1.000000	1.000000	1.000034	0.000336	0.999916	0.000211	1.000000	1.000000	1.000000	1.000000	0.999942	0.000232	1.000000	1.000000	0.999949	0.000213	1350064549.555000	1.000002	36.025444	22.768206	2.712748	0.999994	0.000436	1.000000	1.000000	1.000000	1.000000	0.999978	0.000443	1.001977	0.000008	1.000049	0.000008	1.017161	0.000030	1.003100	0.000038	
1350064550.554866	1.000002	715773437.723927	715762313.573026	715773481.685788	0.999982	1.000166	0.999980	1.000170	0.999990	1.000165	0.999983	1.000174	0.999982	1.000167	0.999984	1.000161	0.999982	1.000166	0.999983	1.000168	1350064550.554975	0.999975	715792734.592990	715820712.261262	715829061.252115	0.999982	1.000168	0.999980	1.000170	3.893536	0.256877	0.999982	1.000163	0.999983	1.000171	0.999984	1.000161	0.999982	1.000169	0.999982	1.000164	
1350064551.554924	1.000058	0.000000	0.000000	0.000000	-nan	-nan	-nan	-nan	0.000000	inf	-nan	-nan	-nan	0.000000	-nan	-nan	-nan	-nan	-nan	-nan	1350064551.555003	1.000028	0.000000	0.000000	0.000000	-nan	-nan	-nan	-nan	0.000000	inf	-nan	-nan	-nan	-nan	-nan	-nan	-nan	-nan	-nan	-nan	
