ts_0	elapsed_0	pkg_0	pp0_0	dram_0	freq_ratio_0_0	c0_ratio_0_0	freq_ratio_0_1	c0_ratio_0_1	freq_ratio_0_2	c0_ratio_0_2	freq_ratio_0_3	c0_ratio_0_3	freq_ratio_0_4	c0_ratio_0_4	freq_ratio_0_5	c0_ratio_0_5	freq_ratio_0_6	c0_ratio_0_6	freq_ratio_0_7	c0_ratio_0_7	ts_1	elapsed_1	pkg_1	pp0_1	dram_1	freq_ratio_1_0	c0_ratio_1_0	freq_ratio_1_1	c0_ratio_1_1	freq_ratio_1_2	c0_ratio_1_2	freq_ratio_1_3	c0_ratio_1_3	freq_ratio_1_4	c0_ratio_1_4	freq_ratio_1_5	c0_ratio_1_5	freq_ratio_1_6	c0_ratio_1_6	freq_ratio_1_7	c0_ratio_1_7	
1349417836.650578	1.001397	59.328547	45.265900	0.000000	0.999797	0.916263	0.999712	0.907486	0.999788	0.907501	0.999952	0.890955	0.999833	0.875619	0.999935	0.883026	0.999865	0.854059	0.999901	0.840374	1349417836.650667	1.000409	60.214271	46.398524	0.000000	0.999986	0.908196	0.999977	0.908978	1.000001	0.908181	1.000001	0.885023	0.999978	0.884795	1.000001	0.884489	0.999980	0.884504	0.999985	0.987487	
1349417837.650570	0.999992	64.000107	49.713233	0.000000	0.999908	0.970471	0.999925	0.970571	0.999962	0.970282	0.999983	0.970225	0.999944	0.970454	0.999972	0.970259	0.999962	0.970248	0.999963	0.970245	1349417837.650654	0.999987	63.906081	49.854093	0.000000	1.000000	0.970336	1.000000	0.970500	1.000000	0.970383	1.000000	0.970300	1.000000	0.970303	1.000000	0.970454	1.000000	0.970420	1.000000	1.000000	
1349417838.650572	1.000002	56.031128	41.812817	0.000000	0.999910	0.788567	0.999879	0.788785	0.999985	0.788399	0.999986	0.788370	0.999924	0.788585	0.999987	0.788329	0.999923	0.788338	0.999971	0.788225	1349417838.650677	1.000023	57.727667	43.738821	0.000000	1.000000	0.788308	1.000000	0.788480	1.000000	0.788412	1.000000	0.788294	1.000000	0.788430	1.000000	0.788456	1.000000	0.788670	1.000000	1.000000	
1349417839.650586	1.000014	67.088152	52.351528	0.000000	0.999891	0.989136	0.999947	0.989096	0.999956	0.988911	0.999981	0.988847	0.999937	0.989060	0.999968	0.988882	0.999968	0.988885	0.999969	0.988881	1349417839.650684	1.000007	66.841213	52.341771	0.000000	1.000000	0.988891	1.000000	0.989093	1.000000	0.988950	1.000000	0.988961	1.000000	0.988931	1.000000	0.989106	1.000000	0.989037	1.000000	0.999999	
1349417840.650582	0.999996	67.387465	52.431182	0.000000	0.999876	0.971052	0.999906	0.971034	0.999939	0.970888	0.999973	0.970740	0.999880	0.971034	0.999974	0.970810	0.999941	0.970828	0.999949	0.970896	1349417840.650666	0.999982	67.272642	52.563013	0.000000	1.000000	0.970880	1.000000	0.971047	1.000000	0.970866	1.000000	0.970897	1.000000	0.970859	1.000000	0.971079	1.000000	0.970954	1.000000	1.000000	
1349417841.650575	0.999993	69.856501	54.649243	0.000000	0.999954	0.999310	0.999961	0.999403	0.999979	0.999228	0.999986	0.999195	0.999953	0.999375	0.999987	0.999162	0.999970	0.999102	0.999970	0.999086	1349417841.650663	0.999997	69.353517	54.443498	0.000000	1.000000	0.999237	1.000000	0.999392	1.000000	0.999327	1.000000	0.999151	1.000000	0.999223	1.000000	0.999289	1.000000	0.999308	1.000000	0.999995	
1349417842.650571	0.999996	69.945535	54.726372	0.000000	1.000000	0.999839	1.000000	1.000000	1.000000	0.999720	1.000000	0.999737	1.000000	0.999905	1.000000	0.999701	1.000000	0.999684	1.000000	0.999633	1349417842.650658	0.999995	69.467755	54.555312	0.000000	1.000000	0.999759	1.000000	0.999846	1.000000	0.999728	1.000000	0.999736	1.000000	0.999722	1.000000	0.999849	1.000000	0.999841	1.000000	1.000000	
1349417843.650571	1.000000	69.913971	54.707947	0.000000	1.000000	0.999954	1.000000	1.000000	1.000000	0.999916	1.000000	0.999748	1.000000	0.999952	1.000000	0.999832	1.000000	0.999823	1.000000	0.999838	1349417843.650661	1.000003	69.538267	54.626738	0.000000	1.000000	0.999913	1.000000	0.999958	1.000000	0.999928	1.000000	0.999874	1.000000	0.999740	1.000000	0.999942	1.000000	0.999784	1.000000	1.000000	
1349417844.650589	1.000018	70.000259	54.776502	0.000000	1.000000	0.999654	1.000000	0.999717	1.000000	0.999522	1.000000	0.999398	1.000000	0.999585	1.000000	0.999447	1.000000	0.999517	1.000000	0.999444	1349417844.650678	1.000017	69.555692	54.645575	0.000000	1.000000	0.999440	1.000000	0.999631	1.000000	0.999529	1.000000	0.999474	1.000000	0.999504	1.000000	0.999615	1.000000	0.999620	1.000000	1.000000	
1349417845.650571	0.999982	69.899642	54.705370	0.000000	1.000000	0.999898	1.000000	1.000000	1.000000	0.999737	1.000000	0.999739	1.000000	0.999875	1.000000	0.999767	1.000000	0.999719	1.000000	0.999752	1349417845.650660	0.999982	69.486853	54.602463	0.000000	1.000000	0.999767	1.000000	0.999866	1.000000	0.999761	1.000000	0.999776	1.000000	0.999630	1.000000	0.999881	1.000000	0.999765	1.000000	1.000000	
1349417846.650572	1.000001	70.141046	54.901361	0.000000	1.000000	0.999480	1.000000	0.999438	1.000000	0.999391	1.000000	0.999406	1.000000	0.999444	1.000000	0.999336	1.000000	0.999345	1.000000	0.999296	1349417846.650660	1.000000	69.675858	54.752960	0.000000	1.000000	0.999337	1.000000	0.999436	1.000000	0.999398	1.000000	0.999316	1.000000	0.999397	1.000000	0.999387	1.000000	0.999435	1.000000	1.000000	
1349417847.650571	0.999999	70.101812	54.876624	0.000000	1.000000	0.999939	0.999999	1.000000	1.000000	0.999869	1.000000	0.999824	1.000000	0.999916	1.000000	0.999839	1.000001	0.999751	1.000000	0.999698	1349417847.650662	1.000002	69.597981	54.690997	0.000000	1.000000	0.999833	1.000000	0.999958	1.000000	0.999919	1.000000	0.999749	1.000000	0.999864	1.000000	0.999870	1.000000	0.999903	1.000000	0.999996	
1349417848.650572	1.000001	70.105783	54.887124	0.000000	1.000000	1.000000	1.000001	1.000000	1.000000	1.000000	1.000000	1.000000	1.000000	1.000000	1.000000	0.999881	1.000000	0.999857	1.000000	0.999809	1349417848.650664	1.000002	69.731968	54.817690	0.000000	1.000000	0.999873	1.000000	1.000000	1.000000	1.000000	1.000000	0.999834	1.000000	1.000000	1.000000	0.999902	1.000000	1.000000	1.000000	1.000000	
1349417849.650582	1.000010	715762467.675393	715799150.968692	715820716.793375	0.999970	1.000020	0.999973	1.000044	0.999974	1.000043	0.999972	1.000027	0.999973	1.000035	0.999975	1.000027	0.999971	1.000025	0.999975	1.000040	1349417849.650691	1.000027	715786659.082551	715797603.731612	715808599.907788	0.999972	1.000029	0.999970	1.000034	3.894075	0.256806	0.999971	1.000023	0.999973	1.000036	0.999975	1.000025	0.999972	1.000029	0.999974	1.000036	
1349417850.650667	1.000085	0.000000	0.000000	0.000000	-nan	-nan	-nan	-nan	1.000008	inf	-nan	-nan	-nan	0.000000	-nan	-nan	-nan	-nan	-nan	-nan	1349417850.650748	1.000057	0.000000	0.000000	0.000000	-nan	-nan	-nan	-nan	1.345745	inf	-nan	-nan	-nan	-nan	-nan	-nan	-nan	-nan	-nan	-nan	
