ts_0	elapsed_0	pkg_0	pp0_0	dram_0	freq_ratio_0_0	c0_ratio_0_0	freq_ratio_0_1	c0_ratio_0_1	freq_ratio_0_2	c0_ratio_0_2	freq_ratio_0_3	c0_ratio_0_3	freq_ratio_0_4	c0_ratio_0_4	freq_ratio_0_5	c0_ratio_0_5	freq_ratio_0_6	c0_ratio_0_6	freq_ratio_0_7	c0_ratio_0_7	ts_1	elapsed_1	pkg_1	pp0_1	dram_1	freq_ratio_1_0	c0_ratio_1_0	freq_ratio_1_1	c0_ratio_1_1	freq_ratio_1_2	c0_ratio_1_2	freq_ratio_1_3	c0_ratio_1_3	freq_ratio_1_4	c0_ratio_1_4	freq_ratio_1_5	c0_ratio_1_5	freq_ratio_1_6	c0_ratio_1_6	freq_ratio_1_7	c0_ratio_1_7	
1350068052.571113	1.000452	29.975448	16.726539	6.100087	1.000000	1.000000	1.000015	0.001017	0.999960	0.000214	0.999986	0.000213	0.999961	0.000288	1.000521	0.000930	1.007762	0.000056	1.007376	0.000073	1350068052.571339	1.000464	29.333909	16.306460	3.005503	1.000000	1.000000	0.999695	0.000532	0.999992	0.000524	0.999969	0.000237	1.000087	0.000102	1.000188	0.000123	0.999092	0.000094	0.994671	0.000163	
1350068053.571103	0.999990	29.962641	16.700668	6.133606	1.000000	1.000000	0.997783	0.000325	1.000047	0.000017	0.999965	0.000109	0.999965	0.000044	1.001766	0.000012	1.005784	0.000012	0.999968	0.000012	1350068053.571311	0.999972	29.350810	16.311811	2.715423	1.000000	1.000000	0.999983	0.000249	0.999916	0.000119	0.987450	0.000017	0.984317	0.000013	0.995896	0.000051	0.991577	0.000013	1.029207	0.000023	
1350068054.571110	1.000007	29.994193	16.730887	6.121250	1.000000	1.000000	0.999983	0.000334	0.999465	0.000063	0.999998	0.002248	0.999839	0.000055	0.999277	0.000055	0.996549	0.000052	0.999881	0.000081	1350068054.571325	1.000014	29.369796	16.329879	2.742561	1.000000	0.999995	0.999981	0.000239	0.999784	0.000123	1.002800	0.000066	1.002248	0.000074	1.002087	0.000086	1.002695	0.000063	1.002918	0.000052	
1350068055.571103	0.999993	29.992517	16.731378	6.115200	1.000000	1.000000	1.000156	0.001038	1.000331	0.000110	0.999994	0.000556	0.999732	0.000053	1.003336	0.000012	0.987928	0.000012	1.000886	0.000012	1350068055.571315	0.999990	29.373295	16.331401	2.709393	1.000000	1.000005	0.999982	0.000304	1.000244	0.000125	1.001065	0.000022	1.001558	0.000013	0.998246	0.000057	1.002773	0.000013	0.998734	0.000012	
1350068056.571103	1.000000	29.977097	16.714752	6.115143	1.000000	1.000000	1.001451	0.000372	0.999898	0.000049	0.999988	0.000129	1.000639	0.000050	0.999808	0.000133	1.005305	0.000057	1.000077	0.000050	1350068056.571321	1.000006	29.371315	16.329340	2.754912	1.000000	0.999994	0.999995	0.000246	1.000045	0.000173	0.999945	0.000070	0.999819	0.000051	1.001496	0.000081	0.999860	0.000063	1.000319	0.000215	
1350068057.571103	1.000000	29.935608	16.685104	6.108978	1.000000	1.000000	0.997906	0.000344	1.000055	0.000021	0.999986	0.000109	0.999603	0.000045	1.001790	0.000012	1.000336	0.000041	0.996711	0.000012	1350068057.571309	0.999988	29.385269	16.339535	2.715410	1.000000	1.000006	0.999992	0.000228	0.999961	0.000109	0.999895	0.000022	1.001411	0.000013	0.999872	0.000051	0.992907	0.000013	0.981503	0.000013	
1350068058.571103	1.000000	29.993835	16.731598	6.127563	1.000000	1.000000	0.999975	0.000339	0.999886	0.000047	0.999903	0.000146	1.000225	0.000065	0.999745	0.000051	1.000251	0.000044	1.000222	0.000175	1350068058.571313	1.000004	29.395434	16.349192	2.755787	1.000000	1.000000	0.999983	0.000249	0.999981	0.000163	0.999521	0.000049	0.999452	0.000049	0.999963	0.000093	1.001469	0.000060	1.003381	0.000063	
1350068059.571103	1.000000	30.000687	16.738708	6.139832	1.000000	1.000000	0.999977	0.000308	1.000178	0.000022	1.000093	0.000108	0.999660	0.000044	0.999163	0.000012	0.997654	0.000013	0.999577	0.000012	1350068059.571321	1.000008	29.351340	16.319234	2.699044	1.000000	1.000000	0.999993	0.000221	1.000021	0.000126	0.996700	0.000022	1.001814	0.000013	1.000060	0.000051	0.999785	0.000013	0.992055	0.000013	
1350068060.571103	1.000000	30.005157	16.739838	6.115189	1.000000	1.000000	1.000029	0.000847	0.999945	0.000083	0.999984	0.000149	0.999957	0.000045	1.000114	0.000152	1.000393	0.000055	0.999593	0.000049	1350068060.571308	0.999987	29.378666	16.337571	2.748632	1.000000	1.000000	0.999937	0.000306	1.000029	0.000161	1.001137	0.000080	1.000039	0.000050	1.000086	0.000081	1.000031	0.000061	1.000267	0.000218	
1350068061.571103	1.000000	29.993164	16.730637	6.121323	1.000000	1.000000	0.999986	0.000377	1.000245	0.000016	0.999993	0.000161	1.000072	0.000059	0.998307	0.000020	0.997055	0.000007	1.000127	0.000134	1350068061.571322	1.000014	29.392058	16.347457	2.715004	1.000000	1.000000	1.000017	0.000280	1.000032	0.000157	1.000000	0.000034	0.998953	0.000013	0.999695	0.000067	1.000057	0.000027	1.001488	0.000025	
1350068062.571103	1.000000	29.998672	16.732224	6.133713	1.000000	1.000000	0.999926	0.000333	0.989796	0.000051	0.999820	0.000131	0.999720	0.000044	0.946052	0.000049	0.990417	0.000054	0.996169	0.000136	1350068062.571314	0.999992	29.384210	16.337932	2.741386	1.000000	1.000000	1.000526	0.000248	0.999882	0.000072	1.000080	0.000067	1.000140	0.000060	0.999986	0.000084	1.000012	0.000066	0.999994	0.000069	
1350068063.571103	1.000000	30.012436	16.752487	6.133636	1.000000	1.000000	0.999938	0.000322	1.014537	0.000036	1.000124	0.000131	1.000097	0.000060	1.166979	0.000013	1.000401	0.000012	0.998667	0.000012	1350068063.571315	1.000001	29.383898	16.338226	2.712491	1.000000	1.000000	0.999806	0.000213	0.999842	0.000066	0.995258	0.000022	1.000000	0.000012	1.000198	0.000058	0.999816	0.000013	0.999784	0.000012	
1350068064.571110	1.000007	30.758225	17.495576	6.132267	1.000000	1.000000	1.000039	0.003759	0.999992	0.003590	0.999996	0.004466	0.999987	0.002471	1.000201	0.002450	1.000162	0.002768	1.000201	0.002569	1350068064.571327	1.000012	30.185904	17.143839	2.753461	1.000000	1.000000	0.999966	0.003054	0.999987	0.002968	1.000034	0.002832	1.000000	0.002749	0.999993	0.002847	0.999996	0.002645	0.999769	0.002823	
1350068065.571103	0.999993	30.102701	16.843165	6.102795	1.000000	1.000000	0.999948	0.005352	1.000504	0.000057	0.999935	0.000101	1.000671	0.000045	1.000302	0.000013	1.004650	0.000012	1.001355	0.000012	1350068065.571313	0.999986	29.391542	16.347795	3.753898	1.000000	1.000000	0.999911	0.000234	1.000442	0.000069	0.998867	0.000022	1.000061	0.000013	1.000011	0.000242	0.993933	0.000013	1.027577	0.000017	
1350068066.571103	1.000000	30.107864	16.864456	6.090546	1.000000	1.000000	0.999970	0.007207	0.999985	0.000102	1.000006	0.000122	0.999542	0.000045	0.951148	0.000049	1.000024	0.000048	0.999928	0.000064	1350068066.571313	1.000000	29.380356	16.333801	4.470047	1.000000	1.000000	0.999918	0.000211	1.000000	0.000044	1.000779	0.000046	0.999983	0.000046	0.999984	0.000074	1.001779	0.000046	1.002819	0.000051	
1350068067.571103	1.000000	30.120819	16.864151	6.127533	1.000000	1.000000	0.999965	0.006876	0.999849	0.000038	0.999988	0.000100	1.000188	0.000057	1.203967	0.000012	0.999966	0.000011	0.999684	0.000011	1350068067.571321	1.000008	29.355429	16.326223	4.288967	1.000000	1.000000	1.000220	0.000156	0.999973	0.000042	0.999346	0.000021	0.992112	0.000013	0.999790	0.000037	0.985713	0.000013	0.986712	0.000013	
1350068068.571103	1.000000	30.072464	16.811371	6.127487	1.000000	1.000000	0.999965	0.004922	0.999992	0.000095	0.999989	0.000134	1.000000	0.000051	1.000342	0.000055	1.000555	0.000055	0.999528	0.000055	1350068068.571307	0.999986	29.390382	16.348573	3.577718	1.000000	1.000000	0.999969	0.000259	1.000005	0.000070	0.999218	0.000067	1.001277	0.000075	1.000439	0.000070	1.002743	0.000064	1.001417	0.000137	
1350068069.571103	1.000000	29.969986	16.709381	6.121399	1.000000	1.000000	1.000666	0.000270	0.999985	0.000075	0.999971	0.000108	0.999983	0.000044	0.989291	0.000013	0.983180	0.000011	1.003616	0.000012	1350068069.571312	1.000005	29.384298	16.342005	2.715395	1.000000	1.000000	0.999990	0.000197	0.999970	0.000063	1.002239	0.000022	1.000031	0.000013	1.000100	0.000058	1.001402	0.000013	1.000280	0.000012	
1350068070.571103	1.000000	30.084137	16.823608	6.127533	1.000000	1.000000	0.999945	0.005249	1.000013	0.001193	0.999997	0.000128	1.000009	0.000045	1.002680	0.000046	1.003096	0.000050	0.999813	0.000066	1350068070.571315	1.000003	29.389847	16.346309	3.823947	1.000000	1.000000	0.999980	0.000285	0.999973	0.000057	0.999983	0.000046	1.000211	0.000047	0.999475	0.000063	0.999813	0.000045	1.000211	0.000062	
1350068071.571103	1.000000	30.091019	16.830368	6.109055	1.000000	1.000000	1.000074	0.006663	0.995715	0.000166	0.999996	0.000100	0.999847	0.000043	1.000431	0.000013	1.000303	0.000011	0.999296	0.000011	1350068071.571332	1.000017	29.394720	16.352415	3.898646	1.000000	1.000000	0.999944	0.000151	0.999973	0.000043	0.999828	0.000022	0.999230	0.000013	0.996028	0.000036	1.000183	0.000013	1.000000	0.000013	
1350068072.571103	1.000000	30.160446	16.897003	6.127411	1.000000	1.000000	0.999780	0.003661	1.000126	0.005525	0.999987	0.000117	1.000136	0.000054	0.999926	0.000047	0.999835	0.000044	1.000137	0.000048	1350068072.571315	0.999983	29.390085	16.348726	4.635943	1.000000	1.000000	1.000008	0.000197	1.000221	0.000042	0.999964	0.000043	0.999975	0.000045	1.002309	0.000061	0.999738	0.000046	0.999924	0.000111	
1350068073.571103	1.000000	30.181625	16.920044	6.096725	1.000000	1.000000	0.999966	0.009257	0.999953	0.000017	0.999985	0.000101	0.999952	0.000064	0.999683	0.000012	1.000272	0.000011	0.999160	0.000011	1350068073.571324	1.000009	29.398843	16.356419	4.903261	1.000000	1.000000	0.999985	0.000184	0.996513	0.000044	0.995470	0.000022	0.984152	0.000013	0.994634	0.000037	0.985408	0.000013	0.982424	0.000013	
1350068074.571103	1.000000	30.147293	16.889389	6.109070	1.000000	1.000000	1.000013	0.003947	0.987762	0.000046	0.999993	0.005726	0.999633	0.000062	0.988409	0.000046	0.988264	0.000049	0.990392	0.000058	1350068074.571308	0.999984	29.397793	16.357119	4.307015	1.000000	1.000000	1.000515	0.000219	1.002628	0.000042	1.001115	0.000047	1.000612	0.000045	1.002395	0.000064	1.003752	0.000045	1.003690	0.000049	
1350068075.571103	1.000000	29.995773	16.753113	6.109055	1.000000	1.000000	0.999876	0.001274	1.015593	0.000036	0.999994	0.001275	1.000062	0.000080	1.001011	0.000013	1.005216	0.000013	1.002885	0.000012	1350068075.571312	1.000004	29.394382	16.352793	3.035144	1.000000	1.000000	0.999956	0.000256	1.000415	0.000064	1.002005	0.000022	1.013519	0.000013	1.000666	0.000058	1.002656	0.000013	1.001610	0.000012	
1350068076.571103	1.000000	30.075638	16.819641	6.102875	1.000000	1.000000	0.999962	0.005103	1.000381	0.000048	0.999819	0.000119	0.999894	0.000062	1.008908	0.000059	1.009214	0.000056	1.008709	0.000060	1350068076.571317	1.000005	29.388311	16.347178	3.707898	1.000000	1.000000	0.999593	0.000297	1.000034	0.000057	1.000031	0.000074	0.999966	0.000068	1.000025	0.000077	0.999827	0.000076	0.991526	0.000075	
1350068077.571103	1.000000	29.974960	16.719284	6.127472	1.000000	1.000000	1.000373	0.000305	0.998883	0.000021	1.000176	0.000109	1.000392	0.000072	0.998047	0.000012	1.000314	0.000011	1.000193	0.000012	1350068077.571313	0.999996	29.349728	16.323385	2.704036	1.000000	1.000000	1.000012	0.000222	0.999964	0.000065	0.999051	0.000022	0.999939	0.000013	0.999980	0.000059	1.004160	0.000013	1.028436	0.000023	
1350068078.571103	1.000000	29.983917	16.727478	6.133667	1.000000	1.000000	1.001180	0.000603	0.999033	0.000066	0.999976	0.000129	0.999923	0.000065	1.000625	0.000046	1.000099	0.000051	0.998010	0.000052	1350068078.571291	0.999978	29.391376	16.349602	2.733886	1.000000	1.000000	0.999995	0.000336	1.000048	0.000064	1.000297	0.000068	0.999953	0.000066	0.999746	0.000078	0.999163	0.000066	0.999983	0.000069	
1350068079.571103	1.000000	29.976715	16.718475	6.121307	1.000000	1.000000	0.998018	0.000341	1.003148	0.000021	0.999979	0.000110	1.000132	0.000067	1.000500	0.000011	0.998177	0.000012	1.007318	0.000012	1350068079.571307	1.000016	29.371311	16.332884	2.706988	0.999994	1.000000	0.999986	0.000214	0.999856	0.000062	0.999948	0.000022	0.993121	0.000013	0.995976	0.000052	0.983928	0.000013	0.984035	0.000013	
1350068080.571103	1.000000	29.985275	16.727646	6.133652	1.000000	1.000000	0.999791	0.000778	0.999876	0.000068	0.999988	0.000126	0.999977	0.000102	0.999624	0.000047	0.999641	0.000095	1.000409	0.000047	1350068080.571321	1.000014	29.378997	16.337234	2.729179	1.000006	0.999995	0.999981	0.000381	1.000031	0.000062	1.000006	0.000065	1.001462	0.000060	1.003073	0.000075	1.003393	0.000061	1.003448	0.000055	
1350068081.571103	1.000000	29.975937	16.719604	6.133621	1.000000	1.000000	0.999963	0.000273	1.000186	0.000037	0.999975	0.000108	0.999993	0.000110	1.000000	0.000013	1.005113	0.000007	1.000291	0.000012	1350068081.571315	0.999994	29.381065	16.340292	2.714951	1.000000	1.000005	0.999997	0.000230	1.000012	0.000064	0.999532	0.000022	0.999969	0.000013	0.999863	0.000051	1.000031	0.000013	0.992726	0.000013	
1350068082.571103	1.000000	29.984238	16.729416	6.121399	1.000000	1.000000	1.000047	0.000315	1.000371	0.000039	0.999799	0.000126	0.999971	0.000065	0.999779	0.000045	1.000327	0.000052	0.999171	0.000048	1350068082.571306	0.999991	29.363288	16.325313	2.732477	1.000000	1.000000	0.999840	0.000304	1.000072	0.000064	1.000091	0.000067	1.000169	0.000059	1.000039	0.000078	1.000020	0.000059	1.001537	0.000062	
1350068083.571103	1.000000	29.940735	16.697479	6.115204	1.000000	1.000000	0.999955	0.000293	0.999275	0.000019	1.000177	0.000109	0.999977	0.000066	1.000669	0.000012	0.997666	0.000011	1.003319	0.000011	1350068083.571325	1.000019	29.375279	16.339242	2.706690	1.000000	1.000000	1.000158	0.000251	0.999869	0.000062	0.999640	0.000023	0.999026	0.000013	0.999279	0.000051	1.000031	0.000013	0.989680	0.000013	
1350068084.571123	1.000020	715760830.977819	715807586.914614	715749973.910282	0.999988	1.000200	0.999985	1.000202	0.999995	1.000200	0.999988	1.000200	0.999988	1.000203	0.999990	1.000197	0.999988	1.000203	0.999988	1.000200	1350068084.571218	0.999893	715894679.502073	715892691.469919	715840713.494806	0.999988	1.000200	0.999985	1.000202	3.893199	0.256908	0.999988	1.000200	0.999988	1.000202	0.999990	1.000198	0.999988	1.000203	0.999988	1.000201	
1350068085.571205	1.000082	0.000000	0.000000	0.000000	-nan	-nan	-nan	-nan	0.000000	inf	-nan	-nan	-nan	0.000000	-nan	-nan	-nan	-nan	-nan	-nan	1350068085.571298	1.000080	0.000000	0.000000	0.000000	-nan	-nan	-nan	-nan	0.000000	inf	-nan	-nan	-nan	-nan	-nan	-nan	-nan	-nan	-nan	-nan	
