ts_0	elapsed_0	pkg_0	pp0_0	dram_0	freq_ratio_0_0	c0_ratio_0_0	freq_ratio_0_1	c0_ratio_0_1	freq_ratio_0_2	c0_ratio_0_2	freq_ratio_0_3	c0_ratio_0_3	freq_ratio_0_4	c0_ratio_0_4	freq_ratio_0_5	c0_ratio_0_5	freq_ratio_0_6	c0_ratio_0_6	freq_ratio_0_7	c0_ratio_0_7	ts_1	elapsed_1	pkg_1	pp0_1	dram_1	freq_ratio_1_0	c0_ratio_1_0	freq_ratio_1_1	c0_ratio_1_1	freq_ratio_1_2	c0_ratio_1_2	freq_ratio_1_3	c0_ratio_1_3	freq_ratio_1_4	c0_ratio_1_4	freq_ratio_1_5	c0_ratio_1_5	freq_ratio_1_6	c0_ratio_1_6	freq_ratio_1_7	c0_ratio_1_7	
1350068052.570579	1.000444	29.604015	16.307412	3.807285	1.000000	1.000000	0.999930	0.000406	1.000615	0.000053	1.000120	0.000449	1.000035	0.000691	0.999888	0.000048	0.999932	0.000039	1.000527	0.000037	1350068052.570792	1.000441	29.202955	16.042210	1.591187	0.996819	0.000111	1.000029	0.000241	1.000000	1.000000	0.999975	0.000427	0.996978	0.000058	0.997732	0.000050	0.985877	0.000014	0.996792	0.000055	
1350068053.570570	0.999991	29.593835	16.310618	3.786381	1.000000	1.000000	0.999982	0.000381	0.998948	0.000011	0.999343	0.000007	0.998499	0.000011	1.000451	0.000012	0.999514	0.000011	0.997930	0.000012	1350068053.570780	0.999988	29.118221	15.952003	1.590855	1.000300	0.000112	0.999900	0.000170	1.000000	1.000000	0.999961	0.000285	1.012770	0.000013	1.002735	0.000051	1.002768	0.000065	1.018561	0.000013	
1350068054.570570	1.000000	29.720703	16.445740	3.805222	1.000000	1.000000	0.999979	0.006787	0.995797	0.000129	0.994131	0.000116	0.999831	0.002776	0.990016	0.000055	0.990252	0.000052	0.988599	0.000048	1350068054.570780	1.000000	29.136978	15.970047	1.593109	0.998160	0.000067	1.000000	0.000159	1.000000	1.000000	0.999973	0.000358	0.999024	0.000059	0.998827	0.000058	0.997838	0.000014	0.999149	0.000147	
1350068055.570570	1.000000	29.698471	16.412659	3.790024	1.000000	1.000000	0.999975	0.004624	0.999341	0.000228	1.032332	0.000021	1.024842	0.000021	1.021282	0.000026	1.019763	0.000026	1.020782	0.000026	1350068055.570791	1.000011	29.128007	15.960900	1.585661	1.000259	0.000028	1.000057	0.000115	1.000000	1.000000	1.000001	0.000322	1.004170	0.000013	1.001086	0.000036	0.992165	0.000060	1.004683	0.000013	
1350068056.570570	1.000000	29.610779	16.320770	3.797607	1.000000	1.000000	0.999966	0.001723	0.999980	0.000267	0.989496	0.000062	0.999980	0.000057	0.999807	0.000122	0.999814	0.000044	0.999611	0.000052	1350068056.570780	0.999989	29.149627	15.981605	1.592150	1.001434	0.000096	0.999977	0.000188	1.000000	1.000000	0.999989	0.000447	1.000087	0.000093	0.999937	0.000067	1.013392	0.000037	0.992356	0.000099	
1350068057.570570	1.000000	29.589325	16.301025	3.786530	1.000000	1.000000	0.999864	0.000151	1.003193	0.000215	1.001985	0.000323	1.001490	0.000011	1.001053	0.000012	1.000275	0.000011	1.000893	0.000012	1350068057.570783	1.000003	29.143327	15.973034	1.592143	0.998917	0.000021	0.999973	0.000115	1.000000	1.000000	0.999969	0.000320	0.998897	0.000013	0.999899	0.000057	1.000033	0.000070	1.032246	0.000023	
1350068058.570570	1.000000	29.598129	16.311035	3.793869	1.000000	1.000000	1.000065	0.000225	0.997525	0.000281	0.999782	0.000053	0.999748	0.000061	0.999712	0.000050	1.000024	0.000048	0.999774	0.000048	1350068058.570782	0.999999	29.124951	15.969345	1.582521	1.000066	0.000175	1.000056	0.000497	1.000000	1.000000	0.999990	0.000413	1.000617	0.000057	0.997884	0.000064	0.985059	0.000014	0.998858	0.000187	
1350068059.570570	1.000000	29.598694	16.312027	3.797775	1.000000	1.000000	1.000054	0.000150	1.000034	0.000215	1.000452	0.000012	0.998043	0.000011	1.002089	0.000012	0.999443	0.000011	1.000900	0.000012	1350068059.570782	1.000000	29.137589	15.970062	1.587326	0.999492	0.000021	1.001500	0.000123	1.000000	1.000000	1.001481	0.000355	0.996992	0.000013	1.002379	0.000057	1.003739	0.000061	1.009316	0.000013	
1350068060.570570	1.000000	29.589081	16.305191	3.805328	1.000000	1.000000	0.999899	0.000122	0.999947	0.000267	1.000312	0.000064	1.000347	0.000054	0.999793	0.000123	0.999958	0.000045	0.999917	0.000046	1350068060.570777	0.999995	29.144097	15.972843	1.590767	0.999985	0.000080	0.998717	0.000151	1.000000	1.000000	0.998705	0.000426	0.998777	0.000073	0.997041	0.000060	0.983758	0.000014	0.998297	0.000067	
1350068061.570570	1.000000	29.562820	16.277176	3.789963	1.000000	1.000000	1.000029	0.000358	1.000017	0.000248	0.998413	0.000012	0.999826	0.000011	1.001925	0.000012	1.000628	0.000011	0.999098	0.000011	1350068061.570781	1.000004	29.140812	15.972195	1.592248	0.999592	0.000027	0.999924	0.000117	1.000000	1.000000	1.001660	0.000340	1.008090	0.000013	1.004155	0.000051	1.001781	0.000063	1.002786	0.000013	
1350068062.570577	1.000007	29.587518	16.303766	3.801426	1.000000	1.000000	1.000014	0.000193	0.999959	0.000264	1.000038	0.000376	1.000380	0.000058	0.999772	0.000046	0.999967	0.000046	1.000152	0.000048	1350068062.570791	1.000010	29.157530	15.990807	1.590682	1.000168	0.000076	1.000016	0.000146	1.000000	1.000000	0.998738	0.000434	0.999922	0.000070	0.999126	0.000044	1.007143	0.000014	1.001454	0.000125	
1350068063.570570	0.999993	29.576910	16.291388	3.801601	1.000000	1.000000	0.999913	0.000190	0.999973	0.000216	0.999937	0.000006	0.998421	0.000012	1.000385	0.000012	0.999896	0.000011	0.998395	0.000012	1350068063.570783	0.999992	29.143486	15.976585	1.589109	0.999925	0.000118	1.000008	0.000144	1.000000	1.000000	0.999966	0.000333	1.000733	0.000013	1.000460	0.000056	1.000098	0.000067	0.999586	0.000013	
1350068064.570570	1.000000	29.569550	16.299347	3.785995	1.000000	1.000000	1.000002	0.002064	0.999947	0.000271	0.999451	0.000053	0.999963	0.000053	0.999956	0.000044	1.000416	0.000046	1.001126	0.000045	1350068064.570775	0.999992	29.153969	15.984321	1.592008	0.999995	0.000075	0.999963	0.000169	1.000000	1.000000	0.999990	0.000404	0.999422	0.000069	0.997507	0.000060	0.981614	0.000013	0.992321	0.000050	
1350068065.570570	1.000000	29.581924	16.299484	3.786301	1.000000	1.000000	1.000204	0.000126	1.000089	0.000216	1.000711	0.000012	0.999756	0.000011	1.000675	0.000012	0.995837	0.000011	0.998539	0.000011	1350068065.570779	1.000004	29.157078	15.987469	1.593759	1.000668	0.000027	1.000009	0.000129	1.000000	1.000000	0.999979	0.000329	1.000640	0.000013	1.003126	0.000051	1.003740	0.000063	1.028597	0.000013	
1350068066.570570	1.000000	29.590286	16.307648	3.790115	1.000000	1.000000	0.999841	0.000116	1.000459	0.000247	0.991651	0.000063	0.991288	0.000058	0.989345	0.000049	0.990492	0.000052	0.988505	0.000047	1350068066.570771	0.999992	29.171318	15.999626	1.586103	0.998459	0.000078	1.000005	0.000170	1.000000	1.000000	0.999962	0.000384	1.000328	0.000066	0.999650	0.000057	1.000603	0.000013	1.000003	0.000119	
1350068067.570570	1.000000	29.580566	16.293610	3.805710	1.000000	1.000000	1.000297	0.000214	1.002358	0.000245	1.001550	0.000340	1.020402	0.000026	1.020031	0.000026	1.019558	0.000026	1.020182	0.000026	1350068067.570777	1.000006	29.155222	15.983639	1.593802	1.000018	0.000022	0.999924	0.000117	1.000000	1.000000	0.999936	0.000312	0.999244	0.000013	0.999985	0.000051	0.991348	0.000061	0.998161	0.000013	
1350068068.570577	1.000007	29.583673	16.299616	3.801716	1.000000	1.000000	0.999294	0.000142	0.997885	0.000335	0.988026	0.000055	0.999987	0.000060	1.000044	0.000053	1.000058	0.000053	1.000052	0.000052	1350068068.570786	1.000009	29.177211	16.005012	1.588761	1.000482	0.000214	1.000007	0.000215	1.000000	1.000000	1.000037	0.000412	1.000041	0.000104	0.999917	0.000102	1.011243	0.000046	0.993836	0.000101	
1350068069.570570	0.999993	32.744398	19.457624	3.801006	1.000000	1.000000	1.000006	0.003426	1.000221	0.002944	1.000236	0.002824	0.999803	0.002766	0.999995	0.002666	0.999778	0.002385	0.999784	0.002108	1350068069.570725	0.999939	32.776323	19.614158	1.591940	0.999908	0.002770	0.999999	0.003853	1.000000	1.000000	1.000167	0.003128	0.999859	0.002611	0.999835	0.002787	0.999795	0.002695	1.000022	0.002632	
1350068070.570570	1.000000	29.592209	16.308258	3.797928	1.000000	1.000000	1.000003	0.000111	0.995806	0.000162	0.999985	0.000053	1.011341	0.000047	0.999990	0.000039	1.013341	0.000039	1.009671	0.000047	1350068070.570783	1.000058	29.165592	15.993443	1.590515	1.002637	0.000084	0.999415	0.000176	1.000000	1.000000	0.997792	0.000343	1.002552	0.000062	1.004420	0.000062	1.027477	0.000013	1.006306	0.000062	
1350068071.570570	1.000000	29.579437	16.296188	3.782608	1.000000	1.000000	1.000003	0.000136	1.000059	0.000138	0.998253	0.000012	0.996656	0.000011	1.000161	0.000012	1.001008	0.000011	0.999904	0.000012	1350068071.570817	1.000034	29.155119	15.983052	1.590827	1.000452	0.000020	1.000873	0.000123	1.000000	1.000000	1.002309	0.000323	1.015470	0.000013	1.003180	0.000052	1.003312	0.000060	1.013722	0.000013	
1350068072.570570	1.000000	29.697388	16.414261	3.786301	1.000000	1.000000	0.999860	0.000121	0.999914	0.000189	1.000034	0.000383	1.000713	0.000054	1.000014	0.005720	0.999917	0.000047	0.999835	0.000054	1350068072.570777	0.999960	29.158578	15.985412	1.591327	0.999919	0.000086	0.999983	0.000177	1.000000	1.000000	0.998425	0.000349	0.998047	0.000068	1.000350	0.000067	0.993621	0.000014	0.996838	0.000064	
1350068073.570576	1.000006	29.589728	16.306574	3.789971	1.000000	1.000000	0.999946	0.000281	1.000039	0.000178	0.990343	0.000007	0.996584	0.000011	0.999946	0.000007	0.999827	0.000011	0.997974	0.000011	1350068073.570791	1.000014	29.153688	15.981373	1.589364	0.999991	0.000445	0.999984	0.000168	1.000000	1.000000	0.999983	0.000326	1.009233	0.000013	0.999716	0.000057	1.001172	0.000071	1.013542	0.000013	
1350068074.570570	0.999994	29.718652	16.437918	3.801384	1.000000	1.000000	0.999991	0.002144	0.999982	0.000189	1.000545	0.000053	1.000324	0.000055	1.000018	0.006147	0.999796	0.000047	1.000115	0.000047	1350068074.570782	0.999991	29.145268	15.972679	1.589690	1.000136	0.000068	0.999946	0.000151	1.000000	1.000000	0.999970	0.000329	0.999452	0.000075	0.999601	0.000065	0.991502	0.000014	0.997060	0.000078	
1350068075.570570	1.000000	29.703598	16.423172	3.782288	1.000000	1.000000	0.999979	0.006280	0.999939	0.000163	1.002945	0.000011	1.001772	0.000012	1.000012	0.000625	1.000138	0.000011	1.001414	0.000012	1350068075.570775	0.999993	29.152149	15.981464	1.586986	0.994149	0.000021	0.999986	0.000108	1.000000	1.000000	0.999941	0.000293	1.003180	0.000013	1.000747	0.000057	1.001991	0.000047	1.018834	0.000013	
1350068076.570570	1.000000	29.689270	16.421280	3.790146	1.000000	1.000000	0.999972	0.007496	0.999984	0.000192	0.989060	0.000060	0.999544	0.000051	0.999991	0.000045	1.000101	0.000046	1.000115	0.000043	1350068076.570774	0.999999	29.146283	15.975143	1.586610	1.001343	0.000070	0.999997	0.000145	1.000000	1.000000	1.000013	0.000319	1.000073	0.000047	0.999743	0.000046	1.002684	0.000013	1.000018	0.000063	
1350068077.570570	1.000000	29.629944	16.349121	3.812973	1.000000	1.000000	0.999975	0.002846	1.000133	0.000139	1.001802	0.000342	1.000173	0.000011	1.000383	0.000012	0.999622	0.000011	1.000668	0.000012	1350068077.570781	1.000007	29.110562	15.951916	1.590123	1.000754	0.000025	1.000081	0.000109	1.000000	1.000000	1.000002	0.000372	1.000608	0.000013	1.000573	0.000036	0.999677	0.000063	0.999562	0.000013	
1350068078.570577	1.000007	29.582513	16.298914	3.790089	1.000000	1.000000	1.000048	0.000169	1.000554	0.000193	0.987012	0.000049	0.991685	0.000062	0.989545	0.000049	0.989265	0.000048	0.988681	0.000048	1350068078.570776	0.999995	29.141503	15.971516	1.584038	0.999264	0.000086	0.999973	0.000244	1.000000	1.000000	0.999987	0.000420	0.998642	0.000075	0.995214	0.000045	0.985793	0.000013	0.997473	0.000070	
1350068079.570570	0.999993	29.583579	16.301275	3.805507	1.000000	1.000000	0.999882	0.000153	1.003661	0.000151	1.001495	0.000437	1.019798	0.000026	1.019895	0.000026	1.019678	0.000026	1.020136	0.000026	1350068079.570788	1.000012	29.136753	15.967781	1.587185	0.999949	0.000143	1.000009	0.000123	1.000000	1.000000	1.001466	0.000375	1.006467	0.000013	1.004274	0.000051	0.995120	0.000063	1.012711	0.000013	
1350068080.570570	1.000000	29.589859	16.308914	3.786316	1.000000	1.000000	1.000122	0.000110	0.996346	0.000192	1.000199	0.000050	1.000287	0.000052	1.000026	0.000044	0.999976	0.000048	1.000198	0.000047	1350068080.570783	0.999995	29.143060	15.975605	1.587288	1.000293	0.000109	0.999968	0.000170	1.000000	1.000000	0.998789	0.000459	1.000008	0.000103	0.999909	0.000102	1.009534	0.000043	0.991396	0.000098	
1350068081.570570	1.000000	29.575684	16.295105	3.809616	1.000000	1.000000	0.999934	0.000146	1.000168	0.000119	0.997090	0.000012	0.998420	0.000011	1.000550	0.000012	0.998013	0.000011	1.000710	0.000012	1350068081.570779	0.999996	29.130474	15.963795	1.593741	1.001448	0.000020	0.999970	0.000117	1.000000	1.000000	1.001548	0.000351	0.999971	0.000013	1.000087	0.000058	1.001367	0.000064	1.038133	0.000023	
1350068082.570570	1.000000	29.577820	16.296799	3.801743	1.000000	1.000000	0.999882	0.000111	0.999957	0.000208	1.000060	0.000363	1.000364	0.000057	0.999746	0.000046	1.000506	0.000047	0.999951	0.000047	1350068082.570779	1.000000	29.138138	15.969482	1.587067	0.999716	0.000086	1.000000	0.000163	1.000000	1.000000	0.998905	0.000516	0.998461	0.000061	0.996139	0.000058	0.986216	0.000013	0.996672	0.000074	
1350068083.570570	1.000000	29.567230	16.284027	3.786301	1.000000	1.000000	1.000027	0.000159	0.999880	0.000119	1.001831	0.000006	0.997875	0.000011	1.000837	0.000012	0.997812	0.000011	0.999071	0.000012	1350068083.570780	1.000001	29.128558	15.958115	1.589034	1.000606	0.000027	0.999987	0.000184	1.000000	1.000000	0.999996	0.000309	1.007712	0.000013	1.004017	0.000051	1.002765	0.000061	1.016920	0.000013	
1350068084.570607	1.000037	715799058.072284	715743383.588606	715786270.539597	0.999988	1.000205	0.999986	1.000208	0.999996	1.000205	0.999988	1.000205	0.999988	1.000208	0.999991	1.000203	0.999988	1.000208	0.999988	1.000206	1350068084.570701	0.999921	715870257.545002	715874596.650979	715835231.504775	0.999988	1.000204	0.999986	1.000207	3.893144	0.256913	0.999988	1.000205	0.999988	1.000208	0.999991	1.000203	0.999988	1.000208	0.999988	1.000206	
1350068085.570673	1.000066	0.000000	0.000000	0.000000	-nan	-nan	-nan	-nan	8.000000	inf	-nan	-nan	-nan	0.000000	-nan	-nan	-nan	-nan	-nan	-nan	1350068085.570750	1.000049	0.000000	0.000000	0.000000	-nan	-nan	-nan	-nan	0.000000	inf	-nan	-nan	-nan	-nan	-nan	-nan	-nan	-nan	-nan	-nan	
