ts_0	elapsed_0	pkg_0	pp0_0	dram_0	freq_ratio_0_0	c0_ratio_0_0	freq_ratio_0_1	c0_ratio_0_1	freq_ratio_0_2	c0_ratio_0_2	freq_ratio_0_3	c0_ratio_0_3	freq_ratio_0_4	c0_ratio_0_4	freq_ratio_0_5	c0_ratio_0_5	freq_ratio_0_6	c0_ratio_0_6	freq_ratio_0_7	c0_ratio_0_7	ts_1	elapsed_1	pkg_1	pp0_1	dram_1	freq_ratio_1_0	c0_ratio_1_0	freq_ratio_1_1	c0_ratio_1_1	freq_ratio_1_2	c0_ratio_1_2	freq_ratio_1_3	c0_ratio_1_3	freq_ratio_1_4	c0_ratio_1_4	freq_ratio_1_5	c0_ratio_1_5	freq_ratio_1_6	c0_ratio_1_6	freq_ratio_1_7	c0_ratio_1_7	
1350073237.895968	1.000862	38.870642	25.574957	6.092878	1.269221	0.999916	1.261681	0.000324	1.212229	0.000014	1.260015	0.000083	1.219756	0.000014	1.260970	0.000005	1.265578	0.000005	1.257672	0.000044	1350073237.896230	1.000676	38.207939	25.119786	2.802427	1.262892	0.000087	1.264882	0.000076	1.265053	0.000218	1.269223	0.999911	1.269196	0.000292	1.265089	0.000006	1.268166	0.000006	1.267099	0.000044	
1350073238.895959	0.999991	38.942324	25.634128	6.100595	1.269227	0.999957	1.268771	0.000353	1.268051	0.000080	1.268285	0.000107	1.277138	0.000067	1.279638	0.000055	1.278899	0.000055	1.299417	0.000017	1350073238.896363	1.000133	38.304398	25.218584	2.780178	1.274914	0.000040	1.269322	0.000166	1.268720	0.001063	1.269223	0.999911	1.267462	0.000348	1.262398	0.000063	1.261803	0.000062	1.261425	0.000060	
1350073239.895959	1.000000	38.937134	25.626144	6.105408	1.269221	0.999915	1.262547	0.000239	1.269176	0.001701	1.258384	0.000066	1.216370	0.000012	1.263129	0.000006	1.266584	0.000005	1.269288	0.000037	1350073239.896233	0.999870	38.279739	25.190178	2.787227	1.265679	0.000075	1.265950	0.000082	1.270721	0.000082	1.269223	0.999913	1.267740	0.000265	1.275282	0.000040	1.274123	0.000038	1.269492	0.000067	
1350073240.895959	1.000000	38.949707	25.636642	6.092041	1.269226	0.999957	1.267364	0.000609	1.267295	0.000047	1.268781	0.000100	1.268340	0.000044	1.269812	0.000053	1.269439	0.000040	1.264531	0.000006	1350073240.896362	1.000129	38.263528	25.177691	2.763987	1.260071	0.000012	1.269706	0.000086	1.274817	0.000034	1.269223	0.999914	1.269945	0.000321	1.272801	0.000061	1.245463	0.000055	1.271259	0.000148	
1350073241.895959	1.000000	38.930130	25.617767	6.065002	1.269221	0.999914	1.269622	0.000253	1.218600	0.000013	1.255752	0.000067	1.210073	0.000013	1.264939	0.000006	1.263681	0.000005	1.269300	0.000116	1350073241.896214	0.999852	38.202815	25.126828	2.769514	1.265410	0.000080	1.265474	0.000093	1.265731	0.000071	1.269223	0.999913	1.268444	0.000275	1.228647	0.000007	1.229806	0.000007	1.263426	0.000041	
1350073242.895959	1.000000	38.926056	25.612442	6.095520	1.269226	0.999953	1.262587	0.000268	1.267072	0.000045	1.269119	0.000090	1.267283	0.000042	1.270121	0.000042	1.269885	0.000044	1.276314	0.000006	1350073242.896369	1.000155	38.249413	25.164222	2.757797	1.280678	0.000012	1.269151	0.000083	1.256722	0.000006	1.269225	0.999933	1.269975	0.000294	1.273530	0.000056	1.272898	0.000056	1.272366	0.000070	
1350073243.895959	1.000000	38.933258	25.620514	6.087311	1.269221	0.999913	1.269588	0.000304	1.218335	0.000014	1.257947	0.000068	1.215297	0.000013	1.268108	0.000006	1.267595	0.000006	1.269230	0.000040	1350073243.896229	0.999860	38.263305	25.174025	2.772086	1.264861	0.000075	1.266662	0.000117	1.264959	0.000072	1.269223	0.999905	1.268436	0.000282	1.235707	0.000007	1.217144	0.000007	1.264042	0.000041	
1350073244.895959	1.000000	38.966080	25.655380	6.108154	1.269226	0.999957	1.260287	0.000272	1.267208	0.000065	1.268283	0.000089	1.268406	0.000043	1.269402	0.000050	1.268715	0.000040	1.263948	0.000006	1350073244.896366	1.000137	38.260120	25.173688	2.773942	1.258346	0.000012	1.269342	0.000093	1.271931	0.000006	1.269225	0.999937	1.251219	0.000345	1.272961	0.000054	1.275586	0.000054	1.270771	0.000155	
1350073245.895959	1.000000	38.938782	25.629883	6.070023	1.269221	0.999913	1.269381	0.000487	1.215566	0.000014	1.258573	0.000073	1.222396	0.000012	1.260672	0.000006	1.268332	0.000005	1.269520	0.000104	1350073245.896223	0.999857	38.405686	25.317693	2.765166	1.265048	0.000076	1.266100	0.000087	1.264892	0.000097	1.269223	0.999914	1.273103	0.001587	1.240246	0.000007	1.231794	0.000007	1.270003	0.000041	
1350073246.895959	1.000000	38.936386	25.625336	6.100555	1.269227	0.999957	1.265102	0.000335	1.266270	0.000042	1.269285	0.000089	1.270613	0.000041	1.270146	0.000041	1.269737	0.000046	1.266657	0.000006	1350073246.896358	1.000135	38.242001	25.156166	2.748241	1.282704	0.000012	1.269242	0.000087	1.286483	0.000007	1.269225	0.999933	1.269940	0.000314	1.273654	0.000055	1.275031	0.000055	1.267650	0.000072	
1350073247.895959	1.000000	38.913879	25.603699	6.077042	1.269221	0.999912	1.262206	0.000245	1.215827	0.000014	1.259497	0.000066	1.223039	0.000012	1.268713	0.000006	1.270404	0.000005	1.269241	0.000040	1350073247.896234	0.999876	38.256925	25.167030	2.755240	1.265804	0.000075	1.265594	0.000077	1.265107	0.000063	1.269223	0.999914	1.269238	0.000272	1.268094	0.000006	1.260345	0.000006	1.268783	0.000041	
1350073248.895959	1.000000	38.933456	25.621902	6.079651	1.269227	0.999956	1.269118	0.000299	1.256598	0.000045	1.267710	0.000087	1.256368	0.000041	1.257170	0.000044	1.256426	0.000040	1.265231	0.000006	1350073248.896366	1.000132	38.240722	25.154133	2.750201	1.253309	0.000012	1.269193	0.000114	1.263628	0.000006	1.269217	0.999933	1.269221	0.000343	1.268891	0.000054	1.270003	0.000054	1.268458	0.000118	
1350073249.895959	1.000000	38.929016	25.619247	6.100479	1.269213	0.999826	1.262067	0.000322	1.268640	0.001562	1.257442	0.000083	1.236614	0.000018	1.270522	0.000011	1.269616	0.000011	1.260028	0.000054	1350073249.896240	0.999874	38.391033	25.299999	2.814731	1.265283	0.000095	1.266336	0.000094	1.260123	0.000090	1.269226	0.999866	1.269217	0.002004	1.269406	0.000013	1.265195	0.000013	1.268462	0.000048	
1350073250.895958	0.999999	38.977607	25.672098	6.095526	1.269227	0.999950	1.269666	0.000595	1.279518	0.000053	1.268263	0.000116	1.279522	0.000051	1.279070	0.000052	1.278550	0.000054	1.301720	0.000016	1350073250.896369	1.000129	38.261346	25.174274	2.765543	1.274603	0.000043	1.269212	0.000087	1.269049	0.000033	1.269225	0.999935	1.269801	0.000274	1.261217	0.000055	1.262144	0.000056	1.263080	0.000067	
1350073251.895959	1.000001	38.907388	25.610358	6.094324	1.269221	0.999914	1.261655	0.000206	1.215252	0.000014	1.261341	0.000087	1.218222	0.000013	1.249286	0.000006	1.269122	0.000005	1.269188	0.000036	1350073251.896158	0.999789	38.270068	25.179278	2.772161	1.265357	0.000070	1.265841	0.000090	1.272198	0.000088	1.269223	0.999915	1.267908	0.000299	1.270837	0.000039	1.273773	0.000038	1.263822	0.000069	
1350073252.895959	1.000000	38.962662	25.652756	6.078201	1.269228	0.999975	1.269826	0.000283	1.266858	0.000047	1.268049	0.000102	1.267448	0.000046	1.266691	0.000041	1.269330	0.000039	1.265212	0.000006	1350073252.896362	1.000204	38.244209	25.159431	2.764359	1.269973	0.000012	1.269433	0.000086	1.264997	0.000006	1.269218	0.999934	1.269982	0.000299	1.276156	0.000053	1.273949	0.000052	1.275739	0.000096	
1350073253.895959	1.000000	38.979156	25.668900	6.083191	1.269221	0.999911	1.269491	0.000256	1.219656	0.000014	1.260615	0.000085	1.215527	0.000012	1.249577	0.000006	1.268757	0.000005	1.269911	0.000042	1350073253.896140	0.999778	38.287368	25.196419	2.766666	1.267577	0.000304	1.267202	0.000129	1.265482	0.000068	1.269228	0.999885	1.271749	0.000146	1.238004	0.000006	1.231632	0.000007	1.267595	0.000041	
1350073254.895959	1.000000	38.966797	25.658127	6.074509	1.269226	0.999952	1.262148	0.000263	1.266115	0.000042	1.268678	0.000118	1.249046	0.000061	1.266430	0.000042	1.269605	0.000050	1.272500	0.000006	1350073254.896366	1.000226	38.274476	25.188872	2.749196	1.269255	0.000274	1.262125	0.000087	1.241528	0.000022	1.269216	0.999914	1.271499	0.000100	1.273597	0.000056	1.270886	0.000056	1.272459	0.000068	
1350073255.895959	1.000000	38.950684	25.645386	6.082031	1.269221	0.999912	1.266216	0.000505	1.254012	0.000051	1.261653	0.000084	1.220937	0.000013	1.262694	0.000006	1.262247	0.000005	1.268921	0.000040	1350073255.896329	0.999963	40.700830	27.611097	2.759791	1.237097	0.000327	1.243496	0.000107	1.231801	0.000089	1.269191	0.999560	1.268343	0.000873	1.242768	0.000007	1.260223	0.000007	1.236948	0.000042	
1350073256.895958	0.999999	38.964332	25.661356	6.074682	1.269225	0.999935	1.268977	0.000230	1.270682	0.000078	1.269810	0.000103	1.269665	0.000057	1.270038	0.000043	1.269772	0.000041	1.268974	0.000006	1350073256.896360	1.000031	38.271107	25.182493	2.755866	1.268827	0.000300	1.266833	0.000087	1.266748	0.000033	1.269228	0.999967	1.278598	0.000056	1.271887	0.000054	1.275091	0.000040	1.269117	0.000091	
1350073257.895959	1.000001	38.952905	25.643530	6.063562	1.269221	0.999914	1.269323	0.000218	1.234440	0.000031	1.261038	0.000083	1.220234	0.000012	1.264389	0.000006	1.265203	0.000006	1.269404	0.000042	1350073257.896221	0.999861	38.213045	25.135788	2.746872	1.268349	0.000285	1.265849	0.000080	1.264175	0.000062	1.269223	0.999914	1.270235	0.000006	1.260647	0.000006	1.246337	0.000007	1.263293	0.000041	
1350073258.895959	1.000000	39.527557	26.218796	6.094742	1.264571	0.999690	1.170670	0.003518	1.158698	0.002841	1.159319	0.002618	1.159441	0.002728	1.157584	0.002583	1.154905	0.002167	1.157646	0.002450	1350073258.896116	0.999895	38.583454	25.492878	2.786028	1.166259	0.002780	1.165863	0.002690	1.157079	0.002569	1.267450	0.999658	1.159973	0.002514	1.158494	0.002482	1.160216	0.002784	1.165260	0.003422	
1350073259.895959	1.000000	39.240555	25.931595	6.119293	1.269219	0.999947	1.253677	0.000214	1.268948	0.001556	1.269057	0.004488	1.208425	0.000013	1.251483	0.000006	1.249701	0.000006	1.281814	0.000030	1350073259.896223	1.000107	38.259057	25.172491	4.122758	1.267734	0.000283	1.262819	0.000069	1.268187	0.000056	1.269231	0.999923	1.283300	0.000007	1.237495	0.000007	1.260082	0.000007	1.260618	0.000027	
1350073260.895959	1.000000	39.148849	25.838516	6.100540	1.269225	0.999937	1.269437	0.000485	1.252959	0.000043	1.269098	0.003495	1.254254	0.000040	1.256828	0.000041	1.256253	0.000039	1.267365	0.000006	1350073260.896366	1.000143	38.296096	25.209086	4.181653	1.269366	0.000231	1.269073	0.000054	1.269818	0.000033	1.269225	0.999933	1.270689	0.000041	1.274147	0.000040	1.273928	0.000041	1.272038	0.000084	
1350073261.895959	1.000000	39.100967	25.792053	6.113998	1.269221	0.999913	1.262447	0.000230	1.211382	0.000015	1.269129	0.003494	1.216366	0.000013	1.243861	0.000006	1.266915	0.000005	1.257050	0.000042	1350073261.896153	0.999787	38.284442	25.192497	4.151091	1.268304	0.000314	1.264965	0.000060	1.253977	0.000060	1.269223	0.999912	1.269469	0.000006	1.262481	0.000006	1.236335	0.000007	1.260402	0.000027	
1350073262.895983	1.000024	715794956.389838	715758002.670853	715775614.317042	0.999990	1.000215	0.999987	1.000218	0.999990	1.000223	0.999990	1.000216	0.999990	1.000219	0.999992	1.000213	0.999990	1.000219	0.999990	1.000217	1350073262.896076	0.999923	715840217.697780	715825795.738920	715879841.346379	0.999989	1.000214	0.999987	1.000217	3.893037	0.256924	0.999990	1.000216	0.999990	1.000219	0.999992	1.000214	0.999990	1.000219	0.999990	1.000217	
1350073263.896028	1.000045	0.000000	0.000000	0.000000	-nan	-nan	-nan	-nan	1.000008	inf	-nan	-nan	-nan	0.000000	-nan	-nan	-nan	-nan	-nan	-nan	1350073263.896090	1.000014	0.000000	0.000000	0.000000	-nan	-nan	-nan	-nan	1.345745	inf	-nan	-nan	-nan	-nan	-nan	-nan	-nan	-nan	-nan	-nan	
