ts_0	elapsed_0	pkg_0	pp0_0	dram_0	freq_ratio_0_0	c0_ratio_0_0	freq_ratio_0_1	c0_ratio_0_1	freq_ratio_0_2	c0_ratio_0_2	freq_ratio_0_3	c0_ratio_0_3	freq_ratio_0_4	c0_ratio_0_4	freq_ratio_0_5	c0_ratio_0_5	freq_ratio_0_6	c0_ratio_0_6	freq_ratio_0_7	c0_ratio_0_7	ts_1	elapsed_1	pkg_1	pp0_1	dram_1	freq_ratio_1_0	c0_ratio_1_0	freq_ratio_1_1	c0_ratio_1_1	freq_ratio_1_2	c0_ratio_1_2	freq_ratio_1_3	c0_ratio_1_3	freq_ratio_1_4	c0_ratio_1_4	freq_ratio_1_5	c0_ratio_1_5	freq_ratio_1_6	c0_ratio_1_6	freq_ratio_1_7	c0_ratio_1_7	
1349417519.347320	1.001059	59.062328	44.703328	0.000000	0.999864	0.981020	0.999807	0.981268	0.999868	0.981137	0.999983	0.980651	0.989793	0.005888	0.999976	0.979678	0.999977	0.980209	0.980776	0.000187	1349417519.347473	1.000388	61.592319	47.209409	0.000000	0.999989	0.994057	1.000000	0.007083	1.000000	0.981255	0.999990	0.980413	0.829838	0.000112	0.999973	0.974836	1.000000	0.974551	0.999894	0.985128	
1349417520.347319	0.999999	60.158154	45.724973	0.000000	1.000000	0.998805	1.000000	0.998806	1.000001	0.998824	1.000000	0.998768	1.000472	0.003381	1.000000	0.998805	0.999999	0.998770	0.978339	0.000010	1349417520.347453	0.999980	62.667988	48.211369	0.000000	1.000000	0.998772	1.000214	0.000335	1.000000	0.998770	1.000000	0.998807	1.001247	0.000007	1.000000	0.998806	1.000000	0.998769	1.000000	1.000000	
1349417521.347307	0.999988	60.099990	45.648524	0.000000	1.000000	0.996470	1.000000	0.996453	0.999999	0.996473	1.000000	0.996303	0.999128	0.003296	0.999997	0.996466	1.000001	0.996302	0.999633	0.000973	1349417521.347466	1.000013	62.792420	48.321266	0.000000	1.000000	0.996313	0.999661	0.000491	1.000000	0.996352	1.000000	0.996529	1.000403	0.000071	1.000000	0.996505	1.000000	0.996347	1.000000	1.000000	
1349417522.347306	0.999999	60.337750	45.888868	0.000000	1.000000	0.999931	1.000000	0.999921	1.000000	0.999973	1.000001	0.999853	1.000781	0.003457	1.000003	0.999953	1.000000	0.999840	0.999975	0.004933	1349417522.347443	0.999977	62.991493	48.510845	0.000000	1.000000	0.999861	0.999767	0.000364	1.000000	0.999914	1.000000	1.000000	0.997598	0.000007	1.000000	0.999991	1.000000	0.999911	1.000000	1.000000	
1349417523.347305	0.999999	60.027203	45.558485	0.000000	1.000001	1.000001	1.000000	1.000001	1.000000	1.000000	1.000000	1.000000	1.000113	0.004050	1.000000	1.000000	1.000000	1.000000	1.001204	0.000405	1349417523.347419	0.999976	62.958532	48.488289	0.000000	1.000000	1.000000	1.000266	0.000890	1.000000	1.000000	1.000000	1.000000	0.999117	0.000739	1.000000	1.000000	1.000000	1.000000	1.000000	1.000000	
1349417524.347310	1.000005	60.089757	45.610138	0.000000	1.000000	0.999991	1.000000	1.000000	1.000000	0.999996	1.000000	1.000000	0.999588	0.003732	1.000000	0.999999	0.999998	1.000000	0.900244	0.000035	1349417524.347461	1.000042	63.417947	48.919929	0.000000	1.000000	0.999989	1.000101	0.004816	1.000000	0.999990	1.000000	1.000000	1.006066	0.000109	1.000000	1.000000	1.000000	0.999991	1.000000	1.000000	
1349417525.347320	1.000010	60.094171	45.611802	0.000000	1.000000	0.998356	1.000000	0.998345	1.000000	0.998352	1.000000	0.998310	1.000013	0.005813	1.000000	0.998343	1.000002	0.998309	1.029819	0.000120	1349417525.347452	0.999991	63.380182	48.871994	0.000000	1.000000	0.998309	0.999835	0.004040	1.000000	0.998309	1.000000	0.998347	1.000092	0.000130	1.000000	0.998344	1.000000	0.998307	1.000000	1.000000	
1349417526.347312	0.999992	60.187072	45.701466	0.000000	1.000000	0.999993	1.000000	1.000000	1.000000	1.000000	1.000000	1.000000	0.998989	0.003273	1.000000	1.000000	1.000000	0.999990	0.995728	0.000009	1349417526.347453	1.000001	63.460007	48.949004	0.000000	1.000000	1.000000	1.000122	0.004416	1.000000	1.000000	1.000000	1.000000	0.999465	0.000120	1.000000	1.000000	1.000000	1.000000	1.000000	1.000000	
1349417527.347306	0.999994	60.203484	45.717909	0.000000	0.999987	0.999139	0.999999	0.999130	1.000000	0.999088	1.000001	0.999052	0.999188	0.003308	0.999999	0.999092	1.000000	0.999047	1.001982	0.000103	1349417527.347476	1.000023	63.157032	48.645691	0.000000	1.000000	0.999100	0.998599	0.000427	1.000000	0.999045	1.000000	0.999130	1.000030	0.000194	1.000000	0.999130	1.000000	0.999043	1.000000	1.000000	
1349417528.347304	0.999998	60.222374	45.736644	0.000000	1.000000	0.998394	1.000001	0.998402	1.000001	0.998355	1.000000	0.998369	1.002100	0.003491	1.000001	0.998385	1.000000	0.998308	0.973847	0.000010	1349417528.347445	0.999969	63.432325	48.923178	0.000000	1.000000	0.998360	1.000125	0.004486	1.000000	0.998370	1.000000	0.998387	1.000336	0.000101	1.000000	0.998389	1.000000	0.998349	1.000000	1.000000	
1349417529.347304	1.000000	60.225372	45.743515	0.000000	1.000000	0.999071	1.000000	0.999141	1.000000	0.999112	1.000000	0.999025	0.999939	0.004120	1.000000	0.999098	1.000000	0.999029	1.001354	0.000082	1349417529.347447	1.000002	63.508088	48.998640	0.000000	1.000000	0.999089	0.999984	0.005634	1.000000	0.998999	1.000000	0.999168	0.999815	0.000138	1.000000	0.999105	1.000000	0.999019	1.000000	1.000000	
1349417530.347331	1.000027	60.379721	45.888946	0.000000	1.000000	0.999977	1.000000	0.999992	1.000000	0.999989	1.000000	0.999966	1.000049	0.004385	1.000000	0.999947	1.000000	0.999945	0.833495	0.000011	1349417530.347467	1.000020	63.623985	49.102120	0.000000	1.000000	0.999954	0.999883	0.005354	1.000000	0.999951	1.000000	1.000000	1.000433	0.000098	1.000000	0.999992	1.000000	0.999950	1.000000	1.000000	
1349417531.347306	0.999975	61.070239	46.581595	0.000000	1.000000	0.999849	1.000001	0.999838	1.000000	0.999879	1.000000	0.999776	0.999979	0.011737	1.000000	0.999864	1.000000	0.999788	1.013437	0.000139	1349417531.347444	0.999977	63.295455	48.779940	0.000000	1.000000	0.999790	0.998816	0.000287	1.000000	0.999846	1.000000	0.999876	0.999860	0.000149	1.000000	0.999886	1.000000	0.999846	1.000000	1.000000	
1349417532.347306	1.000000	715819450.487213	715820948.362686	715827884.721619	0.999969	1.000014	0.999972	1.000038	0.999972	1.000034	0.999970	1.000015	0.999970	1.000019	0.999974	1.000020	0.999969	1.000016	0.999973	1.000030	1349417532.347423	0.999979	715777529.159387	715829811.007280	715842903.703439	0.999973	1.000030	0.999967	1.000018	3.894182	0.256796	0.999970	1.000014	0.999969	1.000016	0.999976	1.000027	0.999969	1.000015	0.999973	1.000030	
1349417533.347295	0.999989	0.000000	0.000000	0.000000	-nan	-nan	-nan	-nan	1.000008	inf	-nan	-nan	-nan	0.000000	-nan	-nan	-nan	-nan	-nan	-nan	1349417533.347366	0.999943	0.000000	0.000000	0.000000	-nan	-nan	-nan	-nan	1.345745	inf	-nan	-nan	-nan	-nan	-nan	-nan	-nan	-nan	-nan	-nan	
