ts_0	elapsed_0	pkg_0	pp0_0	dram_0	freq_ratio_0_0	c0_ratio_0_0	freq_ratio_0_1	c0_ratio_0_1	freq_ratio_0_2	c0_ratio_0_2	freq_ratio_0_3	c0_ratio_0_3	freq_ratio_0_4	c0_ratio_0_4	freq_ratio_0_5	c0_ratio_0_5	freq_ratio_0_6	c0_ratio_0_6	freq_ratio_0_7	c0_ratio_0_7	ts_1	elapsed_1	pkg_1	pp0_1	dram_1	freq_ratio_1_0	c0_ratio_1_0	freq_ratio_1_1	c0_ratio_1_1	freq_ratio_1_2	c0_ratio_1_2	freq_ratio_1_3	c0_ratio_1_3	freq_ratio_1_4	c0_ratio_1_4	freq_ratio_1_5	c0_ratio_1_5	freq_ratio_1_6	c0_ratio_1_6	freq_ratio_1_7	c0_ratio_1_7	
1350074190.686702	1.000419	84.172900	70.911655	4.950243	1.153846	1.000000	1.153846	1.000000	1.153846	1.000000	1.153846	1.000000	1.153846	1.000000	1.153846	1.000000	1.153846	1.000000	1.153169	0.000872	1350074190.686759	1.000369	54.856799	41.604579	1.751032	1.228273	0.002136	1.230747	0.999750	1.230747	0.999750	1.230747	0.999750	1.226757	0.001092	1.230740	0.000070	1.222192	0.000383	1.222058	0.000049	
1350074191.686685	0.999983	84.400263	71.116560	4.973137	1.153846	1.000000	1.153846	1.000000	1.153846	1.000000	1.153846	1.000000	1.153846	1.000000	1.153846	1.000000	1.153846	1.000000	1.153811	0.000364	1350074191.686741	0.999982	54.760653	41.520045	1.592054	1.230719	0.001088	1.230765	0.999958	1.230765	0.999957	1.230766	0.999957	1.230718	0.000367	1.230764	0.000039	1.235015	0.000066	1.234599	0.000011	
1350074192.686685	1.000000	84.519897	71.224091	4.952713	1.153846	1.000000	1.153846	1.000000	1.153846	1.000000	1.153846	1.000000	1.153846	1.000000	1.153846	1.000000	1.153846	1.000000	1.153783	0.000451	1350074192.686736	0.999995	54.799331	41.574015	1.618599	1.230642	0.001010	1.230765	0.999956	1.230765	0.999956	1.230765	0.999956	1.230505	0.000418	1.231219	0.000069	1.230672	0.000107	1.233930	0.000051	
1350074193.686692	1.000007	84.576213	71.275981	4.968075	1.153846	1.000000	1.153846	1.000000	1.153846	1.000000	1.153846	1.000000	1.153846	1.000000	1.153846	1.000000	1.153846	1.000000	1.153660	0.000405	1350074193.686753	1.000017	54.812701	41.583708	1.590717	1.230269	0.001033	1.230763	0.999933	1.230763	0.999933	1.230763	0.999933	1.229916	0.000352	1.228115	0.000041	1.226853	0.000065	1.210792	0.000011	
1350074194.686740	1.000048	79.737512	66.450337	4.962851	1.153788	0.044143	1.190562	0.999463	1.190562	0.999462	1.190562	0.999462	1.190562	0.999462	1.190562	0.999450	1.190562	0.999450	1.152744	0.000375	1350074194.686909	1.000156	63.759544	50.522472	1.614342	1.230571	0.954306	1.230575	0.998128	1.230575	0.998127	1.230575	0.998124	1.193748	0.001381	1.202597	0.000085	1.193785	0.000315	1.212991	0.000048	
1350074195.686686	0.999946	79.526761	66.238524	4.943305	1.157407	0.000270	1.192251	0.999441	1.192251	0.999441	1.192251	0.999441	1.192251	0.999440	1.192251	0.999440	1.192251	0.999438	1.154068	0.000364	1350074195.686851	0.999942	64.303408	51.050306	1.639362	1.230395	0.998089	1.230395	0.998088	1.230395	0.998085	1.230395	0.998083	1.192463	0.001306	1.191924	0.000044	1.192572	0.002019	1.192686	0.000017	
1350074196.686685	0.999999	79.524520	66.237719	4.957982	1.152612	0.000141	1.192235	0.999236	1.192235	0.999235	1.192235	0.999235	1.192235	0.999233	1.192235	0.999233	1.192235	0.999235	1.153752	0.000525	1350074196.686854	1.000003	64.357879	51.102533	1.622386	1.230529	0.998166	1.230529	0.998163	1.230529	0.998162	1.230530	0.998160	1.192003	0.001457	1.183684	0.000084	1.192649	0.000104	1.187876	0.000063	
1350074197.686685	1.000000	79.573807	66.284470	4.953079	1.153902	0.000271	1.192248	0.999417	1.192249	0.999417	1.192249	0.999417	1.192249	0.999417	1.192249	0.999416	1.192249	0.999416	1.153853	0.000377	1350074197.686857	1.000003	64.400832	51.143137	1.586741	1.230561	0.998304	1.230561	0.998303	1.230561	0.998301	1.230561	0.998300	1.192402	0.001324	1.192400	0.000046	1.191919	0.000074	1.193792	0.000010	
1350074198.686685	1.000000	79.589371	66.302124	4.957764	1.153916	0.000091	1.192260	0.999465	1.192260	0.999464	1.192260	0.999464	1.192260	0.999464	1.192259	0.999463	1.192259	0.999463	1.153798	0.000358	1350074198.686854	0.999997	64.408662	51.145941	1.640401	1.230482	0.998239	1.230482	0.998237	1.230482	0.998235	1.230482	0.998234	1.192311	0.001310	1.192389	0.000098	1.192446	0.000217	1.182646	0.000066	
1350074199.686685	1.000000	79.627609	66.336349	4.947906	1.154387	0.000257	1.192250	0.999441	1.192250	0.999441	1.192250	0.999441	1.192250	0.999439	1.192251	0.999439	1.192251	0.999439	1.155207	0.000393	1350074199.686852	0.999998	64.344636	51.095907	1.586276	1.230590	0.998416	1.230590	0.998414	1.230590	0.998413	1.230591	0.998411	1.192351	0.001303	1.192399	0.000065	1.192327	0.000176	1.220844	0.000022	
1350074200.686685	1.000000	79.626007	66.333923	4.968140	1.151439	0.000070	1.192239	0.999284	1.192240	0.999283	1.192240	0.999282	1.192241	0.999282	1.192241	0.999282	1.192241	0.999280	1.152490	0.000418	1350074200.686856	1.000004	64.402190	51.140204	1.648248	1.230585	0.998243	1.230585	0.998241	1.230585	0.998239	1.230585	0.998236	1.192180	0.001279	1.191689	0.000069	1.192350	0.000377	1.191493	0.000046	
1350074201.686685	1.000000	79.627884	66.339233	4.963120	1.153411	0.000257	1.192252	0.999438	1.192251	0.999438	1.192251	0.999437	1.192251	0.999436	1.192251	0.999437	1.192251	0.999436	1.153809	0.000378	1350074201.686855	0.999999	64.372666	51.109866	1.587770	1.230625	0.998498	1.230625	0.998497	1.230625	0.998495	1.230625	0.998494	1.192438	0.001229	1.193638	0.000040	1.192391	0.000081	1.195514	0.000010	
1350074202.686685	1.000000	79.612717	66.320480	4.948486	1.155665	0.000060	1.192262	0.999486	1.192262	0.999484	1.192262	0.999484	1.192262	0.999483	1.192262	0.999484	1.192262	0.999484	1.153707	0.000361	1350074202.686854	0.999999	64.441163	51.178149	1.632616	1.230599	0.998287	1.230599	0.998285	1.230599	0.998284	1.230599	0.998282	1.192266	0.001316	1.192705	0.000076	1.192341	0.000215	1.191797	0.000052	
1350074203.686685	1.000000	79.033875	65.741226	4.963150	1.152885	0.000265	1.192253	0.999464	1.192253	0.999464	1.192253	0.999464	1.192254	0.999463	1.192253	0.999472	1.192253	0.999461	1.153853	0.000344	1350074203.686853	0.999999	62.476866	49.212205	1.587114	1.230635	0.998610	1.230635	0.998609	1.230635	0.998607	1.230635	0.998606	1.192195	0.001151	1.191376	0.000045	1.192059	0.000080	1.194713	0.000010	
1350074204.686685	1.000000	78.575607	65.282120	4.962860	1.154522	0.000212	1.192244	0.999285	1.192245	0.999285	1.192244	0.999284	1.192245	0.999284	1.192244	0.999272	1.192245	0.999284	1.153874	0.000342	1350074204.686858	1.000005	63.307743	50.040780	1.633445	1.230625	0.998587	1.230625	0.998585	1.230625	0.998584	1.230625	0.998583	1.192288	0.001104	1.192387	0.000094	1.190373	0.000274	1.192211	0.000052	
1350074205.686685	1.000000	79.548615	66.269287	4.958008	1.153830	0.000359	1.192240	0.999310	1.192240	0.999309	1.192240	0.999309	1.192240	0.999308	1.192240	0.999319	1.192240	0.999306	1.153713	0.000357	1350074205.686851	0.999993	64.267916	51.004381	1.599956	1.230458	0.998376	1.230458	0.998375	1.230458	0.998373	1.230458	0.998371	1.192473	0.001088	1.192207	0.000044	1.192578	0.001991	1.193217	0.000017	
1350074206.686685	1.000000	79.708908	66.404251	4.963196	1.153970	0.000192	1.192248	0.999328	1.192248	0.999327	1.192248	0.999327	1.192248	0.999327	1.192248	0.999316	1.192248	0.999327	1.153777	0.000338	1350074206.686855	1.000004	64.325453	51.063453	1.592935	1.230582	0.998629	1.230582	0.998627	1.230581	0.998626	1.230582	0.998624	1.192129	0.001133	1.192293	0.000063	1.192440	0.000140	1.192139	0.000045	
1350074207.686685	1.000000	79.623856	66.332962	4.952972	1.153765	0.000347	1.192240	0.999302	1.192240	0.999302	1.192240	0.999301	1.192240	0.999300	1.192240	0.999311	1.192240	0.999297	1.153774	0.000377	1350074207.686852	0.999997	64.447008	51.185019	1.588720	1.230469	0.998743	1.230469	0.998743	1.230469	0.998742	1.230469	0.998741	1.192468	0.001086	1.192632	0.000045	1.191995	0.000073	1.195604	0.000010	
1350074208.686685	1.000000	79.646423	66.352371	4.942932	1.153810	0.000172	1.192249	0.999327	1.192249	0.999326	1.192249	0.999326	1.192249	0.999325	1.192248	0.999314	1.192247	0.999326	1.153848	0.000351	1350074208.686849	0.999997	64.398637	51.135367	1.593251	1.230588	0.998544	1.230588	0.998542	1.230588	0.998541	1.230588	0.998539	1.192174	0.001198	1.192383	0.000068	1.192455	0.000115	1.191951	0.000052	
1350074209.686685	1.000000	79.553513	66.272766	4.953079	1.153739	0.000377	1.192235	0.999261	1.192236	0.999260	1.192236	0.999260	1.192235	0.999259	1.192236	0.999259	1.192237	0.999258	1.153857	0.000378	1350074209.686870	1.000021	64.452749	51.190149	1.591748	1.230633	0.998613	1.230633	0.998611	1.230633	0.998610	1.230634	0.998608	1.192413	0.001125	1.192113	0.000066	1.192213	0.000166	1.191978	0.000010	
1350074210.686685	1.000000	79.667130	66.372849	4.953110	1.153925	0.000208	1.192245	0.999285	1.192244	0.999284	1.192244	0.999284	1.192245	0.999283	1.192245	0.999282	1.192244	0.999282	1.153731	0.000354	1350074210.686856	0.999986	64.331868	51.069551	1.592124	1.230580	0.998282	1.230580	0.998279	1.230580	0.998278	1.230580	0.998276	1.192155	0.001217	1.192366	0.000094	1.192337	0.000430	1.184278	0.000080	
1350074211.686685	1.000000	79.715530	66.423462	4.947998	1.153784	0.000383	1.192239	0.999306	1.192239	0.999306	1.192239	0.999306	1.192239	0.999304	1.192240	0.999304	1.192239	0.999304	1.153881	0.000355	1350074211.686864	1.000008	64.430981	51.168454	1.583422	1.230637	0.998614	1.230637	0.998613	1.230637	0.998611	1.230637	0.998610	1.192330	0.001148	1.192031	0.000039	1.192715	0.000066	1.222147	0.000022	
1350074212.686685	1.000000	79.671310	66.376129	4.963196	1.153962	0.000175	1.192246	0.999306	1.192247	0.999305	1.192246	0.999304	1.192247	0.999303	1.192246	0.999303	1.192247	0.999302	1.153655	0.000371	1350074212.686855	0.999991	64.311954	51.063420	1.599380	1.230632	0.998585	1.230632	0.998584	1.230632	0.998583	1.230632	0.998582	1.192268	0.001143	1.192712	0.000067	1.192345	0.000110	1.192468	0.000046	
1350074213.686685	1.000000	79.675903	66.381943	4.953308	1.153797	0.000365	1.192240	0.999306	1.192240	0.999305	1.192240	0.999305	1.192240	0.999305	1.192240	0.999304	1.192240	0.999304	1.153855	0.000360	1350074213.686855	1.000000	64.157562	50.893509	1.594986	1.230598	0.998652	1.230598	0.998651	1.230598	0.998650	1.230598	0.998649	1.192331	0.001148	1.192289	0.000046	1.191958	0.000065	1.192501	0.000010	
1350074214.686685	1.000000	79.779190	66.484634	4.972290	1.153847	0.003250	1.190903	0.999308	1.190903	0.999308	1.190903	0.999306	1.190901	0.999306	1.190902	0.999304	1.190902	0.999304	1.153836	0.003287	1350074214.686854	0.999999	64.325135	51.061725	1.610902	1.218242	0.998824	1.218242	0.998823	1.218242	0.998822	1.218242	0.998821	1.166921	0.003572	1.158877	0.003182	1.159307	0.002747	1.155425	0.002329	
1350074215.686692	1.000007	79.656401	66.363585	4.947964	1.153795	0.000385	1.192239	0.999307	1.192239	0.999306	1.192239	0.999307	1.192241	0.999305	1.192240	0.999305	1.192240	0.999305	1.153934	0.000345	1350074215.686862	1.000008	64.358579	51.095823	1.589602	1.230464	0.998109	1.230464	0.998107	1.230464	0.998105	1.230464	0.998103	1.192302	0.002083	1.192867	0.000045	1.192580	0.001974	1.190976	0.000017	
1350074216.686685	0.999993	79.689165	66.395387	4.958240	1.153678	0.000174	1.192244	0.999283	1.192244	0.999282	1.192244	0.999282	1.192244	0.999281	1.192244	0.999280	1.192244	0.999279	1.153685	0.000400	1350074216.686855	0.999993	64.188524	50.924623	1.625026	1.230630	0.998563	1.230630	0.998562	1.230630	0.998562	1.230630	0.998560	1.192351	0.001163	1.192191	0.000062	1.192464	0.000116	1.193235	0.000041	
1350074217.686692	1.000007	79.668288	66.374053	4.968105	1.151998	0.000350	1.192245	0.999372	1.192245	0.999372	1.192245	0.999372	1.192245	0.999371	1.192245	0.999370	1.192246	0.999371	1.153967	0.000322	1350074217.686861	1.000006	63.235432	49.969566	1.589285	1.230602	0.998656	1.230602	0.998655	1.230602	0.998653	1.230602	0.998653	1.192318	0.001102	1.192291	0.000046	1.192407	0.000073	1.192160	0.000010	
1350074218.686695	1.000003	715815766.885412	715803296.143577	715802151.085526	0.999988	1.000204	0.999986	1.000208	0.999996	1.000205	0.999988	1.000204	0.999988	1.000207	0.999991	1.000203	0.999988	1.000207	0.999988	1.000205	1350074218.686780	0.999919	715864190.812801	715840894.204414	715867074.724067	0.999988	1.000204	0.999986	1.000207	3.893155	0.256913	0.999988	1.000205	0.999988	1.000207	0.999991	1.000203	0.999988	1.000207	0.999988	1.000206	
1350074219.686685	0.999990	0.000000	0.000000	0.000000	-nan	-nan	-nan	-nan	0.000000	inf	-nan	-nan	-nan	0.000000	0.000000	inf	-nan	-nan	-nan	-nan	1350074219.686751	0.999971	0.000000	0.000000	0.000000	-nan	-nan	-nan	-nan	0.000000	inf	-nan	-nan	-nan	-nan	-nan	-nan	-nan	-nan	-nan	-nan	
