ts_0	elapsed_0	pkg_0	pp0_0	dram_0	freq_ratio_0_0	c0_ratio_0_0	freq_ratio_0_1	c0_ratio_0_1	freq_ratio_0_2	c0_ratio_0_2	freq_ratio_0_3	c0_ratio_0_3	freq_ratio_0_4	c0_ratio_0_4	freq_ratio_0_5	c0_ratio_0_5	freq_ratio_0_6	c0_ratio_0_6	freq_ratio_0_7	c0_ratio_0_7	ts_1	elapsed_1	pkg_1	pp0_1	dram_1	freq_ratio_1_0	c0_ratio_1_0	freq_ratio_1_1	c0_ratio_1_1	freq_ratio_1_2	c0_ratio_1_2	freq_ratio_1_3	c0_ratio_1_3	freq_ratio_1_4	c0_ratio_1_4	freq_ratio_1_5	c0_ratio_1_5	freq_ratio_1_6	c0_ratio_1_6	freq_ratio_1_7	c0_ratio_1_7	
1350071671.751118	1.000263	68.293518	55.047597	6.088975	0.967937	0.996422	0.967936	0.996422	0.967936	0.996419	0.967935	0.996418	0.967935	0.996415	0.967935	0.996412	0.967934	0.996411	0.967934	0.996409	1350071671.751157	1.000226	47.473370	34.259209	2.724146	1.229954	0.000736	1.269036	0.997981	1.269036	0.997979	1.230755	0.000904	1.202239	0.000018	1.212247	0.000018	1.229728	0.000104	1.223503	0.000017	
1350071672.751116	0.999998	64.696718	51.431281	6.102917	0.933678	0.995935	0.933678	0.995932	0.933678	0.995928	0.933678	0.995927	0.933677	0.995925	0.933677	0.995923	0.933677	0.995920	0.933677	0.995919	1350071672.751154	0.999997	47.581660	34.392471	2.712502	1.231142	0.000390	1.269138	0.999096	1.269138	0.999099	1.230672	0.000289	1.232531	0.000057	1.229496	0.000046	1.230203	0.000084	1.230075	0.000049	
1350071673.751115	0.999999	64.695557	51.424274	6.090582	0.933136	0.996039	0.933136	0.996037	0.933136	0.996035	0.933136	0.996032	0.933136	0.996028	0.933136	0.996027	0.933136	0.996023	0.933136	0.996021	1350071673.751152	0.999998	47.614196	34.424519	2.715154	1.230753	0.000324	1.269137	0.999125	1.269144	0.999120	1.231342	0.000263	1.253005	0.000011	1.252750	0.000011	1.230889	0.000084	1.214676	0.000011	
1350071674.751115	1.000000	64.692688	51.422653	6.096741	0.933255	0.996014	0.933255	0.996013	0.933255	0.996011	0.933255	0.996008	0.933255	0.996006	0.933255	0.996003	0.933255	0.996000	0.933255	0.995998	1350071674.751155	1.000003	47.636541	34.446152	2.733573	1.230794	0.000352	1.269142	0.999076	1.269135	0.999075	1.230796	0.000259	1.231128	0.000043	1.231348	0.000046	1.231013	0.000091	1.232011	0.000137	
1350071675.751115	1.000000	64.693298	51.423248	6.090576	0.932454	0.996188	0.932454	0.996187	0.932454	0.996184	0.932454	0.996182	0.932454	0.996179	0.932455	0.996179	0.932455	0.996176	0.932455	0.996174	1350071675.751157	1.000002	47.595704	34.416301	2.712626	1.230771	0.000358	1.269138	0.999078	1.269132	0.999077	1.230728	0.000295	1.232188	0.000017	1.218793	0.000018	1.228238	0.000114	1.219141	0.000018	
1350071676.751132	1.000017	64.675282	51.406723	6.115131	0.932453	0.497681	0.963167	0.997359	0.963168	0.997358	0.963168	0.997357	0.963168	0.997355	0.963168	0.997354	0.963168	0.997351	0.963169	0.997350	1350071676.751237	1.000080	51.201510	37.992745	2.693723	1.230773	0.501892	1.249874	0.999529	1.249880	0.999528	1.231362	0.000463	1.240095	0.000067	1.246044	0.000057	1.238373	0.000118	1.231814	0.000079	
1350071677.751115	0.999983	64.603022	51.345077	6.102871	0.974394	0.004362	0.992263	0.998170	0.992263	0.998167	0.992263	0.998167	0.992262	0.998164	0.992263	0.998164	0.992263	0.998163	0.992263	0.998162	1350071677.751197	0.999960	54.676796	41.478560	2.707399	1.230765	0.999954	1.230765	0.999954	1.230765	0.999954	1.230988	0.000735	1.201391	0.000005	1.200902	0.000006	1.230990	0.000093	1.263574	0.000026	
1350071678.751115	1.000000	64.668961	51.398697	6.115234	0.976974	0.002481	0.991717	0.997986	0.991717	0.997984	0.991717	0.997983	0.991718	0.997982	0.991717	0.997981	0.991717	0.997978	0.991717	0.997978	1350071678.751201	1.000004	54.754554	41.542571	2.722691	1.230763	0.999934	1.230763	0.999934	1.230763	0.999934	1.230550	0.000678	1.234290	0.000052	1.204038	0.000051	1.230567	0.000102	1.229127	0.000152	
1350071679.751114	0.999999	64.667725	51.398105	6.090582	0.979624	0.002236	0.991705	0.997986	0.991705	0.997986	0.991706	0.997985	0.991706	0.997983	0.991706	0.997983	0.991705	0.997980	0.991706	0.997979	1350071679.751201	1.000000	54.739685	41.527069	2.710434	1.230765	0.999954	1.230765	0.999954	1.230765	0.999954	1.230807	0.000626	1.230943	0.000010	1.230279	0.000010	1.231152	0.000085	1.231717	0.000010	
1350071680.751114	1.000000	64.671310	51.402206	6.090576	0.981920	0.002717	0.991714	0.997984	0.991713	0.997983	0.991713	0.997982	0.991713	0.997981	0.991713	0.997979	0.991713	0.997978	0.991713	0.997977	1350071680.751200	0.999999	54.810080	41.595239	2.712558	1.230765	0.999954	1.230765	0.999954	1.230765	0.999954	1.230731	0.000724	1.230726	0.000057	1.230724	0.000049	1.230263	0.000090	1.230235	0.000046	
1350071681.751114	1.000000	64.667603	51.396759	6.084412	0.978905	0.002345	0.991652	0.997959	0.991653	0.997959	0.991653	0.997958	0.991652	0.997956	0.991653	0.997954	0.991653	0.997954	0.991653	0.997951	1350071681.751200	1.000000	54.818222	41.604370	2.710648	1.230765	0.999954	1.230765	0.999954	1.230765	0.999954	1.230913	0.000635	1.230888	0.000010	1.229414	0.000010	1.231221	0.000085	1.231806	0.000010	
1350071682.751114	1.000000	64.672104	51.401154	6.084412	0.974863	0.002471	0.991532	0.997925	0.991532	0.997923	0.991532	0.997921	0.991532	0.997920	0.991531	0.997918	0.991531	0.997917	0.991531	0.997916	1350071682.751209	1.000009	54.830421	41.613240	2.719061	1.230765	0.999957	1.230765	0.999957	1.230765	0.999957	1.230844	0.000682	1.230772	0.000052	1.230697	0.000052	1.230127	0.000103	1.230594	0.000100	
1350071683.751114	1.000000	64.665710	51.393875	6.084412	0.978276	0.002233	0.991514	0.997950	0.991515	0.997949	0.991515	0.997948	0.991515	0.997945	0.991515	0.997944	0.991516	0.997942	0.991516	0.997942	1350071683.751198	0.999989	54.809363	41.591200	2.713424	1.230765	0.999956	1.230765	0.999955	1.230765	0.999955	1.230790	0.000625	1.230943	0.000009	1.232281	0.000010	1.230977	0.000091	1.232928	0.000009	
1350071684.751114	1.000000	64.671371	51.400528	6.096741	0.979345	0.002390	0.991128	0.997847	0.991128	0.997844	0.991128	0.997843	0.991128	0.997840	0.991128	0.997839	0.991129	0.997839	0.991129	0.997837	1350071684.751201	1.000003	53.731981	40.511517	2.713355	1.230765	0.999956	1.230765	0.999956	1.230765	0.999955	1.230498	0.000685	1.230633	0.000054	1.230658	0.000051	1.230938	0.000102	1.230990	0.000046	
1350071685.751115	1.000001	64.621353	51.350598	6.096735	1.013577	0.001914	0.991648	0.485423	1.029074	0.997647	1.029075	0.997644	1.029075	0.997642	1.029075	0.997641	1.029075	0.997639	1.029076	0.997637	1350071685.751228	1.000027	58.080436	44.870816	2.704807	1.230723	0.999501	1.230723	0.999500	1.230723	0.999500	1.230689	0.513546	1.190920	0.000324	1.199306	0.000017	1.207284	0.000086	1.199634	0.000017	
1350071686.751115	1.000000	64.540771	51.282608	6.095688	1.019088	0.004034	1.003435	0.003407	1.063987	0.997359	1.063987	0.997358	1.063988	0.997356	1.063987	0.997353	1.063987	0.997350	1.063987	0.997349	1350071686.751225	0.999997	62.323832	49.091522	2.704568	1.227376	0.999022	1.227376	0.999021	1.227376	0.999020	1.227376	0.999018	1.163139	0.003167	1.154597	0.002349	1.164297	0.003659	1.155490	0.002426	
1350071687.751114	0.999999	64.586304	51.314945	6.096747	1.056198	0.002814	1.101475	0.000021	1.076328	0.996770	1.076328	0.996767	1.076328	0.996765	1.076328	0.996761	1.076328	0.996760	1.076328	0.996759	1350071687.751226	1.000001	61.786745	48.550903	2.710126	1.230640	0.999306	1.230640	0.999305	1.230640	0.999304	1.230640	0.999303	1.192306	0.000649	1.178567	0.000013	1.192457	0.000101	1.157010	0.000006	
1350071688.751115	1.000001	64.585571	51.313565	6.102899	1.085551	0.001109	1.104804	0.000058	1.086102	0.996026	1.086102	0.996021	1.086102	0.996018	1.086101	0.996015	1.086101	0.996012	1.086102	0.996008	1350071688.751226	1.000000	61.839508	48.603882	2.712311	1.230682	0.999180	1.230682	0.999179	1.230682	0.999178	1.230682	0.999177	1.192292	0.000626	1.194397	0.000088	1.192473	0.000138	1.187767	0.000096	
1350071689.751114	0.999999	64.607422	51.338641	6.109076	1.066660	0.001125	1.068056	0.000021	1.062701	0.996875	1.062701	0.996871	1.062701	0.996868	1.062701	0.996867	1.062701	0.996863	1.062701	0.996862	1350071689.751226	1.000000	64.021164	50.786148	2.713074	1.230690	0.999239	1.230690	0.999239	1.230690	0.999238	1.230690	0.999237	1.192361	0.000659	1.189913	0.000006	1.192459	0.000100	1.244061	0.000012	
1350071690.751115	1.000001	64.608901	51.342618	6.090570	1.060248	0.001571	1.046050	0.000102	1.063232	0.997017	1.063232	0.997014	1.063232	0.997013	1.063232	0.997012	1.063232	0.997009	1.063232	0.997007	1350071690.751249	1.000023	63.968613	50.732207	2.707732	1.230678	0.999113	1.230678	0.999112	1.230678	0.999111	1.230678	0.999110	1.192320	0.000771	1.193346	0.000046	1.191884	0.000115	1.191726	0.000055	
1350071691.751114	0.999999	64.604676	51.337421	6.127569	1.067344	0.001142	1.076607	0.000032	1.063639	0.997147	1.063639	0.997145	1.063639	0.997143	1.063639	0.997141	1.063639	0.997137	1.063640	0.997135	1350071691.751226	0.999977	63.943205	50.708772	2.718751	1.230680	0.999202	1.230680	0.999201	1.230680	0.999200	1.230680	0.999199	1.192315	0.000696	1.189416	0.000010	1.192368	0.000095	1.197898	0.000010	
1350071692.751115	1.000001	64.609466	51.339474	6.090570	1.057224	0.001297	1.057081	0.000081	1.063181	0.997046	1.063181	0.997043	1.063181	0.997041	1.063181	0.997041	1.063180	0.997039	1.063180	0.997036	1350071692.751226	1.000000	63.929245	50.697144	2.710220	1.230682	0.999132	1.230682	0.999131	1.230682	0.999130	1.230682	0.999129	1.192337	0.000732	1.192533	0.000040	1.192608	0.000105	1.192139	0.000049	
1350071693.751114	0.999999	64.610200	51.348117	6.090582	1.063350	0.001079	1.038880	0.000033	1.063665	0.997107	1.063665	0.997104	1.063665	0.997102	1.063665	0.997099	1.063665	0.997097	1.063665	0.997095	1350071693.751228	1.000002	63.900482	50.667994	2.704600	1.230687	0.999173	1.230687	0.999172	1.230687	0.999171	1.230687	0.999171	1.192326	0.000708	1.191672	0.000010	1.192193	0.000099	1.193771	0.000010	
1350071694.751114	1.000000	64.601700	51.333679	6.115234	1.059900	0.001272	1.055918	0.000075	1.063386	0.997073	1.063386	0.997071	1.063386	0.997069	1.063387	0.997066	1.063387	0.997063	1.063387	0.997062	1350071694.751224	0.999996	63.870788	50.653800	2.707653	1.230684	0.999175	1.230684	0.999174	1.230684	0.999174	1.230684	0.999172	1.192317	0.000708	1.192625	0.000041	1.192230	0.000127	1.192398	0.000081	
1350071695.751114	1.000000	64.610428	51.348709	6.115234	1.063991	0.001459	1.063841	0.000098	1.063665	0.997223	1.063665	0.997220	1.063665	0.997218	1.063664	0.997215	1.063664	0.997214	1.063664	0.997214	1350071695.751225	1.000001	63.930451	50.701871	2.715909	1.230683	0.999156	1.230683	0.999155	1.230683	0.999155	1.230683	0.999154	1.192338	0.000784	1.192483	0.000017	1.192314	0.000094	1.191863	0.000021	
1350071696.751114	1.000000	64.608978	51.340805	6.115234	1.060656	0.001387	1.065352	0.000089	1.063364	0.997008	1.063364	0.997007	1.063365	0.997004	1.063364	0.997002	1.063364	0.997000	1.063364	0.996998	1350071696.751228	1.000003	63.912766	50.682079	2.715644	1.230686	0.999197	1.230686	0.999196	1.230686	0.999195	1.230687	0.999194	1.192300	0.000703	1.192371	0.000052	1.186104	0.000101	1.192243	0.000048	
1350071697.751114	1.000000	64.544739	51.287354	6.096741	1.049915	0.003949	1.056014	0.000060	1.063002	0.997023	1.063002	0.997020	1.063002	0.997019	1.063002	0.997018	1.063002	0.997015	1.063002	0.997013	1350071697.751229	1.000001	63.943451	50.713453	2.710340	1.230680	0.999086	1.230680	0.999085	1.230680	0.999084	1.230680	0.999083	1.192348	0.000762	1.192211	0.000017	1.197199	0.000130	1.191917	0.000017	
1350071698.751115	1.000001	64.602935	51.332089	6.109064	1.053792	0.001316	1.058998	0.000093	1.063428	0.997071	1.063428	0.997069	1.063429	0.997067	1.063429	0.997065	1.063429	0.997063	1.063429	0.997060	1350071698.751230	1.000001	63.926148	50.698316	2.715818	1.230684	0.999153	1.230684	0.999152	1.230684	0.999151	1.230684	0.999150	1.192303	0.000699	1.192396	0.000066	1.192092	0.000093	1.192589	0.000063	
1350071699.751114	0.999999	64.605332	51.335117	6.115240	1.056538	0.001073	1.051724	0.000046	1.063127	0.997029	1.063127	0.997026	1.063127	0.997023	1.063127	0.997022	1.063127	0.997020	1.063127	0.997017	1350071699.751227	0.999997	63.957764	50.728642	2.710275	1.230686	0.999178	1.230686	0.999178	1.230686	0.999177	1.230686	0.999176	1.192309	0.000745	1.193076	0.000006	1.192394	0.000100	1.189684	0.000010	
1350071700.751114	1.000000	64.610474	51.339706	6.115234	1.061710	0.001636	1.078207	0.000169	1.062668	0.997104	1.062667	0.997101	1.062667	0.997099	1.062668	0.997096	1.062667	0.997095	1.062667	0.997094	1350071700.751225	0.999998	63.951126	50.720998	2.710454	1.230675	0.999067	1.230675	0.999066	1.230675	0.999066	1.230675	0.999064	1.192329	0.000737	1.192206	0.000074	1.192297	0.000130	1.184303	0.000078	
1350071701.751114	1.000000	64.609390	51.341507	6.121399	1.063600	0.001131	1.071442	0.000278	1.063652	0.997132	1.063651	0.997130	1.063651	0.997128	1.063650	0.997125	1.063651	0.997122	1.063651	0.997120	1350071701.751227	1.000002	63.952728	50.720728	2.710642	1.230685	0.999219	1.230685	0.999218	1.230685	0.999217	1.230685	0.999216	1.192350	0.000704	1.192491	0.000013	1.192292	0.000090	1.223896	0.000019	
1350071702.751115	1.000001	64.601180	51.329800	6.084253	1.066950	0.001194	1.074292	0.000590	1.063330	0.997169	1.063330	0.997164	1.063330	0.997163	1.063330	0.997149	1.063330	0.997147	1.063330	0.997145	1350071702.751239	1.000012	62.346059	49.105875	2.892986	1.228681	0.998938	1.228681	0.998937	1.228679	0.998936	1.228681	0.998935	1.192308	0.051281	1.190685	0.000334	1.192226	0.000114	1.192810	0.000077	
1350071703.751114	0.999999	64.613526	51.347034	6.084417	1.063539	0.001050	1.059348	0.000080	1.063632	0.997126	1.063632	0.997123	1.063633	0.997121	1.063633	0.997130	1.063632	0.997127	1.063632	0.997126	1350071703.751229	0.999990	61.940821	48.689697	2.707837	1.230690	0.999220	1.230690	0.999219	1.230692	0.999218	1.230690	0.999217	1.192084	0.000493	1.191506	0.000219	1.192328	0.000113	1.193943	0.000010	
1350071704.751115	1.000001	64.574752	51.309277	6.096735	1.079622	0.001103	1.095439	0.000071	1.082182	0.996277	1.082182	0.996275	1.082182	0.996270	1.082183	0.996268	1.082183	0.996267	1.082184	0.996263	1350071704.751225	0.999996	61.759238	48.516798	2.708461	1.230691	0.999240	1.230691	0.999239	1.230691	0.999238	1.230691	0.999236	1.192575	0.000483	1.193086	0.000228	1.192121	0.000101	1.192500	0.000055	
1350071705.751114	0.999999	64.583481	51.324252	6.090582	1.087329	0.001124	1.104967	0.000031	1.087025	0.996180	1.087024	0.996178	1.087025	0.996174	1.087024	0.996173	1.087024	0.996168	1.087024	0.996165	1350071705.751228	1.000003	61.785728	48.527270	2.712943	1.230699	0.999328	1.230699	0.999327	1.230698	0.999327	1.230699	0.999325	1.192034	0.000460	1.191607	0.000234	1.192667	0.000091	1.191779	0.000017	
1350071706.751115	1.000001	715815303.322411	715771632.704711	715810302.016756	0.999987	1.000194	0.999984	1.000198	0.999995	1.000200	0.999985	1.000190	0.999987	1.000197	0.999989	1.000193	0.999987	1.000198	0.999987	1.000195	1350071706.751194	0.999966	715849337.521874	715791586.571232	715832736.045374	0.999987	1.000198	0.999984	1.000196	3.893272	0.256902	0.999986	1.000194	0.999987	1.000197	0.999989	1.000193	0.999987	1.000198	0.999987	1.000196	
1350071707.751114	0.999999	0.000000	0.000000	0.000000	-nan	-nan	-nan	-nan	8.000000	inf	-nan	-nan	-nan	0.000000	-nan	-nan	-nan	-nan	-nan	-nan	1350071707.751184	0.999990	0.000000	0.000000	0.000000	-nan	-nan	-nan	-nan	0.000000	inf	-nan	-nan	-nan	-nan	-nan	-nan	-nan	-nan	-nan	-nan	
