ts_0	elapsed_0	pkg_0	pp0_0	dram_0	freq_ratio_0_0	c0_ratio_0_0	freq_ratio_0_1	c0_ratio_0_1	freq_ratio_0_2	c0_ratio_0_2	freq_ratio_0_3	c0_ratio_0_3	freq_ratio_0_4	c0_ratio_0_4	freq_ratio_0_5	c0_ratio_0_5	freq_ratio_0_6	c0_ratio_0_6	freq_ratio_0_7	c0_ratio_0_7	ts_1	elapsed_1	pkg_1	pp0_1	dram_1	freq_ratio_1_0	c0_ratio_1_0	freq_ratio_1_1	c0_ratio_1_1	freq_ratio_1_2	c0_ratio_1_2	freq_ratio_1_3	c0_ratio_1_3	freq_ratio_1_4	c0_ratio_1_4	freq_ratio_1_5	c0_ratio_1_5	freq_ratio_1_6	c0_ratio_1_6	freq_ratio_1_7	c0_ratio_1_7	
1350071671.750119	1.000338	68.373811	55.283220	3.765130	0.946679	0.996030	0.946678	0.996026	0.946678	0.996022	0.946677	0.996020	0.946677	0.996018	0.946676	0.996016	0.946676	0.996015	0.946674	0.996020	1350071671.750160	1.000303	47.137404	33.916907	1.639564	1.225748	0.000068	1.268627	0.999738	1.268627	0.999738	1.229504	0.000125	1.230325	0.000223	1.239044	0.000043	1.151340	0.000007	1.222894	0.000072	
1350071672.750116	0.999997	64.676241	51.571922	3.778302	0.955730	0.996013	0.914279	0.254214	0.955730	0.996012	0.955730	0.996009	0.955730	0.996006	0.955731	0.996002	0.955730	0.996000	0.955731	0.995998	1350071672.750179	1.000019	52.444907	39.201279	1.616195	1.230769	0.749248	1.240403	0.999957	1.240403	0.999957	1.225115	0.000018	1.229517	0.000073	1.231522	0.000052	1.231292	0.000059	1.230938	0.000086	
1350071673.750115	0.999999	64.676835	51.568119	3.782276	0.969904	0.995982	0.965965	0.003982	0.969905	0.995983	0.969905	0.995981	0.969905	0.995976	0.969905	0.995972	0.969905	0.995970	0.969905	0.995968	1350071673.750176	0.999997	54.238358	40.982152	1.669713	1.230765	0.999956	1.230765	0.999956	1.230765	0.999956	1.231648	0.000067	1.231500	0.000088	1.236936	0.000007	1.233416	0.000007	1.231654	0.000059	
1350071674.750115	1.000000	64.681610	51.563553	3.785965	0.969124	0.995794	0.964921	0.004387	0.969123	0.995793	0.969123	0.995789	0.969122	0.995786	0.969122	0.995784	0.969122	0.995780	0.969122	0.995778	1350071674.750177	1.000001	54.145578	40.884528	1.674452	1.230765	0.999954	1.230765	0.999954	1.230765	0.999954	1.237067	0.000011	1.234953	0.000043	1.235257	0.000044	1.235852	0.000043	1.226193	0.000176	
1350071675.750115	1.000000	64.675171	51.554108	3.790070	0.968564	0.995724	0.965437	0.004300	0.968564	0.995724	0.968564	0.995721	0.968564	0.995718	0.968564	0.995716	0.968564	0.995713	0.968564	0.995709	1350071675.750177	1.000000	54.046768	40.785950	1.689163	1.230765	0.999955	1.230765	0.999955	1.230766	0.999956	1.230205	0.000058	1.230256	0.000070	1.225276	0.000007	1.224841	0.000007	1.240359	0.000089	
1350071676.750115	1.000000	64.676102	51.553528	3.797623	0.968118	0.995738	0.965017	0.004654	0.968118	0.995733	0.968117	0.995732	0.968118	0.995728	0.968118	0.995726	0.968117	0.995723	0.968117	0.995721	1350071676.750175	0.999998	54.069943	40.808458	1.633289	1.230765	0.999957	1.230766	0.999957	1.230765	0.999957	1.231413	0.000043	1.230995	0.000160	1.231236	0.000045	1.231151	0.000058	1.232352	0.000088	
1350071677.750115	1.000000	64.679901	51.553955	3.793823	0.967483	0.995812	0.964363	0.004267	0.967484	0.995812	0.967483	0.995810	0.967483	0.995806	0.967483	0.995804	0.967483	0.995802	0.967483	0.995801	1350071677.750177	1.000002	53.976246	40.722029	1.658215	1.230765	0.999955	1.230765	0.999955	1.230765	0.999955	1.230826	0.000060	1.226906	0.000062	1.195961	0.000007	1.198629	0.000007	1.226591	0.000058	
1350071678.750115	1.000000	64.615601	51.499176	3.763412	0.966873	0.996093	0.965258	0.004418	0.966873	0.996093	0.966873	0.996089	0.966873	0.996085	0.966873	0.996084	0.966873	0.996080	0.966873	0.996078	1350071678.750175	0.999998	53.960155	40.722169	1.616977	1.230760	0.999891	1.230760	0.999891	1.230760	0.999891	1.216874	0.000011	1.224569	0.000074	1.222784	0.000043	1.218630	0.000079	1.222118	0.000155	
1350071679.750127	1.000012	64.602654	51.489499	3.781968	0.974628	0.006253	1.039774	0.002008	1.039726	0.998198	1.039727	0.998197	1.039727	0.998195	1.039726	0.998193	1.039727	0.998193	1.039727	0.998191	1350071679.750235	1.000060	63.174976	49.944875	1.671408	1.230748	0.999783	1.230748	0.999783	1.230748	0.999783	1.230753	0.994010	1.208697	0.000109	1.232532	0.000033	1.228448	0.000033	1.211676	0.000096	
1350071680.750115	0.999988	64.617653	51.506458	3.782226	1.048562	0.000069	1.040176	0.001870	1.040460	0.998142	1.040460	0.998140	1.040460	0.998139	1.040460	0.998138	1.040460	0.998137	1.040461	0.998135	1350071680.750229	0.999994	63.243480	50.030144	1.612925	1.230746	0.999804	1.230746	0.999803	1.230746	0.999803	1.230746	0.999803	1.193029	0.000046	1.192090	0.000043	1.192814	0.000050	1.198927	0.000092	
1350071681.750115	1.000000	64.619843	51.505524	3.793961	1.038501	0.000268	1.040540	0.002259	1.040428	0.998143	1.040429	0.998141	1.040429	0.998141	1.040428	0.998139	1.040429	0.998137	1.040428	0.998136	1350071681.750231	1.000002	63.333085	50.104549	1.670163	1.230749	0.999848	1.230749	0.999848	1.230749	0.999847	1.230749	0.999847	1.192318	0.000168	1.185119	0.000006	1.188366	0.000006	1.192335	0.000065	
1350071682.750115	1.000000	64.618637	51.503540	3.805008	1.038274	0.000079	1.037600	0.003751	1.039950	0.998366	1.039949	0.998365	1.039949	0.998363	1.039950	0.998363	1.039949	0.998361	1.039949	0.998360	1350071682.750228	0.999997	63.345808	50.114734	1.661703	1.230735	0.999739	1.230735	0.999738	1.230735	0.999738	1.230735	0.999738	1.192176	0.000031	1.193079	0.000054	1.192524	0.000056	1.194919	0.000150	
1350071683.750115	1.000000	64.617783	51.505630	3.789764	1.038366	0.000265	1.040086	0.001877	1.040029	0.998417	1.040030	0.998417	1.040030	0.998415	1.040030	0.998414	1.040030	0.998413	1.040030	0.998411	1350071683.750226	0.999998	63.358824	50.127232	1.668369	1.230752	0.999847	1.230752	0.999847	1.230752	0.999847	1.230752	0.999846	1.192252	0.000061	1.188027	0.000005	1.190673	0.000005	1.187416	0.000085	
1350071684.750115	1.000000	64.617462	51.499207	3.797958	1.037183	0.000085	1.041111	0.001852	1.040094	0.998373	1.040094	0.998371	1.040094	0.998370	1.040093	0.998370	1.040094	0.998368	1.040094	0.998367	1350071684.750225	0.999999	62.061064	48.829057	1.615556	1.230747	0.999827	1.230747	0.999827	1.230747	0.999827	1.230747	0.999827	1.192348	0.000051	1.192536	0.000043	1.192367	0.000051	1.192576	0.000065	
1350071685.750115	1.000000	64.619995	51.502274	3.778107	1.039061	0.000260	1.040500	0.001858	1.040247	0.998227	1.040247	0.998226	1.040247	0.998225	1.040247	0.998224	1.040247	0.998222	1.040247	0.998222	1350071685.750231	1.000006	61.748091	48.512238	1.657262	1.230756	0.999891	1.230756	0.999891	1.230756	0.999890	1.230756	0.999890	1.192388	0.000057	1.192315	0.000006	1.188498	0.000006	1.192082	0.000059	
1350071686.750115	1.000000	64.621964	51.503403	3.797424	1.038503	0.000074	1.039613	0.002188	1.040131	0.998273	1.040130	0.998270	1.040130	0.998270	1.040130	0.998269	1.040130	0.998266	1.040130	0.998266	1350071686.750233	1.000002	61.237600	47.998398	1.604016	1.230740	0.999782	1.230740	0.999782	1.230740	0.999782	1.230740	0.999782	1.192327	0.000152	1.192380	0.000043	1.193026	0.000057	1.192563	0.000095	
1350071687.750115	1.000000	64.598450	51.480774	3.785965	1.049949	0.000379	1.061646	0.001516	1.062212	0.997973	1.062212	0.997972	1.062213	0.997971	1.062213	0.997969	1.062213	0.997967	1.062213	0.997966	1350071687.750223	0.999990	61.156618	47.910987	1.673814	1.230755	0.999891	1.230755	0.999891	1.230755	0.999890	1.230755	0.999890	1.192332	0.000055	1.192899	0.000006	1.185715	0.000006	1.192332	0.000072	
1350071688.750115	1.000000	64.616150	51.493805	3.801178	1.060863	0.000186	1.063012	0.001428	1.065651	0.997930	1.065650	0.997929	1.065650	0.997927	1.065650	0.997925	1.065650	0.997923	1.065649	0.997921	1350071688.750225	1.000002	61.332403	48.087509	1.640637	1.230743	0.999804	1.230743	0.999804	1.230743	0.999804	1.230743	0.999803	1.192292	0.000055	1.192408	0.000050	1.193059	0.000062	1.192257	0.000083	
1350071689.750115	1.000000	64.555359	51.442688	3.781372	0.992733	0.003545	1.003008	0.004976	1.038166	0.998957	1.038166	0.998957	1.038166	0.998956	1.038166	0.998955	1.038166	0.998955	1.038166	0.998954	1350071689.750228	1.000003	63.620607	50.386090	1.620249	1.230514	0.999708	1.230514	0.999708	1.230514	0.999708	1.230514	0.999707	1.156155	0.002606	1.153941	0.002381	1.157681	0.002647	1.159735	0.003395	
1350071690.750115	1.000000	64.616653	51.493576	3.797775	1.038450	0.000202	1.039701	0.001841	1.039648	0.998824	1.039647	0.998823	1.039648	0.998823	1.039647	0.998822	1.039647	0.998822	1.039647	0.998821	1350071690.750242	1.000014	63.508247	50.275019	1.613899	1.230744	0.999782	1.230744	0.999782	1.230744	0.999782	1.230744	0.999781	1.191593	0.000032	1.177394	0.000043	1.181511	0.000047	1.187365	0.000114	
1350071691.750115	1.000000	64.620438	51.497009	3.793579	1.038716	0.000409	1.044061	0.002065	1.039626	0.998744	1.039627	0.998744	1.039627	0.998742	1.039627	0.998742	1.039626	0.998741	1.039627	0.998740	1350071691.750226	0.999984	63.462867	50.230249	1.717648	1.230691	0.999241	1.230691	0.999240	1.230691	0.999239	1.230691	0.999239	1.192269	0.000444	1.203392	0.000056	1.204250	0.000039	1.191121	0.000081	
1350071692.750115	1.000000	64.621368	51.497955	3.789703	1.041566	0.000205	1.035892	0.003717	1.039537	0.998778	1.039536	0.998777	1.039536	0.998776	1.039536	0.998775	1.039536	0.998774	1.039536	0.998774	1350071692.750229	1.000003	63.484316	50.252225	1.654627	1.230745	0.999804	1.230745	0.999804	1.230745	0.999804	1.230745	0.999804	1.192341	0.000042	1.193025	0.000052	1.193008	0.000069	1.199306	0.000090	
1350071693.750115	1.000000	64.620850	51.499374	3.786057	1.038488	0.000389	1.039593	0.001804	1.039849	0.998639	1.039849	0.998638	1.039849	0.998636	1.039849	0.998636	1.039849	0.998635	1.039848	0.998634	1350071693.750236	1.000007	63.481601	50.249210	1.684818	1.230755	0.999891	1.230755	0.999891	1.230755	0.999891	1.230755	0.999891	1.192323	0.000063	1.195155	0.000006	1.190041	0.000006	1.192399	0.000073	
1350071694.750115	1.000000	64.616837	51.495743	3.793777	1.038843	0.000201	1.039746	0.001737	1.039895	0.998617	1.039895	0.998615	1.039896	0.998615	1.039895	0.998613	1.039896	0.998613	1.039895	0.998612	1350071694.750229	0.999993	63.490536	50.257626	1.684445	1.230746	0.999825	1.230746	0.999826	1.230746	0.999825	1.230746	0.999825	1.192428	0.000045	1.192243	0.000047	1.192394	0.000058	1.192186	0.000093	
1350071695.750115	1.000000	64.624420	51.502701	3.789963	1.039952	0.000389	1.039257	0.001833	1.039626	0.998840	1.039625	0.998839	1.039625	0.998838	1.039625	0.998837	1.039625	0.998837	1.039625	0.998836	1350071695.750228	0.999999	63.413818	50.194399	1.668016	1.230755	0.999892	1.230755	0.999891	1.230755	0.999891	1.230755	0.999891	1.192387	0.000064	1.192628	0.000006	1.194850	0.000006	1.191985	0.000066	
1350071696.750115	1.000000	64.617950	51.492325	3.797287	1.038899	0.000199	1.039712	0.002116	1.039390	0.998954	1.039391	0.998953	1.039391	0.998953	1.039391	0.998953	1.039391	0.998952	1.039391	0.998951	1350071696.750263	1.000035	63.485415	50.252389	1.628681	1.230741	0.999783	1.230741	0.999782	1.230741	0.999782	1.230741	0.999782	1.192233	0.000094	1.192160	0.000107	1.192135	0.000060	1.192576	0.000088	
1350071697.750115	1.000000	64.619537	51.492538	3.805145	1.037999	0.001458	1.038582	0.001720	1.039210	0.999142	1.039209	0.999140	1.039209	0.999140	1.039209	0.999139	1.039209	0.999137	1.039209	0.999137	1350071697.750227	0.999964	63.501889	50.269220	1.680007	1.230756	0.999891	1.230756	0.999890	1.230756	0.999890	1.230756	0.999890	1.192189	0.000063	1.189362	0.000006	1.183061	0.000006	1.192016	0.000066	
1350071698.750119	1.000004	64.620679	51.495763	3.797577	1.041574	0.000219	1.039488	0.001845	1.039266	0.999182	1.039266	0.999182	1.039267	0.999181	1.039266	0.999181	1.039266	0.999182	1.039266	0.999181	1350071698.750233	1.000006	63.499301	50.266088	1.625204	1.230747	0.999827	1.230747	0.999826	1.230747	0.999826	1.230747	0.999826	1.192503	0.000032	1.193289	0.000054	1.193544	0.000050	1.192523	0.000089	
1350071699.750115	0.999996	64.621936	51.495662	3.786209	1.038447	0.000432	1.038634	0.001758	1.039286	0.999163	1.039286	0.999163	1.039286	0.999162	1.039286	0.999162	1.039286	0.999162	1.039286	0.999161	1350071699.750227	0.999994	63.523587	50.287226	1.619974	1.230754	0.999892	1.230755	0.999892	1.230754	0.999892	1.230754	0.999892	1.192349	0.000093	1.191972	0.000006	1.191253	0.000006	1.192475	0.000058	
1350071700.750115	1.000000	64.626877	51.501572	3.785919	1.041488	0.000184	1.039991	0.001848	1.038974	0.999478	1.038973	0.999478	1.038973	0.999478	1.038973	0.999477	1.038973	0.999477	1.038973	0.999476	1350071700.750232	1.000005	63.510516	50.276207	1.687797	1.230748	0.999825	1.230748	0.999825	1.230748	0.999825	1.230748	0.999825	1.192518	0.000045	1.192224	0.000042	1.192953	0.000051	1.192218	0.000079	
1350071701.750115	1.000000	64.618835	51.495285	3.770493	1.038766	0.000439	1.037903	0.002283	1.038628	0.999431	1.038628	0.999430	1.038628	0.999430	1.038628	0.999430	1.038628	0.999429	1.038628	0.999428	1350071701.750229	0.999997	63.508177	50.273593	1.679494	1.230749	0.999848	1.230749	0.999848	1.230749	0.999848	1.230749	0.999848	1.192355	0.000111	1.192509	0.000061	1.190579	0.000006	1.192125	0.000072	
1350071702.750115	1.000000	64.557846	51.444641	3.785355	1.038219	0.000386	1.033562	0.003733	1.038893	0.999274	1.038892	0.999274	1.038893	0.999274	1.038893	0.999273	1.038893	0.999273	1.038893	0.999272	1350071702.750232	1.000003	61.753730	48.512316	1.821100	1.229088	0.999697	1.229088	0.999696	1.229088	0.999696	1.229088	0.999695	1.192308	0.042389	1.190368	0.000288	1.185690	0.000075	1.187862	0.000111	
1350071703.750115	1.000000	64.623032	51.497940	3.782379	1.040471	0.000636	1.038432	0.001546	1.039128	0.999343	1.039129	0.999343	1.039128	0.999341	1.039128	0.999341	1.039128	0.999341	1.039128	0.999340	1350071703.750230	0.999998	61.361674	48.111588	1.672778	1.230744	0.999782	1.230744	0.999782	1.230744	0.999782	1.230744	0.999782	1.191912	0.000095	1.192662	0.000061	1.207294	0.000032	1.191234	0.000086	
1350071704.750115	1.000000	64.606339	51.477936	3.778564	1.052385	0.000396	1.053790	0.001411	1.052641	0.998909	1.052642	0.998908	1.052642	0.998907	1.052642	0.998906	1.052642	0.998905	1.052642	0.998904	1350071704.750230	1.000000	61.310745	48.059174	1.602509	1.230745	0.999804	1.230745	0.999804	1.230745	0.999804	1.230745	0.999804	1.193151	0.000045	1.192196	0.000075	1.193186	0.000051	1.199402	0.000090	
1350071705.750115	1.000000	64.607941	51.476654	3.789719	1.074087	0.000552	1.071974	0.001684	1.069421	0.998213	1.069421	0.998210	1.069421	0.998209	1.069421	0.998208	1.069421	0.998206	1.069421	0.998204	1350071705.750234	1.000004	61.193447	47.939991	1.620294	1.230750	0.999871	1.230750	0.999871	1.230750	0.999870	1.230750	0.999870	1.192535	0.000084	1.197743	0.000100	1.191795	0.000006	1.191807	0.000059	
1350071706.750117	1.000002	715797313.162565	715793260.908529	715778612.050743	0.999982	1.000163	0.999979	1.000167	0.999990	1.000164	0.999981	1.000161	0.999982	1.000166	0.999984	1.000158	0.999981	1.000163	0.999982	1.000164	1350071706.750200	0.999966	715818112.611639	715794906.126715	715810921.751881	0.999982	1.000165	0.999979	1.000163	3.893584	0.256872	0.999981	1.000161	0.999982	1.000166	0.999984	1.000160	0.999981	1.000163	0.999982	1.000166	
1350071707.750115	0.999998	0.000000	0.000000	0.000000	-nan	-nan	-nan	-nan	8.000000	inf	-nan	-nan	-nan	0.000000	-nan	-nan	-nan	-nan	-nan	-nan	1350071707.750175	0.999975	0.000000	0.000000	0.000000	-nan	-nan	-nan	-nan	0.000000	inf	-nan	-nan	-nan	-nan	-nan	-nan	-nan	-nan	-nan	-nan	
