ts_0	elapsed_0	pkg_0	pp0_0	dram_0	freq_ratio_0_0	c0_ratio_0_0	freq_ratio_0_1	c0_ratio_0_1	freq_ratio_0_2	c0_ratio_0_2	freq_ratio_0_3	c0_ratio_0_3	freq_ratio_0_4	c0_ratio_0_4	freq_ratio_0_5	c0_ratio_0_5	freq_ratio_0_6	c0_ratio_0_6	freq_ratio_0_7	c0_ratio_0_7	ts_1	elapsed_1	pkg_1	pp0_1	dram_1	freq_ratio_1_0	c0_ratio_1_0	freq_ratio_1_1	c0_ratio_1_1	freq_ratio_1_2	c0_ratio_1_2	freq_ratio_1_3	c0_ratio_1_3	freq_ratio_1_4	c0_ratio_1_4	freq_ratio_1_5	c0_ratio_1_5	freq_ratio_1_6	c0_ratio_1_6	freq_ratio_1_7	c0_ratio_1_7	
1349478763.344603	1.000779	42.424886	28.545454	5.692130	1.268589	0.333656	1.269014	0.990721	1.237640	0.000244	1.231686	0.000757	1.233238	0.000097	1.257006	0.003793	1.240899	0.000055	1.211294	0.000035	1349478763.345055	1.000985	54.674316	40.996686	6.699334	1.243439	0.992773	1.230734	0.664477	1.229344	0.000596	1.236190	0.000203	1.261286	0.000032	0.738798	0.000053	1.266605	0.000032	1.243386	0.993356	
1349478764.344546	0.999943	39.328977	25.432434	5.760079	1.266144	0.000867	1.269218	0.999871	1.263358	0.000166	1.252502	0.000062	1.260413	0.000068	1.268493	0.001644	1.268031	0.000056	1.272208	0.000100	1349478764.345014	0.999959	57.702378	43.971820	6.970806	1.230763	0.999934	1.230763	0.999933	1.230341	0.000975	1.229874	0.000416	1.230666	0.000086	1.230877	0.000070	1.230801	0.000087	1.230763	0.999932	
1349478765.344543	0.999997	46.208471	32.278497	5.731310	1.269204	0.693112	1.269204	0.999646	1.248634	0.000259	1.277662	0.000012	1.265191	0.000013	1.266466	0.000938	1.242921	0.000013	1.242373	0.000015	1349478765.344777	0.999763	52.382882	38.574938	6.919746	1.230754	0.306497	1.257242	0.999012	1.232066	0.001084	1.230780	0.002067	1.226492	0.000012	1.234268	0.000012	1.231597	0.000014	1.257249	0.999138	
1349478766.344544	1.000001	49.225463	35.276379	5.766260	1.269131	0.998749	1.269152	0.998720	1.229871	0.000182	1.221326	0.000058	1.224946	0.000093	1.229943	0.000161	1.230892	0.000052	1.231742	0.000069	1349478766.344772	0.999995	49.979514	36.155012	6.902577	1.230330	0.000854	1.269048	0.997412	1.230397	0.000833	1.229097	0.000202	1.231018	0.000050	1.229274	0.000044	1.230758	0.000055	1.269048	0.998305	
1349478767.344545	1.000001	49.205535	35.259015	5.758448	1.269187	0.999658	1.269187	0.999657	1.229625	0.000257	1.230746	0.000013	1.222988	0.000013	1.231519	0.000167	1.230981	0.000013	1.238210	0.000015	1349478767.344793	1.000021	49.965672	36.145116	6.866906	1.225721	0.000379	1.269102	0.998888	1.230064	0.000604	1.230771	0.000610	1.235620	0.000010	1.230777	0.000011	1.229983	0.000016	1.269103	0.998959	
1349478768.344545	1.000000	49.213104	35.263565	5.759964	1.269162	0.999443	1.269162	0.999439	1.229378	0.000190	1.229317	0.000060	1.227734	0.000073	1.230720	0.000356	1.230606	0.000052	1.230765	0.000075	1349478768.344782	0.999989	50.057266	36.238145	6.902770	1.232521	0.001183	1.265074	0.998632	1.233674	0.000170	1.228956	0.000183	1.230650	0.000055	1.231543	0.000047	1.230095	0.000054	1.265073	0.998623	
1349478769.344546	1.000001	49.230666	35.280331	5.778391	1.269170	0.999464	1.269171	0.999464	1.229841	0.000310	1.224512	0.000013	1.247362	0.000013	1.230690	0.000167	1.229798	0.000013	1.231239	0.000022	1349478769.344779	0.999997	49.964190	36.145483	6.893225	1.230913	0.000528	1.269165	0.999502	1.230054	0.000013	1.230783	0.000301	1.231639	0.000010	1.228902	0.000010	1.227451	0.000011	1.269165	0.999501	
1349478770.344544	0.999998	49.226504	35.273902	5.762783	1.269133	0.999339	1.269166	0.999295	1.229728	0.000191	1.204798	0.000057	1.222783	0.000076	1.230787	0.000172	1.232866	0.000062	1.230696	0.000069	1349478770.344791	1.000012	49.970779	36.149258	6.902658	1.229730	0.000489	1.269162	0.999156	1.227284	0.000119	1.228638	0.000193	1.230578	0.000050	1.230671	0.000044	1.232098	0.000055	1.269162	0.999499	
1349478771.344545	1.000001	49.329146	35.376340	5.780466	1.268784	0.999208	1.268785	0.999158	1.166863	0.003093	1.162411	0.002836	1.158908	0.002527	1.165996	0.002731	1.165415	0.002714	1.159239	0.002394	1349478771.344782	0.999991	51.516992	37.712363	6.877672	1.163910	0.003206	1.242142	0.999319	1.156063	0.002721	1.168627	0.004296	1.157305	0.002688	1.159086	0.002768	1.159354	0.002644	1.242137	0.999339	
1349478772.344546	1.000001	41.598441	27.687062	5.760157	1.268823	0.203726	1.269135	0.999100	1.261360	0.000149	1.228765	0.000048	1.223155	0.000061	1.267906	0.004175	1.233637	0.000047	1.248693	0.001144	1349478772.345004	1.000222	56.257197	42.500607	6.954908	1.230769	0.796520	1.238138	0.999771	1.224406	0.000389	1.229842	0.000706	1.224233	0.000044	1.221310	0.000044	1.221721	0.000042	1.238141	0.999783	
1349478773.344544	0.999998	39.569686	25.677951	5.774028	1.231104	0.000762	1.269185	0.998113	1.263837	0.000219	1.282586	0.000012	1.276386	0.000012	1.268934	0.005998	1.265147	0.000012	1.262843	0.000012	1349478773.344994	0.999990	57.665281	43.971662	6.974893	1.230765	0.998308	1.230765	0.998299	1.231129	0.000473	1.230171	0.000150	1.224885	0.000011	1.222005	0.000011	1.224130	0.000014	1.230827	0.999922	
1349478774.344545	1.000001	47.259751	33.327758	5.775736	1.269131	0.797545	1.269140	0.999052	1.230083	0.000172	1.236563	0.000053	1.251233	0.000060	1.255820	0.001995	1.256372	0.000046	1.260908	0.000064	1349478774.344797	0.999803	51.575037	37.768134	6.883955	1.230730	0.201479	1.261423	0.999543	1.231805	0.000457	1.229670	0.000451	1.231138	0.000057	1.230398	0.000051	1.230758	0.000057	1.261431	0.999585	
1349478775.344550	1.000005	49.270734	35.321295	5.758684	1.269177	0.999549	1.269177	0.999548	1.229992	0.000290	1.253412	0.000039	1.249081	0.000030	1.230664	0.000199	1.243681	0.000037	1.234235	0.000020	1349478775.344784	0.999987	49.990646	36.165895	6.897246	1.266406	0.000057	1.269062	0.999294	1.230595	0.000428	1.230755	0.002169	1.229493	0.000011	1.231270	0.000011	1.230420	0.000015	1.269062	0.999328	
1349478776.344544	0.999994	49.293614	35.342587	5.760288	1.269179	0.999637	1.269180	0.999638	1.229653	0.000197	1.221148	0.000059	1.222219	0.000059	1.230783	0.000175	1.230140	0.000063	1.236087	0.000096	1349478776.344786	1.000002	49.989971	36.165931	6.888903	1.202586	0.000100	1.269145	0.999207	1.229942	0.000609	1.229062	0.000223	1.230835	0.000083	1.230810	0.000068	1.230584	0.000077	1.269145	0.999320	
1349478777.344546	1.000002	49.310468	35.356775	5.779087	1.269183	0.999615	1.269184	0.999613	1.229963	0.000294	1.230397	0.000013	1.248797	0.000014	1.231665	0.000179	1.262743	0.000013	1.247706	0.000016	1349478777.344780	0.999994	50.022973	36.200289	6.909724	1.260476	0.000058	1.269111	0.999307	1.231500	0.000537	1.230770	0.000661	1.229543	0.000014	1.230349	0.000015	1.233089	0.000010	1.269112	0.999309	
1349478778.344544	0.999998	49.270312	35.319892	5.751461	1.269179	0.999636	1.269178	0.999635	1.228979	0.000242	1.229135	0.000055	1.227250	0.000061	1.229443	0.000182	1.224062	0.000058	1.227268	0.000074	1349478778.344780	1.000000	49.979218	36.160065	6.889801	1.234084	0.000101	1.269147	0.999352	1.229737	0.000733	1.228446	0.000161	1.230152	0.000048	1.230601	0.000047	1.228368	0.000054	1.269146	0.999352	
1349478779.344544	1.000000	49.263840	35.311935	5.764099	1.269184	0.999638	1.269187	0.999609	1.230615	0.000272	1.212326	0.000014	1.202616	0.000013	1.231136	0.000180	1.231719	0.000013	1.230137	0.000015	1349478779.344774	0.999994	49.976235	36.158434	6.871135	1.214686	0.000041	1.269110	0.998989	1.231092	0.001271	1.230488	0.000241	1.231349	0.000011	1.221692	0.000014	1.238489	0.000016	1.269110	0.999026	
1349478780.344543	0.999999	49.256715	35.314578	5.769201	1.269180	0.999637	1.269180	0.999588	1.229288	0.000245	1.229002	0.000057	1.230100	0.000054	1.230644	0.000171	1.230770	0.000048	1.228366	0.000079	1349478780.344773	0.999999	50.013659	36.191319	6.855765	1.224851	0.000071	1.269136	0.999272	1.230351	0.000817	1.229965	0.000295	1.230659	0.000049	1.219430	0.000049	1.231059	0.000056	1.269136	0.999315	
1349478781.344545	1.000002	49.333616	35.377923	5.758000	1.269185	0.999635	1.269185	0.999635	1.231404	0.000287	1.210506	0.000013	1.210158	0.000013	1.230804	0.000180	1.229235	0.000016	1.242945	0.000016	1349478781.344781	1.000008	50.015464	36.191891	6.908345	1.212091	0.000084	1.269126	0.999175	1.230298	0.000735	1.230721	0.000162	1.234352	0.000011	1.232948	0.000321	1.227490	0.000015	1.269126	0.999175	
1349478782.344545	1.000000	49.272263	35.317596	5.758591	1.269180	0.999636	1.269180	0.999622	1.228013	0.000183	1.224710	0.000054	1.227853	0.000098	1.230792	0.000178	1.230987	0.000069	1.230063	0.000071	1349478782.344825	1.000044	49.980797	36.161705	6.895570	1.226373	0.000111	1.269090	0.999239	1.229289	0.000439	1.230166	0.000706	1.230799	0.000050	1.230755	0.000040	1.231114	0.000056	1.269090	0.999271	
1349478783.344542	0.999997	715809938.912946	715809148.041354	715790314.630122	0.999996	1.000170	0.999993	1.000172	0.999996	1.000177	0.999996	1.000170	0.999996	1.000172	0.999999	1.000167	0.999996	1.000172	0.999996	1.000170	1349478783.344641	0.999816	715947413.798690	715921816.644566	715899926.622267	0.999996	1.000170	0.999993	1.000172	3.892615	0.256941	0.999996	1.000170	0.999996	1.000172	0.999999	1.000167	0.999996	1.000172	0.999996	1.000169	
1349478784.344543	1.000001	0.000000	0.000000	0.000000	-nan	-nan	-nan	-nan	0.000000	inf	-nan	-nan	-nan	0.000000	-nan	-nan	-nan	-nan	-nan	-nan	1349478784.344602	0.999961	0.000000	0.000000	0.000000	-nan	-nan	-nan	-nan	0.000000	inf	-nan	-nan	-nan	-nan	-nan	-nan	-nan	-nan	-nan	-nan	
