ts_0	elapsed_0	pkg_0	pp0_0	dram_0	freq_ratio_0_0	c0_ratio_0_0	freq_ratio_0_1	c0_ratio_0_1	freq_ratio_0_2	c0_ratio_0_2	freq_ratio_0_3	c0_ratio_0_3	freq_ratio_0_4	c0_ratio_0_4	freq_ratio_0_5	c0_ratio_0_5	freq_ratio_0_6	c0_ratio_0_6	freq_ratio_0_7	c0_ratio_0_7	ts_1	elapsed_1	pkg_1	pp0_1	dram_1	freq_ratio_1_0	c0_ratio_1_0	freq_ratio_1_1	c0_ratio_1_1	freq_ratio_1_2	c0_ratio_1_2	freq_ratio_1_3	c0_ratio_1_3	freq_ratio_1_4	c0_ratio_1_4	freq_ratio_1_5	c0_ratio_1_5	freq_ratio_1_6	c0_ratio_1_6	freq_ratio_1_7	c0_ratio_1_7	
1350073879.397387	1.000205	92.414706	79.282465	3.800200	1.153846	1.000000	1.153846	1.000000	1.153846	1.000000	1.153846	1.000000	1.153846	1.000000	1.153846	1.000000	1.153846	1.000000	1.153846	1.000000	1350073879.397420	1.000197	62.965643	49.718907	1.599539	1.230384	0.997481	1.230384	0.997478	1.230384	0.997476	1.230384	0.997474	1.192105	0.001725	1.190961	0.000498	1.191052	0.000169	1.192305	0.000082	
1350073880.397384	0.999997	92.585477	79.449373	3.785748	1.153846	1.000000	1.153846	1.000000	1.153846	1.000000	1.153846	1.000000	1.153846	1.000000	1.153846	1.000000	1.153846	1.000000	1.153846	1.000000	1350073880.397415	0.999995	63.204311	49.963888	1.590828	1.230642	0.998649	1.230642	0.998647	1.230642	0.998647	1.230642	0.998645	1.192683	0.000627	1.192566	0.000311	1.192334	0.000134	1.171617	0.000011	
1350073881.397384	1.000000	92.746933	79.601257	3.797272	1.153846	1.000000	1.153846	1.000000	1.153846	1.000000	1.153846	1.000000	1.153846	1.000000	1.153846	1.000000	1.153846	1.000000	1.153846	1.000000	1350073881.397416	1.000001	63.264329	50.035292	1.587538	1.230616	0.998614	1.230615	0.998613	1.230616	0.998611	1.230616	0.998610	1.192060	0.000709	1.192143	0.000371	1.192311	0.000183	1.192306	0.000048	
1350073882.397384	1.000000	92.459930	79.314438	3.801163	1.153846	1.000000	1.153846	1.000000	1.153846	1.000000	1.153846	1.000000	1.153846	1.000000	1.153846	1.000000	1.153846	1.000000	1.153846	1.000000	1350073882.397415	0.999999	63.308746	50.079424	1.584550	1.230632	0.998652	1.230633	0.998651	1.230632	0.998650	1.230633	0.998648	1.192501	0.000637	1.192765	0.000324	1.193997	0.000153	1.198518	0.000025	
1350073883.397384	1.000000	92.531219	79.360275	3.805130	1.153846	1.000000	1.153846	1.000000	1.153846	1.000000	1.153846	1.000000	1.153846	1.000000	1.153846	1.000000	1.153846	1.000000	1.153846	1.000000	1350073883.397415	1.000000	63.341431	50.109604	1.585876	1.230620	0.998477	1.230620	0.998476	1.230620	0.998474	1.230620	0.998472	1.192556	0.000692	1.192421	0.000365	1.190776	0.000156	1.191698	0.000178	
1350073884.397384	1.000000	92.586502	79.413696	3.809174	1.153846	1.000000	1.153846	1.000000	1.153846	1.000000	1.153846	1.000000	1.153846	1.000000	1.153846	1.000000	1.153846	1.000000	1.153846	1.000000	1350073884.397414	0.999999	63.352645	50.121004	1.591005	1.230642	0.998631	1.230642	0.998629	1.230642	0.998628	1.230642	0.998627	1.192315	0.000643	1.192210	0.000318	1.192633	0.000145	1.211911	0.000011	
1350073885.397384	1.000000	92.654861	79.480331	3.801620	1.153846	1.000000	1.153846	1.000000	1.153846	1.000000	1.153846	1.000000	1.153846	1.000000	1.153846	1.000000	1.153846	1.000000	1.153846	1.000000	1350073885.397416	1.000002	63.363633	50.131283	1.585812	1.230636	0.998630	1.230636	0.998628	1.230636	0.998627	1.230637	0.998626	1.191785	0.000695	1.192040	0.000366	1.192067	0.000179	1.186233	0.000048	
1350073886.397384	1.000000	92.667603	79.489594	3.805267	1.153846	1.000000	1.153846	1.000000	1.153846	1.000000	1.153846	1.000000	1.153846	1.000000	1.153846	1.000000	1.153846	1.000000	1.153846	1.000000	1350073886.397415	0.999999	63.400573	50.168307	1.586153	1.230638	0.998586	1.230638	0.998585	1.230638	0.998584	1.230638	0.998582	1.192843	0.000649	1.192787	0.000342	1.193191	0.000159	1.198525	0.000011	
1350073887.397399	1.000015	87.254717	74.086717	3.797383	1.153840	0.356493	1.153845	0.999999	1.153845	0.999999	1.153846	0.999999	1.153845	0.999999	1.153845	0.999999	1.153845	0.999999	1.153845	0.999999	1350073887.397507	1.000092	66.856884	53.625131	1.590460	1.205895	0.999339	1.205895	0.999338	1.205895	0.999338	1.205895	0.999337	1.192311	0.644777	1.192724	0.000919	1.195924	0.000155	1.192535	0.000194	
1350073888.397384	0.999985	84.303161	71.153321	3.793621	1.153987	0.001078	1.153847	1.000000	1.153846	1.000000	1.153846	1.000000	1.153846	1.000000	1.153846	1.000000	1.153846	1.000000	1.153845	1.000000	1350073888.397474	0.999967	68.777272	55.543896	1.590979	1.192306	0.999971	1.192306	0.999977	1.192306	0.999977	1.192306	0.999977	1.192306	0.999977	1.192169	0.001140	1.192330	0.000163	1.246243	0.000013	
1350073889.397384	1.000000	84.367981	71.217392	3.797119	1.153854	0.004366	1.153846	1.000000	1.153846	1.000000	1.153846	1.000000	1.153847	1.000000	1.153847	1.000001	1.153847	1.000000	1.153847	1.000000	1350073889.397471	0.999997	69.239640	56.006445	1.587270	1.184905	0.999971	1.184904	0.999965	1.184904	0.999965	1.184904	0.999965	1.184904	0.999965	1.162034	0.004589	1.155860	0.003116	1.154163	0.002699	
1350073890.397383	0.999999	84.228611	71.083213	3.786060	1.153832	0.001060	1.153846	1.000000	1.153846	1.000000	1.153846	1.000000	1.153846	1.000000	1.153846	1.000000	1.153846	1.000000	1.153846	1.000000	1350073890.397473	1.000002	68.763541	55.530763	1.586438	1.192305	0.999989	1.192305	0.999989	1.192305	0.999989	1.192305	0.999989	1.192306	0.999989	1.192101	0.001167	1.196072	0.000127	1.282127	0.000005	
1350073891.397384	1.000001	84.301174	71.154488	3.793804	1.153897	0.001699	1.153846	1.000000	1.153846	1.000000	1.153846	1.000000	1.153846	1.000000	1.153846	1.000000	1.153847	1.000000	1.153846	1.000000	1350073891.397472	0.999999	68.795201	55.562522	1.589388	1.192300	0.999909	1.192300	0.999909	1.192300	0.999909	1.192300	0.999909	1.192300	0.999909	1.192073	0.001204	1.186563	0.000177	1.178600	0.000144	
1350073892.397384	1.000000	84.332352	71.185928	3.797150	1.153844	0.002760	1.153847	1.000000	1.153847	1.000000	1.153846	1.000000	1.153846	1.000000	1.153847	1.000000	1.153846	1.000000	1.153846	1.000000	1350073892.397471	0.999999	67.376834	54.136862	1.587816	1.192306	0.999977	1.192306	0.999977	1.192306	0.999977	1.192306	0.999977	1.192306	0.999977	1.192175	0.001088	1.132056	0.000134	1.193317	0.000023	
1350073893.397384	1.000000	83.943253	70.795944	3.804672	1.153803	0.001554	1.153846	1.000000	1.153846	1.000000	1.153846	1.000000	1.153846	1.000000	1.153846	1.000000	1.153846	1.000000	1.153846	1.000000	1350073893.397469	0.999998	68.360650	55.132918	1.589191	1.192304	0.999953	1.192304	0.999953	1.192304	0.999954	1.192304	0.999954	1.192304	0.999954	1.192459	0.001028	1.240516	0.000168	1.191038	0.000054	
1350073894.397384	1.000000	84.431168	71.280548	3.805099	1.153754	0.001219	1.153846	1.000000	1.153845	1.000000	1.153846	1.000000	1.153846	1.000000	1.153846	1.000000	1.153846	1.000000	1.153846	1.000000	1350073894.397471	1.000002	68.862219	55.624985	1.589536	1.192306	0.999975	1.192306	0.999975	1.192306	0.999975	1.192306	0.999975	1.192306	0.999975	1.192326	0.001056	1.192252	0.000115	1.199271	0.000009	
1350073895.397384	1.000000	84.320984	71.174805	3.797546	1.153989	0.001400	1.153846	1.000000	1.153846	1.000000	1.153846	1.000000	1.153846	0.999999	1.153846	1.000000	1.153846	1.000000	1.153846	1.000000	1350073895.397467	0.999996	68.868977	55.627819	1.588065	1.192304	0.999953	1.192304	0.999953	1.192304	0.999953	1.192304	0.999953	1.192304	0.999953	1.192313	0.001067	1.192154	0.000147	1.191885	0.000107	
1350073896.397384	1.000000	84.344177	71.210526	3.801376	1.153740	0.001605	1.153847	1.000000	1.153846	1.000000	1.153846	1.000000	1.153846	1.000000	1.153847	1.000000	1.153846	1.000000	1.153846	1.000000	1350073896.397471	1.000004	68.861873	55.616398	1.594430	1.192306	0.999977	1.192306	0.999977	1.192306	0.999977	1.192306	0.999977	1.192306	0.999977	1.192327	0.001074	1.192329	0.000149	1.197597	0.000009	
1350073897.397384	1.000000	84.459747	71.313156	3.793503	1.153868	0.001394	1.153846	1.000000	1.153846	1.000000	1.153846	1.000000	1.153846	1.000000	1.153846	1.000000	1.153846	1.000000	1.153847	1.000001	1350073897.397471	1.000000	68.832870	55.587570	1.584869	1.192306	0.999977	1.192306	0.999977	1.192306	0.999977	1.192306	0.999977	1.192306	0.999977	1.192311	0.001092	1.192585	0.000127	1.192552	0.000040	
1350073898.397383	0.999999	84.465657	71.319816	3.801243	1.153880	0.001174	1.153847	1.000000	1.153847	1.000000	1.153846	1.000000	1.153846	1.000000	1.153846	1.000000	1.153846	1.000000	1.153846	1.000000	1350073898.397491	1.000020	68.838450	55.595124	1.584746	1.192306	0.999977	1.192306	0.999977	1.192306	0.999977	1.192306	0.999977	1.192306	0.999977	1.192342	0.001049	1.192287	0.000132	1.190589	0.000010	
1350073899.397384	1.000001	84.453792	71.307275	3.809246	1.153775	0.001475	1.153846	1.000000	1.153846	1.000000	1.153846	1.000000	1.153846	1.000000	1.153846	1.000000	1.153846	1.000000	1.153846	1.000000	1350073899.397471	0.999980	68.866873	55.620880	1.589509	1.192306	0.999975	1.192306	0.999975	1.192306	0.999975	1.192306	0.999975	1.192306	0.999975	1.192247	0.001027	1.192158	0.000152	1.184280	0.000084	
1350073900.397384	1.000000	84.449112	71.303696	3.801331	1.153815	0.001218	1.153846	1.000000	1.153846	1.000000	1.153846	1.000000	1.153846	1.000000	1.153846	1.000000	1.153846	1.000000	1.153846	1.000000	1350073900.397471	1.000000	68.864075	55.615738	1.587952	1.192306	0.999975	1.192306	0.999975	1.192306	0.999975	1.192306	0.999975	1.192306	0.999975	1.192344	0.000947	1.192617	0.000127	1.246432	0.000013	
1350073901.397384	1.000000	84.490952	71.343201	3.790009	1.153918	0.001764	1.153846	1.000000	1.153845	1.000000	1.153846	1.000000	1.153847	1.000000	1.153847	1.000000	1.153846	1.000000	1.153846	1.000000	1350073901.397471	1.000000	68.868393	55.619186	1.589172	1.192306	0.999976	1.192306	0.999976	1.192306	0.999976	1.192306	0.999976	1.192306	0.999976	1.192340	0.000974	1.192299	0.000163	1.190863	0.000041	
1350073902.397384	1.000000	84.492096	71.340973	3.801147	1.153804	0.002898	1.153846	1.000000	1.153847	1.000000	1.153846	1.000000	1.153846	1.000000	1.153846	1.000000	1.153846	1.000000	1.153846	1.000000	1350073902.397468	0.999997	68.881943	55.639790	1.589437	1.192306	0.999977	1.192306	0.999977	1.192306	0.999977	1.192306	0.999977	1.192306	0.999977	1.192307	0.001050	1.135108	0.000141	1.195007	0.000023	
1350073903.397384	1.000000	84.528336	71.375900	3.797211	1.154149	0.001400	1.153845	1.000000	1.153846	1.000000	1.153846	1.000000	1.153846	1.000000	1.153846	1.000000	1.153846	1.000000	1.153846	1.000000	1350073903.397465	0.999997	68.886093	55.642217	1.589330	1.192306	0.999977	1.192306	0.999977	1.192306	0.999977	1.192306	0.999977	1.192306	0.999977	1.192103	0.000985	1.245009	0.000154	1.192308	0.000055	
1350073904.397384	1.000000	84.558472	71.404816	3.797394	1.153565	0.001201	1.153847	1.000000	1.153846	1.000000	1.153846	1.000000	1.153846	1.000000	1.153846	1.000000	1.153846	1.000000	1.153846	1.000000	1350073904.397471	1.000006	68.897355	55.651280	1.586401	1.192306	0.999974	1.192306	0.999974	1.192306	0.999974	1.192306	0.999974	1.192306	0.999974	1.192439	0.000983	1.192301	0.000133	1.191961	0.000010	
1350073905.397384	1.000000	84.695526	71.544968	3.805267	1.153839	0.002460	1.153846	1.000000	1.153846	1.000000	1.153846	1.000000	1.153847	1.000000	1.153847	1.000000	1.153846	1.000000	1.153846	1.000000	1350073905.397469	0.999998	68.887140	55.640395	1.589481	1.192306	0.999977	1.192306	0.999977	1.192306	0.999977	1.192306	0.999977	1.192306	0.999977	1.192322	0.000937	1.192393	0.000135	1.191998	0.000052	
1350073906.397384	1.000000	84.658997	71.509338	3.804749	1.153853	0.001598	1.153847	1.000000	1.153846	1.000000	1.153846	1.000000	1.153846	1.000000	1.153846	1.000000	1.153846	1.000000	1.153846	1.000000	1350073906.397470	1.000001	68.265789	55.016839	1.592619	1.192306	0.999977	1.192306	0.999976	1.192306	0.999976	1.192306	0.999976	1.192306	0.999976	1.192143	0.000963	1.192168	0.000171	1.187225	0.000009	
1350073907.397385	1.000001	715796703.808533	715821519.065431	715771573.921412	0.999982	1.000163	0.999979	1.000167	0.999990	1.000164	0.999981	1.000161	0.999982	1.000166	0.999984	1.000158	0.999981	1.000163	0.999982	1.000165	1350073907.397468	0.999998	715807090.454259	715813014.965238	715784323.370612	0.999982	1.000165	0.999979	1.000164	3.893586	0.256872	0.999981	1.000161	0.999982	1.000166	0.999984	1.000160	0.999981	1.000163	0.999982	1.000166	
1350073908.397384	0.999999	0.000000	0.000000	0.000000	-nan	-nan	-nan	-nan	8.000000	inf	-nan	-nan	-nan	0.000000	-nan	-nan	-nan	-nan	-nan	-nan	1350073908.397441	0.999973	0.000000	0.000000	0.000000	-nan	-nan	-nan	-nan	0.000000	inf	-nan	-nan	-nan	-nan	-nan	-nan	-nan	-nan	-nan	-nan	
