ts_0	elapsed_0	pkg_0	pp0_0	dram_0	freq_ratio_0_0	c0_ratio_0_0	freq_ratio_0_1	c0_ratio_0_1	freq_ratio_0_2	c0_ratio_0_2	freq_ratio_0_3	c0_ratio_0_3	freq_ratio_0_4	c0_ratio_0_4	freq_ratio_0_5	c0_ratio_0_5	freq_ratio_0_6	c0_ratio_0_6	freq_ratio_0_7	c0_ratio_0_7	ts_1	elapsed_1	pkg_1	pp0_1	dram_1	freq_ratio_1_0	c0_ratio_1_0	freq_ratio_1_1	c0_ratio_1_1	freq_ratio_1_2	c0_ratio_1_2	freq_ratio_1_3	c0_ratio_1_3	freq_ratio_1_4	c0_ratio_1_4	freq_ratio_1_5	c0_ratio_1_5	freq_ratio_1_6	c0_ratio_1_6	freq_ratio_1_7	c0_ratio_1_7	
1350073879.397296	1.000221	90.121989	76.855100	2.712261	1.153846	1.000000	1.153846	1.000000	1.153846	1.000000	1.153846	1.000000	1.153846	1.000000	1.153846	1.000000	1.153846	1.000000	1.153846	1.000000	1350073879.397329	1.000205	62.147459	48.945653	1.588679	1.230568	0.997910	1.192206	0.000969	1.230568	0.997908	1.230569	0.997905	1.191793	0.000352	1.192087	0.000582	1.192428	0.000038	1.230568	0.997906	
1350073880.397292	0.999996	90.181472	76.922110	2.689586	1.153844	0.957465	1.153846	1.000000	1.153845	0.999999	1.153845	0.999999	1.153846	1.000000	1.153845	0.999999	1.153846	0.999999	1.153845	1.000000	1350073880.397384	1.000055	62.536671	49.342223	1.594334	1.228982	0.998471	1.192364	0.043290	1.228983	0.998481	1.228983	0.998479	1.194653	0.000305	1.194189	0.000364	1.196347	0.000130	1.228980	0.998457	
1350073881.397281	0.999989	82.407535	69.150233	2.689559	1.149955	0.001004	1.153846	1.000000	1.153847	1.000000	1.153846	1.000000	1.153846	1.000000	1.153846	1.000000	1.153846	1.000000	1.153847	1.000000	1350073881.397368	0.999984	68.138646	54.934242	1.592601	1.192306	0.999977	1.192306	0.999977	1.192306	0.999977	1.192306	0.999977	1.192304	0.001291	1.192212	0.000435	1.192421	0.000046	1.192306	0.999976	
1350073882.397280	0.999999	82.494494	69.240667	2.697940	1.157269	0.001161	1.153846	1.000000	1.153846	1.000000	1.153846	1.000000	1.153846	1.000000	1.153846	1.000000	1.153846	1.000000	1.153846	1.000000	1350073882.397361	0.999993	68.154707	54.943480	1.584697	1.192306	0.999976	1.192306	0.999976	1.192306	0.999976	1.192306	0.999976	1.192333	0.001152	1.192250	0.000432	1.192839	0.000079	1.192306	0.999976	
1350073883.397280	1.000000	82.448135	69.194382	2.686630	1.153793	0.001019	1.153846	1.000000	1.153846	1.000000	1.153846	1.000000	1.153846	1.000000	1.153846	1.000000	1.153846	1.000000	1.153846	1.000000	1350073883.397362	1.000001	68.209682	54.996377	1.581664	1.192306	0.999976	1.192306	0.999976	1.192306	0.999976	1.192306	0.999976	1.192277	0.001147	1.192435	0.000404	1.191635	0.000099	1.192306	0.999977	
1350073884.397280	1.000000	82.490936	69.237289	2.700500	1.153836	0.001146	1.153846	1.000000	1.153846	1.000000	1.153846	1.000000	1.153846	1.000000	1.153846	1.000000	1.153846	1.000000	1.153846	1.000000	1350073884.397360	0.999998	68.247216	55.031660	1.589343	1.192302	0.999932	1.192302	0.999932	1.192302	0.999932	1.192302	0.999932	1.191777	0.001128	1.190401	0.000453	1.189858	0.000197	1.192302	0.999930	
1350073885.397280	1.000000	82.569565	69.312622	2.698135	1.153850	0.000987	1.153846	1.000000	1.153846	1.000000	1.153846	1.000000	1.153846	1.000000	1.153846	1.000000	1.153846	1.000000	1.153846	1.000000	1350073885.397366	1.000006	68.271581	55.053093	1.592825	1.192306	0.999975	1.192306	0.999975	1.192306	0.999975	1.192306	0.999975	1.192304	0.001100	1.192458	0.000453	1.191336	0.000039	1.192306	0.999977	
1350073886.397280	1.000000	82.633865	69.376984	2.689972	1.153835	0.001183	1.153846	1.000000	1.153846	1.000000	1.153846	1.000000	1.153846	1.000000	1.153846	1.000000	1.153846	1.000000	1.153846	1.000000	1350073886.397356	0.999990	68.286374	55.067019	1.587800	1.192306	0.999977	1.192306	0.999977	1.192306	0.999977	1.192306	0.999977	1.192279	0.001386	1.192148	0.000437	1.192783	0.000080	1.192306	0.999976	
1350073887.397280	1.000000	82.576614	69.317551	2.692291	1.153849	0.000964	1.153846	1.000000	1.153846	1.000000	1.153846	1.000000	1.153846	1.000000	1.153846	1.000000	1.153846	1.000000	1.153846	1.000000	1350073887.397363	1.000007	68.268495	55.048280	1.579747	1.192306	0.999976	1.192306	0.999976	1.192306	0.999976	1.192306	0.999976	1.192349	0.001089	1.192433	0.000430	1.191098	0.000038	1.192306	0.999974	
1350073888.397280	1.000000	82.738968	69.476837	2.683975	1.154122	0.001154	1.153846	1.000000	1.153846	1.000000	1.153846	1.000000	1.153846	1.000000	1.153846	1.000000	1.153846	1.000000	1.153846	1.000000	1350073888.397356	0.999993	68.308242	55.085693	1.587657	1.192300	0.999904	1.192300	0.999904	1.192300	0.999904	1.192300	0.999904	1.191458	0.002857	1.192196	0.000483	1.187502	0.000227	1.192300	0.999906	
1350073889.397280	1.000000	82.728424	69.465912	2.692337	1.153543	0.000998	1.153846	1.000000	1.153846	1.000000	1.153846	1.000000	1.153846	1.000000	1.153846	1.000000	1.153846	1.000000	1.153846	1.000000	1350073889.397363	1.000007	68.323289	55.101792	1.589665	1.192306	0.999976	1.192306	0.999976	1.192306	0.999976	1.192306	0.999976	1.192359	0.001083	1.192386	0.000428	1.192348	0.000043	1.192306	0.999978	
1350073890.397280	1.000000	82.680435	69.418640	2.715515	1.153844	0.004307	1.153846	1.000000	1.153846	1.000000	1.153846	1.000000	1.153846	1.000000	1.153846	1.000000	1.153846	1.000000	1.153846	1.000000	1350073890.397367	1.000004	68.422742	55.200979	1.589242	1.192213	0.999866	1.192213	0.999866	1.192213	0.999866	1.192213	0.999865	1.172407	0.004647	1.161064	0.002458	1.155144	0.002046	1.192213	0.999862	
1350073891.397287	1.000007	82.805900	69.543312	2.684155	1.153826	0.000954	1.153847	1.000000	1.153846	1.000000	1.153846	1.000000	1.153846	1.000000	1.153846	1.000000	1.153846	1.000000	1.153846	1.000000	1350073891.397363	0.999996	68.297610	55.087992	1.589453	1.192304	0.999952	1.192304	0.999952	1.192304	0.999952	1.192304	0.999952	1.191628	0.001310	1.190820	0.000433	1.191511	0.000043	1.192304	0.999952	
1350073892.397280	0.999993	82.883981	69.620538	2.692340	1.153966	0.001148	1.153846	1.000000	1.153846	1.000000	1.153846	1.000000	1.153846	1.000000	1.153846	1.000000	1.153846	1.000000	1.153846	1.000000	1350073892.397359	0.999996	67.298552	54.065466	1.592429	1.192302	0.999931	1.192302	0.999931	1.192302	0.999931	1.192302	0.999931	1.191424	0.001107	1.191320	0.000433	1.189286	0.000155	1.192302	0.999933	
1350073893.397280	1.000000	82.491547	69.227402	2.695282	1.153720	0.001051	1.153846	1.000000	1.153846	1.000000	1.153846	1.000000	1.153846	1.000000	1.153846	1.000000	1.153846	1.000000	1.153846	1.000000	1350073893.397365	1.000006	67.996604	54.766718	1.590857	1.192302	0.999932	1.192302	0.999932	1.192302	0.999932	1.192302	0.999932	1.191132	0.001163	1.192282	0.000379	1.191973	0.000105	1.192302	0.999931	
1350073894.397280	1.000000	82.827728	69.559906	2.687119	1.153734	0.001150	1.153846	1.000000	1.153846	1.000000	1.153846	1.000000	1.153846	1.000000	1.153846	1.000000	1.153846	1.000000	1.153846	1.000000	1350073894.397364	0.999999	68.373936	55.147208	1.588060	1.192306	0.999977	1.192306	0.999977	1.192306	0.999977	1.192306	0.999977	1.192167	0.001130	1.192034	0.000455	1.190818	0.000068	1.192306	0.999987	
1350073895.397280	1.000000	82.850693	69.583298	2.697586	1.153939	0.000999	1.153846	1.000000	1.153846	1.000000	1.153846	1.000000	1.153846	1.000000	1.153846	1.000000	1.153847	1.000000	1.153846	1.000000	1350073895.397363	0.999999	68.379658	55.150779	1.591173	1.192306	0.999976	1.192306	0.999976	1.192306	0.999976	1.192306	0.999976	1.192303	0.001037	1.192049	0.000391	1.188227	0.000037	1.192305	0.999966	
1350073896.397280	1.000000	82.897522	69.634018	2.697922	1.153844	0.001193	1.153846	1.000000	1.153846	1.000000	1.153846	1.000000	1.153846	1.000000	1.153846	1.000000	1.153846	1.000000	1.153846	1.000000	1350073896.397362	0.999999	68.363743	55.140906	1.585985	1.192302	0.999927	1.192302	0.999927	1.192302	0.999927	1.192302	0.999927	1.191981	0.001446	1.189057	0.000468	1.191055	0.000162	1.192302	0.999927	
1350073897.397280	1.000000	82.931625	69.666779	2.686829	1.153819	0.000926	1.153846	1.000000	1.153846	1.000000	1.153846	1.000000	1.153846	1.000000	1.153846	1.000000	1.153846	1.000000	1.153846	1.000000	1350073897.397367	1.000005	68.420556	55.194182	1.587974	1.192306	0.999977	1.192306	0.999977	1.192306	0.999977	1.192306	0.999977	1.192277	0.001075	1.192317	0.000411	1.192050	0.000038	1.192306	0.999978	
1350073898.397280	1.000000	82.806839	69.553787	2.689651	1.153799	0.001138	1.153846	1.000000	1.153846	1.000000	1.153846	1.000000	1.153846	1.000000	1.153846	1.000000	1.153846	1.000000	1.153846	1.000000	1350073898.397378	1.000011	68.433591	55.206166	1.590910	1.192303	0.999955	1.192303	0.999955	1.192303	0.999955	1.192304	0.999955	1.191655	0.002818	1.192306	0.000450	1.185235	0.000130	1.192303	0.999952	
1350073899.397280	1.000000	82.932465	69.665268	2.692596	1.153850	0.000957	1.153846	1.000000	1.153846	1.000000	1.153846	1.000000	1.153846	1.000000	1.153846	1.000000	1.153846	1.000000	1.153846	1.000000	1350073899.397363	0.999985	68.413030	55.184865	1.591409	1.192306	0.999975	1.192306	0.999975	1.192306	0.999975	1.192306	0.999975	1.192331	0.001093	1.192446	0.000404	1.191491	0.000043	1.192306	0.999976	
1350073900.397280	1.000000	82.811981	69.539688	2.700500	1.153895	0.001177	1.153846	1.000000	1.153846	1.000000	1.153846	1.000000	1.153846	1.000000	1.153846	1.000000	1.153846	1.000000	1.153846	1.000000	1350073900.397365	1.000002	68.419151	55.193620	1.586377	1.192306	0.999976	1.192306	0.999976	1.192306	0.999976	1.192306	0.999976	1.192345	0.001119	1.192315	0.000394	1.192569	0.000084	1.192306	0.999974	
1350073901.397280	1.000000	82.702805	69.427216	2.692490	1.153810	0.001010	1.153846	1.000000	1.153846	1.000000	1.153846	1.000000	1.153846	1.000000	1.153846	1.000000	1.153846	1.000000	1.153846	1.000000	1350073901.397365	1.000000	68.416840	55.192947	1.591141	1.192304	0.999952	1.192304	0.999952	1.192304	0.999952	1.192304	0.999952	1.191686	0.001347	1.190750	0.000418	1.191677	0.000052	1.192304	0.999953	
1350073902.397287	1.000007	82.644738	69.367700	2.692349	1.153865	0.001204	1.153846	1.000000	1.153846	1.000000	1.153846	1.000000	1.153846	1.000000	1.153846	1.000000	1.153846	1.000000	1.153846	1.000000	1350073902.397364	0.999999	68.427098	55.202705	1.587953	1.192304	0.999954	1.192304	0.999954	1.192304	0.999954	1.192304	0.999954	1.192295	0.001161	1.189741	0.000427	1.181234	0.000109	1.192304	0.999953	
1350073903.397280	0.999993	82.569693	69.290518	2.690067	1.153822	0.001004	1.153847	1.000000	1.153846	1.000000	1.153846	1.000000	1.153846	1.000000	1.153846	1.000000	1.153846	1.000000	1.153846	1.000000	1350073903.397364	1.000000	68.416824	55.186920	1.586365	1.192304	0.999953	1.192304	0.999953	1.192304	0.999953	1.192304	0.999953	1.191199	0.001176	1.192352	0.000448	1.185592	0.000097	1.192304	0.999956	
1350073904.397280	1.000000	82.598022	69.318893	2.698181	1.153931	0.001317	1.153846	1.000000	1.153846	1.000000	1.153846	1.000000	1.153846	1.000000	1.153846	1.000000	1.153846	1.000000	1.153846	1.000000	1350073904.397363	0.999999	68.472554	55.235999	1.591142	1.192306	0.999978	1.192306	0.999978	1.192306	0.999978	1.192306	0.999978	1.192219	0.001089	1.192279	0.000419	1.192122	0.000077	1.192306	0.999974	
1350073905.397280	1.000000	82.659149	69.380722	2.689270	1.153735	0.001074	1.153846	1.000000	1.153846	1.000000	1.153846	1.000000	1.153846	1.000000	1.153846	1.000000	1.153846	1.000000	1.153846	1.000000	1350073905.397362	0.999999	68.496159	55.262550	1.591020	1.192304	0.999951	1.192304	0.999951	1.192304	0.999951	1.192304	0.999951	1.192236	0.002091	1.192339	0.000393	1.191962	0.000045	1.192304	0.999952	
1350073906.397280	1.000000	82.547440	69.268646	2.692444	1.153814	0.001155	1.153846	1.000000	1.153846	1.000000	1.153846	1.000000	1.153846	1.000000	1.153846	1.000000	1.153846	1.000000	1.153846	1.000000	1350073906.397364	1.000002	67.878197	54.650851	1.589383	1.192304	0.999951	1.192304	0.999951	1.192304	0.999951	1.192304	0.999951	1.192007	0.001403	1.192246	0.000426	1.192443	0.000056	1.192304	0.999953	
1350073907.397289	1.000009	715769801.883547	715818990.921038	715766066.783018	0.999990	1.000217	0.999988	1.000224	0.999990	1.000226	0.999990	1.000218	0.999990	1.000222	0.999993	1.000215	0.999990	1.000221	0.999990	1.000218	1350073907.397367	1.000003	715790560.889165	715813020.565295	715805957.502806	0.999990	1.000218	0.999988	1.000221	3.893007	0.256926	0.999990	1.000219	0.999990	1.000220	0.999993	1.000218	0.999990	1.000221	0.999990	1.000219	
1350073908.397281	0.999992	0.000000	0.000000	0.000000	-nan	-nan	-nan	-nan	0.000000	inf	-nan	-nan	-nan	0.000000	-nan	-nan	-nan	-nan	-nan	-nan	1350073908.397357	0.999990	0.000000	0.000000	0.000000	-nan	-nan	-nan	-nan	0.000000	inf	-nan	-nan	-nan	-nan	-nan	-nan	-nan	-nan	-nan	-nan	
