ts_0	elapsed_0	pkg_0	pp0_0	dram_0	freq_ratio_0_0	c0_ratio_0_0	freq_ratio_0_1	c0_ratio_0_1	freq_ratio_0_2	c0_ratio_0_2	freq_ratio_0_3	c0_ratio_0_3	freq_ratio_0_4	c0_ratio_0_4	freq_ratio_0_5	c0_ratio_0_5	freq_ratio_0_6	c0_ratio_0_6	freq_ratio_0_7	c0_ratio_0_7	ts_1	elapsed_1	pkg_1	pp0_1	dram_1	freq_ratio_1_0	c0_ratio_1_0	freq_ratio_1_1	c0_ratio_1_1	freq_ratio_1_2	c0_ratio_1_2	freq_ratio_1_3	c0_ratio_1_3	freq_ratio_1_4	c0_ratio_1_4	freq_ratio_1_5	c0_ratio_1_5	freq_ratio_1_6	c0_ratio_1_6	freq_ratio_1_7	c0_ratio_1_7	
1349476146.189104	1.000473	52.628960	38.828923	7.183781	0.999957	0.995426	0.999749	0.978688	0.999996	0.962222	0.999996	0.962184	0.999951	0.977911	0.995538	0.001086	0.709499	0.000081	0.916993	0.000043	1349476146.189267	1.000428	39.966950	26.352553	6.094239	0.999954	0.978472	1.000002	0.978152	0.809007	0.000100	1.001328	0.000059	0.662794	0.000060	0.989512	0.000161	0.860205	0.000130	0.999863	0.979760	
1349476147.189101	0.999997	54.638734	40.661610	7.820184	1.000000	0.999964	1.000000	0.999963	1.000000	0.999933	1.000000	0.999933	1.000000	0.999960	0.999873	0.001241	0.999068	0.000064	1.000200	0.000095	1349476147.189259	0.999992	41.049710	27.330025	6.986690	1.000000	0.999949	1.000000	1.000000	0.998227	0.000101	1.003132	0.000086	0.998091	0.000071	1.021511	0.000096	0.999398	0.000109	1.000000	1.000000	
1349476148.189103	1.000002	54.737216	40.755339	7.799378	0.999966	0.999841	0.999958	0.999854	1.000000	0.999768	1.000000	0.999692	0.999969	0.999848	1.000361	0.001518	1.007616	0.000009	0.999452	0.000008	1349476148.189269	1.000010	41.049302	27.326295	6.985968	1.000000	0.999769	1.000000	0.999934	1.001445	0.000064	0.978158	0.000008	1.016780	0.000008	0.999762	0.000066	1.000573	0.000098	1.000000	0.999965	
1349476149.189098	0.999995	52.602253	38.882534	7.047811	1.000000	1.000000	1.000000	1.000000	1.000000	1.000000	1.000000	1.000000	1.000000	1.000000	0.999897	0.004289	0.999993	0.003772	0.999998	0.003386	1349476149.189259	0.999990	40.192923	26.622993	6.130814	1.000000	1.000000	1.000000	1.000000	1.000029	0.003309	1.000034	0.003303	0.999996	0.003180	0.999990	0.003957	0.999995	0.003335	1.000000	1.000000	
1349476150.189100	1.000002	52.469672	38.650866	7.282197	0.999919	0.970459	0.999957	0.970418	0.999999	0.970291	1.000000	0.970293	0.999967	0.970406	0.999645	0.000881	0.993983	0.000009	0.999136	0.000008	1349476150.189267	1.000008	39.921033	26.294877	6.421808	1.000000	0.970355	1.000000	0.970471	0.995100	0.000030	0.969260	0.000008	1.000724	0.000007	1.001086	0.000050	1.000253	0.000108	1.000000	1.000000	
1349476151.189100	1.000000	54.845230	40.865540	7.829559	1.000000	1.000000	1.000001	1.000001	1.000001	1.000000	1.000001	1.000000	1.000000	1.000000	0.999968	0.002911	1.000674	0.000064	1.000090	0.000098	1349476151.189260	0.999993	41.069132	27.346533	6.973025	1.000000	1.000000	1.000000	1.000000	1.001351	0.000105	1.004045	0.000078	0.999774	0.000083	0.999674	0.000119	0.999063	0.000126	1.000000	1.000000	
1349476152.189100	1.000000	54.816605	40.836670	7.829834	1.000000	1.000000	1.000000	1.000000	1.000000	1.000000	1.000000	1.000000	1.000000	1.000000	0.999925	0.000880	1.001599	0.000009	1.000228	0.000008	1349476152.189257	0.999997	40.993566	27.278023	6.964850	1.000000	1.000000	1.000000	1.000000	0.987307	0.000010	0.997187	0.000007	0.976399	0.000008	0.999791	0.000052	1.000955	0.000112	1.000000	1.000000	
1349476153.189101	1.000001	54.871820	40.889991	7.811287	0.999987	0.999923	0.999979	0.999938	1.000000	0.999888	1.000000	0.999887	0.999988	0.999921	1.000103	0.001235	0.992713	0.000081	0.994140	0.000100	1349476153.189264	1.000007	40.969871	27.267863	6.970991	1.000000	0.999898	1.000000	1.000000	1.001297	0.000151	1.000253	0.000082	1.002616	0.000070	1.000186	0.000116	1.000026	0.000121	1.000000	1.000000	
1349476154.189097	0.999996	715815845.057050	715806138.443642	715828796.703676	0.999999	1.000172	0.999996	1.000175	0.999999	1.000180	0.999999	1.000172	0.999999	1.000175	1.000001	1.000170	0.999999	1.000175	0.999999	1.000172	1349476154.189208	0.999944	715859134.086135	715861309.748211	715861837.371370	0.999999	1.000172	0.999996	1.000175	3.892419	0.256956	0.999999	1.000172	0.999999	1.000175	1.000001	1.000170	0.999999	1.000175	0.999999	1.000172	
1349476155.189172	1.000075	0.000000	0.000000	0.000000	-nan	-nan	-nan	-nan	1.000008	inf	-nan	-nan	-nan	0.000000	-nan	-nan	-nan	-nan	-nan	-nan	1349476155.189253	1.000045	0.000000	0.000000	0.000000	-nan	-nan	-nan	-nan	1.345745	inf	-nan	-nan	-nan	-nan	-nan	-nan	-nan	-nan	-nan	-nan	
1349476156.189244	1.000072	0.000000	0.000000	0.000000	-nan	-nan	-nan	-nan	0.000000	inf	-nan	-nan	-nan	0.000000	0.000000	inf	-nan	-nan	-nan	-nan	1349476156.189326	1.000073	0.000000	0.000000	0.000000	-nan	-nan	-nan	-nan	inf	-nan	-nan	-nan	-nan	-nan	-nan	-nan	-nan	-nan	-nan	-nan	
