ts_0	elapsed_0	pkg_0	pp0_0	dram_0	freq_ratio_0_0	c0_ratio_0_0	freq_ratio_0_1	c0_ratio_0_1	freq_ratio_0_2	c0_ratio_0_2	freq_ratio_0_3	c0_ratio_0_3	freq_ratio_0_4	c0_ratio_0_4	freq_ratio_0_5	c0_ratio_0_5	freq_ratio_0_6	c0_ratio_0_6	freq_ratio_0_7	c0_ratio_0_7	ts_1	elapsed_1	pkg_1	pp0_1	dram_1	freq_ratio_1_0	c0_ratio_1_0	freq_ratio_1_1	c0_ratio_1_1	freq_ratio_1_2	c0_ratio_1_2	freq_ratio_1_3	c0_ratio_1_3	freq_ratio_1_4	c0_ratio_1_4	freq_ratio_1_5	c0_ratio_1_5	freq_ratio_1_6	c0_ratio_1_6	freq_ratio_1_7	c0_ratio_1_7	
1349477519.171144	1.000506	52.487316	38.243637	8.098549	0.999995	0.982091	0.999876	0.976589	0.999996	0.975926	0.999996	0.975775	0.999996	0.965271	0.975821	0.000215	0.912170	0.000045	0.998563	0.002667	1349477519.171312	1.000423	53.136522	39.291090	6.631656	0.999943	0.976812	0.999961	0.976668	0.999981	0.976367	1.000001	0.976308	0.971211	0.000686	1.004227	0.000039	1.005388	0.000041	0.999960	0.992685	
1349477520.171142	0.999998	54.698316	40.248368	8.912691	0.999957	0.999299	0.999973	0.999271	0.999990	0.999101	0.999981	0.999213	0.999973	0.999227	1.001776	0.000267	0.991811	0.000090	0.998098	0.000370	1349477520.171310	0.999998	55.207411	41.140307	7.810409	1.000000	0.999327	1.000003	0.999306	1.000000	0.999309	1.000000	0.999270	0.999961	0.001083	0.999773	0.000080	0.992710	0.000090	1.000000	1.000000	
1349477521.171146	1.000004	54.769935	40.320943	8.928248	0.999958	0.998927	1.000000	0.998840	1.000000	0.998756	1.000000	0.998770	1.000000	0.998792	1.000847	0.000212	0.998510	0.000020	1.000132	0.001140	1349477521.171325	1.000015	55.072888	40.998240	7.822514	1.000000	0.998882	1.000000	0.998859	1.000000	0.998870	1.000000	0.998814	0.999972	0.000658	0.999753	0.000017	1.002485	0.000261	1.000000	1.000000	
1349477522.171144	0.999998	54.816221	40.369767	8.920610	1.000000	1.000000	1.000000	0.999999	1.000000	0.999991	1.000000	1.000000	1.000000	1.000000	0.997851	0.000359	1.005066	0.000146	1.001531	0.000420	1349477522.171319	0.999994	55.135018	41.051865	7.812791	1.000000	1.000000	1.000000	1.000000	1.000000	1.000000	1.000000	1.000000	1.000034	0.000571	1.000209	0.000107	0.999219	0.000115	1.000000	1.000000	
1349477523.171144	1.000000	54.879776	40.412384	8.943451	1.000000	1.000000	1.000000	0.999962	1.000000	0.999894	1.000000	0.999888	1.000000	0.999886	1.001191	0.000229	1.006329	0.000021	0.999903	0.000802	1349477523.171318	0.999999	55.203788	41.115182	7.813240	1.000000	0.999998	1.000000	1.000000	1.000000	1.000000	1.000000	0.999992	0.999992	0.000399	0.999502	0.000039	1.001749	0.000050	1.000000	1.000000	
1349477524.171143	0.999999	54.928687	40.461876	8.889718	1.000000	1.000000	1.000000	1.000000	1.000000	0.999938	1.000000	0.999937	1.000000	0.999896	0.999487	0.000242	0.997987	0.000069	0.999954	0.000349	1349477524.171312	0.999994	55.251550	41.164674	7.825349	1.000000	0.999960	1.000000	0.999991	1.000000	1.000000	1.000000	1.000000	0.999957	0.000832	0.999980	0.000059	1.000225	0.000062	1.000000	1.000000	
1349477525.171142	0.999999	54.968894	40.498879	8.921624	1.000000	1.000000	1.000000	1.000000	1.000000	0.999938	1.000000	0.999950	1.000000	0.999936	1.000098	0.000285	0.999656	0.000072	1.000726	0.000302	1349477525.171309	0.999997	55.241077	41.148901	7.791330	1.000000	0.999974	1.000000	1.000000	1.000000	1.000000	1.000000	1.000000	0.999863	0.000941	1.000101	0.000038	0.999250	0.000153	1.000000	1.000000	
1349477526.171145	1.000003	715807171.024222	715771897.869327	715780466.229932	0.999995	1.000164	0.999992	1.000167	1.000002	1.000164	0.999995	1.000164	0.999995	1.000167	0.999997	1.000162	0.999995	1.000167	0.999995	1.000164	1349477526.171252	0.999943	715829972.382341	715814912.683038	715856921.707657	0.999994	1.000161	0.999992	1.000166	3.892692	0.256934	0.999995	1.000164	0.999995	1.000167	0.999997	1.000162	0.999995	1.000167	0.999995	1.000164	
1349477527.171304	1.000159	0.000000	0.000000	0.000000	-nan	-nan	-nan	-nan	0.000000	inf	-nan	-nan	-nan	0.000000	-nan	-nan	-nan	-nan	-nan	-nan	1349477527.171400	1.000148	0.000000	0.000000	0.000000	-nan	-nan	-nan	-nan	0.000000	inf	-nan	-nan	-nan	-nan	-nan	-nan	-nan	-nan	-nan	-nan	
