ts_0	elapsed_0	pkg_0	pp0_0	dram_0	freq_ratio_0_0	c0_ratio_0_0	freq_ratio_0_1	c0_ratio_0_1	freq_ratio_0_2	c0_ratio_0_2	freq_ratio_0_3	c0_ratio_0_3	freq_ratio_0_4	c0_ratio_0_4	freq_ratio_0_5	c0_ratio_0_5	freq_ratio_0_6	c0_ratio_0_6	freq_ratio_0_7	c0_ratio_0_7	ts_1	elapsed_1	pkg_1	pp0_1	dram_1	freq_ratio_1_0	c0_ratio_1_0	freq_ratio_1_1	c0_ratio_1_1	freq_ratio_1_2	c0_ratio_1_2	freq_ratio_1_3	c0_ratio_1_3	freq_ratio_1_4	c0_ratio_1_4	freq_ratio_1_5	c0_ratio_1_5	freq_ratio_1_6	c0_ratio_1_6	freq_ratio_1_7	c0_ratio_1_7	
1349418088.822262	1.001008	36.511626	22.855516	0.000000	0.999997	0.981327	0.999995	0.998570	0.993452	0.000676	0.944294	0.000048	0.968834	0.000124	0.989933	0.000361	0.971604	0.000132	0.961858	0.000055	1349418088.822502	1.000511	36.862330	23.307961	0.000000	1.000001	0.982156	0.694190	0.000063	1.003123	0.000105	0.684886	0.000057	1.001785	0.000101	0.850137	0.000126	1.010405	0.000039	0.999987	0.982708	
1349418089.822260	0.999998	36.754114	23.077147	0.000000	1.000000	0.999958	1.000000	0.999984	1.000072	0.000838	0.993672	0.000079	1.006914	0.000024	1.000116	0.000276	0.991237	0.000015	0.997135	0.000081	1349418089.822501	0.999999	37.123708	23.569465	0.000000	1.000000	0.999999	0.999883	0.000089	1.000246	0.000097	0.999487	0.000082	1.001201	0.000013	0.998696	0.000019	1.000000	0.000077	1.000000	1.000000	
1349418090.822261	1.000001	36.774410	23.102303	0.000000	1.000000	0.999497	1.000000	0.999512	0.999910	0.000857	1.012138	0.000034	0.998823	0.000084	1.000191	0.000265	0.996989	0.000086	0.995863	0.000015	1349418090.822500	0.999999	37.172231	23.603813	0.000000	1.000000	0.999513	1.002326	0.000016	1.001720	0.000012	1.003490	0.000013	1.000056	0.000062	0.988252	0.000071	0.999749	0.000017	1.000000	1.000000	
1349418091.822260	0.999999	36.782506	23.114738	0.000000	0.999957	0.999563	0.999982	0.999514	0.999993	0.001082	1.001060	0.000076	1.002082	0.000070	0.999875	0.000268	0.952191	0.000034	1.003251	0.000106	1349418091.822503	1.000003	37.185691	23.617038	0.000000	1.000000	0.999585	0.998879	0.000105	0.999642	0.000123	0.999985	0.001052	1.000000	0.000090	1.021236	0.000040	1.000004	0.000103	1.000000	1.000000	
1349418092.822261	1.000001	36.728343	23.070901	0.000000	1.000000	1.000000	1.000000	1.000000	1.000066	0.000876	1.003944	0.000015	1.000137	0.000076	1.000081	0.000239	1.023461	0.000089	1.009210	0.000014	1349418092.822497	0.999994	37.174218	23.605625	0.000000	1.000000	1.000000	1.003901	0.000019	0.999906	0.000016	1.000952	0.000013	0.999226	0.000055	0.986833	0.000065	1.000024	0.000016	1.000000	1.000000	
1349418093.822260	0.999999	36.768147	23.100791	0.000000	0.999953	0.999450	0.999983	0.999393	0.999932	0.000857	0.999364	0.000071	0.993417	0.000024	0.999822	0.000264	0.882445	0.000017	0.999008	0.000081	1349418093.822501	1.000004	37.161287	23.605800	0.000000	1.000000	0.999469	1.001451	0.000075	1.000193	0.000078	0.999869	0.000071	1.001093	0.000017	1.000104	0.008242	0.999905	0.000077	1.000000	1.000000	
1349418094.822260	1.000000	36.775223	23.105850	0.000000	0.999984	0.999822	0.999968	0.999852	0.999981	0.000863	0.999377	0.000015	0.998998	0.000057	1.000203	0.000251	1.022812	0.000084	0.989101	0.000015	1349418094.822498	0.999997	37.160546	23.593762	0.000000	1.000000	1.000000	1.001201	0.000016	0.998796	0.000013	1.000265	0.000013	0.999708	0.000058	1.000053	0.000058	1.000523	0.000016	1.000000	1.000000	
1349418095.822260	1.000000	36.793167	23.129547	0.000000	1.000000	0.999980	1.000000	0.999966	1.000057	0.000901	1.000862	0.000078	1.001549	0.000042	0.999968	0.000309	0.990397	0.000015	0.999977	0.000167	1349418095.822505	1.000007	37.184420	23.617131	0.000000	1.000000	1.000000	0.998511	0.000078	1.000458	0.000080	0.995831	0.000184	1.004344	0.000013	0.997884	0.000016	1.000151	0.000079	1.000000	1.000000	
1349418096.822260	1.000000	36.737335	23.079865	0.000000	0.999934	0.999425	0.999966	0.999365	0.999703	0.000724	0.995244	0.000014	0.993878	0.000120	0.998935	0.000241	0.979489	0.000096	1.010972	0.000014	1349418096.822501	0.999996	37.136946	23.571369	0.000000	1.000000	0.999478	1.000813	0.000016	0.997590	0.000014	1.000756	0.000973	0.999736	0.000203	1.000315	0.000072	0.998308	0.000013	1.000000	1.000000	
1349418097.822260	1.000000	36.726669	23.073547	0.000000	1.000000	1.000000	1.000000	1.000000	1.000193	0.000654	0.999891	0.000071	1.032739	0.000024	1.000785	0.000272	0.990907	0.000016	1.001286	0.000082	1349418097.822502	1.000001	37.106730	23.543236	0.000000	1.000000	1.000000	1.001429	0.000073	1.000471	0.000079	1.000290	0.000070	1.000085	0.000018	0.998618	0.000017	1.000281	0.000077	1.000000	1.000000	
1349418098.822260	1.000000	36.748123	23.091431	0.000000	1.000000	0.999928	1.000000	0.999953	1.000067	0.000951	0.994298	0.000015	0.998750	0.000052	1.000559	0.000243	1.003943	0.000082	1.005143	0.000016	1349418098.822501	0.999999	37.113866	23.550529	0.000000	1.000000	1.000000	0.991022	0.000015	0.997862	0.000012	1.000618	0.000013	0.999684	0.000054	0.999795	0.000072	0.996727	0.000015	1.000000	1.000000	
1349418099.822261	1.000001	36.679332	23.043282	0.000000	0.999989	0.999917	0.999980	0.999932	1.000083	0.001143	1.002013	0.000074	1.000194	0.000024	0.999640	0.000256	0.999496	0.000015	0.997918	0.000080	1349418099.822503	1.000002	37.108740	23.544343	0.000000	1.000000	1.000000	0.998747	0.000074	1.000313	0.000069	0.999961	0.000079	1.004186	0.000014	1.002249	0.000017	1.000296	0.000083	1.000000	1.000000	
1349418100.822257	0.999996	715774554.534959	715807565.059211	715830786.066720	0.999971	1.000019	0.999971	1.000032	0.999973	1.000035	0.999971	1.000021	0.999973	1.000030	0.999974	1.000020	0.999973	1.000030	0.999971	1.000021	1349418100.822370	0.999867	715891715.620538	715908388.110105	715923129.393011	0.999973	1.000027	0.999969	1.000024	3.894270	0.256787	0.999973	1.000029	0.999971	1.000023	0.999976	1.000026	0.999971	1.000024	0.999972	1.000023	
1349418101.822358	1.000101	0.000000	0.000000	0.000000	-nan	-nan	-nan	-nan	1.000008	inf	-nan	-nan	-nan	0.000000	-nan	-nan	-nan	-nan	-nan	-nan	1349418101.822438	1.000068	0.000000	0.000000	0.000000	-nan	-nan	-nan	-nan	1.345745	inf	-nan	-nan	-nan	-nan	-nan	-nan	-nan	-nan	-nan	-nan	
