ts_0	elapsed_0	pkg_0	pp0_0	dram_0	freq_ratio_0_0	c0_ratio_0_0	freq_ratio_0_1	c0_ratio_0_1	freq_ratio_0_2	c0_ratio_0_2	freq_ratio_0_3	c0_ratio_0_3	freq_ratio_0_4	c0_ratio_0_4	freq_ratio_0_5	c0_ratio_0_5	freq_ratio_0_6	c0_ratio_0_6	freq_ratio_0_7	c0_ratio_0_7	ts_1	elapsed_1	pkg_1	pp0_1	dram_1	freq_ratio_1_0	c0_ratio_1_0	freq_ratio_1_1	c0_ratio_1_1	freq_ratio_1_2	c0_ratio_1_2	freq_ratio_1_3	c0_ratio_1_3	freq_ratio_1_4	c0_ratio_1_4	freq_ratio_1_5	c0_ratio_1_5	freq_ratio_1_6	c0_ratio_1_6	freq_ratio_1_7	c0_ratio_1_7	
1349418088.819196	1.001026	35.765904	22.256144	0.000000	0.999326	0.005852	0.999976	0.998383	0.999996	0.978444	0.976634	0.000140	0.974252	0.000127	0.991260	0.000353	0.958764	0.000080	0.970681	0.000104	1349418088.819418	1.000487	35.955524	22.353812	0.000000	0.999960	0.979299	0.995717	0.000114	1.008654	0.000089	0.894905	0.000188	1.012185	0.000073	0.795338	0.000093	1.009939	0.000074	0.999915	0.979817	
1349418089.819193	0.999997	36.880653	23.338680	0.000000	0.999960	0.014239	1.000001	0.999992	1.000000	0.999998	1.000018	0.009913	1.000020	0.010113	1.000001	0.013016	0.999998	0.009723	1.000000	0.010787	1349418089.819450	1.000032	38.204956	24.588188	0.000000	1.000000	1.000000	0.999996	0.009974	1.000002	0.009919	1.000103	0.009920	1.000008	0.009662	0.999998	0.009548	0.999998	0.009624	1.000000	1.000000	
1349418090.819193	1.000000	35.871582	22.337982	0.000000	0.999994	0.002131	0.999982	0.999457	0.999983	0.999439	0.996636	0.000056	0.989436	0.000026	0.999966	0.000286	1.000041	0.000019	0.999949	0.000320	1349418090.819453	1.000003	36.307123	22.691336	0.000000	1.000000	0.999561	1.000040	0.000058	1.000092	0.000025	0.997713	0.000086	0.991767	0.000013	1.003282	0.000012	0.999397	0.000016	1.000000	1.000000	
1349418091.819195	1.000002	35.840844	22.318652	0.000000	0.992943	0.001948	0.999947	0.999482	0.999949	0.999479	0.999437	0.000103	1.000656	0.000119	0.997649	0.000274	1.000391	0.000059	0.999965	0.000339	1349418091.819454	1.000001	36.298290	22.684335	0.000000	1.000000	0.999649	1.002123	0.000067	1.000031	0.000110	0.996275	0.000016	1.000174	0.000051	0.993597	0.000123	1.000029	0.000093	1.000000	1.000000	
1349418092.819195	1.000000	35.904739	22.370193	0.000000	1.000016	0.002172	0.999992	0.999909	0.999984	0.999923	1.000638	0.000131	0.999875	0.000056	0.999619	0.002572	1.000336	0.000057	1.000217	0.000258	1349418092.819447	0.999993	36.319114	22.703770	0.000000	1.000000	1.000000	1.007311	0.000079	1.000636	0.000110	1.001220	0.000155	1.000467	0.000082	1.000832	0.000932	1.000089	0.000138	1.000000	1.000000	
1349418093.819193	0.999998	35.879799	22.344739	0.000000	0.990301	0.002358	0.999983	0.999473	0.999983	0.999473	0.999731	0.000126	0.998517	0.000093	1.004394	0.000367	0.999465	0.000089	0.998885	0.000066	1349418093.819445	0.999998	36.257317	22.657956	0.000000	1.000000	0.999547	0.988282	0.000056	0.998667	0.000059	0.978949	0.000008	0.999280	0.000050	0.983005	0.000048	0.999852	0.000143	1.000000	1.000000	
1349418094.819193	1.000000	35.889069	22.354523	0.000000	0.999984	0.002598	0.999999	0.999992	1.000000	0.999992	1.000502	0.000088	1.009837	0.000038	1.000605	0.000345	1.000936	0.000045	1.002319	0.000017	1349418094.819444	0.999999	36.308110	22.693900	0.000000	1.000000	1.000000	1.009267	0.000073	0.999750	0.000045	0.999977	0.000099	1.001179	0.000026	1.006910	0.000132	0.998943	0.000012	1.000000	1.000000	
1349418095.819193	1.000000	38.582748	25.033951	0.000000	1.000000	0.400349	1.000000	1.000000	1.000000	1.000000	0.999181	0.000750	0.998673	0.000187	0.999859	0.001549	0.999960	0.000087	0.999950	0.000077	1349418095.819450	1.000006	34.458932	20.830580	0.000000	1.000000	0.601034	0.997750	0.000058	1.000894	0.000054	1.003937	0.000037	0.998810	0.000051	0.998129	0.000061	0.999980	0.003904	1.000000	1.000000	
1349418096.819194	1.000001	35.945065	22.409326	0.000000	0.984629	0.001675	0.999963	0.999367	0.999965	0.999365	0.999989	0.002742	1.000245	0.000118	0.999993	0.001615	0.999195	0.000091	0.989564	0.000015	1349418096.819451	1.000001	36.270199	22.659707	0.000000	1.000000	0.999463	1.000968	0.000128	1.000349	0.000118	1.000044	0.000115	1.000590	0.000110	1.000884	0.000121	1.000560	0.000097	1.000000	1.000000	
1349418097.819194	1.000000	35.941895	22.425919	0.000000	0.999861	0.002731	1.000001	0.999990	1.000000	0.999991	0.999745	0.000787	0.999599	0.000074	0.999955	0.000263	1.000354	0.000052	1.002309	0.000071	1349418097.819448	0.999997	36.246862	22.640939	0.000000	1.000000	1.000000	0.983794	0.000052	0.999196	0.000104	0.985072	0.000008	0.998580	0.000052	0.999796	0.001074	0.999172	0.000085	1.000000	1.000000	
1349418098.819196	1.000002	33.847424	20.262611	0.000000	1.000001	0.509263	0.999995	0.111248	1.000000	1.000000	1.000025	0.005169	1.000142	0.000106	1.000073	0.000276	1.000589	0.000091	0.990645	0.000015	1349418098.819432	0.999984	38.496220	24.820221	0.000000	0.999999	0.491762	1.000001	0.889359	1.001038	0.000083	1.000617	0.000199	1.001508	0.000061	1.002410	0.000072	1.001287	0.000054	1.000000	1.000000	
1349418099.819192	0.999996	36.193033	22.553696	0.000000	1.000000	1.000000	1.000779	0.000396	1.000000	1.000000	1.000188	0.000820	0.996255	0.000121	0.998072	0.000331	0.998373	0.000282	0.992541	0.000075	1349418099.819431	0.999999	36.136967	22.430365	0.000000	0.999986	0.000346	1.000000	1.000000	0.990570	0.000059	0.985247	0.000008	0.990625	0.000059	0.992556	0.000108	0.994942	0.000102	1.000000	1.000000	
1349418100.819190	0.999998	715783371.287573	715782460.631128	715829250.057560	0.999970	1.000015	0.999971	1.000034	0.999972	1.000031	0.999971	1.000022	0.999971	1.000021	0.999975	1.000024	0.999971	1.000024	0.999972	1.000023	1349418100.819310	0.999879	715879079.464832	715874709.443805	715914593.890457	0.999973	1.000030	0.999967	1.000019	3.894217	0.256792	0.999971	1.000020	0.999973	1.000032	0.999973	1.000014	0.999970	1.000019	0.999973	1.000029	
1349418101.819260	1.000070	0.000000	0.000000	0.000000	-nan	-nan	-nan	-nan	1.000008	inf	-nan	-nan	-nan	0.000000	-nan	-nan	-nan	-nan	-nan	-nan	1349418101.819353	1.000043	0.000000	0.000000	0.000000	-nan	-nan	-nan	-nan	1.345745	inf	-nan	-nan	-nan	-nan	-nan	-nan	-nan	-nan	-nan	-nan	
