ts_0	elapsed_0	pkg_0	pp0_0	dram_0	freq_ratio_0_0	c0_ratio_0_0	freq_ratio_0_1	c0_ratio_0_1	freq_ratio_0_2	c0_ratio_0_2	freq_ratio_0_3	c0_ratio_0_3	freq_ratio_0_4	c0_ratio_0_4	freq_ratio_0_5	c0_ratio_0_5	freq_ratio_0_6	c0_ratio_0_6	freq_ratio_0_7	c0_ratio_0_7	ts_1	elapsed_1	pkg_1	pp0_1	dram_1	freq_ratio_1_0	c0_ratio_1_0	freq_ratio_1_1	c0_ratio_1_1	freq_ratio_1_2	c0_ratio_1_2	freq_ratio_1_3	c0_ratio_1_3	freq_ratio_1_4	c0_ratio_1_4	freq_ratio_1_5	c0_ratio_1_5	freq_ratio_1_6	c0_ratio_1_6	freq_ratio_1_7	c0_ratio_1_7	
1350070153.002898	1.000089	55.320566	42.026917	3.792540	0.807180	0.998647	0.807179	0.998646	0.807178	0.998645	0.807177	0.998643	0.807176	0.998643	0.807175	0.998641	0.807174	0.998642	0.807173	0.998641	1350070153.002946	1.000097	55.352722	42.174664	1.614727	0.814767	0.998475	0.814766	0.998473	0.814764	0.998472	0.814763	0.998471	0.814761	0.998470	0.814759	0.998469	0.814758	0.998469	0.814756	0.998468	
1350070154.002895	0.999997	50.848134	37.549219	3.793515	0.763613	0.998489	0.763613	0.998488	0.763613	0.998487	0.763613	0.998486	0.763613	0.998486	0.763613	0.998485	0.763612	0.998485	0.763612	0.998485	1350070154.002946	1.000000	50.841721	37.657059	1.589035	0.770557	0.998603	0.770557	0.998603	0.770557	0.998603	0.770557	0.998602	0.770557	0.998600	0.770557	0.998599	0.770557	0.998600	0.770557	0.998599	
1350070155.002895	1.000000	50.842728	37.539383	3.782043	0.762379	0.998253	0.762379	0.998252	0.762379	0.998251	0.762379	0.998250	0.762380	0.998249	0.762380	0.998248	0.762380	0.998247	0.762380	0.998246	1350070155.002939	0.999993	50.839371	37.649735	1.592342	0.770338	0.998839	0.770338	0.998838	0.770338	0.998838	0.770337	0.998838	0.770337	0.998837	0.770337	0.998837	0.770337	0.998836	0.770337	0.998835	
1350070156.002895	1.000000	50.845459	37.536636	3.793274	0.761154	0.997931	0.761154	0.997929	0.761154	0.997928	0.761154	0.997927	0.761154	0.997926	0.761154	0.997926	0.761154	0.997924	0.761154	0.997923	1350070156.002940	1.000001	50.842878	37.651652	1.587614	0.770256	0.998938	0.770255	0.998937	0.770256	0.998936	0.770256	0.998936	0.770256	0.998935	0.770255	0.998934	0.770251	0.998933	0.770256	0.998932	
1350070157.002895	1.000000	50.848450	37.536346	3.805328	0.761283	0.997965	0.761283	0.997962	0.761283	0.997961	0.761283	0.997960	0.761283	0.997958	0.761283	0.997960	0.761282	0.997959	0.761282	0.997958	1350070157.002945	1.000005	50.839025	37.644602	1.586174	0.770121	0.999053	0.770122	0.999054	0.770121	0.999054	0.770122	0.999052	0.770121	0.999052	0.770122	0.999050	0.770126	0.999051	0.770121	0.999050	
1350070158.002896	1.000001	50.843610	37.529398	3.793682	0.761100	0.997928	0.761100	0.997927	0.761100	0.997925	0.761100	0.997925	0.761100	0.997923	0.761100	0.997921	0.761100	0.997921	0.761100	0.997920	1350070158.002945	1.000000	50.838928	37.644760	1.589188	0.770156	0.999053	0.770156	0.999052	0.770156	0.999051	0.770156	0.999050	0.770156	0.999049	0.770156	0.999049	0.770156	0.999048	0.770156	0.999047	
1350070159.002894	0.999998	50.843343	37.522990	3.805336	0.761109	0.997901	0.761110	0.997899	0.761110	0.997898	0.761110	0.997896	0.761110	0.997894	0.761110	0.997893	0.761110	0.997892	0.761111	0.997890	1350070159.002938	0.999993	50.789231	37.608933	1.587657	0.770108	0.999076	0.770108	0.999075	0.770107	0.999074	0.770108	0.999075	0.770108	0.999074	0.770107	0.999074	0.770107	0.999072	0.770108	0.999072	
1350070160.002895	1.000001	50.847409	37.529307	3.801235	0.760732	0.997808	0.760732	0.997807	0.760732	0.997805	0.760732	0.997804	0.760732	0.997802	0.760732	0.997801	0.760732	0.997800	0.760732	0.997799	1350070160.002939	1.000001	50.841611	37.645472	1.592848	0.770105	0.999076	0.770105	0.999075	0.770105	0.999075	0.770105	0.999074	0.770104	0.999073	0.770105	0.999072	0.770105	0.999072	0.770104	0.999072	
1350070161.002894	0.999999	50.847201	37.527730	3.801044	0.760764	0.997838	0.760764	0.997836	0.760764	0.997835	0.760764	0.997835	0.760764	0.997835	0.760764	0.997834	0.760764	0.997832	0.760764	0.997830	1350070161.002938	0.999999	50.840442	37.641927	1.590837	0.770159	0.999053	0.770159	0.999052	0.770159	0.999051	0.770159	0.999052	0.770159	0.999051	0.770159	0.999050	0.770159	0.999050	0.770159	0.999050	
1350070162.002895	1.000001	50.844632	37.525538	3.805142	0.760746	0.997837	0.760746	0.997836	0.760746	0.997835	0.760746	0.997833	0.760746	0.997831	0.760746	0.997830	0.760746	0.997829	0.760746	0.997828	1350070162.002939	1.000001	50.838895	37.637659	1.586317	0.770173	0.999031	0.770173	0.999030	0.770174	0.999031	0.770173	0.999030	0.770173	0.999028	0.770173	0.999027	0.770173	0.999027	0.770173	0.999028	
1350070163.002895	1.000000	50.846863	37.524139	3.797302	0.760863	0.997866	0.760863	0.997865	0.760863	0.997864	0.760863	0.997863	0.760863	0.997862	0.760863	0.997861	0.760863	0.997860	0.760863	0.997859	1350070163.002942	1.000003	50.839778	37.639440	1.589381	0.770153	0.999000	0.770153	0.999006	0.770152	0.999005	0.770152	0.999004	0.770153	0.999003	0.770152	0.999003	0.770153	0.999003	0.770153	0.999002	
1350070164.002895	1.000000	50.841003	37.517807	3.786163	0.760742	0.997835	0.760742	0.997833	0.760742	0.997830	0.760742	0.997828	0.760742	0.997828	0.760742	0.997827	0.760742	0.997827	0.760742	0.997827	1350070164.002941	0.999999	50.838565	37.637746	1.591020	0.770181	0.998988	0.770182	0.998982	0.770182	0.998981	0.770181	0.998980	0.770182	0.998980	0.770182	0.998980	0.770182	0.998980	0.770182	0.998979	
1350070165.002894	0.999999	50.798663	37.490758	3.797809	0.760579	0.997777	0.760579	0.997776	0.760579	0.997774	0.760579	0.997773	0.760579	0.997773	0.760579	0.997771	0.760579	0.997769	0.760578	0.997769	1350070165.002940	0.999999	50.839572	37.637548	1.592500	0.770095	0.999101	0.770095	0.999100	0.770095	0.999099	0.770095	0.999098	0.770095	0.999098	0.770095	0.999099	0.770095	0.999098	0.770095	0.999096	
1350070166.002895	1.000001	50.845258	37.524073	3.781994	0.760250	0.997694	0.760251	0.997692	0.760251	0.997691	0.760251	0.997689	0.760251	0.997688	0.760251	0.997687	0.760251	0.997687	0.760252	0.997685	1350070166.002939	0.999999	50.838855	37.637396	1.590883	0.770076	0.999101	0.770077	0.999100	0.770077	0.999100	0.770076	0.999098	0.770076	0.999099	0.770077	0.999098	0.770077	0.999098	0.770076	0.999098	
1350070167.002895	1.000000	50.844330	37.521164	3.797638	0.760674	0.997818	0.760674	0.997815	0.760674	0.997814	0.760674	0.997812	0.760674	0.997811	0.760674	0.997811	0.760674	0.997809	0.760674	0.997808	1350070167.002938	0.999999	50.841250	37.639318	1.586137	0.770058	0.999123	0.770058	0.999122	0.770058	0.999122	0.770058	0.999122	0.770058	0.999121	0.770058	0.999121	0.770058	0.999121	0.770058	0.999120	
1350070168.002895	1.000000	50.843246	37.519150	3.797379	0.760414	0.997744	0.760414	0.997742	0.760414	0.997740	0.760414	0.997739	0.760414	0.997738	0.760414	0.997737	0.760414	0.997736	0.760414	0.997735	1350070168.002942	1.000004	50.837334	37.635559	1.589242	0.770046	0.999149	0.770046	0.999149	0.770046	0.999150	0.770046	0.999149	0.770046	0.999148	0.770046	0.999147	0.770046	0.999147	0.770045	0.999146	
1350070169.002895	1.000000	50.846054	37.522552	3.793839	0.760503	0.997764	0.760503	0.997762	0.760503	0.997760	0.760503	0.997759	0.760503	0.997758	0.760503	0.997757	0.760503	0.997755	0.760503	0.997755	1350070169.002938	0.999996	50.841408	37.639572	1.587668	0.769995	0.999196	0.769995	0.999195	0.769995	0.999196	0.769995	0.999194	0.769995	0.999193	0.769995	0.999193	0.769995	0.999192	0.769995	0.999192	
1350070170.002895	1.000000	50.849182	37.522400	3.784805	0.760606	0.997719	0.760606	0.997717	0.760606	0.997715	0.760606	0.997714	0.760606	0.997712	0.760606	0.997711	0.760606	0.997709	0.760605	0.997709	1350070170.002945	1.000007	50.838684	37.635528	1.590519	0.770105	0.999196	0.770105	0.999195	0.770105	0.999195	0.770105	0.999195	0.770105	0.999194	0.770105	0.999194	0.770105	0.999193	0.770105	0.999192	
1350070171.002895	1.000000	50.844498	37.517700	3.793854	0.759751	0.997586	0.759751	0.997584	0.759751	0.997581	0.759751	0.997579	0.759751	0.997578	0.759751	0.997577	0.759751	0.997577	0.759751	0.997576	1350070171.002940	0.999995	50.839641	37.637289	1.590859	0.769821	0.999384	0.769821	0.999384	0.769821	0.999383	0.769820	0.999382	0.769821	0.999382	0.769821	0.999382	0.769820	0.999382	0.769820	0.999382	
1350070172.002894	0.999999	50.844455	37.517980	3.797291	0.759833	0.997574	0.759833	0.997572	0.759833	0.997570	0.759833	0.997568	0.759834	0.997566	0.759834	0.997566	0.759834	0.997564	0.759834	0.997564	1350070172.002980	1.000040	50.838448	37.636722	1.589322	0.769847	0.999359	0.769848	0.999359	0.769847	0.999359	0.769848	0.999359	0.769847	0.999358	0.769847	0.999358	0.769847	0.999358	0.769847	0.999357	
1350070173.002896	1.000002	50.847376	37.520223	3.789620	0.759844	0.997596	0.759844	0.997596	0.759844	0.997593	0.759844	0.997592	0.759844	0.997592	0.759844	0.997590	0.759844	0.997587	0.759843	0.997588	1350070173.002944	0.999964	50.840636	37.638959	1.584392	0.769845	0.999338	0.769845	0.999337	0.769845	0.999336	0.769845	0.999336	0.769845	0.999335	0.769845	0.999335	0.769845	0.999335	0.769845	0.999334	
1350070174.002895	0.999999	50.833178	37.504461	3.763004	0.776302	0.996369	0.776303	0.996368	0.776303	0.996364	0.776303	0.996362	0.776304	0.996361	0.776304	0.996360	0.776304	0.996357	0.776305	0.996356	1350070174.002938	0.999994	50.827741	37.624629	1.590891	0.796394	0.997362	0.796393	0.997361	0.796394	0.997359	0.796394	0.997356	0.796394	0.997356	0.796395	0.997354	0.796395	0.997355	0.796395	0.997351	
1350070175.002894	0.999999	50.845919	37.513189	3.797825	0.763137	0.997189	0.763137	0.997187	0.763136	0.997184	0.763136	0.997183	0.763136	0.997182	0.763136	0.997181	0.763136	0.997178	0.763136	0.997177	1350070175.002938	1.000000	50.789047	37.600021	1.589310	0.773652	0.999223	0.773653	0.999222	0.773653	0.999222	0.773653	0.999221	0.773653	0.999221	0.773653	0.999221	0.773653	0.999209	0.773652	0.999210	
1350070176.002894	1.000000	50.847977	37.517700	3.801315	0.759864	0.997597	0.759864	0.997594	0.759864	0.997595	0.759864	0.997594	0.759864	0.997592	0.759864	0.997593	0.759864	0.997592	0.759864	0.997588	1350070176.002939	1.000001	50.842069	37.639841	1.592711	0.769758	0.999444	0.769757	0.999444	0.769758	0.999443	0.769757	0.999443	0.769757	0.999443	0.769757	0.999443	0.769756	0.999454	0.769757	0.999453	
1350070177.002894	1.000000	50.844101	37.515854	3.770844	0.759983	0.997618	0.759983	0.997616	0.759983	0.997615	0.759983	0.997613	0.759983	0.997613	0.759983	0.997612	0.759983	0.997611	0.759983	0.997610	1350070177.002937	0.999998	50.839452	37.637248	1.587833	0.769664	0.999529	0.769664	0.999528	0.769664	0.999528	0.769664	0.999528	0.769664	0.999528	0.769663	0.999528	0.769664	0.999527	0.769664	0.999527	
1350070178.002895	1.000001	50.842618	37.513468	3.808804	0.759776	0.997551	0.759776	0.997549	0.759776	0.997549	0.759776	0.997546	0.759776	0.997545	0.759776	0.997543	0.759776	0.997543	0.759776	0.997542	1350070178.002942	1.000005	50.840306	37.638239	1.586281	0.769589	0.999621	0.769588	0.999620	0.769588	0.999620	0.769588	0.999620	0.769588	0.999619	0.769588	0.999619	0.769588	0.999619	0.769588	0.999618	
1350070179.002895	1.000000	50.795349	37.478180	3.782104	0.759751	0.997576	0.759752	0.997575	0.759752	0.997573	0.759752	0.997572	0.759751	0.997570	0.759752	0.997569	0.759752	0.997568	0.759752	0.997567	1350070179.002942	1.000000	50.841064	37.638367	1.587555	0.769719	0.999480	0.769719	0.999480	0.769719	0.999480	0.769719	0.999479	0.769719	0.999479	0.769719	0.999478	0.769719	0.999477	0.769719	0.999477	
1350070180.002895	1.000000	50.846893	37.516449	3.801132	0.759820	0.997595	0.759820	0.997593	0.759820	0.997590	0.759820	0.997589	0.759820	0.997588	0.759820	0.997586	0.759820	0.997586	0.759820	0.997585	1350070180.002939	0.999997	50.838308	37.635920	1.592656	0.769607	0.999574	0.769607	0.999574	0.769607	0.999573	0.769607	0.999573	0.769607	0.999572	0.769607	0.999572	0.769607	0.999572	0.769607	0.999572	
1350070181.002894	0.999999	50.848056	37.518041	3.790027	0.759629	0.997525	0.759630	0.997524	0.759630	0.997523	0.759630	0.997520	0.759630	0.997519	0.759630	0.997518	0.759630	0.997514	0.759630	0.997514	1350070181.002938	0.999999	50.840609	37.638937	1.590868	0.769857	0.999359	0.769856	0.999358	0.769856	0.999358	0.769857	0.999358	0.769857	0.999360	0.769856	0.999357	0.769856	0.999357	0.769856	0.999357	
1350070182.002895	1.000001	50.844129	37.512949	3.801434	0.759270	0.997430	0.759270	0.997429	0.759270	0.997427	0.759270	0.997426	0.759270	0.997425	0.759270	0.997423	0.759270	0.997423	0.759270	0.997420	1350070182.002941	1.000003	50.839412	37.637273	1.584483	0.769762	0.999435	0.769763	0.999434	0.769762	0.999433	0.769763	0.999433	0.769763	0.999433	0.769762	0.999433	0.769762	0.999433	0.769763	0.999432	
1350070183.002895	1.000000	50.845718	37.513519	3.801331	0.759290	0.997421	0.759290	0.997418	0.759290	0.997416	0.759290	0.997414	0.759290	0.997414	0.759290	0.997413	0.759290	0.997411	0.759290	0.997411	1350070183.002941	1.000000	50.839813	37.638153	1.592621	0.769743	0.999430	0.769743	0.999431	0.769743	0.999430	0.769743	0.999429	0.769743	0.999429	0.769743	0.999429	0.769743	0.999429	0.769743	0.999429	
1350070184.002895	1.000000	50.844177	37.512589	3.808670	0.758916	0.997324	0.758916	0.997323	0.758916	0.997322	0.758916	0.997322	0.758916	0.997319	0.758916	0.997319	0.758916	0.997316	0.758916	0.997314	1350070184.002940	0.999999	50.838427	37.635671	1.587679	0.769817	0.999361	0.769817	0.999361	0.769817	0.999361	0.769817	0.999360	0.769817	0.999360	0.769818	0.999359	0.769818	0.999359	0.769817	0.999358	
1350070185.002894	0.999999	50.847720	37.512624	3.793552	0.758860	0.997314	0.758861	0.997312	0.758860	0.997311	0.758860	0.997310	0.758860	0.997308	0.758860	0.997307	0.758860	0.997305	0.758860	0.997305	1350070185.002938	0.999998	50.840414	37.637065	1.590961	0.769723	0.999457	0.769723	0.999456	0.769723	0.999455	0.769723	0.999456	0.769723	0.999455	0.769723	0.999455	0.769723	0.999455	0.769723	0.999455	
1350070186.002895	1.000001	50.846692	37.514491	3.801129	0.759009	0.997349	0.759009	0.997347	0.759009	0.997344	0.759009	0.997344	0.759009	0.997342	0.759009	0.997341	0.759009	0.997339	0.759009	0.997338	1350070186.002939	1.000001	50.841260	37.638834	1.590849	0.769850	0.999360	0.769849	0.999360	0.769849	0.999360	0.769850	0.999360	0.769849	0.999360	0.769849	0.999359	0.769849	0.999358	0.769849	0.999358	
1350070187.002894	0.999999	50.846362	37.514852	3.794025	0.759058	0.997395	0.759058	0.997393	0.759058	0.997392	0.759058	0.997391	0.759058	0.997389	0.759058	0.997387	0.759058	0.997385	0.759058	0.997383	1350070187.002937	0.999998	50.838796	37.635860	1.590961	0.769566	0.999668	0.769566	0.999667	0.769567	0.999668	0.769566	0.999668	0.769566	0.999667	0.769567	0.999667	0.769566	0.999666	0.769566	0.999666	
1350070188.002903	1.000009	50.848172	37.515606	3.789974	0.759183	0.997409	0.759183	0.997407	0.759183	0.997405	0.759183	0.997403	0.759183	0.997402	0.759183	0.997400	0.759183	0.997398	0.759183	0.997398	1350070188.002949	1.000012	50.840687	37.638299	1.586025	0.769622	0.999571	0.769623	0.999571	0.769622	0.999571	0.769623	0.999571	0.769623	0.999571	0.769622	0.999571	0.769623	0.999571	0.769623	0.999571	
1350070189.002894	0.999991	50.845401	37.511464	3.797657	0.759037	0.997371	0.759037	0.997370	0.759037	0.997368	0.759037	0.997365	0.759037	0.997364	0.759037	0.997363	0.759037	0.997361	0.759037	0.997359	1350070189.002938	0.999989	50.843041	37.640321	1.590868	0.769223	0.999894	0.769223	0.999893	0.769222	0.999893	0.769223	0.999893	0.769222	0.999894	0.769223	0.999893	0.769223	0.999893	0.769223	0.999893	
1350070190.002895	1.000001	50.843457	37.509745	3.805035	0.758897	0.997333	0.758897	0.997331	0.758897	0.997329	0.758897	0.997328	0.758896	0.997327	0.758896	0.997325	0.758896	0.997324	0.758896	0.997323	1350070190.002941	1.000003	50.841075	37.638769	1.589320	0.769354	0.999752	0.769354	0.999752	0.769354	0.999752	0.769354	0.999752	0.769354	0.999751	0.769354	0.999751	0.769354	0.999751	0.769354	0.999751	
1350070191.002894	0.999999	50.847720	37.514486	3.797428	0.758975	0.997363	0.758975	0.997362	0.758976	0.997359	0.758976	0.997359	0.758976	0.997357	0.758976	0.997357	0.758976	0.997355	0.758976	0.997353	1350070191.002938	0.999997	50.842977	37.640711	1.590902	0.769519	0.999692	0.769520	0.999693	0.769519	0.999693	0.769519	0.999693	0.769519	0.999692	0.769519	0.999693	0.769520	0.999692	0.769520	0.999693	
1350070192.002895	1.000001	50.846463	37.513346	3.797436	0.758842	0.997302	0.758842	0.997301	0.758842	0.997298	0.758842	0.997297	0.758842	0.997295	0.758842	0.997294	0.758842	0.997292	0.758842	0.997291	1350070192.002939	1.000001	50.788297	37.598963	1.592680	0.769712	0.999503	0.769712	0.999503	0.769712	0.999502	0.769712	0.999502	0.769712	0.999502	0.769712	0.999502	0.769712	0.999501	0.769712	0.999500	
1350070193.002895	1.000000	50.846542	37.511856	3.790329	0.758823	0.997303	0.758823	0.997301	0.758823	0.997299	0.758823	0.997298	0.758823	0.997297	0.758823	0.997295	0.758823	0.997294	0.758823	0.997292	1350070193.002941	1.000002	50.838862	37.634801	1.591000	0.769792	0.999410	0.769792	0.999409	0.769792	0.999409	0.769792	0.999408	0.769792	0.999408	0.769792	0.999407	0.769791	0.999407	0.769792	0.999407	
1350070194.002895	1.000000	50.846207	37.512589	3.793655	0.758850	0.997314	0.758850	0.997312	0.758850	0.997310	0.758850	0.997310	0.758850	0.997307	0.758850	0.997306	0.758850	0.997305	0.758850	0.997303	1350070194.002941	1.000000	50.840424	37.637772	1.592422	0.769684	0.999525	0.769684	0.999525	0.769684	0.999524	0.769684	0.999524	0.769684	0.999524	0.769684	0.999525	0.769684	0.999524	0.769684	0.999523	
1350070195.002895	1.000000	50.793533	37.471649	3.796768	0.758853	0.997267	0.758853	0.997265	0.758853	0.997263	0.758853	0.997262	0.758853	0.997261	0.758853	0.997259	0.758853	0.997257	0.758853	0.997256	1350070195.002940	0.999999	50.840686	37.637502	1.584138	0.769939	0.999396	0.769939	0.999395	0.769939	0.999395	0.769939	0.999395	0.769939	0.999395	0.769939	0.999393	0.769939	0.999393	0.769939	0.999393	
1350070196.002895	1.000000	50.839600	37.503815	3.786087	0.768570	0.996667	0.768570	0.996664	0.768570	0.996663	0.768571	0.996660	0.768571	0.996657	0.768571	0.996655	0.768571	0.996655	0.768571	0.996655	1350070196.002938	0.999998	50.828603	37.624095	1.589297	0.789688	0.997642	0.789688	0.997640	0.789688	0.997639	0.789688	0.997636	0.789689	0.997635	0.789689	0.997633	0.789689	0.997632	0.789689	0.997632	
1350070197.002896	1.000001	715795333.616358	715767813.239024	715805612.828281	0.999988	1.000205	0.999986	1.000209	0.999988	1.000213	0.999988	1.000205	0.999988	1.000208	0.999991	1.000203	0.999988	1.000208	0.999988	1.000206	1350070197.004579	1.001641	714618624.094983	714650804.157435	714602666.657567	0.999988	1.000205	0.999986	1.000208	3.893145	0.256913	0.999988	1.000206	0.999988	1.000208	0.999991	1.000203	0.999988	1.000208	0.999988	1.000207	
1350070198.002896	1.000000	0.000000	0.000000	0.000000	-nan	-nan	-nan	-nan	1.000008	inf	-nan	-nan	-nan	0.000000	-nan	-nan	-nan	-nan	-nan	-nan	1350070198.004416	0.999837	0.000000	0.000000	0.000000	-nan	-nan	-nan	-nan	1.345745	inf	-nan	-nan	-nan	-nan	-nan	-nan	-nan	-nan	-nan	-nan	
