ts_0	elapsed_0	pkg_0	pp0_0	dram_0	freq_ratio_0_0	c0_ratio_0_0	freq_ratio_0_1	c0_ratio_0_1	freq_ratio_0_2	c0_ratio_0_2	freq_ratio_0_3	c0_ratio_0_3	freq_ratio_0_4	c0_ratio_0_4	freq_ratio_0_5	c0_ratio_0_5	freq_ratio_0_6	c0_ratio_0_6	freq_ratio_0_7	c0_ratio_0_7	ts_1	elapsed_1	pkg_1	pp0_1	dram_1	freq_ratio_1_0	c0_ratio_1_0	freq_ratio_1_1	c0_ratio_1_1	freq_ratio_1_2	c0_ratio_1_2	freq_ratio_1_3	c0_ratio_1_3	freq_ratio_1_4	c0_ratio_1_4	freq_ratio_1_5	c0_ratio_1_5	freq_ratio_1_6	c0_ratio_1_6	freq_ratio_1_7	c0_ratio_1_7	
1350070153.003346	1.000109	55.253639	42.099722	6.134891	0.789328	0.996234	0.789328	0.996230	0.789326	0.996228	0.789325	0.996226	0.789324	0.996224	0.789322	0.996225	0.789321	0.996222	0.789320	0.996220	1350070153.003399	1.000115	55.322958	42.086106	2.795318	0.794102	0.996536	0.794100	0.996537	0.794099	0.996531	0.794097	0.996530	0.794095	0.996527	0.794094	0.996526	0.794092	0.996524	0.794090	0.996522	
1350070154.003335	0.999989	50.851113	37.690080	6.115301	0.747336	0.995956	0.747336	0.995954	0.747336	0.995950	0.747336	0.995946	0.747336	0.995943	0.747336	0.995941	0.747336	0.995939	0.747336	0.995937	1350070154.003382	0.999983	50.798818	37.600978	2.701431	0.750597	0.996259	0.750597	0.996256	0.750597	0.996253	0.750596	0.996250	0.750596	0.996248	0.750596	0.996246	0.750595	0.996244	0.750596	0.996242	
1350070155.003335	1.000000	50.847702	37.686096	6.115234	0.746538	0.995826	0.746538	0.995823	0.746538	0.995821	0.746538	0.995819	0.746539	0.995816	0.746539	0.995813	0.746539	0.995810	0.746539	0.995809	1350070155.003383	1.000001	50.850141	37.563639	2.709012	0.750163	0.996100	0.750163	0.996096	0.750163	0.996093	0.750164	0.996092	0.750163	0.996091	0.750163	0.996088	0.750163	0.996086	0.750163	0.996082	
1350070156.003335	1.000000	50.854111	37.691757	6.115234	0.746573	0.995813	0.746573	0.995809	0.746572	0.995807	0.746572	0.995803	0.746572	0.995801	0.746572	0.995799	0.746572	0.995797	0.746571	0.995793	1350070156.003385	1.000002	50.848460	37.590718	2.712428	0.750407	0.996292	0.750407	0.996292	0.750407	0.996289	0.750407	0.996288	0.750407	0.996285	0.750407	0.996282	0.750407	0.996280	0.750407	0.996278	
1350070157.003335	1.000000	50.794647	37.647385	6.096741	0.746282	0.995854	0.746282	0.995853	0.746283	0.995849	0.746283	0.995847	0.746283	0.995844	0.746283	0.995843	0.746283	0.995841	0.746283	0.995839	1350070157.003383	0.999998	50.846029	37.584468	2.712026	0.750543	0.996347	0.750543	0.996344	0.750544	0.996344	0.750544	0.996341	0.750545	0.996340	0.750545	0.996337	0.750545	0.996335	0.750545	0.996333	
1350070158.003335	1.000000	50.851929	37.688980	6.127533	0.746070	0.995833	0.746070	0.995829	0.746070	0.995827	0.746070	0.995824	0.746070	0.995824	0.746069	0.995821	0.746069	0.995818	0.746069	0.995817	1350070158.003385	1.000002	50.849360	37.582967	2.706782	0.750426	0.996364	0.750426	0.996362	0.750425	0.996360	0.750426	0.996357	0.750426	0.996356	0.750425	0.996353	0.750426	0.996352	0.750426	0.996350	
1350070159.003335	1.000000	50.852386	37.690414	6.121399	0.746003	0.995817	0.746003	0.995815	0.746003	0.995811	0.746003	0.995808	0.746003	0.995806	0.746003	0.995805	0.746003	0.995802	0.746003	0.995800	1350070159.003384	0.999999	50.846743	37.577932	2.704180	0.750139	0.996267	0.750139	0.996264	0.750139	0.996262	0.750139	0.996258	0.750139	0.996257	0.750139	0.996255	0.750139	0.996252	0.750139	0.996249	
1350070160.003335	1.000000	50.849030	37.686081	6.102905	0.745891	0.995716	0.745891	0.995712	0.745891	0.995710	0.745891	0.995708	0.745891	0.995705	0.745891	0.995702	0.745891	0.995700	0.745891	0.995698	1350070160.003383	0.999999	50.851596	37.579427	2.717715	0.749581	0.996183	0.749580	0.996182	0.749580	0.996179	0.749580	0.996178	0.749579	0.996177	0.749579	0.996174	0.749579	0.996173	0.749579	0.996169	
1350070161.003335	1.000000	50.848846	37.685242	6.109070	0.746053	0.995780	0.746053	0.995777	0.746054	0.995774	0.746054	0.995771	0.746054	0.995769	0.746054	0.995766	0.746054	0.995766	0.746055	0.995762	1350070161.003383	1.000000	50.847015	37.574921	2.706619	0.749606	0.996212	0.749607	0.996209	0.749607	0.996205	0.749608	0.996203	0.749608	0.996201	0.749608	0.996200	0.749608	0.996199	0.749608	0.996196	
1350070162.003335	1.000000	50.851730	37.687225	6.121399	0.745854	0.995723	0.745854	0.995721	0.745854	0.995719	0.745854	0.995717	0.745853	0.995714	0.745854	0.995712	0.745854	0.995710	0.745853	0.995706	1350070162.003382	0.999999	50.848300	37.572881	2.704058	0.749386	0.996173	0.749387	0.996170	0.749386	0.996167	0.749386	0.996167	0.749386	0.996164	0.749386	0.996163	0.749386	0.996159	0.749386	0.996158	
1350070163.003341	1.000006	50.848543	37.679127	6.089014	0.746074	0.995782	0.746074	0.995779	0.746074	0.995774	0.746074	0.995771	0.746074	0.995769	0.746074	0.995768	0.746074	0.995766	0.746074	0.995764	1350070163.003390	1.000008	50.849029	37.570542	2.700662	0.749241	0.996095	0.749241	0.996092	0.749241	0.996090	0.749240	0.996088	0.749240	0.996085	0.749240	0.996082	0.749240	0.996080	0.749240	0.996079	
1350070164.003335	0.999994	50.852918	37.685741	6.109106	0.745855	0.995696	0.745855	0.995691	0.745855	0.995688	0.745855	0.995686	0.745855	0.995684	0.745854	0.995682	0.745854	0.995680	0.745854	0.995678	1350070164.003384	0.999994	50.797361	37.529475	2.703828	0.748892	0.996090	0.748892	0.996085	0.748892	0.996082	0.748892	0.996081	0.748893	0.996076	0.748893	0.996075	0.748893	0.996071	0.748894	0.996070	
1350070165.003335	1.000000	50.847824	37.680145	6.090576	0.746007	0.995814	0.746007	0.995812	0.746007	0.995809	0.746007	0.995808	0.746007	0.995806	0.746007	0.995803	0.746007	0.995801	0.746007	0.995797	1350070165.003386	1.000002	50.848749	37.566014	2.706599	0.748689	0.995981	0.748689	0.995979	0.748689	0.995976	0.748689	0.995972	0.748689	0.995969	0.748689	0.995968	0.748689	0.995965	0.748689	0.995963	
1350070166.003335	1.000000	50.853806	37.686340	6.115234	0.745551	0.995726	0.745551	0.995724	0.745550	0.995721	0.745551	0.995717	0.745551	0.995715	0.745551	0.995711	0.745551	0.995710	0.745551	0.995707	1350070166.003384	0.999998	50.847555	37.564372	2.698537	0.748661	0.996004	0.748661	0.996001	0.748661	0.995998	0.748661	0.995998	0.748661	0.995994	0.748661	0.995991	0.748661	0.995989	0.748661	0.995986	
1350070167.003335	1.000000	50.849747	37.686066	6.096741	0.745443	0.995718	0.745443	0.995715	0.745443	0.995713	0.745443	0.995711	0.745443	0.995710	0.745443	0.995705	0.745443	0.995703	0.745443	0.995699	1350070167.003391	1.000007	50.849456	37.564727	2.715252	0.748651	0.995957	0.748651	0.995955	0.748651	0.995953	0.748651	0.995951	0.748650	0.995947	0.748651	0.995947	0.748651	0.995944	0.748651	0.995943	
1350070168.003334	0.999999	50.848590	37.683584	6.102911	0.745377	0.995821	0.745377	0.995818	0.745377	0.995815	0.745377	0.995811	0.745377	0.995809	0.745377	0.995807	0.745377	0.995804	0.745377	0.995804	1350070168.003384	0.999993	50.850968	37.566178	2.709522	0.748749	0.996017	0.748749	0.996014	0.748749	0.996020	0.748749	0.996008	0.748749	0.996005	0.748749	0.996001	0.748749	0.996001	0.748749	0.995998	
1350070169.003335	1.000001	50.800229	37.644389	6.109064	0.745398	0.995841	0.745399	0.995839	0.745398	0.995838	0.745398	0.995834	0.745398	0.995832	0.745399	0.995830	0.745398	0.995827	0.745398	0.995825	1350070169.003386	1.000002	50.846598	37.565022	2.706935	0.748834	0.996084	0.748834	0.996081	0.748834	0.996079	0.748833	0.996075	0.748833	0.996072	0.748833	0.996070	0.748832	0.996067	0.748832	0.996067	
1350070170.003335	1.000000	50.851334	37.678726	6.115234	0.745274	0.995785	0.745274	0.995783	0.745274	0.995780	0.745274	0.995779	0.745274	0.995776	0.745274	0.995772	0.745274	0.995770	0.745274	0.995766	1350070170.003384	0.999998	50.853552	37.569255	2.709478	0.748650	0.996030	0.748650	0.996030	0.748650	0.996026	0.748651	0.996026	0.748650	0.996023	0.748650	0.996020	0.748650	0.996018	0.748650	0.996016	
1350070171.003335	1.000000	50.850037	37.677292	6.121399	0.745427	0.995861	0.745427	0.995860	0.745427	0.995858	0.745427	0.995854	0.745427	0.995851	0.745427	0.995850	0.745427	0.995847	0.745427	0.995845	1350070171.003385	1.000001	50.796277	37.522715	2.706632	0.748379	0.995934	0.748379	0.995931	0.748380	0.995930	0.748379	0.995925	0.748379	0.995923	0.748379	0.995922	0.748380	0.995921	0.748379	0.995918	
1350070172.003335	1.000000	50.851669	37.677399	6.115234	0.745055	0.995673	0.745055	0.995670	0.745055	0.995668	0.745055	0.995664	0.745055	0.995663	0.745055	0.995659	0.745055	0.995657	0.745055	0.995655	1350070172.003406	1.000021	50.849092	37.563741	2.703999	0.748636	0.996013	0.748637	0.996009	0.748636	0.996009	0.748637	0.996006	0.748636	0.996005	0.748636	0.996002	0.748636	0.996000	0.748637	0.995998	
1350070173.003335	1.000000	50.847794	37.671661	6.115234	0.745129	0.995764	0.745130	0.995762	0.745130	0.995760	0.745130	0.995756	0.745130	0.995755	0.745130	0.995750	0.745130	0.995748	0.745131	0.995746	1350070173.003382	0.999976	50.849033	37.562336	2.693241	0.748482	0.996001	0.748482	0.995998	0.748482	0.995994	0.748482	0.995993	0.748482	0.995991	0.748482	0.995989	0.748482	0.995987	0.748482	0.995982	
1350070174.003335	1.000000	50.847382	37.673813	6.109070	0.749950	0.996012	0.749951	0.996010	0.749951	0.996007	0.749951	0.996006	0.749951	0.996003	0.749950	0.996002	0.749951	0.995997	0.749950	0.995995	1350070174.003383	1.000001	50.843259	37.555659	2.703992	0.756044	0.996218	0.756045	0.996214	0.756045	0.996212	0.756045	0.996210	0.756045	0.996208	0.756045	0.996206	0.756046	0.996202	0.756046	0.996202	
1350070175.003335	1.000000	50.851196	37.677139	6.102905	0.748483	0.995859	0.748483	0.995856	0.748483	0.995854	0.748483	0.995851	0.748483	0.995849	0.748483	0.995846	0.748483	0.995845	0.748483	0.995842	1350070175.003383	1.000000	50.849380	37.558762	2.709579	0.751161	0.996060	0.751162	0.996059	0.751161	0.996057	0.751161	0.996056	0.751161	0.996055	0.751162	0.996053	0.751161	0.996049	0.751162	0.996046	
1350070176.003335	1.000000	50.851471	37.677063	6.121399	0.744636	0.995735	0.744636	0.995732	0.744636	0.995729	0.744636	0.995728	0.744636	0.995724	0.744636	0.995721	0.744635	0.995719	0.744635	0.995718	1350070176.003384	1.000001	50.849164	37.561259	2.706708	0.747869	0.996058	0.747870	0.996054	0.747870	0.996050	0.747870	0.996049	0.747870	0.996047	0.747869	0.996045	0.747869	0.996043	0.747869	0.996042	
1350070177.003335	1.000000	50.848877	37.674591	6.102814	0.744197	0.995684	0.744197	0.995683	0.744198	0.995680	0.744198	0.995676	0.744198	0.995676	0.744198	0.995673	0.744198	0.995669	0.744198	0.995668	1350070177.003383	0.999999	50.851977	37.565923	2.712329	0.747755	0.995943	0.747754	0.995943	0.747754	0.995940	0.747754	0.995937	0.747754	0.995936	0.747754	0.995934	0.747753	0.995931	0.747753	0.995928	
1350070178.003335	1.000000	50.850677	37.672134	6.109070	0.745093	0.995826	0.745093	0.995823	0.745092	0.995818	0.745092	0.995816	0.745092	0.995813	0.745092	0.995810	0.745092	0.995807	0.745091	0.995806	1350070178.003384	1.000001	50.848600	37.561152	2.698530	0.748079	0.996010	0.748080	0.996009	0.748080	0.996006	0.748080	0.996003	0.748080	0.996002	0.748080	0.995999	0.748081	0.995999	0.748081	0.995997	
1350070179.003335	1.000000	50.854050	37.673630	6.115204	0.745686	0.995813	0.745686	0.995811	0.745686	0.995808	0.745686	0.995807	0.745686	0.995802	0.745686	0.995802	0.745686	0.995798	0.745686	0.995797	1350070179.003385	1.000001	50.850278	37.564494	2.714750	0.748006	0.995996	0.748006	0.995993	0.748006	0.995990	0.748005	0.995991	0.748005	0.995987	0.748005	0.995985	0.748004	0.995983	0.748004	0.995979	
1350070180.003335	1.000000	50.851822	37.676041	6.090576	0.744422	0.995652	0.744422	0.995649	0.744422	0.995648	0.744422	0.995645	0.744422	0.995642	0.744422	0.995639	0.744422	0.995637	0.744422	0.995635	1350070180.003382	0.999997	50.850408	37.563303	2.706811	0.747664	0.995958	0.747664	0.995957	0.747664	0.995955	0.747664	0.995953	0.747664	0.995951	0.747664	0.995947	0.747664	0.995944	0.747664	0.995943	
1350070181.003335	1.000000	50.848129	37.667801	6.090576	0.745136	0.995758	0.745136	0.995756	0.745136	0.995753	0.745136	0.995750	0.745136	0.995748	0.745136	0.995746	0.745137	0.995741	0.745137	0.995739	1350070181.003382	1.000000	50.846405	37.556198	2.709595	0.747192	0.995936	0.747191	0.995933	0.747191	0.995931	0.747191	0.995930	0.747191	0.995929	0.747192	0.995926	0.747192	0.995922	0.747191	0.995919	
1350070182.003334	0.999999	50.800570	37.630178	6.090582	0.745509	0.995720	0.745509	0.995719	0.745509	0.995716	0.745509	0.995712	0.745509	0.995709	0.745509	0.995707	0.745509	0.995705	0.745509	0.995701	1350070182.003382	1.000000	50.797638	37.522995	2.706696	0.746450	0.995737	0.746450	0.995732	0.746450	0.995729	0.746450	0.995727	0.746451	0.995724	0.746451	0.995720	0.746451	0.995721	0.746451	0.995717	
1350070183.003335	1.000001	50.849485	37.667475	6.115229	0.744848	0.995601	0.744848	0.995597	0.744848	0.995595	0.744848	0.995594	0.744848	0.995593	0.744848	0.995588	0.744848	0.995587	0.744848	0.995582	1350070183.003382	1.000000	50.901031	37.603973	2.703888	0.747310	0.995940	0.747310	0.995938	0.747310	0.995937	0.747311	0.995935	0.747310	0.995933	0.747310	0.995930	0.747310	0.995927	0.747310	0.995927	
1350070184.003335	1.000000	50.853973	37.669296	6.102905	0.745597	0.995699	0.745597	0.995697	0.745597	0.995695	0.745597	0.995692	0.745597	0.995689	0.745596	0.995685	0.745596	0.995682	0.745596	0.995678	1350070184.003384	1.000002	50.801615	37.528066	2.709391	0.747625	0.995930	0.747624	0.995929	0.747624	0.995925	0.747623	0.995922	0.747623	0.995919	0.747623	0.995916	0.747623	0.995914	0.747623	0.995912	
1350070185.003335	1.000000	50.848907	37.665085	6.121399	0.745394	0.995867	0.745394	0.995865	0.745394	0.995863	0.745394	0.995862	0.745394	0.995860	0.745394	0.995858	0.745394	0.995855	0.745394	0.995851	1350070185.003391	1.000007	50.845901	37.558441	2.712231	0.746649	0.995829	0.746650	0.995826	0.746650	0.995823	0.746651	0.995820	0.746651	0.995816	0.746651	0.995815	0.746651	0.995811	0.746651	0.995811	
1350070186.003334	0.999999	50.851336	37.666692	6.109076	0.745340	0.995743	0.745340	0.995740	0.745340	0.995738	0.745340	0.995735	0.745340	0.995732	0.745340	0.995730	0.745340	0.995728	0.745340	0.995724	1350070186.003384	0.999993	50.852097	37.562104	2.698673	0.746135	0.995774	0.746135	0.995772	0.746135	0.995770	0.746135	0.995768	0.746134	0.995766	0.746134	0.995764	0.746134	0.995761	0.746133	0.995757	
1350070187.003335	1.000001	50.850598	37.665507	6.084406	0.745283	0.995674	0.745283	0.995670	0.745283	0.995667	0.745283	0.995666	0.745283	0.995664	0.745283	0.995662	0.745283	0.995661	0.745283	0.995658	1350070187.003385	1.000001	50.852323	37.560893	2.706815	0.746131	0.995788	0.746131	0.995786	0.746131	0.995782	0.746131	0.995779	0.746132	0.995777	0.746132	0.995774	0.746131	0.995772	0.746132	0.995771	
1350070188.003335	1.000000	50.849533	37.664886	6.083191	0.744983	0.995661	0.744984	0.995658	0.744984	0.995656	0.744984	0.995652	0.744984	0.995652	0.744984	0.995647	0.744985	0.995646	0.744985	0.995643	1350070188.003385	1.000000	50.846588	37.553925	2.711945	0.746984	0.995874	0.746984	0.995872	0.746985	0.995869	0.746985	0.995867	0.746985	0.995864	0.746985	0.995862	0.746986	0.995859	0.746986	0.995857	
1350070189.003335	1.000000	50.853958	37.669907	6.121399	0.745157	0.995686	0.745157	0.995683	0.745157	0.995680	0.745157	0.995676	0.745157	0.995673	0.745156	0.995672	0.745156	0.995670	0.745156	0.995667	1350070189.003385	1.000000	50.852112	37.561615	2.704239	0.746357	0.995876	0.746357	0.995874	0.746356	0.995871	0.746356	0.995868	0.746356	0.995868	0.746356	0.995864	0.746355	0.995863	0.746355	0.995859	
1350070190.003335	1.000000	50.851318	37.666138	6.096741	0.745222	0.995798	0.745222	0.995798	0.745222	0.995795	0.745222	0.995794	0.745222	0.995790	0.745222	0.995787	0.745222	0.995784	0.745221	0.995783	1350070190.003385	1.000000	50.851685	37.563354	2.706741	0.746878	0.995864	0.746878	0.995863	0.746878	0.995861	0.746878	0.995856	0.746878	0.995852	0.746878	0.995849	0.746879	0.995846	0.746878	0.995845	
1350070191.003335	1.000000	50.849335	37.665466	6.109070	0.745112	0.995638	0.745112	0.995635	0.745112	0.995632	0.745113	0.995627	0.745113	0.995625	0.745113	0.995623	0.745113	0.995620	0.745113	0.995618	1350070191.003383	0.999998	50.847845	37.559947	2.712316	0.746808	0.995812	0.746808	0.995810	0.746808	0.995807	0.746809	0.995803	0.746808	0.995800	0.746809	0.995798	0.746808	0.995795	0.746808	0.995794	
1350070192.003334	0.999999	50.849109	37.660436	6.096747	0.745735	0.995712	0.745736	0.995708	0.745735	0.995706	0.745735	0.995704	0.745735	0.995702	0.745735	0.995699	0.745736	0.995697	0.745735	0.995693	1350070192.003382	0.999999	50.848925	37.561758	2.709399	0.746626	0.995986	0.746626	0.995983	0.746626	0.995981	0.746626	0.995977	0.746626	0.995975	0.746626	0.995972	0.746626	0.995970	0.746626	0.995967	
1350070193.003335	1.000001	50.850568	37.662211	6.127558	0.746034	0.995681	0.746034	0.995679	0.746034	0.995677	0.746034	0.995675	0.746034	0.995673	0.746033	0.995670	0.746033	0.995666	0.746033	0.995663	1350070193.003385	1.000003	50.852900	37.565954	2.703880	0.745988	0.995802	0.745989	0.995799	0.745988	0.995797	0.745989	0.995796	0.745988	0.995792	0.745988	0.995790	0.745988	0.995787	0.745988	0.995784	
1350070194.003334	0.999999	50.850680	37.662008	6.102911	0.745722	0.995809	0.745722	0.995807	0.745722	0.995804	0.745723	0.995804	0.745723	0.995800	0.745723	0.995797	0.745723	0.995795	0.745723	0.995792	1350070194.003381	0.999996	50.849678	37.560287	2.706737	0.745922	0.995769	0.745921	0.995764	0.745922	0.995763	0.745922	0.995760	0.745922	0.995759	0.745922	0.995756	0.745922	0.995754	0.745922	0.995752	
1350070195.003335	1.000001	50.799985	37.626109	6.109064	0.745332	0.995673	0.745332	0.995670	0.745332	0.995665	0.745332	0.995663	0.745332	0.995659	0.745332	0.995659	0.745332	0.995657	0.745332	0.995653	1350070195.003383	1.000002	50.798899	37.523580	2.698512	0.746028	0.995794	0.746029	0.995792	0.746028	0.995789	0.746028	0.995787	0.746028	0.995783	0.746028	0.995780	0.746019	0.995778	0.746028	0.995777	
1350070196.003335	1.000000	50.902985	37.703857	6.102905	0.744983	0.995580	0.744983	0.995576	0.744983	0.995572	0.744983	0.995570	0.744983	0.995567	0.744983	0.995565	0.744983	0.995563	0.744983	0.995561	1350070196.003382	0.999999	50.846392	37.556585	2.703845	0.746486	0.995921	0.746487	0.995917	0.746487	0.995916	0.746487	0.995915	0.746488	0.995912	0.746488	0.995910	0.746497	0.995908	0.746488	0.995905	
1350070197.003348	1.000013	715787441.834307	715785207.762407	715801945.173895	0.999982	1.000167	0.999980	1.000171	0.999990	1.000165	0.999983	1.000174	0.999982	1.000168	0.999984	1.000161	0.999982	1.000166	0.999983	1.000169	1350070197.004889	1.001507	714734615.770010	714706479.191499	714719244.049331	0.999982	1.000169	0.999980	1.000170	3.893540	0.256876	0.999982	1.000164	0.999983	1.000171	0.999984	1.000162	0.999982	1.000170	0.999982	1.000165	
1350070198.003335	0.999987	0.000000	0.000000	0.000000	-nan	-nan	-nan	-nan	0.000000	inf	-nan	-nan	-nan	0.000000	-nan	-nan	-nan	-nan	-nan	-nan	1350070198.003413	0.998524	0.000000	0.000000	0.000000	-nan	-nan	-nan	-nan	0.000000	inf	-nan	-nan	-nan	-nan	-nan	-nan	-nan	-nan	-nan	-nan	
