ts_0	elapsed_0	pkg_0	pp0_0	dram_0	freq_ratio_0_0	c0_ratio_0_0	freq_ratio_0_1	c0_ratio_0_1	freq_ratio_0_2	c0_ratio_0_2	freq_ratio_0_3	c0_ratio_0_3	freq_ratio_0_4	c0_ratio_0_4	freq_ratio_0_5	c0_ratio_0_5	freq_ratio_0_6	c0_ratio_0_6	freq_ratio_0_7	c0_ratio_0_7	ts_1	elapsed_1	pkg_1	pp0_1	dram_1	freq_ratio_1_0	c0_ratio_1_0	freq_ratio_1_1	c0_ratio_1_1	freq_ratio_1_2	c0_ratio_1_2	freq_ratio_1_3	c0_ratio_1_3	freq_ratio_1_4	c0_ratio_1_4	freq_ratio_1_5	c0_ratio_1_5	freq_ratio_1_6	c0_ratio_1_6	freq_ratio_1_7	c0_ratio_1_7	
1350062438.577438	1.000326	48.024875	34.816289	6.105905	1.000000	1.000000	0.999886	0.005444	1.000874	0.003347	1.000000	1.000000	1.000000	1.000000	1.000039	0.003161	1.000000	1.000000	1.000001	0.003110	1350062438.577570	1.000299	48.483445	35.363512	3.116088	1.000000	1.000000	0.999998	0.003202	1.000000	1.000000	0.999943	0.003095	1.000000	1.000000	0.999952	0.002917	1.000000	1.000000	0.999967	0.005213	
1350062439.577429	0.999991	47.500720	34.282919	6.102961	1.000000	1.000000	0.999918	0.000444	1.000001	0.000258	1.000000	1.000000	1.000000	1.000000	0.999369	0.000275	1.000000	1.000000	0.999516	0.000277	1350062439.577558	0.999988	48.346310	35.235558	2.741991	1.000000	1.000000	1.000134	0.000255	1.000000	1.000000	1.000819	0.000264	1.000000	1.000000	1.001180	0.000278	1.000000	1.000000	1.000676	0.000295	
1350062440.577428	0.999999	47.542923	34.319292	6.121405	1.000000	1.000000	1.000045	0.000418	1.000076	0.000285	1.000000	1.000000	1.000000	1.000000	1.000049	0.000214	1.000000	1.000000	0.999978	0.000208	1350062440.577553	0.999995	48.449629	35.315256	2.726988	1.000000	1.000000	0.999426	0.000283	1.000000	0.999994	0.999982	0.000283	1.000000	1.000000	0.999505	0.000262	1.000000	1.000000	1.000354	0.000316	
1350062441.577429	1.000001	47.564545	34.341398	6.127558	1.000000	1.000000	0.999906	0.000448	0.999887	0.000225	1.000000	1.000000	1.000000	1.000000	0.999992	0.000332	1.000000	1.000000	1.000041	0.000310	1350062441.577560	1.000007	48.439439	35.301804	2.756481	1.000000	1.000000	1.000628	0.000234	1.000000	1.000006	0.999992	0.000231	1.000000	1.000000	0.999997	0.000298	1.000000	1.000000	0.999651	0.000440	
1350062442.577429	1.000000	47.576141	34.351593	6.096741	1.000000	1.000000	1.000048	0.000417	1.000050	0.000337	1.000000	1.000000	1.000000	1.000000	0.999939	0.000217	1.000000	1.000000	0.999920	0.000225	1350062442.577553	0.999993	48.477294	35.337860	2.777149	1.000000	1.000000	0.999964	0.003126	1.000000	1.000000	0.999983	0.000299	1.000000	1.000000	0.999978	0.000241	1.000000	1.000000	1.000139	0.000303	
1350062443.577429	1.000000	47.636368	34.412094	6.108963	1.000000	1.000000	0.999941	0.002949	0.999949	0.001157	1.000000	1.000000	1.000000	1.000000	1.000079	0.000283	1.000000	1.000000	0.999985	0.000236	1350062443.577562	1.000009	48.440754	35.301331	3.003650	1.000000	1.000000	0.999980	0.001956	1.000000	1.000000	0.999993	0.000295	1.000000	1.000000	0.999986	0.000293	1.000000	1.000000	0.999939	0.001340	
1350062444.577428	0.999999	47.894607	34.667788	6.121405	1.000000	1.000000	1.000073	0.000390	0.999973	0.007567	1.000000	1.000000	1.000000	1.000000	0.999694	0.000196	1.000000	1.000000	0.999978	0.000226	1350062444.577558	0.999996	48.388349	35.248770	4.221254	1.000000	1.000000	0.999977	0.000296	1.000000	1.000000	0.999987	0.000290	1.000000	1.000000	0.999982	0.000193	1.000000	1.000000	1.000028	0.000349	
1350062445.577428	1.000000	48.195358	34.965271	6.115234	1.000000	1.000000	0.999931	0.000422	0.999964	0.009809	1.000000	1.000000	1.000000	1.000000	1.000148	0.000339	1.000000	1.000000	1.000053	0.000318	1350062445.577564	1.000006	48.362047	35.222599	4.980805	1.000000	1.000000	1.000046	0.000303	1.000000	1.000000	0.999964	0.000246	1.000000	1.000000	0.999586	0.000274	1.000000	1.000000	0.999458	0.000431	
1350062446.577428	1.000000	48.109299	34.891983	6.121399	1.000000	1.000000	1.000000	0.001455	0.999968	0.007624	1.000000	1.000000	1.000000	1.000000	0.999968	0.001209	1.000000	1.000000	0.999857	0.000216	1350062446.577556	0.999992	48.262812	35.135676	4.979121	1.000000	1.000000	0.999950	0.000303	1.000000	1.000000	0.999997	0.000278	1.000000	1.000000	1.000494	0.000211	1.000000	1.000000	1.000714	0.000312	
1350062447.577429	1.000001	47.767060	34.536436	6.102899	1.000000	1.000000	0.999864	0.000457	0.999915	0.000224	1.000000	1.000000	1.000000	1.000000	1.000020	0.003432	1.000000	1.000000	1.000126	0.000260	1350062447.577578	1.000022	48.260309	35.119911	3.504608	1.000000	1.000000	0.999180	0.000256	1.000000	1.000000	0.998972	0.000220	1.000000	1.000000	0.999993	0.000278	1.000000	1.000000	1.000054	0.000327	
1350062448.577428	0.999999	47.584838	34.354708	6.133734	1.000000	1.000000	1.000044	0.000723	1.000015	0.000283	1.000000	1.000000	1.000000	1.000000	0.999998	0.000217	1.000000	1.000000	0.999840	0.000222	1350062448.577562	0.999984	48.222816	35.081829	2.711942	1.000000	1.000000	1.000740	0.000286	1.000000	1.000000	1.000714	0.000305	1.000000	1.000000	1.000035	0.000211	1.000000	1.000000	0.999994	0.000359	
1350062449.577428	1.000000	47.659424	34.431290	6.109070	1.000000	1.000000	0.999953	0.000420	0.999921	0.000223	1.000000	1.000000	1.000000	1.000000	1.000088	0.001727	1.000000	1.000000	1.000432	0.000285	1350062449.577557	0.999995	48.227582	35.087197	3.065003	1.000000	1.000000	0.999922	0.000237	1.000000	1.000000	0.998987	0.000220	1.000000	1.000000	0.999190	0.000277	1.000000	1.000000	0.999919	0.000360	
1350062450.577428	1.000000	47.695374	34.467804	6.127563	1.000000	1.000000	1.000025	0.000454	1.000018	0.000284	1.000000	1.000000	1.000000	1.000000	1.000019	0.002348	1.000000	1.000000	1.000072	0.000208	1350062450.577555	0.999998	48.180313	35.038351	3.286276	1.000000	1.000000	1.000411	0.000276	1.000000	1.000000	1.000790	0.000279	1.000000	1.000000	1.000904	0.000237	1.000000	1.000000	1.000056	0.000316	
1350062451.577429	1.000001	47.628296	34.402128	6.127558	1.000000	1.000000	1.000273	0.000455	0.999949	0.000248	1.000000	1.000000	1.000000	1.000000	0.999902	0.001727	1.000000	1.000000	0.999484	0.000268	1350062451.577560	1.000005	48.186999	35.045219	3.065155	1.000000	1.000000	0.999492	0.000267	1.000000	1.000000	0.999963	0.000241	1.000000	1.000000	1.000316	0.000275	1.000000	1.000000	0.999428	0.000310	
1350062452.577428	0.999999	47.532150	34.303957	6.109076	1.000000	1.000000	1.000000	0.000416	1.000016	0.000272	1.000000	1.000000	1.000000	1.000000	0.999844	0.000280	1.000000	1.000000	1.000043	0.000231	1350062452.577559	0.999999	48.210266	35.068820	2.757785	1.000000	1.000000	1.000078	0.000272	1.000000	1.000000	1.000005	0.000297	1.000000	1.000000	0.999682	0.000318	1.000000	1.000000	1.000318	0.000354	
1350062453.577429	1.000001	47.556992	34.332121	6.127558	1.000000	1.000000	0.999936	0.002719	0.999924	0.000212	1.000000	1.000000	1.000000	1.000000	1.000188	0.000295	1.000000	1.000000	0.999857	0.000260	1350062453.577561	1.000002	48.234771	35.093286	2.708964	1.000000	1.000000	0.999916	0.000251	1.000000	1.000000	0.999981	0.000207	1.000000	1.000000	0.999983	0.000347	1.000000	1.000000	0.999536	0.000383	
1350062454.577429	1.000000	47.536774	34.313522	6.121399	1.000000	1.000000	0.999992	0.000524	1.000008	0.000305	1.000000	1.000000	1.000000	1.000000	0.999959	0.000207	1.000000	1.000000	0.999969	0.000238	1350062454.577567	1.000006	48.196582	35.056172	2.714812	1.000000	1.000000	1.000021	0.000251	1.000000	1.000000	0.999989	0.000289	1.000000	1.000000	0.999991	0.000225	1.000000	1.000000	1.000674	0.000314	
1350062455.577429	1.000000	47.562653	34.338913	6.109070	1.000000	1.000000	1.000004	0.000469	0.999982	0.000231	1.000000	1.000000	1.000000	1.000000	0.999920	0.000275	1.000000	1.000000	0.999983	0.000251	1350062455.577560	0.999993	48.250334	35.108626	2.701114	1.000000	1.000000	0.999909	0.000278	1.000000	1.000000	1.000000	0.000219	1.000000	1.000000	0.999649	0.000315	1.000000	1.000000	0.999257	0.000306	
1350062456.577428	0.999999	47.567123	34.343356	6.115240	1.000000	1.000000	1.000007	0.000413	1.000017	0.000253	1.000000	1.000000	1.000000	1.000000	1.000093	0.000216	1.000000	1.000000	0.999989	0.000211	1350062456.577558	0.999998	48.160294	35.029806	2.712240	1.000000	1.000000	1.000063	0.000286	1.000000	1.000000	0.999970	0.000267	1.000000	1.000000	1.000443	0.000221	1.000000	1.000000	1.000748	0.000290	
1350062457.577428	1.000000	47.498932	34.287903	6.121399	1.000000	1.000000	0.999957	0.000451	1.000040	0.000224	1.000000	1.000000	1.000000	1.000000	1.000001	0.000261	1.000000	1.000000	0.999983	0.000256	1350062457.577594	1.000036	48.192647	35.048207	2.712045	1.000000	1.000000	1.000045	0.000238	1.000000	1.000000	0.999976	0.000222	1.000000	1.000000	0.999989	0.000252	1.000000	1.000000	0.999956	0.000307	
1350062458.577429	1.000001	47.571808	34.348997	6.115229	1.000000	1.000000	1.000838	0.000836	0.999942	0.000265	1.000000	1.000000	1.000000	1.000000	0.999887	0.000219	1.000000	1.000000	0.999967	0.000213	1350062458.577562	0.999968	48.311434	35.169169	2.952426	1.000000	0.999995	0.999964	0.002023	1.000000	1.000000	0.999981	0.000268	1.000000	1.000000	0.999984	0.000217	1.000000	1.000000	0.999990	0.000334	
1350062459.577428	0.999999	47.564514	34.341692	6.127569	1.000000	1.000000	0.998461	0.000464	1.000014	0.000226	1.000000	1.000000	1.000000	1.000000	1.000041	0.000284	1.000000	1.000000	1.000110	0.000270	1350062459.577560	0.999998	48.331635	35.188803	3.096945	1.000000	1.000005	0.999973	0.002614	1.000000	1.000000	0.999975	0.000227	1.000000	1.000000	0.999673	0.000274	1.000000	1.000000	0.999233	0.000292	
1350062460.577428	1.000000	47.541580	34.318176	6.115234	1.000000	1.000000	1.000311	0.000464	0.999894	0.000279	1.000000	1.000000	1.000000	1.000000	1.000011	0.000216	1.000000	1.000000	0.999824	0.000210	1350062460.577559	0.999999	48.183884	35.038974	2.714907	1.000000	1.000000	0.999200	0.000299	1.000000	1.000000	0.999985	0.000262	1.000000	1.000000	1.000410	0.000212	1.000000	1.000000	1.000767	0.000286	
1350062461.577429	1.000001	47.568482	34.344221	6.121393	1.000000	1.000000	0.999955	0.000452	0.999962	0.000222	1.000000	1.000000	1.000000	1.000000	1.000546	0.000257	1.000000	1.000000	1.000491	0.000254	1350062461.577560	1.000001	48.198074	35.054364	2.714246	1.000000	1.000000	1.000980	0.000243	1.000000	1.000000	0.999978	0.000242	1.000000	1.000000	0.999272	0.000274	1.000000	1.000000	0.999229	0.000309	
1350062462.577428	0.999999	47.585388	34.362734	6.121405	1.000000	1.000000	0.999837	0.000621	1.000100	0.000277	1.000000	1.000000	1.000000	1.000000	0.999846	0.000216	1.000000	1.000000	0.999953	0.000228	1350062462.577561	1.000001	48.302108	35.159207	2.961621	0.999994	1.000000	1.000243	0.002018	1.000000	1.000000	0.999984	0.000286	1.000000	1.000000	1.000884	0.000210	1.000000	1.000000	1.000193	0.000310	
1350062463.577429	1.000001	47.893784	34.670728	6.126596	1.000000	1.000000	0.999988	0.006143	0.999983	0.002872	1.000000	1.000000	1.000000	1.000000	0.999962	0.002983	1.000000	1.000000	0.999954	0.002837	1350062463.577561	1.000000	48.512985	35.371536	2.859650	1.000006	1.000000	0.999849	0.003754	1.000000	1.000000	0.999958	0.002798	1.000000	1.000000	1.000013	0.002839	1.000000	1.000000	1.000037	0.003904	
1350062464.577428	0.999999	47.570770	34.347811	6.102911	1.000000	1.000000	1.000026	0.000448	1.000015	0.001143	1.000000	1.000000	1.000000	1.000000	0.999893	0.000197	1.000000	1.000000	1.000067	0.000231	1350062464.577560	0.999999	48.249298	35.109256	2.711642	1.000000	0.999995	0.999847	0.000285	1.000000	1.000000	1.000286	0.000372	1.000000	1.000000	0.999811	0.000222	1.000000	1.000000	1.000336	0.000338	
1350062465.577429	1.000001	47.571320	34.348768	6.109064	1.000000	1.000000	0.999963	0.000432	0.999901	0.000223	1.000000	1.000000	1.000000	1.000000	1.000040	0.000301	1.000000	1.000000	0.999918	0.000250	1350062465.577562	1.000002	48.217834	35.075830	2.706782	1.000000	1.000005	0.999982	0.000258	1.000000	1.000000	0.999982	0.000230	1.000000	1.000000	0.999255	0.000282	1.000000	1.000000	0.998920	0.000329	
1350062466.577428	0.999999	47.562179	34.339663	6.115240	1.000000	1.000000	1.000004	0.000414	1.000049	0.000261	1.000000	1.000000	1.000000	1.000000	0.999761	0.000216	1.000000	1.000000	0.999976	0.000211	1350062466.577556	0.999994	48.208936	35.066371	2.712190	1.000000	1.000000	1.000041	0.000280	1.000000	1.000000	0.999967	0.000304	1.000000	1.000000	1.000964	0.000210	1.000000	1.000000	1.000868	0.000285	
1350062467.577428	1.000000	47.563324	34.339691	6.109070	1.000000	1.000000	0.999971	0.000483	0.999892	0.000222	1.000000	1.000000	1.000000	1.000000	1.000199	0.000257	1.000000	1.000000	0.999989	0.000250	1350062467.577561	1.000005	48.160907	35.029747	2.709139	1.000000	1.000000	0.999950	0.000240	1.000000	1.000000	1.000010	0.000232	1.000000	1.000000	0.999934	0.000261	1.000000	1.000000	0.999619	0.000313	
1350062468.577428	1.000000	47.510925	34.302994	6.115234	1.000000	1.000000	1.000920	0.000789	1.000002	0.000317	1.000000	1.000000	1.000000	1.000000	0.999914	0.000228	1.000000	1.000000	0.999974	0.000211	1350062468.577553	0.999992	48.206125	35.061976	2.714652	1.000000	1.000000	0.999996	0.000291	1.000000	1.000000	0.999973	0.000315	1.000000	1.000000	1.000043	0.000209	1.000000	1.000000	1.000325	0.000347	
1350062469.577428	1.000000	47.574081	34.352020	6.115234	1.000000	1.000000	0.999207	0.000912	0.999960	0.000260	1.000000	1.000000	1.000000	1.000000	1.000059	0.000270	1.000000	1.000000	0.999991	0.000262	1350062469.577557	1.000004	48.212283	35.068294	2.709294	1.000000	1.000000	0.999973	0.000228	1.000000	1.000000	0.999980	0.000235	1.000000	1.000000	0.999988	0.000264	1.000000	1.000000	0.999985	0.000310	
1350062470.577429	1.000001	715769422.546159	715819248.610137	715779920.890975	0.999990	1.000216	0.999988	1.000220	0.999998	1.000217	0.999990	1.000217	0.999990	1.000219	0.999993	1.000214	0.999990	1.000220	0.999990	1.000217	1350062470.577535	0.999978	715823789.095670	715814585.057938	715820354.671247	0.999990	1.000217	0.999988	1.000219	3.893015	0.256925	0.999990	1.000218	0.999990	1.000219	0.999993	1.000215	0.999990	1.000219	0.999990	1.000217	
1350062471.577429	1.000000	0.000000	0.000000	0.000000	-nan	-nan	-nan	-nan	8.000000	inf	-nan	-nan	-nan	0.000000	-nan	-nan	-nan	-nan	-nan	-nan	1350062471.577498	0.999963	0.000000	0.000000	0.000000	-nan	-nan	-nan	-nan	0.000000	inf	-nan	-nan	-nan	-nan	-nan	-nan	-nan	-nan	-nan	-nan	
