ts_0	elapsed_0	pkg_0	pp0_0	dram_0	freq_ratio_0_0	c0_ratio_0_0	freq_ratio_0_1	c0_ratio_0_1	freq_ratio_0_2	c0_ratio_0_2	freq_ratio_0_3	c0_ratio_0_3	freq_ratio_0_4	c0_ratio_0_4	freq_ratio_0_5	c0_ratio_0_5	freq_ratio_0_6	c0_ratio_0_6	freq_ratio_0_7	c0_ratio_0_7	ts_1	elapsed_1	pkg_1	pp0_1	dram_1	freq_ratio_1_0	c0_ratio_1_0	freq_ratio_1_1	c0_ratio_1_1	freq_ratio_1_2	c0_ratio_1_2	freq_ratio_1_3	c0_ratio_1_3	freq_ratio_1_4	c0_ratio_1_4	freq_ratio_1_5	c0_ratio_1_5	freq_ratio_1_6	c0_ratio_1_6	freq_ratio_1_7	c0_ratio_1_7	
1350071845.172769	1.000111	67.799215	54.537764	4.391404	0.960696	0.996729	0.960696	0.996726	0.960695	0.996724	0.960695	0.996722	0.960694	0.996721	0.960693	0.996719	0.960693	0.996717	0.960692	0.996716	1350071845.172817	1.000116	67.726054	54.551939	2.704550	0.955411	0.997710	0.955409	0.997707	0.955408	0.997709	0.955407	0.997707	0.955405	0.997706	0.955404	0.997706	0.955402	0.997763	0.955401	0.997702	
1350071846.172771	1.000002	64.694090	51.423227	4.299568	0.931670	0.996168	0.931670	0.996165	0.931671	0.996161	0.931670	0.996159	0.931671	0.996157	0.931671	0.996152	0.931671	0.996152	0.931671	0.996150	1350071846.172809	0.999992	64.700857	51.509451	1.675856	0.924487	0.998533	0.924486	0.998530	0.924486	0.998530	0.924486	0.998528	0.924486	0.998527	0.924487	0.998526	0.924487	0.998527	0.924487	0.998526	
1350071847.172759	0.999988	64.696618	51.419451	4.356863	0.931073	0.996238	0.931073	0.996235	0.931072	0.996232	0.931072	0.996230	0.931072	0.996226	0.931072	0.996223	0.931072	0.996221	0.931072	0.996219	1350071847.172798	0.999989	64.701927	51.503998	1.620974	0.924095	0.998949	0.924096	0.998949	0.924095	0.998948	0.924096	0.998947	0.924096	0.998947	0.924095	0.998946	0.924095	0.998946	0.924095	0.998945	
1350071848.172759	1.000000	64.697968	51.417831	4.039017	0.930682	0.996328	0.930682	0.996325	0.930682	0.996322	0.930682	0.996319	0.930682	0.996315	0.930682	0.996312	0.930682	0.996309	0.930682	0.996308	1350071848.172799	1.000001	64.633834	51.443585	1.622603	0.923570	0.999362	0.923570	0.999361	0.923570	0.999360	0.923569	0.999359	0.923570	0.999359	0.923569	0.999359	0.923569	0.999359	0.923569	0.999358	
1350071849.172765	1.000006	64.693538	51.412169	4.239950	0.930626	0.996344	0.930625	0.996341	0.930625	0.996339	0.930625	0.996336	0.930625	0.996333	0.930625	0.996331	0.930625	0.996330	0.930625	0.996328	1350071849.172804	1.000005	64.702389	51.493761	1.591209	0.923478	0.999477	0.923478	0.999476	0.923478	0.999476	0.923479	0.999475	0.923478	0.999474	0.923479	0.999474	0.923478	0.999474	0.923479	0.999475	
1350071850.172759	0.999994	64.698536	51.413637	4.229945	0.931670	0.996176	0.931669	0.996173	0.931670	0.996171	0.931669	0.996170	0.931669	0.996167	0.931669	0.996166	0.931669	0.996162	0.931669	0.996161	1350071850.172798	0.999994	64.702137	51.487779	1.595972	0.923298	0.999660	0.923297	0.999660	0.923298	0.999660	0.923297	0.999660	0.923298	0.999660	0.923297	0.999659	0.923298	0.999659	0.923297	0.999659	
1350071851.172759	1.000000	64.696320	51.411209	4.204437	0.931839	0.996291	0.931839	0.996288	0.931839	0.996285	0.931839	0.996283	0.931839	0.996280	0.931839	0.996278	0.931839	0.996276	0.931839	0.996274	1350071851.172798	1.000000	64.700287	51.484222	1.571243	0.922840	0.999545	0.922840	0.999545	0.922840	0.999546	0.922840	0.999545	0.922840	0.999545	0.922840	0.999545	0.922840	0.999545	0.922840	0.999544	
1350071852.172759	1.000000	64.693192	51.403198	4.195602	0.931616	0.996292	0.931616	0.996289	0.931616	0.996289	0.931616	0.996285	0.931616	0.996284	0.931616	0.996282	0.931616	0.996280	0.931616	0.996278	1350071852.172799	1.000001	64.701522	51.480496	1.616972	0.922857	0.999789	0.922857	0.999789	0.922857	0.999789	0.922857	0.999789	0.922857	0.999789	0.922857	0.999789	0.922857	0.999789	0.922857	0.999788	
1350071853.172759	1.000000	64.634232	51.357285	4.201767	0.931078	0.996224	0.931078	0.996221	0.931078	0.996216	0.931078	0.996215	0.931078	0.996213	0.931078	0.996211	0.931078	0.996210	0.931078	0.996206	1350071853.172798	0.999999	64.705918	51.481281	1.588701	0.921780	0.999229	0.921781	0.999229	0.921780	0.999228	0.921780	0.999229	0.921781	0.999228	0.921781	0.999228	0.921780	0.999227	0.921780	0.999225	
1350071854.172759	1.000000	64.695557	51.402405	4.206894	0.930611	0.996344	0.930611	0.996341	0.930611	0.996338	0.930611	0.996335	0.930611	0.996334	0.930611	0.996332	0.930611	0.996330	0.930611	0.996328	1350071854.172799	1.000001	64.707214	51.483548	1.615355	0.921384	0.999022	0.921383	0.999022	0.921384	0.999021	0.921384	0.999019	0.921383	0.999019	0.921383	0.999018	0.921384	0.999018	0.921383	0.999017	
1350071855.172759	1.000000	64.694046	51.400223	4.174896	0.930497	0.996230	0.930497	0.996228	0.930496	0.996224	0.930496	0.996223	0.930496	0.996220	0.930496	0.996217	0.930496	0.996217	0.930496	0.996214	1350071855.172797	0.999998	64.705125	51.481147	1.582874	0.920847	0.998650	0.920847	0.998648	0.920847	0.998647	0.920847	0.998646	0.920847	0.998646	0.920847	0.998646	0.920847	0.998645	0.920847	0.998645	
1350071856.172759	1.000000	64.697784	51.403442	4.211243	0.930742	0.996275	0.930742	0.996272	0.930742	0.996269	0.930742	0.996265	0.930741	0.996262	0.930741	0.996259	0.930742	0.996259	0.930741	0.996258	1350071856.172798	1.000001	64.705856	51.479626	1.585616	0.920844	0.998517	0.920843	0.998516	0.920844	0.998515	0.920843	0.998515	0.920844	0.998514	0.920844	0.998513	0.920844	0.998512	0.920843	0.998513	
1350071857.172759	1.000000	64.696686	51.401474	4.166565	0.930325	0.996364	0.930325	0.996361	0.930325	0.996359	0.930324	0.996355	0.930325	0.996353	0.930325	0.996350	0.930325	0.996350	0.930325	0.996348	1350071857.172797	0.999999	64.704652	51.472232	1.585710	0.920261	0.998356	0.920261	0.998354	0.920261	0.998353	0.920261	0.998352	0.920261	0.998350	0.920260	0.998350	0.920261	0.998349	0.920261	0.998348	
1350071858.172759	1.000000	64.693176	51.396652	4.211685	0.929758	0.996262	0.929758	0.996262	0.929758	0.996258	0.929758	0.996259	0.929758	0.996256	0.929758	0.996252	0.929758	0.996250	0.929758	0.996246	1350071858.172798	1.000001	64.705001	51.470929	1.592039	0.920162	0.998368	0.920162	0.998366	0.920162	0.998365	0.920163	0.998364	0.920162	0.998364	0.920162	0.998363	0.920162	0.998362	0.920162	0.998362	
1350071859.172759	1.000000	64.697784	51.399017	4.292786	0.929797	0.996273	0.929797	0.996271	0.929797	0.996269	0.929797	0.996267	0.929797	0.996265	0.929796	0.996263	0.929796	0.996260	0.929796	0.996256	1350071859.172798	1.000000	64.706848	51.471008	1.578247	0.919613	0.997994	0.919613	0.997992	0.919613	0.997990	0.919613	0.997990	0.919613	0.997989	0.919613	0.997991	0.919613	0.997988	0.919613	0.997986	
1350071860.172759	1.000000	64.695526	51.394394	4.250473	0.929635	0.996294	0.929635	0.996292	0.929635	0.996289	0.929635	0.996288	0.929635	0.996285	0.929635	0.996284	0.929635	0.996280	0.929635	0.996279	1350071860.172799	1.000001	64.640945	51.415585	1.595320	0.918715	0.997489	0.918715	0.997487	0.918714	0.997486	0.918714	0.997486	0.918714	0.997486	0.918713	0.997485	0.918714	0.997482	0.918712	0.997480	
1350071861.172759	1.000000	64.697556	51.394470	4.308487	0.929673	0.996297	0.929673	0.996296	0.929673	0.996295	0.929673	0.996292	0.929673	0.996291	0.929672	0.996287	0.929673	0.996284	0.929673	0.996283	1350071861.172797	0.999998	64.704271	51.463279	1.581454	0.919035	0.997537	0.919036	0.997536	0.919036	0.997535	0.919036	0.997534	0.919036	0.997532	0.919037	0.997530	0.919037	0.997528	0.919037	0.997527	
1350071862.172767	1.000008	64.683039	51.375453	4.154751	0.941639	0.997059	0.941639	0.997059	0.941640	0.997058	0.941640	0.997069	0.941640	0.997056	0.941640	0.997053	0.941640	0.997051	0.941640	0.997049	1350071862.172817	1.000020	64.689546	51.448921	1.618498	0.931208	0.997172	0.931208	0.997169	0.931208	0.997169	0.931209	0.997165	0.931209	0.997158	0.931209	0.997156	0.931209	0.997153	0.931209	0.997152	
1350071863.172759	0.999992	64.695547	51.384587	4.080676	0.951267	0.998117	0.951267	0.998115	0.951267	0.998115	0.951266	0.998114	0.951266	0.998113	0.951266	0.998112	0.951266	0.998110	0.951266	0.998110	1350071863.172798	0.999981	64.698027	51.447011	1.638337	0.941081	0.997747	0.941081	0.997745	0.941080	0.997744	0.941080	0.997744	0.941080	0.997742	0.941080	0.997742	0.941079	0.997741	0.941080	0.997740	
1350071864.172759	1.000000	64.693527	51.386261	4.294617	0.929374	0.996342	0.929374	0.996339	0.929374	0.996336	0.929374	0.996336	0.929374	0.996334	0.929374	0.996333	0.929374	0.996331	0.929374	0.996328	1350071864.172823	1.000025	64.698255	51.444025	1.601202	0.923154	0.998961	0.923155	0.998961	0.923155	0.998960	0.923155	0.998959	0.923155	0.998958	0.923155	0.998957	0.923156	0.998957	0.923156	0.998956	
1350071865.172759	1.000000	64.698868	51.390060	4.283630	0.929429	0.996382	0.929429	0.996380	0.929429	0.996379	0.929429	0.996376	0.929429	0.996373	0.929429	0.996370	0.929429	0.996368	0.929429	0.996366	1350071865.172798	0.999975	64.705279	51.453025	1.586221	0.923351	0.998765	0.923351	0.998765	0.923351	0.998766	0.923350	0.998764	0.923350	0.998762	0.923350	0.998762	0.923349	0.998760	0.923349	0.998760	
1350071866.172759	1.000000	64.692825	51.383087	4.260773	0.929208	0.996192	0.929208	0.996191	0.929208	0.996188	0.929208	0.996187	0.929208	0.996184	0.929208	0.996182	0.929209	0.996179	0.929209	0.996176	1350071866.172797	0.999999	64.702439	51.449008	1.601320	0.923686	0.999033	0.923686	0.999032	0.923686	0.999031	0.923686	0.999030	0.923687	0.999029	0.923686	0.999029	0.923686	0.999029	0.923686	0.999028	
1350071867.172759	1.000000	64.696014	51.382858	4.275299	0.929074	0.996204	0.929074	0.996201	0.929073	0.996200	0.929073	0.996199	0.929073	0.996196	0.929073	0.996193	0.929073	0.996190	0.929073	0.996187	1350071867.172797	1.000000	64.698563	51.445496	1.579727	0.923273	0.999124	0.923274	0.999124	0.923274	0.999124	0.923274	0.999123	0.923274	0.999122	0.923274	0.999122	0.923274	0.999122	0.923274	0.999122	
1350071868.172759	1.000000	64.699448	51.386765	4.432724	0.929113	0.996269	0.929114	0.996268	0.929113	0.996266	0.929113	0.996266	0.929113	0.996264	0.929113	0.996260	0.929113	0.996258	0.929113	0.996255	1350071868.172799	1.000002	64.703765	51.450982	1.582913	0.923015	0.999231	0.923014	0.999231	0.923014	0.999230	0.923014	0.999230	0.923014	0.999230	0.923014	0.999229	0.923014	0.999229	0.923014	0.999228	
1350071869.172759	1.000000	64.627502	51.326813	4.251892	0.929115	0.996430	0.929115	0.996428	0.929115	0.996425	0.929115	0.996423	0.929115	0.996420	0.929115	0.996418	0.929115	0.996416	0.929116	0.996415	1350071869.172796	0.999997	64.702700	51.448402	1.584462	0.922548	0.999081	0.922548	0.999080	0.922548	0.999080	0.922548	0.999079	0.922547	0.999078	0.922548	0.999078	0.922548	0.999077	0.922547	0.999076	
1350071870.172760	1.000001	64.698760	51.382275	4.343990	0.928802	0.996356	0.928802	0.996354	0.928802	0.996350	0.928801	0.996349	0.928801	0.996347	0.928801	0.996343	0.928801	0.996342	0.928800	0.996340	1350071870.172801	1.000005	64.701413	51.448854	1.589027	0.921921	0.998739	0.921922	0.998738	0.921921	0.998737	0.921921	0.998736	0.921922	0.998735	0.921921	0.998734	0.921921	0.998733	0.921922	0.998734	
1350071871.172759	0.999999	64.700196	51.380435	4.262913	0.928835	0.996427	0.928835	0.996424	0.928835	0.996423	0.928835	0.996420	0.928835	0.996417	0.928835	0.996414	0.928835	0.996413	0.928835	0.996411	1350071871.172798	0.999997	64.701464	51.453254	1.584081	0.922956	0.998743	0.922955	0.998742	0.922956	0.998741	0.922956	0.998742	0.922956	0.998741	0.922955	0.998740	0.922956	0.998739	0.922955	0.998738	
1350071872.172759	1.000000	64.692673	51.373001	4.259491	0.928679	0.996357	0.928679	0.996355	0.928679	0.996352	0.928679	0.996351	0.928679	0.996346	0.928678	0.996344	0.928678	0.996344	0.928679	0.996341	1350071872.172799	1.000001	64.699905	51.453442	1.578230	0.923336	0.998726	0.923337	0.998726	0.923336	0.998725	0.923336	0.998724	0.923336	0.998723	0.923337	0.998723	0.923336	0.998723	0.923336	0.998722	
1350071873.172759	1.000000	64.696075	51.375351	4.292099	0.928397	0.996321	0.928397	0.996319	0.928397	0.996316	0.928397	0.996315	0.928397	0.996314	0.928397	0.996312	0.928397	0.996309	0.928397	0.996307	1350071873.172797	0.999998	64.704912	51.451316	1.582965	0.922263	0.998784	0.922263	0.998784	0.922263	0.998783	0.922263	0.998783	0.922263	0.998783	0.922263	0.998781	0.922263	0.998781	0.922263	0.998780	
1350071874.172759	1.000000	64.696655	51.375046	4.364777	0.928565	0.996241	0.928565	0.996238	0.928565	0.996235	0.928565	0.996233	0.928565	0.996230	0.928566	0.996227	0.928566	0.996226	0.928566	0.996224	1350071874.172797	1.000000	64.634979	51.398300	1.582932	0.922535	0.998902	0.922535	0.998901	0.922535	0.998900	0.922535	0.998899	0.922535	0.998899	0.922535	0.998898	0.922536	0.998898	0.922535	0.998897	
1350071875.172759	1.000000	64.697189	51.373367	4.322052	0.928429	0.996261	0.928429	0.996261	0.928429	0.996258	0.928429	0.996255	0.928429	0.996250	0.928429	0.996247	0.928428	0.996244	0.928428	0.996243	1350071875.172797	1.000000	64.702850	51.452728	1.576706	0.920788	0.998341	0.920788	0.998340	0.920789	0.998340	0.920788	0.998339	0.920788	0.998337	0.920788	0.998336	0.920788	0.998335	0.920788	0.998334	
1350071876.172759	1.000000	64.695862	51.372894	4.355774	0.928161	0.996281	0.928161	0.996279	0.928161	0.996276	0.928161	0.996274	0.928161	0.996272	0.928161	0.996271	0.928161	0.996268	0.928161	0.996267	1350071876.172798	1.000001	64.701080	51.452176	1.583357	0.922371	0.998866	0.922371	0.998866	0.922371	0.998866	0.922371	0.998864	0.922371	0.998864	0.922371	0.998863	0.922371	0.998862	0.922370	0.998862	
1350071877.172759	1.000000	64.695847	51.377563	4.435944	0.928029	0.996249	0.928029	0.996247	0.928029	0.996245	0.928029	0.996243	0.928029	0.996240	0.928028	0.996237	0.928028	0.996236	0.928028	0.996233	1350071877.172797	0.999999	64.705003	51.454151	1.586183	0.921650	0.998615	0.921650	0.998613	0.921650	0.998612	0.921650	0.998612	0.921650	0.998611	0.921650	0.998610	0.921650	0.998610	0.921651	0.998609	
1350071878.172759	1.000000	64.696686	51.378510	4.397690	0.927803	0.996134	0.927803	0.996131	0.927802	0.996127	0.927802	0.996126	0.927802	0.996121	0.927802	0.996119	0.927802	0.996119	0.927802	0.996118	1350071878.172798	1.000001	64.702514	51.455853	1.591826	0.922197	0.998858	0.922198	0.998858	0.922197	0.998857	0.922197	0.998857	0.922197	0.998856	0.922198	0.998856	0.922197	0.998855	0.922197	0.998854	
1350071879.172759	1.000000	64.697189	51.379745	4.402512	0.928180	0.996306	0.928180	0.996305	0.928180	0.996305	0.928179	0.996304	0.928180	0.996302	0.928180	0.996299	0.928179	0.996296	0.928180	0.996293	1350071879.172797	0.999999	64.699265	51.461673	1.582811	0.922293	0.998881	0.922293	0.998880	0.922294	0.998880	0.922293	0.998879	0.922293	0.998879	0.922293	0.998878	0.922293	0.998878	0.922293	0.998877	
1350071880.172759	1.000000	64.696716	51.382751	4.309402	0.928236	0.996293	0.928236	0.996290	0.928236	0.996288	0.928236	0.996287	0.928236	0.996285	0.928236	0.996282	0.928236	0.996277	0.928236	0.996276	1350071880.172798	1.000001	64.704513	51.464123	1.592635	0.920686	0.998487	0.920686	0.998486	0.920686	0.998483	0.920686	0.998484	0.920685	0.998482	0.920685	0.998481	0.920685	0.998481	0.920684	0.998481	
1350071881.172759	1.000000	64.683487	51.387344	4.109894	0.950148	0.997439	0.950148	0.997436	0.950148	0.997434	0.950148	0.997433	0.950149	0.997432	0.950149	0.997431	0.950149	0.997431	0.950149	0.997430	1350071881.172798	1.000000	64.686020	51.453491	1.595444	0.939900	0.996775	0.939900	0.996774	0.939900	0.996773	0.939900	0.996771	0.939901	0.996770	0.939900	0.996768	0.939901	0.996765	0.939902	0.996762	
1350071882.172769	1.000010	715803150.426491	715760969.187042	715802942.578368	0.999987	1.000200	0.999985	1.000205	0.999988	1.000210	0.999988	1.000203	0.999988	1.000205	0.999991	1.000202	0.999988	1.000206	0.999988	1.000204	1350071882.174038	1.001240	714904221.150514	714914804.299848	714939009.582968	0.999988	1.000202	0.999985	1.000206	3.893163	0.256912	0.999988	1.000204	0.999988	1.000207	0.999991	1.000202	0.999988	1.000207	0.999988	1.000204	
1350071883.172759	0.999990	0.000000	0.000000	0.000000	-nan	-nan	-nan	-nan	0.000000	inf	-nan	-nan	-nan	0.000000	-nan	-nan	-nan	-nan	-nan	-nan	1350071883.172826	0.998788	0.000000	0.000000	0.000000	-nan	-nan	-nan	-nan	0.000000	inf	-nan	-nan	-nan	-nan	-nan	-nan	-nan	-nan	-nan	-nan	
