ts_0	elapsed_0	pkg_0	pp0_0	dram_0	freq_ratio_0_0	c0_ratio_0_0	freq_ratio_0_1	c0_ratio_0_1	freq_ratio_0_2	c0_ratio_0_2	freq_ratio_0_3	c0_ratio_0_3	freq_ratio_0_4	c0_ratio_0_4	freq_ratio_0_5	c0_ratio_0_5	freq_ratio_0_6	c0_ratio_0_6	freq_ratio_0_7	c0_ratio_0_7	ts_1	elapsed_1	pkg_1	pp0_1	dram_1	freq_ratio_1_0	c0_ratio_1_0	freq_ratio_1_1	c0_ratio_1_1	freq_ratio_1_2	c0_ratio_1_2	freq_ratio_1_3	c0_ratio_1_3	freq_ratio_1_4	c0_ratio_1_4	freq_ratio_1_5	c0_ratio_1_5	freq_ratio_1_6	c0_ratio_1_6	freq_ratio_1_7	c0_ratio_1_7	
1350071845.173343	1.000124	67.714932	54.579308	5.863256	0.936362	0.996703	0.936361	0.996709	0.936360	0.996699	0.936360	0.996698	0.936359	0.996696	0.936359	0.996693	0.936358	0.996692	0.936357	0.996690	1350071845.173386	1.000124	67.722256	54.554897	3.202194	0.952228	0.998721	0.952227	0.998720	0.952225	0.998718	0.952224	0.998718	0.952222	0.998717	0.952221	0.998716	0.952220	0.998714	0.952219	0.998715	
1350071846.173328	0.999985	64.709453	51.590436	6.096802	0.907662	0.996134	0.907662	0.996131	0.907662	0.996131	0.907662	0.996127	0.907662	0.996123	0.907662	0.996121	0.907662	0.996120	0.907661	0.996118	1350071846.173368	0.999982	64.699582	51.520346	2.742450	0.923940	0.999140	0.923939	0.999139	0.923940	0.999138	0.923940	0.999137	0.923940	0.999136	0.923940	0.999136	0.923940	0.999136	0.923940	0.999136	
1350071847.173321	0.999993	64.701345	51.576208	6.096783	0.907482	0.996250	0.907482	0.996246	0.907482	0.996244	0.907482	0.996242	0.907482	0.996240	0.907482	0.996239	0.907482	0.996236	0.907482	0.996234	1350071847.173363	0.999995	64.703357	51.519667	2.691420	0.923385	0.999673	0.923386	0.999674	0.923385	0.999673	0.923385	0.999672	0.923385	0.999672	0.923385	0.999672	0.923385	0.999672	0.923385	0.999672	
1350071848.173321	1.000000	64.706604	51.577347	6.102905	0.907370	0.996249	0.907370	0.996249	0.907370	0.996245	0.907370	0.996241	0.907370	0.996238	0.907370	0.996235	0.907370	0.996235	0.907370	0.996234	1350071848.173359	0.999996	64.703967	51.512660	2.702968	0.922370	0.999419	0.922369	0.999419	0.922369	0.999418	0.922369	0.999418	0.922369	0.999418	0.922369	0.999418	0.922370	0.999417	0.922369	0.999417	
1350071849.173321	1.000000	64.706558	51.571747	6.121399	0.907063	0.996235	0.907063	0.996233	0.907063	0.996230	0.907063	0.996229	0.907063	0.996226	0.907063	0.996223	0.907063	0.996221	0.907062	0.996219	1350071849.173359	1.000000	64.698685	51.498718	2.696136	0.924667	0.998365	0.924667	0.998364	0.924667	0.998362	0.924667	0.998361	0.924667	0.998361	0.924667	0.998360	0.924667	0.998360	0.924667	0.998358	
1350071850.173321	1.000000	64.706772	51.570221	6.096725	0.906868	0.996127	0.906868	0.996126	0.906868	0.996122	0.906868	0.996120	0.906868	0.996118	0.906869	0.996116	0.906869	0.996115	0.906869	0.996112	1350071850.173359	1.000000	64.699463	51.494110	2.722244	0.925132	0.997950	0.925132	0.997951	0.925132	0.997948	0.925132	0.997946	0.925132	0.997945	0.925132	0.997944	0.925132	0.997943	0.925132	0.997942	
1350071851.173327	1.000006	64.703914	51.566618	6.115198	0.905858	0.995699	0.905858	0.995696	0.905858	0.995693	0.905858	0.995690	0.905858	0.995688	0.905858	0.995684	0.905858	0.995684	0.905858	0.995681	1350071851.173363	1.000004	64.700406	51.492971	2.690571	0.924907	0.998093	0.924906	0.998092	0.924906	0.998090	0.924906	0.998089	0.924906	0.998087	0.924906	0.998086	0.924906	0.998085	0.924906	0.998085	
1350071852.173327	1.000000	64.707642	51.569412	6.115234	0.905743	0.995548	0.905743	0.995544	0.905743	0.995543	0.905743	0.995541	0.905743	0.995537	0.905743	0.995534	0.905743	0.995531	0.905742	0.995528	1350071852.173367	1.000004	64.695966	51.485814	2.695881	0.924577	0.998336	0.924577	0.998334	0.924578	0.998334	0.924578	0.998332	0.924577	0.998331	0.924577	0.998330	0.924578	0.998330	0.924577	0.998328	
1350071853.173321	0.999994	64.702702	51.561053	6.102942	0.904872	0.995119	0.904871	0.995119	0.904872	0.995115	0.904872	0.995112	0.904872	0.995108	0.904872	0.995105	0.904872	0.995102	0.904872	0.995100	1350071853.173357	0.999990	64.703483	51.493985	2.701123	0.924580	0.998464	0.924580	0.998464	0.924580	0.998463	0.924580	0.998462	0.924580	0.998461	0.924580	0.998461	0.924579	0.998459	0.924580	0.998458	
1350071854.173321	1.000000	64.707733	51.565475	6.115234	0.905034	0.995371	0.905034	0.995368	0.905034	0.995364	0.905034	0.995361	0.905033	0.995358	0.905033	0.995354	0.905033	0.995352	0.905033	0.995348	1350071854.173366	1.000009	64.631647	51.435600	2.695654	0.924525	0.998534	0.924525	0.998534	0.924525	0.998534	0.924525	0.998533	0.924525	0.998532	0.924525	0.998530	0.924525	0.998529	0.924525	0.998528	
1350071855.173321	1.000000	64.703201	51.559525	6.090576	0.904938	0.995608	0.904937	0.995606	0.904938	0.995604	0.904938	0.995602	0.904938	0.995599	0.904938	0.995596	0.904938	0.995593	0.904937	0.995592	1350071855.173360	0.999994	64.703587	51.491747	2.695832	0.924280	0.998738	0.924280	0.998738	0.924280	0.998737	0.924280	0.998736	0.924280	0.998735	0.924280	0.998735	0.924280	0.998734	0.924280	0.998733	
1350071856.173327	1.000006	64.709041	51.562116	6.090540	0.904912	0.995678	0.904912	0.995674	0.904912	0.995672	0.904912	0.995670	0.904912	0.995667	0.904912	0.995665	0.904912	0.995662	0.904912	0.995661	1350071856.173366	1.000006	64.701046	51.489622	2.726241	0.924301	0.998743	0.924301	0.998742	0.924301	0.998741	0.924301	0.998741	0.924301	0.998740	0.924301	0.998739	0.924301	0.998740	0.924301	0.998739	
1350071857.173321	0.999994	64.708699	51.561129	6.084448	0.905097	0.995982	0.905096	0.995980	0.905097	0.995976	0.905097	0.995972	0.905097	0.995968	0.905097	0.995967	0.905097	0.995966	0.905096	0.995966	1350071857.173359	0.999993	64.698918	51.486211	2.693042	0.924083	0.998973	0.924083	0.998972	0.924083	0.998972	0.924083	0.998971	0.924083	0.998969	0.924083	0.998969	0.924083	0.998969	0.924083	0.998968	
1350071858.173321	1.000000	64.701981	51.554291	6.102905	0.904796	0.995958	0.904796	0.995955	0.904796	0.995949	0.904796	0.995946	0.904796	0.995945	0.904796	0.995943	0.904796	0.995941	0.904796	0.995940	1350071858.173360	1.000001	64.701080	51.484768	2.684766	0.923950	0.999113	0.923950	0.999112	0.923950	0.999112	0.923950	0.999112	0.923950	0.999112	0.923950	0.999110	0.923950	0.999110	0.923950	0.999109	
1350071859.173322	1.000001	64.707671	51.554242	6.114496	0.904915	0.995891	0.904915	0.995889	0.904916	0.995886	0.904916	0.995886	0.904916	0.995883	0.904916	0.995878	0.904916	0.995879	0.904916	0.995876	1350071859.173361	1.000001	64.699050	51.478405	2.722059	0.924465	0.998957	0.924466	0.998956	0.924466	0.998956	0.924467	0.998965	0.924467	0.998955	0.924467	0.998955	0.924467	0.998954	0.924467	0.998953	
1350071860.173321	0.999999	64.709107	51.553501	6.090582	0.904319	0.995774	0.904319	0.995771	0.904319	0.995769	0.904319	0.995768	0.904319	0.995766	0.904319	0.995749	0.904319	0.995747	0.904319	0.995747	1350071860.173373	1.000012	64.702903	51.483578	2.708143	0.923502	0.999233	0.923501	0.999232	0.923501	0.999232	0.923501	0.999231	0.923500	0.999231	0.923500	0.999230	0.923500	0.999229	0.923500	0.999229	
1350071861.173321	1.000000	64.639343	51.495865	6.127563	0.904098	0.995877	0.904098	0.995875	0.904098	0.995872	0.904098	0.995871	0.904098	0.995869	0.904098	0.995878	0.904098	0.995875	0.904098	0.995871	1350071861.173358	0.999985	64.702006	51.481547	2.682307	0.923321	0.999153	0.923322	0.999152	0.923321	0.999153	0.923321	0.999152	0.923321	0.999150	0.923321	0.999150	0.923321	0.999149	0.923321	0.999148	
1350071862.173321	1.000000	64.709625	51.553162	6.084412	0.904041	0.995843	0.904041	0.995840	0.904041	0.995835	0.904040	0.995835	0.904040	0.995832	0.904040	0.995829	0.904040	0.995827	0.904040	0.995825	1350071862.173360	1.000002	64.691558	51.469796	2.704157	0.934746	0.998127	0.934746	0.998126	0.934747	0.998126	0.934747	0.998124	0.934747	0.998122	0.934747	0.998121	0.934747	0.998120	0.934748	0.998118	
1350071863.173327	1.000006	64.695415	51.535337	6.102869	0.916402	0.996294	0.916402	0.996287	0.916402	0.996286	0.916402	0.996285	0.916402	0.996283	0.916402	0.996279	0.916402	0.996277	0.916402	0.996275	1350071863.173364	1.000004	64.696836	51.463445	2.701497	0.938725	0.997079	0.938725	0.997076	0.938724	0.997076	0.938724	0.997073	0.938724	0.997073	0.938724	0.997070	0.938724	0.997067	0.938723	0.997066	
1350071864.173321	0.999994	64.708409	51.543718	6.096777	0.903941	0.996122	0.903941	0.996119	0.903941	0.996117	0.903941	0.996114	0.903941	0.996111	0.903941	0.996108	0.903941	0.996107	0.903941	0.996105	1350071864.173376	1.000012	64.702338	51.471417	2.704191	0.922540	0.999637	0.922541	0.999638	0.922541	0.999638	0.922540	0.999637	0.922541	0.999636	0.922541	0.999636	0.922540	0.999636	0.922540	0.999636	
1350071865.173321	1.000000	64.709869	51.544937	6.109070	0.903790	0.996032	0.903789	0.996028	0.903789	0.996025	0.903789	0.996023	0.903789	0.996021	0.903789	0.996018	0.903789	0.996017	0.903788	0.996015	1350071865.173361	0.999985	64.706599	51.474406	2.707087	0.922519	0.999616	0.922519	0.999616	0.922519	0.999615	0.922519	0.999615	0.922519	0.999614	0.922519	0.999614	0.922519	0.999613	0.922519	0.999613	
1350071866.173327	1.000006	64.700832	51.534498	6.115198	0.903888	0.996147	0.903888	0.996145	0.903889	0.996141	0.903888	0.996140	0.903889	0.996138	0.903889	0.996136	0.903889	0.996134	0.903889	0.996132	1350071866.173366	1.000005	64.705059	51.471529	2.706804	0.922184	0.999500	0.922184	0.999499	0.922184	0.999499	0.922184	0.999499	0.922184	0.999498	0.922185	0.999498	0.922184	0.999497	0.922185	0.999497	
1350071867.173327	1.000000	64.710114	51.544342	6.102905	0.903810	0.996075	0.903810	0.996073	0.903810	0.996070	0.903810	0.996068	0.903810	0.996065	0.903810	0.996064	0.903809	0.996061	0.903809	0.996059	1350071867.173363	0.999997	64.706057	51.471015	2.693261	0.922314	0.999580	0.922314	0.999579	0.922314	0.999579	0.922314	0.999578	0.922314	0.999578	0.922314	0.999578	0.922314	0.999578	0.922314	0.999577	
1350071868.173321	0.999994	64.703587	51.537005	6.102942	0.903958	0.996154	0.903958	0.996152	0.903958	0.996151	0.903958	0.996148	0.903958	0.996147	0.903958	0.996144	0.903958	0.996141	0.903958	0.996141	1350071868.173359	0.999996	64.706714	51.472239	2.690792	0.921987	0.999384	0.921987	0.999384	0.921987	0.999383	0.921987	0.999383	0.921987	0.999383	0.921987	0.999383	0.921987	0.999383	0.921987	0.999382	
1350071869.173321	1.000000	64.707809	51.540878	6.084412	0.903899	0.996164	0.903898	0.996163	0.903898	0.996160	0.903898	0.996158	0.903898	0.996155	0.903898	0.996151	0.903898	0.996150	0.903897	0.996149	1350071869.173359	1.000000	64.701401	51.467819	2.695862	0.921559	0.999148	0.921559	0.999147	0.921559	0.999146	0.921558	0.999146	0.921558	0.999145	0.921558	0.999145	0.921558	0.999144	0.921557	0.999144	
1350071870.173327	1.000006	64.703548	51.535826	6.096613	0.903649	0.995978	0.903649	0.995977	0.903650	0.995974	0.903650	0.995971	0.903650	0.995968	0.903651	0.995964	0.903651	0.995963	0.903651	0.995960	1350071870.173364	1.000005	64.646206	51.424517	2.703844	0.920577	0.998459	0.920577	0.998457	0.920577	0.998456	0.920578	0.998455	0.920578	0.998454	0.920578	0.998453	0.920578	0.998452	0.920578	0.998451	
1350071871.173321	0.999994	64.708256	51.541292	6.109106	0.903586	0.996200	0.903586	0.996199	0.903586	0.996196	0.903585	0.996194	0.903585	0.996193	0.903585	0.996189	0.903585	0.996186	0.903585	0.996185	1350071871.173359	0.999995	64.707264	51.469694	2.684843	0.921344	0.999047	0.921344	0.999046	0.921344	0.999046	0.921344	0.999045	0.921344	0.999045	0.921344	0.999044	0.921344	0.999043	0.921344	0.999042	
1350071872.173327	1.000006	64.710384	51.544096	6.127527	0.903298	0.996149	0.903298	0.996147	0.903298	0.996144	0.903297	0.996142	0.903297	0.996139	0.903297	0.996136	0.903297	0.996135	0.903297	0.996134	1350071872.173368	1.000009	64.704217	51.468253	2.701224	0.921138	0.998948	0.921138	0.998947	0.921138	0.998947	0.921139	0.998947	0.921138	0.998946	0.921139	0.998945	0.921138	0.998943	0.921138	0.998944	
1350071873.173321	0.999994	64.704991	51.536226	6.084448	0.903242	0.996133	0.903242	0.996131	0.903242	0.996127	0.903242	0.996126	0.903242	0.996124	0.903242	0.996122	0.903242	0.996120	0.903242	0.996117	1350071873.173359	0.999991	64.706320	51.470223	2.709375	0.920329	0.998493	0.920329	0.998493	0.920329	0.998492	0.920329	0.998491	0.920329	0.998490	0.920329	0.998490	0.920329	0.998488	0.920329	0.998486	
1350071874.173321	1.000000	64.705780	51.535309	6.102905	0.903082	0.996117	0.903081	0.996115	0.903082	0.996113	0.903082	0.996110	0.903082	0.996109	0.903082	0.996104	0.903082	0.996104	0.903081	0.996101	1350071874.173360	1.000001	64.708389	51.471722	2.706678	0.920137	0.998353	0.920137	0.998353	0.920137	0.998351	0.920137	0.998349	0.920137	0.998349	0.920136	0.998348	0.920135	0.998346	0.920136	0.998345	
1350071875.173321	1.000000	64.710159	51.536621	6.102890	0.903043	0.996085	0.903043	0.996084	0.903043	0.996082	0.903043	0.996080	0.903043	0.996077	0.903044	0.996074	0.903044	0.996073	0.903044	0.996072	1350071875.173357	0.999997	64.704989	51.468177	2.690545	0.920096	0.998310	0.920096	0.998310	0.920096	0.998308	0.920096	0.998308	0.920096	0.998307	0.920097	0.998305	0.920098	0.998305	0.920097	0.998304	
1350071876.173321	1.000000	64.704529	51.532303	6.109070	0.903116	0.996124	0.903116	0.996123	0.903116	0.996120	0.903116	0.996118	0.903116	0.996116	0.903116	0.996114	0.903116	0.996112	0.903115	0.996109	1350071876.173358	1.000001	64.707778	51.471493	2.695936	0.920816	0.998631	0.920816	0.998630	0.920816	0.998629	0.920816	0.998629	0.920816	0.998627	0.920816	0.998626	0.920816	0.998626	0.920816	0.998625	
1350071877.173321	1.000000	64.645004	51.483734	6.096741	0.902943	0.995953	0.902942	0.995952	0.902942	0.995947	0.902942	0.995944	0.902942	0.995942	0.902942	0.995939	0.902942	0.995938	0.902941	0.995937	1350071877.173359	1.000001	64.704757	51.467190	2.701383	0.920126	0.998490	0.920125	0.998488	0.920125	0.998487	0.920125	0.998485	0.920125	0.998485	0.920124	0.998483	0.920124	0.998482	0.920124	0.998480	
1350071878.173321	1.000000	64.707031	51.533585	6.096741	0.902852	0.996015	0.902852	0.996014	0.902852	0.996011	0.902852	0.996009	0.902852	0.996006	0.902852	0.996004	0.902852	0.996002	0.902852	0.995998	1350071878.173360	1.000001	64.704330	51.467175	2.707227	0.918889	0.997680	0.918890	0.997680	0.918890	0.997678	0.918890	0.997677	0.918890	0.997676	0.918891	0.997675	0.918891	0.997674	0.918891	0.997672	
1350071879.173321	1.000000	64.702866	51.528885	6.102905	0.902514	0.995962	0.902514	0.995961	0.902514	0.995958	0.902514	0.995956	0.902514	0.995953	0.902514	0.995949	0.902514	0.995948	0.902514	0.995946	1350071879.173359	0.999999	64.709107	51.472446	2.706973	0.919500	0.997981	0.919500	0.997980	0.919500	0.997979	0.919500	0.997978	0.919500	0.997977	0.919500	0.997976	0.919500	0.997974	0.919500	0.997974	
1350071880.173321	1.000000	64.708145	51.531570	6.090576	0.902548	0.996081	0.902548	0.996078	0.902548	0.996075	0.902548	0.996073	0.902548	0.996070	0.902548	0.996068	0.902548	0.996067	0.902548	0.996066	1350071880.173360	1.000001	64.704849	51.466641	2.712690	0.918526	0.997633	0.918527	0.997631	0.918527	0.997630	0.918527	0.997629	0.918527	0.997628	0.918526	0.997628	0.918526	0.997626	0.918526	0.997626	
1350071881.173321	1.000000	64.703964	51.527496	6.109070	0.905011	0.996046	0.905010	0.996044	0.905011	0.996042	0.905010	0.996039	0.905010	0.996036	0.905011	0.996033	0.905010	0.996031	0.905010	0.996029	1350071881.173358	0.999998	64.690141	51.458732	2.712469	0.938074	0.996767	0.938074	0.996765	0.938074	0.996765	0.938074	0.996762	0.938074	0.996758	0.938074	0.996758	0.938074	0.996756	0.938074	0.996755	
1350071882.173330	1.000009	715770595.633604	715790357.291036	715766974.458159	0.999987	1.000197	0.999984	1.000199	0.999987	1.000206	0.999987	1.000198	0.999987	1.000200	0.999990	1.000195	0.999987	1.000201	0.999987	1.000198	1350071882.174671	1.001313	714839595.957910	714883638.629674	714872071.361581	0.999987	1.000197	0.999984	1.000200	3.893226	0.256906	0.999987	1.000198	0.999987	1.000201	0.999990	1.000196	0.999987	1.000201	0.999987	1.000198	
1350071883.173336	1.000006	0.000000	0.000000	0.000000	-nan	-nan	-nan	-nan	1.000008	inf	-nan	-nan	-nan	0.000000	-nan	-nan	-nan	-nan	-nan	-nan	1350071883.174560	0.999889	0.000000	0.000000	0.000000	-nan	-nan	-nan	-nan	1.345745	inf	-nan	-nan	-nan	-nan	-nan	-nan	-nan	-nan	-nan	-nan	
