ts_0	elapsed_0	pkg_0	pp0_0	dram_0	freq_ratio_0_0	c0_ratio_0_0	freq_ratio_0_1	c0_ratio_0_1	freq_ratio_0_2	c0_ratio_0_2	freq_ratio_0_3	c0_ratio_0_3	freq_ratio_0_4	c0_ratio_0_4	freq_ratio_0_5	c0_ratio_0_5	freq_ratio_0_6	c0_ratio_0_6	freq_ratio_0_7	c0_ratio_0_7	ts_1	elapsed_1	pkg_1	pp0_1	dram_1	freq_ratio_1_0	c0_ratio_1_0	freq_ratio_1_1	c0_ratio_1_1	freq_ratio_1_2	c0_ratio_1_2	freq_ratio_1_3	c0_ratio_1_3	freq_ratio_1_4	c0_ratio_1_4	freq_ratio_1_5	c0_ratio_1_5	freq_ratio_1_6	c0_ratio_1_6	freq_ratio_1_7	c0_ratio_1_7	
1350071845.172150	1.000112	69.670065	56.279018	6.102160	0.953460	0.996887	0.953459	0.996887	0.953459	0.996883	0.953458	0.996881	0.953457	0.996877	0.953457	0.996874	0.953456	0.996874	0.953455	0.996872	1350071845.172193	1.000112	69.645913	56.401273	2.158999	0.950814	0.996419	0.950812	0.996416	0.950811	0.996413	0.950810	0.996412	0.950808	0.996412	0.950807	0.996410	0.950805	0.996408	0.950804	0.996408	
1350071846.172140	0.999990	64.705360	51.295848	6.090637	0.905613	0.995539	0.905612	0.995537	0.905613	0.995534	0.905612	0.995532	0.905612	0.995529	0.905612	0.995526	0.905612	0.995524	0.905612	0.995521	1350071846.172180	0.999987	64.706674	51.449222	1.683753	0.905197	0.995577	0.905197	0.995575	0.905197	0.995572	0.905197	0.995571	0.905197	0.995567	0.905196	0.995564	0.905196	0.995562	0.905196	0.995559	
1350071847.172140	1.000000	64.707413	51.281830	6.109070	0.905329	0.995652	0.905329	0.995650	0.905329	0.995649	0.905328	0.995646	0.905329	0.995642	0.905328	0.995639	0.905329	0.995638	0.905328	0.995635	1350071847.172181	1.000001	64.701690	51.429333	1.702101	0.904760	0.995783	0.904759	0.995781	0.904760	0.995778	0.904760	0.995775	0.904759	0.995771	0.904760	0.995769	0.904760	0.995768	0.904759	0.995765	
1350071848.172140	1.000000	64.701172	51.273056	6.109070	0.904917	0.995590	0.904917	0.995588	0.904917	0.995585	0.904917	0.995583	0.904917	0.995580	0.904917	0.995577	0.904917	0.995576	0.904917	0.995573	1350071848.172178	0.999997	64.709460	51.431068	1.694845	0.904536	0.995937	0.904536	0.995936	0.904535	0.995934	0.904535	0.995931	0.904536	0.995929	0.904536	0.995926	0.904536	0.995926	0.904535	0.995924	
1350071849.172140	1.000000	64.710114	51.280350	6.090576	0.904727	0.995550	0.904726	0.995547	0.904726	0.995543	0.904726	0.995541	0.904726	0.995539	0.904726	0.995536	0.904726	0.995532	0.904725	0.995532	1350071849.172180	1.000002	64.705611	51.420633	1.677640	0.904148	0.995851	0.904149	0.995849	0.904149	0.995845	0.904149	0.995842	0.904149	0.995842	0.904150	0.995839	0.904149	0.995838	0.904150	0.995837	
1350071850.172139	0.999999	64.702103	51.268268	6.041266	0.904976	0.995858	0.904976	0.995855	0.904976	0.995853	0.904975	0.995850	0.904976	0.995847	0.904975	0.995844	0.904975	0.995843	0.904975	0.995841	1350071850.172180	1.000000	64.704803	51.417999	1.657608	0.903964	0.996179	0.903964	0.996176	0.903964	0.996174	0.903964	0.996173	0.903964	0.996170	0.903963	0.996169	0.903964	0.996166	0.903963	0.996162	
1350071851.172148	1.000009	64.710458	51.277139	6.102850	0.904415	0.996060	0.904415	0.996058	0.904415	0.996056	0.904416	0.996055	0.904416	0.996053	0.904416	0.996051	0.904416	0.996038	0.904416	0.996034	1350071851.172199	1.000019	64.710253	51.421154	1.665465	0.904062	0.996333	0.904062	0.996331	0.904062	0.996330	0.904061	0.996327	0.904062	0.996322	0.904062	0.996322	0.904061	0.996320	0.904061	0.996320	
1350071852.172139	0.999991	64.638266	51.218253	6.065973	0.904040	0.996109	0.904040	0.996107	0.904040	0.996103	0.904040	0.996102	0.904041	0.996099	0.904041	0.996097	0.904040	0.996107	0.904040	0.996103	1350071852.172178	0.999979	64.639006	51.359430	1.627125	0.903554	0.996172	0.903553	0.996162	0.903554	0.996160	0.903554	0.996158	0.903554	0.996157	0.903555	0.996155	0.903555	0.996152	0.903555	0.996150	
1350071853.172139	1.000000	64.708237	51.274384	6.084412	0.903851	0.996191	0.903851	0.996190	0.903851	0.996186	0.903851	0.996185	0.903851	0.996182	0.903851	0.996180	0.903851	0.996178	0.903851	0.996174	1350071853.172179	1.000001	64.706130	51.410794	1.648939	0.903378	0.996179	0.903378	0.996177	0.903378	0.996175	0.903378	0.996173	0.903378	0.996172	0.903378	0.996169	0.903378	0.996167	0.903378	0.996165	
1350071854.172139	1.000000	64.706818	51.274048	6.096741	0.903986	0.995912	0.903985	0.995909	0.903985	0.995905	0.903985	0.995903	0.903985	0.995900	0.903985	0.995896	0.903985	0.995895	0.903985	0.995893	1350071854.172179	1.000000	64.708023	51.413483	1.641235	0.902954	0.996108	0.902954	0.996104	0.902955	0.996101	0.902954	0.996098	0.902955	0.996096	0.902954	0.996096	0.902954	0.996093	0.902954	0.996092	
1350071855.172140	1.000001	64.707153	51.272687	6.084406	0.904092	0.995971	0.904092	0.995968	0.904092	0.995965	0.904092	0.995963	0.904092	0.995961	0.904092	0.995957	0.904092	0.995955	0.904092	0.995953	1350071855.172180	1.000001	64.707504	51.405835	1.655775	0.902799	0.996014	0.902799	0.996011	0.902798	0.996008	0.902798	0.996005	0.902798	0.996003	0.902798	0.996004	0.902798	0.996001	0.902798	0.995999	
1350071856.172139	0.999999	64.702805	51.267932	6.109076	0.903523	0.996183	0.903523	0.996181	0.903523	0.996179	0.903524	0.996178	0.903524	0.996176	0.903524	0.996175	0.903524	0.996171	0.903524	0.996168	1350071856.172177	0.999997	64.709185	51.407279	1.630620	0.902662	0.995930	0.902661	0.995926	0.902661	0.995926	0.902660	0.995925	0.902660	0.995922	0.902660	0.995919	0.902660	0.995916	0.902659	0.995914	
1350071857.172140	1.000001	64.711715	51.277280	6.072077	0.903125	0.996073	0.903125	0.996073	0.903125	0.996068	0.903125	0.996066	0.903125	0.996063	0.903125	0.996060	0.903124	0.996058	0.903124	0.996059	1350071857.172180	1.000003	64.707441	51.407983	1.645075	0.902301	0.995919	0.902301	0.995917	0.902301	0.995915	0.902301	0.995913	0.902301	0.995910	0.902301	0.995908	0.902301	0.995907	0.902301	0.995904	
1350071858.172139	0.999999	64.707413	51.273517	6.109076	0.903137	0.996157	0.903137	0.996156	0.903137	0.996154	0.903137	0.996153	0.903137	0.996150	0.903137	0.996146	0.903137	0.996144	0.903137	0.996141	1350071858.172179	0.999999	64.705079	51.401996	1.599580	0.902014	0.995861	0.902014	0.995858	0.902014	0.995856	0.902014	0.995854	0.902014	0.995851	0.902014	0.995849	0.902014	0.995847	0.902014	0.995845	
1350071859.172140	1.000001	64.702178	51.269757	6.096735	0.903144	0.996033	0.903144	0.996030	0.903145	0.996028	0.903144	0.996028	0.903145	0.996025	0.903145	0.996022	0.903145	0.996019	0.903145	0.996016	1350071859.172178	0.999999	64.708100	51.400379	1.660600	0.902180	0.996069	0.902180	0.996066	0.902181	0.996063	0.902181	0.996061	0.902181	0.996059	0.902182	0.996057	0.902182	0.996056	0.902182	0.996054	
1350071860.172139	0.999999	64.708588	51.274936	6.102911	0.903652	0.996125	0.903652	0.996123	0.903652	0.996121	0.903652	0.996117	0.903651	0.996113	0.903651	0.996109	0.903651	0.996109	0.903651	0.996096	1350071860.172191	1.000013	64.705893	51.395078	1.610391	0.902096	0.995999	0.902096	0.995997	0.902095	0.995994	0.902096	0.995992	0.902095	0.995991	0.902095	0.995987	0.902095	0.995985	0.902094	0.995984	
1350071861.172140	1.000001	64.706466	51.270779	6.109064	0.902876	0.996001	0.902876	0.995999	0.902876	0.995998	0.902876	0.995996	0.902876	0.995993	0.902877	0.995990	0.902877	0.995988	0.902877	0.995998	1350071861.172178	0.999987	64.710016	51.400027	1.629019	0.901922	0.995942	0.901923	0.995941	0.901923	0.995939	0.901923	0.995937	0.901924	0.995934	0.901923	0.995930	0.901924	0.995927	0.901924	0.995924	
1350071862.172140	1.000000	64.705826	51.270752	6.107895	0.905017	0.996229	0.905017	0.996227	0.905017	0.996224	0.905017	0.996223	0.905017	0.996219	0.905016	0.996216	0.905017	0.996231	0.905016	0.996211	1350071862.172180	1.000002	64.700636	51.388223	1.777951	0.902545	0.995982	0.902545	0.995977	0.902545	0.995975	0.902545	0.995973	0.902545	0.995971	0.902545	0.995970	0.902545	0.995966	0.902545	0.995965	
1350071863.172140	1.000000	64.699707	51.277908	6.109070	0.918371	0.996421	0.918371	0.996420	0.918371	0.996417	0.918371	0.996413	0.918371	0.996412	0.918371	0.996410	0.918371	0.996408	0.918371	0.996407	1350071863.172180	1.000000	64.705826	51.407379	1.739899	0.922358	0.996132	0.922359	0.996130	0.922358	0.996128	0.922358	0.996124	0.922347	0.996120	0.922359	0.996117	0.922358	0.996117	0.922358	0.996115	
1350071864.172140	1.000000	64.710861	51.286682	6.109070	0.904071	0.996142	0.904071	0.996138	0.904071	0.996135	0.904071	0.996133	0.904071	0.996130	0.904071	0.996130	0.904071	0.996126	0.904071	0.996124	1350071864.172198	1.000018	64.705920	51.398815	1.616625	0.901630	0.995910	0.901630	0.995907	0.901630	0.995904	0.901630	0.995903	0.901641	0.995897	0.901630	0.995895	0.901630	0.995891	0.901629	0.995891	
1350071865.172140	1.000000	64.703461	51.281067	6.096741	0.904300	0.996221	0.904300	0.996218	0.904300	0.996216	0.904300	0.996213	0.904300	0.996210	0.904300	0.996207	0.904300	0.996205	0.904299	0.996204	1350071865.172181	0.999983	64.708783	51.406006	1.647794	0.902027	0.996004	0.902027	0.996003	0.902027	0.996000	0.902027	0.995997	0.902027	0.995997	0.902027	0.995992	0.902027	0.995989	0.902027	0.995987	
1350071866.172139	0.999999	64.641221	51.235522	6.096747	0.904823	0.996136	0.904823	0.996133	0.904823	0.996129	0.904823	0.996129	0.904823	0.996125	0.904823	0.996124	0.904823	0.996121	0.904823	0.996119	1350071866.172178	0.999997	64.644884	51.353217	1.590444	0.901813	0.995974	0.901812	0.995973	0.901812	0.995970	0.901811	0.995967	0.901811	0.995964	0.901811	0.995965	0.901811	0.995958	0.901810	0.995956	
1350071867.172140	1.000001	64.708999	51.304486	6.096735	0.906607	0.996278	0.906607	0.996275	0.906607	0.996273	0.906607	0.996270	0.906607	0.996266	0.906607	0.996265	0.906607	0.996263	0.906606	0.996261	1350071867.172180	1.000002	64.708266	51.402734	1.635525	0.901705	0.995909	0.901705	0.995906	0.901705	0.995903	0.901705	0.995901	0.901705	0.995899	0.901705	0.995897	0.901705	0.995894	0.901705	0.995893	
1350071868.172139	0.999999	64.703004	51.295291	6.078253	0.906236	0.996359	0.906236	0.996357	0.906237	0.996355	0.906237	0.996354	0.906237	0.996352	0.906237	0.996349	0.906237	0.996346	0.906237	0.996344	1350071868.172178	0.999998	64.705690	51.402335	1.597812	0.901735	0.995930	0.901735	0.995928	0.901735	0.995924	0.901736	0.995922	0.901736	0.995920	0.901736	0.995918	0.901736	0.995916	0.901736	0.995914	
1350071869.172140	1.000001	64.709075	51.294888	6.127558	0.904382	0.996139	0.904382	0.996140	0.904382	0.996137	0.904381	0.996133	0.904381	0.996132	0.904381	0.996129	0.904381	0.996126	0.904381	0.996124	1350071869.172180	1.000002	64.709517	51.405023	1.637845	0.901683	0.996000	0.901684	0.995996	0.901683	0.995996	0.901683	0.995992	0.901682	0.995989	0.901683	0.995986	0.901682	0.995983	0.901681	0.995980	
1350071870.172140	1.000000	64.705078	51.295349	6.102905	0.905031	0.996340	0.905031	0.996338	0.905031	0.996336	0.905031	0.996333	0.905031	0.996329	0.905032	0.996327	0.905032	0.996325	0.905031	0.996324	1350071870.172177	0.999997	64.705263	51.402930	1.667303	0.901674	0.995981	0.901674	0.995976	0.901676	0.995972	0.901675	0.995970	0.901676	0.995970	0.901676	0.995969	0.901676	0.995967	0.901676	0.995965	
1350071871.172139	0.999999	64.705704	51.301807	6.047430	0.906476	0.996453	0.906476	0.996451	0.906476	0.996448	0.906476	0.996447	0.906476	0.996446	0.906476	0.996444	0.906476	0.996442	0.906476	0.996440	1350071871.172179	1.000002	64.710906	51.418115	1.642697	0.902342	0.995969	0.902342	0.995969	0.902341	0.995964	0.902341	0.995961	0.902341	0.995958	0.902340	0.995955	0.902340	0.995952	0.902340	0.995951	
1350071872.172146	1.000007	64.708506	51.305355	6.121357	0.906204	0.996401	0.906203	0.996390	0.906203	0.996388	0.906203	0.996389	0.906203	0.996385	0.906203	0.996382	0.906203	0.996381	0.906202	0.996378	1350071872.172185	1.000006	64.703197	51.406005	1.595922	0.901794	0.996013	0.901794	0.996010	0.901795	0.996008	0.901795	0.996007	0.901795	0.996003	0.901795	0.996001	0.901796	0.995999	0.901796	0.995998	
1350071873.172140	0.999994	64.705616	51.297379	6.090612	0.906582	0.996415	0.906581	0.996413	0.906582	0.996409	0.906581	0.996408	0.906582	0.996405	0.906582	0.996403	0.906582	0.996401	0.906581	0.996399	1350071873.172180	0.999995	64.710514	51.411177	1.618767	0.902000	0.995929	0.902000	0.995927	0.902000	0.995924	0.902000	0.995921	0.901999	0.995918	0.902000	0.995917	0.901999	0.995913	0.901999	0.995911	
1350071874.172139	0.999999	64.706925	51.297275	6.090582	0.906784	0.996429	0.906784	0.996426	0.906784	0.996423	0.906784	0.996421	0.906784	0.996419	0.906784	0.996416	0.906784	0.996416	0.906784	0.996414	1350071874.172179	0.999999	64.706589	51.418964	1.597627	0.903484	0.996163	0.903484	0.996161	0.903484	0.996160	0.903484	0.996158	0.903484	0.996156	0.903484	0.996155	0.903484	0.996152	0.903484	0.996148	
1350071875.172140	1.000001	64.706329	51.301221	6.115229	0.906532	0.996285	0.906532	0.996284	0.906532	0.996281	0.906532	0.996277	0.906532	0.996276	0.906532	0.996274	0.906532	0.996274	0.906532	0.996271	1350071875.172180	1.000001	64.707900	51.427319	1.662886	0.904258	0.996255	0.904258	0.996253	0.904258	0.996250	0.904258	0.996248	0.904258	0.996247	0.904258	0.996244	0.904258	0.996242	0.904258	0.996241	
1350071876.172139	0.999999	64.702073	51.297336	6.078253	0.906650	0.996422	0.906650	0.996422	0.906650	0.996418	0.906650	0.996416	0.906650	0.996415	0.906651	0.996410	0.906651	0.996409	0.906650	0.996407	1350071876.172178	0.999998	64.707338	51.421317	1.592700	0.903304	0.996145	0.903304	0.996143	0.903303	0.996140	0.903303	0.996136	0.903303	0.996134	0.903303	0.996133	0.903303	0.996132	0.903302	0.996129	
1350071877.172140	1.000001	64.705779	51.302090	6.084406	0.906572	0.996442	0.906571	0.996441	0.906571	0.996437	0.906571	0.996436	0.906571	0.996435	0.906571	0.996432	0.906571	0.996431	0.906571	0.996428	1350071877.172180	1.000002	64.706709	51.426660	1.624966	0.904334	0.996111	0.904335	0.996108	0.904335	0.996104	0.904335	0.996103	0.904335	0.996100	0.904336	0.996097	0.904336	0.996095	0.904336	0.996093	
1350071878.172139	0.999999	64.710114	51.305545	6.096747	0.906850	0.996470	0.906850	0.996468	0.906850	0.996465	0.906851	0.996463	0.906851	0.996462	0.906851	0.996458	0.906851	0.996455	0.906851	0.996453	1350071878.172178	0.999998	64.705415	51.411368	1.582980	0.902465	0.996041	0.902464	0.996039	0.902464	0.996038	0.902464	0.996036	0.902464	0.996032	0.902463	0.996029	0.902464	0.996027	0.902463	0.996026	
1350071879.172140	1.000001	64.702773	51.295666	6.102869	0.906275	0.996485	0.906275	0.996484	0.906275	0.996481	0.906275	0.996480	0.906274	0.996479	0.906274	0.996476	0.906274	0.996473	0.906274	0.996471	1350071879.172180	1.000002	64.710478	51.423486	1.608395	0.903399	0.996193	0.903399	0.996190	0.903400	0.996187	0.903399	0.996184	0.903399	0.996181	0.903400	0.996179	0.903399	0.996178	0.903399	0.996177	
1350071880.172139	0.999999	64.706742	51.302570	6.096747	0.906328	0.996319	0.906328	0.996318	0.906328	0.996316	0.906328	0.996312	0.906328	0.996308	0.906328	0.996306	0.906329	0.996305	0.906329	0.996304	1350071880.172178	0.999998	64.703721	51.423331	1.587604	0.904065	0.996199	0.904066	0.996197	0.904065	0.996195	0.904066	0.996193	0.904066	0.996192	0.904067	0.996190	0.904067	0.996186	0.904067	0.996185	
1350071881.172140	1.000001	64.704253	51.295758	6.102899	0.910514	0.996407	0.910513	0.996405	0.910514	0.996402	0.910514	0.996402	0.910514	0.996400	0.910513	0.996399	0.910513	0.996398	0.910513	0.996394	1350071881.172179	1.000001	64.701843	51.418881	1.709883	0.912172	0.996136	0.912171	0.996133	0.912172	0.996118	0.912172	0.996116	0.912172	0.996113	0.912172	0.996110	0.912172	0.996107	0.912172	0.996106	
1350071882.172156	1.000016	715758108.573335	715769398.326586	715754223.223031	0.999987	1.000198	0.999985	1.000201	0.999987	1.000205	0.999987	1.000199	0.999987	1.000200	0.999990	1.000196	0.999987	1.000201	0.999987	1.000198	1350071882.173501	1.001322	714880155.421237	714854688.127646	714867378.226232	0.999987	1.000198	0.999985	1.000200	3.893226	0.256906	0.999987	1.000198	0.999987	1.000201	0.999990	1.000196	0.999987	1.000201	0.999987	1.000199	
1350071883.172161	1.000005	0.000000	0.000000	0.000000	-nan	-nan	-nan	-nan	1.000008	inf	-nan	-nan	-nan	0.000000	-nan	-nan	-nan	-nan	-nan	-nan	1350071883.172229	0.998728	0.000000	0.000000	0.000000	-nan	-nan	-nan	-nan	1.345745	inf	-nan	-nan	-nan	-nan	-nan	-nan	-nan	-nan	-nan	-nan	
