ts_0	elapsed_0	pkg_0	pp0_0	dram_0	freq_ratio_0_0	c0_ratio_0_0	freq_ratio_0_1	c0_ratio_0_1	freq_ratio_0_2	c0_ratio_0_2	freq_ratio_0_3	c0_ratio_0_3	freq_ratio_0_4	c0_ratio_0_4	freq_ratio_0_5	c0_ratio_0_5	freq_ratio_0_6	c0_ratio_0_6	freq_ratio_0_7	c0_ratio_0_7	ts_1	elapsed_1	pkg_1	pp0_1	dram_1	freq_ratio_1_0	c0_ratio_1_0	freq_ratio_1_1	c0_ratio_1_1	freq_ratio_1_2	c0_ratio_1_2	freq_ratio_1_3	c0_ratio_1_3	freq_ratio_1_4	c0_ratio_1_4	freq_ratio_1_5	c0_ratio_1_5	freq_ratio_1_6	c0_ratio_1_6	freq_ratio_1_7	c0_ratio_1_7	
1350062678.040253	1.000213	74.770015	61.447534	3.792238	1.000000	1.000000	1.000000	1.000000	1.000000	1.000000	1.000000	1.000000	1.000000	1.000000	1.000000	1.000000	1.000000	1.000000	1.000000	1.000000	1350062678.040290	1.000203	46.240038	32.996174	1.644045	1.000000	1.000000	1.000000	1.000000	1.000000	1.000000	1.000000	0.999999	0.999612	0.002038	0.999136	0.000808	0.998416	0.000076	0.998331	0.000119	
1350062679.040243	0.999990	75.072224	61.726616	3.801460	1.000000	1.000000	1.000000	1.000000	1.000000	1.000000	1.000000	1.000000	1.000000	1.000000	1.000000	1.000000	1.000000	1.000000	1.000000	1.000000	1350062679.040285	0.999995	46.209277	32.969907	1.587029	1.000000	1.000000	1.000000	1.000000	1.000000	1.000000	1.000000	1.000000	1.000128	0.000995	1.000433	0.000291	1.014846	0.000013	1.001854	0.000106	
1350062680.040243	1.000000	75.077805	61.725006	3.805313	1.000000	1.000000	1.000000	1.000000	1.000000	1.000000	1.000000	1.000000	1.000000	1.000000	1.000000	1.000000	1.000000	1.000000	1.000000	1.000000	1350062680.040277	0.999992	46.270791	33.018334	1.599256	1.000000	1.000000	1.000000	1.000000	1.000000	1.000000	1.000000	1.000000	0.999972	0.001062	0.999957	0.000380	0.999782	0.000073	0.999380	0.000107	
1350062681.040243	1.000000	75.029556	61.670990	3.801117	1.000000	1.000000	1.000000	1.000000	1.000000	1.000000	1.000000	1.000000	1.000000	1.000000	1.000000	1.000000	1.000000	1.000000	1.000000	1.000000	1350062681.040278	1.000001	46.272737	33.020278	1.594756	1.000000	1.000000	1.000000	1.000000	1.000000	1.000000	1.000000	1.000000	0.999947	0.000982	1.000215	0.000285	1.000942	0.000013	0.998973	0.000109	
1350062682.040254	1.000011	68.970328	55.632538	3.793400	0.999979	0.094296	0.999999	0.999999	0.999999	1.000000	0.999999	0.999999	0.999999	0.999999	0.999999	0.999999	0.999999	0.999999	0.999999	0.999999	1350062682.040380	1.000102	51.744216	38.511161	1.601735	1.000000	1.000000	1.000000	1.000001	1.000001	1.000001	1.000000	1.000001	1.000003	0.906898	1.000079	0.001403	1.002889	0.000112	1.004324	0.000132	
1350062683.040243	0.999989	68.445056	55.097208	3.801326	0.999973	0.001578	1.000000	1.000000	1.000000	1.000000	1.000000	1.000000	1.000000	1.000000	1.000000	1.000000	1.000000	1.000000	1.000000	1.000000	1350062683.040335	0.999955	52.316917	39.089637	1.593364	1.000000	1.000000	1.000000	1.000000	1.000000	1.000000	1.000000	1.000000	1.000000	1.000000	0.999994	0.001435	1.000128	0.000012	0.999687	0.000124	
1350062684.040243	1.000000	68.415878	55.067841	3.793289	1.000006	0.001099	1.000000	1.000000	1.000000	1.000000	1.000000	1.000000	1.000000	1.000000	1.000000	1.000000	1.000000	1.000000	1.000000	1.000000	1350062684.040334	0.999999	52.314671	39.097739	1.602861	1.000000	1.000000	1.000000	1.000000	1.000000	1.000000	1.000000	1.000000	1.000000	1.000000	1.000076	0.001593	1.000922	0.000064	1.000287	0.000120	
1350062685.040242	0.999999	68.433934	55.084647	3.808475	0.999979	0.001260	1.000000	1.000000	1.000000	1.000000	1.000000	1.000000	1.000000	1.000000	1.000000	1.000000	1.000000	1.000000	1.000000	1.000000	1350062685.040335	1.000001	52.324489	39.107827	1.584654	1.000000	1.000000	1.000000	1.000000	1.000000	1.000000	1.000000	1.000000	1.000000	1.000000	0.999979	0.001447	1.000035	0.000011	0.999972	0.000125	
1350062686.040243	1.000001	68.480449	55.128457	3.801388	0.999979	0.003279	1.000000	1.000000	1.000000	1.000000	1.000000	1.000000	1.000000	1.000000	1.000000	1.000000	1.000000	1.000000	1.000000	1.000000	1350062686.040337	1.000002	52.336616	39.120775	1.648678	1.000000	1.000000	1.000000	1.000000	1.000000	1.000000	1.000000	1.000000	1.000000	1.000000	1.000007	0.001585	0.933107	0.000102	0.998522	0.000114	
1350062687.040243	1.000000	68.448593	55.098251	3.805206	1.000027	0.001272	1.000000	1.000000	1.000000	1.000000	1.000000	1.000000	1.000000	1.000000	1.000000	1.000000	1.000000	1.000000	1.000000	1.000000	1350062687.040333	0.999996	52.338713	39.126501	1.589469	1.000000	1.000000	1.000000	1.000000	1.000000	1.000000	1.000000	1.000000	1.000000	1.000000	0.999942	0.001363	1.570750	0.000012	1.001044	0.000130	
1350062688.040243	1.000000	68.489670	55.136581	3.793793	0.999962	0.001461	1.000000	1.000000	1.000000	1.000000	1.000000	1.000000	1.000000	1.000000	1.000000	1.000000	1.000000	1.000000	1.000000	1.000000	1350062688.040334	1.000001	52.340831	39.131890	1.588835	1.000000	1.000000	1.000000	1.000000	1.000000	1.000000	1.000000	1.000000	1.000000	1.000000	0.999923	0.001548	0.999971	0.000121	0.999900	0.000162	
1350062689.040243	1.000000	68.483994	55.133759	3.797226	1.000111	0.001339	1.000000	1.000000	1.000000	1.000000	1.000000	1.000000	1.000000	1.000000	1.000000	1.000000	1.000000	1.000000	1.000000	1.000000	1350062689.040336	1.000002	52.365409	39.155229	1.593762	1.000000	1.000000	1.000000	1.000000	1.000000	1.000000	1.000000	1.000000	1.000000	1.000000	1.000057	0.001471	0.999230	0.000022	1.000292	0.000145	
1350062690.040243	1.000000	68.481934	55.130692	3.805267	0.999822	0.001092	1.000000	1.000000	1.000000	1.000000	1.000000	1.000000	1.000000	1.000000	1.000000	1.000000	1.000000	1.000000	1.000000	1.000000	1350062690.040336	1.000000	52.350891	39.141388	1.587540	1.000000	1.000000	1.000000	1.000000	1.000000	1.000000	1.000000	1.000000	1.000000	1.000000	1.000009	0.001435	0.999919	0.000086	0.999776	0.000133	
1350062691.040242	0.999999	68.442204	55.102820	3.785312	0.999991	0.004592	1.000000	1.000000	1.000000	1.000000	1.000000	1.000000	1.000000	1.000000	1.000000	1.000000	1.000000	1.000000	1.000000	1.000000	1350062691.040332	0.999996	53.486392	40.274287	1.586097	1.000000	1.000000	1.000000	1.000000	1.000000	1.000000	1.000000	1.000000	1.000000	1.000000	0.999991	0.004993	0.999805	0.003133	0.999859	0.003248	
1350062692.040243	1.000001	68.452694	55.100930	3.805035	1.000022	0.001082	1.000000	1.000000	1.000000	1.000000	1.000000	1.000000	1.000000	1.000000	1.000000	1.000000	1.000000	1.000000	1.000000	1.000000	1350062692.040332	1.000000	52.291534	39.091370	1.640625	1.000000	1.000000	1.000000	1.000000	1.000000	1.000000	1.000000	1.000000	1.000000	1.000000	1.000004	0.001317	0.999987	0.000323	1.004266	0.000104	
1350062693.040242	0.999999	68.499867	55.144828	3.805301	0.999990	0.001603	1.000000	1.000000	1.000000	1.000000	1.000000	1.000000	1.000000	1.000000	1.000000	1.000000	1.000000	1.000000	1.000000	1.000000	1350062693.040332	1.000000	52.329559	39.116043	1.586197	1.000000	1.000000	1.000000	1.000000	1.000000	1.000000	1.000000	1.000000	1.000000	1.000000	0.999987	0.001350	0.999989	0.000360	0.999846	0.000087	
1350062694.040243	1.000001	68.204265	54.845880	3.789990	0.999929	0.001286	1.000000	1.000000	1.000000	1.000000	1.000000	1.000000	1.000000	1.000000	1.000000	1.000000	1.000000	1.000000	1.000000	1.000000	1350062694.040334	1.000002	52.152748	38.941271	1.599057	1.000000	1.000000	1.000000	1.000000	1.000000	1.000000	1.000000	1.000000	1.000000	1.000000	0.999983	0.001285	0.999924	0.000347	1.000357	0.000106	
1350062695.040243	1.000000	68.543442	55.189224	3.801224	0.999897	0.001396	1.000000	1.000000	1.000000	1.000000	1.000000	1.000000	1.000000	1.000000	1.000000	1.000000	1.000000	1.000000	1.000000	1.000000	1350062695.040332	0.999998	52.362405	39.148649	1.586047	1.000000	1.000000	1.000000	1.000000	1.000000	1.000000	1.000000	1.000000	1.000000	1.000000	1.000023	0.001207	1.000028	0.000407	0.999996	0.000088	
1350062696.040243	1.000000	68.506790	55.149338	3.801071	1.000045	0.003110	1.000000	1.000000	1.000000	1.000000	1.000000	1.000000	1.000000	1.000000	1.000000	1.000000	1.000000	1.000000	1.000000	1.000000	1350062696.040329	0.999997	52.368952	39.156051	1.594655	1.000000	1.000000	1.000000	1.000000	1.000000	1.000000	1.000000	1.000000	1.000000	1.000000	0.999858	0.001163	0.999648	0.000390	0.998637	0.000116	
1350062697.040243	1.000000	68.468918	55.110809	3.801407	1.000159	0.001457	1.000000	1.000000	1.000000	1.000000	1.000000	1.000000	1.000000	1.000000	1.000000	1.000000	1.000000	1.000000	1.000000	1.000000	1350062697.040357	1.000028	52.360112	39.148429	1.592866	1.000000	1.000000	1.000000	1.000000	1.000000	1.000000	1.000000	1.000000	1.000000	1.000000	1.000085	0.001203	1.000159	0.000366	1.001509	0.000089	
1350062698.040243	1.000000	68.471085	55.112869	3.805069	0.999804	0.001435	1.000000	1.000000	1.000000	1.000000	1.000000	1.000000	1.000000	1.000000	1.000000	1.000000	1.000000	1.000000	1.000000	1.000000	1350062698.040333	0.999976	52.370264	39.157681	1.589821	1.000000	1.000000	1.000000	1.000000	1.000000	1.000000	1.000000	1.000000	1.000000	1.000000	0.999985	0.001118	1.000108	0.000426	1.000076	0.000096	
1350062699.040243	1.000000	68.456589	55.097107	3.789856	0.999884	0.001461	1.000000	1.000000	1.000000	1.000000	1.000000	1.000000	1.000000	1.000000	1.000000	1.000000	1.000000	1.000000	0.999999	1.000000	1350062699.040333	1.000000	52.360825	39.146591	1.594864	1.000000	1.000000	1.000000	1.000000	1.000000	1.000000	1.000000	1.000000	1.000000	1.000000	1.000007	0.001263	1.000046	0.000346	1.000021	0.000075	
1350062700.040243	1.000000	68.373749	55.028656	3.801392	1.000073	0.001378	1.000000	1.000000	1.000000	1.000000	1.000000	1.000000	1.000000	1.000000	1.000000	1.000000	1.000000	1.000000	1.000001	1.000000	1350062700.040331	0.999998	52.379449	39.166899	1.584521	1.000000	1.000000	1.000000	1.000000	1.000000	1.000000	1.000000	1.000000	1.000000	1.000000	0.999942	0.001211	0.999917	0.000439	1.000071	0.000148	
1350062701.040243	1.000000	68.468323	55.110916	3.805023	0.999957	0.001955	1.000000	1.000000	1.000000	1.000000	1.000000	1.000000	1.000000	1.000000	1.000000	1.000000	1.000000	1.000000	1.000000	1.000000	1350062701.040335	1.000004	52.337633	39.137842	1.591333	1.000000	1.000000	1.000000	1.000000	1.000000	1.000000	1.000000	1.000000	1.000000	1.000000	0.999980	0.001164	0.999967	0.000346	0.999802	0.000090	
1350062702.040243	1.000000	68.433243	55.074600	3.797653	1.000011	0.001413	1.000000	1.000000	1.000000	1.000000	1.000000	1.000000	1.000000	1.000000	1.000000	1.000000	1.000000	1.000000	1.000000	1.000000	1350062702.040331	0.999996	52.372389	39.158896	1.591712	1.000000	1.000000	1.000000	1.000000	1.000000	1.000000	1.000000	1.000000	1.000000	1.000000	0.999900	0.001238	0.999965	0.000432	1.000053	0.000095	
1350062703.040243	1.000000	68.484650	55.123199	3.788788	0.999924	0.001679	1.000000	1.000000	1.000000	1.000000	0.999993	1.000000	1.000000	1.000000	1.000000	1.000000	1.000000	1.000000	1.000000	1.000000	1350062703.040340	1.000009	52.683757	39.469384	1.781859	1.000000	1.000000	1.000000	1.000000	1.000000	1.000000	1.000000	1.000000	1.000000	1.000000	1.000000	0.055970	1.000105	0.000918	0.999979	0.000074	
1350062704.040243	1.000000	68.510330	55.152603	3.793915	1.000085	0.001239	1.000000	1.000000	1.000000	1.000000	1.000007	1.000000	1.000000	1.000000	1.000000	1.000000	1.000000	1.000000	1.000000	1.000000	1350062704.040334	0.999994	52.382667	39.168889	1.608973	1.000000	1.000000	1.000000	1.000000	1.000000	1.000000	1.000000	1.000000	1.000000	1.000000	1.000006	0.000857	1.000016	0.000832	1.000107	0.000097	
1350062705.040243	1.000000	68.520569	55.162033	3.797028	0.999991	0.002576	1.000000	1.000000	1.000000	1.000000	1.000000	1.000000	1.000000	1.000000	1.000000	1.000000	1.000000	1.000000	1.000000	1.000000	1350062705.040335	1.000001	52.374126	39.160699	1.584654	1.000000	1.000000	1.000000	1.000000	1.000000	1.000000	1.000000	1.000000	1.000000	1.000000	1.000004	0.000786	0.999963	0.000895	1.000005	0.000074	
1350062706.040243	1.000000	68.525177	55.166687	3.793793	0.999990	0.003146	1.000000	1.000000	1.000000	1.000000	1.000000	1.000000	1.000000	1.000000	1.000000	1.000000	1.000000	1.000000	1.000000	1.000000	1350062706.040333	0.999998	52.370721	39.155699	1.588123	1.000000	1.000000	1.000000	1.000000	1.000000	1.000000	1.000000	1.000000	1.000000	1.000000	1.000129	0.000909	0.999890	0.000975	0.998526	0.000107	
1350062707.040243	1.000000	68.527664	55.170517	3.801437	0.999906	0.001368	1.000000	1.000000	1.000000	1.000000	1.000000	1.000000	1.000000	1.000000	1.000000	1.000000	1.000000	1.000000	1.000000	1.000000	1350062707.040333	1.000000	52.360580	39.144836	1.585236	1.000000	1.000000	1.000000	1.000000	1.000000	1.000000	1.000000	1.000000	1.000000	1.000000	0.999791	0.000744	1.000125	0.000853	1.001550	0.000094	
1350062708.040243	1.000000	68.539856	55.181717	3.805374	1.000055	0.001471	1.000000	1.000000	1.000000	1.000000	1.000000	1.000000	1.000000	1.000000	1.000000	1.000000	1.000000	1.000000	1.000000	1.000000	1350062708.040335	1.000002	52.355415	39.140718	1.601666	1.000000	1.000000	1.000000	1.000000	1.000000	1.000000	1.000000	1.000000	1.000000	1.000000	1.000141	0.000882	0.999977	0.000877	0.999667	0.000097	
1350062709.040242	0.999999	68.567814	55.211768	3.797321	0.999913	0.001377	1.000000	1.000000	1.000000	1.000000	1.000000	1.000000	1.000000	1.000000	1.000000	1.000000	1.000000	1.000000	1.000000	1.000000	1350062709.040334	0.999999	52.354740	39.138923	1.590898	1.000000	1.000000	1.000000	1.000000	1.000000	1.000000	1.000000	1.000000	1.000000	1.000000	0.999845	0.000820	1.000003	0.000788	1.000440	0.000088	
1350062710.040249	1.000007	715797226.843011	715789080.040529	715758107.656669	0.999986	1.000191	0.999984	1.000195	0.999984	1.000192	0.999986	1.000189	0.999986	1.000193	0.999989	1.000190	0.999986	1.000193	0.999986	1.000192	1350062710.040351	1.000017	715785621.655929	715808552.510774	715790293.500445	0.999986	1.000190	0.999984	1.000195	3.893299	0.256898	0.999986	1.000191	0.999985	1.000191	0.999989	1.000191	0.999987	1.000197	0.999986	1.000190	
1350062711.040243	0.999994	0.000000	0.000000	0.000000	-nan	-nan	-nan	-nan	1.000008	inf	-nan	-nan	-nan	0.000000	-nan	-nan	-nan	-nan	-nan	-nan	1350062711.040316	0.999965	0.000000	0.000000	0.000000	-nan	-nan	-nan	-nan	1.345745	inf	-nan	-nan	-nan	-nan	-nan	-nan	-nan	-nan	-nan	-nan	
