ts_0	elapsed_0	pkg_0	pp0_0	dram_0	freq_ratio_0_0	c0_ratio_0_0	freq_ratio_0_1	c0_ratio_0_1	freq_ratio_0_2	c0_ratio_0_2	freq_ratio_0_3	c0_ratio_0_3	freq_ratio_0_4	c0_ratio_0_4	freq_ratio_0_5	c0_ratio_0_5	freq_ratio_0_6	c0_ratio_0_6	freq_ratio_0_7	c0_ratio_0_7	ts_1	elapsed_1	pkg_1	pp0_1	dram_1	freq_ratio_1_0	c0_ratio_1_0	freq_ratio_1_1	c0_ratio_1_1	freq_ratio_1_2	c0_ratio_1_2	freq_ratio_1_3	c0_ratio_1_3	freq_ratio_1_4	c0_ratio_1_4	freq_ratio_1_5	c0_ratio_1_5	freq_ratio_1_6	c0_ratio_1_6	freq_ratio_1_7	c0_ratio_1_7	
1350071713.679303	1.000319	64.142731	50.726799	6.094674	1.230562	0.997828	1.191507	0.000785	1.230562	0.997815	1.192693	0.000361	1.230562	0.997814	1.192735	0.000325	1.190566	0.000266	1.230559	0.997815	1350071713.679431	1.000301	64.508224	51.212130	2.293896	1.230545	0.998177	1.192075	0.000550	1.230545	0.998175	1.192343	0.000821	1.230545	0.998175	1.192182	0.000403	1.230545	0.998174	1.191799	0.000428	
1350071714.679287	0.999984	64.259816	50.850773	6.102988	1.230345	0.995394	1.192075	0.000341	1.230345	0.995391	1.191128	0.000112	1.230345	0.995388	1.192329	0.003486	1.188724	0.000107	1.230347	0.995387	1350071714.679415	0.999984	64.519128	51.216120	2.449578	1.228987	0.998586	1.192381	0.002155	1.229002	0.998585	1.193221	0.000118	1.229002	0.998584	1.192548	0.000285	1.229002	0.998583	1.193075	0.000270	
1350071715.679288	1.000001	64.391388	50.976590	6.121393	1.230490	0.997027	1.192112	0.000320	1.230490	0.997025	1.192276	0.000186	1.230490	0.997023	1.192298	0.001803	1.191815	0.000280	1.230490	0.997022	1350071715.679411	0.999996	64.398256	51.103311	2.131890	1.227379	0.998155	1.192279	0.000363	1.227367	0.998154	1.192196	0.000241	1.227367	0.998152	1.192316	0.000294	1.227367	0.998152	1.192633	0.000326	
1350071716.679287	0.999999	64.454636	51.038760	6.096747	1.229666	0.998836	1.192401	0.000378	1.229666	0.998836	1.192043	0.000103	1.229666	0.998836	1.192119	0.000195	1.192198	0.000098	1.229665	0.998835	1350071716.679416	1.000005	64.463712	51.164539	1.755988	1.227204	0.998342	1.192230	0.000304	1.227202	0.998352	1.192560	0.000118	1.227202	0.998351	1.192270	0.000251	1.227202	0.998350	1.191004	0.000236	
1350071717.679287	1.000000	64.391953	50.989120	6.102753	1.229245	0.996049	1.192337	0.002650	1.229245	0.996043	1.192391	0.000188	1.229245	0.996043	1.192292	0.000325	1.192287	0.000222	1.229246	0.996041	1350071717.679409	0.999993	64.462009	51.178851	2.442964	1.226271	0.996763	1.192322	0.001466	1.226288	0.996750	1.192300	0.000219	1.226288	0.996748	1.192322	0.000365	1.226288	0.996746	1.193012	0.000342	
1350071718.679281	0.999994	64.461001	51.041320	6.133765	1.229467	0.998765	1.192330	0.000373	1.229467	0.998763	1.192244	0.000207	1.229467	0.998763	1.192316	0.000194	1.192377	0.000099	1.229467	0.998763	1350071718.679405	0.999996	64.459322	51.175653	2.708950	1.226065	0.992752	1.192291	0.004894	1.226048	0.992764	1.191744	0.000392	1.226048	0.992759	1.192348	0.000275	1.226048	0.992752	1.192388	0.000265	
1350071719.679281	1.000000	64.458954	51.039734	6.115234	1.229356	0.994284	1.192320	0.003799	1.229357	0.994277	1.192324	0.000172	1.229357	0.994276	1.192384	0.000237	1.192445	0.000232	1.229356	0.994274	1350071719.679407	1.000002	64.466155	51.183984	2.595683	1.225128	0.997592	1.192673	0.000708	1.225129	0.997578	1.194706	0.000196	1.225128	0.997576	1.193048	0.000291	1.225129	0.997575	1.192276	0.000317	
1350071720.679281	1.000000	64.455658	51.036667	6.121399	1.229062	0.997325	1.192283	0.001479	1.229062	0.997323	1.192335	0.000160	1.229062	0.997321	1.192375	0.000190	1.191923	0.000116	1.229062	0.997328	1350071720.679408	1.000001	64.465103	51.185422	2.674955	1.225349	0.994661	1.192307	0.003260	1.225348	0.994660	1.190539	0.000138	1.225348	0.994656	1.191050	0.000269	1.225348	0.994651	1.191391	0.000269	
1350071721.679281	1.000000	64.465012	51.041672	6.115234	1.227978	0.998435	1.192220	0.000296	1.227978	0.998433	1.192353	0.000184	1.227978	0.998433	1.192327	0.000246	1.192545	0.000164	1.227978	0.998432	1350071721.679410	1.000002	64.460967	51.183450	2.114284	1.224485	0.996398	1.192113	0.001408	1.224485	0.996394	1.191636	0.000176	1.224485	0.996392	1.192549	0.000514	1.224485	0.996390	1.193128	0.000309	
1350071722.679280	0.999999	64.461792	51.036471	6.121405	1.226802	0.998167	1.192285	0.000258	1.226802	0.998166	1.192349	0.000143	1.226802	0.998165	1.192323	0.000202	1.192405	0.000115	1.226803	0.998164	1350071722.679404	0.999994	64.465777	51.186844	1.803844	1.224138	0.997669	1.193175	0.000278	1.224139	0.997689	1.191886	0.000156	1.224139	0.997688	1.191694	0.000332	1.224139	0.997686	1.191467	0.000237	
1350071723.679281	1.000001	64.461807	51.039639	6.121393	1.226383	0.997926	1.192216	0.000312	1.226383	0.997926	1.192290	0.000242	1.226383	0.997924	1.192388	0.000236	1.192344	0.000237	1.226383	0.997923	1350071723.679406	1.000002	64.464400	51.186105	1.877758	1.224394	0.997604	1.192252	0.000368	1.224394	0.997596	1.193323	0.000441	1.224393	0.997595	1.193567	0.000346	1.224394	0.997593	1.193760	0.000299	
1350071724.679281	1.000000	64.462646	51.038895	6.127563	1.227011	0.998323	1.192339	0.000261	1.227011	0.998322	1.192112	0.000161	1.227011	0.998319	1.192031	0.000186	1.191827	0.000114	1.227011	0.998320	1350071724.679407	1.000001	64.461196	51.182294	1.878309	1.223921	0.997652	1.192210	0.001982	1.223920	0.997647	1.188873	0.000127	1.223920	0.997646	1.190922	0.000320	1.223920	0.997644	1.191667	0.000285	
1350071725.679281	1.000000	64.462936	51.041504	6.115234	1.226353	0.997991	1.192323	0.000260	1.226353	0.997988	1.192561	0.000173	1.226353	0.997988	1.192995	0.000249	1.193408	0.000156	1.226353	0.997987	1350071725.679404	0.999997	64.466020	51.184058	1.871298	1.223654	0.997432	1.192655	0.000324	1.223655	0.997420	1.193577	0.000176	1.223655	0.997418	1.192860	0.000359	1.223655	0.997416	1.192249	0.000258	
1350071726.679281	1.000000	64.080536	50.656677	6.127563	1.228839	0.998565	1.192254	0.000357	1.228839	0.998564	1.192396	0.000144	1.228839	0.998563	1.192241	0.000189	1.192415	0.000104	1.228839	0.998563	1350071726.679406	1.000002	64.200348	50.915705	1.966976	1.227165	0.998411	1.191109	0.000295	1.227165	0.998409	1.190242	0.000112	1.227165	0.998409	1.192373	0.000277	1.227165	0.998409	1.192375	0.000217	
1350071727.679281	1.000000	64.460846	51.039124	6.127563	1.226400	0.997948	1.192375	0.000304	1.226400	0.997946	1.192351	0.000193	1.226400	0.997945	1.191881	0.000245	1.191496	0.000168	1.226400	0.997945	1350071727.679404	0.999998	64.462632	51.177939	1.943287	1.222639	0.997243	1.193359	0.000355	1.222639	0.997241	1.193450	0.000208	1.222639	0.997239	1.192247	0.000382	1.222639	0.997237	1.192722	0.000297	
1350071728.679281	1.000000	64.463654	51.044174	6.121399	1.225767	0.998011	1.192487	0.000302	1.225767	0.998005	1.192118	0.000202	1.225767	0.998004	1.192040	0.000185	1.192385	0.000115	1.225767	0.998003	1350071728.679408	1.000004	64.400328	51.132392	1.926353	1.223113	0.997386	1.191691	0.000307	1.223113	0.997398	1.192780	0.000419	1.223113	0.997396	1.192312	0.000345	1.223113	0.997393	1.191030	0.000267	
1350071729.679281	1.000000	64.458755	51.035858	6.096741	1.225947	0.997907	1.191705	0.000320	1.225947	0.997906	1.192514	0.000176	1.225947	0.997904	1.192444	0.000244	1.192349	0.000181	1.225947	0.997903	1350071729.679406	0.999998	64.465394	51.181326	1.869968	1.223471	0.997440	1.191985	0.000328	1.223471	0.997424	1.191124	0.000163	1.223471	0.997423	1.192294	0.000347	1.223471	0.997421	1.192784	0.000285	
1350071730.679281	1.000000	64.463776	51.040100	6.102905	1.225359	0.997921	1.192228	0.000230	1.225359	0.997919	1.192432	0.000168	1.225359	0.997917	1.192087	0.000198	1.191921	0.000115	1.225359	0.997917	1350071730.679408	1.000002	64.460723	51.174661	1.805981	1.223209	0.997524	1.193231	0.000306	1.223209	0.997534	1.192142	0.000121	1.223209	0.997533	1.192221	0.000305	1.223209	0.997531	1.192751	0.000230	
1350071731.679281	1.000000	64.402756	50.991425	6.115234	1.224937	0.997742	1.192228	0.000275	1.224937	0.997752	1.192246	0.000176	1.224937	0.997751	1.192557	0.000228	1.192507	0.000157	1.224937	0.997751	1350071731.679401	0.999993	64.463199	51.178165	1.851194	1.223362	0.997479	1.191293	0.000329	1.223361	0.997465	1.191118	0.000170	1.223361	0.997463	1.192407	0.000341	1.223361	0.997463	1.192328	0.000271	
1350071732.679281	1.000000	64.462219	51.036163	6.115234	1.224974	0.997938	1.192333	0.000228	1.224974	0.997926	1.192117	0.000143	1.224974	0.997925	1.192393	0.000184	1.192353	0.000115	1.224974	0.997925	1350071732.679434	1.000033	64.463577	51.179148	1.766681	1.223418	0.997379	1.192766	0.000287	1.223418	0.997378	1.194148	0.000121	1.223418	0.997375	1.192344	0.000332	1.223418	0.997373	1.192382	0.000246	
1350071733.679281	1.000000	64.460907	51.029922	6.121399	1.224722	0.997704	1.192262	0.000301	1.224722	0.997703	1.192513	0.000234	1.224722	0.997701	1.192258	0.000233	1.192335	0.000152	1.224722	0.997701	1350071733.679408	0.999974	64.468030	51.181842	1.924855	1.222784	0.997113	1.191523	0.000336	1.222784	0.997110	1.192322	0.000465	1.222784	0.997107	1.192249	0.000385	1.222784	0.997105	1.192416	0.000289	
1350071734.679281	1.000000	64.464737	51.036621	6.115234	1.225394	0.997959	1.192256	0.000265	1.225393	0.997968	1.192099	0.000127	1.225393	0.997968	1.192266	0.000182	1.192224	0.000100	1.225393	0.997968	1350071734.679396	0.999988	64.466574	51.178787	1.855140	1.221989	0.997298	1.192435	0.002001	1.221989	0.997308	1.190713	0.000112	1.221988	0.997307	1.191685	0.000322	1.221988	0.997304	1.190869	0.000262	
1350071735.679281	1.000000	64.463516	51.030457	6.121384	1.225234	0.997672	1.192308	0.000335	1.225234	0.997660	1.192458	0.000239	1.225234	0.997658	1.192386	0.000233	1.192395	0.000178	1.225234	0.997658	1350071735.679408	1.000012	64.462473	51.176911	1.901802	1.222260	0.996880	1.187266	0.000698	1.222261	0.996882	1.189304	0.000449	1.222261	0.996879	1.185842	0.000469	1.222261	0.996878	1.193540	0.000316	
1350071736.679281	1.000000	64.464676	51.026810	6.108093	1.222909	0.997568	1.131724	0.003518	1.222909	0.997577	1.120387	0.002761	1.222909	0.997576	1.122442	0.002775	1.119533	0.002682	1.222909	0.997576	1350071736.679400	0.999992	64.464100	51.176318	1.802245	1.220795	0.997299	1.125500	0.003659	1.220795	0.997282	1.118713	0.002617	1.220795	0.997282	1.121220	0.002776	1.220795	0.997281	1.119941	0.002709	
1350071737.679281	1.000000	64.462280	51.026276	6.115234	1.223227	0.997340	1.192102	0.000275	1.223227	0.997326	1.192295	0.000188	1.223227	0.997325	1.192913	0.000226	1.193163	0.000157	1.223227	0.997325	1350071737.679403	1.000003	64.466673	51.177850	1.854639	1.222387	0.997160	1.191629	0.000338	1.222386	0.997157	1.192376	0.000201	1.222387	0.997155	1.192322	0.000370	1.222386	0.997154	1.192248	0.000273	
1350071738.679281	1.000000	64.467255	51.036270	6.115234	1.223223	0.997406	1.192338	0.000287	1.223223	0.997416	1.192322	0.000198	1.223223	0.997414	1.192280	0.000194	1.192406	0.000099	1.223222	0.997414	1350071738.679404	1.000001	64.461792	51.172833	1.908400	1.221238	0.996956	1.191666	0.000297	1.221238	0.996953	1.192088	0.000397	1.221238	0.996952	1.191569	0.000309	1.221238	0.996949	1.192332	0.000300	
1350071739.679289	1.000008	715770942.145157	715780319.513798	715760679.385698	0.999987	1.000198	0.999985	1.000201	0.999995	1.000198	0.999987	1.000199	0.999987	1.000200	0.999990	1.000196	0.999987	1.000201	0.999987	1.000198	1350071739.679376	0.999972	715786400.877702	715824544.216124	715832704.815102	0.999987	1.000198	0.999985	1.000200	3.893226	0.256906	0.999987	1.000198	0.999987	1.000201	0.999990	1.000196	0.999987	1.000201	0.999987	1.000199	
1350071740.679288	0.999999	0.000000	0.000000	0.000000	-nan	-nan	-nan	-nan	0.000000	inf	-nan	-nan	-nan	0.000000	-nan	-nan	-nan	-nan	-nan	-nan	1350071740.679357	0.999981	0.000000	0.000000	0.000000	-nan	-nan	-nan	-nan	0.000000	inf	-nan	-nan	-nan	-nan	-nan	-nan	-nan	-nan	-nan	-nan	
1350071741.679322	1.000034	0.000000	0.000000	0.000000	-nan	-nan	-nan	-nan	0.000000	inf	-nan	-nan	-nan	-nan	-nan	-nan	-nan	-nan	-nan	-nan	1350071741.679399	1.000042	0.000000	0.000000	0.000000	-nan	-nan	-nan	-nan	-nan	-nan	-nan	-nan	-nan	-nan	-nan	-nan	-nan	-nan	-nan	-nan	
