ts_0	elapsed_0	pkg_0	pp0_0	dram_0	freq_ratio_0_0	c0_ratio_0_0	freq_ratio_0_1	c0_ratio_0_1	freq_ratio_0_2	c0_ratio_0_2	freq_ratio_0_3	c0_ratio_0_3	freq_ratio_0_4	c0_ratio_0_4	freq_ratio_0_5	c0_ratio_0_5	freq_ratio_0_6	c0_ratio_0_6	freq_ratio_0_7	c0_ratio_0_7	ts_1	elapsed_1	pkg_1	pp0_1	dram_1	freq_ratio_1_0	c0_ratio_1_0	freq_ratio_1_1	c0_ratio_1_1	freq_ratio_1_2	c0_ratio_1_2	freq_ratio_1_3	c0_ratio_1_3	freq_ratio_1_4	c0_ratio_1_4	freq_ratio_1_5	c0_ratio_1_5	freq_ratio_1_6	c0_ratio_1_6	freq_ratio_1_7	c0_ratio_1_7	
1349478348.311061	1.000880	66.090324	51.732521	8.093692	1.121165	0.954432	1.120229	0.949352	1.120210	0.949303	1.120345	0.948760	1.116667	0.918279	1.116367	0.914307	1.095005	0.003946	1.123659	0.000096	1349478348.311214	1.000608	69.299650	54.880697	8.676671	0.986396	0.950308	0.986281	0.949902	0.986196	0.949535	0.983478	0.939194	0.981031	0.928312	0.981004	0.928181	0.980984	0.928194	0.997185	0.990320	
1349478349.311046	0.999985	64.615732	49.990665	9.552573	1.049947	0.996816	1.049946	0.996813	1.049946	0.996753	1.049946	0.996811	1.049946	0.996748	1.049946	0.996811	1.051231	0.003495	1.038508	0.000014	1349478349.311183	0.999969	64.708472	49.911245	10.414752	0.900424	0.995505	0.900425	0.995530	0.900425	0.995537	0.900423	0.995444	0.900425	0.995537	0.900422	0.995420	0.900422	0.995478	0.900424	0.995527	
1349478350.311045	0.999999	64.606858	49.988451	9.633020	1.051411	0.996495	1.051411	0.996507	1.051411	0.996486	1.051410	0.996496	1.051411	0.996489	1.051411	0.996496	1.045289	0.000505	1.047129	0.000253	1349478350.311183	1.000000	64.711349	49.912460	10.405930	0.899586	0.995473	0.899585	0.995556	0.899585	0.995558	0.899585	0.995552	0.899585	0.995567	0.899587	0.995401	0.899585	0.995547	0.899585	0.995549	
1349478351.311046	1.000001	64.610381	49.986708	9.543967	1.049916	0.996648	1.049915	0.996699	1.049913	0.996546	1.049915	0.996646	1.049913	0.996534	1.049915	0.996635	1.057355	0.000468	1.087708	0.000025	1349478351.311185	1.000002	64.707167	49.905514	10.352626	0.899346	0.995626	0.899346	0.995657	0.899346	0.995697	0.899345	0.995690	0.899345	0.995694	0.899347	0.995553	0.899345	0.995686	0.899345	0.995692	
1349478352.311062	1.000016	64.611822	49.981028	9.616088	1.049011	0.996675	1.049033	0.996639	1.049033	0.996603	1.049033	0.996566	1.049034	0.996575	1.049032	0.996540	1.048443	0.001610	1.050122	0.001225	1349478352.311223	1.000038	64.704441	49.894486	10.402422	0.899114	0.995128	0.899110	0.995078	0.899116	0.995130	0.899105	0.994944	0.899114	0.995113	0.899113	0.995034	0.899107	0.994976	0.899111	0.995473	
1349478353.311045	0.999983	64.601329	49.973426	9.529184	1.047966	0.997574	1.047965	0.997605	1.047965	0.997564	1.047965	0.997568	1.047965	0.997562	1.047964	0.997516	1.048148	0.003313	1.037954	0.000034	1349478353.311180	0.999957	64.702774	49.894063	10.389377	0.898538	0.995558	0.898537	0.995566	0.898536	0.995555	0.898541	0.995469	0.898537	0.995561	0.898539	0.995489	0.898540	0.995467	0.898535	0.995564	
1349478354.311046	1.000001	64.625625	49.992399	9.548773	1.047622	0.997573	1.047623	0.997574	1.047622	0.997564	1.047624	0.997574	1.047623	0.997565	1.047623	0.997571	1.049072	0.004863	1.032301	0.000078	1349478354.311207	1.000027	64.719417	49.906965	10.384211	0.898046	0.995294	0.898045	0.995413	0.898045	0.995396	0.898045	0.995412	0.898044	0.995401	0.898046	0.995215	0.898045	0.995403	0.898045	0.995419	
1349478355.311046	1.000000	64.541885	49.918411	9.529205	1.049098	0.996960	1.049097	0.996962	1.049098	0.996961	1.049097	0.996964	1.049097	0.996950	1.049096	0.996952	1.050012	0.003483	1.066190	0.000015	1349478355.311182	0.999975	64.709490	49.893797	10.352493	0.898215	0.995683	0.898214	0.995768	0.898214	0.995770	0.898213	0.995729	0.898215	0.995785	0.898215	0.995600	0.898214	0.995721	0.898215	0.995762	
1349478356.311053	1.000007	64.614116	49.969869	9.634806	1.048189	0.996915	1.048188	0.996941	1.048188	0.996895	1.048189	0.996906	1.048188	0.996881	1.048188	0.996899	1.047791	0.005080	1.051795	0.000189	1349478356.311196	1.000014	64.707616	49.887009	10.422430	0.897563	0.995598	0.897563	0.995554	0.897563	0.995590	0.897560	0.995506	0.897563	0.995549	0.897560	0.995521	0.897562	0.995532	0.897562	0.995597	
1349478357.311046	0.999993	64.606907	49.965220	9.483907	1.047600	0.997428	1.047601	0.997497	1.047601	0.997340	1.047600	0.997397	1.047601	0.997329	1.047600	0.997444	1.045589	0.006457	1.041115	0.000019	1349478357.311183	0.999987	64.697748	49.874113	10.437210	0.897692	0.995748	0.897692	0.995747	0.897692	0.995773	0.897693	0.995697	0.897692	0.995789	0.897694	0.995661	0.897692	0.995779	0.897693	0.995783	
1349478358.311047	1.000001	64.621353	49.978361	9.530249	1.048262	0.996923	1.048238	0.996974	1.048262	0.996906	1.048262	0.996911	1.048262	0.996901	1.048262	0.996910	1.047764	0.004356	1.037838	0.000099	1349478358.311184	1.000001	64.660659	49.844771	10.426275	0.897327	0.995655	0.897327	0.995655	0.897327	0.995649	0.897326	0.995647	0.897327	0.995656	0.897328	0.995510	0.897327	0.995650	0.897326	0.995643	
1349478359.311048	1.000001	64.608322	49.960951	9.466513	1.047811	0.997162	1.047810	0.997157	1.047810	0.997149	1.047810	0.997155	1.047810	0.997145	1.047810	0.997147	1.048944	0.004926	1.051549	0.000296	1349478359.311184	1.000000	64.706909	49.873154	10.403503	0.896907	0.995628	0.896906	0.995727	0.896906	0.995714	0.896907	0.995718	0.896907	0.995715	0.896908	0.995576	0.896906	0.995709	0.896907	0.995711	
1349478360.311062	1.000014	715816981.534762	715810311.348026	715780346.764997	0.999996	1.000170	0.999993	1.000172	0.999996	1.000177	0.999996	1.000170	0.999996	1.000172	0.999999	1.000167	0.999996	1.000172	0.999996	1.000170	1349478360.311162	0.999978	715786138.981763	715820249.234684	715786401.895885	0.999996	1.000170	0.999993	1.000172	3.892614	0.256941	0.999996	1.000170	0.999996	1.000172	0.999999	1.000167	0.999996	1.000172	0.999996	1.000169	
1349478361.311105	1.000043	0.000000	0.000000	0.000000	-nan	-nan	-nan	-nan	1.000008	inf	-nan	-nan	-nan	0.000000	-nan	-nan	-nan	-nan	-nan	-nan	1349478361.311167	1.000005	0.000000	0.000000	0.000000	-nan	-nan	-nan	-nan	1.345745	inf	-nan	-nan	-nan	-nan	-nan	-nan	-nan	-nan	-nan	-nan	
