ts_0	elapsed_0	pkg_0	pp0_0	dram_0	freq_ratio_0_0	c0_ratio_0_0	freq_ratio_0_1	c0_ratio_0_1	freq_ratio_0_2	c0_ratio_0_2	freq_ratio_0_3	c0_ratio_0_3	freq_ratio_0_4	c0_ratio_0_4	freq_ratio_0_5	c0_ratio_0_5	freq_ratio_0_6	c0_ratio_0_6	freq_ratio_0_7	c0_ratio_0_7	ts_1	elapsed_1	pkg_1	pp0_1	dram_1	freq_ratio_1_0	c0_ratio_1_0	freq_ratio_1_1	c0_ratio_1_1	freq_ratio_1_2	c0_ratio_1_2	freq_ratio_1_3	c0_ratio_1_3	freq_ratio_1_4	c0_ratio_1_4	freq_ratio_1_5	c0_ratio_1_5	freq_ratio_1_6	c0_ratio_1_6	freq_ratio_1_7	c0_ratio_1_7	
1350071334.894099	1.000198	68.353554	55.092705	6.107754	0.935661	0.996549	0.935661	0.996548	0.935660	0.996546	0.935660	0.996546	0.935659	0.996545	0.935659	0.996541	0.935658	0.996536	0.935658	0.996532	1350071334.894139	1.000197	64.350456	51.297530	2.741922	1.230468	0.997658	1.230468	0.997654	1.230468	0.997652	1.192357	0.001733	1.190977	0.000561	1.184487	0.000060	1.164818	0.000007	1.230468	0.997654	
1350071335.894096	0.999997	64.709399	51.445579	6.115147	0.904028	0.996244	0.904028	0.996242	0.904027	0.996238	0.904027	0.996237	0.904027	0.996235	0.904027	0.996233	0.904027	0.996231	0.904027	0.996230	1350071335.894135	0.999996	64.308870	51.259241	2.732296	1.230510	0.998219	1.230510	0.998218	1.230509	0.998216	1.192336	0.001027	1.192547	0.000487	1.160809	0.000080	1.192387	0.000076	1.230506	0.998165	
1350071336.894100	1.000004	64.672620	51.411809	6.102881	0.955473	0.003855	0.964014	0.997357	0.964013	0.997354	0.964014	0.997352	0.964014	0.997350	0.964014	0.997349	0.964014	0.997347	0.964015	0.997346	1350071336.894175	1.000040	64.597587	51.543315	2.840783	1.124180	0.996398	1.124180	0.996395	1.124180	0.996393	1.124170	0.996247	1.128948	0.002021	1.122640	0.000228	1.113640	0.000122	1.124172	0.996452	
1350071337.894112	1.000012	64.676948	51.416395	6.102833	0.961892	0.007036	0.962421	0.998370	0.962421	0.998369	0.962421	0.998368	0.962421	0.998366	0.962421	0.998364	0.962422	0.998364	0.962421	0.998363	1350071337.894172	0.999997	64.543108	51.487693	3.476085	1.123538	0.996537	1.123538	0.996534	1.123538	0.996531	1.123538	0.996529	1.124807	0.001569	1.148103	0.000065	1.152997	0.000045	1.123537	0.996531	
1350071338.894095	0.999983	64.657909	51.396286	6.095928	0.963008	0.009893	0.961405	0.776761	0.977482	0.998760	0.977483	0.998759	0.977483	0.998759	0.977484	0.998757	0.977484	0.998756	0.977485	0.998755	1350071338.894206	1.000034	64.581004	51.522368	3.491351	1.104527	0.996720	1.104526	0.996716	1.104526	0.996713	1.104526	0.996711	1.064130	0.005447	1.039232	0.224573	1.035738	0.002227	1.104518	0.996711	
1350071339.894095	1.000000	64.635315	51.376022	6.115173	1.035963	0.005008	1.039815	0.000409	1.036356	0.999340	1.036356	0.999340	1.036356	0.999340	1.036356	0.999339	1.036356	0.999338	1.036356	0.999338	1350071339.894208	1.000002	64.617080	51.560616	3.408136	1.041219	0.997510	1.041219	0.997508	1.041219	0.997506	1.041219	0.997505	1.041493	0.001756	1.041219	0.997504	1.039729	0.000499	1.041219	0.997501	
1350071340.894095	1.000000	64.629105	51.369095	6.115219	1.035252	0.003587	1.034876	0.000711	1.036636	0.999367	1.036636	0.999366	1.036636	0.999365	1.036636	0.999365	1.036636	0.999366	1.036636	0.999364	1350071340.894206	0.999998	64.616502	51.557685	3.414084	1.040677	0.997892	1.040677	0.997890	1.040677	0.997888	1.040677	0.997886	1.041982	0.001367	1.040677	0.997886	1.040405	0.002095	1.040677	0.997888	
1350071341.894095	1.000000	64.628082	51.367584	6.084412	1.037388	0.001891	1.036735	0.000321	1.038248	0.999546	1.038248	0.999545	1.038248	0.999545	1.038248	0.999544	1.038248	0.999544	1.038248	0.999543	1350071341.894210	1.000004	64.620695	51.562779	2.997333	1.040579	0.997872	1.040579	0.997871	1.040579	0.997869	1.040579	0.997869	1.040501	0.001478	1.040579	0.997868	1.039086	0.001146	1.040579	0.997866	
1350071342.894095	1.000000	64.622269	51.359467	6.102905	1.039184	0.001010	1.035497	0.000107	1.038769	0.999682	1.038769	0.999682	1.038769	0.999682	1.038769	0.999682	1.038769	0.999681	1.038769	0.999681	1350071342.894202	0.999992	64.552876	51.509390	2.719886	1.040739	0.997781	1.040739	0.997779	1.040739	0.997777	1.040739	0.997775	1.042111	0.001500	1.040739	0.997775	1.038529	0.000272	1.040739	0.997774	
1350071343.894095	1.000000	64.558197	51.307907	6.090576	1.039293	0.001181	1.041841	0.000065	1.038728	0.999614	1.038728	0.999614	1.038728	0.999613	1.038728	0.999612	1.038728	0.999612	1.038728	0.999611	1350071343.894208	1.000006	64.617672	51.557920	2.722884	1.041006	0.997688	1.041006	0.997685	1.041006	0.997684	1.041006	0.997683	1.040727	0.001622	1.041006	0.997682	1.042579	0.000354	1.041006	0.997681	
1350071344.894095	1.000000	64.626480	51.359146	6.096741	1.035223	0.002604	1.035165	0.000299	1.038319	0.999795	1.038319	0.999795	1.038319	0.999795	1.038319	0.999795	1.038319	0.999794	1.038319	0.999795	1350071344.894207	0.999999	64.615021	51.551929	2.727374	1.040758	0.997814	1.040758	0.997813	1.040758	0.997811	1.040758	0.997810	1.044659	0.001347	1.040759	0.997808	1.038883	0.000393	1.040761	0.997807	
1350071345.894095	1.000000	64.625214	51.358078	6.096741	1.037615	0.000970	1.037054	0.000830	1.038439	0.999686	1.038439	0.999685	1.038439	0.999685	1.038439	0.999684	1.038439	0.999684	1.038439	0.999684	1350071345.894207	1.000000	64.619568	51.555878	2.717529	1.041051	0.997607	1.041051	0.997605	1.041050	0.997603	1.041050	0.997602	1.043623	0.001316	1.041049	0.997600	1.038753	0.000527	1.041048	0.997600	
1350071346.894095	1.000000	64.623474	51.352402	6.109070	1.038432	0.000768	1.037819	0.000257	1.038617	0.999841	1.038617	0.999840	1.038617	0.999841	1.038617	0.999841	1.038617	0.999840	1.038617	0.999840	1350071346.894205	0.999998	64.619554	51.557365	2.722585	1.040933	0.997749	1.040933	0.997748	1.040932	0.997745	1.040932	0.997743	1.043206	0.001365	1.040932	0.997742	1.038574	0.000499	1.040933	0.997743	
1350071347.894095	1.000000	64.632935	51.361496	6.109070	1.037316	0.002037	1.039149	0.000248	1.037866	0.999681	1.037866	0.999681	1.037866	0.999680	1.037865	0.999680	1.037865	0.999680	1.037865	0.999680	1350071347.894208	1.000003	64.615919	51.556328	2.804938	1.041024	0.997642	1.041024	0.997640	1.041024	0.997638	1.041024	0.997636	1.040948	0.001153	1.041024	0.997635	1.042391	0.000536	1.041024	0.997634	
1350071348.894095	1.000000	64.633408	51.362503	6.090576	1.036920	0.004165	1.037776	0.000266	1.035836	0.999318	1.035836	0.999317	1.035837	0.999317	1.035837	0.999317	1.035837	0.999316	1.035837	0.999315	1350071348.894205	0.999997	64.619661	51.556724	3.300379	1.041083	0.997594	1.041083	0.997592	1.041083	0.997589	1.041083	0.997588	1.038192	0.001198	1.041083	0.997588	1.041902	0.000513	1.041083	0.997587	
1350071349.894095	1.000000	64.639236	51.370316	6.115234	1.036182	0.000953	1.036799	0.004672	1.034646	0.999091	1.034646	0.999091	1.034646	0.999090	1.034646	0.999089	1.034646	0.999088	1.034646	0.999087	1350071349.894208	1.000003	64.604094	51.523629	3.588688	1.061453	0.996818	1.061453	0.996815	1.061453	0.996814	1.061453	0.996809	1.064785	0.001049	1.061454	0.996808	1.057047	0.000557	1.061456	0.996808	
1350071350.894095	1.000000	64.602768	51.330154	6.102890	1.059525	0.003086	1.058950	0.001723	1.058529	0.996818	1.058529	0.996816	1.058529	0.996813	1.058529	0.996811	1.058529	0.996809	1.058529	0.996806	1350071350.894207	0.999999	64.602799	51.515445	3.200534	1.072974	0.999050	1.072974	0.999049	1.072974	0.999048	1.072974	0.999048	1.071498	0.000930	1.072974	0.999048	1.074664	0.000374	1.072974	0.999047	
1350071351.894102	1.000007	64.636958	51.360820	6.115192	1.046756	0.000993	1.037970	0.005683	1.036817	0.998438	1.036817	0.998437	1.036817	0.998436	1.036817	0.998434	1.036818	0.998433	1.036817	0.998432	1350071351.894215	1.000008	64.618800	51.535685	3.649857	1.044547	0.998513	1.044546	0.998512	1.044546	0.998511	1.044546	0.998510	1.045458	0.001104	1.044545	0.998509	1.044539	0.000665	1.044544	0.998506	
1350071352.894095	0.999993	64.640690	51.365513	6.115277	1.033916	0.000748	1.036620	0.004385	1.035054	0.999157	1.035054	0.999156	1.035054	0.999156	1.035054	0.999154	1.035054	0.999153	1.035054	0.999153	1350071352.894207	0.999992	64.617681	51.539145	3.349270	1.040307	0.998163	1.040307	0.998163	1.040307	0.998161	1.040307	0.998159	1.040084	0.001187	1.040307	0.998159	1.038233	0.000514	1.040307	0.998161	
1350071353.894095	1.000000	64.637695	51.361984	6.115234	1.033646	0.000964	1.034632	0.005178	1.034549	0.999046	1.034549	0.999045	1.034548	0.999045	1.034549	0.999044	1.034549	0.999044	1.034549	0.999042	1350071353.894230	1.000023	64.618333	51.544139	3.566203	1.040763	0.997844	1.040764	0.997843	1.040763	0.997840	1.040763	0.997838	1.038845	0.001139	1.040763	0.997838	1.042577	0.000692	1.040763	0.997837	
1350071354.894095	1.000000	64.640640	51.364578	6.127563	1.020310	0.003069	1.033704	0.006667	1.032942	0.998706	1.032942	0.998704	1.032942	0.998705	1.032942	0.998703	1.032942	0.998703	1.032942	0.998702	1350071354.894204	0.999974	64.619340	51.546918	3.775794	1.040092	0.998457	1.040092	0.998456	1.040092	0.998455	1.040092	0.998453	1.038579	0.001124	1.040092	0.998452	1.037783	0.000512	1.040092	0.998451	
1350071355.894095	1.000000	64.572845	51.310898	6.121323	1.032889	0.006702	1.029252	0.001703	1.032324	0.998569	1.032324	0.998568	1.032324	0.998567	1.032324	0.998565	1.032324	0.998564	1.032324	0.998563	1350071355.894206	1.000002	64.553512	51.491250	3.792122	1.039931	0.998571	1.039931	0.998571	1.039931	0.998570	1.039931	0.998569	1.040534	0.001189	1.039931	0.998569	1.038441	0.000546	1.039931	0.998568	
1350071356.894095	1.000000	64.639648	51.361954	6.121399	1.037591	0.000610	1.037032	0.004534	1.035572	0.999299	1.035573	0.999298	1.035573	0.999298	1.035573	0.999297	1.035573	0.999297	1.035573	0.999296	1350071356.894205	0.999999	64.618760	51.545047	3.217258	1.039872	0.998596	1.039872	0.998595	1.039872	0.998594	1.039872	0.998593	1.039461	0.001117	1.039872	0.998592	1.038306	0.000495	1.039872	0.998593	
1350071357.894095	1.000000	64.639053	51.361359	6.072083	1.027352	0.001065	1.034981	0.005534	1.034415	0.999047	1.034415	0.999046	1.034415	0.999045	1.034415	0.999046	1.034415	0.999045	1.034415	0.999044	1350071357.894209	1.000004	64.621045	51.549428	3.486131	1.039764	0.998731	1.039764	0.998730	1.039764	0.998730	1.039764	0.998728	1.039476	0.000930	1.039764	0.998728	1.038713	0.000790	1.039764	0.998728	
1350071358.894095	1.000000	64.629242	51.351089	6.102905	1.036625	0.000798	1.036316	0.000346	1.037698	0.999818	1.037698	0.999818	1.037699	0.999818	1.037699	0.999818	1.037699	0.999818	1.037699	0.999818	1350071358.894205	0.999996	64.618701	51.546794	2.731487	1.039804	0.998709	1.039804	0.998708	1.039804	0.998706	1.039804	0.998705	1.039549	0.000901	1.039804	0.998704	1.040061	0.000788	1.039804	0.998704	
1350071359.894095	1.000000	64.642075	51.361694	6.109070	1.032157	0.007727	1.032049	0.001432	1.032296	0.998561	1.032296	0.998560	1.032296	0.998559	1.032296	0.998558	1.032296	0.998556	1.032296	0.998556	1350071359.894210	1.000005	64.620831	51.553254	3.821453	1.039795	0.998657	1.039794	0.998656	1.039794	0.998655	1.039795	0.998654	1.038339	0.000900	1.039795	0.998653	1.039015	0.000749	1.039794	0.998653	
1350071360.894095	1.000000	64.639816	51.360611	6.084396	1.035319	0.005159	1.028641	0.001292	1.033749	0.998908	1.033749	0.998907	1.033749	0.998906	1.033749	0.998906	1.033749	0.998905	1.033749	0.998905	1350071360.894208	0.999998	64.617402	51.543647	3.541938	1.040123	0.998363	1.040123	0.998361	1.040123	0.998359	1.040123	0.998357	1.043602	0.000920	1.040123	0.998357	1.039712	0.000740	1.040123	0.998357	
1350071361.894095	1.000000	64.641037	51.361801	6.115234	1.037379	0.000940	1.035390	0.003408	1.035175	0.999228	1.035175	0.999227	1.035175	0.999226	1.035174	0.999226	1.035174	0.999225	1.035174	0.999225	1350071361.894209	1.000001	64.620010	51.541394	3.275037	1.039869	0.998615	1.039869	0.998613	1.039869	0.998612	1.039869	0.998611	1.041262	0.000942	1.039869	0.998612	1.039358	0.000804	1.039869	0.998611	
1350071362.894095	1.000000	64.636963	51.355896	6.109070	1.036691	0.003574	1.036357	0.000665	1.035336	0.999239	1.035336	0.999238	1.035336	0.999237	1.035336	0.999236	1.035335	0.999236	1.035335	0.999235	1350071362.894206	0.999997	64.617266	51.538932	3.091456	1.040183	0.998319	1.040183	0.998317	1.040183	0.998316	1.040183	0.998315	1.038216	0.000927	1.040183	0.998315	1.038707	0.000711	1.040183	0.998315	
1350071363.894095	1.000000	64.569473	51.301788	6.089508	0.994378	0.007854	0.954327	0.004254	1.032578	0.998827	1.032578	0.998826	1.032578	0.998825	1.032578	0.998824	1.032579	0.998824	1.032579	0.998823	1350071363.894207	1.000001	64.620361	51.543835	3.285580	1.038488	0.998517	1.038488	0.998514	1.038488	0.998513	1.038488	0.998512	0.979064	0.005063	1.038488	0.998512	0.986479	0.004008	1.038488	0.998511	
1350071364.894095	1.000000	64.641479	51.363144	6.096741	1.020375	0.002579	1.036904	0.000449	1.036406	0.999522	1.036406	0.999522	1.036406	0.999522	1.036406	0.999521	1.036406	0.999521	1.036406	0.999521	1350071364.894202	0.999995	64.619357	51.541350	2.707396	1.039887	0.998593	1.039887	0.998591	1.039887	0.998591	1.039887	0.998589	1.039847	0.000916	1.039887	0.998588	1.040729	0.000827	1.039887	0.998587	
1350071365.894095	1.000000	64.640472	51.360687	6.084412	1.026011	0.001877	1.033160	0.004289	1.033666	0.998900	1.033666	0.998899	1.033666	0.998898	1.033665	0.998897	1.033665	0.998896	1.033665	0.998895	1350071365.894208	1.000006	64.618328	51.540937	3.341579	1.040137	0.998392	1.040137	0.998391	1.040137	0.998389	1.040137	0.998388	1.041081	0.000934	1.040137	0.998387	1.040487	0.000757	1.040137	0.998388	
1350071366.894095	1.000000	64.625778	51.345078	6.127563	1.036157	0.000657	1.038741	0.005188	1.038011	0.998465	1.038011	0.998463	1.038011	0.998462	1.038012	0.998461	1.038012	0.998459	1.038012	0.998460	1350071366.894203	0.999995	64.609225	51.527312	3.583865	1.048122	0.998401	1.048123	0.998400	1.048123	0.998399	1.048123	0.998397	1.048579	0.000863	1.048124	0.998397	1.051735	0.000697	1.048125	0.998396	
1350071367.894100	1.000005	715800172.260292	715759484.134709	715807678.851019	0.999988	1.000200	0.999985	1.000203	4996.294846	0.000200	0.999988	1.000200	0.999988	4.001096	0.999990	1.000198	0.999988	1.000203	0.999988	1.000201	1350071367.894197	0.999994	715791890.256197	715767255.751500	715823963.677197	0.999988	1.000200	0.999985	1.000203	3.893203	0.256908	0.999988	1.000200	0.999988	1.000202	0.999990	1.000198	0.999988	1.000203	0.999988	1.000201	
1350071368.894096	0.999996	0.000000	0.000000	0.000000	-nan	-nan	-nan	-nan	0.000000	inf	-nan	-nan	-nan	0.000000	0.000000	inf	-nan	-nan	-nan	-nan	1350071368.894169	0.999972	0.000000	0.000000	0.000000	-nan	-nan	-nan	-nan	0.000000	inf	-nan	-nan	-nan	-nan	-nan	-nan	-nan	-nan	-nan	-nan	
1350071369.894096	1.000000	0.000000	0.000000	0.000000	-nan	-nan	-nan	-nan	729673024804.620850	inf	-nan	-nan	-nan	0.000000	0.000000	inf	-nan	-nan	-nan	-nan	1350071369.894166	0.999997	0.000000	0.000000	0.000000	-nan	-nan	-nan	-nan	inf	-nan	-nan	-nan	-nan	-nan	-nan	-nan	-nan	-nan	-nan	-nan	
