ts_0	elapsed_0	pkg_0	pp0_0	dram_0	freq_ratio_0_0	c0_ratio_0_0	freq_ratio_0_1	c0_ratio_0_1	freq_ratio_0_2	c0_ratio_0_2	freq_ratio_0_3	c0_ratio_0_3	freq_ratio_0_4	c0_ratio_0_4	freq_ratio_0_5	c0_ratio_0_5	freq_ratio_0_6	c0_ratio_0_6	freq_ratio_0_7	c0_ratio_0_7	ts_1	elapsed_1	pkg_1	pp0_1	dram_1	freq_ratio_1_0	c0_ratio_1_0	freq_ratio_1_1	c0_ratio_1_1	freq_ratio_1_2	c0_ratio_1_2	freq_ratio_1_3	c0_ratio_1_3	freq_ratio_1_4	c0_ratio_1_4	freq_ratio_1_5	c0_ratio_1_5	freq_ratio_1_6	c0_ratio_1_6	freq_ratio_1_7	c0_ratio_1_7	
1350063682.315357	1.000211	53.786564	40.740000	3.796105	0.811076	0.997822	0.809417	0.686300	0.811075	0.997820	0.811074	0.997818	0.811074	0.997817	0.811073	0.997815	0.811073	0.997815	0.811072	0.997813	1350063682.315440	1.000247	48.754391	35.550957	1.601625	0.999999	1.000000	1.000000	1.000000	1.000000	1.000000	0.999999	0.999999	1.000000	0.316667	0.999446	0.001387	0.982554	0.000020	0.994832	0.000026	
1350063683.315354	0.999997	50.818181	37.775019	3.793133	0.814305	0.996332	0.813069	0.000142	0.814306	0.996331	0.814306	0.996329	0.814306	0.996327	0.814306	0.996324	0.814307	0.996321	0.814307	0.996319	1350063683.315429	0.999989	50.798607	37.580200	1.592791	0.962118	0.999876	0.962118	0.999876	0.962118	0.999876	0.962118	0.999876	0.962118	0.999876	0.961125	0.003674	0.961667	0.000970	0.961408	0.000987	
1350063684.315353	0.999999	50.820437	37.773550	3.801197	0.813682	0.996379	0.824358	0.000252	0.813681	0.996378	0.813681	0.996378	0.813680	0.996375	0.813680	0.996372	0.813680	0.996370	0.813680	0.996367	1350063684.315424	0.999995	50.754343	37.531789	1.583123	0.961462	0.999966	0.961462	0.999966	0.961462	0.999966	0.961462	0.999966	0.961461	0.999966	0.961475	0.003690	0.961335	0.000913	0.961256	0.000904	
1350063685.315353	1.000000	50.820923	37.769745	3.797272	0.813180	0.996345	0.818259	0.000201	0.813180	0.996345	0.813180	0.996343	0.813180	0.996340	0.813180	0.996336	0.813180	0.996335	0.813180	0.996332	1350063685.315426	1.000002	50.750391	37.527898	1.581174	0.961538	1.000000	0.961538	1.000000	0.961538	1.000000	0.961538	1.000000	0.961539	1.000000	0.961492	0.003882	0.961492	0.000995	0.961408	0.000999	
1350063686.315353	1.000000	50.816650	37.763123	3.805054	0.812840	0.996391	0.814824	0.000724	0.812840	0.996390	0.812840	0.996388	0.812840	0.996386	0.812840	0.996384	0.812840	0.996381	0.812840	0.996379	1350063686.315425	0.999999	50.700900	37.490057	1.582719	0.961539	1.000000	0.961539	1.000000	0.961539	1.000000	0.961538	1.000000	0.961538	1.000000	0.961501	0.003846	0.961695	0.000911	0.961831	0.000897	
1350063687.315353	1.000000	50.820236	37.765579	3.789963	0.812801	0.996396	0.819778	0.000190	0.812802	0.996397	0.812801	0.996394	0.812801	0.996391	0.812801	0.996389	0.812801	0.996386	0.812801	0.996385	1350063687.315427	1.000002	50.751902	37.527486	1.591092	0.961538	1.000000	0.961539	1.000000	0.961538	1.000000	0.961538	1.000000	0.961539	1.000000	0.961494	0.003595	0.961653	0.000935	0.961068	0.001020	
1350063688.315353	1.000000	50.818970	37.764130	3.778061	0.812536	0.996448	0.812491	0.000267	0.812537	0.996447	0.812537	0.996444	0.812537	0.996441	0.812537	0.996439	0.812538	0.996436	0.812538	0.996434	1350063688.315422	0.999995	50.752985	37.528310	1.591133	0.961539	1.000000	0.961538	1.000000	0.961538	1.000000	0.961538	1.000000	0.961538	1.000000	0.961517	0.003709	0.961682	0.000835	0.962224	0.000918	
1350063689.315354	1.000001	50.817929	37.765528	3.792568	0.812041	0.996341	0.806348	0.003955	0.812040	0.996339	0.812040	0.996337	0.812040	0.996335	0.812039	0.996331	0.812039	0.996330	0.812039	0.996327	1350063689.315427	1.000005	50.753973	37.526851	1.584343	0.958230	0.999542	0.958231	0.999542	0.958231	0.999542	0.958231	0.999542	0.958231	0.999541	0.906707	0.006917	0.864018	0.004972	0.869889	0.004107	
1350063690.315353	0.999999	50.769503	37.728002	3.793125	0.812199	0.996328	0.808094	0.000396	0.812200	0.996327	0.812200	0.996324	0.812201	0.996322	0.812201	0.996320	0.812201	0.996318	0.812201	0.996315	1350063690.315419	0.999992	50.752044	37.524688	1.584836	0.961528	1.000000	0.961538	1.000000	0.961538	1.000000	0.961538	1.000000	0.961538	1.000000	0.961505	0.003368	0.961808	0.000906	0.961723	0.001213	
1350063691.315353	1.000000	50.819397	37.763641	3.797546	0.812438	0.996418	0.829555	0.000556	0.812438	0.996416	0.812438	0.996413	0.812438	0.996409	0.812438	0.996406	0.812438	0.996407	0.812438	0.996404	1350063691.315422	1.000003	50.752132	37.524878	1.583033	0.961549	0.999988	0.961539	1.000000	0.961538	1.000000	0.961538	1.000000	0.961538	1.000000	0.961431	0.003529	0.961408	0.000963	0.961376	0.001435	
1350063692.315353	1.000000	50.821472	37.767212	3.774429	0.812096	0.996332	0.794473	0.002603	0.812095	0.996331	0.812095	0.996329	0.812094	0.996325	0.812094	0.996324	0.812094	0.996321	0.812094	0.996319	1350063692.315425	1.000003	50.750331	37.522482	1.588069	0.961246	0.999901	0.961246	0.999889	0.961247	0.999889	0.961246	0.999889	0.961246	0.999889	0.961383	0.003403	0.961296	0.000946	0.961364	0.001295	
1350063693.315353	1.000000	50.819809	37.761948	3.789795	0.812483	0.996482	0.812864	0.000190	0.812483	0.996483	0.812483	0.996479	0.812483	0.996478	0.812483	0.996474	0.812483	0.996472	0.812483	0.996470	1350063693.315426	1.000001	50.754728	37.525477	1.578551	0.961404	0.999933	0.961404	0.999933	0.961404	0.999933	0.961403	0.999933	0.961404	0.999933	0.961346	0.003525	0.961072	0.001103	0.961074	0.001460	
1350063694.315353	1.000000	50.817764	37.760941	3.801361	0.812401	0.996400	0.808030	0.000243	0.812401	0.996400	0.812401	0.996396	0.812401	0.996393	0.812401	0.996393	0.812401	0.996389	0.812401	0.996387	1350063694.315424	0.999998	50.752904	37.524882	1.588092	0.961381	0.999944	0.961380	0.999945	0.961380	0.999945	0.961381	0.999944	0.961380	0.999945	0.961499	0.003421	0.961495	0.000895	0.961562	0.001242	
1350063695.315354	1.000001	50.820798	37.764094	3.797100	0.812434	0.996459	0.807659	0.000229	0.812434	0.996459	0.812434	0.996457	0.812434	0.996456	0.812434	0.996454	0.812433	0.996452	0.812434	0.996449	1350063695.315426	1.000002	50.753092	37.527455	1.582852	0.961284	0.999923	0.961284	0.999923	0.961284	0.999923	0.961284	0.999923	0.961284	0.999923	0.960799	0.003383	0.961337	0.000846	0.960490	0.001329	
1350063696.315353	0.999999	50.818713	37.759008	3.785648	0.812218	0.996461	0.810321	0.000610	0.812218	0.996460	0.812218	0.996458	0.812218	0.996457	0.812218	0.996455	0.812218	0.996452	0.812218	0.996450	1350063696.315427	1.000001	50.701368	37.488520	1.581450	0.961538	0.999995	0.961538	1.000000	0.961539	1.000000	0.961538	1.000000	0.961538	1.000000	0.961478	0.003458	0.961563	0.000836	0.961575	0.001179	
1350063697.315353	1.000000	50.820114	37.762238	3.796951	0.812110	0.996394	0.818152	0.000202	0.812111	0.996392	0.812110	0.996389	0.812110	0.996386	0.812110	0.996385	0.812110	0.996382	0.812110	0.996380	1350063697.315426	0.999999	50.749728	37.520223	1.589555	0.961538	1.000005	0.961538	1.000000	0.961538	1.000000	0.961538	1.000000	0.961538	1.000000	0.961572	0.003609	0.961554	0.001035	0.961417	0.001420	
1350063698.315353	1.000000	50.819092	37.762665	3.800980	0.812421	0.996540	0.812439	0.000246	0.812421	0.996538	0.812421	0.996537	0.812421	0.996533	0.812421	0.996532	0.812421	0.996530	0.812421	0.996528	1350063698.315425	0.999999	50.749957	37.519918	1.589815	0.965100	0.999521	0.965100	0.999521	0.965100	0.999520	0.965101	0.999520	0.965101	0.999520	0.964710	0.003488	0.961764	0.000949	0.962302	0.001331	
1350063699.315354	1.000001	50.819181	37.761591	3.785946	0.812122	0.996133	0.807635	0.000236	0.812122	0.996133	0.812122	0.996130	0.812122	0.996128	0.812122	0.996127	0.812122	0.996124	0.812122	0.996121	1350063699.315427	1.000002	50.740946	37.501058	1.588147	0.991635	0.998221	0.991635	0.998221	0.991635	0.998220	0.991635	0.998218	0.991635	0.998217	0.983071	0.003245	0.961798	0.000947	0.967692	0.001318	
1350063700.315353	0.999999	50.818713	37.762136	3.801456	0.812343	0.996320	0.807539	0.000239	0.812343	0.996320	0.812343	0.996316	0.812343	0.996316	0.812343	0.996312	0.812343	0.996311	0.812343	0.996308	1350063700.315423	0.999996	50.741050	37.496002	1.583213	0.989822	0.997884	0.989822	0.997882	0.989822	0.997880	0.989822	0.997878	0.989822	0.997877	0.981036	0.003434	0.961878	0.001045	0.966787	0.001385	
1350063701.315353	1.000000	50.769333	37.724182	3.785950	0.812253	0.996387	0.809119	0.000533	0.812253	0.996386	0.812253	0.996384	0.812252	0.996383	0.812252	0.996378	0.812252	0.996377	0.812252	0.996374	1350063701.315459	1.000036	50.741810	37.495156	1.589542	0.989733	0.997973	0.989733	0.997970	0.989733	0.997969	0.989733	0.997967	0.989733	0.997965	0.979087	0.003364	0.962046	0.001066	0.969050	0.001427	
1350063702.315354	1.000001	50.815442	37.756663	3.789273	0.820633	0.997076	0.789672	0.002651	0.820633	0.997074	0.820633	0.997071	0.820633	0.997070	0.820633	0.997069	0.820633	0.997066	0.820633	0.997065	1350063702.315425	0.999966	50.751822	37.505109	1.586114	0.970169	0.999232	0.970169	0.999231	0.970169	0.999230	0.970168	0.999230	0.970168	0.999229	0.966923	0.003754	0.961739	0.001277	0.962831	0.001675	
1350063703.315353	0.999999	50.819506	37.757940	3.801151	0.812110	0.996303	0.818372	0.000202	0.812111	0.996303	0.812111	0.996299	0.812110	0.996298	0.812110	0.996295	0.812110	0.996294	0.812110	0.996291	1350063703.315426	1.000001	50.753476	37.511927	1.586729	0.961133	0.999844	0.961133	0.999845	0.961133	0.999844	0.961133	0.999844	0.961133	0.999844	0.960964	0.003819	0.960778	0.001341	0.960611	0.001801	
1350063704.315353	1.000000	50.822586	37.759445	3.778259	0.812172	0.996486	0.812593	0.000214	0.812172	0.996486	0.812172	0.996485	0.812172	0.996483	0.812172	0.996480	0.812172	0.996479	0.812172	0.996478	1350063704.315423	0.999997	50.751668	37.513056	1.581823	0.961539	1.000000	0.961538	1.000000	0.961538	1.000000	0.961538	1.000000	0.961538	1.000000	0.961516	0.003911	0.961684	0.001271	0.961678	0.001695	
1350063705.315354	1.000001	50.816922	37.754130	3.804943	0.811863	0.996250	0.810825	0.000343	0.811862	0.996248	0.811863	0.996246	0.811863	0.996244	0.811863	0.996241	0.811863	0.996238	0.811862	0.996236	1350063705.315426	1.000003	50.701701	37.480520	1.592921	0.961538	1.000000	0.961538	1.000000	0.961538	1.000000	0.961538	1.000000	0.961539	1.000000	0.961522	0.003873	0.961557	0.001208	0.961532	0.001590	
1350063706.315353	0.999999	50.817080	37.754705	3.804859	0.811846	0.996388	0.829745	0.000644	0.811847	0.996387	0.811847	0.996384	0.811847	0.996382	0.811847	0.996380	0.811847	0.996377	0.811847	0.996375	1350063706.315420	0.999994	50.751249	37.515299	1.589670	0.961205	0.999888	0.961205	0.999888	0.961205	0.999888	0.961205	0.999887	0.961205	0.999887	0.961276	0.003843	0.961238	0.001267	0.961251	0.001667	
1350063707.315353	1.000000	50.821762	37.759338	3.778229	0.811929	0.996453	0.808717	0.000191	0.811928	0.996451	0.811928	0.996448	0.811928	0.996447	0.811928	0.996443	0.811927	0.996441	0.811927	0.996440	1350063707.315424	1.000004	50.749916	37.513245	1.591195	0.961278	0.999856	0.961278	0.999856	0.961279	0.999856	0.961278	0.999856	0.961278	0.999856	0.961332	0.003745	0.961383	0.001335	0.961360	0.001792	
1350063708.315353	1.000000	50.818222	37.757095	3.789673	0.811635	0.996369	0.806952	0.001661	0.811635	0.996370	0.811635	0.996366	0.811635	0.996366	0.811635	0.996363	0.811635	0.996360	0.811635	0.996358	1350063708.315425	1.000001	50.752836	37.516398	1.583083	0.961324	0.999922	0.961324	0.999922	0.961324	0.999922	0.961324	0.999922	0.961324	0.999922	0.961470	0.003864	0.961427	0.001225	0.961037	0.001646	
1350063709.315353	1.000000	50.820053	37.755966	3.797348	0.812164	0.996439	0.807746	0.000203	0.812164	0.996439	0.812164	0.996437	0.812163	0.996432	0.812164	0.996432	0.812163	0.996429	0.812163	0.996427	1350063709.315426	1.000001	50.752469	37.517161	1.584898	0.961502	0.999967	0.961502	0.999966	0.961502	0.999966	0.961502	0.999966	0.961502	0.999966	0.961468	0.003770	0.961431	0.001266	0.961427	0.001670	
1350063710.315353	1.000000	50.819046	37.756210	3.785583	0.811915	0.996504	0.816591	0.000236	0.811915	0.996505	0.811915	0.996504	0.811915	0.996502	0.811915	0.996499	0.811915	0.996497	0.811915	0.996495	1350063710.315424	0.999998	50.752828	37.516978	1.581851	0.961538	1.000000	0.961538	1.000000	0.961539	1.000000	0.961538	1.000000	0.961538	1.000000	0.961448	0.003872	0.961579	0.001239	0.961617	0.001682	
1350063711.315353	1.000000	50.819809	37.755020	3.800797	0.812344	0.996445	0.808003	0.000549	0.812345	0.996434	0.812344	0.996431	0.812344	0.996430	0.812344	0.996426	0.812344	0.996426	0.812344	0.996421	1350063711.315430	1.000006	50.750552	37.514928	1.589560	0.961538	1.000000	0.961538	1.000000	0.961538	1.000000	0.961539	1.000000	0.961539	1.000000	0.961609	0.003912	0.961622	0.001363	0.961638	0.001770	
1350063712.315353	1.000000	50.768402	37.717667	3.781937	0.812072	0.996566	0.800906	0.002582	0.812072	0.996577	0.812072	0.996574	0.812071	0.996571	0.812072	0.996569	0.812071	0.996567	0.812071	0.996565	1350063712.315423	0.999993	50.751419	37.513931	1.583141	0.961377	0.999944	0.961377	0.999944	0.961377	0.999944	0.961377	0.999944	0.961376	0.999944	0.961348	0.003787	0.961443	0.001273	0.961380	0.001673	
1350063713.315353	1.000000	50.817886	37.752304	3.801239	0.812348	0.996331	0.808471	0.000197	0.812349	0.996328	0.812350	0.996326	0.812350	0.996323	0.812350	0.996322	0.812350	0.996320	0.812350	0.996317	1350063713.315425	1.000002	50.752543	37.513158	1.591199	0.961410	0.999943	0.961410	0.999943	0.961410	0.999943	0.961410	0.999943	0.961410	0.999943	0.961263	0.003913	0.961325	0.001430	0.961347	0.001873	
1350063714.315353	1.000000	50.820435	37.758240	3.773590	0.811849	0.996437	0.791421	0.003947	0.811849	0.996438	0.811849	0.996434	0.811849	0.996434	0.811849	0.996430	0.811849	0.996429	0.811849	0.996425	1350063714.315431	1.000006	50.755099	37.514822	1.589148	0.958118	0.999669	0.958118	0.999669	0.958118	0.999668	0.958118	0.999668	0.958118	0.999668	0.912962	0.006898	0.873311	0.005289	0.891601	0.004605	
1350063715.315354	1.000001	50.818616	37.757456	3.804943	0.812000	0.996531	0.809257	0.000204	0.812000	0.996529	0.812000	0.996526	0.812000	0.996526	0.812000	0.996524	0.812000	0.996521	0.812000	0.996521	1350063715.315424	0.999993	50.699844	37.471878	1.587917	0.960047	0.999537	0.960047	0.999537	0.960047	0.999536	0.960048	0.999536	0.960047	0.999535	0.958453	0.003719	0.960575	0.001442	0.960557	0.001828	
1350063716.315353	0.999999	50.821231	37.759527	3.786304	0.811790	0.996512	0.807982	0.000591	0.811788	0.996510	0.811788	0.996507	0.811788	0.996502	0.811788	0.996500	0.811787	0.996496	0.811787	0.996496	1350063716.315423	0.999999	50.751773	37.509435	1.589632	0.961539	0.999995	0.961538	1.000000	0.961538	1.000000	0.961538	1.000000	0.961539	1.000000	0.961577	0.003876	0.961614	0.001369	0.961715	0.001765	
1350063717.315353	1.000000	50.819733	37.756271	3.800995	0.812049	0.996530	0.807662	0.000567	0.812050	0.996530	0.812050	0.996529	0.812049	0.996529	0.812049	0.996524	0.812049	0.996523	0.812049	0.996522	1350063717.315427	1.000004	50.752571	37.509522	1.589471	0.961352	0.999960	0.961352	0.999955	0.961352	0.999955	0.961352	0.999955	0.961353	0.999955	0.961476	0.003913	0.961639	0.001416	0.961468	0.001781	
1350063718.315353	1.000000	50.818405	37.751160	3.789352	0.812212	0.996388	0.814622	0.000241	0.812212	0.996387	0.812211	0.996383	0.812211	0.996381	0.812212	0.996379	0.812211	0.996377	0.812211	0.996374	1350063718.315427	1.000000	50.750824	37.510284	1.587997	0.961114	0.999853	0.961114	0.999853	0.961114	0.999852	0.961114	0.999853	0.961113	0.999852	0.961016	0.003751	0.961149	0.001368	0.961629	0.001759	
1350063719.315353	1.000000	50.819580	37.748596	3.804993	0.812671	0.996596	0.809854	0.000193	0.812671	0.996594	0.812671	0.996592	0.812671	0.996590	0.812671	0.996587	0.812671	0.996585	0.812671	0.996583	1350063719.315426	0.999999	50.743533	37.498159	1.589601	0.983729	0.998322	0.983728	0.998320	0.983728	0.998319	0.983728	0.998317	0.983729	0.998316	0.975081	0.003418	0.963609	0.001160	0.966832	0.001511	
1350063720.315360	1.000007	50.819000	37.746886	3.793614	0.812679	0.996393	0.817504	0.000237	0.812679	0.996394	0.812679	0.996390	0.812678	0.996389	0.812679	0.996387	0.812679	0.996384	0.812679	0.996380	1350063720.315430	1.000004	50.740593	37.486512	1.583337	0.989388	0.998011	0.989389	0.998009	0.989389	0.998006	0.989389	0.998005	0.989389	0.998003	0.978590	0.003350	0.961858	0.001069	0.966821	0.001433	
1350063721.315360	1.000000	50.820831	37.756561	3.785599	0.812099	0.996461	0.807717	0.000555	0.812099	0.996461	0.812099	0.996459	0.812099	0.996456	0.812098	0.996454	0.812098	0.996451	0.812098	0.996449	1350063721.315433	1.000003	50.742198	37.485235	1.594416	0.987934	0.997687	0.987934	0.997685	0.987934	0.997683	0.987934	0.997683	0.987934	0.997680	0.978032	0.003663	0.963874	0.001298	0.966922	0.001644	
1350063722.315373	1.000013	715796150.044564	715753149.320210	715798880.358935	0.999982	1.000163	0.999979	1.000166	0.999990	1.000163	0.999981	1.000161	0.999982	1.000166	0.999984	1.000157	0.999981	1.000163	0.999982	1.000164	1350063722.315491	1.000058	715722495.047037	715724746.645242	715757952.175329	0.999982	1.000165	0.999979	1.000163	3.893576	0.256873	0.999981	1.000161	0.999982	1.000165	0.999984	1.000159	0.999981	1.000162	0.999982	1.000165	
1350063723.315413	1.000040	0.000000	0.000000	0.000000	-nan	-nan	-nan	-nan	0.000000	inf	-nan	-nan	-nan	0.000000	-nan	-nan	-nan	-nan	-nan	-nan	1350063723.315493	1.000002	0.000000	0.000000	0.000000	-nan	-nan	-nan	-nan	0.000000	inf	-nan	-nan	-nan	-nan	-nan	-nan	-nan	-nan	-nan	-nan	
