ts_0	elapsed_0	pkg_0	pp0_0	dram_0	freq_ratio_0_0	c0_ratio_0_0	freq_ratio_0_1	c0_ratio_0_1	freq_ratio_0_2	c0_ratio_0_2	freq_ratio_0_3	c0_ratio_0_3	freq_ratio_0_4	c0_ratio_0_4	freq_ratio_0_5	c0_ratio_0_5	freq_ratio_0_6	c0_ratio_0_6	freq_ratio_0_7	c0_ratio_0_7	ts_1	elapsed_1	pkg_1	pp0_1	dram_1	freq_ratio_1_0	c0_ratio_1_0	freq_ratio_1_1	c0_ratio_1_1	freq_ratio_1_2	c0_ratio_1_2	freq_ratio_1_3	c0_ratio_1_3	freq_ratio_1_4	c0_ratio_1_4	freq_ratio_1_5	c0_ratio_1_5	freq_ratio_1_6	c0_ratio_1_6	freq_ratio_1_7	c0_ratio_1_7	
1350063682.315712	1.000223	53.839545	40.655518	6.095351	0.813645	0.996665	0.813645	0.996660	0.813644	0.996659	0.813643	0.996657	0.813642	0.996657	0.813641	0.996655	0.813640	0.996652	0.813639	0.996649	1350063682.315760	1.000217	47.545318	34.325820	2.730273	1.000000	1.000000	1.000000	1.000000	1.000000	1.000000	1.000000	1.000000	0.999922	0.002523	0.997880	0.000390	0.996595	0.000114	0.996123	0.000099	
1350063683.315701	0.999989	50.835564	37.643388	6.115271	0.779225	0.996000	0.779225	0.995996	0.779225	0.995994	0.779225	0.995992	0.779225	0.995990	0.779225	0.995988	0.779225	0.995985	0.779225	0.995981	1350063683.315753	0.999993	47.604013	34.385080	2.702060	1.000000	1.000000	1.000000	1.000000	1.000000	1.000000	1.000000	1.000000	1.000081	0.001522	1.000023	0.000264	0.998602	0.000067	0.989149	0.000008	
1350063684.315708	1.000007	50.835128	37.637313	6.102863	0.779322	0.995978	0.779322	0.995976	0.779322	0.995974	0.779322	0.995972	0.779322	0.995970	0.779321	0.995967	0.779321	0.995964	0.779321	0.995963	1350063684.315755	1.000002	47.579301	34.374065	2.710673	1.000000	1.000000	1.000000	1.000000	1.000000	1.000000	1.000000	1.000000	1.000021	0.001591	1.000757	0.000300	1.001791	0.000113	0.998633	0.000064	
1350063685.315713	1.000005	50.812139	37.611918	6.127472	0.779152	0.284854	0.818267	0.996752	0.818267	0.996749	0.818268	0.996745	0.818268	0.996744	0.818268	0.996742	0.818269	0.996741	0.818269	0.996738	1350063685.315806	1.000051	50.428305	37.212747	2.710952	0.975994	0.999228	0.975994	0.999228	0.975993	0.999228	0.975993	0.999227	0.966450	0.714976	0.968952	0.001503	0.969904	0.000173	0.989645	0.000078	
1350063686.315708	0.999995	50.811061	37.610143	6.121430	0.830237	0.001141	0.833557	0.997033	0.833557	0.997032	0.833557	0.997031	0.833556	0.997027	0.833556	0.997027	0.833556	0.997025	0.833556	0.997024	1350063686.315807	1.000001	50.754483	37.538981	2.698499	0.955631	0.998589	0.955631	0.998588	0.955631	0.998586	0.955631	0.998584	0.955631	0.998583	0.953722	0.002041	0.952462	0.000167	0.957126	0.000210	
1350063687.315700	0.999992	50.780761	37.579147	6.114124	0.828645	0.004717	0.834124	0.166600	0.887068	0.996063	0.887068	0.996060	0.887069	0.996056	0.887069	0.996053	0.887070	0.996051	0.887070	0.996048	1350063687.315832	1.000025	50.798396	37.581899	2.695352	0.890260	0.998354	0.890260	0.998352	0.890259	0.998352	0.890259	0.998351	0.890259	0.998349	0.877666	0.837477	0.846602	0.006368	0.837076	0.002812	
1350063688.315700	1.000000	50.778336	37.579132	6.109070	0.896329	0.001154	0.891819	0.000020	0.897059	0.995999	0.897059	0.995996	0.897059	0.995995	0.897059	0.995990	0.897059	0.995986	0.897059	0.995985	1350063688.315828	0.999996	50.790459	37.577957	2.704235	0.878464	0.998466	0.878464	0.998464	0.878464	0.998463	0.878464	0.998462	0.878464	0.998461	0.878464	0.998460	0.877901	0.002088	0.847951	0.000077	
1350063689.315700	1.000000	50.779785	37.581329	6.115234	0.897848	0.000917	0.884695	0.000096	0.896753	0.995907	0.896753	0.995902	0.896753	0.995901	0.896753	0.995897	0.896754	0.995895	0.896753	0.995893	1350063689.315824	0.999996	50.791679	37.576858	2.707088	0.878365	0.998414	0.878365	0.998413	0.878365	0.998411	0.878365	0.998410	0.878365	0.998409	0.878366	0.998408	0.876823	0.002132	0.866635	0.000008	
1350063690.315707	1.000007	50.783279	37.583145	6.102863	0.895085	0.001549	0.912933	0.000019	0.897052	0.996008	0.897051	0.996004	0.897051	0.996001	0.897051	0.995998	0.897051	0.995996	0.897050	0.995993	1350063690.315842	1.000018	50.789238	37.588256	2.708158	0.877946	0.998314	0.877946	0.998313	0.877946	0.998312	0.877946	0.998310	0.877946	0.998309	0.877946	0.998308	0.875369	0.002084	0.878685	0.000212	
1350063691.315700	0.999993	50.730758	37.543976	6.109112	0.896137	0.000950	0.903174	0.000078	0.897229	0.996043	0.897229	0.996040	0.897229	0.996036	0.897229	0.996033	0.897229	0.996031	0.897229	0.996030	1350063691.315826	0.999984	50.795657	37.598455	2.704725	0.878209	0.998416	0.878209	0.998415	0.878209	0.998413	0.878209	0.998412	0.878209	0.998411	0.878209	0.998410	0.878623	0.002097	0.889832	0.000008	
1350063692.315701	1.000001	50.779737	37.581461	6.096735	0.893642	0.001115	0.884470	0.000035	0.896153	0.995993	0.896153	0.995991	0.896153	0.995988	0.896153	0.995985	0.896153	0.995982	0.896152	0.995979	1350063692.315827	1.000001	50.790754	37.590601	2.690854	0.877919	0.998317	0.877919	0.998317	0.877919	0.998316	0.877919	0.998314	0.877919	0.998313	0.877919	0.998311	0.876133	0.002087	0.881568	0.000070	
1350063693.315700	0.999999	50.778933	37.575124	6.121405	0.895781	0.000897	0.903822	0.000084	0.896656	0.995980	0.896656	0.995976	0.896657	0.995972	0.896657	0.995970	0.896656	0.995968	0.896657	0.995965	1350063693.315828	1.000001	50.792646	37.604990	2.690824	0.878223	0.998346	0.878223	0.998345	0.878223	0.998344	0.878223	0.998342	0.878223	0.998341	0.878223	0.998339	0.876451	0.001997	0.885066	0.000008	
1350063694.315701	1.000001	50.780576	37.578928	6.090570	0.894760	0.001103	0.913847	0.000046	0.897519	0.995904	0.897519	0.995902	0.897519	0.995900	0.897519	0.995896	0.897519	0.995892	0.897519	0.995890	1350063694.315836	1.000008	50.792038	37.602768	2.698831	0.878697	0.998468	0.878697	0.998467	0.878696	0.998466	0.878696	0.998465	0.878696	0.998463	0.878696	0.998462	0.878522	0.002134	0.870043	0.000187	
1350063695.315700	0.999999	50.783999	37.585577	6.133734	0.895730	0.001293	0.879857	0.000103	0.896211	0.995984	0.896211	0.995982	0.896211	0.995977	0.896211	0.995974	0.896210	0.995973	0.896210	0.995970	1350063695.315829	0.999993	50.791626	37.599579	2.696155	0.878138	0.998360	0.878138	0.998359	0.878138	0.998357	0.878138	0.998356	0.878139	0.998354	0.878139	0.998353	0.880155	0.002176	0.874351	0.000015	
1350063696.315700	1.000000	50.779282	37.579773	6.096741	0.891112	0.001187	0.906304	0.000080	0.895285	0.996035	0.895285	0.996032	0.895285	0.996028	0.895285	0.996026	0.895285	0.996022	0.895285	0.996020	1350063696.315825	0.999996	50.739265	37.563949	2.704341	0.878589	0.998451	0.878589	0.998450	0.878589	0.998449	0.878589	0.998448	0.878589	0.998447	0.878589	0.998446	0.880377	0.002035	0.879341	0.000098	
1350063697.315700	1.000000	50.784805	37.583038	6.102905	0.891657	0.000918	0.877992	0.002294	0.895338	0.996007	0.895337	0.996005	0.895337	0.996001	0.895338	0.995997	0.895337	0.995995	0.895337	0.995992	1350063697.315825	1.000000	50.791824	37.589767	2.696075	0.877916	0.998346	0.877916	0.998346	0.877916	0.998344	0.877916	0.998342	0.877916	0.998340	0.877916	0.998339	0.876288	0.002133	0.877142	0.000031	
1350063698.315701	1.000001	50.779615	37.575602	6.102899	0.891842	0.001079	0.911380	0.000047	0.895207	0.996079	0.895207	0.996077	0.895207	0.996074	0.895207	0.996072	0.895207	0.996069	0.895207	0.996066	1350063698.315827	1.000002	50.791605	37.603871	2.709437	0.877615	0.998257	0.877615	0.998255	0.877615	0.998253	0.877615	0.998252	0.877615	0.998251	0.877615	0.998250	0.875043	0.002092	0.862775	0.000183	
1350063699.315700	0.999999	50.780825	37.575018	6.090582	0.893004	0.000931	0.897004	0.000102	0.895077	0.996035	0.895077	0.996032	0.895077	0.996027	0.895077	0.996025	0.895077	0.996022	0.895076	0.996020	1350063699.315826	0.999999	50.788516	37.598333	2.709719	0.880334	0.997936	0.880334	0.997934	0.880334	0.997932	0.880334	0.997930	0.880334	0.997929	0.880334	0.997927	0.874454	0.002015	0.888132	0.000008	
1350063700.315701	1.000001	50.774793	37.571787	6.090570	0.910961	0.001354	0.905611	0.000071	0.905277	0.996652	0.905278	0.996648	0.905278	0.996646	0.905278	0.996643	0.905279	0.996640	0.905278	0.996639	1350063700.315826	1.000000	50.777725	37.588791	2.703888	0.897375	0.996087	0.897375	0.996085	0.897375	0.996080	0.897375	0.996078	0.897375	0.996075	0.897375	0.996071	0.898134	0.001992	0.918498	0.000076	
1350063701.315700	0.999999	50.768237	37.561285	6.115240	0.923065	0.000850	0.923139	0.000121	0.924174	0.998951	0.924174	0.998950	0.924174	0.998950	0.924174	0.998950	0.924174	0.998949	0.924174	0.998948	1350063701.315852	1.000026	50.775093	37.585495	2.706961	0.906195	0.996513	0.906195	0.996510	0.906195	0.996508	0.906195	0.996505	0.906194	0.996504	0.906195	0.996501	0.907411	0.001672	0.923237	0.000008	
1350063702.315701	1.000001	50.728177	37.532313	6.102899	0.903637	0.001229	0.896136	0.000056	0.904584	0.997232	0.904584	0.997230	0.904585	0.997228	0.904584	0.997227	0.904584	0.997224	0.904584	0.997222	1350063702.315827	0.999975	50.794072	37.604045	2.704261	0.887941	0.997621	0.887941	0.997619	0.887941	0.997617	0.887941	0.997616	0.887941	0.997614	0.887941	0.997611	0.886318	0.001809	0.889187	0.000095	
1350063703.315700	0.999999	50.781009	37.570501	6.115240	0.897315	0.001086	0.905754	0.000082	0.895908	0.995950	0.895907	0.995946	0.895907	0.995942	0.895907	0.995939	0.895907	0.995937	0.895907	0.995933	1350063703.315825	0.999998	50.790884	37.605586	2.709875	0.878290	0.998292	0.878290	0.998290	0.878290	0.998289	0.878290	0.998288	0.878290	0.998287	0.878290	0.998284	0.878619	0.001924	0.884437	0.000008	
1350063704.315700	1.000000	50.780930	37.574326	6.096741	0.887700	0.001205	0.893470	0.000048	0.896255	0.995994	0.896255	0.995992	0.896255	0.995988	0.896255	0.995985	0.896255	0.995983	0.896255	0.995980	1350063704.315827	1.000002	50.793681	37.608342	2.704447	0.878757	0.998369	0.878757	0.998368	0.878757	0.998366	0.878757	0.998365	0.878757	0.998363	0.878757	0.998363	0.878312	0.001958	0.884623	0.000075	
1350063705.315700	1.000000	50.784882	37.577881	6.096741	0.899530	0.001419	0.891962	0.000172	0.895677	0.996052	0.895676	0.996049	0.895676	0.996045	0.895676	0.996042	0.895676	0.996038	0.895675	0.996036	1350063705.315825	0.999998	50.789770	37.603236	2.707113	0.880050	0.998567	0.880050	0.998566	0.880050	0.998565	0.880050	0.998563	0.880050	0.998562	0.880050	0.998561	0.879459	0.001959	0.884288	0.000015	
1350063706.315701	1.000001	50.778928	37.572092	6.102899	0.897261	0.001210	0.889102	0.000046	0.896093	0.996038	0.896093	0.996035	0.896093	0.996033	0.896093	0.996030	0.896093	0.996026	0.896093	0.996023	1350063706.315828	1.000003	50.790034	37.605017	2.701652	0.879728	0.998543	0.879728	0.998544	0.879728	0.998542	0.879728	0.998542	0.879728	0.998540	0.879728	0.998540	0.879335	0.001951	0.884705	0.000076	
1350063707.315700	0.999999	50.780871	37.574148	6.102911	0.891339	0.001062	0.879857	0.002289	0.895569	0.996011	0.895569	0.996008	0.895569	0.996006	0.895569	0.996003	0.895569	0.996000	0.895568	0.995998	1350063707.315826	0.999998	50.792043	37.607997	2.698995	0.878630	0.998436	0.878630	0.998435	0.878630	0.998434	0.878630	0.998433	0.878630	0.998431	0.878630	0.998430	0.877880	0.001911	0.670939	0.000028	
1350063708.315701	1.000001	50.783719	37.580424	6.102884	0.893094	0.001268	0.891334	0.001387	0.895022	0.995977	0.895022	0.995974	0.895022	0.995971	0.895022	0.995966	0.895022	0.995965	0.895022	0.995962	1350063708.315832	1.000006	50.794146	37.608190	2.704558	0.877695	0.998292	0.877695	0.998290	0.877695	0.998290	0.877695	0.998288	0.877695	0.998287	0.877695	0.998287	0.878926	0.001975	0.959147	0.000071	
1350063709.315700	0.999999	50.781192	37.575002	6.115240	0.892989	0.001034	0.915956	0.000077	0.896314	0.995901	0.896314	0.995899	0.896314	0.995896	0.896314	0.995893	0.896314	0.995889	0.896314	0.995887	1350063709.315829	0.999997	50.740514	37.561182	2.696374	0.877066	0.998095	0.877066	0.998093	0.877066	0.998091	0.877066	0.998089	0.877066	0.998088	0.877066	0.998087	0.877345	0.001965	0.877278	0.000031	
1350063710.315701	1.000001	50.731733	37.540675	6.115198	0.894989	0.001674	0.888853	0.000047	0.895580	0.996038	0.895580	0.996036	0.895580	0.996033	0.895580	0.996031	0.895580	0.996028	0.895580	0.996024	1350063710.315825	0.999996	50.789192	37.600586	2.695781	0.877691	0.998248	0.877691	0.998246	0.877691	0.998245	0.877691	0.998244	0.877691	0.998243	0.877691	0.998241	0.879257	0.001961	0.891654	0.000089	
1350063711.315700	0.999999	50.779330	37.573705	6.096747	0.893154	0.001064	0.896610	0.000084	0.896059	0.995922	0.896059	0.995917	0.896059	0.995916	0.896059	0.995914	0.896059	0.995910	0.896059	0.995907	1350063711.315827	1.000002	50.794260	37.608784	2.698939	0.879078	0.998499	0.879078	0.998499	0.879078	0.998497	0.879078	0.998496	0.879078	0.998494	0.879078	0.998493	0.876988	0.001883	0.885794	0.000008	
1350063712.315700	1.000000	50.784714	37.578491	6.083405	0.839412	0.005383	0.819018	0.004101	0.893808	0.996157	0.893808	0.996153	0.893808	0.996151	0.893808	0.996148	0.893808	0.996144	0.893808	0.996143	1350063712.315826	0.999999	50.789462	37.604772	2.719607	0.877746	0.998265	0.877746	0.998263	0.877746	0.998261	0.877747	0.998260	0.877746	0.998260	0.877746	0.998258	0.828006	0.006337	0.805678	0.003572	
1350063713.315700	1.000000	50.781754	37.580002	6.109070	0.894118	0.001045	0.884337	0.000081	0.894909	0.996018	0.894909	0.996015	0.894909	0.996011	0.894909	0.996009	0.894909	0.996006	0.894908	0.996002	1350063713.315824	0.999998	50.792272	37.606197	2.704229	0.879647	0.998496	0.879647	0.998495	0.879647	0.998495	0.879647	0.998493	0.879647	0.998491	0.879647	0.998490	0.880496	0.001853	0.884124	0.000008	
1350063714.315700	1.000000	50.780151	37.576294	6.121399	0.890106	0.001217	0.907173	0.000046	0.895509	0.996189	0.895509	0.996186	0.895509	0.996183	0.895509	0.996181	0.895509	0.996177	0.895509	0.996176	1350063714.315824	1.000000	50.792023	37.606491	2.704391	0.878593	0.998264	0.878593	0.998265	0.878593	0.998263	0.878593	0.998262	0.878593	0.998260	0.878593	0.998258	0.879087	0.001946	0.884660	0.000081	
1350063715.315700	1.000000	50.781967	37.577408	6.084412	0.889909	0.001521	0.915981	0.000077	0.894160	0.996267	0.894160	0.996264	0.894160	0.996259	0.894159	0.996257	0.894159	0.996253	0.894159	0.996251	1350063715.315826	1.000002	50.790919	37.605473	2.701960	0.878657	0.998286	0.878657	0.998285	0.878657	0.998283	0.878657	0.998282	0.878657	0.998280	0.878657	0.998278	0.877777	0.001995	0.881765	0.000015	
1350063716.315700	1.000000	50.784027	37.578186	6.115234	0.891729	0.001243	0.911751	0.000047	0.894525	0.996105	0.894525	0.996101	0.894525	0.996099	0.894525	0.996096	0.894525	0.996093	0.894524	0.996091	1350063716.315828	1.000002	50.792216	37.606816	2.698832	0.878344	0.998459	0.878344	0.998459	0.878344	0.998457	0.878344	0.998455	0.878344	0.998455	0.878344	0.998455	0.875369	0.001983	0.882249	0.000074	
1350063717.315700	1.000000	50.779495	37.572205	6.109070	0.893408	0.001038	0.863234	0.002328	0.894024	0.996174	0.894024	0.996171	0.894024	0.996167	0.894024	0.996165	0.894024	0.996162	0.894023	0.996159	1350063717.315827	0.999999	50.789096	37.604314	2.707232	0.877657	0.998235	0.877656	0.998234	0.877656	0.998233	0.877656	0.998231	0.877656	0.998230	0.877657	0.998228	0.878671	0.001943	0.606338	0.000021	
1350063718.315700	1.000000	50.784805	37.578903	6.115234	0.891563	0.001226	0.886324	0.000048	0.894496	0.996245	0.894495	0.996242	0.894495	0.996239	0.894495	0.996237	0.894495	0.996235	0.894495	0.996232	1350063718.315829	1.000002	50.793421	37.607442	2.712977	0.879314	0.998357	0.879314	0.998356	0.879314	0.998355	0.879314	0.998353	0.879314	0.998352	0.879315	0.998351	0.880154	0.001923	0.952432	0.000085	
1350063719.315700	1.000000	50.782104	37.570572	6.102905	0.894035	0.001070	0.874181	0.000090	0.894861	0.996112	0.894860	0.996109	0.894861	0.996105	0.894861	0.996102	0.894861	0.996098	0.894860	0.996097	1350063719.315839	1.000010	50.788539	37.603643	2.696247	0.878329	0.998253	0.878329	0.998252	0.878329	0.998252	0.878329	0.998249	0.878329	0.998249	0.878329	0.998247	0.881306	0.001915	0.885938	0.000008	
1350063720.315701	1.000001	50.719358	37.523341	6.109064	0.904315	0.001615	0.915376	0.000110	0.908320	0.997781	0.908321	0.997780	0.908321	0.997779	0.908321	0.997778	0.908322	0.997775	0.908322	0.997773	1350063720.315827	0.999988	50.787669	37.603582	2.703356	0.883589	0.998019	0.883589	0.998017	0.883589	0.998017	0.883589	0.998016	0.883589	0.998015	0.883589	0.998012	0.885763	0.002043	0.901874	0.000089	
1350063721.315701	1.000000	50.769455	37.550278	6.072083	0.926248	0.000879	0.920262	0.000336	0.924775	0.998224	0.924775	0.998224	0.924775	0.998223	0.924775	0.998221	0.924775	0.998220	0.924775	0.998219	1350063721.315826	0.999999	50.728533	37.549047	2.709857	0.905929	0.996523	0.905929	0.996521	0.905929	0.996517	0.905929	0.996514	0.905928	0.996512	0.905929	0.996508	0.908875	0.001641	0.917751	0.000075	
1350063722.315702	1.000001	715819641.958960	715801565.893099	715785381.653330	0.999987	1.000194	0.999984	1.000197	0.999995	1.000200	0.999985	1.000190	0.999987	1.000197	0.999989	1.000192	0.999987	1.000197	0.999987	1.000194	1350063722.315807	0.999981	715821875.953643	715789856.705839	715778225.454679	0.999987	1.000197	0.999984	1.000196	3.893265	0.256902	0.999986	1.000193	0.999987	1.000197	0.999989	1.000192	0.999987	1.000197	0.999987	1.000195	
1350063723.315701	0.999999	0.000000	0.000000	0.000000	-nan	-nan	-nan	-nan	729657901066.617920	inf	-nan	-nan	-nan	0.000000	-nan	-nan	-nan	-nan	-nan	-nan	1350063723.315777	0.999970	0.000000	0.000000	0.000000	-nan	-nan	-nan	-nan	1.345745	inf	-nan	-nan	-nan	-nan	-nan	-nan	-nan	-nan	-nan	-nan	
