ts_0	elapsed_0	pkg_0	pp0_0	dram_0	freq_ratio_0_0	c0_ratio_0_0	freq_ratio_0_1	c0_ratio_0_1	freq_ratio_0_2	c0_ratio_0_2	freq_ratio_0_3	c0_ratio_0_3	freq_ratio_0_4	c0_ratio_0_4	freq_ratio_0_5	c0_ratio_0_5	freq_ratio_0_6	c0_ratio_0_6	freq_ratio_0_7	c0_ratio_0_7	ts_1	elapsed_1	pkg_1	pp0_1	dram_1	freq_ratio_1_0	c0_ratio_1_0	freq_ratio_1_1	c0_ratio_1_1	freq_ratio_1_2	c0_ratio_1_2	freq_ratio_1_3	c0_ratio_1_3	freq_ratio_1_4	c0_ratio_1_4	freq_ratio_1_5	c0_ratio_1_5	freq_ratio_1_6	c0_ratio_1_6	freq_ratio_1_7	c0_ratio_1_7	
1350066727.437175	1.000368	47.877029	34.608918	6.137618	1.000000	1.000000	0.999946	0.001044	0.999962	0.001328	1.000000	1.000000	1.000000	1.000000	0.999679	0.000369	1.000000	1.000000	1.000065	0.000361	1350066727.437323	1.000372	35.570678	22.524398	2.918165	1.000000	1.000000	0.999970	0.003899	1.000000	1.000000	0.999982	0.000676	0.988729	0.000020	0.989211	0.000019	0.990972	0.000020	0.991308	0.000020	
1350066728.437164	0.999989	47.905646	34.623015	6.115301	1.000000	1.000000	0.998307	0.000330	1.000074	0.000213	1.000000	1.000000	1.000000	1.000000	1.000243	0.000282	1.000000	1.000000	0.999812	0.000280	1350066728.437294	0.999971	35.409019	22.360117	2.739002	1.000000	1.000000	0.999959	0.001631	1.000000	1.000000	0.999996	0.000456	1.003438	0.000071	1.003182	0.000063	1.001608	0.000070	0.999757	0.000087	
1350066729.437164	1.000000	47.933945	34.649902	6.127563	1.000000	1.000000	1.001680	0.000314	0.999975	0.000153	1.000000	1.000000	1.000000	1.000000	0.999881	0.000149	1.000000	1.000000	1.000062	0.000217	1350066729.437297	1.000003	35.354184	22.316490	2.712394	1.000000	1.000000	0.999305	0.000312	1.000000	1.000000	0.999338	0.000334	0.982475	0.000013	0.983930	0.000013	0.991717	0.000013	1.001515	0.000013	
1350066730.437164	1.000000	47.957260	34.670334	6.109039	1.000000	1.000000	0.999289	0.000865	1.003136	0.000221	1.000000	1.000000	1.000000	1.000000	1.000855	0.000188	1.000000	1.000000	1.000278	0.000354	1350066730.437294	0.999997	35.433063	22.379296	2.742516	1.000000	1.000000	1.000528	0.000387	1.000000	1.000000	1.000363	0.000582	1.002801	0.000065	1.003287	0.000063	1.003135	0.000058	1.003195	0.000057	
1350066731.437164	1.000000	47.953690	34.668671	6.115234	1.000000	1.000000	1.001571	0.000396	0.996439	0.000198	1.000000	1.000000	1.000000	1.000000	0.999860	0.000138	1.000000	1.000000	1.000023	0.000234	1350066731.437293	0.999999	35.490451	22.438864	2.706912	1.000000	1.000000	1.000362	0.000338	1.000000	1.000000	0.999735	0.000438	0.984477	0.000013	0.983808	0.000013	0.985843	0.000013	0.985513	0.000013	
1350066732.437164	1.000000	47.992493	34.706528	6.115234	1.000000	1.000000	0.998112	0.000380	0.999943	0.000184	1.000000	1.000000	1.000000	1.000000	0.999464	0.000274	1.000000	1.000000	0.999873	0.001104	1350066732.437294	1.000001	35.465237	22.414133	2.891980	1.000000	1.000000	0.999668	0.000352	1.000000	1.000000	1.000140	0.000795	1.002306	0.000091	1.002456	0.000083	1.002444	0.000079	0.998204	0.000242	
1350066733.437164	1.000000	47.979202	34.693008	6.121399	1.000000	1.000000	1.000441	0.000328	1.003825	0.000179	1.000000	1.000000	1.000000	1.000000	0.999817	0.000141	1.000000	1.000000	0.999977	0.000235	1350066733.437296	1.000002	35.458627	22.406818	2.699107	1.000000	1.000000	1.000003	0.000344	1.000000	1.000000	0.999978	0.000430	1.000000	0.000013	0.998810	0.000008	0.982555	0.000008	1.027197	0.000023	
1350066734.437164	1.000000	47.933609	34.662216	6.121277	1.000000	1.000000	1.000007	0.002478	1.000057	0.000224	1.000000	1.000000	1.000000	1.000000	1.000107	0.000213	1.000000	1.000000	0.999989	0.000371	1350066734.437293	0.999997	35.497989	22.445916	2.751550	1.000000	1.000000	0.999984	0.000361	1.000000	1.000000	0.999991	0.000591	0.998966	0.000062	0.999327	0.000066	1.001249	0.000066	0.998963	0.000063	
1350066735.437164	1.000000	47.908295	34.633270	6.115219	1.000000	1.000000	1.000444	0.001329	0.995540	0.000158	1.000000	1.000000	1.000000	1.000000	1.002485	0.000135	1.000000	1.000000	0.998448	0.000238	1350066735.437284	0.999991	35.553697	22.502691	2.704309	1.000000	1.000000	0.999820	0.000368	1.000000	1.000000	0.999991	0.000426	1.002952	0.000019	0.997308	0.000019	0.993273	0.000020	0.991469	0.000020	
1350066736.437164	1.000000	48.083282	34.803680	6.109009	1.000000	1.000000	0.998965	0.000728	1.001438	0.000470	1.000000	1.000000	1.000000	1.000000	0.998821	0.000286	1.000000	1.000000	1.000092	0.003971	1350066736.437297	1.000013	35.569053	22.516184	3.140599	1.000000	1.000000	1.000090	0.000550	1.000000	1.000000	0.999972	0.000563	0.999177	0.000199	1.001900	0.000053	1.002855	0.000056	1.001279	0.000167	
1350066737.437165	1.000001	48.048431	34.769468	6.102899	1.000000	1.000000	0.999954	0.003269	0.996369	0.000189	1.000000	1.000000	1.000000	1.000000	0.999716	0.000121	1.000000	1.000000	0.999846	0.000235	1350066737.437295	0.999998	35.591514	22.540677	3.061850	1.000000	1.000000	1.000050	0.000333	0.999994	1.000000	1.000021	0.000336	1.005834	0.000013	0.984334	0.000013	0.987602	0.000013	0.986004	0.000013	
1350066738.437164	0.999999	48.174790	34.893298	6.109076	1.000000	1.000000	1.000148	0.005246	1.002951	0.000229	1.000000	1.000000	1.000000	1.000000	1.000196	0.000199	1.000000	1.000000	1.000015	0.000306	1350066738.437273	0.999978	35.529634	22.490941	3.327282	1.000000	1.000000	0.999954	0.000511	1.000006	1.000000	0.999964	0.000381	1.001314	0.000068	1.003377	0.000062	1.003236	0.000054	1.003133	0.000063	
1350066739.437164	1.000000	48.436584	35.152817	6.107742	1.000000	1.000000	0.999865	0.006493	0.999780	0.003136	1.000000	1.000000	1.000000	1.000000	0.999993	0.002976	1.000000	1.000000	0.999977	0.003104	1350066739.437294	1.000021	40.045577	26.990568	2.995237	1.000000	1.000000	0.999993	0.003145	1.000000	1.000000	0.999999	0.004213	0.999832	0.002708	0.999766	0.002719	0.999763	0.002658	0.999917	0.002691	
1350066740.437164	1.000000	47.976898	34.697754	6.102905	1.000000	1.000000	0.999907	0.001866	0.999998	0.000206	1.000000	1.000000	1.000000	1.000000	0.999924	0.000262	1.000000	1.000000	1.000206	0.000292	1350066740.437298	1.000004	35.631280	22.580383	2.789463	1.000000	1.000000	0.999965	0.001698	1.000000	1.000000	0.999997	0.000393	1.009710	0.000047	1.012868	0.000049	1.014639	0.000042	1.001256	0.000157	
1350066741.437164	1.000000	47.875031	34.602127	6.096741	1.000000	1.000000	0.999939	0.000327	1.002892	0.000236	1.000000	1.000000	1.000000	1.000000	0.999978	0.000139	1.000000	1.000000	1.000011	0.000218	1350066741.437295	0.999997	35.622226	22.572534	2.709924	1.000000	1.000000	1.000015	0.000395	1.000000	1.000000	0.999983	0.000334	0.998471	0.000013	0.999136	0.000012	1.001753	0.000013	0.993723	0.000013	
1350066742.437164	1.000000	47.907043	34.631561	6.096741	1.000000	1.000000	0.999977	0.000280	0.997068	0.000233	1.000000	1.000000	1.000000	1.000000	1.000764	0.000183	1.000000	1.000000	1.000011	0.000347	1350066742.437291	0.999996	35.588020	22.537246	2.721111	1.000000	1.000000	0.999971	0.000391	1.000000	1.000000	0.999983	0.000343	1.000320	0.000055	0.999618	0.000056	1.000028	0.000054	1.001355	0.000059	
1350066743.437165	1.000001	47.900589	34.622861	6.096735	1.000000	1.000000	1.000261	0.000421	1.002864	0.000228	1.000000	1.000000	1.000000	1.000000	0.999801	0.000146	1.000000	1.000000	1.000432	0.000241	1350066743.437296	1.000005	35.655965	22.605539	2.711153	1.000000	1.000000	1.000005	0.003502	1.000000	1.000000	0.999699	0.000379	0.990333	0.000020	0.991435	0.000020	0.990810	0.000021	0.988208	0.000020	
1350066744.437164	0.999999	47.961929	34.706149	6.096747	1.000000	1.000000	1.000006	0.002170	0.996546	0.000195	1.000000	1.000000	1.000000	1.000000	0.999262	0.000174	1.000000	1.000000	0.999945	0.004211	1350066744.437291	0.999995	35.626903	22.574118	3.019928	1.000000	1.000000	0.999908	0.002140	1.000000	1.000000	1.000246	0.000407	1.002161	0.000082	1.002839	0.000080	1.002836	0.000069	0.997654	0.000176	
1350066745.437164	1.000000	48.108429	34.838791	6.084412	1.000000	1.000000	0.999785	0.000687	0.999977	0.000199	1.000000	1.000000	1.000000	1.000000	1.000008	0.000139	1.000000	1.000000	0.999997	0.006337	1350066745.437291	1.000000	35.532959	22.481064	3.091537	1.000000	1.000000	0.999845	0.000376	1.000000	1.000000	0.999978	0.000328	1.000855	0.000019	0.997525	0.000008	1.000389	0.000008	1.023421	0.000024	
1350066746.437164	1.000000	48.051529	34.783981	6.102905	1.000000	1.000000	0.999963	0.003734	1.003010	0.000230	1.000000	1.000000	1.000000	1.000000	0.999965	0.000199	1.000000	1.000000	1.000014	0.003159	1350066746.437306	1.000015	35.492005	22.454634	3.061737	1.000000	1.000000	1.000126	0.000344	1.000000	1.000000	0.999993	0.000362	0.999511	0.000052	1.000018	0.000065	1.000000	0.000052	1.001809	0.000056	
1350066747.437164	1.000000	48.040482	34.775070	6.090576	1.000000	1.000000	0.999965	0.006449	0.996436	0.000198	1.000000	1.000000	1.000000	1.000000	0.999935	0.000137	1.000000	1.000000	0.999967	0.000207	1350066747.437294	0.999988	35.576077	22.525888	2.984014	1.000000	1.000000	0.999981	0.000333	1.000000	1.000000	0.999980	0.000336	1.000486	0.000013	0.984894	0.000013	0.985781	0.000013	0.984190	0.000013	
1350066748.437164	1.000000	48.141708	34.869217	6.109070	1.000000	1.000000	1.000047	0.002003	1.000098	0.005062	1.000000	1.000000	1.000000	1.000000	1.000151	0.000248	1.000000	1.000000	0.999992	0.000249	1350066748.437297	1.000003	35.543637	22.493628	3.383657	1.000000	1.000000	0.999982	0.000480	1.000000	1.000000	0.999992	0.000386	1.000236	0.000054	1.003175	0.000060	1.003404	0.000054	1.001230	0.000164	
1350066749.437164	1.000000	48.247681	34.968109	6.121399	1.000000	1.000000	0.999988	0.000323	0.999881	0.008279	1.000000	1.000000	1.000000	1.000000	0.999936	0.000138	1.000000	1.000000	0.999967	0.000231	1350066749.437297	1.000000	35.492645	22.441849	3.597549	1.000000	1.000000	0.999988	0.000328	1.000000	1.000000	0.999982	0.000300	0.983414	0.000013	0.985287	0.000013	0.985633	0.000013	0.983701	0.000012	
1350066750.437164	1.000000	47.935287	34.666748	6.109070	1.000000	1.000000	1.000829	0.000678	1.000229	0.002671	1.000000	1.000000	1.000000	1.000000	1.000015	0.000179	1.000000	1.000000	1.000094	0.000278	1350066750.437295	0.999998	35.439200	22.388806	2.904196	1.000000	1.000000	1.000008	0.000456	1.000000	1.000000	1.000007	0.000396	1.004187	0.000056	1.003916	0.000047	1.003354	0.000045	1.003710	0.000056	
1350066751.437164	1.000000	47.848892	34.580200	6.096619	1.000000	1.000000	0.998828	0.000619	0.999905	0.000227	1.000000	1.000000	1.000000	1.000000	0.999834	0.000140	1.000000	1.000000	0.999923	0.000214	1350066751.437294	0.999999	35.433414	22.378867	2.716296	1.000000	1.000000	0.999947	0.001090	1.000000	1.000000	0.999985	0.000352	0.988475	0.000020	0.989629	0.000020	0.991469	0.000020	0.989351	0.000020	
1350066752.437164	1.000000	48.047775	34.777069	6.121399	1.000000	1.000000	1.000147	0.000289	1.000043	0.000217	1.000000	1.000000	1.000000	1.000000	0.999966	0.004706	1.000000	1.000000	0.999975	0.000278	1350066752.437295	1.000001	35.530682	22.481149	3.235165	1.000000	1.000000	0.999665	0.000407	1.000000	1.000000	0.999976	0.000369	1.003929	0.000049	1.001212	0.000060	1.003736	0.000054	1.001827	0.000113	
1350066753.437164	1.000000	47.859940	34.612885	6.102905	1.000000	1.000000	1.000086	0.000939	0.999975	0.000197	1.000000	1.000000	1.000000	1.000000	0.999976	0.003659	1.000000	1.000000	1.000095	0.000212	1350066753.437298	1.000003	35.578122	22.529166	3.099401	1.000000	1.000000	1.000332	0.000353	0.999994	1.000000	1.000009	0.000349	0.998366	0.000013	0.998612	0.000013	0.996599	0.000013	0.996961	0.000013	
1350066754.437164	1.000000	47.735718	34.475540	6.090576	1.000000	1.000000	1.000009	0.002179	0.999984	0.000213	1.000000	1.000000	1.000000	1.000000	1.000285	0.000186	1.000000	1.000000	1.000333	0.000266	1350066754.437297	0.999999	35.535205	22.483206	2.714282	1.000000	1.000000	0.999979	0.001579	1.000006	1.000000	0.999986	0.000363	0.999383	0.000067	1.000715	0.000061	0.999428	0.000061	0.999373	0.000063	
1350066755.437164	1.000000	47.757629	34.496719	6.121399	1.000000	1.000000	1.000837	0.000674	0.996465	0.000198	1.000000	1.000000	1.000000	1.000000	1.000381	0.000121	1.000000	1.000000	0.999950	0.000231	1350066755.437300	1.000003	35.490903	22.474448	2.706077	1.000000	1.000000	0.999956	0.002235	1.000000	1.000000	0.999992	0.000344	1.003270	0.000019	1.005687	0.000019	1.002600	0.000019	0.995400	0.000019	
1350066756.437164	1.000000	47.979935	34.718979	6.109070	1.000000	1.000000	0.999538	0.001698	1.002079	0.000324	1.000000	1.000000	1.000000	1.000000	0.999925	0.003830	1.000000	1.000000	0.999559	0.000288	1350066756.437294	0.999994	35.502745	22.427899	3.339757	1.000000	1.000000	1.000032	0.000436	1.000000	1.000000	0.999977	0.000405	0.999903	0.000087	1.000201	0.000082	1.000395	0.000079	0.994761	0.000098	
1350066757.437164	1.000000	48.176743	34.916031	6.090576	1.000000	1.000000	1.000037	0.007191	0.999619	0.001956	1.000000	1.000000	1.000000	1.000000	1.000121	0.000134	1.000000	1.000000	1.000118	0.000209	1350066757.437295	1.000001	35.490139	22.438242	3.828564	1.000000	1.000000	1.000008	0.000304	1.000000	1.000000	0.999987	0.000324	0.994068	0.000013	0.971640	0.000008	0.974292	0.000008	1.027510	0.000017	
1350066758.437164	1.000000	47.936584	34.675415	6.133728	1.000000	1.000000	0.999828	0.003958	1.002668	0.000255	1.000000	1.000000	1.000000	1.000000	0.999990	0.000191	1.000000	1.000000	0.999872	0.000274	1350066758.437293	0.999998	35.492118	22.437756	3.224890	1.000000	1.000000	0.999417	0.000284	1.000000	1.000000	0.999978	0.000353	1.000692	0.000153	1.001035	0.000063	1.003054	0.000056	1.004481	0.000046	
1350066759.437166	1.000002	715767713.512158	715796882.322292	715770495.364732	0.999988	1.000200	0.999985	1.000202	0.999995	1.000200	0.999988	1.000200	0.999988	1.000203	0.999990	1.000197	0.999988	1.000203	0.999988	1.000200	1350066759.437262	0.999969	715831424.296564	715812141.445058	715790350.191404	0.999988	1.000200	0.999985	1.000202	3.893198	0.256908	0.999988	1.000200	0.999988	1.000202	0.999990	1.000198	0.999988	1.000202	0.999988	1.000200	
1350066760.437251	1.000085	0.000000	0.000000	0.000000	-nan	-nan	-nan	-nan	0.000000	inf	-nan	-nan	-nan	0.000000	-nan	-nan	-nan	-nan	-nan	-nan	1350066760.437329	1.000067	0.000000	0.000000	0.000000	-nan	-nan	-nan	-nan	0.000000	inf	-nan	-nan	-nan	-nan	-nan	-nan	-nan	-nan	-nan	-nan	
