ts_0	elapsed_0	pkg_0	pp0_0	dram_0	freq_ratio_0_0	c0_ratio_0_0	freq_ratio_0_1	c0_ratio_0_1	freq_ratio_0_2	c0_ratio_0_2	freq_ratio_0_3	c0_ratio_0_3	freq_ratio_0_4	c0_ratio_0_4	freq_ratio_0_5	c0_ratio_0_5	freq_ratio_0_6	c0_ratio_0_6	freq_ratio_0_7	c0_ratio_0_7	ts_1	elapsed_1	pkg_1	pp0_1	dram_1	freq_ratio_1_0	c0_ratio_1_0	freq_ratio_1_1	c0_ratio_1_1	freq_ratio_1_2	c0_ratio_1_2	freq_ratio_1_3	c0_ratio_1_3	freq_ratio_1_4	c0_ratio_1_4	freq_ratio_1_5	c0_ratio_1_5	freq_ratio_1_6	c0_ratio_1_6	freq_ratio_1_7	c0_ratio_1_7	
1350066727.435586	1.000360	47.344543	34.210584	4.960830	1.000000	1.000000	0.999034	0.000702	0.999986	0.000334	1.000000	1.000000	1.000000	1.000000	0.999931	0.000358	1.000000	1.000000	0.999958	0.000404	1350066727.435721	1.000369	35.054964	21.979894	2.749519	1.000000	1.000000	0.999965	0.000439	1.000000	1.000000	0.999813	0.000484	0.998962	0.000020	0.999731	0.000020	0.999981	0.000020	1.000921	0.000020	
1350066728.435570	0.999984	47.422617	34.276121	4.958224	1.000000	1.000000	1.000703	0.000807	1.000647	0.000206	1.000000	1.000000	1.000000	1.000000	0.999973	0.000330	1.000000	1.000000	1.000561	0.000197	1350066728.435704	0.999983	35.018476	21.932226	2.725968	1.000000	1.000000	1.000001	0.000449	1.000000	1.000000	1.000437	0.000438	1.003053	0.000071	1.000050	0.000062	1.000156	0.000067	0.999932	0.000063	
1350066729.435569	0.999999	47.450515	34.300097	4.962941	1.000000	1.000000	0.998193	0.000357	0.999994	0.000138	1.000000	1.000000	1.000000	1.000000	0.999892	0.000242	1.000000	1.000000	1.000000	0.000166	1350066729.435700	0.999996	34.934559	21.845624	2.716320	1.000000	1.000000	0.999963	0.000293	1.000000	1.000000	0.999439	0.000342	0.994662	0.000013	1.000409	0.000013	0.999103	0.000013	1.000029	0.000013	
1350066730.435570	1.000001	47.492463	34.346067	4.967738	1.000000	1.000000	1.001292	0.000489	0.999606	0.000355	1.000000	1.000000	1.000000	1.000000	0.999961	0.000319	1.000000	1.000000	0.999496	0.000226	1350066730.435707	1.000007	34.936099	21.847170	2.747555	1.000000	1.000000	1.000036	0.000464	1.000000	1.000000	0.999954	0.000473	0.998604	0.000094	1.000097	0.000099	0.999957	0.000080	0.999919	0.000205	
1350066731.435576	1.000006	47.492011	34.356653	4.967622	1.000000	1.000000	0.999763	0.002446	0.999936	0.000139	1.000000	1.000000	1.000000	1.000000	0.999977	0.000251	1.000000	1.000000	0.999948	0.000120	1350066731.435704	0.999997	34.939455	21.849906	2.721078	1.000000	1.000000	1.000003	0.000295	1.000000	1.000000	0.999906	0.000284	0.967248	0.000009	0.995499	0.000045	0.995238	0.000046	0.996632	0.000056	
1350066732.435570	0.999994	47.438561	34.324729	4.967864	1.000000	1.000000	1.001514	0.000374	0.999976	0.000226	1.000000	1.000000	1.000000	1.000000	1.000066	0.000302	1.000000	1.000000	0.999982	0.000220	1350066732.435702	0.999998	34.957601	21.867779	2.720418	1.000000	1.000000	0.999953	0.000400	1.000001	1.000000	1.000538	0.000421	1.008287	0.000063	1.004016	0.000052	1.004084	0.000047	1.003781	0.000053	
1350066733.435569	0.999999	47.486297	34.366152	4.972997	1.000000	1.000000	1.000009	0.000633	1.000103	0.000138	1.000000	1.000000	1.000000	1.000000	0.999984	0.000242	1.000000	1.000000	1.000062	0.000119	1350066733.435700	0.999998	34.955572	21.866100	2.710424	1.000000	1.000000	1.000073	0.000335	1.000000	1.000000	0.999976	0.000353	0.997067	0.000020	0.999228	0.000020	1.001068	0.000020	0.997544	0.000020	
1350066734.435570	1.000001	47.489640	34.369596	4.953166	1.000000	1.000000	0.999961	0.000330	0.999910	0.000274	1.000000	1.000000	1.000000	1.000000	0.999994	0.000324	1.000000	1.000000	1.000005	0.000219	1350066734.435705	1.000005	34.975472	21.886090	2.733614	1.000000	1.000000	0.999631	0.000363	0.999999	1.000000	0.999979	0.000394	0.996067	0.000048	0.999726	0.000061	0.999464	0.000048	1.000128	0.000186	
1350066735.435576	1.000006	47.488044	34.364999	4.963197	1.000000	1.000000	0.998367	0.000329	1.000080	0.000139	1.000000	1.000000	1.000000	1.000000	0.999982	0.000261	1.000000	1.000000	0.999805	0.000119	1350066735.435711	1.000006	34.965673	21.876197	2.707381	1.000000	1.000000	1.000227	0.000344	0.999999	1.000000	0.998670	0.000332	0.985146	0.000013	0.986291	0.000014	0.986102	0.000014	1.000129	0.000098	
1350066736.435570	0.999994	47.515130	34.394233	4.968108	1.000000	1.000000	1.000508	0.001037	0.999948	0.000328	1.000000	1.000000	1.000000	1.000000	1.000045	0.000291	1.000000	1.000000	0.999985	0.000177	1350066736.435702	0.999991	34.949184	21.895233	2.733667	1.000000	1.000000	1.000027	0.000661	1.000002	1.000000	1.000700	0.000588	1.007659	0.000057	1.003608	0.000053	1.003424	0.000061	0.999990	0.000305	
1350066737.435570	1.000000	47.482635	34.365219	4.953339	1.000000	1.000000	0.998389	0.000338	1.000017	0.000158	1.000000	1.000000	1.000000	1.000000	0.999905	0.000244	1.000000	1.000000	0.999885	0.000138	1350066737.435697	0.999995	34.955680	21.844622	2.710219	1.000000	1.000000	1.000124	0.000333	1.000000	1.000000	0.999398	0.000294	0.982598	0.000013	1.016657	0.000013	1.016557	0.000013	1.003232	0.000008	
1350066738.435570	1.000000	47.491516	34.371429	4.963303	1.000000	1.000000	1.000796	0.000666	0.999919	0.000185	1.000000	1.000000	1.000000	1.000000	0.999912	0.000298	1.000000	1.000000	1.000154	0.000177	1350066738.435703	1.000006	34.960577	21.872016	2.701659	1.000000	1.000000	0.999992	0.000391	0.999999	0.999998	0.999772	0.000442	0.999824	0.000055	0.996147	0.000053	0.996066	0.000060	1.000029	0.000080	
1350066739.435570	1.000000	47.555573	34.434814	4.976746	1.000000	1.000000	0.999842	0.003565	0.999998	0.002945	1.000000	1.000000	1.000000	1.000000	1.000005	0.003692	1.000000	1.000000	0.999998	0.002761	1350066739.435705	1.000002	36.389213	23.298921	2.712931	1.000000	1.000000	0.999995	0.002881	0.999999	1.000002	1.000025	0.002927	1.000007	0.002445	0.999865	0.002004	1.000015	0.001959	0.999992	0.002556	
1350066740.435570	1.000000	47.479858	34.368988	4.962967	1.000000	1.000000	0.999651	0.000352	1.000789	0.000175	1.000000	1.000000	1.000000	1.000000	0.999982	0.000297	1.000000	1.000000	1.000564	0.000184	1350066740.435695	0.999990	34.968475	21.878835	2.701916	1.000000	1.000000	0.999922	0.000398	1.000001	1.000000	1.000037	0.000374	1.000407	0.000062	1.004563	0.000056	0.999533	0.000059	1.000409	0.000052	
1350066741.435570	1.000000	47.560501	34.437759	4.978012	1.000000	1.000000	1.000057	0.002243	1.000101	0.000138	1.000000	1.000000	1.000000	1.000000	0.999978	0.000264	1.000000	1.000000	1.000013	0.000144	1350066741.435699	1.000004	34.947322	21.858249	2.713078	1.000000	1.000000	0.999912	0.000330	1.000000	1.000000	0.999096	0.000322	0.989182	0.000020	0.990036	0.000020	0.991867	0.000020	0.989873	0.000020	
1350066742.435570	1.000000	47.532349	34.414017	4.978317	1.000000	1.000000	0.999551	0.000369	0.999214	0.000207	1.000000	1.000000	1.000000	1.000000	0.999995	0.000302	1.000000	1.000000	0.999452	0.000202	1350066742.435702	1.000003	34.954970	21.865106	2.709769	1.000000	1.000000	1.000109	0.000431	1.000000	1.000000	1.001012	0.000371	1.005210	0.000076	1.002676	0.000078	1.002095	0.000091	0.997300	0.000165	
1350066743.435570	1.000000	47.462982	34.346878	4.968094	1.000000	1.000000	1.000873	0.000806	0.999989	0.000147	1.000000	1.000000	1.000000	1.000000	0.999984	0.000247	1.000000	1.000000	0.999878	0.000127	1350066743.435700	0.999998	34.920050	21.830120	2.710607	1.000000	1.000000	0.999908	0.000303	1.000000	1.000000	0.999344	0.000357	0.975509	0.000017	0.999361	0.000017	1.000045	0.000017	1.016170	0.000039	
1350066744.435570	1.000000	47.473557	34.353455	4.963242	1.000000	1.000000	0.997635	0.000300	0.999984	0.000218	1.000000	1.000000	1.000000	1.000000	0.999911	0.000278	1.000000	1.000000	0.999998	0.000181	1350066744.435700	1.000000	34.959152	21.869522	2.713440	1.000000	1.000000	0.999998	0.000360	1.000000	1.000000	1.000582	0.000391	1.007006	0.000061	0.998889	0.000059	0.999616	0.000059	0.999980	0.000059	
1350066745.435570	1.000000	47.488724	34.369064	4.953217	1.000000	1.000000	1.002207	0.000322	0.999989	0.000138	1.000000	1.000000	1.000000	1.000000	1.000074	0.000262	1.000000	1.000000	1.000025	0.000137	1350066745.435709	1.000009	34.943958	21.854706	2.715918	1.000000	1.000000	1.000036	0.000303	1.000000	0.999999	0.999541	0.000305	0.985564	0.000013	1.005403	0.000013	1.000403	0.000013	0.999912	0.000013	
1350066746.435570	1.000000	47.485596	34.366562	4.957870	1.000000	1.000000	0.997722	0.000317	0.999960	0.000191	1.000000	1.000000	1.000000	1.000000	0.999893	0.000302	1.000000	1.000000	0.999952	0.000178	1350066746.435714	1.000005	34.964684	21.875074	2.715975	1.000000	1.000000	0.999956	0.000394	1.000000	1.000001	1.000040	0.000387	0.999821	0.000067	0.999896	0.000059	0.999952	0.000056	0.999961	0.000070	
1350066747.435570	1.000000	47.494629	34.376404	4.962952	1.000000	1.000000	0.999994	0.000338	1.000003	0.000138	1.000000	1.000000	1.000000	1.000000	1.000065	0.000242	1.000000	1.000000	0.999992	0.000137	1350066747.435700	0.999986	34.917270	21.840761	2.713249	1.000000	1.000000	0.999940	0.000377	1.000000	1.000000	1.000282	0.000290	1.009537	0.000013	0.985472	0.000013	0.986525	0.000013	0.985197	0.000013	
1350066748.435570	1.000000	47.492752	34.377548	4.968018	1.000000	1.000000	0.999999	0.000620	0.999962	0.000191	1.000000	1.000000	1.000000	1.000000	0.999890	0.000278	1.000000	1.000000	1.000015	0.000176	1350066748.435701	1.000001	34.952237	21.862635	2.715741	1.000000	1.000000	1.000067	0.000379	1.000000	1.000000	1.000035	0.000383	1.001280	0.000055	1.007230	0.000054	1.007289	0.000054	1.007467	0.000054	
1350066749.435569	0.999999	47.432708	34.329287	4.963201	1.000000	1.000000	1.000016	0.000314	1.000077	0.000140	1.000000	1.000000	1.000000	1.000000	1.000113	0.000260	1.000000	1.000000	0.999879	0.000137	1350066749.435699	0.999998	34.948355	21.859096	2.705144	1.000000	1.000000	0.999914	0.000302	1.000000	1.000000	0.999578	0.000310	1.001538	0.000013	0.999791	0.000013	0.985172	0.000013	0.985213	0.000013	
1350066750.435570	1.000001	47.500596	34.386823	4.958140	1.000000	1.000000	1.002101	0.000323	0.999922	0.000204	1.000000	1.000000	1.000000	1.000000	0.999969	0.000299	1.000000	1.000000	1.000092	0.000176	1350066750.435704	1.000005	34.948021	21.859311	2.710512	1.000000	1.000000	1.000029	0.000334	1.000000	1.000000	1.000536	0.000380	0.999968	0.000060	0.996922	0.000060	0.999957	0.000054	0.999813	0.000064	
1350066751.435570	1.000000	47.526337	34.409332	4.967819	1.000000	1.000000	0.999745	0.002222	1.000077	0.000119	1.000000	1.000000	1.000000	1.000000	0.999968	0.000243	1.000000	1.000000	0.999752	0.000118	1350066751.435699	0.999995	34.948341	21.858996	2.713194	1.000000	1.000000	0.999925	0.000314	1.000000	1.000000	0.999933	0.000316	0.997857	0.000020	0.999635	0.000020	0.999428	0.000020	0.999981	0.000020	
1350066752.435570	1.000000	47.500870	34.386337	4.948059	1.000000	1.000000	1.001417	0.000395	1.000590	0.000209	1.000000	1.000000	1.000000	1.000000	0.999931	0.000296	1.000000	1.000000	1.000684	0.000195	1350066752.435699	1.000000	34.956985	21.867783	2.712921	1.000000	1.000000	1.000003	0.000399	1.000000	1.000000	0.999488	0.000398	0.999215	0.000061	0.999794	0.000060	0.997981	0.000060	0.999303	0.000061	
1350066753.435576	1.000006	47.521384	34.403466	4.947648	1.000000	1.000000	0.999574	0.001585	0.999993	0.000118	1.000000	1.000000	1.000000	1.000000	1.000084	0.000247	1.000000	1.000000	1.000003	0.000118	1350066753.435709	1.000010	34.956330	21.866801	2.702747	1.000000	1.000000	0.999937	0.000375	1.000000	1.000000	0.999784	0.000347	1.004143	0.000020	1.010902	0.000020	0.995360	0.000020	0.992529	0.000020	
1350066754.435570	0.999994	47.521661	34.405402	4.943175	1.000000	1.000000	1.002015	0.000349	0.999368	0.000225	1.000000	1.000000	1.000000	1.000000	0.999989	0.000311	1.000000	1.000000	0.999482	0.000217	1350066754.435704	0.999995	34.960517	21.870761	2.714369	1.000000	1.000000	1.000032	0.000439	1.000000	1.000000	1.000687	0.000400	1.000065	0.000089	0.996845	0.000084	1.002588	0.000083	0.995164	0.000091	
1350066755.435570	1.000000	47.494080	34.378799	4.968079	1.000000	1.000000	0.999786	0.000317	1.000073	0.000121	1.000000	1.000000	1.000000	1.000000	0.999979	0.000244	1.000000	1.000000	0.999919	0.000119	1350066755.435696	0.999992	34.953149	21.864267	2.715797	1.000000	1.000000	0.999971	0.000297	1.000000	1.000000	0.998259	0.000297	0.940018	0.000009	0.983719	0.000009	0.974947	0.000009	1.018666	0.000023	
1350066756.435570	1.000000	47.519928	34.405624	4.963135	1.000000	1.000000	1.000241	0.000333	0.999925	0.000227	1.000000	1.000000	1.000000	1.000000	0.999946	0.000298	1.000000	1.000000	1.000000	0.000176	1350066756.435702	1.000006	34.933416	21.857826	2.707473	1.000000	1.000000	0.999984	0.000393	1.000000	1.000000	1.001013	0.000382	1.008921	0.000059	1.003049	0.000065	1.003395	0.000058	1.003767	0.000054	
1350066757.435569	0.999999	47.503906	34.386980	4.963048	1.000000	1.000000	0.998095	0.000324	1.000159	0.000119	1.000000	1.000000	1.000000	1.000000	1.000041	0.000242	1.000000	1.000000	1.000017	0.000136	1350066757.435700	0.999998	34.942694	21.852581	2.710393	1.000000	1.000000	1.000009	0.000345	1.000000	1.000000	0.999647	0.000301	0.998209	0.000013	1.014985	0.000013	1.002348	0.000013	0.999213	0.000013	
1350066758.435570	1.000001	47.439911	34.337934	4.963206	1.000000	1.000000	1.000800	0.000688	0.999863	0.000189	1.000000	1.000000	1.000000	1.000000	0.999943	0.000295	1.000000	1.000000	0.999965	0.000176	1350066758.435708	1.000008	34.941581	21.852682	2.707818	1.000000	1.000000	1.000013	0.000357	1.000000	1.000000	1.000028	0.000429	0.996996	0.000067	0.996849	0.000061	0.999387	0.000054	0.999958	0.000065	
1350066759.435590	1.000020	715804261.615519	715797708.776950	715780744.118276	0.999986	1.000187	0.999983	1.000190	0.999993	1.000187	0.999985	1.000187	0.999986	1.000191	0.999988	1.000185	0.999986	1.000190	0.999986	1.000187	1350066759.435692	0.999984	715778886.008916	715814033.865474	715806556.363032	0.999986	1.000187	0.999983	1.000190	3.893324	0.256896	0.999986	1.000187	0.999986	1.000190	0.999988	1.000185	0.999986	1.000190	0.999986	1.000188	
1350066760.435653	1.000063	0.000000	0.000000	0.000000	-nan	-nan	-nan	-nan	0.000000	inf	-nan	-nan	-nan	0.000000	-nan	-nan	-nan	-nan	-nan	-nan	1350066760.435729	1.000037	0.000000	0.000000	0.000000	-nan	-nan	-nan	-nan	0.000000	inf	-nan	-nan	-nan	-nan	-nan	-nan	-nan	-nan	-nan	-nan	
