ts_0	elapsed_0	pkg_0	pp0_0	dram_0	freq_ratio_0_0	c0_ratio_0_0	freq_ratio_0_1	c0_ratio_0_1	freq_ratio_0_2	c0_ratio_0_2	freq_ratio_0_3	c0_ratio_0_3	freq_ratio_0_4	c0_ratio_0_4	freq_ratio_0_5	c0_ratio_0_5	freq_ratio_0_6	c0_ratio_0_6	freq_ratio_0_7	c0_ratio_0_7	ts_1	elapsed_1	pkg_1	pp0_1	dram_1	freq_ratio_1_0	c0_ratio_1_0	freq_ratio_1_1	c0_ratio_1_1	freq_ratio_1_2	c0_ratio_1_2	freq_ratio_1_3	c0_ratio_1_3	freq_ratio_1_4	c0_ratio_1_4	freq_ratio_1_5	c0_ratio_1_5	freq_ratio_1_6	c0_ratio_1_6	freq_ratio_1_7	c0_ratio_1_7	
1349478474.284148	1.000859	60.534303	47.082023	5.939600	1.146193	0.680863	1.145299	0.676764	1.145328	0.676876	1.145528	0.676191	1.145413	0.676410	1.145440	0.676353	1.145538	0.676143	1.145362	0.676305	1349478474.284242	1.000539	66.634749	53.203787	5.374315	1.115154	0.676633	1.115218	0.676853	1.115217	0.676744	1.112389	0.660556	1.112230	0.659573	1.112260	0.659549	1.112068	0.657067	1.162595	0.993466	
1349478475.284158	1.000010	62.562163	49.016904	6.695581	1.059099	0.807861	1.059156	0.807787	1.059166	0.807721	1.059147	0.807738	1.059032	0.808049	1.059074	0.807986	1.059131	0.807751	1.059111	0.807792	1349478475.284265	1.000023	63.313645	49.743506	6.732680	0.992655	0.807440	0.992653	0.807431	0.992652	0.807423	0.992599	0.807200	0.992593	0.807173	0.992592	0.807167	0.992669	0.807473	1.042631	0.997474	
1349478476.284153	0.999995	64.646869	50.714945	8.530392	0.954660	0.984154	0.954648	0.984556	0.954666	0.984166	0.954666	0.984185	0.954637	0.984334	0.954647	0.984412	0.954685	0.984096	0.954678	0.984097	1349478476.284256	0.999991	64.629507	50.531387	9.301033	0.915938	0.984761	0.915936	0.984680	0.915935	0.984702	0.915923	0.984622	0.915928	0.984518	0.915923	0.984610	0.915931	0.984796	0.919020	0.996061	
1349478477.284155	1.000002	64.692046	50.561458	9.323804	0.934854	0.995266	0.934847	0.995511	0.934852	0.995307	0.934853	0.995297	0.934849	0.995393	0.934848	0.995404	0.934849	0.995283	0.934853	0.995237	1349478477.284277	1.000021	64.777068	50.393840	10.635427	0.892245	0.995421	0.892245	0.995374	0.892245	0.995409	0.892246	0.995353	0.892250	0.995274	0.892246	0.995399	0.892241	0.995500	0.892242	0.995488	
1349478478.284148	0.999993	64.600438	50.676956	8.479200	0.952489	0.986395	0.952508	0.986612	0.952516	0.986368	0.952514	0.986378	0.952473	0.986540	0.952485	0.986627	0.952518	0.986321	0.952517	0.986324	1349478478.284256	0.999979	64.627516	50.530357	9.448334	0.914406	0.986905	0.914405	0.986896	0.914405	0.986888	0.914378	0.986795	0.914379	0.986751	0.914377	0.986786	0.914403	0.986930	0.916494	0.996252	
1349478479.284148	1.000000	64.694809	50.522034	9.384521	0.931389	0.995356	0.931387	0.995596	0.931389	0.995430	0.931388	0.995424	0.931388	0.995495	0.931387	0.995538	0.931389	0.995356	0.931389	0.995416	1349478479.284247	0.999991	64.714286	50.323134	10.743628	0.889099	0.995901	0.889099	0.995904	0.889099	0.995898	0.889099	0.995886	0.889099	0.995844	0.889099	0.995888	0.889099	0.995937	0.889099	0.995928	
1349478480.284146	0.999998	64.693422	50.520574	9.416613	0.931172	0.995250	0.931167	0.995630	0.931168	0.995468	0.931169	0.995365	0.931168	0.995474	0.931167	0.995568	0.931170	0.995248	0.931169	0.995240	1349478480.284246	0.999999	64.713349	50.327013	10.782435	0.889227	0.995905	0.889227	0.995901	0.889227	0.995896	0.889227	0.995894	0.889228	0.995767	0.889227	0.995799	0.889227	0.995888	0.889226	0.995934	
1349478481.284146	1.000000	64.698441	50.522324	9.484116	0.931410	0.995412	0.931409	0.995647	0.931412	0.995319	0.931411	0.995305	0.931411	0.995525	0.931411	0.995496	0.931410	0.995397	0.931411	0.995331	1349478481.284248	1.000002	64.719161	50.331218	10.756464	0.889998	0.995794	0.889998	0.995795	0.889998	0.995774	0.889998	0.995722	0.889999	0.995614	0.889997	0.995712	0.889996	0.995917	0.889995	0.996158	
1349478482.284149	1.000003	715784715.736414	715807409.388443	715770447.126265	0.999992	1.000146	0.999990	1.000150	0.999992	1.000154	0.999992	1.000147	0.999992	1.000149	0.999995	1.000144	0.999992	1.000149	0.999992	1.000147	1349478482.284240	0.999992	715821168.597165	715828258.503148	715776136.199255	0.999992	1.000147	0.999989	1.000149	3.892888	0.256916	0.999992	1.000148	0.999992	1.000149	0.999995	1.000145	0.999992	1.000149	0.999992	1.000147	
1349478483.284142	0.999993	0.000000	0.000000	0.000000	-nan	-nan	-nan	-nan	0.000000	inf	-nan	-nan	-nan	0.000000	-nan	-nan	-nan	-nan	-nan	-nan	1349478483.284205	0.999965	0.000000	0.000000	0.000000	-nan	-nan	-nan	-nan	0.000000	inf	-nan	-nan	-nan	-nan	-nan	-nan	-nan	-nan	-nan	-nan	
