ts_0	elapsed_0	pkg_0	pp0_0	dram_0	freq_ratio_0_0	c0_ratio_0_0	freq_ratio_0_1	c0_ratio_0_1	freq_ratio_0_2	c0_ratio_0_2	freq_ratio_0_3	c0_ratio_0_3	freq_ratio_0_4	c0_ratio_0_4	freq_ratio_0_5	c0_ratio_0_5	freq_ratio_0_6	c0_ratio_0_6	freq_ratio_0_7	c0_ratio_0_7	ts_1	elapsed_1	pkg_1	pp0_1	dram_1	freq_ratio_1_0	c0_ratio_1_0	freq_ratio_1_1	c0_ratio_1_1	freq_ratio_1_2	c0_ratio_1_2	freq_ratio_1_3	c0_ratio_1_3	freq_ratio_1_4	c0_ratio_1_4	freq_ratio_1_5	c0_ratio_1_5	freq_ratio_1_6	c0_ratio_1_6	freq_ratio_1_7	c0_ratio_1_7	
1350072052.954287	1.000357	64.683213	51.444224	5.538307	1.230497	0.998014	1.192282	0.002388	1.230497	0.998001	1.192296	0.000374	1.230497	0.998001	1.192361	0.000328	1.230497	0.997999	1.192328	0.000340	1350072052.954421	1.000358	47.904827	34.680040	1.929881	1.269121	0.998976	1.230714	0.000454	1.269121	0.998975	1.230678	0.000414	1.229651	0.000052	1.227096	0.000052	1.232447	0.000057	1.231857	0.000134	
1350072053.954278	0.999991	64.477284	51.247718	5.940834	1.224250	0.997501	1.192290	0.000241	1.224249	0.997509	1.192321	0.000230	1.224249	0.997507	1.192333	0.000179	1.224249	0.997507	1.192399	0.000179	1350072053.954400	0.999979	48.032868	34.794675	1.661748	1.269169	0.999443	1.230853	0.000279	1.269170	0.999443	1.231686	0.000263	1.232307	0.000011	1.225738	0.000011	1.207822	0.000011	1.225387	0.000043	
1350072054.954277	0.999999	64.461960	51.222141	6.119055	1.221833	0.996933	1.192269	0.000582	1.221833	0.996920	1.192418	0.000248	1.221833	0.996918	1.192373	0.000215	1.221833	0.996916	1.192336	0.000216	1350072054.954401	1.000001	48.088272	34.864041	1.718458	1.269167	0.999444	1.230769	0.000219	1.269167	0.999443	1.230527	0.000279	1.235350	0.000049	1.235569	0.000053	1.235145	0.000053	1.234349	0.000067	
1350072055.954278	1.000001	64.465591	51.249112	6.017130	1.221194	0.997140	1.192328	0.000243	1.221194	0.997139	1.192349	0.000228	1.221194	0.997137	1.192309	0.000179	1.221194	0.997134	1.192359	0.000178	1350072055.954405	1.000004	48.101459	34.885692	1.665521	1.269179	0.999508	1.230754	0.000151	1.269172	0.999508	1.230832	0.000249	1.233056	0.000011	1.222792	0.000011	1.210249	0.000011	1.224837	0.000045	
1350072056.954277	0.999999	64.465882	51.252994	6.011847	1.220307	0.996722	1.188991	0.000208	1.220307	0.996720	1.192310	0.000247	1.220307	0.996718	1.192202	0.000255	1.220307	0.996715	1.192309	0.000233	1350072056.954401	0.999996	48.110638	34.886814	1.684791	1.269146	0.999295	1.230689	0.000264	1.269154	0.999295	1.230942	0.000306	1.230704	0.000042	1.232787	0.000041	1.236107	0.000041	1.232347	0.000183	
1350072057.954278	1.000001	64.465911	51.254239	6.067957	1.218781	0.996566	1.194760	0.000270	1.218781	0.996564	1.192373	0.000211	1.218781	0.996561	1.192488	0.000179	1.218781	0.996559	1.192383	0.000163	1350072057.954408	1.000007	48.154040	34.936694	1.653065	1.269164	0.999506	1.230812	0.000160	1.269179	0.999506	1.230484	0.000234	1.220819	0.000011	1.211170	0.000011	1.210004	0.000011	1.224706	0.000039	
1350072058.954278	1.000000	64.464981	51.252151	5.735291	1.218688	0.996586	1.192355	0.000209	1.218688	0.996584	1.192292	0.000256	1.218688	0.996581	1.192215	0.000215	1.218688	0.996580	1.192331	0.000211	1350072058.954415	1.000007	48.131167	34.925006	1.720127	1.269159	0.999382	1.230734	0.000331	1.269158	0.999382	1.230767	0.000309	1.232748	0.000054	1.235602	0.000046	1.235029	0.000054	1.233663	0.000075	
1350072059.954278	1.000000	64.468887	51.256638	5.480469	1.218457	0.996368	1.192241	0.000503	1.218457	0.996365	1.192373	0.000250	1.218457	0.996362	1.192311	0.000189	1.218457	0.996360	1.192338	0.000178	1350072059.954410	0.999995	48.125714	34.918922	1.646813	1.269193	0.999532	1.230774	0.000159	1.269180	0.999531	1.230768	0.000241	1.226064	0.000017	1.217814	0.000017	1.218058	0.000018	1.226168	0.000047	
1350072060.954278	1.000000	64.474289	51.259842	5.766632	1.209921	0.996303	1.111377	0.003683	1.209921	0.996303	1.111972	0.003064	1.209921	0.996301	1.108461	0.003003	1.209921	0.996299	1.106936	0.002949	1350072060.954396	0.999986	48.242958	35.037190	1.782374	1.267167	0.999025	1.164799	0.002779	1.267166	0.999024	1.164836	0.002816	1.156730	0.002369	1.158183	0.002448	1.158845	0.002386	1.168432	0.003621	
1350072061.954278	1.000000	64.466034	51.250229	5.428284	1.215723	0.996461	1.149502	0.015797	1.215724	0.996448	1.166447	0.000949	1.215724	0.996446	1.180757	0.000276	1.215724	0.996445	1.192281	0.000176	1350072061.954407	1.000011	48.258946	35.050214	1.820323	1.267487	0.998131	1.212050	0.002863	1.267488	0.998129	1.223067	0.004251	1.218615	0.001758	1.183392	0.000196	1.207606	0.000830	1.207065	0.000244	
1350072062.954277	0.999999	64.465271	51.250964	5.751318	1.217116	0.996429	1.192137	0.001843	1.217116	0.996428	1.192189	0.000241	1.217116	0.996426	1.192116	0.000225	1.217116	0.996424	1.191887	0.000243	1350072062.954406	0.999999	48.137924	34.933505	1.739977	1.269156	0.999316	1.230894	0.000241	1.269155	0.999314	1.230795	0.000304	1.230197	0.000067	1.227391	0.000072	1.230894	0.000071	1.225924	0.000105	
1350072063.954278	1.000001	64.469528	51.255093	5.678171	1.217332	0.996376	1.192194	0.000273	1.217332	0.996383	1.192445	0.000228	1.217332	0.996380	1.192298	0.000179	1.217332	0.996377	1.192392	0.000179	1350072063.954400	0.999994	48.150449	34.944773	1.645884	1.269169	0.999422	1.230102	0.000259	1.269169	0.999422	1.230498	0.000245	1.227046	0.000011	1.243178	0.000011	1.219380	0.000011	1.237118	0.000060	
1350072064.954277	0.999999	64.465775	51.250064	6.031515	1.216987	0.996000	1.192330	0.000487	1.216987	0.995987	1.192306	0.000254	1.216987	0.995984	1.192473	0.000220	1.216987	0.995982	1.192223	0.000254	1350072064.954402	1.000002	47.821152	34.629618	1.710965	1.269159	0.999382	1.231459	0.000222	1.269159	0.999381	1.230796	0.000319	1.232063	0.000062	1.231069	0.000056	1.230292	0.000057	1.233024	0.000110	
1350072065.954278	1.000001	64.288177	51.071805	6.121393	1.222544	0.997391	1.192325	0.000283	1.222544	0.997400	1.192498	0.000228	1.222543	0.997398	1.192324	0.000169	1.222543	0.997397	1.192563	0.000168	1350072065.954404	1.000002	47.553132	34.347865	1.680279	1.269177	0.999552	1.230669	0.000164	1.269177	0.999551	1.230726	0.000214	1.229868	0.000017	1.228872	0.000017	1.233315	0.000017	1.230638	0.000045	
1350072066.954277	0.999999	64.467942	51.252246	6.101736	1.217090	0.996286	1.192261	0.000261	1.217090	0.996272	1.192266	0.000246	1.217090	0.996270	1.192366	0.000245	1.217090	0.996268	1.192215	0.000214	1350072066.954403	0.999999	48.150253	34.943866	1.669450	1.269164	0.999422	1.230784	0.000263	1.269164	0.999421	1.230798	0.000293	1.232236	0.000051	1.231639	0.000053	1.232534	0.000058	1.230800	0.000070	
1350072067.954279	1.000002	64.467895	51.252557	6.065891	1.217317	0.996294	1.192243	0.000240	1.217316	0.996302	1.192518	0.000228	1.217316	0.996300	1.192183	0.000163	1.217316	0.996298	1.192590	0.000178	1350072067.954406	1.000003	48.135898	34.927153	1.617762	1.269179	0.999509	1.230920	0.000161	1.269179	0.999508	1.230734	0.000246	1.210462	0.000011	1.213983	0.000011	1.205155	0.000011	1.224819	0.000039	
1350072068.954277	0.999998	64.465196	51.249793	6.047054	1.217230	0.996285	1.192305	0.000853	1.217230	0.996271	1.192284	0.000246	1.217230	0.996269	1.192374	0.000236	1.217230	0.996267	1.192310	0.000233	1350072068.954408	1.000002	48.131912	34.927042	1.736249	1.269159	0.999379	1.230711	0.000321	1.269159	0.999379	1.230807	0.000292	1.233907	0.000055	1.234529	0.000047	1.235625	0.000055	1.233590	0.000096	
1350072069.954278	1.000001	64.402420	51.199384	6.074121	1.216772	0.996352	1.192284	0.000511	1.216771	0.996360	1.192346	0.000227	1.216771	0.996357	1.192332	0.000177	1.216771	0.996355	1.192255	0.000178	1350072069.954405	0.999997	48.111355	34.908205	1.658773	1.269176	0.999487	1.230800	0.000176	1.269168	0.999487	1.230710	0.000252	1.229294	0.000017	1.231530	0.000049	1.222841	0.000018	1.224892	0.000046	
1350072070.954277	0.999999	64.464783	51.249286	5.535131	1.217244	0.996268	1.192233	0.000227	1.217244	0.996255	1.192225	0.000228	1.217245	0.996252	1.192320	0.000214	1.217245	0.996250	1.192158	0.000201	1350072070.954405	1.000000	48.160431	34.954041	1.666016	1.269169	0.999445	1.230694	0.000220	1.269170	0.999444	1.230771	0.000287	1.231966	0.000047	1.229643	0.000039	1.233506	0.000048	1.233800	0.000077	
1350072071.954277	1.000000	64.466232	51.251465	6.105835	1.217254	0.996367	1.192345	0.000232	1.217254	0.996365	1.192455	0.000236	1.217254	0.996363	1.192248	0.000179	1.217254	0.996361	1.192610	0.000178	1350072071.954447	1.000042	48.140726	34.931884	1.605127	1.269177	0.999488	1.231119	0.000190	1.269184	0.999488	1.230747	0.000246	1.231794	0.000011	1.229005	0.000010	1.231163	0.000011	1.230691	0.000039	
1350072072.954277	1.000000	64.469055	51.252808	6.089096	1.216699	0.996435	1.191849	0.001828	1.216699	0.996433	1.192414	0.000242	1.216699	0.996430	1.192855	0.000232	1.216699	0.996428	1.192922	0.000209	1350072072.954406	0.999959	48.101063	34.884167	1.697274	1.269167	0.999444	1.230456	0.000220	1.269167	0.999444	1.231006	0.000283	1.229769	0.000047	1.231889	0.000052	1.230748	0.000045	1.231081	0.000090	
1350072073.954278	1.000001	64.467590	51.251462	6.016535	1.217185	0.996288	1.192270	0.000283	1.217184	0.996294	1.192289	0.000243	1.217184	0.996291	1.191637	0.000191	1.217185	0.996290	1.192261	0.000177	1350072073.954400	0.999994	48.098538	34.878275	1.666102	1.269119	0.998970	1.230720	0.000475	1.269118	0.998968	1.230538	0.000258	1.222298	0.000018	1.215271	0.000017	1.215469	0.000018	1.221323	0.000046	
1350072074.954277	0.999999	64.462433	51.247592	6.076468	1.217170	0.996181	1.192308	0.000521	1.217171	0.996167	1.192168	0.000239	1.217171	0.996164	1.192409	0.000214	1.217170	0.996161	1.191793	0.000227	1350072074.954407	1.000007	48.128268	34.914462	1.712146	1.269156	0.999317	1.230285	0.000234	1.269156	0.999317	1.230309	0.000309	1.232894	0.000066	1.234862	0.000058	1.234804	0.000065	1.230102	0.000103	
1350072075.954277	1.000000	64.470352	51.254623	6.080276	1.216723	0.996269	1.192148	0.000243	1.216723	0.996277	1.192472	0.000227	1.216723	0.996275	1.192229	0.000180	1.216723	0.996273	1.192447	0.000178	1350072075.954396	0.999989	48.133050	34.921373	1.622225	1.269172	0.999438	1.231449	0.000171	1.269172	0.999445	1.231484	0.000277	1.235745	0.000011	1.217791	0.000011	1.204774	0.000011	1.235058	0.000053	
1350072076.954277	1.000000	64.467117	51.251678	6.078217	1.217030	0.996347	1.188873	0.000202	1.217030	0.996345	1.192228	0.000237	1.217030	0.996342	1.192309	0.000233	1.217030	0.996339	1.192329	0.000212	1350072076.954397	1.000001	48.127060	34.915891	1.675124	1.269169	0.999466	1.230732	0.000245	1.269169	0.999465	1.230757	0.000249	1.229757	0.000046	1.232711	0.000051	1.236435	0.000045	1.233248	0.000083	
1350072077.954277	1.000000	64.465851	51.250336	6.086151	1.217075	0.996285	1.195097	0.000255	1.217075	0.996272	1.192511	0.000224	1.217075	0.996269	1.192437	0.000163	1.217075	0.996266	1.192315	0.000179	1350072077.954403	1.000006	48.128818	34.921926	1.607748	1.269178	0.999488	1.230805	0.000177	1.269178	0.999486	1.230793	0.000241	1.227579	0.000011	1.210988	0.000011	1.212831	0.000011	1.226616	0.000039	
1350072078.954278	1.000001	64.309768	51.094342	6.069712	1.218419	0.996410	1.192300	0.000907	1.218419	0.996408	1.192390	0.000224	1.218419	0.996407	1.192256	0.000225	1.218419	0.996404	1.192358	0.000196	1350072078.954405	1.000002	47.353914	34.148388	1.695813	1.269154	0.999444	1.230668	0.000257	1.269162	0.999445	1.230750	0.000324	1.231379	0.000050	1.235733	0.000045	1.234884	0.000045	1.234038	0.000068	
1350072079.954287	1.000009	715787946.978828	715776779.195760	715783800.432884	0.999991	1.000220	0.999989	1.000225	0.999998	1.000220	0.999991	1.000221	0.999991	1.000224	0.999993	1.000218	0.999991	1.000223	0.999991	1.000221	1350072079.954373	0.999968	715847225.675106	715818717.526075	715824135.401588	0.999991	1.000221	0.999988	1.000223	3.892987	0.256928	0.999991	1.000221	0.999991	1.000223	0.999993	1.000219	0.999990	1.000223	0.999991	1.000221	
1350072080.954278	0.999991	0.000000	0.000000	0.000000	-nan	-nan	-nan	-nan	0.000000	inf	-nan	-nan	-nan	0.000000	-nan	-nan	-nan	-nan	-nan	-nan	1350072080.954348	0.999975	0.000000	0.000000	0.000000	-nan	-nan	-nan	-nan	0.000000	inf	-nan	-nan	-nan	-nan	-nan	-nan	-nan	-nan	-nan	-nan	
