ts_0	elapsed_0	pkg_0	pp0_0	dram_0	freq_ratio_0_0	c0_ratio_0_0	freq_ratio_0_1	c0_ratio_0_1	freq_ratio_0_2	c0_ratio_0_2	freq_ratio_0_3	c0_ratio_0_3	freq_ratio_0_4	c0_ratio_0_4	freq_ratio_0_5	c0_ratio_0_5	freq_ratio_0_6	c0_ratio_0_6	freq_ratio_0_7	c0_ratio_0_7	ts_1	elapsed_1	pkg_1	pp0_1	dram_1	freq_ratio_1_0	c0_ratio_1_0	freq_ratio_1_1	c0_ratio_1_1	freq_ratio_1_2	c0_ratio_1_2	freq_ratio_1_3	c0_ratio_1_3	freq_ratio_1_4	c0_ratio_1_4	freq_ratio_1_5	c0_ratio_1_5	freq_ratio_1_6	c0_ratio_1_6	freq_ratio_1_7	c0_ratio_1_7	
1350072052.954470	1.000350	62.561020	49.319851	2.687063	1.230562	0.998234	1.192259	0.000612	1.230563	0.998222	1.192331	0.000384	1.230563	0.998221	1.192403	0.000238	1.230563	0.998219	1.192321	0.000299	1350072052.954607	1.000344	46.413887	33.201438	1.585056	1.269116	0.998885	1.230774	0.000615	1.269115	0.998883	1.230258	0.000466	1.200875	0.000007	1.224588	0.000038	1.230306	0.000007	1.227966	0.000006	
1350072053.954467	0.999997	62.734005	49.481629	2.676507	1.230672	0.998991	1.192397	0.000180	1.230673	0.998991	1.192328	0.000165	1.230673	0.998990	1.192303	0.000255	1.230672	0.998990	1.192309	0.000225	1350072053.954593	0.999986	46.564818	33.337032	1.589973	1.269128	0.999192	1.230812	0.000471	1.269142	0.999191	1.231845	0.000221	1.213152	0.000064	1.231363	0.000119	1.230494	0.000049	1.230930	0.000054	
1350072054.954466	0.999999	62.818755	49.558061	2.662997	1.230684	0.999076	1.192506	0.000199	1.230684	0.999074	1.192146	0.000125	1.230684	0.999073	1.192201	0.000179	1.230684	0.999073	1.192329	0.000193	1350072054.954595	1.000002	46.580859	33.359128	1.587247	1.269184	0.999442	1.230693	0.000393	1.269170	0.999441	1.230780	0.000163	1.427178	0.000007	1.227936	0.000042	1.168724	0.000007	1.197468	0.000007	
1350072055.954467	1.000001	62.898561	49.634291	2.671094	1.230678	0.999052	1.191684	0.000229	1.230678	0.999052	1.192455	0.000164	1.230678	0.999051	1.192360	0.000216	1.230678	0.999046	1.192365	0.000214	1350072055.954595	1.000000	46.587463	33.376785	1.593307	1.269087	0.999074	1.230763	0.000730	1.269087	0.999073	1.230215	0.000205	1.228665	0.000045	1.232655	0.000065	1.231462	0.000162	1.234998	0.000053	
1350072056.954467	1.000000	62.874847	49.620682	2.671097	1.230688	0.999121	1.192338	0.000169	1.230688	0.999120	1.192407	0.000118	1.230688	0.999120	1.192451	0.000179	1.230684	0.999097	1.192490	0.000193	1350072056.954662	1.000067	46.568902	33.364494	1.587006	1.269169	0.999422	1.230764	0.000384	1.269161	0.999421	1.230298	0.000187	1.245456	0.000007	1.233919	0.000036	1.227466	0.000007	1.241849	0.000007	
1350072057.954467	1.000000	63.054214	49.780670	2.660294	1.230652	0.998921	1.192126	0.000182	1.230652	0.998920	1.192276	0.000181	1.230652	0.998920	1.192711	0.000293	1.230656	0.998941	1.192745	0.000227	1350072057.954594	0.999932	46.591758	33.384516	1.596468	1.269146	0.999209	1.231051	0.000409	1.269147	0.999209	1.231701	0.000221	1.230857	0.000056	1.228754	0.000064	1.229313	0.000053	1.229248	0.000050	
1350072058.954467	1.000000	63.099045	49.823044	2.665680	1.230690	0.999142	1.193165	0.000175	1.230690	0.999141	1.192427	0.000124	1.230690	0.999141	1.192514	0.000178	1.230690	0.999141	1.192426	0.000175	1350072058.954596	1.000002	46.617038	33.409391	1.593137	1.269051	0.999272	1.230703	0.002216	1.269057	0.999272	1.230768	0.000171	1.231302	0.000007	1.227745	0.000076	1.210056	0.000007	1.232122	0.000007	
1350072059.954467	1.000000	63.056610	49.780212	2.660294	1.230672	0.998967	1.191612	0.000204	1.230672	0.998967	1.192283	0.000174	1.230672	0.998966	1.191541	0.000227	1.230672	0.998965	1.191634	0.000225	1350072059.954600	1.000004	46.591776	33.396669	1.590188	1.269135	0.999101	1.230744	0.000395	1.269135	0.999099	1.230748	0.000223	1.223347	0.000078	1.227804	0.000073	1.228923	0.000119	1.221280	0.000055	
1350072060.954467	1.000000	63.055435	49.779648	2.665695	1.230686	0.999100	1.192261	0.000175	1.230686	0.999100	1.192277	0.000118	1.230686	0.999099	1.192293	0.000179	1.230686	0.999098	1.192311	0.000211	1350072060.954600	1.000000	46.601868	33.403397	1.590042	1.269140	0.999160	1.230778	0.000624	1.269140	0.999165	1.230766	0.000183	1.180607	0.000008	1.236028	0.000056	1.245546	0.000020	1.220033	0.000028	
1350072061.954467	1.000000	63.121048	49.840637	2.676254	1.230665	0.998899	1.192312	0.000194	1.230665	0.998898	1.192462	0.000159	1.230665	0.998897	1.192375	0.000280	1.230665	0.998896	1.192336	0.000211	1350072061.954599	0.999999	46.781142	33.583498	1.613924	1.267924	0.998150	1.228096	0.015942	1.267939	0.998143	1.220926	0.003731	1.206202	0.001982	1.213679	0.000920	1.205503	0.000887	1.207732	0.000257	
1350072062.954467	1.000000	63.122223	49.842041	2.676514	1.230688	0.999115	1.192380	0.000164	1.230687	0.999114	1.192404	0.000118	1.230688	0.999113	1.192171	0.000179	1.230688	0.999113	1.192320	0.000201	1350072062.954590	0.999991	46.582255	33.389325	1.582290	1.269181	0.999403	1.230447	0.000401	1.269167	0.999401	1.230789	0.000161	1.248701	0.000007	1.222942	0.000037	1.217734	0.000007	1.236977	0.000006	
1350072063.954467	1.000000	63.149078	49.868851	2.665695	1.230677	0.999030	1.192278	0.000181	1.230678	0.999030	1.192330	0.000171	1.230678	0.999030	1.192434	0.000225	1.230678	0.999028	1.192446	0.000228	1350072063.954590	1.000000	46.550568	33.370697	1.588165	1.269137	0.999145	1.230673	0.000434	1.269137	0.999144	1.230750	0.000225	1.222227	0.000071	1.232897	0.000098	1.230189	0.000106	1.230967	0.000051	
1350072064.954467	1.000000	63.151855	49.873215	2.676498	1.230683	0.999143	1.192245	0.000366	1.230683	0.999141	1.192146	0.000102	1.230683	0.999141	1.192190	0.000180	1.230683	0.999141	1.192305	0.000186	1350072064.954590	1.000000	46.323547	33.125336	1.596313	1.269153	0.999400	1.230765	0.000386	1.269153	0.999399	1.230770	0.000150	1.232257	0.000417	1.231828	0.000036	1.252059	0.000007	1.231327	0.000007	
1350072065.954467	1.000000	62.388031	49.101273	2.700897	1.227174	0.998982	1.161445	0.003829	1.227174	0.998985	1.156475	0.002957	1.227174	0.998985	1.156849	0.002983	1.227174	0.998979	1.156383	0.002940	1350072065.954595	1.000005	46.139829	32.946841	1.591224	1.268299	0.998861	1.172887	0.003094	1.268299	0.998859	1.164368	0.002660	1.157842	0.002231	1.170636	0.003662	1.159633	0.002235	1.158579	0.002150	
1350072066.954466	0.999999	63.188857	49.903505	2.681903	1.230686	0.999103	1.192470	0.000193	1.230686	0.999103	1.192387	0.000101	1.230686	0.999102	1.192438	0.000179	1.230686	0.999101	1.192322	0.000193	1350072066.954590	0.999995	46.613911	33.416046	1.590279	1.269169	0.999425	1.231148	0.000378	1.269169	0.999425	1.232123	0.000175	1.248048	0.000007	1.234235	0.000036	1.248602	0.000007	1.231001	0.000007	
1350072067.954467	1.000001	63.191239	49.905363	2.673795	1.230676	0.999009	1.192186	0.000164	1.230676	0.999008	1.192354	0.000176	1.230676	0.999008	1.192231	0.000229	1.230676	0.999005	1.192409	0.000225	1350072067.954597	1.000007	46.601652	33.408033	1.590306	1.269149	0.999232	1.231231	0.000364	1.269149	0.999231	1.230804	0.000220	1.228443	0.000053	1.230873	0.000083	1.229931	0.000069	1.230949	0.000052	
1350072068.954467	1.000000	63.167892	49.884506	2.668396	1.230692	0.999164	1.192262	0.000185	1.230691	0.999163	1.192378	0.000101	1.230692	0.999163	1.192232	0.000163	1.230691	0.999163	1.192106	0.000178	1350072068.954594	0.999997	46.607612	33.412854	1.591741	1.269082	0.999210	1.230673	0.002108	1.269082	0.999209	1.230720	0.000181	1.245441	0.000007	1.230408	0.000076	1.231573	0.000007	1.228618	0.000007	
1350072069.954467	1.000000	63.191742	49.908524	2.668396	1.230679	0.999054	1.192450	0.000165	1.230679	0.999053	1.192411	0.000159	1.230679	0.999052	1.192994	0.000233	1.230679	0.999051	1.192982	0.000225	1350072069.954595	1.000001	46.611146	33.401732	1.585631	1.269149	0.999251	1.230794	0.000370	1.269149	0.999251	1.230799	0.000228	1.230834	0.000060	1.227786	0.000075	1.230509	0.000053	1.230784	0.000051	
1350072070.954467	1.000000	63.210434	49.925507	2.665710	1.230688	0.999118	1.192990	0.000187	1.230688	0.999118	1.192373	0.000117	1.230688	0.999117	1.192380	0.000178	1.230688	0.999117	1.192413	0.000176	1350072070.954591	0.999996	46.613150	33.405943	1.590415	1.269111	0.999273	1.230754	0.000624	1.269111	0.999272	1.230734	0.000171	1.231208	0.000007	1.233843	0.000036	1.178867	0.000007	1.198551	0.000007	
1350072071.954467	1.000000	63.156479	49.884262	2.671097	1.230662	0.998986	1.191677	0.000207	1.230662	0.998990	1.192375	0.000170	1.230662	0.998988	1.191691	0.000224	1.230662	0.998985	1.191767	0.000224	1350072071.954622	1.000031	46.614614	33.417452	1.593609	1.269141	0.999186	1.230718	0.000387	1.269141	0.999185	1.230767	0.000236	1.229211	0.000079	1.226206	0.000074	1.230534	0.000073	1.225714	0.000050	
1350072072.954467	1.000000	63.205154	49.920395	2.673798	1.230686	0.999097	1.192301	0.000172	1.230686	0.999097	1.192320	0.000117	1.230686	0.999096	1.192444	0.000180	1.230686	0.999095	1.192314	0.000192	1350072072.954596	0.999974	46.617255	33.423415	1.592082	1.269162	0.999338	1.230708	0.000395	1.269162	0.999338	1.230729	0.000161	1.252008	0.000007	1.238827	0.000056	1.245269	0.000027	1.228060	0.000034	
1350072073.954467	1.000000	63.217087	49.933578	2.662994	1.230670	0.999000	1.188164	0.000243	1.230670	0.998999	1.188824	0.000174	1.230670	0.998999	1.185615	0.000264	1.230670	0.998995	1.186216	0.000270	1350072073.954598	1.000002	46.617663	33.424619	1.591916	1.269140	0.999176	1.230756	0.000449	1.269140	0.999187	1.230758	0.000236	1.228406	0.000056	1.230987	0.000113	1.232314	0.000055	1.238260	0.000075	
1350072074.954466	0.999999	63.227218	49.942156	2.662997	1.230690	0.999165	1.192285	0.000166	1.230690	0.999164	1.192127	0.000116	1.230690	0.999163	1.191873	0.000179	1.230690	0.999163	1.192273	0.000176	1350072074.954592	0.999994	46.617236	33.417848	1.593348	1.269169	0.999435	1.230751	0.000389	1.269169	0.999423	1.230807	0.000155	1.248746	0.000007	1.223658	0.000036	1.185780	0.000007	1.231718	0.000006	
1350072075.954467	1.000001	63.191926	49.908217	2.671094	1.230679	0.999033	1.192222	0.000175	1.230679	0.999033	1.192511	0.000160	1.230679	0.999032	1.192620	0.000211	1.230679	0.999031	1.192324	0.000226	1350072075.954595	1.000003	46.627404	33.432086	1.585231	1.269107	0.999057	1.230747	0.000669	1.269122	0.999056	1.230774	0.000247	1.230474	0.000050	1.232667	0.000095	1.234689	0.000070	1.230656	0.000056	
1350072076.954467	1.000000	63.217560	49.933029	2.663010	1.230691	0.999143	1.192674	0.000160	1.230691	0.999141	1.192231	0.000117	1.230691	0.999141	1.191908	0.000164	1.230691	0.999141	1.192359	0.000193	1350072076.954593	0.999998	46.613721	33.414462	1.590350	1.269182	0.999401	1.230803	0.000417	1.269168	0.999400	1.230790	0.000145	1.233525	0.000007	1.229212	0.000036	1.189410	0.000007	1.197442	0.000007	
1350072077.954467	1.000000	63.212967	49.925735	2.673798	1.230680	0.999053	1.192078	0.000176	1.230681	0.999045	1.192483	0.000159	1.230681	0.999043	1.192492	0.000214	1.230680	0.999043	1.192346	0.000214	1350072077.954593	1.000000	46.584473	33.398621	1.588654	1.269149	0.999228	1.231164	0.000348	1.269149	0.999227	1.230707	0.000266	1.230314	0.000050	1.231877	0.000065	1.235025	0.000051	1.235387	0.000050	
1350072078.954467	1.000000	62.584000	49.298065	2.673782	1.230680	0.999057	1.192258	0.000187	1.230680	0.999052	1.191849	0.000191	1.230680	0.999052	1.192274	0.000187	1.230680	0.999051	1.192317	0.000177	1350072078.954594	1.000001	45.875780	32.681259	1.585097	1.269043	0.999103	1.230702	0.002662	1.269043	0.999102	1.230855	0.000150	1.231419	0.000007	1.230979	0.000056	1.220772	0.000007	1.228932	0.000007	
1350072079.954468	1.000001	715773615.328187	715798695.949211	715775483.922154	0.999990	1.000217	0.999988	1.000224	0.999998	1.000219	0.999990	1.000217	0.999990	1.000221	0.999993	1.000215	0.999990	1.000221	0.999990	1.000218	1350072079.954566	0.999972	715806582.904974	715804966.373965	715831055.807234	0.999990	1.000218	0.999988	1.000221	3.893006	0.256926	0.999990	1.000219	0.999990	1.000220	0.999993	1.000218	0.999990	1.000221	0.999990	1.000219	
1350072080.954575	1.000107	0.000000	0.000000	0.000000	-nan	-nan	-nan	-nan	0.000000	inf	-nan	-nan	-nan	0.000000	-nan	-nan	-nan	-nan	-nan	-nan	1350072080.954649	1.000083	0.000000	0.000000	0.000000	-nan	-nan	-nan	-nan	0.000000	inf	-nan	-nan	-nan	-nan	-nan	-nan	-nan	-nan	-nan	-nan	
