ts_0	elapsed_0	pkg_0	pp0_0	dram_0	freq_ratio_0_0	c0_ratio_0_0	freq_ratio_0_1	c0_ratio_0_1	freq_ratio_0_2	c0_ratio_0_2	freq_ratio_0_3	c0_ratio_0_3	freq_ratio_0_4	c0_ratio_0_4	freq_ratio_0_5	c0_ratio_0_5	freq_ratio_0_6	c0_ratio_0_6	freq_ratio_0_7	c0_ratio_0_7	ts_1	elapsed_1	pkg_1	pp0_1	dram_1	freq_ratio_1_0	c0_ratio_1_0	freq_ratio_1_1	c0_ratio_1_1	freq_ratio_1_2	c0_ratio_1_2	freq_ratio_1_3	c0_ratio_1_3	freq_ratio_1_4	c0_ratio_1_4	freq_ratio_1_5	c0_ratio_1_5	freq_ratio_1_6	c0_ratio_1_6	freq_ratio_1_7	c0_ratio_1_7	
1350072052.934874	1.000399	63.560676	50.314331	3.803902	1.229341	0.998166	1.191250	0.000593	1.229341	0.998150	1.192336	0.000306	1.229340	0.998150	1.192264	0.000287	1.229344	0.998171	1.192365	0.000372	1350072052.935005	1.000350	45.383454	32.259202	2.296895	1.269137	0.999078	1.230894	0.000440	1.269137	0.999077	1.230770	0.000402	1.240035	0.000018	1.234112	0.000047	1.230814	0.000018	1.254370	0.000028	
1350072053.934863	0.999989	63.667858	50.432423	3.793789	1.230682	0.999099	1.192318	0.000231	1.230682	0.999099	1.192363	0.000249	1.230681	0.999099	1.192391	0.000173	1.230681	0.999097	1.191844	0.000163	1350072053.935004	0.999999	45.332471	32.197373	1.982363	1.269147	0.999334	1.231143	0.000371	1.269158	0.999333	1.230790	0.000269	1.228963	0.000061	1.228650	0.000070	1.230676	0.000047	1.230600	0.000049	
1350072054.934856	0.999993	63.818038	50.568633	3.786464	1.230691	0.999188	1.189921	0.000240	1.230691	0.999188	1.192245	0.000196	1.230692	0.999187	1.191830	0.000124	1.230691	0.999187	1.192886	0.000117	1350072054.934984	0.999980	45.252203	32.114413	1.873267	1.269187	0.999465	1.229863	0.000284	1.269175	0.999464	1.230708	0.000140	1.112665	0.000013	1.228397	0.000039	1.210611	0.000011	1.210555	0.000011	
1350072055.934857	1.000001	63.860977	50.611219	3.786083	1.230668	0.998927	1.194641	0.000234	1.230668	0.998926	1.192401	0.000300	1.230668	0.998926	1.192643	0.000153	1.230668	0.998925	1.192425	0.000154	1350072055.934991	1.000007	45.243309	32.105949	1.991228	1.269128	0.999187	1.230973	0.000406	1.269142	0.999186	1.229842	0.000255	1.269825	0.000043	1.233996	0.000074	1.235084	0.000043	1.232117	0.000166	
1350072056.934856	0.999999	63.914963	50.661135	3.797809	1.230635	0.998990	1.192308	0.000517	1.230635	0.998989	1.192330	0.000180	1.230635	0.998989	1.192423	0.000117	1.230635	0.998988	1.192224	0.000117	1350072056.934981	0.999990	45.225673	32.087480	2.034322	1.269189	0.999464	1.230863	0.000270	1.269175	0.999463	1.232289	0.000170	1.210752	0.000012	1.225633	0.000046	1.246816	0.000018	1.244355	0.000018	
1350072057.934863	1.000007	63.939576	50.684693	3.794041	1.230678	0.999069	1.192307	0.000293	1.230678	0.999071	1.192359	0.000223	1.230678	0.999070	1.192332	0.000154	1.230678	0.999064	1.192392	0.000207	1350072057.934989	1.000008	45.230590	32.092559	2.025145	1.269162	0.999347	1.230708	0.000382	1.269162	0.999358	1.230836	0.000231	1.235409	0.000054	1.235437	0.000066	1.225988	0.000054	1.225262	0.000041	
1350072058.934857	0.999994	63.972320	50.713666	3.785286	1.223530	0.999067	1.163844	0.003676	1.223530	0.999067	1.157685	0.002789	1.223530	0.999066	1.155478	0.002728	1.223530	0.999066	1.155884	0.002640	1350072058.934986	0.999997	45.310870	32.171868	1.926031	1.268852	0.999266	1.173520	0.002707	1.268852	0.999265	1.172287	0.002583	1.155631	0.001630	1.183059	0.003647	1.157459	0.001574	1.169983	0.002456	
1350072059.934857	1.000000	63.960495	50.700058	3.805252	1.230668	0.998921	1.192225	0.000251	1.230669	0.998924	1.192357	0.000284	1.230669	0.998924	1.192467	0.000144	1.230669	0.998918	1.192341	0.000167	1350072059.934988	1.000002	45.241277	32.102783	1.988659	1.269149	0.999227	1.230788	0.000377	1.269149	0.999227	1.230757	0.000235	1.230741	0.000034	1.225392	0.000038	1.229352	0.000034	1.230010	0.000128	
1350072060.934856	0.999999	63.983307	50.719439	3.809086	1.230602	0.999053	1.192315	0.002062	1.230602	0.999051	1.192325	0.000206	1.230602	0.999051	1.191924	0.000132	1.230602	0.999050	1.192094	0.000108	1350072060.934984	0.999996	45.228928	32.090371	2.018426	1.269165	0.999381	1.230705	0.000379	1.269164	0.999378	1.230801	0.000235	1.197497	0.000012	1.218407	0.000018	1.233294	0.000018	1.235935	0.000018	
1350072061.934864	1.000008	64.066482	50.798310	3.803817	1.229744	0.998021	1.189968	0.001611	1.229744	0.998021	1.192104	0.014795	1.229744	0.998019	1.182822	0.000245	1.229745	0.998018	1.192911	0.000215	1350072061.934995	1.000011	45.262687	32.122801	2.097099	1.268623	0.998225	1.219701	0.002204	1.268623	0.998213	1.222454	0.004548	1.218784	0.002001	1.204703	0.000189	1.215290	0.000754	1.204259	0.000041	
1350072062.934863	0.999999	63.989792	50.721163	3.786274	1.230683	0.999079	1.192169	0.000262	1.230683	0.999076	1.191616	0.000191	1.230683	0.999075	1.191423	0.000161	1.230683	0.999075	1.192353	0.000104	1350072062.934991	0.999996	45.200913	32.062752	1.946800	1.269174	0.999463	1.230786	0.000282	1.269175	0.999462	1.230347	0.000184	1.038349	0.000013	1.203241	0.000011	1.207525	0.000011	1.209835	0.000011	
1350072063.934857	0.999994	63.942474	50.684720	3.801399	1.230679	0.999052	1.192367	0.000242	1.230679	0.999051	1.192337	0.000242	1.230679	0.999051	1.192428	0.000128	1.230679	0.999050	1.191814	0.000228	1350072063.934986	0.999995	45.202359	32.063546	2.108958	1.269146	0.999228	1.230773	0.000401	1.269145	0.999228	1.230998	0.000296	1.256067	0.000093	1.230723	0.000079	1.230201	0.000093	1.222456	0.000072	
1350072064.934856	0.999999	64.027527	50.756045	3.789890	1.230672	0.999123	1.191275	0.000671	1.230672	0.999123	1.192306	0.000181	1.230672	0.999122	1.192275	0.000132	1.230672	0.999121	1.192348	0.000117	1350072064.934988	1.000002	44.941946	31.803833	1.951489	1.269174	0.999466	1.230721	0.000290	1.269175	0.999465	1.230661	0.000164	1.232354	0.000011	1.249111	0.000011	1.226256	0.000011	1.259450	0.000021	
1350072065.934857	1.000001	63.168458	49.895338	3.809399	1.230662	0.998991	1.193657	0.000525	1.230662	0.998990	1.192355	0.000233	1.230662	0.998989	1.192529	0.000138	1.230662	0.998989	1.192351	0.000175	1350072065.934983	0.999995	44.636973	31.497518	2.106853	1.269149	0.999335	1.230778	0.000413	1.269149	0.999334	1.230761	0.000268	1.230252	0.000075	1.224731	0.000069	1.232029	0.000066	1.230793	0.000054	
1350072066.934856	0.999999	64.039841	50.769244	3.786167	1.230671	0.999011	1.192231	0.000489	1.230671	0.999010	1.192324	0.000190	1.230671	0.999010	1.192364	0.000101	1.230671	0.999009	1.192487	0.000132	1350072066.934980	0.999997	45.238635	32.099160	1.966666	1.269172	0.999441	1.231456	0.000297	1.269172	0.999441	1.231864	0.000208	1.237238	0.000019	1.253361	0.000018	1.244014	0.000018	1.227466	0.000018	
1350072067.934857	1.000001	64.012543	50.739927	3.793713	1.230679	0.999054	1.189279	0.000238	1.230679	0.999051	1.192320	0.000250	1.230679	0.999051	1.192185	0.000174	1.230679	0.999050	1.192122	0.000179	1350072067.934982	1.000002	45.221746	32.083099	1.957882	1.269160	0.999379	1.230092	0.000332	1.269161	0.999378	1.229850	0.000249	1.231146	0.000059	1.230951	0.000046	1.225791	0.000048	1.231667	0.000078	
1350072068.934856	0.999999	64.011978	50.739749	3.797779	1.230693	0.999192	1.195388	0.000232	1.230693	0.999190	1.192249	0.000195	1.230693	0.999190	1.191950	0.000101	1.230693	0.999189	1.192514	0.000153	1350072068.934981	0.999999	45.241498	32.103027	1.906649	1.269169	0.999401	1.230768	0.000306	1.269169	0.999400	1.230787	0.000207	1.211060	0.000012	1.229685	0.000011	1.231499	0.000011	1.230917	0.000011	
1350072069.934857	1.000001	64.077576	50.804547	3.786114	1.230680	0.999052	1.192201	0.000228	1.230680	0.999051	1.192345	0.000228	1.230680	0.999050	1.192558	0.000170	1.230680	0.999050	1.192319	0.000191	1350072069.934981	1.000000	45.211716	32.073059	1.977676	1.269161	0.999357	1.230740	0.000370	1.269161	0.999356	1.230757	0.000244	1.230682	0.000049	1.226314	0.000047	1.230393	0.000047	1.230742	0.000047	
1350072070.934856	0.999999	64.081116	50.805011	3.789982	1.230604	0.999056	1.192313	0.001866	1.230604	0.999053	1.192290	0.000165	1.230604	0.999052	1.192219	0.000100	1.230604	0.999052	1.192327	0.000121	1350072070.934984	1.000003	45.210157	32.072181	1.979852	1.269167	0.999389	1.230760	0.000349	1.269167	0.999400	1.231695	0.000239	1.231736	0.000019	1.230593	0.000018	1.231717	0.000018	1.231286	0.000018	
1350072071.934857	1.000001	64.097092	50.822705	3.797650	1.230652	0.998878	1.192227	0.000487	1.230651	0.998879	1.192373	0.000259	1.230652	0.998877	1.192356	0.000148	1.230652	0.998877	1.192345	0.000190	1350072071.935011	1.000027	45.225375	32.087453	1.952981	1.269161	0.999391	1.230679	0.000333	1.269161	0.999379	1.230392	0.000253	1.230273	0.000054	1.232877	0.000052	1.229287	0.000057	1.230712	0.000074	
1350072072.934857	1.000000	64.048264	50.784943	3.786270	1.230691	0.999163	1.192242	0.000229	1.230691	0.999162	1.192366	0.000181	1.230691	0.999162	1.192370	0.000117	1.230691	0.999161	1.192412	0.000147	1350072072.934985	0.999974	45.215485	32.076899	1.921208	1.269172	0.999443	1.230807	0.000309	1.269172	0.999441	1.230098	0.000201	1.222293	0.000012	1.208166	0.000011	1.231885	0.000011	1.230775	0.000011	
1350072073.934857	1.000000	64.116318	50.841949	3.793900	1.230685	0.999122	1.192261	0.000235	1.230685	0.999122	1.192941	0.000214	1.230685	0.999122	1.193227	0.000147	1.230685	0.999121	1.192839	0.000186	1350072073.934978	0.999993	45.234062	32.095772	1.995757	1.269162	0.999382	1.230796	0.000375	1.269161	0.999382	1.230637	0.000255	1.236475	0.000061	1.233318	0.000053	1.231829	0.000045	1.230944	0.000046	
1350072074.934856	0.999999	64.108978	50.834933	3.801639	1.230682	0.999075	1.192376	0.000282	1.230682	0.999073	1.191686	0.000191	1.230682	0.999072	1.191298	0.000142	1.230682	0.999072	1.192139	0.000154	1350072074.934985	1.000007	45.200325	32.074882	2.076570	1.269172	0.999423	1.230770	0.000301	1.269172	0.999422	1.231038	0.000201	1.229583	0.000011	1.230274	0.000011	1.232341	0.000011	1.229064	0.000011	
1350072075.934857	1.000001	64.090439	50.816007	3.797802	1.230680	0.999059	1.192236	0.000270	1.230680	0.999058	1.192285	0.000223	1.230680	0.999056	1.192338	0.000144	1.230680	0.999051	1.191860	0.000169	1350072075.934984	0.999999	45.254575	32.115891	2.071230	1.269098	0.998707	1.230693	0.000636	1.269098	0.998717	1.230760	0.000318	1.230126	0.000086	1.232627	0.000071	1.230238	0.000065	1.221655	0.000091	
1350072076.934856	0.999999	64.116516	50.840167	3.801426	1.230662	0.998924	1.192211	0.000492	1.230663	0.998923	1.192359	0.000209	1.230662	0.998922	1.192204	0.000116	1.230662	0.998921	1.192207	0.000166	1350072076.934989	1.000005	45.237795	32.099983	1.941000	1.269172	0.999422	1.230778	0.000297	1.269172	0.999421	1.230406	0.000215	1.234818	0.000018	1.229437	0.000018	1.229482	0.000018	1.260399	0.000028	
1350072077.934857	1.000001	64.055145	50.781873	3.789807	1.230686	0.999117	1.189180	0.000223	1.230686	0.999120	1.192285	0.000220	1.230686	0.999120	1.192535	0.000151	1.230686	0.999115	1.192395	0.000171	1350072077.934981	0.999992	45.244340	32.106034	1.920319	1.269167	0.999410	1.230718	0.000346	1.269166	0.999399	1.231074	0.000202	1.228405	0.000047	1.228754	0.000048	1.231832	0.000047	1.230995	0.000046	
1350072078.934857	1.000000	63.462585	50.187180	3.793762	1.230630	0.999009	1.195175	0.000245	1.230630	0.999008	1.192452	0.000831	1.230630	0.999008	1.192276	0.000101	1.230630	0.999007	1.192356	0.000131	1350072078.934985	1.000004	44.528521	31.389536	2.031608	1.269167	0.999400	1.230841	0.000345	1.269167	0.999400	1.230784	0.000213	1.236333	0.000018	1.235346	0.000018	1.230921	0.000018	1.230265	0.000018	
1350072079.934858	1.000001	715783755.363270	715809784.441764	715796331.228078	0.999989	1.000208	0.999986	1.000210	0.999996	1.000207	0.999988	1.000206	0.999989	1.000211	0.999991	1.000206	0.999989	1.000210	0.999989	1.000209	1350072079.934952	0.999967	715834226.349328	715835801.762475	715794630.272805	0.999988	1.000204	0.999986	1.000208	3.893122	0.256916	0.999988	1.000207	0.999989	1.000211	0.999991	1.000206	0.999989	1.000211	0.999989	1.000209	
1350072080.934857	0.999999	0.000000	0.000000	0.000000	-nan	-nan	-nan	-nan	0.000000	inf	-nan	-nan	-nan	0.000000	-nan	-nan	-nan	-nan	-nan	-nan	1350072080.934926	0.999974	0.000000	0.000000	0.000000	-nan	-nan	-nan	-nan	0.000000	inf	-nan	-nan	-nan	-nan	-nan	-nan	-nan	-nan	-nan	-nan	
