ts_0	elapsed_0	pkg_0	pp0_0	dram_0	freq_ratio_0_0	c0_ratio_0_0	freq_ratio_0_1	c0_ratio_0_1	freq_ratio_0_2	c0_ratio_0_2	freq_ratio_0_3	c0_ratio_0_3	freq_ratio_0_4	c0_ratio_0_4	freq_ratio_0_5	c0_ratio_0_5	freq_ratio_0_6	c0_ratio_0_6	freq_ratio_0_7	c0_ratio_0_7	ts_1	elapsed_1	pkg_1	pp0_1	dram_1	freq_ratio_1_0	c0_ratio_1_0	freq_ratio_1_1	c0_ratio_1_1	freq_ratio_1_2	c0_ratio_1_2	freq_ratio_1_3	c0_ratio_1_3	freq_ratio_1_4	c0_ratio_1_4	freq_ratio_1_5	c0_ratio_1_5	freq_ratio_1_6	c0_ratio_1_6	freq_ratio_1_7	c0_ratio_1_7	
1350066765.908926	1.000413	36.191903	23.037133	6.118872	1.000000	1.000000	0.999719	0.002627	0.999394	0.000012	1.000021	0.000055	1.000000	1.000000	0.999992	0.000275	1.001482	0.000011	1.000997	0.000012	1350066765.909109	1.000389	36.098411	22.859849	2.825912	0.998884	0.000366	0.999992	0.004390	0.999721	0.000019	1.000000	1.000000	1.000000	1.000000	0.999583	0.000303	0.997751	0.000021	0.999007	0.000049	
1350066766.908909	0.999983	36.148912	22.986870	6.127621	1.000000	1.000000	1.000005	0.000774	0.992963	0.000098	0.999906	0.000119	1.000000	1.000000	1.000525	0.000264	0.991047	0.000059	0.994238	0.000091	1350066766.909094	0.999985	35.973670	22.754065	2.725886	0.999962	0.000244	0.999990	0.002392	1.000093	0.000075	1.000000	1.000000	1.000000	1.000000	1.000599	0.000313	0.999265	0.000059	0.999231	0.000092	
1350066767.908908	0.999999	36.140904	22.978049	6.109076	1.000000	1.000000	1.000429	0.000330	1.025566	0.000027	0.999687	0.000050	1.000000	1.000000	0.999969	0.000210	1.000760	0.000012	0.999047	0.000012	1350066767.909088	0.999994	35.936448	22.702375	2.715837	1.000030	0.000306	1.000137	0.000090	1.000463	0.000012	0.999994	1.000000	1.000000	1.000000	1.000061	0.000241	1.009332	0.000013	1.000309	0.000045	
1350066768.908909	1.000001	36.176037	23.013238	6.127481	1.000000	1.000000	0.999928	0.002530	1.000214	0.000061	1.000329	0.000090	1.000000	1.000000	0.999436	0.000265	1.005676	0.000091	1.007863	0.000068	1350066768.909096	1.000008	35.947997	22.714568	2.712792	0.999768	0.000266	1.000105	0.000132	0.999822	0.000106	1.000006	1.000000	1.000000	1.000000	0.999334	0.000307	0.997249	0.000077	1.000416	0.000157	
1350066769.908908	0.999999	36.112782	22.964255	6.109076	1.000000	1.000000	1.000017	0.000365	1.000385	0.000012	0.999555	0.000036	1.000000	1.000000	0.999920	0.000230	1.000942	0.000011	0.999838	0.000012	1350066769.909077	0.999981	35.969039	22.731528	2.715811	0.999983	0.000290	0.999824	0.000086	1.000799	0.000013	0.999995	1.000000	1.000000	1.000000	1.000728	0.000237	1.017570	0.000009	0.998978	0.000128	
1350066770.908908	1.000000	36.156174	22.994019	6.121399	1.000000	1.000000	1.000044	0.000367	0.999598	0.000066	1.000034	0.000112	1.000000	1.000000	1.000095	0.000252	0.999654	0.000058	0.999702	0.000047	1350066770.909091	1.000014	35.980985	22.742905	2.713158	1.000220	0.000235	1.000091	0.000123	0.999795	0.000077	0.999999	1.000000	1.000000	1.000000	0.999949	0.000292	1.001122	0.000063	1.001071	0.000085	
1350066771.908908	1.000000	36.151932	22.991196	6.121399	1.000000	1.000000	0.999991	0.000614	0.999936	0.000012	0.999410	0.000071	1.000000	1.000000	0.999940	0.000193	0.999720	0.000011	1.000614	0.000012	1350066771.909099	1.000008	35.961012	22.722228	2.715569	0.999932	0.000284	0.999679	0.000085	1.000100	0.000019	1.000006	1.000000	1.000000	1.000000	1.000153	0.000206	0.874714	0.000022	0.995262	0.000050	
1350066772.908909	1.000001	36.162014	23.000512	6.121378	1.000000	1.000000	1.000221	0.000622	0.999973	0.000087	1.000588	0.000079	1.000000	1.000000	0.999976	0.000256	1.000124	0.000078	1.000028	0.000123	1350066772.909087	0.999988	36.162022	22.925658	2.734942	1.000011	0.000238	0.999993	0.005382	0.919595	0.000066	0.999995	1.000000	1.000000	1.000000	0.999887	0.000380	1.058213	0.000045	1.001140	0.000205	
1350066773.908908	0.999999	36.150303	22.988746	6.133734	1.000000	1.000000	0.999974	0.000323	0.999840	0.000012	0.999399	0.000035	1.000000	1.000000	1.000002	0.000221	0.997513	0.000011	0.996896	0.000012	1350066773.909085	0.999998	36.261849	23.025938	2.712438	0.999890	0.000252	0.999992	0.008400	1.424039	0.000013	1.000005	1.000000	1.000000	1.000000	1.000038	0.000222	1.006098	0.000014	0.999893	0.000050	
1350066774.908909	1.000001	36.163799	23.001763	6.133722	1.000000	1.000000	1.000008	0.000396	1.000166	0.000058	1.000509	0.000070	1.000000	1.000000	0.999976	0.000257	1.000705	0.000053	1.000555	0.000084	1350066774.909085	1.000000	36.286774	23.048126	2.731918	0.999998	0.000247	0.999998	0.008554	1.000153	0.000068	0.999995	1.000000	1.000000	1.000000	0.999939	0.000278	1.000016	0.000049	1.000024	0.000145	
1350066775.908908	0.999999	36.152104	22.990485	6.121405	1.000000	1.000000	1.000007	0.000353	0.999840	0.000012	0.998895	0.000033	1.000000	1.000000	0.999983	0.000221	0.998890	0.000011	0.999065	0.000012	1350066775.909088	1.000003	36.271860	23.033284	2.707404	1.000051	0.000270	0.999995	0.008488	0.998620	0.000012	1.000000	1.000000	1.000000	1.000000	0.999939	0.000222	1.000581	0.000013	0.999724	0.000048	
1350066776.908909	1.000001	36.170513	23.009164	6.121393	1.000000	1.000000	0.999954	0.000765	0.999844	0.000079	1.000166	0.000111	1.000000	1.000000	0.999981	0.000259	1.000000	0.000061	0.999977	0.000083	1350066776.909085	0.999997	36.798469	23.571988	2.716241	0.999929	0.000246	0.999977	0.008254	1.000390	0.000060	1.000005	0.999995	1.000000	1.000000	0.999440	0.000275	0.996993	0.000056	0.998695	0.000143	
1350066777.908908	0.999999	36.134373	22.973075	6.109076	1.000000	1.000000	0.999969	0.000356	1.000893	0.000012	1.000222	0.000043	1.000000	1.000000	1.000017	0.000221	1.001040	0.000011	0.999936	0.000012	1350066777.909083	0.999998	36.982141	23.739852	2.710485	0.999996	0.002773	0.999832	0.006656	0.998717	0.000013	0.999994	1.000005	1.000000	1.000000	1.000945	0.000215	1.012924	0.000013	1.002018	0.000044	
1350066778.908909	1.000001	36.114086	22.966317	6.121393	1.000000	1.000000	1.000009	0.002329	0.989713	0.000067	0.999806	0.000072	1.000000	1.000000	1.000518	0.000242	0.989635	0.000052	0.987685	0.000045	1350066778.909089	1.000006	37.006585	23.764095	2.714904	1.000079	0.000244	0.999971	0.008895	1.000155	0.000060	1.000001	1.000000	1.000000	1.000000	0.999839	0.000276	0.999875	0.000050	1.001646	0.000083	
1350066779.908908	0.999999	36.510182	23.348960	6.121405	1.000000	1.000000	0.999883	0.001264	1.000492	0.001320	0.999835	0.000049	1.000000	1.000000	1.000178	0.000197	1.002424	0.000012	1.003468	0.000012	1350066779.909086	0.999997	36.823234	23.581235	2.916696	0.999981	0.000283	1.000101	0.006925	0.998782	0.000012	1.000005	1.000000	1.000000	1.000000	1.000067	0.000225	1.004371	0.000013	0.999667	0.000107	
1350066780.908909	1.000001	37.199031	24.037163	6.133722	1.000000	1.000000	0.999918	0.000619	0.999674	0.000052	1.000026	0.000076	1.000000	1.000000	0.999352	0.000270	0.999960	0.002679	1.008578	0.000059	1350066780.909072	0.999986	36.362130	23.118199	3.041440	0.999882	0.000293	0.999980	0.003971	0.998385	0.000074	1.000000	1.000000	1.000000	1.000000	0.999990	0.000302	0.999316	0.000078	0.999613	0.002409	
1350066781.908909	1.000000	36.137680	22.975937	6.096741	1.000000	1.000000	1.000124	0.001238	0.999082	0.000019	0.999975	0.000076	1.000000	1.000000	0.999956	0.000243	1.048134	0.000012	1.000021	0.000018	1350066781.909083	1.000011	36.036287	22.793665	2.713090	1.000056	0.000313	0.999436	0.000081	1.004794	0.000027	1.000000	1.000000	0.999994	1.000000	1.000064	0.000258	1.001430	0.000016	1.000314	0.002650	
1350066782.908909	1.000000	36.113876	22.953674	6.115234	1.000000	1.000000	1.000074	0.000271	1.000381	0.000053	1.000237	0.000070	1.000000	1.000000	0.999995	0.000236	1.000505	0.000057	1.000272	0.000044	1350066782.909091	1.000008	36.178692	22.939221	2.702294	0.999502	0.000274	1.000459	0.000089	0.999947	0.000065	1.000000	1.000000	1.000006	1.000000	0.999012	0.000242	0.996398	0.000061	1.000022	0.006428	
1350066783.908908	0.999999	36.107777	22.946464	6.115240	1.000000	1.000000	1.000036	0.000234	1.000800	0.000012	0.999353	0.000033	1.000000	1.000000	1.000002	0.000220	1.000209	0.000011	0.997210	0.000012	1350066783.909083	0.999992	36.227482	22.988071	2.724372	1.000353	0.000342	0.999974	0.000075	0.999414	0.000013	0.999995	1.000000	1.000000	1.000000	1.000944	0.000216	1.015387	0.000013	0.999987	0.007435	
1350066784.908909	1.000001	36.105633	22.945550	6.121393	1.000000	1.000000	0.999954	0.000300	0.999810	0.000065	1.000260	0.000074	1.000000	1.000000	0.999972	0.000258	0.999992	0.000048	1.000631	0.000045	1350066784.909102	1.000019	36.267100	23.028263	2.710245	0.999566	0.000276	0.999995	0.005341	0.999994	0.000066	1.000005	1.000000	1.000000	1.000000	0.999896	0.000253	1.000804	0.000050	1.000056	0.002747	
1350066785.908909	1.000000	36.074173	22.926941	6.109070	1.000000	1.000000	0.999895	0.000231	0.999662	0.000021	0.999652	0.000033	1.000000	1.000000	0.999979	0.000220	0.998329	0.000011	0.999065	0.000012	1350066785.909087	0.999985	36.260814	23.019160	2.702159	1.000104	0.000316	0.999995	0.007474	1.000155	0.000012	1.000000	0.999994	1.000000	1.000000	0.999920	0.000213	0.997994	0.000014	0.999173	0.000041	
1350066786.908908	0.999999	36.202534	23.041312	6.121405	1.000000	1.000000	0.999987	0.000552	1.000143	0.000081	1.000108	0.000107	1.000000	1.000000	0.999968	0.002326	1.000068	0.000045	1.000076	0.000045	1350066786.909086	0.999999	35.963795	22.737342	2.845462	1.000270	0.000310	0.999985	0.000658	1.000108	0.000071	1.000000	1.000006	1.000000	1.000000	1.000019	0.000299	0.998984	0.000043	1.000105	0.000088	
1350066787.908909	1.000001	36.240642	23.077691	6.132532	1.000000	1.000000	1.000003	0.003847	0.999990	0.002567	0.999993	0.002445	1.000000	1.000000	0.999999	0.002636	0.999993	0.002376	0.999995	0.002381	1350066787.909089	1.000003	36.068721	22.829244	2.707435	0.999994	0.002711	0.999999	0.002504	0.999960	0.002292	1.000000	1.000000	1.000000	1.000000	1.000001	0.002510	1.000010	0.002371	0.999994	0.003895	
1350066788.908909	1.000000	36.211441	23.051193	6.115234	1.000000	1.000000	0.999941	0.002728	0.999975	0.001751	1.000032	0.000122	1.000000	1.000000	1.000000	0.000262	1.000217	0.000041	1.000272	0.000045	1350066788.909091	1.000002	36.352577	23.115343	2.780741	0.999912	0.000330	0.999986	0.005126	1.001868	0.000051	0.999994	1.000000	1.000000	1.000000	0.999261	0.000295	0.996362	0.000047	0.999636	0.000054	
1350066789.908908	0.999999	36.107960	22.948401	6.127569	1.000000	1.000000	0.999937	0.000293	1.000151	0.000036	0.999977	0.000051	1.000000	1.000000	0.999993	0.000220	0.999965	0.000011	0.997584	0.000012	1350066789.909088	0.999997	36.225881	22.987513	2.712975	1.000020	0.000347	0.999995	0.007384	0.988110	0.000013	1.000001	1.000000	1.000000	1.000000	1.001036	0.000217	1.013228	0.000013	0.999480	0.000098	
1350066790.908909	1.000001	36.110256	22.948632	6.127558	1.000000	1.000000	1.000064	0.000261	1.000000	0.000069	1.000168	0.000071	1.000000	1.000000	1.000531	0.000236	0.988523	0.000046	0.988498	0.000046	1350066790.909083	0.999995	36.489166	23.247522	2.715254	0.999716	0.000337	0.999989	0.007645	1.001710	0.000074	1.000005	1.000000	1.000000	0.999997	0.999195	0.000252	0.997061	0.000057	1.001894	0.000051	
1350066791.908908	0.999999	36.226124	23.065482	6.121405	1.000000	1.000000	1.000271	0.000579	0.999973	0.003249	0.999410	0.000086	1.000000	1.000000	0.999982	0.000213	1.001480	0.000012	1.001297	0.000012	1350066791.909086	1.000003	36.120082	22.879644	2.737876	1.000311	0.000347	0.999988	0.004080	1.001027	0.000020	1.000000	1.000000	1.000000	1.000004	1.000694	0.000265	1.008870	0.000020	0.984727	0.000020	
1350066792.908909	1.000001	36.207958	23.048333	6.127558	1.000000	1.000000	0.999933	0.000225	0.999966	0.003127	1.000542	0.000076	1.000000	1.000000	0.999363	0.000269	1.007303	0.000073	1.009360	0.000059	1350066792.909083	0.999997	36.655418	23.415157	2.770837	0.999966	0.000355	0.999987	0.004786	0.999789	0.000093	0.999994	1.000000	1.000000	1.000000	1.000025	0.000309	1.000149	0.000073	0.997694	0.000090	
1350066793.908908	0.999999	36.053394	22.907096	6.121405	1.000000	1.000000	0.999532	0.000281	1.000055	0.000035	0.999151	0.000034	1.000000	1.000000	1.000096	0.000238	0.995461	0.000011	0.998915	0.000011	1350066793.909088	1.000005	36.195192	22.992606	2.704622	0.999741	0.000350	1.000000	0.007078	1.000567	0.000012	1.000006	0.999996	1.000000	1.000000	0.999848	0.000221	0.999852	0.000008	1.017255	0.000017	
1350066794.908908	1.000000	36.102020	22.941757	6.133728	1.000000	1.000000	0.999822	0.000274	0.999957	0.000072	1.000364	0.000072	1.000000	1.000000	0.999983	0.000244	1.000868	0.000046	1.000085	0.000045	1350066794.909093	1.000005	36.007388	22.744362	2.718935	1.000227	0.000314	0.999987	0.000950	0.999612	0.000067	1.000000	1.000004	1.000000	1.000000	0.999985	0.000288	0.998394	0.000066	1.002008	0.000108	
1350066795.908908	1.000000	36.104874	22.944122	6.096741	1.000000	1.000000	1.000060	0.000211	1.000312	0.000037	0.999009	0.000035	1.000000	1.000000	0.999841	0.000221	0.996181	0.000012	1.000259	0.000012	1350066795.909086	0.999993	35.972722	22.732579	2.713550	1.000003	0.000347	1.000025	0.000091	1.000493	0.000013	1.000000	1.000000	1.000000	1.000000	1.000101	0.000217	1.006236	0.000013	0.999497	0.000009	
1350066796.908909	1.000001	36.107159	22.946755	6.109064	1.000000	1.000000	1.000014	0.000569	0.999928	0.000080	1.000266	0.000106	1.000000	1.000000	1.000103	0.000251	1.000883	0.000054	0.999983	0.000046	1350066796.909088	1.000002	36.220451	22.981112	2.702433	0.999966	0.000318	0.999959	0.000763	1.000029	0.000066	0.999995	1.000000	1.000000	1.000000	0.999970	0.005411	1.000549	0.000053	0.999259	0.000062	
1350066797.908910	1.000001	715814765.739901	715767714.411848	715762635.854313	0.999982	1.000166	0.999980	1.000171	0.999990	1.000165	0.999983	1.000174	0.999982	1.000168	0.999984	1.000161	0.999982	1.000166	0.999983	1.000168	1350066797.908998	0.999910	715885869.890783	715878106.407662	715869727.065399	0.999982	1.000168	0.999980	1.000170	3.893537	0.256876	0.999982	1.000163	0.999983	1.000171	0.999984	1.000162	0.999982	1.000170	0.999982	1.000165	
1350066798.908909	0.999999	0.000000	0.000000	0.000000	-nan	-nan	-nan	-nan	0.000000	inf	-nan	-nan	-nan	0.000000	-nan	-nan	-nan	-nan	-nan	-nan	1350066798.908978	0.999980	0.000000	0.000000	0.000000	-nan	-nan	-nan	-nan	0.000000	inf	-nan	-nan	-nan	-nan	-nan	-nan	-nan	-nan	-nan	-nan	
