ts_0	elapsed_0	pkg_0	pp0_0	dram_0	freq_ratio_0_0	c0_ratio_0_0	freq_ratio_0_1	c0_ratio_0_1	freq_ratio_0_2	c0_ratio_0_2	freq_ratio_0_3	c0_ratio_0_3	freq_ratio_0_4	c0_ratio_0_4	freq_ratio_0_5	c0_ratio_0_5	freq_ratio_0_6	c0_ratio_0_6	freq_ratio_0_7	c0_ratio_0_7	ts_1	elapsed_1	pkg_1	pp0_1	dram_1	freq_ratio_1_0	c0_ratio_1_0	freq_ratio_1_1	c0_ratio_1_1	freq_ratio_1_2	c0_ratio_1_2	freq_ratio_1_3	c0_ratio_1_3	freq_ratio_1_4	c0_ratio_1_4	freq_ratio_1_5	c0_ratio_1_5	freq_ratio_1_6	c0_ratio_1_6	freq_ratio_1_7	c0_ratio_1_7	
1350066765.908960	1.000393	36.801046	23.478171	3.795231	1.000000	1.000000	0.999990	0.003685	0.999827	0.002707	0.999988	0.002627	1.000000	1.000000	1.000035	0.003006	0.999769	0.002247	0.999793	0.002598	1350066765.909120	1.000374	35.689515	22.459448	1.825291	1.000000	1.000000	0.999998	0.004068	0.999792	0.002972	0.999998	0.002775	1.000000	1.000000	0.999960	0.003092	0.999934	0.002858	0.999786	0.003054	
1350066766.908950	0.999990	35.998423	22.683684	3.785896	1.000000	1.000000	0.999999	0.002627	1.005762	0.000088	1.000373	0.000066	1.000000	1.000000	0.999483	0.000226	1.000342	0.000012	1.000921	0.000012	1350066766.909142	1.000022	34.341990	21.107340	1.624919	1.000000	1.000000	1.000033	0.000292	1.029683	0.000021	1.000276	0.000021	1.000000	1.000000	1.000342	0.000317	1.000000	0.000013	1.023764	0.000019	
1350066767.908949	0.999999	35.965397	22.664221	3.785862	1.000000	1.000000	0.999949	0.000481	1.003195	0.000007	0.999697	0.000080	1.000000	1.000000	0.999941	0.000281	1.007810	0.000064	1.008623	0.000057	1350066767.909136	0.999994	34.350165	21.115162	1.675150	1.000000	0.999995	0.999977	0.000324	0.999987	0.000091	0.999942	0.000114	1.000000	1.000000	0.999981	0.000345	1.002240	0.000083	0.997776	0.000144	
1350066768.908950	1.000001	35.985867	22.681192	3.797528	1.000000	1.000000	1.000004	0.000798	0.999968	0.000073	1.000609	0.000053	1.000000	1.000000	1.000054	0.000194	1.001803	0.000011	1.003961	0.000012	1350066768.909135	0.999999	34.347216	21.112142	1.601808	0.999994	1.000005	1.000069	0.000290	0.999928	0.000021	0.990238	0.000023	1.000000	1.000000	0.999194	0.000314	0.990576	0.000020	1.011071	0.000028	
1350066769.908949	0.999999	35.995197	22.688971	3.793628	1.000000	1.000000	1.000024	0.000390	0.999543	0.000012	0.999567	0.000076	1.000000	1.000000	0.999960	0.000280	0.999494	0.000049	0.999587	0.000071	1350066769.909129	0.999994	34.321860	21.099583	1.638163	1.000000	1.000000	0.999915	0.000299	0.999970	0.000051	1.003911	0.000056	1.000000	1.000000	1.000681	0.000364	1.001576	0.000107	1.003246	0.000057	
1350066770.908950	1.000001	35.945293	22.652765	3.801495	1.000000	1.000000	0.999972	0.000611	0.999955	0.000298	1.000211	0.000071	1.000000	1.000000	0.999962	0.000213	1.001095	0.000012	1.000162	0.000012	1350066770.909133	1.000004	34.367964	21.129843	1.600106	1.000006	1.000000	0.999238	0.000329	0.992633	0.000029	0.992476	0.000028	1.000000	1.000000	0.998924	0.000322	1.000827	0.000020	1.001441	0.000020	
1350066771.908949	0.999999	35.974430	22.673484	3.801365	1.000000	1.000000	0.999976	0.000381	1.000054	0.000007	0.999971	0.000067	1.000000	1.000000	0.999987	0.000257	0.999974	0.000045	0.999557	0.000047	1350066771.909130	0.999997	34.366134	21.129994	1.644491	1.000000	1.000000	1.000800	0.000292	1.003375	0.000062	1.003829	0.000055	1.000000	1.000000	1.000991	0.000340	0.999959	0.000047	0.999683	0.000102	
1350066772.908950	1.000001	35.988766	22.676904	3.797558	1.000000	1.000000	0.999984	0.000407	1.000221	0.000063	1.000278	0.000053	1.000000	1.000000	0.999948	0.000216	1.001675	0.000011	1.004016	0.000011	1350066772.909138	1.000008	34.365322	21.129849	1.611468	1.000000	1.000000	1.000042	0.000285	0.999982	0.000021	1.000524	0.000021	1.000000	1.000000	0.999991	0.000303	0.993039	0.000013	0.985034	0.000013	
1350066773.908949	0.999999	35.988560	22.674048	3.797565	1.000000	1.000000	0.999972	0.000673	1.001339	0.000012	0.999681	0.000071	1.000000	1.000000	1.000013	0.000262	0.999730	0.000046	0.999932	0.000062	1350066773.909125	0.999987	34.381737	21.142825	1.647010	1.000000	1.000000	0.999949	0.000295	0.997306	0.000050	0.999433	0.000061	1.000000	1.000000	0.999984	0.000409	1.000808	0.000098	1.003997	0.000055	
1350066774.908949	1.000000	35.980774	22.670166	3.793793	1.000000	1.000000	1.000015	0.000492	0.999680	0.000059	0.999902	0.000051	1.000000	1.000000	0.999984	0.000213	0.999447	0.000011	0.999772	0.000012	1350066774.909137	1.000012	34.383745	21.143516	1.595470	1.000000	1.000000	0.999983	0.000290	1.004636	0.000028	1.000153	0.000028	1.000000	1.000000	0.999386	0.000324	0.990924	0.000020	0.983294	0.000020	
1350066775.908949	1.000000	35.976151	22.655045	3.793884	1.000000	1.000000	0.999967	0.000421	1.000193	0.000012	1.000334	0.000072	1.000000	1.000000	0.999984	0.000290	1.000018	0.000044	0.999520	0.000046	1350066775.909134	0.999997	34.379928	21.139561	1.629628	1.000000	1.000000	0.999413	0.000385	0.999852	0.000062	1.000179	0.000058	1.000000	1.000000	1.000573	0.000343	1.002984	0.000061	1.006287	0.000055	
1350066776.908949	1.000000	35.983292	22.671585	3.793945	1.000000	1.000000	0.999999	0.002308	0.999826	0.000073	0.999805	0.000053	1.000000	1.000000	0.999957	0.000213	0.999485	0.000012	1.000944	0.000012	1350066776.909135	1.000001	34.387037	21.144679	1.596739	1.000000	1.000000	1.000768	0.000297	1.000127	0.000021	0.999454	0.000023	1.000000	1.000000	0.999986	0.000295	1.000236	0.000020	0.991477	0.000019	
1350066777.908949	1.000000	35.958679	22.652649	3.797699	1.000000	1.000000	1.000008	0.000401	1.000976	0.000012	1.000087	0.000062	1.000000	1.000000	1.000450	0.000275	0.988761	0.000046	0.991271	0.000060	1350066777.909124	0.999989	34.397426	21.152774	1.634387	0.999994	1.000000	1.000024	0.000303	1.000125	0.000053	0.999904	0.000060	1.000000	1.000000	0.999951	0.000363	0.999958	0.000083	1.001653	0.000060	
1350066778.908949	1.000000	35.979446	22.658157	3.809067	1.000000	1.000000	0.999990	0.000728	0.999839	0.000072	0.999795	0.000068	1.000000	1.000000	0.999395	0.000206	0.999110	0.000012	0.998991	0.000012	1350066778.909143	1.000019	34.384018	21.141717	1.595749	1.000006	1.000000	0.999902	0.000278	0.999965	0.000022	1.000926	0.000022	1.000000	1.000000	0.999709	0.000302	0.991419	0.000020	0.990387	0.000020	
1350066779.908949	1.000000	35.985245	22.658401	3.812958	1.000000	1.000000	0.999985	0.000617	1.001633	0.000007	1.000182	0.000070	1.000000	1.000000	0.999993	0.000275	1.009270	0.000058	1.009150	0.000059	1350066779.909136	0.999993	34.386972	21.145212	1.630398	1.000000	1.000000	1.000019	0.000299	1.000044	0.000096	0.999957	0.000090	0.999994	1.000000	1.000326	0.000350	1.002125	0.000081	0.996470	0.000089	
1350066780.908949	1.000000	35.966690	22.647919	3.797577	1.000000	1.000000	0.999985	0.000996	0.999806	0.000066	0.999641	0.000045	1.000000	1.000000	0.999982	0.000213	0.997194	0.000011	0.998896	0.000012	1350066780.909137	1.000001	34.381284	21.140788	1.593642	1.000000	1.000000	0.999939	0.000331	0.999533	0.000021	1.000056	0.000021	1.000006	1.000000	0.999890	0.000288	0.999694	0.000013	1.023914	0.000023	
1350066781.908949	1.000000	35.969711	22.651642	3.801376	1.000000	1.000000	0.999992	0.000743	1.000408	0.000019	1.000142	0.000076	1.000000	1.000000	0.999960	0.000260	1.000550	0.000051	0.999702	0.000067	1350066781.909137	1.000000	34.341476	21.111725	1.629364	1.000000	1.000000	1.000111	0.000305	0.999622	0.000061	0.999718	0.000074	1.000000	1.000000	1.000022	0.000344	1.000000	0.000075	0.997859	0.000062	
1350066782.908949	1.000000	35.966385	22.656281	3.801102	1.000000	1.000000	0.999986	0.000324	1.000017	0.000068	1.000051	0.000053	1.000000	1.000000	0.999865	0.000212	0.998681	0.000012	1.002205	0.000012	1350066782.909133	0.999996	34.386507	21.143930	1.603217	1.000000	1.000000	0.999881	0.000312	1.001236	0.000022	1.001413	0.000021	1.000000	1.000000	0.999149	0.000241	0.985162	0.000013	0.993015	0.000013	
1350066783.908949	1.000000	35.980972	22.661026	3.797668	1.000000	1.000000	0.999974	0.000603	1.000483	0.000012	0.999504	0.000069	1.000000	1.000000	1.000079	0.000255	0.998953	0.000044	0.999367	0.000045	1350066783.909135	1.000002	34.381252	21.140463	1.626920	1.000000	1.000000	1.000012	0.000359	0.999976	0.000065	0.999715	0.000060	1.000000	1.000000	1.000579	0.000341	1.003776	0.000053	1.003892	0.000054	
1350066784.908949	1.000000	35.971130	22.647766	3.801468	1.000000	1.000000	0.997664	0.000298	0.999877	0.000056	1.000697	0.000045	1.000000	1.000000	0.999929	0.000213	1.004397	0.000011	1.002405	0.000012	1350066784.909167	1.000032	34.365205	21.127651	1.586146	1.000000	1.000000	0.999982	0.000306	1.000273	0.000021	0.999477	0.000021	1.000000	1.000000	0.999964	0.000286	0.998565	0.000013	1.000248	0.000012	
1350066785.908949	1.000000	35.974167	22.648102	3.789886	1.000000	1.000000	1.001822	0.000374	0.999903	0.000012	0.999691	0.000070	1.000000	1.000000	0.999959	0.000263	0.999719	0.000044	0.999560	0.000049	1350066785.909129	0.999962	34.389091	21.145806	1.619812	1.000000	1.000000	0.999962	0.000400	0.999960	0.000058	1.000279	0.000059	1.000000	1.000000	0.999985	0.000326	1.000291	0.000074	1.000007	0.000053	
1350066786.908950	1.000001	35.942211	22.631936	3.801525	1.000000	1.000000	1.000002	0.002261	0.999808	0.000054	1.000079	0.000054	1.000000	1.000000	1.000073	0.000212	0.999742	0.000012	1.000988	0.000011	1350066786.909135	1.000006	34.381692	21.140148	1.605719	1.000000	1.000000	1.000001	0.000343	0.999573	0.000023	1.000054	0.000022	0.999994	1.000000	0.999316	0.000287	0.989446	0.000020	0.988911	0.000020	
1350066787.908949	0.999999	35.966053	22.644232	3.801578	1.000000	1.000000	0.999930	0.000325	1.001349	0.000012	0.999742	0.000070	1.000000	1.000000	0.999948	0.000273	0.999130	0.000044	0.999176	0.000045	1350066787.909139	1.000004	34.389829	21.147009	1.638146	1.000000	1.000000	0.999978	0.000336	1.000173	0.000053	0.999921	0.000059	1.000006	1.000000	1.000569	0.000337	1.003419	0.000054	1.001729	0.000106	
1350066788.908949	1.000000	35.975693	22.651093	3.793716	1.000000	1.000000	1.000010	0.000946	0.999865	0.000126	1.000293	0.000061	1.000000	1.000000	1.000054	0.000194	1.002786	0.000011	1.001285	0.000012	1350066788.909142	1.000003	34.384400	21.142406	1.614543	1.000000	1.000000	0.999985	0.000314	0.999973	0.000029	0.996635	0.000029	1.000000	1.000000	0.999298	0.000280	0.990548	0.000020	0.986957	0.000013	
1350066789.908949	1.000000	35.971252	22.641678	3.793930	1.000000	1.000000	1.000112	0.000335	1.001457	0.000012	0.999580	0.000069	1.000000	1.000000	1.000477	0.000278	0.989191	0.000046	0.990678	0.000054	1350066789.909143	1.000001	34.376417	21.136546	1.640562	1.000000	1.000000	1.000034	0.000327	0.998585	0.000064	1.001812	0.000060	1.000000	1.000000	1.000600	0.000321	1.003246	0.000064	1.003667	0.000053	
1350066790.908950	1.000001	36.080440	22.749536	3.801113	1.000000	1.000000	0.999984	0.003260	0.999991	0.002760	1.000009	0.002538	1.000000	1.000000	0.999947	0.002779	0.999996	0.002531	0.999995	0.002460	1350066790.909137	0.999994	35.111003	21.868920	1.611536	1.000000	1.000000	0.999968	0.003555	0.999951	0.002628	0.999677	0.002595	1.000000	1.000000	0.999924	0.002876	0.999989	0.002652	0.999998	0.002832	
1350066791.908949	0.999999	35.981113	22.653418	3.790058	1.000000	1.000000	1.000003	0.000304	1.000109	0.000007	1.000078	0.000069	1.000000	1.000000	0.999956	0.000248	1.009795	0.000050	1.008991	0.000058	1350066791.909138	1.000001	34.389341	21.147380	1.649306	1.000000	1.000000	1.000301	0.000345	1.003146	0.000069	1.011287	0.000073	1.000000	1.000000	1.000616	0.000342	0.999986	0.000080	0.992745	0.000076	
1350066792.908949	1.000000	35.983261	22.656036	3.786362	1.000000	1.000000	0.999982	0.000851	0.999938	0.000062	0.999704	0.000046	1.000000	1.000000	1.000029	0.000212	0.999861	0.000011	0.999385	0.000012	1350066792.909141	1.000003	34.348175	21.119380	1.602382	1.000000	1.000000	0.999940	0.000289	0.999880	0.000029	0.999345	0.000029	1.000000	0.999996	0.999982	0.000262	0.988919	0.000020	1.011097	0.000030	
1350066793.908949	1.000000	35.939133	22.627502	3.797440	1.000000	1.000000	1.000045	0.000393	1.000029	0.000353	1.000202	0.000098	1.000000	1.000000	0.999888	0.000252	1.000264	0.000047	1.000292	0.000049	1350066793.909130	0.999989	34.389598	21.146320	1.614153	1.000000	1.000000	1.000026	0.000364	0.999975	0.000061	1.000269	0.000062	1.000000	1.000004	0.999990	0.000354	1.003197	0.000071	1.003147	0.000064	
1350066794.908950	1.000001	35.976772	22.650873	3.793820	1.000000	1.000000	1.000100	0.000330	0.991852	0.000071	0.999826	0.000053	1.000000	1.000000	1.000096	0.000212	0.999820	0.000011	0.999837	0.000012	1350066794.909143	1.000013	34.381736	21.140104	1.592295	1.000000	1.000000	0.999977	0.000336	0.999406	0.000022	0.999895	0.000022	1.000000	1.000000	0.999983	0.000273	0.999634	0.000013	0.999541	0.000013	
1350066795.908949	0.999999	35.977711	22.649466	3.793674	1.000000	1.000000	0.999890	0.000349	1.014853	0.000040	0.999839	0.000076	1.000000	1.000000	0.999951	0.000253	1.000260	0.000044	0.999268	0.000044	1350066795.909137	0.999994	34.381095	21.140324	1.613413	1.000000	1.000000	0.999967	0.000377	1.000144	0.000070	1.000081	0.000067	1.000000	1.000000	0.999990	0.000317	0.999981	0.000060	1.000447	0.000057	
1350066796.908949	1.000000	35.976013	22.659897	3.801636	1.000000	1.000000	0.999992	0.002277	0.990282	0.000062	1.000107	0.000047	1.000000	1.000000	0.999960	0.000212	0.998301	0.000011	1.002741	0.000012	1350066796.909130	0.999993	34.384378	21.142862	1.618496	1.000000	1.000000	0.999987	0.000303	0.999709	0.000023	0.999706	0.000022	1.000000	1.000000	1.000017	0.000274	0.999941	0.000020	0.994024	0.000020	
1350066797.908951	1.000002	715795650.361400	715776292.142936	715815415.210573	0.999986	1.000191	0.999984	1.000196	0.999992	1.000184	0.999986	1.000189	0.999986	1.000193	0.999989	1.000190	0.999986	1.000193	0.999986	1.000192	1350066797.909050	0.999920	715864071.186992	715875494.355978	715853059.391339	0.999986	1.000191	0.999984	1.000196	3.893302	0.256898	0.999986	1.000192	0.999985	1.000192	0.999989	1.000192	0.999987	1.000197	0.999986	1.000191	
1350066798.909058	1.000107	0.000000	0.000000	0.000000	-nan	-nan	-nan	-nan	0.000000	inf	-nan	-nan	-nan	0.000000	-nan	-nan	-nan	-nan	-nan	-nan	1350066798.909135	1.000085	0.000000	0.000000	0.000000	-nan	-nan	-nan	-nan	0.000000	inf	-nan	-nan	-nan	-nan	-nan	-nan	-nan	-nan	-nan	-nan	
