ts_0	elapsed_0	pkg_0	pp0_0	dram_0	freq_ratio_0_0	c0_ratio_0_0	freq_ratio_0_1	c0_ratio_0_1	freq_ratio_0_2	c0_ratio_0_2	freq_ratio_0_3	c0_ratio_0_3	freq_ratio_0_4	c0_ratio_0_4	freq_ratio_0_5	c0_ratio_0_5	freq_ratio_0_6	c0_ratio_0_6	freq_ratio_0_7	c0_ratio_0_7	ts_1	elapsed_1	pkg_1	pp0_1	dram_1	freq_ratio_1_0	c0_ratio_1_0	freq_ratio_1_1	c0_ratio_1_1	freq_ratio_1_2	c0_ratio_1_2	freq_ratio_1_3	c0_ratio_1_3	freq_ratio_1_4	c0_ratio_1_4	freq_ratio_1_5	c0_ratio_1_5	freq_ratio_1_6	c0_ratio_1_6	freq_ratio_1_7	c0_ratio_1_7	
1350070706.552899	1.000398	53.010187	39.713644	3.791841	0.842036	0.996117	0.842036	0.996113	0.842035	0.996110	0.842034	0.996107	0.842033	0.996104	0.842032	0.996102	0.842032	0.996100	0.889707	0.001799	1350070706.552970	1.000398	52.496185	39.232496	1.841918	1.198658	0.998032	1.198658	0.998030	1.198658	0.998027	1.208695	0.001078	1.210515	0.000952	1.214094	0.000574	1.224257	0.000092	1.194547	0.000088	
1350070707.552888	0.999989	50.821145	37.505706	3.793239	0.818211	0.995890	0.818211	0.995887	0.818211	0.995884	0.818211	0.995879	0.818211	0.995876	0.818210	0.995873	0.818210	0.995869	0.821388	0.001094	1350070707.552958	0.999988	50.579033	37.296435	1.608982	1.164551	0.996273	1.164551	0.996268	1.164551	0.996263	1.162450	0.000856	1.169788	0.000445	1.165315	0.000276	1.189905	0.000053	1.186408	0.000046	
1350070708.552888	1.000000	50.817474	37.496277	3.793335	0.817886	0.995976	0.817886	0.995975	0.817886	0.995972	0.817886	0.995969	0.817886	0.995966	0.817886	0.995963	0.817886	0.995960	0.818904	0.001101	1350070708.552956	0.999998	50.577153	37.286036	1.618991	1.164172	0.996299	1.164171	0.996294	1.164165	0.996289	1.160672	0.000876	1.159176	0.000507	1.171980	0.000230	1.156739	0.000086	1.180233	0.000117	
1350070709.553007	1.000119	50.781678	37.470563	3.797079	0.819103	0.094838	0.876464	0.998783	0.876464	0.998782	0.876464	0.998781	0.876464	0.998780	0.876464	0.998779	0.876465	0.998778	0.875481	0.001026	1350070709.553153	1.000197	50.692287	37.405781	1.618547	1.057519	0.996699	1.057519	0.996694	1.057524	0.996691	1.046760	0.904816	1.053887	0.001152	1.060708	0.000242	1.090783	0.000056	1.070258	0.000037	
1350070710.552888	0.999881	50.798005	37.481403	3.797769	0.881576	0.000400	0.881958	0.998611	0.881958	0.998611	0.881958	0.998610	0.881958	0.998608	0.881958	0.998607	0.881959	0.998606	0.886579	0.001102	1350070710.553009	0.999856	50.692496	37.404465	1.610309	1.045793	0.996727	1.045793	0.996724	1.045793	0.996721	1.045792	0.996717	1.042825	0.001321	1.051006	0.000294	1.042546	0.000098	1.053274	0.000191	
1350070711.552888	1.000000	50.790436	37.477905	3.801407	0.884609	0.000270	0.882045	0.998915	0.882045	0.998914	0.882045	0.998912	0.882045	0.998912	0.882045	0.998911	0.882045	0.998910	0.884347	0.000960	1350070711.553009	1.000000	50.687088	37.400391	1.592209	1.045960	0.996668	1.045960	0.996664	1.045960	0.996660	1.045960	0.996656	1.046530	0.001218	1.044097	0.000263	1.041386	0.000050	1.041803	0.000048	
1350070712.552888	1.000000	50.795151	37.478531	3.801590	0.877460	0.000069	0.881952	0.999075	0.881952	0.999074	0.881952	0.999073	0.881952	0.999073	0.881951	0.999072	0.881951	0.999070	0.881889	0.001078	1350070712.553020	1.000011	50.684854	37.396303	1.650174	1.045403	0.996800	1.045403	0.996795	1.045403	0.996793	1.045403	0.996789	1.046991	0.001245	1.038463	0.000271	1.057177	0.000074	1.038668	0.000210	
1350070713.552888	1.000000	50.788834	37.472183	3.786041	0.884407	0.000268	0.881366	0.998771	0.881366	0.998771	0.881366	0.998769	0.881366	0.998769	0.881367	0.998768	0.881367	0.998767	0.881059	0.001044	1350070713.553008	0.999988	50.685541	37.391208	1.587971	1.045137	0.996767	1.045137	0.996763	1.045137	0.996759	1.045137	0.996755	1.048626	0.001182	1.050066	0.000234	1.038237	0.000057	1.037581	0.000036	
1350070714.552888	1.000000	50.741486	37.436249	3.801163	0.875651	0.000077	0.881927	0.998868	0.881927	0.998867	0.881926	0.998866	0.881927	0.998865	0.881926	0.998864	0.881927	0.998864	0.882965	0.001022	1350070714.553009	1.000001	50.684812	37.390055	1.627089	1.044915	0.996788	1.044915	0.996785	1.044915	0.996780	1.044915	0.996777	1.044730	0.001314	1.048306	0.000303	1.038140	0.000083	1.038451	0.000088	
1350070715.552888	1.000000	50.791000	37.469559	3.792908	0.827161	0.004178	0.876395	0.998235	0.876395	0.998233	0.876395	0.998232	0.876395	0.998230	0.876395	0.998230	0.876394	0.998228	0.830335	0.004488	1350070715.553016	1.000007	50.687684	37.391541	1.598286	1.042664	0.996971	1.042664	0.996969	1.042664	0.996967	1.042664	0.996964	0.926675	0.004357	0.896972	0.003488	0.887067	0.004026	0.899521	0.003481	
1350070716.552888	1.000000	50.791946	37.473038	3.789825	0.886763	0.000061	0.881311	0.998811	0.881311	0.998809	0.881311	0.998809	0.881311	0.998809	0.881311	0.998807	0.881311	0.998807	0.881167	0.001027	1350070716.553013	0.999997	50.687779	37.392679	1.590200	1.044466	0.996775	1.044466	0.996772	1.044466	0.996770	1.044466	0.996766	1.045986	0.001353	1.050594	0.000307	1.038468	0.000096	1.034819	0.000187	
1350070717.552888	1.000000	50.794449	37.478088	3.793823	0.882640	0.000321	0.881431	0.998992	0.881431	0.998992	0.881431	0.998991	0.881431	0.998990	0.881430	0.998989	0.881430	0.998989	0.880495	0.001014	1350070717.553017	1.000004	50.634377	37.351960	1.590356	1.044620	0.996626	1.044620	0.996621	1.044620	0.996618	1.044620	0.996613	1.045377	0.001237	1.045099	0.000272	1.038686	0.000072	1.063219	0.000082	
1350070718.552888	1.000000	50.787369	37.473419	3.797241	0.884097	0.000087	0.881269	0.998887	0.881270	0.998886	0.881270	0.998886	0.881270	0.998884	0.881271	0.998883	0.881271	0.998883	0.882836	0.001077	1350070718.553013	0.999996	50.684852	37.387236	1.594779	1.044374	0.996774	1.044374	0.996771	1.044374	0.996767	1.044374	0.996763	1.048984	0.001232	1.036256	0.000298	1.038457	0.000105	1.038105	0.000086	
1350070719.552888	1.000000	50.792221	37.474838	3.789932	0.860538	0.002561	0.880685	0.998785	0.880685	0.998785	0.880685	0.998783	0.880685	0.998783	0.880685	0.998781	0.880685	0.998781	0.883710	0.000993	1350070719.553007	0.999994	50.686719	37.389047	1.590738	1.044568	0.996579	1.044568	0.996576	1.044567	0.996571	1.044568	0.996568	1.044988	0.001215	1.045322	0.000223	1.069740	0.000057	1.038899	0.000051	
1350070720.552888	1.000000	50.789734	37.474808	3.789780	0.880461	0.000424	0.880931	0.998637	0.880931	0.998636	0.880931	0.998635	0.880931	0.998634	0.880931	0.998633	0.880931	0.998631	0.881947	0.001090	1350070720.553010	1.000003	50.685207	37.382620	1.592021	1.044105	0.996937	1.044105	0.996934	1.044105	0.996930	1.044105	0.996927	1.044751	0.001299	1.038467	0.000392	1.039444	0.000091	1.038335	0.000275	
1350070721.552887	0.999999	50.793078	37.476171	3.805118	0.884631	0.000254	0.881622	0.999079	0.881622	0.999078	0.881622	0.999078	0.881622	0.999077	0.881622	0.999076	0.881622	0.999076	0.882378	0.000969	1350070721.553010	1.000000	50.679611	37.378998	1.584686	1.061012	0.997297	1.061012	0.997294	1.061012	0.997291	1.061012	0.997287	1.065355	0.001153	1.050164	0.000223	1.075516	0.000050	1.041258	0.000052	
1350070722.552888	1.000001	50.737958	37.467600	3.793377	0.873265	0.000069	0.881155	0.998813	0.881155	0.998811	0.881155	0.998810	0.881155	0.998810	0.881155	0.998810	0.881155	0.998807	0.880468	0.001021	1350070722.553007	0.999997	50.677678	37.382120	1.576802	1.070459	0.998572	1.070459	0.998570	1.070459	0.998569	1.070459	0.998567	1.070006	0.001139	1.072308	0.000331	1.076811	0.000084	1.041440	0.000084	
1350070723.552888	1.000000	50.792862	37.438309	3.797363	0.884181	0.000268	0.881315	0.998759	0.881315	0.998757	0.881315	0.998757	0.881315	0.998756	0.881315	0.998755	0.881315	0.998754	0.879374	0.000977	1350070723.553004	0.999997	50.674092	37.386728	1.586217	1.072329	0.998946	1.072329	0.998944	1.072329	0.998943	1.072329	0.998942	1.071505	0.001098	1.064706	0.000228	1.076998	0.000056	1.077142	0.000035	
1350070724.552888	1.000000	50.785019	37.468948	3.793579	0.882529	0.000158	0.886608	0.998502	0.886608	0.998501	0.886608	0.998500	0.886609	0.998498	0.886608	0.998497	0.886609	0.998497	0.882004	0.000974	1350070724.553010	1.000006	50.677432	37.403082	1.586355	1.071798	0.998791	1.071798	0.998790	1.071798	0.998789	1.071798	0.998788	1.073467	0.001044	1.071958	0.000302	1.076858	0.000082	1.054529	0.000104	
1350070725.552894	1.000006	50.777377	37.457983	3.793663	0.902596	0.000724	0.906366	0.996620	0.906365	0.996616	0.906365	0.996613	0.906365	0.996612	0.906365	0.996610	0.906365	0.996608	0.911019	0.000819	1350070725.553034	1.000024	50.674347	37.401840	1.587730	1.074146	0.999336	1.074146	0.999335	1.074146	0.999335	1.074146	0.999334	1.071770	0.000877	1.061943	0.000240	1.076378	0.000056	1.076944	0.000135	
1350070726.552895	1.000001	50.777356	37.452372	3.793362	0.905684	0.000169	0.905424	0.996545	0.905424	0.996545	0.905424	0.996543	0.905424	0.996539	0.905424	0.996537	0.905425	0.996534	0.907726	0.000843	1350070726.553015	0.999981	50.679769	37.404492	1.582107	1.073781	0.999240	1.073781	0.999240	1.073781	0.999238	1.073781	0.999238	1.074302	0.000904	1.069882	0.000232	1.058161	0.000096	1.074670	0.000059	
1350070727.552888	0.999993	50.782273	37.453582	3.785869	0.891992	0.000414	0.904006	0.996500	0.904006	0.996499	0.904006	0.996496	0.904005	0.996492	0.904005	0.996489	0.904005	0.996489	0.903210	0.000824	1350070727.553008	0.999993	50.677368	37.403320	1.588085	1.073488	0.999388	1.073488	0.999387	1.073488	0.999386	1.073488	0.999386	1.073408	0.000851	1.073194	0.000226	1.072596	0.000057	1.072548	0.000055	
1350070728.552888	1.000000	50.791107	37.461746	3.782196	0.878576	0.000291	0.879016	0.998551	0.879016	0.998550	0.879016	0.998548	0.879016	0.998547	0.879016	0.998546	0.879016	0.998545	0.878914	0.001067	1350070728.553010	1.000002	50.683802	37.397878	1.591260	1.042187	0.997206	1.042187	0.997203	1.042187	0.997200	1.042187	0.997196	1.042111	0.001192	1.041697	0.000264	1.044694	0.000090	1.033771	0.000136	
1350070729.552887	0.999999	50.791812	37.467657	3.789478	0.857582	0.002674	0.879722	0.998749	0.879722	0.998748	0.879722	0.998747	0.879722	0.998747	0.879722	0.998747	0.879722	0.998745	0.880042	0.001005	1350070729.553009	0.999999	50.636798	37.346959	1.587526	1.043247	0.996933	1.043247	0.996930	1.043247	0.996926	1.043247	0.996923	1.044376	0.001113	1.043942	0.000231	0.928961	0.000064	1.050299	0.000057	
1350070730.552888	1.000001	50.791349	37.464945	3.782070	0.880435	0.000567	0.880096	0.998684	0.880096	0.998683	0.880096	0.998682	0.880096	0.998682	0.880096	0.998680	0.880096	0.998680	0.879804	0.000992	1350070730.553005	0.999996	50.685768	37.382827	1.581504	1.043236	0.996984	1.043237	0.996982	1.043237	0.996978	1.043236	0.996975	1.043149	0.001137	1.038465	0.000285	1.130276	0.000076	1.046926	0.000174	
1350070731.552887	0.999999	50.794040	37.468282	3.804859	0.880072	0.000465	0.880180	0.998728	0.880180	0.998727	0.880180	0.998726	0.880179	0.998724	0.880179	0.998724	0.880179	0.998723	0.876647	0.001070	1350070731.553016	1.000011	50.686456	37.382036	1.586012	1.043423	0.996866	1.043422	0.996862	1.043422	0.996858	1.043422	0.996854	1.042942	0.001082	1.041141	0.000263	1.039363	0.000051	1.038386	0.000034	
1350070732.552888	1.000001	50.736570	37.426432	3.797116	0.868470	0.001410	0.880527	0.998714	0.880527	0.998713	0.880528	0.998711	0.880528	0.998711	0.880528	0.998710	0.880528	0.998709	0.878237	0.001032	1350070732.553011	0.999995	50.685480	37.379826	1.601189	1.043640	0.996979	1.043641	0.996976	1.043641	0.996973	1.043641	0.996969	1.042699	0.001169	1.052941	0.000309	1.038607	0.000076	1.059997	0.000101	
1350070733.552887	0.999999	50.794223	37.470174	3.793751	0.882621	0.000426	0.881220	0.998921	0.881220	0.998920	0.881220	0.998919	0.881220	0.998919	0.881220	0.998918	0.881220	0.998917	0.880729	0.000997	1350070733.553007	0.999996	50.685127	37.380095	1.579673	1.043581	0.996714	1.043581	0.996715	1.043581	0.996711	1.043580	0.996704	1.045469	0.001077	1.043447	0.000249	1.038413	0.000058	1.038666	0.000050	
1350070734.552888	1.000001	50.790586	37.466486	3.762783	0.880314	0.000205	0.880533	0.998779	0.880534	0.998777	0.880533	0.998776	0.880533	0.998776	0.880534	0.998774	0.880534	0.998774	0.882878	0.001015	1350070734.553012	1.000005	50.687750	37.380413	1.589500	1.043768	0.996910	1.043768	0.996907	1.043768	0.996904	1.043768	0.996899	1.043927	0.001190	1.038400	0.000306	1.038415	0.000089	1.038598	0.000088	
1350070735.552888	1.000000	50.790619	37.465546	3.801208	0.881821	0.000800	0.880184	0.998623	0.880184	0.998621	0.880184	0.998621	0.880184	0.998619	0.880184	0.998618	0.880184	0.998617	0.881242	0.001025	1350070735.553012	1.000000	50.684372	37.379486	1.581177	1.043876	0.996828	1.043876	0.996825	1.043875	0.996821	1.043876	0.996818	1.042473	0.001082	1.038568	0.000256	1.038296	0.000056	1.048902	0.000131	
1350070736.552888	1.000000	50.790222	37.461548	3.789520	0.881792	0.000236	0.880087	0.998763	0.880087	0.998761	0.880087	0.998761	0.880087	0.998761	0.880087	0.998760	0.880087	0.998759	0.880264	0.001053	1350070736.553010	0.999998	50.686803	37.384837	1.583118	1.044043	0.996979	1.044043	0.996976	1.044044	0.996972	1.044043	0.996969	1.041094	0.001194	1.054654	0.000303	1.038257	0.000075	1.038283	0.000111	
1350070737.552887	0.999999	50.793246	37.461767	3.804935	0.882988	0.000461	0.880610	0.998728	0.880610	0.998727	0.880610	0.998726	0.880609	0.998725	0.880609	0.998724	0.880609	0.998723	0.876460	0.000954	1350070737.553013	1.000003	50.685893	37.382269	1.587703	1.044080	0.996894	1.044080	0.996889	1.044080	0.996886	1.044080	0.996883	1.044775	0.001095	1.057807	0.000228	1.039333	0.000057	1.038902	0.000049	
1350070738.552888	1.000001	50.789487	37.459590	3.793301	0.884664	0.000196	0.880596	0.998766	0.880597	0.998765	0.880597	0.998764	0.880597	0.998763	0.880597	0.998763	0.880597	0.998762	0.877024	0.001070	1350070738.553010	0.999997	50.687062	37.380212	1.594533	1.043468	0.997087	1.043468	0.997083	1.043468	0.997081	1.043468	0.997077	1.043650	0.001148	1.036222	0.000302	1.038562	0.000102	1.038661	0.000088	
1350070739.552887	0.999999	50.793856	37.462331	3.796970	0.863712	0.002673	0.879913	0.998705	0.879913	0.998704	0.879913	0.998703	0.879913	0.998701	0.879913	0.998701	0.879913	0.998700	0.879144	0.001033	1350070739.553012	1.000002	50.687586	37.382436	1.597012	1.043460	0.996863	1.043460	0.996859	1.043460	0.996856	1.043460	0.996852	1.040437	0.001055	1.038496	0.000216	1.064008	0.000036	1.038717	0.000043	
1350070740.552888	1.000001	50.788083	37.454981	3.785092	0.821389	0.004004	0.878427	0.998506	0.878427	0.998504	0.878427	0.998503	0.878427	0.998502	0.878426	0.998500	0.878426	0.998500	0.826365	0.004251	1350070740.553015	1.000003	50.637157	37.341544	1.602214	1.037803	0.997201	1.037803	0.997192	1.037803	0.997195	1.037803	0.997192	0.922348	0.004197	0.901488	0.003505	0.881232	0.004072	0.900500	0.003275	
1350070741.552888	1.000000	50.794266	37.462448	3.800964	0.872810	0.000681	0.880277	0.998659	0.880277	0.998657	0.880277	0.998657	0.880277	0.998656	0.880278	0.998655	0.880278	0.998654	0.880245	0.001016	1350070741.553010	0.999995	50.686609	37.385182	1.589363	1.043131	0.997083	1.043131	0.997087	1.043131	0.997077	1.043131	0.997073	1.042430	0.001116	1.049791	0.000239	1.070583	0.000050	1.048620	0.000064	
1350070742.552888	1.000000	50.788193	37.458130	3.770325	0.881903	0.000761	0.880406	0.998763	0.880406	0.998761	0.880406	0.998760	0.880406	0.998759	0.880406	0.998759	0.880406	0.998758	0.880423	0.001002	1350070742.553010	1.000000	50.685638	37.380615	1.586716	1.042979	0.996872	1.042979	0.996868	1.042979	0.996864	1.042979	0.996860	1.043328	0.001187	1.038434	0.000355	1.038892	0.000098	1.038187	0.000092	
1350070743.552887	0.999999	50.740298	37.426061	3.797138	0.882449	0.000700	0.880918	0.998735	0.880917	0.998734	0.880918	0.998733	0.880917	0.998733	0.880918	0.998732	0.880918	0.998731	0.882399	0.001014	1350070743.553017	1.000007	50.680863	37.375993	1.591023	1.055746	0.997760	1.055746	0.997758	1.055746	0.997756	1.055746	0.997753	1.053971	0.001018	1.050292	0.000195	1.040356	0.000057	1.041067	0.000050	
1350070744.552888	1.000001	50.794614	37.466044	3.789700	0.875592	0.000173	0.880646	0.998916	0.880647	0.998915	0.880646	0.998915	0.880647	0.998913	0.880646	0.998913	0.880647	0.998912	0.881984	0.000961	1350070744.553009	0.999992	50.675002	37.398985	1.592466	1.071805	0.998856	1.071805	0.998855	1.071805	0.998854	1.071805	0.998853	1.072647	0.001082	1.072069	0.000314	1.076833	0.000102	1.076907	0.000105	
1350070745.552888	1.000000	50.789978	37.459930	3.797546	0.882958	0.000756	0.880436	0.998854	0.880436	0.998852	0.880436	0.998851	0.880436	0.998850	0.880436	0.998850	0.880436	0.998849	0.874401	0.001051	1350070745.553013	1.000004	50.676278	37.401063	1.578759	1.071946	0.998864	1.071946	0.998863	1.071946	0.998862	1.071946	0.998861	1.071930	0.000931	1.076885	0.000236	1.076682	0.000056	1.076877	0.000151	
1350070746.552888	1.000000	50.782990	37.456116	3.770737	0.892286	0.000204	0.891733	0.997932	0.891733	0.997929	0.891733	0.997927	0.891733	0.997927	0.891733	0.997925	0.891733	0.997924	0.888993	0.000989	1350070746.553012	0.999999	50.677127	37.403646	1.584688	1.072944	0.999066	1.072944	0.999066	1.072944	0.999064	1.072944	0.999063	1.069437	0.000973	1.065979	0.000274	1.058485	0.000097	1.076984	0.000118	
1350070747.552888	1.000000	50.776199	37.444016	3.789780	0.895448	0.000438	0.905645	0.996461	0.905645	0.996459	0.905645	0.996455	0.905645	0.996452	0.905646	0.996449	0.905646	0.996447	0.905782	0.000855	1350070747.553009	0.999997	50.676060	37.402505	1.588048	1.073854	0.999276	1.073854	0.999274	1.073854	0.999274	1.073854	0.999273	1.074548	0.000859	1.067440	0.000245	1.076608	0.000056	1.076231	0.000049	
1350070748.552890	1.000002	715799594.953852	715818194.168010	715813673.242994	0.999984	1.000177	0.999981	1.000180	0.999992	1.000180	0.999982	1.000171	0.999984	1.000179	0.999986	1.000175	0.999984	1.000182	0.999983	1.000175	1350070748.552997	0.999988	715813878.662990	715828099.694365	715785988.895826	0.999983	1.000175	0.999981	1.000179	3.893430	0.256887	0.999983	1.000176	0.999984	1.000180	0.999986	1.000174	0.999983	1.000178	0.999984	1.000180	
1350070749.552888	0.999998	0.000000	0.000000	0.000000	-nan	-nan	-nan	-nan	899492259086.112183	inf	-nan	-nan	-nan	0.000000	0.000000	inf	-nan	-nan	-nan	-nan	1350070749.552970	0.999973	0.000000	0.000000	0.000000	-nan	-nan	-nan	-nan	1.345745	inf	-nan	-nan	-nan	-nan	-nan	-nan	-nan	-nan	-nan	-nan	
