ts_0	elapsed_0	pkg_0	pp0_0	dram_0	freq_ratio_0_0	c0_ratio_0_0	freq_ratio_0_1	c0_ratio_0_1	freq_ratio_0_2	c0_ratio_0_2	freq_ratio_0_3	c0_ratio_0_3	freq_ratio_0_4	c0_ratio_0_4	freq_ratio_0_5	c0_ratio_0_5	freq_ratio_0_6	c0_ratio_0_6	freq_ratio_0_7	c0_ratio_0_7	ts_1	elapsed_1	pkg_1	pp0_1	dram_1	freq_ratio_1_0	c0_ratio_1_0	freq_ratio_1_1	c0_ratio_1_1	freq_ratio_1_2	c0_ratio_1_2	freq_ratio_1_3	c0_ratio_1_3	freq_ratio_1_4	c0_ratio_1_4	freq_ratio_1_5	c0_ratio_1_5	freq_ratio_1_6	c0_ratio_1_6	freq_ratio_1_7	c0_ratio_1_7	
1349476490.925978	1.000482	51.735161	37.762039	7.037150	0.971915	0.996910	0.971737	0.990268	0.971735	0.990155	0.971711	0.989749	0.971724	0.989573	0.959195	0.001954	0.945367	0.000401	0.945690	0.000391	1349476490.926146	1.000433	50.601977	36.609409	6.317882	0.976018	0.991298	0.976009	0.991072	0.976023	0.990865	0.968738	0.760692	0.940379	0.000413	0.895202	0.000399	0.943137	0.000358	0.976010	0.991862	
1349476491.925975	0.999997	50.760579	36.577781	7.812555	0.930374	0.995821	0.930404	0.995760	0.930404	0.995759	0.930394	0.995776	0.930410	0.995725	0.931388	0.002399	0.931305	0.000937	0.928979	0.000923	1349476491.926166	1.000020	50.767019	36.580688	7.782178	0.928847	0.996442	0.928847	0.996413	0.928847	0.996409	0.928847	0.996406	0.935742	0.001115	0.935905	0.001029	0.936473	0.000971	0.928840	0.997485	
1349476492.925977	1.000002	50.767878	36.570914	7.781800	0.928977	0.996639	0.928981	0.996620	0.928981	0.996621	0.928982	0.996471	0.928983	0.996333	0.933234	0.001868	0.939180	0.000935	0.941633	0.000880	1349476492.926147	0.999981	50.768409	36.592754	7.789318	0.927492	0.996902	0.927492	0.996859	0.927494	0.996802	0.927494	0.996800	0.935289	0.001055	0.935848	0.000974	0.936711	0.000911	0.927491	0.997004	
1349476493.925976	0.999999	50.717715	36.531987	7.816337	0.928662	0.996598	0.928680	0.996556	0.928681	0.996555	0.928681	0.996550	0.928697	0.996503	0.932872	0.001892	0.929190	0.001041	0.930305	0.000952	1349476493.926143	0.999996	50.767189	36.590297	7.776444	0.926968	0.996626	0.926968	0.996592	0.926968	0.996586	0.926968	0.996583	0.934906	0.001124	0.935416	0.001040	0.936150	0.000976	0.926966	0.997129	
1349476494.925975	0.999999	50.763049	36.553502	7.810081	0.927471	0.997253	0.927471	0.997250	0.927471	0.997260	0.927471	0.997162	0.927472	0.997051	0.928333	0.002518	0.936426	0.000955	0.936754	0.000901	1349476494.926140	0.999997	50.760777	36.585563	7.812433	0.926906	0.997144	0.926906	0.997129	0.926906	0.997129	0.926906	0.997132	0.936949	0.001076	0.936923	0.000993	0.937521	0.000929	0.926910	0.997139	
1349476495.926003	1.000028	50.767139	36.551364	7.783108	0.927816	0.996513	0.927834	0.996467	0.927834	0.996466	0.927838	0.996396	0.927855	0.996315	0.927410	0.004829	0.931618	0.001002	0.931321	0.000989	1349476495.926183	1.000043	50.777637	36.600343	7.767428	0.926190	0.996322	0.926190	0.996300	0.926190	0.996227	0.926189	0.996224	0.937437	0.001103	0.937924	0.001004	0.941042	0.000955	0.926180	0.996964	
1349476496.925976	0.999973	50.772166	36.564279	7.764446	0.927641	0.996080	0.927641	0.996100	0.927640	0.996074	0.927639	0.996044	0.927638	0.995975	0.925360	0.004379	0.931725	0.000848	0.931372	0.000837	1349476496.926145	0.999962	50.765184	36.600310	7.802588	0.926986	0.995798	0.926986	0.995772	0.926987	0.995704	0.926987	0.995710	0.936702	0.001032	0.937761	0.000956	0.938407	0.000897	0.926987	0.996790	
1349476497.925986	1.000010	715814216.690938	715789642.158437	715784748.524060	0.999992	1.000148	0.999990	1.000154	0.999992	1.000156	0.999993	1.000150	0.999993	1.000153	0.999995	1.000147	0.999993	1.000154	0.999993	1.000150	1349476497.926093	0.999948	715852598.182015	715824216.645446	715861611.358333	0.999993	1.000150	0.999990	1.000152	3.892832	0.256921	0.999993	1.000150	0.999993	1.000154	0.999995	1.000147	0.999993	1.000152	0.999993	1.000152	
1349476498.925970	0.999984	0.000000	0.000000	0.000000	-nan	-nan	-nan	-nan	0.000000	inf	-nan	-nan	-nan	0.000000	-nan	-nan	-nan	-nan	-nan	-nan	1349476498.926046	0.999953	0.000000	0.000000	0.000000	-nan	-nan	-nan	-nan	0.000000	inf	-nan	-nan	-nan	-nan	-nan	-nan	-nan	-nan	-nan	-nan	
