ts_0	elapsed_0	pkg_0	pp0_0	dram_0	freq_ratio_0_0	c0_ratio_0_0	freq_ratio_0_1	c0_ratio_0_1	freq_ratio_0_2	c0_ratio_0_2	freq_ratio_0_3	c0_ratio_0_3	freq_ratio_0_4	c0_ratio_0_4	freq_ratio_0_5	c0_ratio_0_5	freq_ratio_0_6	c0_ratio_0_6	freq_ratio_0_7	c0_ratio_0_7	ts_1	elapsed_1	pkg_1	pp0_1	dram_1	freq_ratio_1_0	c0_ratio_1_0	freq_ratio_1_1	c0_ratio_1_1	freq_ratio_1_2	c0_ratio_1_2	freq_ratio_1_3	c0_ratio_1_3	freq_ratio_1_4	c0_ratio_1_4	freq_ratio_1_5	c0_ratio_1_5	freq_ratio_1_6	c0_ratio_1_6	freq_ratio_1_7	c0_ratio_1_7	
1349476490.924921	1.000477	52.500237	38.542983	8.262172	0.915774	0.967800	0.915215	0.961409	0.915163	0.960836	0.913378	0.941072	0.895186	0.001732	0.914323	0.951544	0.994189	0.000179	0.914048	0.948601	1349476490.925070	1.000414	46.783935	33.135745	6.695120	0.999988	0.962746	1.000002	0.962295	0.999980	0.962170	0.998251	0.000143	1.003133	0.000117	1.002697	0.000115	1.003326	0.000129	0.999985	0.992842	
1349476491.924918	0.999997	50.802968	36.634437	9.275190	0.851193	0.997672	0.851192	0.997541	0.851192	0.997515	0.851192	0.997503	0.851789	0.002692	0.851193	0.997667	0.845449	0.000016	0.851193	0.997665	1349476491.925062	0.999992	48.408138	34.614859	8.005787	1.000000	0.999964	1.000000	0.999914	1.000000	0.999793	1.003806	0.000036	1.002967	0.000016	1.001932	0.000017	0.999598	0.000128	1.000000	0.999989	
1349476492.924916	0.999998	50.805624	36.627206	9.016298	0.850414	0.997356	0.850428	0.997242	0.850443	0.997185	0.850443	0.997170	0.823725	0.003421	0.850434	0.997298	0.840135	0.000451	0.850428	0.997312	1349476492.925058	0.999996	48.454466	34.652591	8.019152	1.000000	0.999666	1.000000	0.999595	1.000000	0.999498	0.997141	0.000063	0.999898	0.000061	0.999419	0.000055	1.000873	0.000073	1.000000	1.000000	
1349476493.924922	1.000006	50.801821	36.619029	9.008690	0.850594	0.997546	0.850607	0.997433	0.850607	0.997382	0.850607	0.997380	0.842894	0.000672	0.850606	0.997478	0.839588	0.000257	0.850606	0.997474	1349476493.925066	1.000008	48.508136	34.703591	8.009472	1.000000	0.999507	1.000000	0.999417	1.000000	0.999383	1.001382	0.000032	0.999054	0.000013	0.999390	0.000013	0.999459	0.000017	1.000000	0.999994	
1349476494.924920	0.999998	50.754217	36.581994	8.970476	0.849710	0.997701	0.849710	0.997688	0.849710	0.997676	0.849710	0.997613	0.848594	0.001303	0.849710	0.997691	0.849090	0.000483	0.849709	0.997705	1349476494.925061	0.999995	48.571410	34.762976	8.018946	1.000000	0.999987	1.000000	0.999952	1.000000	0.999918	1.002954	0.000066	0.998970	0.000058	0.999969	0.000062	0.999971	0.000079	1.000000	1.000000	
1349476495.924917	0.999997	50.803212	36.615745	8.874692	0.849979	0.997571	0.849994	0.997528	0.850008	0.997474	0.850008	0.997472	0.838600	0.000701	0.849996	0.997527	0.829988	0.000291	0.849999	0.997526	1349476495.925069	1.000008	48.600985	34.792229	8.028744	1.000000	0.999550	1.000000	0.999437	1.000000	0.999448	0.997096	0.000035	1.004931	0.000013	1.002135	0.000013	0.999701	0.000018	1.000000	1.000000	
1349476496.924916	0.999999	50.810000	36.632252	8.830727	0.849527	0.997238	0.849527	0.997161	0.849526	0.997132	0.849526	0.997130	0.847703	0.000640	0.849523	0.997229	0.858201	0.000311	0.849519	0.997230	1349476496.925064	0.999995	48.540480	34.748419	7.978296	1.000000	1.000000	1.000000	1.000000	1.000000	0.999883	0.999449	0.000067	0.999104	0.000065	0.999633	0.000062	0.999960	0.000174	1.000000	1.000000	
1349476497.924912	0.999996	715781291.708231	715805360.987824	715776729.753858	0.999992	1.000148	0.999990	1.000154	0.999992	1.000156	0.999993	1.000150	0.999993	1.000152	0.999995	1.000146	0.999992	1.000152	0.999992	1.000149	1349476497.925016	0.999952	715850796.263291	715833737.957676	715855938.564652	0.999993	1.000150	0.999990	1.000152	3.892856	0.256919	0.999992	1.000149	0.999992	1.000152	0.999995	1.000147	0.999992	1.000151	0.999992	1.000150	
1349476498.924996	1.000084	0.000000	0.000000	0.000000	-nan	-nan	-nan	-nan	1.000008	inf	-nan	-nan	-nan	0.000000	-nan	-nan	-nan	-nan	-nan	-nan	1349476498.925077	1.000061	0.000000	0.000000	0.000000	-nan	-nan	-nan	-nan	1.345745	inf	-nan	-nan	-nan	-nan	-nan	-nan	-nan	-nan	-nan	-nan	
