ts_0	elapsed_0	pkg_0	pp0_0	dram_0	freq_ratio_0_0	c0_ratio_0_0	freq_ratio_0_1	c0_ratio_0_1	freq_ratio_0_2	c0_ratio_0_2	freq_ratio_0_3	c0_ratio_0_3	freq_ratio_0_4	c0_ratio_0_4	freq_ratio_0_5	c0_ratio_0_5	freq_ratio_0_6	c0_ratio_0_6	freq_ratio_0_7	c0_ratio_0_7	ts_1	elapsed_1	pkg_1	pp0_1	dram_1	freq_ratio_1_0	c0_ratio_1_0	freq_ratio_1_1	c0_ratio_1_1	freq_ratio_1_2	c0_ratio_1_2	freq_ratio_1_3	c0_ratio_1_3	freq_ratio_1_4	c0_ratio_1_4	freq_ratio_1_5	c0_ratio_1_5	freq_ratio_1_6	c0_ratio_1_6	freq_ratio_1_7	c0_ratio_1_7	
1350071747.201691	1.000355	63.585169	50.371461	6.131551	1.230180	0.994412	1.191156	0.000649	1.230181	0.994392	1.192380	0.000290	1.230181	0.994391	1.192277	0.000212	1.230181	0.994387	1.192292	0.003471	1350071747.201818	1.000351	48.938727	35.791257	3.408151	1.268755	0.996811	1.230734	0.002307	1.268755	0.996807	1.230781	0.000448	1.231068	0.000015	1.231587	0.000016	1.230894	0.000016	1.220529	0.000011	
1350071748.201682	0.999991	63.812636	50.612031	6.084467	1.230533	0.998041	1.192064	0.000251	1.230534	0.998038	1.192324	0.000231	1.230533	0.998040	1.192317	0.000239	1.230533	0.998038	1.192296	0.000975	1350071748.201812	0.999994	49.094546	35.931428	2.850694	1.269154	0.999271	1.230747	0.000391	1.269154	0.999271	1.230709	0.000232	1.228543	0.000050	1.224711	0.000039	1.227372	0.000057	1.227647	0.000056	
1350071749.201682	1.000000	63.940781	50.737305	6.121338	1.230612	0.998726	1.193360	0.000665	1.230612	0.998725	1.192149	0.000200	1.230613	0.998724	1.192380	0.000164	1.230613	0.998724	1.192394	0.000196	1350071749.201808	0.999996	49.132768	35.966409	2.704677	1.269151	0.999262	1.230771	0.000461	1.269151	0.999272	1.230830	0.000326	1.227854	0.000011	1.252877	0.000011	1.252518	0.000011	1.255427	0.000011	
1350071750.201682	1.000000	63.900330	50.696945	6.121399	1.229845	0.993103	1.189122	0.000214	1.229845	0.993092	1.193168	0.000211	1.229845	0.993089	1.192910	0.000224	1.229845	0.993081	1.192308	0.004773	1350071750.201811	1.000003	49.142090	35.981837	3.116156	1.269144	0.999219	1.230733	0.000414	1.269144	0.999207	1.230772	0.000260	1.234003	0.000048	1.230307	0.000044	1.228783	0.000049	1.229126	0.000134	
1350071751.201682	1.000000	63.911331	50.707275	6.109070	1.229853	0.992370	1.195217	0.000247	1.229853	0.992364	1.191586	0.000214	1.229853	0.992357	1.191525	0.000204	1.229853	0.992359	1.192286	0.005278	1350071751.201815	1.000004	49.148101	35.998740	3.109973	1.269142	0.999316	1.230684	0.000379	1.269141	0.999315	1.231226	0.000275	1.232278	0.000011	1.230018	0.000010	1.222834	0.000011	1.243508	0.000011	
1350071752.201682	1.000000	64.023758	50.819229	6.090576	1.230590	0.998061	1.188972	0.000225	1.230590	0.998060	1.192429	0.000229	1.230590	0.998060	1.192501	0.000202	1.230590	0.998052	1.192178	0.000948	1350071752.201807	0.999992	49.188158	36.028002	2.842949	1.269145	0.999188	1.230788	0.000368	1.269145	0.999187	1.230356	0.000289	1.230472	0.000066	1.231041	0.000065	1.233395	0.000060	1.224475	0.000075	
1350071753.201682	1.000000	64.032822	50.825439	6.115234	1.230673	0.998945	1.192422	0.000231	1.230673	0.998942	1.192175	0.000185	1.230673	0.998941	1.192387	0.000179	1.230673	0.998940	1.192276	0.000194	1350071753.201807	1.000000	49.195480	36.039536	2.718414	1.269039	0.999143	1.230758	0.002264	1.269053	0.999141	1.230729	0.000276	1.230183	0.000011	1.217407	0.000011	1.224043	0.000011	1.249362	0.000021	
1350071754.201682	1.000000	63.901505	50.705582	6.121399	1.230042	0.992880	1.192276	0.000574	1.230042	0.992873	1.192346	0.004698	1.230042	0.992872	1.192271	0.000265	1.230042	0.992865	1.192410	0.000289	1350071754.201808	1.000001	49.161788	36.014721	3.268079	1.269143	0.999081	1.230749	0.000541	1.269130	0.999080	1.230609	0.000261	1.230920	0.000049	1.233076	0.000062	1.227027	0.000045	1.230497	0.000143	
1350071755.201682	1.000000	64.111694	50.886597	6.096741	1.230465	0.996870	1.190861	0.000278	1.230465	0.996873	1.192039	0.001793	1.230465	0.996871	1.190049	0.000193	1.230465	0.996867	1.190502	0.000228	1350071755.201806	0.999998	49.208132	36.049111	2.954061	1.268796	0.996735	1.230736	0.002453	1.268796	0.996737	1.230918	0.000327	1.229704	0.000011	1.230844	0.000045	1.251104	0.000011	1.252265	0.000011	
1350071756.201682	1.000000	63.906113	50.707870	6.121399	1.229855	0.991497	1.192310	0.005416	1.229855	0.991487	1.192448	0.000282	1.229855	0.991482	1.192389	0.000216	1.229855	0.991480	1.192357	0.000282	1350071756.201805	0.999999	49.224214	36.069325	4.103947	1.269136	0.999097	1.230777	0.000570	1.269136	0.999102	1.230739	0.000225	1.231070	0.000053	1.230152	0.000052	1.227934	0.000046	1.215832	0.000054	
1350071757.201682	1.000000	64.061768	50.845459	6.115234	1.230363	0.996287	1.192325	0.002080	1.230363	0.996285	1.192233	0.000229	1.230362	0.996281	1.192432	0.000165	1.230363	0.996280	1.192331	0.000412	1350071757.201806	1.000001	49.198088	36.042660	3.251767	1.268918	0.996708	1.230731	0.002448	1.268918	0.996693	1.230788	0.000314	1.230969	0.000011	1.222455	0.000018	1.241693	0.000011	1.240032	0.000085	
1350071758.201682	1.000000	64.102325	50.886505	6.121399	1.230586	0.998078	1.192068	0.000326	1.230586	0.998081	1.192415	0.000233	1.230586	0.998080	1.192322	0.000245	1.230586	0.998075	1.192300	0.000876	1350071758.201809	1.000003	49.218918	36.061168	2.792594	1.269152	0.999272	1.230738	0.000399	1.269152	0.999271	1.230772	0.000256	1.230833	0.000050	1.234668	0.000037	1.225508	0.000039	1.227612	0.000064	
1350071759.201682	1.000000	64.106766	50.894287	6.127563	1.230639	0.998704	1.192362	0.000611	1.230639	0.998703	1.192325	0.000222	1.230639	0.998702	1.192414	0.000179	1.230639	0.998701	1.192290	0.000180	1350071759.201807	0.999998	48.928667	35.771293	2.715383	1.269152	0.999261	1.230769	0.000456	1.269152	0.999272	1.230784	0.000316	1.229189	0.000011	1.230713	0.000010	1.251093	0.000011	1.249883	0.000011	
1350071760.201682	1.000000	63.526321	50.310287	6.102905	1.230648	0.998726	1.192391	0.000350	1.230648	0.998725	1.192314	0.000213	1.230649	0.998724	1.192250	0.000213	1.230649	0.998723	1.192422	0.000253	1350071760.201807	1.000000	48.675934	35.532516	2.701538	1.269148	0.999306	1.230789	0.000372	1.269148	0.999294	1.230757	0.000251	1.231139	0.000065	1.230699	0.000059	1.230830	0.000056	1.230878	0.000061	
1350071761.201682	1.000000	64.134872	50.915924	6.121399	1.230676	0.998987	1.192053	0.000218	1.230676	0.998986	1.192360	0.000183	1.230676	0.998985	1.192457	0.000180	1.230676	0.998984	1.192296	0.000223	1350071761.201805	0.999998	49.231753	36.074776	2.712820	1.269157	0.999294	1.230737	0.000418	1.269157	0.999293	1.230789	0.000289	1.229940	0.000011	1.228618	0.000010	1.230513	0.000010	1.232303	0.000010	
1350071762.201682	1.000000	64.135651	50.916794	6.102905	1.230642	0.998725	1.192373	0.000453	1.230642	0.998723	1.192918	0.000233	1.230642	0.998723	1.192921	0.000198	1.230641	0.998722	1.192793	0.000251	1350071762.201809	1.000004	49.212111	36.065085	2.715626	1.269143	0.999209	1.230753	0.000426	1.269136	0.999208	1.230797	0.000248	1.230625	0.000044	1.231097	0.000052	1.230260	0.000046	1.228547	0.000088	
1350071763.201682	1.000000	64.113876	50.897003	6.121399	1.230665	0.998878	1.192627	0.000315	1.230665	0.998877	1.191593	0.000193	1.230665	0.998877	1.191596	0.000189	1.230665	0.998878	1.192356	0.000197	1350071763.201810	1.000001	49.232741	36.077816	2.707380	1.269052	0.999058	1.230755	0.002051	1.269058	0.999057	1.231187	0.000290	1.230328	0.000011	1.233534	0.000010	1.233984	0.000011	1.250185	0.000010	
1350071764.201682	1.000000	64.236526	51.016327	6.120499	1.225065	0.997777	1.163813	0.003979	1.225065	0.997775	1.158047	0.002866	1.225065	0.997773	1.157108	0.002705	1.225065	0.997771	1.163040	0.003362	1350071764.201807	0.999997	49.370514	36.205999	2.924676	1.266510	0.998877	1.179081	0.004178	1.266510	0.998876	1.167472	0.002772	1.160082	0.002373	1.159598	0.002272	1.161292	0.002280	1.157939	0.002134	
1350071765.201682	1.000000	64.153580	50.931641	6.090576	1.230671	0.998942	1.192480	0.000260	1.230671	0.998942	1.192399	0.000197	1.230671	0.998940	1.192367	0.000164	1.230671	0.998939	1.192300	0.000196	1350071765.201804	0.999997	49.222229	36.064809	2.712640	1.269156	0.999274	1.230779	0.000350	1.269149	0.999274	1.230910	0.000312	1.231510	0.000011	1.233157	0.000010	1.230722	0.000011	1.273261	0.000014	
1350071766.201682	1.000000	63.974167	50.749969	6.139893	1.229659	0.989934	1.192222	0.000225	1.229659	0.989927	1.192355	0.006528	1.229659	0.989921	1.192378	0.000227	1.229659	0.989916	1.192330	0.000255	1350071766.201847	1.000043	49.216180	36.053201	4.598268	1.269148	0.999230	1.230707	0.000410	1.269155	0.999229	1.230637	0.000246	1.231106	0.000051	1.229708	0.000038	1.230799	0.000057	1.230931	0.000090	
1350071767.201682	1.000000	64.098145	50.874847	6.102905	1.230213	0.996441	1.192303	0.001152	1.230213	0.996440	1.192368	0.001221	1.230213	0.996437	1.192301	0.000183	1.230213	0.996435	1.192327	0.000220	1350071767.201809	0.999962	49.212956	36.046731	3.112835	1.268847	0.996500	1.230746	0.002652	1.268847	0.996497	1.230863	0.000354	1.229900	0.000010	1.233337	0.000010	1.230700	0.000105	1.230416	0.000010	
1350071768.201682	1.000000	64.102112	50.881454	6.109070	1.230590	0.998041	1.192119	0.000951	1.230590	0.998038	1.192314	0.000219	1.230590	0.998038	1.192252	0.000224	1.230590	0.998037	1.192251	0.000219	1350071768.201813	1.000004	49.189864	36.025641	3.720535	1.267672	0.990512	1.230732	0.006799	1.267687	0.990496	1.230805	0.000260	1.228418	0.000058	1.230487	0.000039	1.231408	0.000033	1.225929	0.000045	
1350071769.201682	1.000000	64.035385	50.828262	6.121368	1.230414	0.997341	1.192323	0.001493	1.230414	0.997339	1.192306	0.000737	1.230414	0.997338	1.192453	0.000182	1.230414	0.997335	1.192561	0.000199	1350071769.201805	0.999992	49.198778	36.037157	3.131617	1.268640	0.995159	1.230740	0.003651	1.268625	0.995153	1.230759	0.000319	1.244037	0.000010	1.232840	0.000010	1.228752	0.000011	1.252199	0.000011	
1350071770.201682	1.000000	63.960846	50.742783	6.121399	1.229554	0.989198	1.192290	0.004453	1.229554	0.989189	1.192365	0.000906	1.229554	0.989182	1.192366	0.002216	1.229550	0.989155	1.192321	0.000214	1350071770.201875	1.000070	49.226499	36.066533	4.697272	1.269146	0.999273	1.230706	0.000405	1.269146	0.999273	1.230664	0.000259	1.230402	0.000051	1.230280	0.000038	1.224589	0.000043	1.229563	0.000234	
1350071771.201682	1.000000	64.112625	50.894150	6.096741	1.230509	0.997582	1.192317	0.001214	1.230509	0.997580	1.192185	0.000179	1.230509	0.997578	1.192380	0.000179	1.230513	0.997599	1.192392	0.000182	1350071771.201806	0.999931	49.175050	36.022898	3.198829	1.269017	0.997917	1.230396	0.000378	1.269017	0.997914	1.230813	0.001359	1.233177	0.000010	1.207349	0.000018	1.256006	0.000011	1.271310	0.000007	
1350071772.201682	1.000000	64.155396	50.933426	6.102905	1.230667	0.998896	1.192003	0.000215	1.230667	0.998897	1.192462	0.000220	1.230667	0.998894	1.192330	0.000212	1.230667	0.998893	1.192382	0.000230	1350071772.201823	1.000017	49.220969	36.054993	2.715576	1.269151	0.999269	1.230727	0.000372	1.269151	0.999269	1.230735	0.000280	1.230525	0.000064	1.230563	0.000049	1.230452	0.000052	1.231197	0.000058	
1350071773.201683	1.000001	715774545.596297	715816172.197025	715796924.488986	0.999990	1.000217	0.999988	1.000221	0.999998	1.000217	0.999990	1.000218	0.999990	1.000220	0.999993	1.000215	0.999990	1.000220	0.999990	1.000218	1350071773.201778	0.999955	715858819.249246	715840716.098720	715809099.116056	0.999990	1.000218	0.999988	1.000220	3.893023	0.256925	0.999990	1.000219	0.999990	1.000220	0.999993	1.000216	0.999990	1.000220	0.999990	1.000218	
1350071774.201695	1.000012	0.000000	0.000000	0.000000	-nan	-nan	-nan	-nan	0.000000	inf	-nan	-nan	-nan	0.000000	-nan	-nan	-nan	-nan	-nan	-nan	1350071774.201756	0.999978	0.000000	0.000000	0.000000	-nan	-nan	-nan	-nan	0.000000	inf	-nan	-nan	-nan	-nan	-nan	-nan	-nan	-nan	-nan	-nan	
1350071775.201788	1.000093	0.000000	0.000000	0.000000	-nan	-nan	-nan	-nan	0.000000	inf	-nan	-nan	-nan	-nan	-nan	-nan	-nan	-nan	-nan	-nan	1350071775.201860	1.000104	0.000000	0.000000	0.000000	-nan	-nan	-nan	-nan	-nan	-nan	-nan	-nan	-nan	-nan	-nan	-nan	-nan	-nan	-nan	-nan	
