ts_0	elapsed_0	pkg_0	pp0_0	dram_0	freq_ratio_0_0	c0_ratio_0_0	freq_ratio_0_1	c0_ratio_0_1	freq_ratio_0_2	c0_ratio_0_2	freq_ratio_0_3	c0_ratio_0_3	freq_ratio_0_4	c0_ratio_0_4	freq_ratio_0_5	c0_ratio_0_5	freq_ratio_0_6	c0_ratio_0_6	freq_ratio_0_7	c0_ratio_0_7	ts_1	elapsed_1	pkg_1	pp0_1	dram_1	freq_ratio_1_0	c0_ratio_1_0	freq_ratio_1_1	c0_ratio_1_1	freq_ratio_1_2	c0_ratio_1_2	freq_ratio_1_3	c0_ratio_1_3	freq_ratio_1_4	c0_ratio_1_4	freq_ratio_1_5	c0_ratio_1_5	freq_ratio_1_6	c0_ratio_1_6	freq_ratio_1_7	c0_ratio_1_7	
1350072465.193214	1.000152	83.716102	70.353999	3.800005	1.087409	0.997382	1.087395	0.997380	1.087407	0.997378	1.087407	0.997376	1.087406	0.997374	1.087405	0.997373	1.087405	0.997372	1.087405	0.997371	1350072465.193285	1.000159	77.404042	64.184694	1.608326	1.191657	0.996084	1.191657	0.996080	1.191657	0.996078	1.191657	0.996073	1.191657	0.996068	1.153549	0.003292	1.191657	0.996069	1.151646	0.000252	
1350072466.193217	1.000003	79.535612	66.195001	3.782123	1.051187	0.995893	1.051199	0.995889	1.051188	0.995886	1.051188	0.995885	1.051187	0.995882	1.051187	0.995879	1.051187	0.995878	1.051187	0.995875	1350072466.193283	0.999998	77.560619	64.325120	1.585681	1.191471	0.996017	1.191470	0.996013	1.191471	0.996010	1.191471	0.996005	1.191471	0.996002	1.153854	0.002875	1.191471	0.996005	1.153790	0.000477	
1350072467.193211	0.999994	79.539399	66.202909	3.785896	1.050036	0.995865	1.050036	0.995863	1.050036	0.995861	1.050035	0.995856	1.050036	0.995853	1.050035	0.995852	1.050035	0.995849	1.050035	0.995848	1350072467.193265	0.999982	77.701432	64.461770	1.593992	1.192113	0.997870	1.192113	0.997869	1.192113	0.997868	1.192113	0.997865	1.192113	0.997864	1.153763	0.001302	1.192113	0.997861	1.153824	0.000461	
1350072468.193217	1.000006	79.533217	66.188113	3.808510	1.050997	0.995768	1.050997	0.995765	1.050998	0.995763	1.050998	0.995761	1.050998	0.995759	1.050998	0.995756	1.050998	0.995753	1.050999	0.995751	1350072468.193271	1.000006	77.678309	64.437436	1.585852	1.191813	0.994978	1.191813	0.994979	1.191814	0.994972	1.191814	0.994964	1.191813	0.994961	1.153816	0.001316	1.191814	0.994959	1.153799	0.002376	
1350072469.193211	0.999994	79.462495	66.193327	3.792228	1.051010	0.995787	1.051010	0.995784	1.051010	0.995780	1.051010	0.995777	1.051009	0.995776	1.051009	0.995773	1.051009	0.995772	1.051009	0.995769	1350072469.193265	0.999994	77.663686	64.420794	1.593744	1.191407	0.992986	1.191407	0.992980	1.191379	0.949284	1.191407	0.992961	1.191407	0.992955	1.153860	0.004837	1.191407	0.992960	1.187183	0.050053	
1350072470.193211	1.000000	79.537369	66.120178	3.804703	1.050214	0.995846	1.050214	0.995843	1.050214	0.995840	1.050214	0.995838	1.050215	0.995836	1.050214	0.995833	1.050214	0.995831	1.050214	0.995829	1350072470.193266	1.000001	77.735140	64.493896	1.582594	1.192078	0.998015	1.192078	0.998017	1.152227	0.000408	1.192078	0.998014	1.192078	0.998012	1.153823	0.001329	1.192078	0.998012	1.192078	0.998009	
1350072471.193211	1.000000	79.537827	66.185959	3.797211	1.049952	0.995800	1.049952	0.995797	1.049952	0.995793	1.049952	0.995790	1.049952	0.995788	1.049952	0.995786	1.049952	0.995785	1.049952	0.995783	1350072471.193265	0.999999	77.681715	64.456330	1.579744	1.192106	0.998111	1.192106	0.998109	1.153796	0.000297	1.192106	0.998108	1.192106	0.998107	1.153818	0.001304	1.192106	0.998106	1.192106	0.998104	
1350072472.193218	1.000007	79.534011	66.178024	3.793324	1.049531	0.995925	1.049532	0.995921	1.049532	0.995918	1.049532	0.995915	1.049532	0.995912	1.049532	0.995909	1.049533	0.995908	1.049533	0.995906	1350072472.193273	1.000008	77.731410	64.499981	1.586047	1.192117	0.997946	1.192117	0.997944	1.153838	0.000374	1.192117	0.997945	1.192117	0.997943	1.153813	0.001374	1.192117	0.997943	1.192117	0.997941	
1350072473.193211	0.999993	79.538483	66.183655	3.801143	1.049344	0.995930	1.049344	0.995928	1.049344	0.995926	1.049344	0.995922	1.049344	0.995920	1.049344	0.995916	1.049344	0.995914	1.049344	0.995912	1350072473.193264	0.999991	77.736086	64.515157	1.584548	1.192123	0.998062	1.192123	0.998060	1.153833	0.000325	1.192123	0.998059	1.192123	0.998056	1.153806	0.001357	1.192123	0.998056	1.192123	0.998055	
1350072474.193212	1.000001	79.539673	66.177595	3.782116	1.049431	0.995937	1.049431	0.995934	1.049431	0.995931	1.049431	0.995928	1.049431	0.995927	1.049431	0.995924	1.049431	0.995922	1.049431	0.995919	1350072474.193266	1.000002	77.749623	64.531905	1.571851	1.192113	0.997902	1.192113	0.997901	1.153854	0.000441	1.192113	0.997903	1.192113	0.997898	1.153826	0.001503	1.192113	0.997897	1.192113	0.997896	
1350072475.193211	0.999999	79.536254	66.172594	3.804676	1.049300	0.996002	1.049300	0.996001	1.049300	0.995997	1.049300	0.995995	1.049299	0.995991	1.049300	0.995991	1.049300	0.995988	1.049300	0.995985	1350072475.193265	0.999999	77.747038	64.539872	1.584642	1.192121	0.997924	1.192121	0.997921	1.153805	0.000411	1.192121	0.997920	1.192121	0.997918	1.153833	0.001307	1.192121	0.997917	1.192122	0.997916	
1350072476.193211	1.000000	79.544678	66.176834	3.804642	1.049170	0.995929	1.049170	0.995926	1.049170	0.995925	1.049170	0.995922	1.049170	0.995920	1.049169	0.995917	1.049169	0.995914	1.049169	0.995910	1350072476.193265	1.000000	77.781448	64.571808	1.584625	1.192118	0.997974	1.192118	0.997972	1.153791	0.000354	1.192118	0.997971	1.192118	0.997967	1.153734	0.001390	1.192118	0.997967	1.192118	0.997965	
1350072477.193211	1.000000	79.534195	66.161926	3.801285	1.049213	0.995985	1.049213	0.995982	1.049213	0.995979	1.049213	0.995975	1.049212	0.995974	1.049212	0.995971	1.049213	0.995969	1.049213	0.995967	1350072477.193265	1.000000	77.792480	64.585022	1.589249	1.192132	0.998193	1.192132	0.998192	1.153839	0.000267	1.192132	0.998193	1.192132	0.998192	1.153956	0.001255	1.192132	0.998191	1.192132	0.998190	
1350072478.193212	1.000001	79.538102	66.162245	3.789746	1.049184	0.995965	1.049184	0.995963	1.049184	0.995961	1.049184	0.995959	1.049184	0.995956	1.049185	0.995954	1.049185	0.995952	1.049185	0.995950	1350072478.193266	1.000001	76.657413	63.445298	1.586073	1.192099	0.997767	1.192099	0.997765	1.153827	0.000514	1.192099	0.997767	1.192100	0.997766	1.153817	0.001388	1.192099	0.997765	1.192100	0.997763	
1350072479.193211	0.999999	79.542068	66.167223	3.797611	1.048676	0.996087	1.048676	0.996083	1.048676	0.996080	1.048676	0.996079	1.048675	0.996078	1.048675	0.996075	1.048675	0.996073	1.048675	0.996071	1350072479.193265	0.999999	74.690058	61.482709	1.590974	1.192136	0.998179	1.192136	0.998177	1.153793	0.000253	1.192136	0.998177	1.192136	0.998175	1.153844	0.001372	1.192136	0.998176	1.192136	0.998175	
1350072480.193212	1.000001	79.531006	66.151518	3.792980	1.053760	0.996678	1.053760	0.996676	1.053760	0.996674	1.053760	0.996671	1.053760	0.996669	1.053760	0.996667	1.053760	0.996665	1.053760	0.996663	1350072480.193265	1.000000	75.785294	62.574387	1.589264	1.192131	0.998135	1.192131	0.998134	1.153869	0.000362	1.192131	0.998132	1.192131	0.998131	1.153818	0.001222	1.192131	0.998130	1.192131	0.998128	
1350072481.193211	0.999999	79.542694	66.161028	3.786152	1.047946	0.996281	1.047946	0.996278	1.047947	0.996276	1.047947	0.996275	1.047946	0.996272	1.047946	0.996269	1.047946	0.996266	1.047946	0.996265	1350072481.193264	0.999999	77.891355	64.685044	1.587846	1.192122	0.998156	1.192122	0.998155	1.153773	0.000301	1.192122	0.998153	1.192122	0.998152	1.153851	0.001317	1.192122	0.998153	1.192122	0.998151	
1350072482.193211	1.000000	79.540268	66.158493	3.789627	1.047850	0.996284	1.047850	0.996282	1.047850	0.996280	1.047850	0.996276	1.047850	0.996273	1.047850	0.996271	1.047850	0.996269	1.047850	0.996269	1350072482.193266	1.000002	77.863957	64.659316	1.586072	1.192094	0.998058	1.192094	0.998057	1.153756	0.000378	1.192094	0.998056	1.192094	0.998057	1.153798	0.001368	1.192094	0.998056	1.192094	0.998054	
1350072483.193211	1.000000	79.540527	66.155777	3.770676	1.047685	0.996341	1.047686	0.996338	1.047686	0.996336	1.047686	0.996334	1.047686	0.996332	1.047686	0.996330	1.047686	0.996328	1.047687	0.996325	1350072483.193264	0.999998	77.868633	64.661989	1.589282	1.192126	0.998045	1.192126	0.998044	1.153930	0.000326	1.192126	0.998044	1.192126	0.998042	1.153810	0.001344	1.192126	0.998040	1.192126	0.998039	
1350072484.193211	1.000000	79.544632	66.162201	3.797501	1.047764	0.996338	1.047764	0.996334	1.047764	0.996332	1.047764	0.996330	1.047764	0.996328	1.047763	0.996327	1.047763	0.996324	1.047763	0.996321	1350072484.193298	1.000034	77.868042	64.662606	1.592322	1.192043	0.997761	1.192043	0.997758	1.153842	0.000579	1.192043	0.997765	1.192043	0.997758	1.153816	0.001460	1.192043	0.997756	1.192043	0.997753	
1350072485.193211	1.000000	79.540863	66.157150	3.801575	1.047868	0.996282	1.047868	0.996281	1.047868	0.996277	1.047868	0.996275	1.047868	0.996274	1.047868	0.996271	1.047868	0.996270	1.047868	0.996267	1350072485.193271	0.999973	77.879967	64.674747	1.592740	1.192136	0.998086	1.192136	0.998086	1.153838	0.000273	1.192136	0.998084	1.192136	0.998082	1.153822	0.001332	1.192136	0.998082	1.192136	0.998079	
1350072486.193211	1.000000	79.456985	66.086548	3.789703	1.047740	0.996370	1.047740	0.996366	1.047740	0.996364	1.047740	0.996362	1.047740	0.996359	1.047741	0.996356	1.047741	0.996354	1.047741	0.996354	1350072486.193264	0.999993	77.794514	64.600453	1.592678	1.192118	0.997877	1.192118	0.997876	1.153798	0.000424	1.192118	0.997875	1.192118	0.997874	1.153834	0.001337	1.192118	0.997874	1.192118	0.997872	
1350072487.193211	1.000000	79.544205	66.153412	3.789825	1.047799	0.996320	1.047799	0.996320	1.047799	0.996317	1.047798	0.996313	1.047798	0.996312	1.047798	0.996309	1.047798	0.996306	1.047798	0.996306	1350072487.193265	1.000001	77.969576	64.750961	1.584532	1.192140	0.998151	1.192140	0.998150	1.153871	0.000264	1.192140	0.998150	1.192140	0.998149	1.153812	0.001279	1.192140	0.998147	1.192140	0.998146	
1350072488.193211	1.000000	79.541092	66.152222	3.789719	1.047921	0.996397	1.047921	0.996395	1.047921	0.996392	1.047921	0.996389	1.047921	0.996387	1.047921	0.996385	1.047921	0.996384	1.047921	0.996382	1350072488.193265	1.000000	77.819534	64.627258	1.594284	1.192103	0.997999	1.192103	0.997992	1.153827	0.000427	1.192104	0.997997	1.192104	0.997989	1.153829	0.001348	1.192104	0.997988	1.192104	0.997987	
1350072489.193211	1.000000	79.539978	66.148880	3.785889	1.047396	0.996325	1.047396	0.996323	1.047396	0.996321	1.047396	0.996320	1.047395	0.996317	1.047395	0.996315	1.047396	0.996313	1.047395	0.996310	1350072489.193264	0.999999	77.912840	64.707230	1.592775	1.192118	0.998018	1.192118	0.998016	1.153815	0.000276	1.192118	0.998015	1.192118	0.998013	1.153819	0.001446	1.192118	0.998013	1.192118	0.998012	
1350072490.193211	1.000000	79.535980	66.141235	3.793518	1.047223	0.996297	1.047224	0.996295	1.047224	0.996294	1.047225	0.996291	1.047224	0.996289	1.047225	0.996287	1.047225	0.996282	1.047225	0.996282	1350072490.193270	1.000006	77.884439	64.677929	1.591147	1.192122	0.997989	1.192122	0.997988	1.153825	0.000566	1.192122	0.997988	1.192122	0.997986	1.153803	0.001274	1.192122	0.997986	1.192122	0.997986	
1350072491.193217	1.000006	79.540358	66.145190	3.797402	1.046766	0.996277	1.046766	0.996274	1.046766	0.996271	1.046765	0.996269	1.046765	0.996266	1.046765	0.996263	1.046764	0.996262	1.046764	0.996259	1350072491.193271	1.000001	77.909365	64.700362	1.592421	1.192075	0.998147	1.192075	0.998145	1.153817	0.000332	1.192075	0.998144	1.192075	0.998143	1.153858	0.001324	1.192075	0.998143	1.192075	0.998142	
1350072492.193212	0.999995	79.542833	66.148280	3.782123	1.046730	0.996315	1.046730	0.996313	1.046730	0.996309	1.046730	0.996310	1.046730	0.996309	1.046730	0.996305	1.046730	0.996303	1.046730	0.996300	1350072492.193265	0.999994	77.892096	64.684407	1.585764	1.192096	0.997725	1.192097	0.997722	1.153826	0.000601	1.192097	0.997722	1.192097	0.997721	1.153824	0.001295	1.192096	0.997720	1.192097	0.997718	
1350072493.193211	0.999999	79.546066	66.151781	3.793400	1.046726	0.996277	1.046727	0.996275	1.046727	0.996272	1.046726	0.996269	1.046727	0.996267	1.046727	0.996265	1.046727	0.996264	1.046727	0.996263	1350072493.193267	1.000002	77.902149	64.694533	1.589307	1.192100	0.998131	1.192100	0.998130	1.153801	0.000311	1.192100	0.998129	1.192100	0.998129	1.153802	0.001299	1.192100	0.998127	1.192100	0.998125	
1350072494.193212	1.000001	79.535737	66.139097	3.781445	1.046677	0.996358	1.046676	0.996357	1.046677	0.996355	1.046677	0.996354	1.046676	0.996351	1.046677	0.996348	1.046677	0.996346	1.046677	0.996342	1350072494.193267	1.000000	75.688995	62.480591	1.591827	1.191996	0.998042	1.191996	0.998039	1.153848	0.002711	1.191996	0.998040	1.191996	0.998036	1.153844	0.004623	1.191996	0.998036	1.191996	0.998034	
1350072495.193211	0.999999	79.541732	66.142885	3.797336	1.046312	0.996398	1.046312	0.996392	1.046312	0.996390	1.046312	0.996387	1.046312	0.996385	1.046312	0.996383	1.046312	0.996379	1.046312	0.996377	1350072495.193265	0.999998	74.809713	61.593898	1.587741	1.192142	0.998221	1.192142	0.998220	1.153788	0.000232	1.192142	0.998219	1.192142	0.998217	1.153827	0.001240	1.192142	0.998216	1.192142	0.998215	
1350072496.193222	1.000011	715756666.018254	715759772.955646	715791417.671090	0.999988	1.000206	0.999986	1.000209	0.999996	1.000206	0.999988	1.000205	0.999988	1.000208	0.999991	1.000203	0.999988	1.000208	0.999988	1.000206	1350072496.194346	1.001081	714989932.458121	715052461.394426	714998756.050995	0.999988	1.000205	0.999986	1.000208	3.893147	0.256913	0.999988	1.000206	0.999988	1.000208	0.999991	1.000204	0.999988	1.000209	0.999989	1.000207	
1350072497.193344	1.000122	0.000000	0.000000	0.000000	-nan	-nan	-nan	-nan	0.000000	inf	-nan	-nan	-nan	0.000000	-nan	-nan	-nan	-nan	-nan	-nan	1350072497.193409	0.999063	0.000000	0.000000	0.000000	-nan	-nan	-nan	-nan	0.000000	inf	-nan	-nan	-nan	-nan	-nan	-nan	-nan	-nan	-nan	-nan	
