ts_0	elapsed_0	pkg_0	pp0_0	dram_0	freq_ratio_0_0	c0_ratio_0_0	freq_ratio_0_1	c0_ratio_0_1	freq_ratio_0_2	c0_ratio_0_2	freq_ratio_0_3	c0_ratio_0_3	freq_ratio_0_4	c0_ratio_0_4	freq_ratio_0_5	c0_ratio_0_5	freq_ratio_0_6	c0_ratio_0_6	freq_ratio_0_7	c0_ratio_0_7	ts_1	elapsed_1	pkg_1	pp0_1	dram_1	freq_ratio_1_0	c0_ratio_1_0	freq_ratio_1_1	c0_ratio_1_1	freq_ratio_1_2	c0_ratio_1_2	freq_ratio_1_3	c0_ratio_1_3	freq_ratio_1_4	c0_ratio_1_4	freq_ratio_1_5	c0_ratio_1_5	freq_ratio_1_6	c0_ratio_1_6	freq_ratio_1_7	c0_ratio_1_7	
1349476282.995425	1.000474	49.613691	35.611829	5.726412	0.847343	0.867486	0.846974	0.865819	0.846228	0.860655	0.846228	0.860835	0.840221	0.828346	0.839410	0.824192	0.821889	0.743434	0.847723	0.871162	1349476282.995535	1.000379	49.260135	35.216478	5.401593	0.819078	0.865330	0.820338	0.871528	0.818434	0.862265	0.818597	0.862711	0.819060	0.859231	0.819070	0.859127	0.819056	0.859125	0.819396	0.861579	
1349476283.995437	1.000012	50.840657	36.366907	7.611863	0.772753	0.997087	0.772753	0.997139	0.772753	0.997043	0.772752	0.997089	0.772753	0.996759	0.772751	0.997029	0.772752	0.996792	0.772751	0.996908	1349476283.995567	1.000032	50.845910	36.288300	7.596986	0.755353	0.994964	0.755348	0.995185	0.755346	0.995219	0.755347	0.995211	0.755351	0.995022	0.755351	0.995028	0.755346	0.995207	0.755345	0.995251	
1349476284.995423	0.999986	50.835859	36.358071	7.588425	0.773135	0.994115	0.773141	0.994230	0.773125	0.994166	0.773133	0.994201	0.773125	0.994159	0.773125	0.994142	0.773130	0.994130	0.773138	0.994204	1349476284.995535	0.999968	50.843986	36.277252	7.584547	0.754857	0.992075	0.754854	0.992080	0.754865	0.992115	0.754861	0.992099	0.754861	0.992079	0.754860	0.992072	0.754865	0.992105	0.755435	0.995320	
1349476285.995420	0.999997	50.833379	36.497443	7.115806	0.780504	0.996183	0.780503	0.996236	0.780506	0.996039	0.780504	0.996199	0.780498	0.995908	0.780499	0.995985	0.780497	0.995933	0.780499	0.996098	1349476285.995523	0.999988	50.842083	36.409049	7.064934	0.763071	0.994662	0.763075	0.994768	0.763078	0.994799	0.763079	0.994731	0.763077	0.994761	0.763077	0.994777	0.763078	0.994831	0.763106	0.995592	
1349476286.995441	1.000021	50.838319	36.459211	7.299667	0.777240	0.997189	0.777237	0.997260	0.777241	0.997155	0.777238	0.997202	0.777240	0.997096	0.777240	0.997146	0.777240	0.997106	0.777237	0.997191	1349476286.995555	1.000032	50.842690	36.334533	7.381356	0.757621	0.995184	0.757620	0.995194	0.757619	0.995213	0.757619	0.995211	0.757619	0.995204	0.757618	0.995221	0.757618	0.995222	0.757616	0.995269	
1349476287.995420	0.999979	50.821562	36.587315	6.739628	0.786009	0.996480	0.786006	0.996553	0.786007	0.996549	0.786008	0.996551	0.786015	0.996297	0.786012	0.996484	0.786017	0.996308	0.786012	0.996477	1349476287.995514	0.999959	50.782112	36.443725	6.988980	0.768076	0.995857	0.768080	0.995844	0.768077	0.995913	0.768078	0.995913	0.768081	0.995697	0.768081	0.995795	0.768080	0.995909	0.768080	0.995903	
1349476288.995422	1.000002	50.852701	36.407279	7.522782	0.772513	0.996958	0.772508	0.997050	0.772514	0.996893	0.772510	0.996983	0.772517	0.996612	0.772511	0.996836	0.772514	0.996679	0.772510	0.996833	1349476288.995533	1.000019	50.903356	36.310388	7.519830	0.752812	0.994848	0.752822	0.995062	0.752822	0.995100	0.752816	0.995055	0.752815	0.994943	0.752817	0.994959	0.752820	0.995087	0.752821	0.995194	
1349476289.995421	0.999999	50.829257	36.380803	7.611137	0.771288	0.997062	0.771289	0.997123	0.771288	0.997016	0.771288	0.997059	0.771296	0.996714	0.771289	0.997009	0.771295	0.996739	0.771293	0.996868	1349476289.995525	0.999992	50.794433	36.228291	7.592866	0.752277	0.994942	0.752272	0.995198	0.752271	0.995232	0.752271	0.995227	0.752275	0.995028	0.752275	0.995053	0.752272	0.995219	0.752270	0.995274	
1349476290.995420	0.999999	50.846438	36.397267	7.605430	0.771994	0.995237	0.771988	0.995247	0.771986	0.995087	0.771988	0.995169	0.771987	0.995008	0.771986	0.995073	0.771988	0.995040	0.771989	0.995173	1349476290.995527	1.000002	50.850077	36.270164	7.591904	0.752668	0.993498	0.752665	0.993471	0.752672	0.993561	0.752670	0.993540	0.752669	0.993529	0.752669	0.993523	0.752672	0.993548	0.752733	0.995219	
1349476291.995421	1.000001	50.837476	36.386959	7.601433	0.770956	0.996789	0.770956	0.996861	0.770956	0.996846	0.770956	0.996860	0.770961	0.996549	0.770957	0.996766	0.770960	0.996644	0.770958	0.996741	1349476291.995524	0.999997	50.847432	36.267294	7.588433	0.752051	0.995201	0.752047	0.995363	0.752047	0.995352	0.752047	0.995348	0.752049	0.995257	0.752048	0.995279	0.752047	0.995349	0.752046	0.995343	
1349476292.995424	1.000003	50.787501	36.348032	7.580009	0.771439	0.995325	0.771438	0.995295	0.771427	0.995177	0.771432	0.995248	0.771424	0.995102	0.771426	0.995163	0.771429	0.995184	0.771431	0.995224	1349476292.995529	1.000005	50.845403	36.268617	7.580925	0.752408	0.993343	0.752415	0.993371	0.752416	0.993443	0.752417	0.993393	0.752411	0.993375	0.752411	0.993376	0.752417	0.993443	0.752470	0.995225	
1349476293.995430	1.000006	50.840304	36.416562	7.600495	0.770569	0.996901	0.770569	0.996919	0.770569	0.996789	0.770570	0.996875	0.770569	0.996799	0.770570	0.996779	0.770569	0.996804	0.770569	0.996857	1349476293.995543	1.000014	50.849489	36.263162	7.560486	0.751634	0.995282	0.751633	0.995316	0.751633	0.995367	0.751633	0.995368	0.751634	0.995311	0.751634	0.995309	0.751632	0.995335	0.751633	0.995375	
1349476294.995423	0.999993	50.588179	36.189032	7.118717	0.786185	0.944106	0.786180	0.944307	0.786174	0.943964	0.786179	0.944123	0.786171	0.943904	0.786173	0.943953	0.786177	0.943951	0.786177	0.944097	1349476294.995538	0.999995	50.639688	36.164701	7.200384	0.766238	0.942664	0.766231	0.942590	0.766240	0.942710	0.766239	0.942761	0.766241	0.942758	0.766243	0.942791	0.766240	0.942719	0.778398	0.995741	
1349476295.995418	0.999995	50.826457	36.364303	7.627235	0.770719	0.996709	0.770718	0.996807	0.770724	0.996582	0.770721	0.996702	0.770731	0.996424	0.770726	0.996571	0.770732	0.996434	0.770729	0.996577	1349476295.995511	0.999973	50.836117	36.261505	7.579336	0.751828	0.995005	0.751831	0.995048	0.751831	0.995178	0.751830	0.995134	0.751829	0.995003	0.751829	0.995008	0.751833	0.995156	0.751831	0.995268	
1349476296.995423	1.000005	50.851674	36.383576	7.585701	0.770879	0.996543	0.770887	0.996687	0.770879	0.996405	0.770879	0.996548	0.770880	0.996264	0.770877	0.996393	0.770878	0.996363	0.770878	0.996486	1349476296.995536	1.000025	50.858666	36.293632	7.583764	0.751813	0.995029	0.751811	0.995092	0.751814	0.995109	0.751822	0.995198	0.751820	0.995115	0.751820	0.995093	0.751811	0.995143	0.751814	0.995257	
1349476297.995428	1.000005	715781169.249113	715762151.574661	715809428.873537	0.999992	1.000146	0.999990	1.000152	1.000000	1.000147	0.999992	1.000146	0.999992	1.000150	0.999994	1.000144	0.999992	1.000150	0.999992	1.000146	1349476297.995538	1.000002	715814410.099163	715781042.879801	715815060.697882	0.999992	1.000147	0.999990	1.000150	3.892874	0.256917	0.999992	1.000147	0.999992	1.000148	0.999995	1.000146	0.999992	1.000149	0.999992	1.000147	
1349476298.995567	1.000139	0.000000	0.000000	0.000000	-nan	-nan	-nan	-nan	0.000000	inf	-nan	-nan	-nan	0.000000	-nan	-nan	-nan	-nan	-nan	-nan	1349476298.995647	1.000109	0.000000	0.000000	0.000000	-nan	-nan	-nan	-nan	0.000000	inf	-nan	-nan	-nan	-nan	-nan	-nan	-nan	-nan	-nan	-nan	
