ts_0	elapsed_0	pkg_0	pp0_0	dram_0	freq_ratio_0_0	c0_ratio_0_0	freq_ratio_0_1	c0_ratio_0_1	freq_ratio_0_2	c0_ratio_0_2	freq_ratio_0_3	c0_ratio_0_3	freq_ratio_0_4	c0_ratio_0_4	freq_ratio_0_5	c0_ratio_0_5	freq_ratio_0_6	c0_ratio_0_6	freq_ratio_0_7	c0_ratio_0_7	ts_1	elapsed_1	pkg_1	pp0_1	dram_1	freq_ratio_1_0	c0_ratio_1_0	freq_ratio_1_1	c0_ratio_1_1	freq_ratio_1_2	c0_ratio_1_2	freq_ratio_1_3	c0_ratio_1_3	freq_ratio_1_4	c0_ratio_1_4	freq_ratio_1_5	c0_ratio_1_5	freq_ratio_1_6	c0_ratio_1_6	freq_ratio_1_7	c0_ratio_1_7	
1349417353.484979	1.001960	40.680564	27.102518	0.000000	0.999813	0.936595	0.999598	0.940242	0.999923	0.937168	0.997525	0.001798	0.810349	0.000162	0.997579	0.033972	0.635366	0.000062	0.984502	0.000242	1349417353.485196	1.000531	40.671048	27.005513	0.000000	0.999748	0.940676	0.999959	0.938028	0.915967	0.001056	0.955814	0.000749	0.843584	0.000545	1.005056	0.000061	0.679474	0.000168	1.000002	0.938654	
1349417354.484925	0.999946	41.893996	28.282835	0.000000	0.999947	0.996816	0.999980	0.996751	1.000000	0.996655	1.000005	0.001662	0.999995	0.000075	1.000500	0.000976	1.000008	0.000095	0.999833	0.000039	1349417354.485142	0.999946	42.102259	28.407491	0.000000	1.000000	0.996804	1.000000	0.996801	0.999985	0.000399	1.000021	0.000391	1.000231	0.000133	1.000222	0.000076	1.001696	0.000073	1.000000	1.000000	
1349417355.484920	0.999995	42.119107	28.491415	0.000000	1.000001	0.999536	1.000001	0.999503	1.000000	0.999459	1.000036	0.003299	0.999642	0.000075	0.999705	0.000127	0.999505	0.000015	1.000043	0.000117	1349417355.485128	0.999986	42.345536	28.619558	0.000000	1.000000	0.999507	1.000000	0.999515	1.000006	0.000543	0.999820	0.000591	0.999990	0.000232	0.997995	0.000012	0.998700	0.000021	1.000000	1.000000	
1349417356.484919	0.999999	42.094233	28.479245	0.000000	0.999999	1.000000	1.000000	0.999998	0.999999	0.999998	1.000000	0.001465	1.003173	0.000062	0.998061	0.000255	1.000075	0.000087	0.999726	0.000184	1349417356.485125	0.999997	42.292444	28.563657	0.000000	1.000000	1.000000	1.000000	1.000000	1.001139	0.000566	1.000450	0.000571	1.000085	0.000895	1.000835	0.000084	1.000990	0.000074	1.000000	1.000000	
1349417357.484932	1.000013	42.106000	28.481667	0.000000	1.000000	1.000000	1.000000	1.000001	1.000001	1.000000	0.999966	0.002526	0.998509	0.000349	1.003263	0.000219	1.012989	0.000015	0.996917	0.000164	1349417357.485139	1.000014	42.107943	28.385770	0.000000	1.000000	1.000000	1.000000	1.000000	0.999130	0.000570	0.999803	0.000636	0.999799	0.000327	0.997298	0.000031	0.994154	0.000007	1.000000	1.000000	
1349417358.484921	0.999989	42.054889	28.430381	0.000000	0.999970	0.998325	1.000000	0.998255	1.000000	0.998240	0.999986	0.002480	1.010576	0.000046	0.995867	0.000204	0.998764	0.000104	1.001463	0.000015	1349417358.485136	0.999997	42.032906	28.308971	0.000000	1.000000	0.998271	1.000000	0.998270	0.999521	0.000419	0.999996	0.000356	0.999469	0.000136	0.990373	0.000059	0.988277	0.000061	1.000000	1.000000	
1349417359.484921	1.000000	42.071945	28.446915	0.000000	0.999977	0.998992	1.000000	0.998939	1.000000	0.998912	0.999997	0.002450	0.999910	0.000107	1.000676	0.000955	0.992891	0.000009	1.004688	0.000112	1349417359.485133	0.999997	42.083794	28.360851	0.000000	1.000000	0.998951	1.000000	0.998950	1.000076	0.000562	0.999942	0.000602	1.000228	0.000215	1.016273	0.000034	1.018674	0.000038	1.000000	1.000000	
1349417360.484919	0.999998	42.241612	28.613443	0.000000	1.000000	0.999994	1.000000	0.999961	1.000000	0.999960	0.999936	0.007902	0.999987	0.004978	1.000001	0.004986	1.000034	0.005100	0.999999	0.004777	1349417360.485131	0.999998	42.269352	28.558496	0.000000	1.000000	0.999992	1.000000	1.000000	1.000071	0.005200	1.000006	0.004997	1.000003	0.004956	1.000001	0.004532	0.999999	0.004686	1.000000	1.000000	
1349417361.484920	1.000001	42.114508	28.489688	0.000000	1.000000	1.000000	1.000000	1.000000	1.000000	1.000000	1.000235	0.001926	1.000700	0.000077	0.999859	0.000139	0.999549	0.000381	0.999785	0.000082	1349417361.485134	1.000003	42.002738	28.276814	0.000000	1.000000	1.000000	1.000000	1.000000	0.999217	0.000526	0.999971	0.000553	0.999808	0.000191	0.987536	0.000007	0.996653	0.000007	1.000000	1.000000	
1349417362.484923	1.000003	715805487.089179	715799099.178711	715825666.061822	0.999971	1.000018	0.999971	1.000031	0.999973	1.000033	0.999972	1.000022	0.999973	1.000029	0.999974	1.000019	0.999972	1.000026	0.999972	1.000025	1349417362.485018	0.999884	715872833.549130	715895604.461841	715911009.040076	0.999973	1.000026	0.999970	1.000026	3.894191	0.256795	0.999972	1.000021	0.999971	1.000022	0.999976	1.000025	0.999971	1.000023	0.999973	1.000028	
1349417363.485043	1.000120	0.000000	0.000000	0.000000	-nan	-nan	-nan	-nan	1.000008	inf	-nan	-nan	-nan	0.000000	-nan	-nan	-nan	-nan	-nan	-nan	1349417363.485121	1.000103	0.000000	0.000000	0.000000	-nan	-nan	-nan	-nan	1.345745	inf	-nan	-nan	-nan	-nan	-nan	-nan	-nan	-nan	-nan	-nan	
