ts_0	elapsed_0	pkg_0	pp0_0	dram_0	freq_ratio_0_0	c0_ratio_0_0	freq_ratio_0_1	c0_ratio_0_1	freq_ratio_0_2	c0_ratio_0_2	freq_ratio_0_3	c0_ratio_0_3	freq_ratio_0_4	c0_ratio_0_4	freq_ratio_0_5	c0_ratio_0_5	freq_ratio_0_6	c0_ratio_0_6	freq_ratio_0_7	c0_ratio_0_7	ts_1	elapsed_1	pkg_1	pp0_1	dram_1	freq_ratio_1_0	c0_ratio_1_0	freq_ratio_1_1	c0_ratio_1_1	freq_ratio_1_2	c0_ratio_1_2	freq_ratio_1_3	c0_ratio_1_3	freq_ratio_1_4	c0_ratio_1_4	freq_ratio_1_5	c0_ratio_1_5	freq_ratio_1_6	c0_ratio_1_6	freq_ratio_1_7	c0_ratio_1_7	
1349418288.692874	1.002448	42.615827	28.806828	0.000000	0.999973	0.996068	0.999864	0.989174	0.999952	0.988966	0.999581	0.001455	0.935422	0.000318	0.986532	0.000060	0.989259	0.000066	0.991543	0.001003	1349418288.693098	1.000477	43.812869	29.949213	0.000000	0.999997	0.991183	1.000001	0.991122	0.868481	0.000160	1.000324	0.000457	0.841347	0.000105	1.003430	0.000039	0.719677	0.000054	0.999952	0.991832	
1349418289.692873	0.999999	43.008998	29.200498	0.000000	1.000000	0.999342	1.000000	0.999319	1.000000	0.999316	1.000112	0.001642	0.997445	0.000068	0.994396	0.000072	0.994760	0.000107	0.995433	0.000115	1349418289.693101	1.000003	44.285065	30.363630	0.000000	1.000000	0.999319	1.000000	0.999297	0.997909	0.000021	1.000153	0.000281	1.002150	0.000094	1.000127	0.000088	0.999996	0.000098	1.000000	1.000000	
1349418290.692873	1.000000	43.061798	29.241791	0.000000	1.000000	0.999924	1.000000	0.999961	1.000000	0.999960	0.999669	0.001031	0.996353	0.000143	0.999193	0.000019	1.001572	0.000016	0.999652	0.000136	1349418290.693106	1.000005	44.313789	30.388016	0.000000	1.000000	0.999986	1.000000	0.999991	0.999433	0.000145	1.000024	0.000342	0.999544	0.000069	0.999568	0.000012	0.998393	0.000016	1.000000	1.000000	
1349418291.692873	1.000000	43.034058	29.219482	0.000000	1.000000	0.999990	1.000000	1.000000	1.000001	0.999991	0.999996	0.002213	1.005087	0.000101	1.006802	0.000101	1.005880	0.000090	1.004199	0.000142	1349418291.693106	1.000000	44.298126	30.375717	0.000000	1.000000	0.999996	1.000000	0.999991	1.001755	0.000076	0.999911	0.000368	1.000085	0.000137	1.000093	0.000087	1.000237	0.000119	1.000000	1.000000	
1349418292.692873	1.000000	42.999634	29.179413	0.000000	0.999999	1.000000	1.000001	1.000001	1.000000	1.000000	0.999887	0.001387	0.999620	0.000151	0.995972	0.000015	1.000475	0.000017	0.999562	0.000051	1349418292.693093	0.999987	44.358675	30.430621	0.000000	1.000000	1.000000	1.000000	1.000000	1.000076	0.000131	1.000005	0.000336	0.999735	0.000070	1.000338	0.000007	1.000226	0.000007	1.000000	1.000000	
1349418293.692873	1.000000	42.951202	29.128693	0.000000	1.000000	0.999948	1.000000	0.999960	1.000000	0.999959	1.000101	0.001420	1.000234	0.001068	0.999559	0.000252	0.999885	0.000158	0.999822	0.000291	1349418293.693094	1.000001	44.369098	30.438570	0.000000	1.000000	0.999988	1.000000	1.000000	1.000073	0.000216	1.000023	0.000735	1.000084	0.000394	0.999890	0.000098	0.999991	0.000135	1.000000	1.000000	
1349418294.692873	1.000000	42.969284	29.147812	0.000000	1.000001	0.999991	1.000000	0.999998	1.000000	0.999993	1.000157	0.001861	0.999964	0.000322	1.018304	0.000009	1.015188	0.000009	0.989022	0.000051	1349418294.693103	1.000009	44.329738	30.400848	0.000000	1.000000	0.999997	1.000000	0.999991	0.999316	0.000111	0.999716	0.000265	0.999657	0.000073	1.000056	0.000007	0.997277	0.000007	1.000000	1.000000	
1349418295.692873	1.000000	42.946289	29.122421	0.000000	1.000000	0.999950	1.000000	0.999999	1.000000	0.999983	0.999737	0.001287	0.998828	0.000226	0.999961	0.000078	0.997904	0.000062	1.000254	0.002357	1349418295.693097	0.999994	44.306325	30.392302	0.000000	1.000000	0.999996	1.000000	0.999993	1.006240	0.000019	1.000142	0.000339	1.000439	0.000092	0.997413	0.000065	1.000333	0.000093	1.000000	1.000000	
1349418296.692872	0.999999	42.891261	29.065412	0.000000	1.000000	0.999515	1.000000	0.999516	1.000000	0.999531	1.000060	0.001881	1.000298	0.000299	1.001463	0.000015	1.010301	0.000017	0.999242	0.000051	1349418296.693101	1.000004	44.432696	30.502241	0.000000	1.000000	0.999536	1.000000	0.999514	1.003814	0.000120	1.000030	0.003230	0.999067	0.000057	1.014323	0.000012	0.996096	0.000012	1.000000	1.000000	
1349418297.692873	1.000001	42.979360	29.153827	0.000000	1.000000	0.999942	1.000000	0.999954	1.000000	0.999954	1.000005	0.003041	1.000641	0.000241	0.999356	0.000151	0.998293	0.000109	1.000022	0.000953	1349418297.693097	0.999996	44.421780	30.491243	0.000000	1.000000	0.999976	1.000000	1.000000	0.961941	0.000019	0.999904	0.003533	1.000022	0.000107	0.999745	0.000051	1.000499	0.000076	1.000000	1.000000	
1349418298.692872	0.999999	42.311869	28.474987	0.000000	1.000000	0.806889	1.000000	1.000000	1.000000	1.000000	0.999952	0.001219	0.999810	0.001018	0.998692	0.000015	1.010058	0.000016	1.000008	0.007841	1349418298.693095	0.999998	45.565623	31.632644	0.000000	1.000000	1.000000	1.000000	1.000000	1.000006	0.193738	0.998659	0.000262	1.000346	0.000063	0.993730	0.000015	0.999614	0.000016	1.000000	1.000000	
1349418299.692873	1.000001	40.524543	26.638601	0.000000	0.999954	0.455199	1.000000	0.999414	1.000000	0.999448	1.000043	0.001258	1.001309	0.000164	0.999288	0.000083	0.997214	0.000055	0.999980	0.007938	1349418299.693092	0.999997	48.667036	34.684815	0.000000	0.999999	0.544903	1.000000	0.999503	1.000000	0.999374	1.001383	0.000328	1.000141	0.000110	1.002285	0.000055	0.999784	0.000091	1.000000	1.000000	
1349418300.692874	1.000001	43.137074	29.223223	0.000000	1.000000	0.999956	1.000000	0.999952	1.000001	0.999978	1.000000	0.003327	1.000017	0.000453	1.009981	0.000016	0.998260	0.000015	0.996214	0.000047	1349418300.693096	1.000004	44.418155	30.399947	0.000000	0.955732	0.000043	1.000000	1.000000	1.000000	0.999921	1.000268	0.000224	1.000322	0.000066	0.997609	0.000012	1.001432	0.000013	1.000000	1.000000	
1349418301.692874	1.000000	42.245026	28.332947	0.000000	1.000000	0.738947	1.000000	1.000000	1.000000	1.000000	1.000003	0.062630	0.999879	0.005315	0.996906	0.000287	0.998908	0.000373	0.999972	0.000096	1349418301.693107	1.000011	46.069105	32.068313	0.000000	1.000010	0.261733	1.000000	1.000000	1.000000	1.000000	0.996585	0.000250	0.999408	0.000106	1.000361	0.000050	0.999876	0.000078	1.000000	1.000000	
1349418302.692875	1.000001	37.342097	23.436791	0.000000	0.999972	0.004331	1.000000	0.999973	1.000000	0.999968	0.999704	0.001529	1.000004	0.004953	1.019326	0.000010	0.992438	0.000017	0.999169	0.000057	1349418302.693135	1.000028	50.600182	36.647461	0.000000	1.000000	0.999955	1.000000	1.000000	1.000000	0.999911	1.000130	0.000231	1.000737	0.000064	0.991218	0.000013	1.000735	0.000014	1.000000	1.000000	
1349418303.692878	1.000003	40.070463	26.159419	0.000000	0.999950	0.004741	1.000000	0.999952	1.000000	0.999924	1.000002	0.433625	1.000046	0.003843	1.009370	0.000095	1.006812	0.000077	1.001238	0.000157	1349418303.693103	0.999968	47.999382	34.027607	0.000000	0.999999	0.566292	1.000000	1.000000	1.000000	0.999935	1.000296	0.003142	0.999541	0.000107	1.001161	0.000077	0.999923	0.000100	1.000000	1.000000	
1349418304.692874	0.999996	43.350701	29.431073	0.000000	0.999958	0.002013	1.000000	0.999988	1.000000	0.999985	1.000000	0.999965	1.000007	0.003667	0.989681	0.000015	1.000284	0.000016	0.986789	0.000050	1349418304.693094	0.999991	44.664666	30.646014	0.000000	0.999967	0.000058	1.000000	1.000000	1.000000	0.999964	0.999982	0.006129	1.000179	0.000052	1.001693	0.000007	0.998369	0.000007	1.000000	1.000000	
1349418305.692873	0.999999	43.483318	29.573072	0.000000	0.999789	0.001706	0.999999	0.999971	0.999999	0.999969	1.000000	0.999951	0.999997	0.004350	1.001909	0.000088	1.000025	0.000078	1.000222	0.002365	1349418305.693104	1.000010	44.473172	30.454392	0.000000	0.983965	0.000117	1.000000	1.000000	1.000000	0.999951	0.999749	0.000494	1.000506	0.000096	0.999963	0.000063	0.999219	0.000100	1.000000	1.000000	
1349418306.692868	0.999995	715793046.855247	715805199.156463	715831468.739573	0.999969	1.000014	0.999972	1.000038	0.999972	1.000034	0.999970	1.000015	0.999970	1.000020	0.999974	1.000020	0.999969	1.000016	0.999973	1.000031	1349418306.692983	0.999879	715883327.469723	715880785.759338	715914593.890457	0.999973	1.000031	0.999967	1.000018	3.894182	0.256796	0.999970	1.000014	0.999969	1.000016	0.999976	1.000027	0.999969	1.000015	0.999973	1.000030	
1349418307.693017	1.000149	0.000000	0.000000	0.000000	-nan	-nan	-nan	-nan	1.000008	inf	-nan	-nan	-nan	0.000000	-nan	-nan	-nan	-nan	-nan	-nan	1349418307.693105	1.000122	0.000000	0.000000	0.000000	-nan	-nan	-nan	-nan	1.345745	inf	-nan	-nan	-nan	-nan	-nan	-nan	-nan	-nan	-nan	-nan	
