ts_0	elapsed_0	pkg_0	pp0_0	dram_0	freq_ratio_0_0	c0_ratio_0_0	freq_ratio_0_1	c0_ratio_0_1	freq_ratio_0_2	c0_ratio_0_2	freq_ratio_0_3	c0_ratio_0_3	freq_ratio_0_4	c0_ratio_0_4	freq_ratio_0_5	c0_ratio_0_5	freq_ratio_0_6	c0_ratio_0_6	freq_ratio_0_7	c0_ratio_0_7	ts_1	elapsed_1	pkg_1	pp0_1	dram_1	freq_ratio_1_0	c0_ratio_1_0	freq_ratio_1_1	c0_ratio_1_1	freq_ratio_1_2	c0_ratio_1_2	freq_ratio_1_3	c0_ratio_1_3	freq_ratio_1_4	c0_ratio_1_4	freq_ratio_1_5	c0_ratio_1_5	freq_ratio_1_6	c0_ratio_1_6	freq_ratio_1_7	c0_ratio_1_7	
1350063927.086676	1.000110	55.258895	42.079436	6.104035	0.812431	0.998091	0.812431	0.998091	0.812430	0.998090	0.812429	0.998089	0.812429	0.998088	0.812428	0.998087	0.812427	0.998084	0.812427	0.998084	1350063927.086724	1.000110	55.310495	42.208221	2.852271	0.799593	0.997114	0.799592	0.997113	0.799591	0.997110	0.799590	0.997109	0.799589	0.997108	0.799588	0.997106	0.799587	0.997105	0.799586	0.997103	
1350063928.086666	0.999990	50.843588	37.658290	6.090637	0.763666	0.996843	0.763666	0.996842	0.763666	0.996840	0.763666	0.996837	0.763666	0.996836	0.763666	0.996834	0.763666	0.996832	0.763665	0.996831	1350063928.086713	0.999989	50.850701	37.741915	2.718230	0.750503	0.996259	0.750502	0.996256	0.750502	0.996255	0.750502	0.996251	0.750501	0.996249	0.750501	0.996247	0.750501	0.996245	0.750501	0.996243	
1350063929.086666	1.000000	50.845078	37.658112	6.121399	0.763338	0.997110	0.763338	0.997107	0.763338	0.997105	0.763338	0.997103	0.763338	0.997102	0.763338	0.997100	0.763339	0.997099	0.763339	0.997097	1350063929.086712	0.999999	50.849460	37.739629	2.703906	0.749341	0.996127	0.749338	0.996125	0.749341	0.996122	0.749341	0.996121	0.749342	0.996118	0.749341	0.996118	0.749341	0.996113	0.749341	0.996110	
1350063930.086666	1.000000	50.842209	37.654449	6.115234	0.763086	0.997386	0.763086	0.997384	0.763086	0.997382	0.763086	0.997380	0.763086	0.997378	0.763086	0.997375	0.763086	0.997374	0.763086	0.997373	1350063930.086710	0.999998	50.846044	37.735683	2.711934	0.749104	0.996093	0.749104	0.996092	0.749104	0.996088	0.749105	0.996085	0.749105	0.996082	0.749105	0.996080	0.749105	0.996078	0.749105	0.996075	
1350063931.086665	0.999999	50.845233	37.654836	6.109076	0.763503	0.998050	0.763503	0.998050	0.763503	0.998049	0.763503	0.998047	0.763503	0.998047	0.763503	0.998045	0.763503	0.998045	0.763503	0.998043	1350063931.086708	0.999998	50.798666	37.701503	2.704366	0.748638	0.995987	0.748641	0.995984	0.748638	0.995982	0.748638	0.995981	0.748637	0.995978	0.748638	0.995975	0.748638	0.995974	0.748638	0.995970	
1350063932.086666	1.000001	50.795148	37.616831	6.115229	0.762958	0.997349	0.762958	0.997347	0.762958	0.997344	0.762958	0.997344	0.762958	0.997342	0.762958	0.997339	0.762958	0.997338	0.762958	0.997338	1350063932.086711	1.000003	50.846888	37.733861	2.698875	0.748991	0.996050	0.748991	0.996049	0.748991	0.996045	0.748991	0.996042	0.748992	0.996040	0.748992	0.996039	0.748991	0.996039	0.748991	0.996036	
1350063933.086666	1.000000	50.844223	37.647339	6.096741	0.763343	0.998050	0.763344	0.998048	0.763344	0.998046	0.763344	0.998045	0.763344	0.998044	0.763344	0.998044	0.763344	0.998043	0.763343	0.998043	1350063933.086709	0.999998	50.850530	37.730602	2.712133	0.750342	0.996124	0.750342	0.996119	0.750342	0.996119	0.750342	0.996116	0.750342	0.996114	0.750341	0.996111	0.750342	0.996109	0.750342	0.996106	
1350063934.086666	1.000000	50.843735	37.646912	6.102905	0.763054	0.997743	0.763054	0.997742	0.763054	0.997740	0.763054	0.997739	0.763054	0.997739	0.763054	0.997737	0.763054	0.997736	0.763054	0.997734	1350063934.086710	1.000001	50.847989	37.723276	2.703931	0.750886	0.996215	0.750882	0.996213	0.750886	0.996211	0.750886	0.996208	0.750886	0.996206	0.750887	0.996204	0.750887	0.996201	0.750887	0.996201	
1350063935.086666	1.000000	50.844162	37.640823	6.115234	0.762975	0.997744	0.762975	0.997744	0.762975	0.997743	0.762975	0.997742	0.762975	0.997742	0.762975	0.997740	0.762975	0.997738	0.762975	0.997738	1350063935.086709	0.999999	50.851062	37.725378	2.709521	0.750634	0.996091	0.750638	0.996087	0.750634	0.996085	0.750634	0.996082	0.750633	0.996079	0.750633	0.996077	0.750633	0.996074	0.750632	0.996074	
1350063936.086666	1.000000	50.842300	37.636902	6.133667	0.762984	0.998097	0.762984	0.998096	0.762984	0.998093	0.762984	0.998094	0.762984	0.998094	0.762984	0.998093	0.762984	0.998091	0.762984	0.998091	1350063936.086713	1.000004	50.847313	37.723449	2.709599	0.750191	0.996055	0.750191	0.996053	0.750191	0.996051	0.750191	0.996052	0.750191	0.996049	0.750191	0.996047	0.750191	0.996043	0.750191	0.996041	
1350063937.086665	0.999999	50.843524	37.639104	6.115240	0.762916	0.998135	0.762916	0.998134	0.762916	0.998133	0.762916	0.998132	0.762916	0.998132	0.762916	0.998130	0.762916	0.998128	0.762916	0.998127	1350063937.086708	0.999995	50.847712	37.716986	2.709593	0.751164	0.996138	0.751164	0.996133	0.751164	0.996131	0.751165	0.996128	0.751165	0.996128	0.751165	0.996126	0.751165	0.996123	0.751165	0.996119	
1350063938.086666	1.000001	50.849500	37.643702	6.115229	0.762733	0.998053	0.762733	0.998050	0.762733	0.998049	0.762733	0.998047	0.762733	0.998046	0.762733	0.998045	0.762732	0.998045	0.762732	0.998045	1350063938.086712	1.000004	50.848015	37.718490	2.712071	0.751135	0.996297	0.751135	0.996295	0.751135	0.996293	0.751135	0.996290	0.751135	0.996287	0.751135	0.996286	0.751135	0.996284	0.751135	0.996282	
1350063939.086666	1.000000	50.840027	37.633102	6.120255	0.762798	0.997900	0.762798	0.997898	0.762798	0.997896	0.762798	0.997894	0.762798	0.997894	0.762798	0.997892	0.762799	0.997891	0.762799	0.997890	1350063939.086712	1.000000	50.848465	37.714828	2.711746	0.751353	0.996225	0.751353	0.996223	0.751353	0.996220	0.751353	0.996219	0.751354	0.996216	0.751353	0.996214	0.751353	0.996211	0.751354	0.996209	
1350063940.086666	1.000000	50.844406	37.637863	6.115234	0.762383	0.997970	0.762383	0.997967	0.762383	0.997966	0.762383	0.997965	0.762383	0.997963	0.762383	0.997964	0.762383	0.997963	0.762383	0.997962	1350063940.086713	1.000001	50.847028	37.710856	2.701062	0.751206	0.996251	0.751206	0.996248	0.751206	0.996246	0.751205	0.996243	0.751206	0.996241	0.751206	0.996238	0.751206	0.996237	0.751206	0.996236	
1350063941.086665	0.999999	50.843402	37.638067	6.121405	0.762497	0.998076	0.762497	0.998074	0.762497	0.998073	0.762497	0.998070	0.762497	0.998069	0.762497	0.998067	0.762497	0.998065	0.762497	0.998065	1350063941.086709	0.999996	50.850945	37.713211	2.712184	0.750773	0.996161	0.750773	0.996159	0.750773	0.996157	0.750773	0.996156	0.750772	0.996153	0.750772	0.996151	0.750772	0.996148	0.750771	0.996146	
1350063942.086666	1.000001	50.845121	37.639170	6.121393	0.762467	0.998017	0.762467	0.998015	0.762466	0.998013	0.762467	0.998012	0.762467	0.998011	0.762467	0.998010	0.762467	0.998008	0.762467	0.998008	1350063942.086712	1.000003	50.850703	37.712560	2.703971	0.750876	0.996036	0.750876	0.996034	0.750876	0.996031	0.750876	0.996029	0.750877	0.996028	0.750876	0.996025	0.750876	0.996024	0.750876	0.996023	
1350063943.086666	1.000000	50.847733	37.642471	6.115234	0.762071	0.997785	0.762071	0.997784	0.762071	0.997783	0.762071	0.997782	0.762071	0.997782	0.762071	0.997780	0.762070	0.997779	0.762070	0.997778	1350063943.086715	1.000003	50.848063	37.709829	2.709480	0.750831	0.996089	0.750832	0.996086	0.750828	0.996084	0.750832	0.996081	0.750832	0.996078	0.750833	0.996075	0.750833	0.996073	0.750833	0.996070	
1350063944.086666	1.000000	50.843842	37.638916	6.109070	0.761961	0.998064	0.761961	0.998061	0.761961	0.998061	0.761961	0.998060	0.761961	0.998059	0.761962	0.998058	0.761962	0.998058	0.761962	0.998056	1350063944.086710	0.999995	50.849009	37.710150	2.712385	0.750940	0.996180	0.750940	0.996180	0.750944	0.996177	0.750939	0.996173	0.750939	0.996170	0.750939	0.996167	0.750939	0.996164	0.750938	0.996164	
1350063945.086665	0.999999	50.844760	37.638967	6.115240	0.761754	0.997997	0.761755	0.997996	0.761754	0.997994	0.761754	0.997993	0.761755	0.997992	0.761755	0.997991	0.761755	0.997989	0.761754	0.997989	1350063945.086709	0.999999	50.845553	37.706121	2.709643	0.750553	0.996120	0.750553	0.996118	0.750553	0.996115	0.750553	0.996111	0.750553	0.996110	0.750553	0.996107	0.750553	0.996104	0.750553	0.996104	
1350063946.086666	1.000001	50.842054	37.636225	6.121393	0.761588	0.997944	0.761588	0.997941	0.761587	0.997942	0.761587	0.997940	0.761587	0.997940	0.761587	0.997939	0.761587	0.997938	0.761587	0.997937	1350063946.086749	1.000040	50.850075	37.711441	2.704039	0.750581	0.996269	0.750580	0.996266	0.750580	0.996263	0.750581	0.996262	0.750581	0.996258	0.750581	0.996256	0.750581	0.996255	0.750581	0.996253	
1350063947.086666	1.000000	50.845932	37.640671	6.133728	0.761782	0.998000	0.761782	0.998000	0.761782	0.997998	0.761783	0.997997	0.761783	0.997996	0.761783	0.997994	0.761783	0.997993	0.761783	0.997991	1350063947.086710	0.999961	50.849568	37.708841	2.717712	0.750607	0.996275	0.750608	0.996272	0.750609	0.996271	0.750609	0.996270	0.750609	0.996267	0.750609	0.996265	0.750609	0.996262	0.750609	0.996260	
1350063948.086666	1.000000	50.832947	37.625443	6.102905	0.782492	0.996666	0.782492	0.996664	0.782492	0.996661	0.782492	0.996660	0.782492	0.996658	0.782492	0.996656	0.782492	0.996654	0.782492	0.996654	1350063948.086715	1.000005	50.840489	37.698999	2.709520	0.759780	0.996250	0.759780	0.996248	0.759780	0.996246	0.759780	0.996244	0.759780	0.996243	0.759780	0.996241	0.759780	0.996237	0.759780	0.996235	
1350063949.086666	1.000000	50.840042	37.631409	6.090576	0.770826	0.997375	0.770826	0.997373	0.770826	0.997372	0.770826	0.997370	0.770826	0.997369	0.770826	0.997367	0.770825	0.997365	0.770825	0.997363	1350063949.086711	0.999996	50.849739	37.704087	2.704036	0.758599	0.996194	0.758599	0.996191	0.758599	0.996188	0.758598	0.996185	0.758598	0.996183	0.758598	0.996180	0.758598	0.996178	0.758597	0.996177	
1350063950.086666	1.000000	50.794220	37.600098	6.096741	0.761706	0.997894	0.761706	0.997892	0.761706	0.997891	0.761706	0.997890	0.761706	0.997889	0.761707	0.997888	0.761707	0.997887	0.761707	0.997886	1350063950.086710	0.999999	50.795718	37.669103	2.704196	0.750440	0.996171	0.750440	0.996171	0.750440	0.996169	0.750440	0.996168	0.750440	0.996165	0.750440	0.996162	0.750440	0.996159	0.750440	0.996157	
1350063951.086666	1.000000	50.899216	37.679169	6.115234	0.761942	0.997954	0.761942	0.997939	0.761941	0.997939	0.761941	0.997938	0.761941	0.997937	0.761941	0.997936	0.761941	0.997935	0.761941	0.997933	1350063951.086726	1.000016	50.847241	37.707344	2.701403	0.750354	0.996182	0.750355	0.996179	0.750355	0.996177	0.750356	0.996178	0.750355	0.996176	0.750355	0.996173	0.750356	0.996170	0.750356	0.996166	
1350063952.086666	1.000000	50.842010	37.633759	6.096741	0.761981	0.997934	0.761981	0.997946	0.761982	0.997943	0.761982	0.997941	0.761982	0.997940	0.761982	0.997938	0.761982	0.997937	0.761982	0.997935	1350063952.086710	0.999984	50.849506	37.709343	2.712339	0.750218	0.996103	0.750218	0.996098	0.750218	0.996095	0.750218	0.996093	0.750218	0.996092	0.750218	0.996089	0.750218	0.996086	0.750218	0.996085	
1350063953.086667	1.000001	50.796262	37.602198	6.109049	0.761568	0.997930	0.761568	0.997929	0.761568	0.997928	0.761568	0.997926	0.761568	0.997924	0.761568	0.997923	0.761568	0.997921	0.761568	0.997920	1350063953.086714	1.000004	50.849190	37.708221	2.706563	0.750237	0.996170	0.750237	0.996169	0.750237	0.996167	0.750237	0.996165	0.750237	0.996163	0.750237	0.996160	0.750237	0.996158	0.750237	0.996157	
1350063954.086666	0.999999	50.844226	37.636968	6.121405	0.761180	0.997626	0.761180	0.997624	0.761180	0.997623	0.761180	0.997622	0.761180	0.997622	0.761180	0.997620	0.761180	0.997617	0.761180	0.997617	1350063954.086710	0.999996	50.849083	37.707703	2.704341	0.750701	0.996266	0.750700	0.996263	0.750701	0.996261	0.750701	0.996258	0.750700	0.996257	0.750700	0.996255	0.750701	0.996252	0.750700	0.996251	
1350063955.086665	0.999999	50.842898	37.635000	6.127569	0.761633	0.997764	0.761633	0.997763	0.761633	0.997762	0.761633	0.997762	0.761633	0.997760	0.761633	0.997760	0.761633	0.997757	0.761633	0.997755	1350063955.086709	0.999999	50.849841	37.708761	2.706897	0.750463	0.996264	0.750463	0.996263	0.750463	0.996260	0.750463	0.996256	0.750463	0.996256	0.750463	0.996253	0.750463	0.996253	0.750463	0.996250	
1350063956.086666	1.000001	50.843671	37.635645	6.121393	0.761875	0.998000	0.761875	0.997998	0.761875	0.997997	0.761875	0.997996	0.761875	0.997995	0.761875	0.997994	0.761875	0.997993	0.761875	0.997991	1350063956.086713	1.000004	50.847740	37.703201	2.712315	0.750949	0.996315	0.750950	0.996313	0.750950	0.996313	0.750950	0.996309	0.750950	0.996308	0.750950	0.996307	0.750950	0.996303	0.750950	0.996302	
1350063957.086665	0.999999	50.845630	37.637396	6.127569	0.761460	0.997843	0.761460	0.997841	0.761460	0.997839	0.761460	0.997838	0.761460	0.997836	0.761460	0.997834	0.761460	0.997833	0.761460	0.997832	1350063957.086709	0.999996	50.848473	37.704941	2.714992	0.750721	0.996233	0.750721	0.996231	0.750720	0.996229	0.750720	0.996227	0.750720	0.996224	0.750719	0.996221	0.750719	0.996219	0.750719	0.996218	
1350063958.086666	1.000001	50.843686	37.635310	6.115229	0.761905	0.998019	0.761905	0.998017	0.761905	0.998016	0.761905	0.998013	0.761905	0.998013	0.761905	0.998012	0.761905	0.998011	0.761905	0.998009	1350063958.086713	1.000004	50.848610	37.705658	2.704060	0.750584	0.996197	0.750584	0.996194	0.750584	0.996193	0.750584	0.996191	0.750584	0.996188	0.750584	0.996185	0.750584	0.996182	0.750584	0.996181	
1350063959.086666	1.000000	50.848022	37.639389	6.115234	0.761998	0.997936	0.761998	0.997934	0.761998	0.997932	0.761998	0.997930	0.761998	0.997930	0.761998	0.997929	0.761998	0.997928	0.761998	0.997928	1350063959.086709	0.999996	50.847511	37.702194	2.698650	0.750738	0.996233	0.750738	0.996230	0.750739	0.996227	0.750739	0.996224	0.750739	0.996223	0.750739	0.996223	0.750740	0.996220	0.750740	0.996217	
1350063960.086666	1.000000	50.844513	37.634262	6.121399	0.762788	0.998170	0.762788	0.998168	0.762788	0.998167	0.762788	0.998165	0.762788	0.998165	0.762788	0.998163	0.762788	0.998162	0.762788	0.998160	1350063960.086710	1.000001	50.849637	37.704066	2.706907	0.750757	0.996257	0.750757	0.996257	0.750757	0.996255	0.750756	0.996253	0.750756	0.996250	0.750756	0.996247	0.750756	0.996245	0.750756	0.996243	
1350063961.086665	0.999999	50.844546	37.632055	6.109076	0.763717	0.998123	0.763717	0.998121	0.763717	0.998119	0.763717	0.998118	0.763717	0.998116	0.763717	0.998115	0.763717	0.998115	0.763717	0.998114	1350063961.086709	0.999999	50.848117	37.703207	2.709643	0.750574	0.996184	0.750571	0.996181	0.750575	0.996178	0.750575	0.996175	0.750575	0.996175	0.750575	0.996173	0.750576	0.996170	0.750576	0.996168	
1350063962.086666	1.000001	50.845121	37.631037	6.133722	0.764880	0.998049	0.764880	0.998047	0.764880	0.998046	0.764880	0.998044	0.764880	0.998044	0.764880	0.998045	0.764880	0.998043	0.764880	0.998042	1350063962.086711	1.000002	50.847575	37.706334	2.709498	0.750045	0.996075	0.750049	0.996072	0.750045	0.996071	0.750045	0.996068	0.750045	0.996066	0.750045	0.996063	0.750045	0.996060	0.750045	0.996057	
1350063963.086666	1.000000	50.842224	37.631561	6.109070	0.762483	0.997740	0.762483	0.997739	0.762483	0.997739	0.762483	0.997736	0.762483	0.997734	0.762483	0.997734	0.762483	0.997733	0.762483	0.997733	1350063963.086709	0.999998	50.847555	37.704997	2.712148	0.750205	0.996246	0.750205	0.996242	0.750205	0.996243	0.750205	0.996241	0.750205	0.996239	0.750205	0.996235	0.750205	0.996234	0.750205	0.996231	
1350063964.086666	1.000000	50.844025	37.630096	6.120178	0.763852	0.997814	0.763852	0.997812	0.763852	0.997811	0.763852	0.997810	0.763853	0.997809	0.763852	0.997808	0.763852	0.997807	0.763852	0.997806	1350063964.086712	1.000003	50.851313	37.709493	2.711875	0.750545	0.996136	0.750544	0.996134	0.750544	0.996132	0.750544	0.996129	0.750544	0.996126	0.750543	0.996123	0.750543	0.996121	0.750543	0.996122	
1350063965.086666	1.000000	50.846878	37.632309	6.127563	0.764371	0.997933	0.764371	0.997933	0.764371	0.997930	0.764371	0.997930	0.764371	0.997928	0.764371	0.997927	0.764371	0.997926	0.764371	0.997925	1350063965.086709	0.999997	50.847448	37.703959	2.704079	0.750435	0.996173	0.750435	0.996170	0.750435	0.996169	0.750435	0.996166	0.750435	0.996164	0.750435	0.996160	0.750435	0.996158	0.750435	0.996157	
1350063966.086666	1.000000	50.844727	37.630219	6.109070	0.764978	0.997947	0.764978	0.997946	0.764978	0.997944	0.764978	0.997943	0.764978	0.997942	0.764978	0.997940	0.764978	0.997937	0.764978	0.997936	1350063966.086711	1.000002	50.847178	37.703297	2.712229	0.750219	0.996140	0.750220	0.996136	0.750220	0.996135	0.750220	0.996132	0.750220	0.996130	0.750221	0.996129	0.750221	0.996127	0.750221	0.996124	
1350063967.086666	1.000000	50.842606	37.626526	6.115234	0.764963	0.997979	0.764964	0.997978	0.764964	0.997976	0.764964	0.997975	0.764963	0.997973	0.764964	0.997973	0.764964	0.997971	0.764964	0.997971	1350063967.086709	0.999998	50.852224	37.708934	2.701345	0.750425	0.996253	0.750424	0.996252	0.750424	0.996251	0.750424	0.996249	0.750424	0.996246	0.750423	0.996244	0.750423	0.996240	0.750423	0.996239	
1350063968.086666	1.000000	50.845795	37.631973	6.102905	0.764583	0.998102	0.764583	0.998099	0.764583	0.998099	0.764583	0.998098	0.764583	0.998097	0.764583	0.998095	0.764583	0.998094	0.764583	0.998093	1350063968.086710	1.000001	50.847272	37.706705	2.717511	0.749941	0.996219	0.749941	0.996218	0.749941	0.996213	0.749941	0.996213	0.749941	0.996210	0.749941	0.996208	0.749941	0.996207	0.749941	0.996204	
1350063969.086665	0.999999	50.846408	37.632101	6.109076	0.764341	0.997510	0.764341	0.997509	0.764341	0.997507	0.764341	0.997506	0.764341	0.997504	0.764341	0.997502	0.764341	0.997501	0.764341	0.997499	1350063969.086709	0.999999	50.846957	37.704031	2.712084	0.750245	0.996294	0.750245	0.996292	0.750245	0.996290	0.750245	0.996287	0.750245	0.996284	0.750245	0.996281	0.750245	0.996280	0.750245	0.996279	
1350063970.086666	1.000001	50.832975	37.617228	6.096704	0.774039	0.997497	0.774039	0.997496	0.774039	0.997493	0.774039	0.997492	0.774039	0.997490	0.774039	0.997490	0.774039	0.997489	0.774039	0.997488	1350063970.086709	1.000000	50.852753	37.709763	2.706970	0.750094	0.996176	0.750094	0.996174	0.750094	0.996171	0.750094	0.996168	0.750094	0.996166	0.750094	0.996163	0.750094	0.996161	0.750094	0.996160	
1350063971.086667	1.000001	715774436.981151	715778539.387272	715771926.671670	0.999990	1.000216	0.999988	1.000221	0.999990	1.000224	0.999990	1.000217	0.999990	1.000220	0.999993	1.000215	0.999990	1.000220	0.999990	1.000217	1350063971.088301	1.001592	714677792.382455	714688270.717355	714662389.694019	0.999990	1.000217	0.999988	1.000219	3.893017	0.256925	0.999990	1.000218	0.999990	1.000219	0.999993	1.000215	0.999990	1.000220	0.999990	1.000217	
1350063972.086667	1.000000	0.000000	0.000000	0.000000	-nan	-nan	-nan	-nan	0.000000	inf	-nan	-nan	-nan	0.000000	-nan	-nan	-nan	-nan	-nan	-nan	1350063972.088131	0.999830	0.000000	0.000000	0.000000	-nan	-nan	-nan	-nan	0.000000	inf	-nan	-nan	-nan	-nan	-nan	-nan	-nan	-nan	-nan	-nan	
