ts_0	elapsed_0	pkg_0	pp0_0	dram_0	freq_ratio_0_0	c0_ratio_0_0	freq_ratio_0_1	c0_ratio_0_1	freq_ratio_0_2	c0_ratio_0_2	freq_ratio_0_3	c0_ratio_0_3	freq_ratio_0_4	c0_ratio_0_4	freq_ratio_0_5	c0_ratio_0_5	freq_ratio_0_6	c0_ratio_0_6	freq_ratio_0_7	c0_ratio_0_7	ts_1	elapsed_1	pkg_1	pp0_1	dram_1	freq_ratio_1_0	c0_ratio_1_0	freq_ratio_1_1	c0_ratio_1_1	freq_ratio_1_2	c0_ratio_1_2	freq_ratio_1_3	c0_ratio_1_3	freq_ratio_1_4	c0_ratio_1_4	freq_ratio_1_5	c0_ratio_1_5	freq_ratio_1_6	c0_ratio_1_6	freq_ratio_1_7	c0_ratio_1_7	
1350063927.086115	1.000100	55.242711	41.936607	3.792971	0.812109	0.998188	0.812109	0.998186	0.812108	0.998185	0.812107	0.998185	0.812107	0.998185	0.812106	0.998185	0.812105	0.998214	0.812104	0.998182	1350063927.086169	1.000106	55.196552	42.026364	1.626750	0.818988	0.998415	0.818987	0.998413	0.818986	0.998412	0.818985	0.998411	0.818983	0.998410	0.818982	0.998409	0.818981	0.998421	0.818980	0.998408	
1350063928.086113	0.999998	50.843435	37.547191	3.797233	0.761270	0.997933	0.761270	0.997931	0.761270	0.997930	0.761270	0.997929	0.761270	0.997928	0.761270	0.997926	0.761270	0.997926	0.761270	0.997923	1350063928.086167	0.999998	50.840337	37.661113	1.588733	0.770825	0.998319	0.770825	0.998318	0.770825	0.998317	0.770825	0.998316	0.770825	0.998316	0.770825	0.998315	0.770825	0.998315	0.770825	0.998313	
1350063929.086113	1.000000	50.846146	37.562897	3.801376	0.760522	0.997761	0.760522	0.997759	0.760522	0.997758	0.760522	0.997756	0.760522	0.997755	0.760522	0.997753	0.760522	0.997752	0.760522	0.997751	1350063929.086160	0.999993	50.789017	37.617829	1.592113	0.770808	0.998391	0.770808	0.998391	0.770807	0.998390	0.770807	0.998389	0.770808	0.998388	0.770807	0.998386	0.770808	0.998385	0.770807	0.998385	
1350063930.086113	1.000000	50.845200	37.562836	3.782059	0.759861	0.997582	0.759861	0.997581	0.759861	0.997579	0.759861	0.997578	0.759861	0.997577	0.759861	0.997575	0.759861	0.997574	0.759861	0.997572	1350063930.086162	1.000002	50.837916	37.650822	1.594098	0.770418	0.998770	0.770418	0.998768	0.770418	0.998767	0.770418	0.998766	0.770418	0.998766	0.770418	0.998764	0.770418	0.998766	0.770418	0.998764	
1350063931.086112	0.999999	50.847339	37.561895	3.801334	0.759303	0.997410	0.759303	0.997408	0.759304	0.997406	0.759303	0.997405	0.759303	0.997404	0.759303	0.997403	0.759304	0.997402	0.759304	0.997399	1350063931.086160	0.999998	50.841695	37.654552	1.592410	0.770220	0.998933	0.770220	0.998933	0.770220	0.998932	0.770220	0.998933	0.770220	0.998932	0.770220	0.998931	0.770220	0.998930	0.770220	0.998930	
1350063932.086113	1.000001	50.846875	37.559306	3.800869	0.759318	0.997456	0.759318	0.997452	0.759318	0.997454	0.759318	0.997452	0.759318	0.997450	0.759318	0.997449	0.759318	0.997448	0.759318	0.997446	1350063932.086162	1.000002	50.839121	37.646764	1.584470	0.770141	0.999028	0.770141	0.999027	0.770141	0.999027	0.770141	0.999026	0.770141	0.999026	0.770140	0.999025	0.770141	0.999025	0.770141	0.999024	
1350063933.086113	1.000000	50.842316	37.550262	3.797241	0.761781	0.997955	0.761781	0.997954	0.761781	0.997952	0.761781	0.997952	0.761781	0.997950	0.761781	0.997948	0.761781	0.997949	0.761781	0.997947	1350063933.086159	0.999997	50.841924	37.648051	1.594320	0.770133	0.999028	0.770134	0.999028	0.770133	0.999026	0.770133	0.999025	0.770133	0.999025	0.770134	0.999024	0.770133	0.999025	0.770133	0.999025	
1350063934.086113	1.000000	50.847427	37.553452	3.797134	0.762713	0.998170	0.762713	0.998167	0.762713	0.998167	0.762713	0.998166	0.762713	0.998166	0.762713	0.998165	0.762713	0.998163	0.762713	0.998161	1350063934.086162	1.000003	50.839656	37.643133	1.594081	0.770152	0.999030	0.770148	0.999030	0.770152	0.999029	0.770152	0.999028	0.770152	0.999029	0.770152	0.999027	0.770152	0.999028	0.770152	0.999027	
1350063935.086113	1.000000	50.842209	37.548248	3.805420	0.762550	0.998267	0.762550	0.998266	0.762550	0.998265	0.762550	0.998264	0.762550	0.998262	0.762550	0.998262	0.762550	0.998261	0.762550	0.998260	1350063935.086159	0.999997	50.837819	37.641505	1.589345	0.770101	0.999100	0.770105	0.999099	0.770101	0.999099	0.770101	0.999099	0.770101	0.999098	0.770101	0.999097	0.770101	0.999096	0.770101	0.999095	
1350063936.086113	1.000000	50.843674	37.549515	3.789780	0.762296	0.998100	0.762296	0.998099	0.762296	0.998097	0.762297	0.998096	0.762297	0.998095	0.762296	0.998093	0.762296	0.998092	0.762297	0.998091	1350063936.086161	1.000002	50.840449	37.642033	1.592419	0.770056	0.999126	0.770056	0.999125	0.770056	0.999126	0.770056	0.999125	0.770056	0.999125	0.770056	0.999122	0.770056	0.999123	0.770056	0.999123	
1350063937.086112	0.999999	50.847339	37.552724	3.800724	0.762550	0.998217	0.762550	0.998216	0.762550	0.998214	0.762550	0.998213	0.762550	0.998212	0.762550	0.998210	0.762550	0.998209	0.762550	0.998208	1350063937.086160	0.999999	50.841815	37.641927	1.591188	0.770159	0.999032	0.770159	0.999031	0.770159	0.999030	0.770159	0.999030	0.770159	0.999029	0.770159	0.999030	0.770160	0.999028	0.770159	0.999028	
1350063938.086113	1.000001	50.843976	37.548945	3.797528	0.763419	0.998395	0.763419	0.998395	0.763419	0.998394	0.763418	0.998393	0.763418	0.998392	0.763418	0.998391	0.763418	0.998390	0.763418	0.998390	1350063938.086164	1.000004	50.839699	37.639587	1.587518	0.769979	0.999220	0.769979	0.999220	0.769979	0.999220	0.769979	0.999219	0.769979	0.999218	0.769979	0.999217	0.769979	0.999218	0.769978	0.999217	
1350063939.086113	1.000000	50.843979	37.548492	3.793655	0.763338	0.998276	0.763338	0.998274	0.763339	0.998274	0.763339	0.998272	0.763339	0.998271	0.763339	0.998270	0.763339	0.998269	0.763339	0.998269	1350063939.086159	0.999995	50.838130	37.636266	1.586266	0.769913	0.999263	0.769913	0.999263	0.769913	0.999261	0.769913	0.999261	0.769913	0.999260	0.769913	0.999260	0.769913	0.999260	0.769913	0.999260	
1350063940.086113	1.000000	50.844360	37.549469	3.804855	0.763237	0.998428	0.763237	0.998428	0.763237	0.998426	0.763237	0.998425	0.763237	0.998424	0.763237	0.998423	0.763237	0.998424	0.763237	0.998421	1350063940.086160	1.000001	50.841916	37.639750	1.592467	0.769943	0.999222	0.769943	0.999221	0.769943	0.999221	0.769943	0.999219	0.769943	0.999220	0.769943	0.999220	0.769943	0.999219	0.769943	0.999218	
1350063941.086112	0.999999	50.847094	37.552312	3.793537	0.762989	0.998317	0.762989	0.998315	0.762989	0.998314	0.762989	0.998312	0.762989	0.998311	0.762989	0.998310	0.762989	0.998309	0.762989	0.998309	1350063941.086158	0.999998	50.840124	37.637981	1.592471	0.770069	0.999125	0.770069	0.999123	0.770069	0.999123	0.770069	0.999123	0.770069	0.999122	0.770069	0.999122	0.770069	0.999123	0.770070	0.999122	
1350063942.086113	1.000001	50.844907	37.549097	3.793530	0.762785	0.998358	0.762785	0.998357	0.762785	0.998356	0.762785	0.998356	0.762785	0.998355	0.762785	0.998353	0.762785	0.998352	0.762785	0.998352	1350063942.086161	1.000003	50.837565	37.634725	1.587611	0.770062	0.999126	0.770062	0.999125	0.770062	0.999125	0.770062	0.999124	0.770062	0.999123	0.770062	0.999122	0.770062	0.999122	0.770062	0.999122	
1350063943.086113	1.000000	50.843796	37.546982	3.793823	0.763179	0.998459	0.763179	0.998457	0.763179	0.998457	0.763179	0.998455	0.763179	0.998454	0.763179	0.998454	0.763179	0.998452	0.763179	0.998452	1350063943.086159	0.999998	50.789709	37.600734	1.591022	0.769997	0.999197	0.769997	0.999196	0.769996	0.999195	0.769997	0.999194	0.769996	0.999194	0.769997	0.999194	0.769997	0.999194	0.769997	0.999193	
1350063944.086113	1.000000	50.845779	37.549683	3.797501	0.763124	0.998410	0.763124	0.998408	0.763124	0.998407	0.763124	0.998405	0.763124	0.998404	0.763124	0.998403	0.763125	0.998403	0.763125	0.998402	1350063944.086161	1.000002	50.837931	37.636525	1.590955	0.770034	0.999171	0.770034	0.999172	0.770034	0.999171	0.770034	0.999171	0.770034	0.999171	0.770034	0.999170	0.770033	0.999169	0.770034	0.999168	
1350063945.086114	1.000001	50.843198	37.539286	3.792095	0.762793	0.998257	0.762793	0.998257	0.762793	0.998256	0.762793	0.998255	0.762793	0.998254	0.762793	0.998253	0.762793	0.998252	0.762793	0.998251	1350063945.086164	1.000003	50.841960	37.638738	1.588954	0.769949	0.999328	0.769949	0.999327	0.769949	0.999327	0.769949	0.999327	0.769949	0.999325	0.769949	0.999326	0.769949	0.999326	0.769949	0.999325	
1350063946.086113	0.999999	50.795657	37.505910	3.797687	0.762652	0.998312	0.762652	0.998311	0.762652	0.998310	0.762652	0.998308	0.762652	0.998308	0.762652	0.998307	0.762652	0.998306	0.762652	0.998305	1350063946.086196	1.000032	50.836892	37.635089	1.591029	0.769952	0.999244	0.769952	0.999243	0.769952	0.999243	0.769952	0.999242	0.769952	0.999242	0.769952	0.999241	0.769952	0.999241	0.769952	0.999240	
1350063947.086113	1.000000	50.843369	37.535599	3.801041	0.762560	0.998287	0.762561	0.998285	0.762561	0.998284	0.762560	0.998282	0.762560	0.998281	0.762561	0.998280	0.762561	0.998279	0.762561	0.998278	1350063947.086162	0.999966	50.840738	37.637941	1.592568	0.769949	0.999266	0.769949	0.999266	0.769949	0.999267	0.769949	0.999264	0.769949	0.999265	0.769949	0.999265	0.769949	0.999265	0.769949	0.999265	
1350063948.086113	1.000000	50.831650	37.518097	3.786194	0.778781	0.996493	0.778781	0.996490	0.778782	0.996490	0.778782	0.996487	0.778782	0.996484	0.778782	0.996483	0.778782	0.996479	0.778782	0.996478	1350063948.086161	0.999999	50.827441	37.623647	1.586122	0.796071	0.997176	0.796072	0.997173	0.796072	0.997171	0.796072	0.997170	0.796072	0.997166	0.796073	0.997165	0.796072	0.997165	0.796073	0.997165	
1350063949.086113	1.000000	50.848007	37.532013	3.789886	0.768780	0.997264	0.768780	0.997263	0.768779	0.997263	0.768779	0.997261	0.768779	0.997259	0.768778	0.997256	0.768778	0.997253	0.768778	0.997252	1350063949.086163	1.000002	50.841242	37.635350	1.581342	0.777539	0.998924	0.777539	0.998924	0.777538	0.998922	0.777538	0.998922	0.777538	0.998921	0.777538	0.998921	0.777538	0.998921	0.777537	0.998921	
1350063950.086113	1.000000	50.846695	37.533829	3.797546	0.761557	0.998031	0.761557	0.998030	0.761557	0.998029	0.761557	0.998027	0.761557	0.998026	0.761557	0.998024	0.761557	0.998024	0.761557	0.998022	1350063950.086166	1.000003	50.841273	37.637762	1.590953	0.769493	0.999716	0.769493	0.999716	0.769494	0.999715	0.769494	0.999715	0.769494	0.999715	0.769494	0.999715	0.769494	0.999715	0.769493	0.999715	
1350063951.086113	1.000000	50.841766	37.526871	3.805252	0.761459	0.998017	0.761459	0.998016	0.761459	0.998015	0.761460	0.998013	0.761460	0.998012	0.761460	0.998011	0.761460	0.998011	0.761460	0.998009	1350063951.086159	0.999993	50.839097	37.637055	1.587825	0.769685	0.999524	0.769684	0.999524	0.769684	0.999524	0.769684	0.999524	0.769684	0.999524	0.769685	0.999524	0.769685	0.999523	0.769684	0.999523	
1350063952.086113	1.000000	50.847137	37.530502	3.797256	0.761312	0.997978	0.761312	0.997977	0.761312	0.997974	0.761312	0.997973	0.761312	0.997971	0.761312	0.997970	0.761312	0.997970	0.761312	0.997970	1350063952.086161	1.000002	50.842264	37.639729	1.592496	0.769623	0.999573	0.769624	0.999572	0.769624	0.999573	0.769624	0.999572	0.769624	0.999572	0.769623	0.999571	0.769623	0.999570	0.769623	0.999570	
1350063953.086114	1.000001	50.843976	37.524363	3.805157	0.761429	0.997980	0.761429	0.997980	0.761429	0.997978	0.761429	0.997978	0.761429	0.997976	0.761429	0.997975	0.761429	0.997975	0.761429	0.997974	1350063953.086165	1.000004	50.839577	37.637039	1.590921	0.769692	0.999500	0.769692	0.999501	0.769691	0.999500	0.769691	0.999500	0.769692	0.999499	0.769692	0.999499	0.769692	0.999499	0.769692	0.999498	
1350063954.086113	0.999999	50.846377	37.527029	3.801105	0.761600	0.998054	0.761601	0.998054	0.761600	0.998053	0.761600	0.998050	0.761600	0.998049	0.761601	0.998048	0.761601	0.998046	0.761601	0.998046	1350063954.086162	0.999997	50.840886	37.637644	1.588002	0.769325	0.999799	0.769325	0.999798	0.769326	0.999799	0.769325	0.999799	0.769324	0.999798	0.769325	0.999798	0.769325	0.999798	0.769325	0.999798	
1350063955.086113	1.000000	50.843597	37.527222	3.809296	0.761292	0.997980	0.761292	0.997979	0.761292	0.997976	0.761292	0.997978	0.761292	0.997976	0.761292	0.997976	0.761291	0.997975	0.761292	0.997973	1350063955.086160	0.999998	50.843130	37.640270	1.587772	0.769401	0.999811	0.769401	0.999811	0.769401	0.999811	0.769401	0.999810	0.769402	0.999810	0.769401	0.999810	0.769401	0.999809	0.769401	0.999810	
1350063956.086113	1.000000	50.848999	37.533035	3.801224	0.761429	0.998005	0.761429	0.998004	0.761429	0.998003	0.761429	0.998000	0.761429	0.997999	0.761429	0.997999	0.761429	0.997997	0.761429	0.997997	1350063956.086161	1.000001	50.842435	37.639994	1.587889	0.769080	0.999835	0.769080	0.999835	0.769080	0.999835	0.769079	0.999835	0.769079	0.999834	0.769080	0.999835	0.769080	0.999835	0.769080	0.999834	
1350063957.086112	0.999999	50.842868	37.527502	3.801594	0.761104	0.997930	0.761104	0.997930	0.761104	0.997928	0.761104	0.997928	0.761104	0.997928	0.761104	0.997925	0.761104	0.997925	0.761104	0.997922	1350063957.086160	0.999999	50.790789	37.601629	1.589403	0.769234	0.999812	0.769234	0.999812	0.769234	0.999812	0.769234	0.999811	0.769234	0.999811	0.769234	0.999811	0.769234	0.999811	0.769234	0.999811	
1350063958.086113	1.000001	50.848844	37.532145	3.801663	0.760917	0.997869	0.760917	0.997867	0.760917	0.997867	0.760917	0.997865	0.760917	0.997864	0.760917	0.997862	0.760917	0.997862	0.760916	0.997860	1350063958.086166	1.000006	50.841173	37.638554	1.586248	0.769627	0.999550	0.769627	0.999550	0.769627	0.999550	0.769627	0.999549	0.769627	0.999549	0.769627	0.999549	0.769627	0.999549	0.769627	0.999549	
1350063959.086113	1.000000	50.842056	37.525101	3.793976	0.760676	0.997844	0.760677	0.997843	0.760676	0.997841	0.760677	0.997839	0.760676	0.997839	0.760677	0.997837	0.760677	0.997836	0.760677	0.997834	1350063959.086162	0.999996	50.840187	37.637665	1.586295	0.769792	0.999408	0.769792	0.999408	0.769792	0.999407	0.769792	0.999407	0.769791	0.999407	0.769791	0.999407	0.769792	0.999406	0.769791	0.999407	
1350063960.086113	1.000000	50.848724	37.531082	3.793396	0.760454	0.997745	0.760454	0.997744	0.760454	0.997742	0.760454	0.997739	0.760454	0.997737	0.760454	0.997737	0.760454	0.997734	0.760454	0.997734	1350063960.086163	1.000001	50.841458	37.638316	1.592604	0.769386	0.999728	0.769386	0.999727	0.769386	0.999727	0.769386	0.999726	0.769386	0.999726	0.769386	0.999726	0.769386	0.999726	0.769386	0.999726	
1350063961.086113	1.000000	50.844315	37.522400	3.804962	0.760291	0.997726	0.760291	0.997724	0.760291	0.997724	0.760291	0.997722	0.760292	0.997721	0.760292	0.997718	0.760292	0.997716	0.760292	0.997715	1350063961.086160	0.999997	50.839513	37.636698	1.590947	0.769664	0.999550	0.769664	0.999550	0.769664	0.999548	0.769664	0.999548	0.769664	0.999548	0.769664	0.999548	0.769664	0.999548	0.769664	0.999548	
1350063962.086113	1.000000	50.794815	37.488586	3.801117	0.760016	0.997646	0.760015	0.997645	0.760015	0.997644	0.760015	0.997643	0.760015	0.997641	0.760015	0.997639	0.760015	0.997637	0.760015	0.997635	1350063962.086164	1.000004	50.844108	37.642197	1.590936	0.769358	0.999751	0.769358	0.999750	0.769358	0.999750	0.769359	0.999751	0.769358	0.999749	0.769359	0.999750	0.769358	0.999750	0.769359	0.999749	
1350063963.086113	1.000000	50.844193	37.526199	3.801315	0.759540	0.997506	0.759541	0.997506	0.759541	0.997504	0.759541	0.997502	0.759541	0.997501	0.759541	0.997498	0.759542	0.997498	0.759542	0.997496	1350063963.086162	0.999998	50.841772	37.639171	1.594272	0.769281	0.999847	0.769281	0.999847	0.769281	0.999847	0.769281	0.999847	0.769281	0.999848	0.769281	0.999847	0.769281	0.999847	0.769281	0.999847	
1350063964.086113	1.000000	50.848557	37.530762	3.797699	0.759825	0.997604	0.759825	0.997602	0.759825	0.997602	0.759825	0.997601	0.759826	0.997598	0.759826	0.997599	0.759826	0.997596	0.759825	0.997595	1350063964.086161	0.999999	50.844363	37.642568	1.589571	0.769294	0.999930	0.769294	0.999927	0.769294	0.999929	0.769294	0.999929	0.769295	0.999929	0.769294	0.999929	0.769294	0.999929	0.769294	0.999929	
1350063965.086113	1.000000	50.844284	37.527390	3.808975	0.759852	0.997602	0.759852	0.997601	0.759852	0.997599	0.759852	0.997598	0.759852	0.997597	0.759852	0.997594	0.759852	0.997594	0.759852	0.997591	1350063965.086160	0.999999	50.842608	37.640508	1.590959	0.769179	0.999823	0.769176	0.999825	0.769179	0.999822	0.769179	0.999822	0.769179	0.999823	0.769179	0.999822	0.769179	0.999823	0.769179	0.999822	
1350063966.086113	1.000000	50.849869	37.533951	3.793442	0.759666	0.997564	0.759667	0.997560	0.759666	0.997559	0.759666	0.997557	0.759666	0.997555	0.759666	0.997554	0.759666	0.997553	0.759666	0.997551	1350063966.086165	1.000005	50.844747	37.642496	1.587593	0.769014	0.999870	0.769017	0.999870	0.769014	0.999870	0.769014	0.999870	0.769014	0.999871	0.769014	0.999870	0.769014	0.999870	0.769014	0.999869	
1350063967.086113	1.000000	50.842972	37.527222	3.793091	0.759740	0.997569	0.759740	0.997568	0.759740	0.997567	0.759740	0.997566	0.759740	0.997564	0.759740	0.997562	0.759741	0.997560	0.759741	0.997558	1350063967.086161	0.999996	50.842949	37.639130	1.587806	0.769297	0.999823	0.769296	0.999822	0.769296	0.999822	0.769297	0.999822	0.769297	0.999823	0.769296	0.999822	0.769297	0.999822	0.769296	0.999822	
1350063968.086113	1.000000	50.848129	37.527222	3.793503	0.760298	0.997724	0.760299	0.997722	0.760298	0.997721	0.760298	0.997720	0.760299	0.997718	0.760298	0.997717	0.760299	0.997715	0.760299	0.997714	1350063968.086161	1.000000	50.842407	37.638962	1.591141	0.769318	0.999905	0.769318	0.999905	0.769319	0.999906	0.769318	0.999906	0.769318	0.999905	0.769318	0.999905	0.769318	0.999905	0.769318	0.999905	
1350063969.086112	0.999999	50.843829	37.522665	3.797397	0.760522	0.997763	0.760522	0.997760	0.760523	0.997758	0.760522	0.997757	0.760522	0.997756	0.760522	0.997756	0.760522	0.997755	0.760522	0.997754	1350063969.086161	1.000000	50.841553	37.638687	1.592606	0.769384	0.999729	0.769384	0.999730	0.769383	0.999729	0.769384	0.999728	0.769383	0.999729	0.769384	0.999728	0.769384	0.999728	0.769384	0.999728	
1350063970.086114	1.000002	50.837931	37.514592	3.784600	0.767674	0.997173	0.767674	0.997169	0.767674	0.997167	0.767674	0.997164	0.767674	0.997163	0.767675	0.997162	0.767675	0.997160	0.767675	0.997158	1350063970.086162	1.000001	50.830442	37.626505	1.579253	0.785450	0.998057	0.785450	0.998056	0.785450	0.998053	0.785450	0.998052	0.785450	0.998053	0.785450	0.998050	0.785450	0.998048	0.785450	0.998047	
1350063971.086115	1.000001	715794334.087343	715814975.501420	715825071.046968	0.999988	1.000205	0.999986	1.000208	0.999988	1.000213	0.999988	1.000205	0.999988	1.000208	0.999991	1.000203	0.999988	1.000208	0.999988	1.000205	1350063971.087646	1.001484	714712468.641641	714728030.431786	714724766.630694	0.999988	1.000204	0.999986	1.000207	3.893140	0.256914	0.999988	1.000205	0.999988	1.000207	0.999991	1.000203	0.999988	1.000208	0.999988	1.000206	
1350063972.086114	0.999999	0.000000	0.000000	0.000000	-nan	-nan	-nan	-nan	0.000000	inf	-nan	-nan	-nan	0.000000	-nan	-nan	-nan	-nan	-nan	-nan	1350063972.087540	0.999894	0.000000	0.000000	0.000000	-nan	-nan	-nan	-nan	0.000000	inf	-nan	-nan	-nan	-nan	-nan	-nan	-nan	-nan	-nan	-nan	
