ts_0	elapsed_0	pkg_0	pp0_0	dram_0	freq_ratio_0_0	c0_ratio_0_0	freq_ratio_0_1	c0_ratio_0_1	freq_ratio_0_2	c0_ratio_0_2	freq_ratio_0_3	c0_ratio_0_3	freq_ratio_0_4	c0_ratio_0_4	freq_ratio_0_5	c0_ratio_0_5	freq_ratio_0_6	c0_ratio_0_6	freq_ratio_0_7	c0_ratio_0_7	ts_1	elapsed_1	pkg_1	pp0_1	dram_1	freq_ratio_1_0	c0_ratio_1_0	freq_ratio_1_1	c0_ratio_1_1	freq_ratio_1_2	c0_ratio_1_2	freq_ratio_1_3	c0_ratio_1_3	freq_ratio_1_4	c0_ratio_1_4	freq_ratio_1_5	c0_ratio_1_5	freq_ratio_1_6	c0_ratio_1_6	freq_ratio_1_7	c0_ratio_1_7	
1349419792.617155	1.001124	48.083547	34.462412	0.000000	1.269033	0.986043	1.268994	0.997223	1.225024	0.000953	1.183750	0.000080	1.228123	0.001967	1.184823	0.000086	1.175269	0.000068	1.182095	0.000075	1349419792.617384	1.000573	48.159649	34.517715	0.000000	1.269181	0.987505	1.230338	0.000127	1.029870	0.000156	1.229681	0.000222	0.836570	0.000121	1.168734	0.000066	1.018999	0.000074	1.269180	0.988064	
1349419793.617153	0.999998	42.460469	28.798425	0.000000	1.268847	0.347384	1.269076	0.998562	1.257156	0.003100	1.220800	0.000332	1.213498	0.000109	1.259231	0.002043	1.209031	0.000099	1.216015	0.000107	1349419793.617381	0.999997	53.482969	39.772462	0.000000	1.241401	0.901573	1.230756	0.750326	1.209355	0.000273	1.222866	0.000897	1.204045	0.000122	1.192097	0.000083	1.204821	0.000121	1.240346	0.999857	
1349419794.617154	1.000001	48.088623	34.441633	0.000000	1.268693	0.922283	1.268728	0.995154	1.233453	0.004610	1.227627	0.000109	1.217659	0.000022	1.235206	0.000013	1.231514	0.000012	1.220105	0.000014	1349419794.617377	0.999996	49.079026	35.331549	0.000000	1.230737	0.073089	1.266395	0.999806	1.223940	0.000062	1.225382	0.000082	1.230803	0.000039	1.230411	0.000010	1.230140	0.000016	1.266395	0.999806	
1349419795.617153	0.999999	48.948502	35.278446	0.000000	1.269127	0.999230	1.269128	0.999215	1.225064	0.000861	1.207860	0.000240	1.200323	0.000134	1.199015	0.000100	1.204985	0.000072	1.213012	0.000094	1349419795.617385	1.000008	48.544742	34.795601	0.000000	1.176226	0.000055	1.269183	0.999684	1.213184	0.000176	1.199315	0.000062	1.211407	0.000152	1.215780	0.000193	1.202249	0.000130	1.269183	0.999692	
1349419796.617152	0.999999	48.840699	35.181964	0.000000	1.269153	0.999337	1.269153	0.999311	1.230179	0.000776	1.207331	0.000023	1.214526	0.000021	1.223623	0.000012	1.257215	0.000012	1.240489	0.000020	1349419796.617380	0.999995	48.418196	34.680899	0.000000	1.224896	0.000094	1.269201	0.999762	1.223216	0.000063	1.226323	0.000087	1.230250	0.000039	1.230263	0.000014	1.230618	0.000057	1.269201	0.999797	
1349419797.617156	1.000004	48.860947	35.202631	0.000000	1.269134	0.999312	1.269135	0.999280	1.230819	0.000889	1.232101	0.000087	1.230516	0.000076	1.230571	0.000156	1.227187	0.000048	1.231148	0.000076	1349419797.617390	1.000010	48.378651	34.651646	0.000000	1.216260	0.000030	1.269194	0.999698	1.225865	0.000122	1.208582	0.000037	1.225403	0.000104	1.230882	0.000088	1.229474	0.000116	1.269194	0.999752	
1349419798.617153	0.999997	48.839064	35.183092	0.000000	1.268312	0.994119	1.268312	0.994112	1.230538	0.005288	1.225196	0.000229	1.184380	0.000078	1.183870	0.000022	1.185537	0.000069	1.181189	0.000071	1349419798.617382	0.999992	48.388255	34.651160	0.000000	1.241636	0.000091	1.269119	0.999641	1.225662	0.000114	1.230070	0.000924	1.230787	0.000077	1.218328	0.000074	1.194761	0.000020	1.269118	0.999641	
1349419799.617152	0.999999	45.916532	32.260529	0.000000	1.268460	0.693233	1.268694	0.994951	1.232233	0.003368	1.233146	0.001377	1.222324	0.000074	1.231872	0.000053	1.219908	0.000072	1.222879	0.000077	1349419799.617599	1.000217	50.623340	36.899038	0.000000	1.230770	0.302425	1.257559	0.999535	1.225245	0.000108	1.217026	0.000058	1.228627	0.000123	1.227300	0.000095	1.232555	0.000093	1.257555	0.999721	
1349419800.617154	1.000002	38.979998	25.313016	0.000000	1.259073	0.001189	1.269189	0.999512	1.267250	0.000367	1.265597	0.000160	1.238990	0.000018	1.272561	0.000011	1.284236	0.000011	1.271661	0.000011	1349419800.617610	1.000011	55.705688	41.987683	0.000000	1.230765	0.999597	1.230763	0.999488	1.216751	0.000071	1.217050	0.000113	1.229119	0.000044	1.231335	0.000011	1.229277	0.000015	1.230776	0.999891	
1349419801.617153	0.999999	39.231559	25.565515	0.000000	1.249572	0.001949	1.268989	0.998348	1.263873	0.016720	1.256933	0.005480	1.237581	0.000153	1.265628	0.000055	1.254156	0.000778	1.256735	0.000288	1349419801.617605	0.999995	55.695240	41.976269	0.000000	1.230765	0.999505	1.230766	0.999503	1.232165	0.000112	1.241792	0.000088	1.231447	0.000091	1.231395	0.000043	1.229838	0.000128	1.230781	0.999932	
1349419802.617150	0.999997	715801251.087572	715823068.258510	715830103.395168	0.999970	1.000015	0.999971	1.000034	0.999972	1.000031	0.999971	1.000022	0.999971	1.000021	0.999975	1.000024	0.999971	1.000025	0.999972	1.000023	1349419802.617249	0.999644	716062666.490734	716081229.194730	716082780.788217	0.999973	1.000030	0.999967	1.000019	3.894218	0.256792	0.999971	1.000020	0.999973	1.000032	0.999973	1.000014	0.999970	1.000019	0.999973	1.000030	
1349419803.617323	1.000173	0.000000	0.000000	0.000000	-nan	-nan	-nan	-nan	1.000008	inf	-nan	-nan	-nan	0.000000	-nan	-nan	-nan	-nan	-nan	-nan	1349419803.617386	1.000137	0.000000	0.000000	0.000000	-nan	-nan	-nan	-nan	1.345745	inf	-nan	-nan	-nan	-nan	-nan	-nan	-nan	-nan	-nan	-nan	
