ts_0	elapsed_0	pkg_0	pp0_0	dram_0	freq_ratio_0_0	c0_ratio_0_0	freq_ratio_0_1	c0_ratio_0_1	freq_ratio_0_2	c0_ratio_0_2	freq_ratio_0_3	c0_ratio_0_3	freq_ratio_0_4	c0_ratio_0_4	freq_ratio_0_5	c0_ratio_0_5	freq_ratio_0_6	c0_ratio_0_6	freq_ratio_0_7	c0_ratio_0_7	ts_1	elapsed_1	pkg_1	pp0_1	dram_1	freq_ratio_1_0	c0_ratio_1_0	freq_ratio_1_1	c0_ratio_1_1	freq_ratio_1_2	c0_ratio_1_2	freq_ratio_1_3	c0_ratio_1_3	freq_ratio_1_4	c0_ratio_1_4	freq_ratio_1_5	c0_ratio_1_5	freq_ratio_1_6	c0_ratio_1_6	freq_ratio_1_7	c0_ratio_1_7	
1350063849.683313	1.000386	35.736267	22.532074	6.125077	1.000000	1.000000	0.999775	0.003225	0.999963	0.001246	1.000179	0.000084	1.000000	1.000000	1.000033	0.000330	1.000208	0.000065	0.999981	0.002560	1350063849.683507	1.000386	35.777831	22.669488	3.555497	0.999080	0.000448	1.000119	0.000106	1.002219	0.000084	1.000000	1.000000	1.000000	1.000000	0.999966	0.000478	0.998223	0.000050	0.995151	0.000169	
1350063850.683303	0.999990	35.669837	22.466518	6.115296	1.000000	1.000000	0.999921	0.000262	0.999952	0.000057	0.998469	0.000007	1.000000	1.000000	0.999973	0.000230	0.999404	0.000007	0.999980	0.006453	1350063850.683492	0.999985	35.600037	22.512957	3.579125	1.000012	0.000282	1.000286	0.000076	1.000061	0.000013	1.000000	1.000000	1.000000	1.000000	1.000022	0.000280	1.009970	0.000013	1.002687	0.000304	
1350063851.683303	1.000000	35.559708	22.370132	6.115234	1.000000	1.000000	0.999423	0.000343	0.999751	0.000045	0.999988	0.000065	1.000000	1.000000	0.999966	0.000240	0.999685	0.000065	0.999974	0.004340	1350063851.683483	0.999991	35.644168	22.537024	3.263396	0.999933	0.000334	0.999517	0.000072	0.997792	0.000072	0.999994	1.000000	1.000000	1.000000	1.000045	0.000345	0.999022	0.000058	1.000369	0.000155	
1350063852.683303	1.000000	35.660019	22.457535	6.133728	1.000000	1.000000	1.000047	0.000236	1.000791	0.000044	0.998697	0.000007	1.000000	1.000000	0.999875	0.000229	1.007141	0.000006	0.999972	0.006409	1350063852.683484	1.000001	35.650784	22.541574	3.413205	1.000044	0.000271	1.000100	0.000077	1.012206	0.000012	1.000006	1.000000	1.000000	1.000000	0.999899	0.000264	1.000274	0.000013	0.999307	0.000084	
1350063853.683303	1.000000	35.693771	22.491806	6.121368	1.000000	1.000000	1.000014	0.000615	0.998784	0.000043	0.992230	0.000067	1.000000	1.000000	1.000505	0.000326	0.989631	0.000053	0.999984	0.006914	1350063853.683490	1.000006	35.680436	22.572421	3.799492	0.999958	0.000352	0.999779	0.000096	0.997111	0.000058	1.000000	0.999999	1.000000	1.000000	0.999357	0.000350	0.995761	0.000045	0.999937	0.002355	
1350063854.683303	1.000000	35.514191	22.312103	6.121399	1.000000	1.000000	1.000608	0.000324	0.987258	0.000049	1.007250	0.000007	1.000000	1.000000	1.000099	0.000210	1.002646	0.000007	0.999947	0.001719	1350063854.683483	0.999993	35.661685	22.552707	2.856251	1.000061	0.000308	0.993955	0.000077	1.011944	0.000013	1.000000	1.000000	1.000000	1.000000	1.000725	0.000270	1.014027	0.000013	1.001347	0.000107	
1350063855.683303	1.000000	35.605591	22.400635	6.115234	1.000000	1.000000	0.999763	0.000272	1.010831	0.000059	1.006182	0.000077	1.000000	1.000000	0.999349	0.000267	1.007290	0.000068	0.999983	0.004343	1350063855.683492	1.000009	35.669660	22.560815	3.254716	0.999855	0.000349	1.005951	0.000082	1.000257	0.000080	0.999994	1.000000	1.000000	1.000000	0.999758	0.000341	0.996968	0.000072	0.994809	0.000143	
1350063856.683303	1.000000	35.668655	22.465744	6.133728	1.000000	1.000000	0.999978	0.000247	1.000245	0.000041	0.996355	0.000007	1.000000	1.000000	0.999859	0.000210	0.995699	0.000006	0.999978	0.006640	1350063856.683488	0.999996	35.671074	22.561951	3.545898	0.999947	0.000319	0.999953	0.000074	0.999452	0.000008	1.000006	1.000000	1.000000	1.000000	1.000327	0.000291	1.028502	0.000008	1.004927	0.000149	
1350063857.683303	1.000000	35.684784	22.481033	6.127380	1.000000	1.000000	0.999901	0.000260	0.999643	0.000042	1.000428	0.000063	1.000000	1.000000	1.000086	0.000251	1.000175	0.000124	0.999976	0.006825	1350063857.683490	1.000002	35.658272	22.548938	3.659814	1.000006	0.000343	1.000222	0.000056	0.999708	0.000058	1.000000	1.000000	1.000000	1.000000	0.999985	0.000368	0.999670	0.000057	0.999998	0.000252	
1350063858.683303	1.000000	35.690186	22.487747	6.121399	1.000000	1.000000	1.000010	0.000576	1.000556	0.000041	1.000761	0.000007	1.000000	1.000000	1.000004	0.000210	1.001926	0.000006	0.999977	0.006901	1350063858.683484	0.999994	35.659942	22.550809	3.527258	1.000077	0.000275	0.999601	0.000111	0.987748	0.000013	1.000000	1.000000	1.000000	1.000000	0.999691	0.000271	1.000909	0.000020	1.000379	0.000120	
1350063859.683303	1.000000	35.733734	22.529770	6.127563	1.000000	1.000000	1.000178	0.000246	0.999685	0.000042	0.999827	0.000060	1.000000	1.000000	0.999974	0.000249	0.999953	0.000049	1.000002	0.008135	1350063859.683481	0.999997	35.671131	22.561899	3.729519	0.999937	0.000330	1.000669	0.000052	1.002765	0.000055	1.000000	1.000000	1.000000	1.000000	1.000236	0.000336	0.997665	0.000043	0.998201	0.000124	
1350063860.683303	1.000000	35.891876	22.689163	6.109070	1.000000	1.000000	1.000061	0.000232	1.000600	0.000039	0.999456	0.000007	1.000000	1.000000	0.999880	0.000229	1.000487	0.000007	0.999969	0.010342	1350063860.683480	0.999999	35.641788	22.545172	3.897541	1.000092	0.000260	1.000108	0.000079	0.989301	0.000013	1.000000	1.000000	1.000000	1.000000	1.000006	0.000267	1.007573	0.000013	1.002001	0.000094	
1350063861.683303	1.000000	35.874496	22.674713	6.090576	1.000000	1.000000	0.999960	0.000259	0.999378	0.000043	0.999987	0.000062	1.000000	1.000000	1.000078	0.000232	0.999678	0.000048	0.999947	0.010584	1350063861.683492	1.000012	35.684420	22.576101	4.022093	0.999972	0.000318	0.999985	0.000052	1.002151	0.000060	1.000000	1.000000	1.000000	1.000000	0.999990	0.000319	0.995452	0.000045	0.998709	0.000160	
1350063862.683303	1.000000	35.750076	22.549561	6.115234	1.000000	1.000000	0.999977	0.000250	1.000009	0.000042	0.998205	0.000007	1.000000	1.000000	1.000008	0.000788	0.996727	0.000007	0.999966	0.006504	1350063862.683482	0.999990	35.801674	22.694517	3.597112	0.999967	0.000284	0.999878	0.000085	1.000463	0.000012	1.000000	1.000000	1.000000	0.999999	1.000083	0.000273	1.014833	0.000013	1.000073	0.003515	
1350063863.683303	1.000000	36.362259	23.160202	6.132782	1.000000	1.000000	0.999980	0.007278	0.999770	0.002755	1.000007	0.002930	1.000000	1.000000	1.000002	0.002904	1.000014	0.002602	0.999995	0.003141	1350063863.683471	0.999989	36.622167	23.512968	3.301092	1.000088	0.003178	0.999997	0.002766	0.999796	0.002820	1.000000	1.000000	1.000000	1.000000	0.999925	0.003126	0.999896	0.002614	0.999977	0.009106	
1350063864.683303	1.000000	35.436737	22.246674	6.121399	1.000000	1.000000	0.999967	0.000260	1.015263	0.000041	0.998578	0.000007	1.000000	1.000000	0.999978	0.000212	0.998212	0.000007	0.999985	0.000101	1350063864.683482	1.000011	35.693899	22.586102	2.710877	0.998997	0.000289	0.999940	0.000077	1.082605	0.000007	0.999995	1.000000	1.000000	1.000000	1.000825	0.000250	1.031565	0.000008	1.001983	0.000101	
1350063865.683303	1.000000	35.452988	22.250504	6.102905	1.000000	1.000000	1.000086	0.000279	0.999977	0.000051	0.992023	0.000067	1.000000	1.000000	1.000499	0.000263	0.990583	0.000055	1.000032	0.000132	1350063865.683486	1.000004	35.852546	22.743362	2.717778	0.999972	0.003726	0.999984	0.000071	0.999916	0.000083	1.000005	0.999995	1.000000	1.000000	0.999321	0.000336	0.997341	0.000073	0.998696	0.000151	
1350063866.683303	1.000000	35.455856	22.253632	6.127563	1.000000	1.000000	0.999941	0.000288	0.984892	0.000043	1.006588	0.000007	1.000000	1.000000	1.000148	0.000219	1.001753	0.000007	0.999968	0.000096	1350063866.683478	0.999992	36.123767	23.014789	2.705466	0.999966	0.008321	0.993787	0.000081	0.987811	0.000013	0.999995	1.000005	1.000000	1.000000	1.000723	0.000302	1.014979	0.000013	1.002089	0.000093	
1350063867.683303	1.000000	35.449188	22.247314	6.115234	1.000000	1.000000	0.999494	0.000339	1.010775	0.000060	1.006522	0.000075	1.000000	1.000000	0.999345	0.000266	1.007657	0.000066	0.999797	0.000146	1350063867.683496	1.000018	35.689883	22.581246	2.716580	0.999931	0.000344	1.005455	0.000092	1.001725	0.000093	1.000000	1.000000	1.000000	1.000000	0.999318	0.000340	0.997542	0.000075	0.995426	0.000158	
1350063868.683303	1.000000	35.458878	22.258209	6.115234	1.000000	1.000000	1.000258	0.000569	0.999429	0.000043	0.999347	0.000007	1.000000	1.000000	0.999800	0.000213	0.995423	0.000007	0.999828	0.000126	1350063868.683525	1.000029	35.681228	22.572799	2.713193	0.999944	0.000262	0.999685	0.000125	0.996764	0.000008	1.000005	1.000000	1.000000	1.000000	1.000794	0.000270	1.030775	0.000008	1.004853	0.000158	
1350063869.683303	1.000000	35.453079	22.253067	6.127563	1.000000	1.000000	1.000150	0.000258	1.000584	0.000044	1.000238	0.000060	1.000000	1.000000	1.000147	0.000255	1.000717	0.000049	1.000216	0.000127	1350063869.683493	0.999968	35.850022	22.740091	2.735820	0.999986	0.003814	1.000942	0.000050	1.000455	0.000069	0.999994	1.000000	1.000000	1.000000	0.999972	0.000336	1.000153	0.000058	0.999698	0.000151	
1350063870.683303	1.000000	35.444595	22.243744	6.121399	1.000000	1.000000	1.001817	0.000307	1.000403	0.000042	0.996303	0.000007	1.000000	1.000000	0.999982	0.000241	1.000680	0.000006	1.000084	0.000097	1350063870.683492	0.999999	36.192249	23.083259	2.710925	0.999988	0.010140	1.000048	0.000080	0.996683	0.000012	1.000006	0.999994	1.000000	1.000000	0.999922	0.000297	0.996006	0.000012	0.999963	0.000093	
1350063871.683303	1.000000	35.427597	22.226852	6.109070	1.000000	1.000000	0.997383	0.000291	0.999409	0.000044	1.000222	0.000061	1.000000	1.000000	0.999969	0.000236	0.999736	0.000051	0.999841	0.000141	1350063871.683493	1.000001	35.788876	22.693307	2.713529	0.999878	0.002904	0.999748	0.000060	1.000466	0.000069	0.999995	1.000006	1.000000	1.000000	0.999543	0.000337	0.999455	0.000052	1.000013	0.000115	
1350063872.683303	1.000000	35.427582	22.227631	6.121399	1.000000	1.000000	1.000139	0.000239	1.000535	0.000042	0.998423	0.000007	1.000000	1.000000	0.999872	0.000231	1.003411	0.000007	1.000208	0.000100	1350063872.683487	0.999994	35.678100	22.568357	2.711350	0.999947	0.000329	1.000017	0.000090	0.997042	0.000013	1.000000	1.000000	1.000000	1.000000	1.000589	0.000277	0.999970	0.000013	1.000000	0.000088	
1350063873.683303	1.000000	35.445389	22.243500	6.127563	1.000000	1.000000	0.999930	0.000571	0.999610	0.000045	1.000538	0.000059	1.000000	1.000000	1.000144	0.000252	0.999669	0.000050	0.999851	0.000150	1350063873.683493	1.000006	35.706025	22.596530	2.705718	1.000001	0.000363	0.999986	0.000107	1.000461	0.000068	1.000005	1.000000	1.000000	1.000000	0.999256	0.000358	0.997049	0.000054	0.999908	0.002125	
1350063874.683303	1.000000	35.395599	22.208817	6.084412	1.000000	1.000000	1.000103	0.000273	1.000071	0.000043	0.995538	0.000007	1.000000	1.000000	0.999785	0.000212	0.993111	0.000006	1.000099	0.000101	1350063874.683487	0.999994	35.687743	22.578992	2.708726	1.000000	0.000286	0.999972	0.000083	1.000339	0.000012	1.000000	0.999994	1.000000	1.000000	1.001025	0.000257	1.012169	0.000013	1.001962	0.000098	
1350063875.683303	1.000000	35.433380	22.233490	6.115234	1.000000	1.000000	0.999866	0.000258	0.984240	0.000045	1.000166	0.000058	1.000000	1.000000	1.000072	0.000253	1.000387	0.000048	0.999893	0.000137	1350063875.683486	0.999999	35.779270	22.670157	2.705966	0.999875	0.000307	1.000054	0.000057	0.999921	0.000063	0.999995	1.000005	1.000000	1.000000	0.999904	0.001757	0.996515	0.000052	0.998807	0.000136	
1350063876.683303	1.000000	35.427231	22.224411	6.115234	1.000000	1.000000	0.999982	0.000763	1.005588	0.000123	0.999904	0.000032	1.000000	1.000000	1.000073	0.000212	1.000809	0.000006	1.000144	0.000099	1350063876.683488	1.000002	35.692132	22.582690	2.710963	1.000076	0.000304	0.999872	0.000081	1.000838	0.000019	1.000000	1.000000	1.000000	1.000000	1.000342	0.000317	1.013348	0.000020	1.001474	0.000108	
1350063877.683303	1.000000	35.429474	22.227158	6.127563	1.000000	1.000000	1.000007	0.000257	0.999685	0.000042	0.991251	0.000059	1.000000	1.000000	1.000552	0.000251	0.989485	0.000048	0.999966	0.000124	1350063877.683481	0.999993	35.761829	22.652958	2.716541	1.000042	0.000333	1.000172	0.000058	0.998679	0.000061	1.000000	1.000000	1.000000	1.000000	0.999977	0.001558	0.998452	0.000054	0.999980	0.000155	
1350063878.683303	1.000000	35.426086	22.221817	6.133728	1.000000	1.000000	1.000273	0.000570	0.989069	0.000046	1.003962	0.000007	1.000000	1.000000	1.000091	0.000211	1.000850	0.000007	0.999883	0.000122	1350063878.683478	0.999997	35.705006	22.596063	2.713631	1.000031	0.000260	0.995502	0.000121	1.003284	0.000019	1.000000	1.000000	1.000000	1.000000	0.999973	0.000309	0.999901	0.000020	1.000134	0.000112	
1350063879.683303	1.000000	35.419464	22.215683	6.121399	1.000000	1.000000	0.999883	0.000266	1.008517	0.000058	1.006853	0.000072	1.000000	1.000000	0.999354	0.000265	1.007726	0.000063	0.999987	0.000147	1350063879.683490	1.000012	35.737474	22.628835	2.712263	0.999816	0.000334	1.006325	0.000087	1.000162	0.000102	1.000005	1.000000	1.000000	1.000000	0.999873	0.001241	0.997573	0.000080	0.994349	0.000141	
1350063880.683303	1.000000	35.418243	22.218628	6.133728	1.000000	1.000000	0.999991	0.000285	0.999956	0.000043	0.999181	0.000007	1.000000	1.000000	0.999990	0.000231	0.999562	0.000006	1.000081	0.000100	1350063880.683483	0.999993	35.697161	22.587833	2.713550	1.000039	0.000286	0.999870	0.000080	0.998314	0.000008	1.000000	1.000000	1.000000	1.000000	1.000418	0.000302	1.024000	0.000008	1.005904	0.000130	
1350063881.683304	1.000001	715777909.476176	715780832.191452	715772449.333098	0.999990	1.000216	0.999988	1.000221	0.999998	1.000217	0.999990	1.000217	0.999990	1.000220	0.999993	1.000215	0.999990	1.000220	0.999990	1.000217	1350063881.683395	0.999912	715881955.727600	715825736.760613	715863303.887474	0.999990	1.000217	0.999988	1.000219	3.893017	0.256925	0.999990	1.000218	0.999990	1.000219	0.999993	1.000215	0.999990	1.000220	0.999990	1.000217	
1350063882.683385	1.000081	0.000000	0.000000	0.000000	-nan	-nan	-nan	-nan	0.000000	inf	-nan	-nan	-nan	0.000000	-nan	-nan	-nan	-nan	-nan	-nan	1350063882.683481	1.000086	0.000000	0.000000	0.000000	-nan	-nan	-nan	-nan	0.000000	inf	-nan	-nan	-nan	-nan	-nan	-nan	-nan	-nan	-nan	-nan	
