ts_0	elapsed_0	pkg_0	pp0_0	dram_0	freq_ratio_0_0	c0_ratio_0_0	freq_ratio_0_1	c0_ratio_0_1	freq_ratio_0_2	c0_ratio_0_2	freq_ratio_0_3	c0_ratio_0_3	freq_ratio_0_4	c0_ratio_0_4	freq_ratio_0_5	c0_ratio_0_5	freq_ratio_0_6	c0_ratio_0_6	freq_ratio_0_7	c0_ratio_0_7	ts_1	elapsed_1	pkg_1	pp0_1	dram_1	freq_ratio_1_0	c0_ratio_1_0	freq_ratio_1_1	c0_ratio_1_1	freq_ratio_1_2	c0_ratio_1_2	freq_ratio_1_3	c0_ratio_1_3	freq_ratio_1_4	c0_ratio_1_4	freq_ratio_1_5	c0_ratio_1_5	freq_ratio_1_6	c0_ratio_1_6	freq_ratio_1_7	c0_ratio_1_7	
1349478162.260920	1.000854	55.050520	41.214848	7.383053	0.959719	0.978908	0.959793	0.979243	0.959754	0.979121	0.959655	0.978789	0.959618	0.978767	0.956049	0.963987	0.925537	0.004321	0.966742	0.000177	1349478162.261101	1.000598	56.305154	42.251194	8.286427	0.819238	0.984278	0.817339	0.980086	0.817244	0.979989	0.817179	0.979820	0.817137	0.979826	0.817127	0.979788	0.817087	0.979836	0.820908	0.991668	
1349478163.260917	0.999997	50.781529	36.758155	7.828912	0.877922	0.995764	0.877923	0.995760	0.877922	0.995685	0.877923	0.995654	0.877923	0.995685	0.877920	0.995593	0.876689	0.004306	0.883064	0.004443	1349478163.261068	0.999967	50.848215	36.549405	9.897954	0.732544	0.996062	0.732544	0.996061	0.732545	0.996059	0.732546	0.996056	0.732546	0.996052	0.732547	0.996049	0.732549	0.995985	0.732548	0.996047	
1349478164.260915	0.999998	50.793707	36.764459	7.857055	0.876917	0.994656	0.876914	0.994652	0.876912	0.994598	0.877466	0.444878	0.876909	0.994545	0.876911	0.994565	0.857195	0.009516	0.876143	0.557633	1349478164.261066	0.999998	50.861913	36.559060	9.804325	0.733480	0.995069	0.733480	0.995064	0.733480	0.995006	0.733480	0.995024	0.733480	0.995017	0.733479	0.995031	0.733479	0.995066	0.733477	0.995960	
1349478165.260916	1.000001	50.741559	36.742961	7.857597	0.878084	0.995717	0.878084	0.995707	0.878084	0.995710	0.880941	0.003177	0.878084	0.995626	0.878088	0.995482	0.876195	0.004890	0.878080	0.995706	1349478165.261077	1.000011	50.857124	36.560649	9.878981	0.734803	0.996312	0.734803	0.996315	0.734802	0.996234	0.734802	0.996311	0.734802	0.996228	0.734801	0.996225	0.734801	0.996170	0.734800	0.996302	
1349478166.260915	0.999999	50.789202	36.786900	7.820366	0.877954	0.995628	0.877954	0.995638	0.877954	0.995577	0.877053	0.002985	0.877954	0.995572	0.877958	0.995228	0.875515	0.004497	0.877955	0.995512	1349478166.261075	0.999998	50.809972	36.520288	9.868351	0.733628	0.996232	0.733628	0.996238	0.733628	0.996216	0.733629	0.996234	0.733629	0.996177	0.733629	0.996173	0.733629	0.996160	0.733629	0.996215	
1349478167.260916	1.000001	50.790662	36.793712	7.822670	0.877363	0.995463	0.877363	0.995457	0.877362	0.995415	0.877051	0.002499	0.877363	0.995335	0.877364	0.995356	0.868830	0.008600	0.877363	0.995335	1349478167.261077	1.000002	50.855479	36.572547	9.902676	0.732548	0.995493	0.732549	0.995537	0.732548	0.995434	0.732548	0.995494	0.732548	0.995481	0.732548	0.995488	0.732548	0.995513	0.732548	0.995757	
1349478168.260916	1.000000	50.781616	36.781540	7.829727	0.878182	0.995876	0.878182	0.995881	0.878184	0.995829	0.875603	0.003483	0.878182	0.995872	0.878184	0.995828	0.878511	0.004132	0.878182	0.995866	1349478168.261069	0.999992	50.852875	36.563575	9.963368	0.731865	0.996036	0.731865	0.996047	0.731865	0.996046	0.731865	0.996040	0.731864	0.996034	0.731864	0.996022	0.731865	0.996033	0.731864	0.996031	
1349478169.260916	1.000000	715765629.956848	715782048.923096	715826213.987915	0.999991	1.000139	0.999989	1.000145	0.999991	1.000149	0.999991	1.000140	0.999991	1.000144	0.999994	1.000138	0.999991	1.000144	0.999991	1.000141	1349478169.260997	0.999928	715825481.548509	715851647.221456	715875875.830934	0.999990	1.000138	0.999988	1.000143	3.892950	0.256910	0.999991	1.000142	0.999991	1.000144	0.999994	1.000139	0.999991	1.000143	0.999991	1.000142	
1349478170.260972	1.000056	0.000000	0.000000	0.000000	-nan	-nan	-nan	-nan	1.000008	inf	-nan	-nan	-nan	0.000000	-nan	-nan	-nan	-nan	-nan	-nan	1349478170.261035	1.000038	0.000000	0.000000	0.000000	-nan	-nan	-nan	-nan	1.345745	inf	-nan	-nan	-nan	-nan	-nan	-nan	-nan	-nan	-nan	-nan	
