ts_0	elapsed_0	pkg_0	pp0_0	dram_0	freq_ratio_0_0	c0_ratio_0_0	freq_ratio_0_1	c0_ratio_0_1	freq_ratio_0_2	c0_ratio_0_2	freq_ratio_0_3	c0_ratio_0_3	freq_ratio_0_4	c0_ratio_0_4	freq_ratio_0_5	c0_ratio_0_5	freq_ratio_0_6	c0_ratio_0_6	freq_ratio_0_7	c0_ratio_0_7	ts_1	elapsed_1	pkg_1	pp0_1	dram_1	freq_ratio_1_0	c0_ratio_1_0	freq_ratio_1_1	c0_ratio_1_1	freq_ratio_1_2	c0_ratio_1_2	freq_ratio_1_3	c0_ratio_1_3	freq_ratio_1_4	c0_ratio_1_4	freq_ratio_1_5	c0_ratio_1_5	freq_ratio_1_6	c0_ratio_1_6	freq_ratio_1_7	c0_ratio_1_7	
1349416915.611223	1.000997	24.982735	11.701605	0.000000	0.905928	0.000377	0.814962	0.000306	0.867183	0.003902	1.000722	0.000193	0.949293	0.000020	0.998814	0.000081	0.998786	0.002201	0.986488	0.000096	1349416915.611580	1.000586	29.595236	16.219621	0.000000	1.000000	1.000000	1.007177	0.000088	0.975144	0.000007	0.999985	0.003846	0.999550	0.000063	1.000093	0.000062	1.000016	0.000074	0.979647	0.000007	
1349416916.611236	1.000013	63.848711	50.046326	0.000000	0.999785	0.942795	0.999846	0.942344	0.999936	0.942504	0.999968	0.941263	0.999992	0.941185	0.999978	0.940620	0.999964	0.941323	0.999992	0.941006	1349416916.611349	0.999769	67.896728	53.893493	0.000000	0.999940	0.962890	1.000000	0.941657	1.000001	0.942830	1.000000	0.942819	1.000000	0.942481	1.000000	0.941570	1.000000	0.941358	0.999929	0.974402	
1349416917.611225	0.999989	66.549512	52.608289	0.000000	0.999975	0.979145	1.000001	0.979035	1.000000	0.978975	1.000000	0.979029	1.000000	0.979021	1.000001	0.978933	1.000002	0.978913	1.000001	0.978933	1349416917.611307	0.999958	70.654271	56.488561	0.000000	1.000000	0.979110	1.000000	0.978943	1.000000	0.979099	1.000000	0.979088	1.000000	0.978998	1.000000	0.978935	1.000000	0.979016	1.000000	0.999992	
1349416918.611224	0.999999	57.518014	43.695980	0.000000	0.999847	0.792430	0.999951	0.792233	0.999942	0.792247	0.999964	0.792215	0.999966	0.792213	1.000000	0.792130	0.999978	0.792180	1.000000	0.792126	1349416918.611308	1.000001	63.269852	49.237471	0.000000	1.000000	0.792350	1.000000	0.792266	1.000000	0.792348	1.000000	0.792350	1.000000	0.792263	1.000000	0.792261	1.000000	0.792259	1.000000	1.000000	
1349416919.611236	1.000012	67.728807	53.763214	0.000000	0.999911	0.995605	0.999954	0.995510	0.999956	0.995505	0.999957	0.995459	0.999958	0.995470	0.999983	0.995413	1.000000	0.995380	1.000000	0.995378	1349416919.611337	1.000029	71.496166	57.241499	0.000000	1.000000	0.995649	1.000000	0.995525	1.000000	0.995646	1.000000	0.995616	1.000000	0.995484	1.000000	0.995479	1.000000	0.995534	1.000000	0.999993	
1349416920.611229	0.999993	68.137510	54.039863	0.000000	0.999917	0.987159	0.999979	0.986990	0.999979	0.986987	0.999988	0.986980	0.999979	0.986993	1.000000	0.986963	1.000000	0.986962	1.000000	0.986960	1349416920.611316	0.999979	72.067079	57.665272	0.000000	1.000000	0.987108	1.000000	0.986959	1.000000	0.987106	1.000000	0.987034	1.000000	0.986987	1.000000	0.987021	1.000000	0.987019	1.000000	1.000000	
1349416921.611226	0.999997	69.706286	55.371677	0.000000	0.999881	0.987816	0.999933	0.987630	0.999934	0.987625	0.999943	0.987570	0.999944	0.987566	0.999986	0.987561	0.999987	0.987558	0.999987	0.987554	1349416921.611312	0.999996	73.669244	58.969203	0.000000	1.000000	0.987784	1.000000	0.987620	1.000000	0.987782	1.000000	0.987721	1.000000	0.987570	1.000000	0.987583	1.000000	0.987623	1.000000	0.999994	
1349416922.611228	1.000002	71.604996	57.046186	0.000000	0.999915	0.998683	0.999950	0.998608	0.999951	0.998615	0.999966	0.998587	0.999966	0.998586	0.999988	0.998416	0.999979	0.998415	0.999980	0.998434	1349416922.611313	1.000001	75.669499	60.685901	0.000000	1.000000	0.998658	1.000000	0.998614	1.000000	0.998657	1.000000	0.998654	1.000000	0.998573	1.000000	0.998572	1.000000	0.998611	1.000000	1.000000	
1349416923.611226	0.999998	71.769775	57.206347	0.000000	1.000000	0.999982	1.000000	0.999901	1.000000	0.999855	1.000000	0.999852	1.000000	0.999791	1.000000	0.999807	1.000000	0.999846	1.000000	0.999888	1349416923.611313	1.000000	75.844971	60.853729	0.000000	1.000000	0.999907	1.000000	0.999789	1.000000	0.999973	1.000000	0.999914	1.000000	0.999857	1.000000	0.999854	1.000000	0.999799	1.000000	1.000000	
1349416924.611223	0.999997	715778467.306445	715771637.057522	715830103.395168	0.999969	1.000014	0.999972	1.000038	0.999972	1.000034	0.999970	1.000015	0.999970	1.000019	0.999974	1.000020	0.999969	1.000016	0.999973	1.000030	1349416924.611350	1.000037	715759196.834277	715737549.845802	715801432.365753	0.999973	1.000030	0.999967	1.000018	3.894182	0.256796	0.999970	1.000014	0.999969	1.000016	0.999976	1.000027	0.999969	1.000015	0.999973	1.000030	
1349416925.611216	0.999993	0.000000	0.000000	0.000000	-nan	-nan	-nan	-nan	0.000000	inf	-nan	-nan	-nan	0.000000	-nan	-nan	-nan	-nan	-nan	-nan	1349416925.611291	0.999941	0.000000	0.000000	0.000000	-nan	-nan	-nan	-nan	0.000000	inf	-nan	-nan	-nan	-nan	-nan	-nan	-nan	-nan	-nan	-nan	
