ts_0	elapsed_0	pkg_0	pp0_0	dram_0	freq_ratio_0_0	c0_ratio_0_0	freq_ratio_0_1	c0_ratio_0_1	freq_ratio_0_2	c0_ratio_0_2	freq_ratio_0_3	c0_ratio_0_3	freq_ratio_0_4	c0_ratio_0_4	freq_ratio_0_5	c0_ratio_0_5	freq_ratio_0_6	c0_ratio_0_6	freq_ratio_0_7	c0_ratio_0_7	ts_1	elapsed_1	pkg_1	pp0_1	dram_1	freq_ratio_1_0	c0_ratio_1_0	freq_ratio_1_1	c0_ratio_1_1	freq_ratio_1_2	c0_ratio_1_2	freq_ratio_1_3	c0_ratio_1_3	freq_ratio_1_4	c0_ratio_1_4	freq_ratio_1_5	c0_ratio_1_5	freq_ratio_1_6	c0_ratio_1_6	freq_ratio_1_7	c0_ratio_1_7	
1349478117.786670	1.000652	47.839365	34.075254	5.712233	1.269176	0.952469	1.269184	0.994411	1.218316	0.000226	1.216410	0.000087	1.214793	0.000087	1.228444	0.000106	1.226989	0.000072	1.230466	0.000163	1349478117.786899	1.000643	49.854585	36.142394	6.705802	1.230895	0.046760	1.264654	0.994323	1.235446	0.000157	1.236404	0.000141	0.956831	0.000095	1.230944	0.000462	1.244729	0.000081	1.264673	0.995067	
1349478118.786666	0.999996	48.263883	34.493792	5.808510	1.269139	0.998916	1.269176	0.998866	1.231395	0.000296	1.254909	0.000007	1.253145	0.000007	1.230801	0.000050	1.237867	0.000007	1.231229	0.000105	1349478118.786896	0.999997	49.648912	35.911458	6.871252	1.230681	0.000702	1.269151	0.998482	1.230264	0.000006	1.230251	0.000047	1.241949	0.000006	1.234273	0.000271	1.230448	0.000006	1.269151	0.999327	
1349478119.786667	1.000001	48.112564	34.334898	5.844004	1.269180	0.999615	1.269180	0.999615	1.227940	0.000184	1.223471	0.000069	1.225337	0.000055	1.230860	0.000080	1.230492	0.000050	1.230689	0.000140	1349478119.786893	0.999997	49.709215	35.962331	6.820288	1.230257	0.000612	1.269144	0.999308	1.226270	0.000078	1.226770	0.000100	1.230395	0.000053	1.230822	0.000181	1.230720	0.000065	1.269144	0.999300	
1349478120.786665	0.999998	48.002594	34.222264	5.838802	1.269111	0.995274	1.269172	0.995193	1.231447	0.000278	1.242904	0.000007	1.230503	0.000007	1.230478	0.000049	1.228540	0.000007	1.230143	0.000090	1349478120.786896	1.000003	49.732497	35.981654	6.881464	1.230938	0.001956	1.269020	0.993292	1.234319	0.000006	1.231585	0.000114	1.205230	0.000006	1.230782	0.000154	1.231723	0.000006	1.269021	0.997852	
1349478121.786667	1.000002	47.711320	33.927990	5.830143	1.215986	0.767743	1.228297	0.998719	1.162122	0.003055	1.157638	0.002846	1.163518	0.003146	1.178548	0.003554	1.156200	0.002522	1.157587	0.002897	1349478121.787130	1.000234	50.612460	36.864821	6.908907	1.120934	0.235903	1.179737	0.996524	1.151823	0.003045	1.155412	0.004211	1.156136	0.002782	1.155790	0.003129	1.156121	0.002679	1.179721	0.996515	
1349478122.786664	0.999997	41.531623	27.744562	5.818805	1.268867	0.296050	1.269165	0.996082	1.247911	0.000239	1.297008	0.000007	1.277468	0.000007	1.251157	0.000059	1.239793	0.000008	1.235525	0.000071	1349478122.786892	0.999762	50.268431	36.531046	6.906535	1.117901	0.700109	1.161705	0.994196	1.130320	0.000692	1.123380	0.000050	1.170279	0.000006	1.215100	0.001776	1.176546	0.000006	1.162113	0.997847	
1349478123.786666	1.000002	48.193222	34.407069	5.828953	1.269168	0.999488	1.269167	0.999486	1.228400	0.000187	1.226809	0.000118	1.225527	0.000060	1.223597	0.000078	1.233101	0.000053	1.230609	0.000161	1349478123.786896	1.000004	49.845349	36.086478	6.851336	1.196072	0.000064	1.268702	0.995230	1.229287	0.000370	1.226814	0.000087	1.231623	0.000051	1.230842	0.005960	1.230738	0.000053	1.268702	0.995232	
1349478124.786666	1.000000	48.121902	34.342209	5.803070	1.269162	0.996654	1.269166	0.996650	1.230962	0.000265	1.223305	0.000008	1.230902	0.000007	1.241808	0.000051	1.230862	0.000007	1.230885	0.000078	1349478124.786891	0.999995	49.781087	36.026425	6.860706	1.238880	0.000041	1.269167	0.996378	1.231245	0.000422	1.230130	0.000048	1.230391	0.000006	1.230754	0.000322	1.230457	0.000006	1.269167	0.999504	
1349478125.786669	1.000003	45.952052	32.171607	5.819852	1.268738	0.738525	1.268864	0.996545	1.245438	0.004735	1.222288	0.000067	1.218046	0.000063	1.243279	0.000065	1.223254	0.000059	1.237391	0.000106	1349478125.787126	1.000235	50.266778	36.502176	6.900340	1.129609	0.258583	1.232941	0.999361	1.204883	0.000468	1.224344	0.000110	1.223384	0.000052	1.225158	0.002120	1.224594	0.000065	1.232925	0.999352	
1349478126.786672	1.000003	42.915928	29.127427	5.835965	1.268296	0.394722	1.268855	0.997244	1.249339	0.004334	1.266154	0.002043	1.261605	0.000008	1.260523	0.000041	1.272915	0.000008	1.264298	0.000058	1349478126.787123	0.999997	50.421314	36.674964	6.884543	1.119130	0.602735	1.178010	0.999462	1.150994	0.000988	1.114055	0.000626	1.116864	0.000006	1.142985	0.000189	1.118951	0.000006	1.178010	0.999463	
1349478127.786666	0.999994	40.930633	27.129419	5.830296	1.246378	0.159450	1.265528	0.999040	1.259348	0.000161	1.265833	0.005967	1.260484	0.000075	1.272080	0.000089	1.265836	0.000066	1.262798	0.000146	1349478127.786866	0.999743	50.533664	36.767506	6.904973	1.114611	0.840339	1.138599	0.999604	1.127790	0.001365	1.110167	0.000136	1.158335	0.000092	1.149643	0.000212	1.113023	0.000065	1.138614	0.999606	
1349478128.786666	1.000000	48.133270	34.363144	5.831024	1.269163	0.999651	1.269164	0.999649	1.230245	0.000261	1.217036	0.000007	1.234572	0.000007	1.234298	0.000050	1.232577	0.000007	1.230813	0.000107	1349478128.786895	1.000029	49.757708	36.006552	6.867308	1.235090	0.000063	1.269160	0.999478	1.230466	0.000586	1.231332	0.000051	1.231412	0.000006	1.230869	0.000268	1.254433	0.000023	1.269160	0.999478	
1349478129.786666	1.000000	45.978256	32.213608	5.838272	1.269124	0.999224	1.269095	0.761046	1.240972	0.000187	1.259848	0.001652	1.220172	0.000064	1.243174	0.000064	1.231825	0.000055	1.243337	0.000129	1349478129.787124	1.000229	50.167396	36.416470	6.897881	1.133050	0.238474	1.236674	0.999386	1.184760	0.000668	1.223605	0.000109	1.223794	0.000056	1.176631	0.000180	1.224992	0.000065	1.236658	0.999387	
1349478130.786666	1.000000	39.024277	25.242065	5.828842	1.269098	0.999276	1.265527	0.000007	1.270790	0.000175	1.269277	0.005412	1.282513	0.000033	1.272945	0.000039	1.244040	0.000008	1.269220	0.000056	1349478130.787115	0.999991	50.623841	36.859602	6.939424	1.116596	0.998987	1.116596	0.998986	1.115927	0.001743	1.115334	0.000143	1.114388	0.000006	1.115233	0.000192	1.117027	0.000006	1.116595	0.999394	
1349478131.786667	1.000001	38.998849	25.223273	5.856470	1.269186	0.999812	1.252229	0.000065	1.260583	0.000138	1.268795	0.004155	1.251037	0.000055	1.267833	0.001240	1.273605	0.000049	1.269417	0.000124	1349478131.787116	1.000001	50.635694	36.871501	6.942895	1.117352	0.999334	1.117352	0.999382	1.117966	0.001126	1.086559	0.000615	1.115943	0.000057	1.115388	0.000187	1.115458	0.000060	1.117352	0.999383	
1349478132.786666	0.999999	38.893500	25.119561	5.821356	1.269223	0.999913	1.220051	0.000009	1.266968	0.000263	1.263292	0.000007	1.282529	0.000007	1.268304	0.004145	1.255189	0.000007	1.269432	0.000067	1349478132.787145	1.000029	50.616188	36.853252	6.967098	1.117753	0.999397	1.117753	0.999395	1.117902	0.000807	1.117156	0.000048	1.135965	0.000006	1.116138	0.000208	1.127514	0.000008	1.117759	0.999396	
1349478133.786666	1.000000	38.800720	25.030411	5.833282	1.269219	0.999891	1.257319	0.000072	1.265697	0.000203	1.257983	0.000064	1.260825	0.000064	1.270511	0.001827	1.271167	0.000049	1.266015	0.000191	1349478133.787125	0.999980	50.638694	36.873862	6.957811	1.117946	0.999406	1.117946	0.999405	1.117010	0.000842	1.116817	0.000123	1.116809	0.000063	1.115347	0.000284	1.117055	0.000069	1.117941	0.999406	
1349478134.786666	1.000000	40.321930	26.549103	5.830872	1.269190	0.999820	1.269210	0.171193	1.265254	0.000237	1.258021	0.000007	1.238360	0.000007	1.270082	0.000050	1.254164	0.000007	1.261905	0.000309	1349478134.786893	0.999768	50.491999	36.721562	6.931387	1.117804	0.827963	1.143144	0.999363	1.122428	0.000981	1.125070	0.000038	1.176176	0.000006	1.157680	0.000176	1.176428	0.000006	1.143159	0.999362	
1349478135.786666	1.000000	48.081604	34.313141	5.844559	1.268598	0.994398	1.268600	0.994387	1.230865	0.004102	1.224889	0.000103	1.225997	0.000098	1.228803	0.000082	1.230625	0.000048	1.233302	0.000319	1349478135.786891	0.999998	49.787479	36.032326	6.898664	1.229278	0.000515	1.268718	0.996627	1.230619	0.002489	1.228581	0.000270	1.216660	0.000173	1.230781	0.002156	1.230340	0.000050	1.268718	0.996629	
1349478136.786666	1.000000	48.150299	34.377838	5.846573	1.268741	0.995009	1.268742	0.995003	1.227293	0.000202	1.290079	0.000008	1.255442	0.000008	1.235494	0.000041	1.234165	0.000007	1.230762	0.004277	1349478136.786947	1.000056	49.766285	36.014874	6.843336	1.234728	0.000077	1.269124	0.999503	1.230456	0.000195	1.230771	0.000506	1.227288	0.000006	1.230393	0.000240	1.214493	0.000006	1.269124	0.999504	
1349478137.786664	0.999998	48.105011	34.335057	5.813945	1.269149	0.999514	1.269150	0.999511	1.228436	0.000188	1.216905	0.000065	1.214214	0.000066	1.228114	0.000075	1.219547	0.000052	1.228570	0.000125	1349478137.786907	0.999960	49.703437	35.959051	6.848999	1.246209	0.000072	1.269165	0.999436	1.229844	0.000282	1.226427	0.000099	1.230879	0.000053	1.229863	0.000246	1.231073	0.000065	1.269165	0.999503	
1349478138.786666	1.000002	48.065826	34.291576	5.839817	1.269172	0.996135	1.269198	0.996093	1.229625	0.000245	1.237102	0.000008	1.245867	0.000008	1.223181	0.000053	1.225545	0.000008	1.226684	0.000108	1349478138.786899	0.999992	49.665014	35.929979	6.869395	1.244795	0.000042	1.269184	0.995996	1.230194	0.000186	1.230855	0.000059	1.233124	0.000006	1.231587	0.000303	1.245633	0.000006	1.269184	0.999652	
1349478139.786677	1.000011	715761773.808717	715817603.170085	715783680.347820	0.999996	1.000170	0.999993	1.000172	1.000004	1.000169	0.999996	1.000170	0.999996	1.000172	0.999999	1.000167	0.999996	1.000172	0.999996	1.000170	1349478139.786774	0.999875	715868365.494102	715899464.958761	715861313.547587	0.999996	1.000170	0.999993	1.000172	3.892614	0.256941	0.999996	1.000169	0.999996	1.000172	0.999999	1.000167	0.999996	1.000172	0.999996	1.000169	
1349478140.786867	1.000190	0.000000	0.000000	0.000000	-nan	-nan	-nan	-nan	0.000000	inf	-nan	-nan	-nan	0.000000	-nan	-nan	-nan	-nan	-nan	-nan	1349478140.786929	1.000155	0.000000	0.000000	0.000000	-nan	-nan	-nan	-nan	0.000000	inf	-nan	-nan	-nan	-nan	-nan	-nan	-nan	-nan	-nan	-nan	
