ts_0	elapsed_0	pkg_0	pp0_0	dram_0	freq_ratio_0_0	c0_ratio_0_0	freq_ratio_0_1	c0_ratio_0_1	freq_ratio_0_2	c0_ratio_0_2	freq_ratio_0_3	c0_ratio_0_3	freq_ratio_0_4	c0_ratio_0_4	freq_ratio_0_5	c0_ratio_0_5	freq_ratio_0_6	c0_ratio_0_6	freq_ratio_0_7	c0_ratio_0_7	ts_1	elapsed_1	pkg_1	pp0_1	dram_1	freq_ratio_1_0	c0_ratio_1_0	freq_ratio_1_1	c0_ratio_1_1	freq_ratio_1_2	c0_ratio_1_2	freq_ratio_1_3	c0_ratio_1_3	freq_ratio_1_4	c0_ratio_1_4	freq_ratio_1_5	c0_ratio_1_5	freq_ratio_1_6	c0_ratio_1_6	freq_ratio_1_7	c0_ratio_1_7	
1350067817.994257	1.000171	73.039974	59.857825	6.120231	1.000000	1.000000	1.000000	1.000000	1.000000	1.000000	1.000000	1.000000	1.000000	1.000000	1.000000	1.000000	1.000000	1.000000	1.000000	1.000000	1350067817.994293	1.000159	60.906025	47.682298	2.850453	1.000000	1.000000	1.000000	1.000000	1.000000	1.000000	1.000000	1.000000	1.000000	1.000000	0.999914	0.006225	0.999999	1.000000	0.999912	0.001438	
1350067818.994248	0.999991	73.325509	60.123286	6.121409	1.000000	1.000000	1.000000	1.000000	1.000000	1.000000	1.000000	1.000000	1.000000	1.000000	1.000000	1.000000	1.000000	1.000000	1.000000	1.000000	1350067818.994282	0.999989	61.053892	47.839651	2.744567	1.000000	1.000000	1.000000	1.000000	1.000000	1.000000	1.000000	1.000000	1.000000	1.000000	1.000013	0.006842	1.000000	1.000000	1.000207	0.001115	
1350067819.994248	1.000000	73.382034	60.187729	6.115234	1.000000	1.000000	1.000000	1.000000	1.000000	1.000000	1.000000	1.000000	1.000000	1.000000	1.000000	1.000000	1.000000	1.000000	1.000000	1.000000	1350067819.994281	0.999999	61.059308	47.848251	2.948504	1.000000	1.000000	1.000000	1.000000	1.000000	1.000000	1.000000	1.000000	1.000000	1.000000	0.999926	0.002662	1.000000	1.000000	0.999953	0.006167	
1350067820.994248	1.000000	73.496292	60.280731	6.121399	1.000000	1.000000	1.000000	1.000000	1.000000	1.000000	1.000000	1.000000	1.000000	1.000000	1.000000	1.000000	1.000000	1.000000	1.000000	1.000000	1350067820.994283	1.000002	61.159033	47.946411	3.158029	1.000000	1.000000	1.000000	1.000000	1.000000	1.000000	1.000000	1.000000	1.000000	1.000000	0.999990	0.002561	1.000000	1.000000	1.000030	0.005846	
1350067821.994248	1.000000	73.307495	60.086288	6.127563	1.000000	1.000000	1.000000	1.000000	1.000000	1.000000	1.000000	1.000000	1.000000	1.000000	1.000000	1.000000	1.000000	1.000000	1.000000	1.000000	1350067821.994281	0.999998	61.085276	47.870193	2.920355	1.000000	1.000000	1.000000	1.000000	1.000000	1.000000	1.000000	1.000000	1.000000	1.000000	0.999880	0.001110	1.000000	1.000000	0.999980	0.006471	
1350067822.994248	1.000000	73.170059	59.946442	6.115234	1.000000	1.000000	1.000000	1.000000	1.000000	1.000000	1.000000	1.000000	1.000000	1.000000	1.000000	1.000000	1.000000	1.000000	1.000000	1.000000	1350067822.994282	1.000001	61.206805	47.988770	3.448651	1.000000	1.000000	1.000000	1.000000	1.000000	1.000000	1.000000	1.000000	1.000000	1.000000	0.999855	0.001087	1.000000	1.000000	1.000001	0.007640	
1350067823.994248	1.000000	73.193848	59.968323	6.121399	1.000000	1.000000	1.000000	1.000000	1.000000	1.000000	1.000000	1.000000	1.000000	1.000000	1.000000	1.000000	1.000000	1.000000	1.000000	1.000000	1350067823.994281	0.999999	61.092588	47.872055	2.900409	1.000000	1.000000	1.000000	1.000000	1.000000	1.000000	1.000000	1.000000	1.000000	1.000000	1.000066	0.003352	1.000000	1.000000	0.999999	0.004018	
1350067824.994248	1.000000	73.184784	59.958878	6.133728	1.000000	1.000000	1.000000	1.000000	1.000000	1.000000	1.000000	1.000000	1.000000	1.000000	1.000000	1.000000	1.000000	1.000000	1.000000	1.000000	1350067824.994282	1.000001	61.016818	47.807205	3.272870	1.000000	1.000000	1.000000	1.000000	1.000000	1.000000	1.000000	1.000000	1.000000	1.000000	1.000009	0.001272	1.000000	1.000000	0.999954	0.005101	
1350067825.994248	1.000000	73.181046	59.953308	6.121399	1.000000	1.000000	1.000000	1.000000	1.000000	1.000000	1.000000	1.000000	1.000000	1.000000	1.000000	1.000000	1.000000	1.000000	1.000000	1.000000	1350067825.994282	1.000000	61.081039	47.856155	2.944824	1.000000	1.000000	1.000000	1.000000	1.000000	1.000000	1.000000	1.000000	1.000000	1.000000	0.999954	0.002959	1.000000	1.000000	1.000095	0.003490	
1350067826.994248	1.000000	73.369614	60.140564	6.127563	1.000000	1.000000	1.000000	1.000000	1.000000	1.000000	1.000000	1.000000	1.000000	1.000000	1.000000	1.000000	1.000000	1.000000	1.000000	1.000000	1350067826.994282	1.000000	61.300507	48.072418	3.486069	1.000000	1.000000	1.000000	1.000000	1.000000	1.000000	1.000000	1.000000	1.000000	1.000000	0.999970	0.008131	1.000000	1.000000	1.000041	0.001170	
1350067827.994247	0.999999	67.206134	53.975973	6.102911	1.000000	1.000000	1.000000	1.000000	0.999880	0.009466	1.000000	1.000000	1.000000	1.000000	1.000000	1.000000	1.000000	1.000000	1.000000	1.000000	1350067827.994301	1.000019	67.027103	53.800594	2.869055	1.000000	1.000000	1.000000	1.000000	1.000000	1.000000	1.000000	1.000000	1.000000	1.000000	1.000001	0.992744	1.000000	1.000000	0.999951	0.003257	
1350067828.994247	1.000000	67.001633	53.785950	6.109070	1.000000	1.000000	1.000000	1.000000	0.999966	0.000966	1.000000	1.000000	1.000000	1.000000	1.000000	1.000000	1.000000	1.000000	1.000000	1.000000	1350067828.994303	1.000002	67.104257	53.870960	2.727046	1.000000	1.000000	1.000000	1.000000	1.000000	1.000000	1.000000	1.000000	1.000000	1.000000	1.000000	1.000000	1.000000	1.000000	0.999999	0.003310	
1350067829.994247	1.000000	67.058838	53.830902	6.121399	1.000000	1.000000	1.000000	1.000000	1.000001	0.000630	1.000000	1.000000	1.000000	1.000000	1.000000	1.000000	1.000000	1.000000	1.000000	1.000000	1350067829.994301	0.999998	67.412757	54.177975	2.718725	1.000000	1.000000	1.000000	1.000000	1.000000	1.000000	1.000000	1.000000	1.000000	1.000000	1.000000	1.000000	1.000000	1.000000	0.999980	0.005608	
1350067830.994247	1.000000	67.063751	53.833359	6.127563	1.000000	1.000000	1.000000	1.000000	0.999976	0.000630	1.000000	1.000000	1.000000	1.000000	1.000000	1.000000	1.000000	1.000000	1.000000	1.000000	1350067830.994309	1.000008	67.387347	54.155735	2.704019	1.000000	1.000000	1.000000	1.000000	1.000000	1.000000	1.000000	1.000000	1.000000	1.000000	1.000000	1.000000	1.000000	1.000000	1.000019	0.005643	
1350067831.994247	1.000000	67.074600	53.840927	6.109070	1.000000	1.000000	1.000000	1.000000	1.000002	0.000687	1.000000	1.000000	1.000000	1.000000	1.000000	1.000000	1.000000	1.000000	1.000000	1.000000	1350067831.994304	0.999995	67.219453	53.993984	2.709975	1.000000	1.000000	1.000000	1.000000	1.000000	1.000000	1.000000	1.000000	1.000000	1.000000	1.000000	1.000000	1.000000	1.000000	0.999973	0.004429	
1350067832.994248	1.000001	67.093030	53.860468	6.109064	1.000000	1.000000	1.000000	1.000000	0.999986	0.000624	1.000000	1.000000	1.000000	1.000000	1.000000	1.000000	1.000000	1.000000	1.000000	1.000000	1350067832.994302	0.999998	67.405234	54.164822	2.717367	1.000000	1.000000	1.000000	1.000000	1.000000	1.000000	1.000000	1.000000	1.000000	1.000000	1.000000	1.000000	1.000000	1.000000	1.000004	0.005481	
1350067833.994248	1.000000	66.879883	53.645691	6.121399	1.000000	1.000000	1.000000	1.000000	1.000006	0.000957	1.000000	1.000000	1.000000	1.000000	1.000000	1.000000	1.000000	1.000000	1.000000	1.000000	1350067833.994303	1.000001	67.160931	53.917887	2.741697	1.000000	1.000000	1.000000	1.000000	1.000000	1.000000	1.000000	1.000000	0.999999	1.000000	1.000000	1.000000	1.000000	1.000000	1.000031	0.005751	
1350067834.994248	1.000000	67.193161	53.958405	6.115234	1.000000	1.000000	1.000000	1.000000	0.999988	0.002612	1.000000	1.000000	1.000000	1.000000	1.000000	1.000000	1.000000	1.000000	1.000000	1.000000	1350067834.994305	1.000002	67.291421	54.047138	2.826319	1.000000	1.000000	1.000000	1.000000	1.000000	1.000000	1.000000	1.000000	1.000001	1.000000	1.000000	1.000000	1.000000	1.000000	0.999902	0.004227	
1350067835.994247	0.999999	67.316989	54.082556	6.090567	1.000000	1.000000	1.000000	1.000000	0.999965	0.005175	1.000000	1.000000	1.000000	1.000000	1.000000	1.000000	1.000000	1.000000	1.000000	1.000000	1350067835.994304	0.999999	67.114795	53.870001	3.014300	1.000000	1.000000	1.000000	1.000000	1.000000	1.000000	1.000000	1.000000	1.000000	1.000000	1.000000	1.000000	1.000000	1.000000	1.000111	0.002934	
1350067836.994254	1.000007	67.290383	54.055275	6.121357	1.000000	1.000000	1.000000	1.000000	1.000037	0.004237	1.000000	1.000000	1.000000	1.000000	1.000000	1.000000	1.000000	1.000000	1.000000	1.000000	1350067836.994327	1.000023	67.155567	53.910051	2.986458	1.000000	1.000000	1.000000	1.000000	1.000000	1.000000	1.000000	1.000000	1.000000	1.000000	1.000000	1.000000	1.000000	1.000000	0.999970	0.002974	
1350067837.994248	0.999994	67.230671	54.009233	6.133765	1.000000	1.000000	1.000000	1.000000	0.999993	0.006038	1.000000	1.000000	1.000000	1.000000	1.000000	1.000000	1.000000	1.000000	1.000000	1.000000	1350067837.994304	0.999977	67.149623	53.904813	2.953711	1.000000	1.000000	1.000000	1.000000	1.000000	1.000000	1.000000	1.000000	1.000000	1.000000	1.000000	1.000000	1.000000	1.000000	1.000008	0.003083	
1350067838.994254	1.000006	67.125882	53.890960	6.089243	1.000000	1.000000	1.000000	1.000000	0.999958	0.004483	1.000000	1.000000	1.000000	1.000000	1.000000	1.000000	1.000000	1.000000	1.000000	1.000000	1350067838.994311	1.000007	67.350578	54.106437	2.704724	1.000000	1.000000	1.000000	1.000000	1.000000	0.999991	1.000000	1.000000	1.000000	1.000000	1.000000	1.000000	1.000000	1.000000	0.999993	0.008247	
1350067839.994247	0.999993	67.164084	53.930762	6.115277	1.000000	1.000000	1.000000	1.000000	1.000002	0.001799	1.000000	1.000000	1.000000	1.000000	1.000000	1.000000	1.000000	1.000000	1.000000	1.000000	1350067839.994303	0.999992	67.287456	54.042766	2.859825	1.000000	1.000000	1.000000	1.000000	1.000000	1.000000	1.000000	1.000000	1.000000	1.000000	1.000000	1.000000	1.000000	1.000000	1.000002	0.004436	
1350067840.994248	1.000001	67.316662	54.081736	6.133722	1.000000	1.000000	1.000000	1.000000	1.000190	0.005500	1.000000	1.000000	1.000000	1.000000	1.000000	1.000000	1.000000	1.000000	1.000000	1.000000	1350067840.994283	0.999980	67.102525	53.856898	3.112306	1.000000	1.000000	1.000000	1.000000	1.000000	1.000000	1.000000	1.000000	1.000000	0.999999	1.000000	1.000000	1.000000	1.000000	0.999980	0.002416	
1350067841.994247	0.999999	67.216953	53.981527	6.121405	1.000000	1.000000	1.000000	1.000000	0.999473	0.001998	1.000000	1.000000	1.000000	1.000000	1.000000	1.000000	1.000000	1.000000	1.000000	1.000000	1350067841.994304	1.000021	67.306419	54.071711	2.794543	1.000000	1.000000	1.000000	1.000000	1.000000	1.000000	1.000000	1.000000	1.000000	1.000000	1.000000	1.000000	1.000000	1.000000	1.000022	0.005007	
1350067842.994248	1.000001	67.143002	53.907526	6.127558	1.000000	1.000000	1.000000	1.000000	0.999989	0.000613	1.000000	1.000000	1.000000	1.000000	1.000000	1.000000	1.000000	1.000000	1.000000	1.000000	1350067842.994302	0.999998	67.476813	54.230633	2.712148	1.000000	1.000000	1.000000	1.000000	1.000000	1.000000	1.000000	1.000000	1.000000	1.000000	1.000000	1.000000	1.000000	1.000000	0.999993	0.005923	
1350067843.994247	0.999999	67.174014	53.940420	6.121405	1.000000	1.000000	1.000000	1.000000	1.000041	0.002448	1.000000	1.000000	1.000000	1.000000	1.000000	1.000000	1.000000	1.000000	1.000000	1.000000	1350067843.994304	1.000002	67.307916	54.062122	2.722148	1.000000	1.000000	1.000000	1.000000	1.000000	1.000000	1.000000	1.000000	1.000000	1.000000	1.000000	1.000000	1.000000	1.000000	1.000010	0.004373	
1350067844.994248	1.000001	67.203412	53.968607	6.084406	1.000000	1.000000	1.000000	1.000000	0.999981	0.001579	1.000000	1.000000	1.000000	1.000000	1.000000	1.000000	1.000000	1.000000	1.000000	1.000000	1350067844.994304	1.000000	67.350632	54.102295	2.773560	1.000000	1.000000	1.000000	1.000000	1.000000	1.000000	1.000000	1.000000	1.000000	1.000000	1.000000	1.000000	1.000000	1.000000	0.999924	0.004401	
1350067845.994247	0.999999	67.322589	54.087835	6.127569	1.000000	1.000000	1.000000	1.000000	0.999957	0.003889	1.000000	1.000000	1.000000	1.000000	1.000000	1.000000	1.000000	1.000000	1.000000	1.000000	1350067845.994303	0.999999	67.094882	53.848150	2.892596	1.000000	1.000001	1.000000	1.000000	1.000000	1.000000	1.000000	1.000000	1.000000	1.000000	1.000000	1.000000	1.000000	1.000000	1.000128	0.002269	
1350067846.994247	1.000000	67.286102	54.050568	6.121399	1.000000	1.000000	1.000000	1.000000	1.000051	0.002617	1.000000	1.000000	1.000000	1.000000	1.000000	1.000000	1.000000	1.000000	1.000000	1.000000	1350067846.994304	1.000001	67.101575	53.854471	2.817441	1.000000	1.000000	1.000000	1.000000	1.000000	1.000000	1.000000	1.000000	1.000000	1.000000	1.000000	1.000000	1.000000	1.000000	0.999858	0.002289	
1350067847.994248	1.000001	67.240643	54.007212	6.127558	1.000000	1.000000	1.000000	1.000000	1.000014	0.002622	1.000000	1.000000	1.000000	1.000000	1.000000	1.000000	1.000000	1.000000	1.000000	1.000000	1350067847.994301	0.999997	67.354365	54.106933	2.758569	1.000000	1.000000	1.000000	1.000000	1.000000	1.000000	1.000000	1.000000	1.000000	1.000000	1.000000	1.000000	1.000000	1.000000	1.000012	0.004651	
1350067848.994248	1.000000	67.173080	53.949371	6.109070	1.000000	1.000000	1.000000	1.000000	1.000007	0.001181	1.000000	1.000000	1.000000	1.000000	1.000000	1.000000	1.000000	1.000000	1.000000	1.000000	1350067848.994302	1.000001	67.229428	53.981607	2.709607	1.000000	1.000000	1.000000	1.000000	1.000000	1.000000	1.000000	1.000000	1.000000	1.000000	1.000000	1.000000	1.000000	1.000000	1.000049	0.003644	
1350067849.994257	1.000009	715755666.257433	715789043.353890	715795677.080074	0.999989	1.000210	0.999987	1.000216	0.999990	1.000220	0.999989	1.000211	0.999990	1.000215	0.999992	1.000209	0.999989	1.000215	0.999989	1.000212	1350067849.994357	1.000055	715767257.169192	715749074.613446	715745139.579923	0.999989	1.000209	0.999987	1.000214	3.893080	0.256919	0.999990	1.000213	0.999989	1.000214	0.999992	1.000210	0.999989	1.000214	0.999990	1.000213	
1350067850.994248	0.999991	0.000000	0.000000	0.000000	-nan	-nan	-nan	-nan	0.000000	inf	-nan	-nan	-nan	0.000000	-nan	-nan	-nan	-nan	-nan	-nan	1350067850.994318	0.999961	0.000000	0.000000	0.000000	-nan	-nan	-nan	-nan	0.000000	inf	-nan	-nan	-nan	-nan	-nan	-nan	-nan	-nan	-nan	-nan	
