ts_0	elapsed_0	pkg_0	pp0_0	dram_0	freq_ratio_0_0	c0_ratio_0_0	freq_ratio_0_1	c0_ratio_0_1	freq_ratio_0_2	c0_ratio_0_2	freq_ratio_0_3	c0_ratio_0_3	freq_ratio_0_4	c0_ratio_0_4	freq_ratio_0_5	c0_ratio_0_5	freq_ratio_0_6	c0_ratio_0_6	freq_ratio_0_7	c0_ratio_0_7	ts_1	elapsed_1	pkg_1	pp0_1	dram_1	freq_ratio_1_0	c0_ratio_1_0	freq_ratio_1_1	c0_ratio_1_1	freq_ratio_1_2	c0_ratio_1_2	freq_ratio_1_3	c0_ratio_1_3	freq_ratio_1_4	c0_ratio_1_4	freq_ratio_1_5	c0_ratio_1_5	freq_ratio_1_6	c0_ratio_1_6	freq_ratio_1_7	c0_ratio_1_7	
1350067817.994689	1.000159	72.313253	59.195298	4.943931	1.000000	1.000000	1.000000	1.000000	1.000000	1.000000	1.000000	1.000000	1.000000	1.000000	1.000000	1.000000	1.000000	1.000000	1.000000	1.000000	1350067817.994732	1.000154	59.341965	46.247027	2.818383	1.000000	1.000001	1.000000	1.000000	1.000000	1.000000	1.000000	1.000000	1.000000	1.000000	0.999998	1.000000	1.000001	0.003391	1.000117	0.001225	
1350067818.994686	0.999997	72.334102	59.201737	4.954666	1.000000	1.000000	1.000000	1.000000	1.000000	1.000000	1.000000	1.000000	1.000000	1.000000	1.000000	1.000000	1.000000	1.000000	1.000000	1.000000	1350067818.994720	0.999988	59.429847	46.318271	2.744936	1.000000	1.000000	1.000000	1.000000	1.000000	1.000000	1.000000	1.000000	1.000000	1.000000	1.000002	1.000000	0.999942	0.002377	0.999718	0.000730	
1350067819.994686	1.000000	72.356735	59.216583	4.949707	1.000000	1.000000	1.000000	1.000000	1.000000	1.000000	1.000000	1.000000	1.000000	1.000000	1.000000	1.000000	1.000000	1.000000	1.000000	1.000000	1350067819.994720	1.000000	59.526535	46.409012	2.709885	1.000000	1.000000	0.999994	1.000000	1.000000	1.000000	1.000000	1.000000	1.000000	1.000000	1.000000	1.000000	0.999983	0.002273	1.000310	0.000614	
1350067820.994693	1.000007	72.324588	59.197757	4.944668	1.000000	1.000000	1.000000	1.000000	1.000000	1.000000	1.000000	1.000000	1.000000	1.000000	1.000000	1.000000	1.000000	1.000000	1.000000	1.000000	1350067820.994727	1.000007	59.487550	46.380188	2.707135	1.000000	1.000000	1.000006	1.000000	1.000000	1.000000	1.000000	1.000000	1.000000	1.000000	1.000000	1.000000	0.999949	0.002373	0.999813	0.000684	
1350067821.994686	0.999993	66.175567	53.036255	4.949665	1.000000	1.000000	0.999834	0.007859	1.000000	1.000000	1.000000	1.000000	1.000000	1.000000	1.000000	1.000000	1.000000	1.000000	1.000000	1.000000	1350067821.994745	1.000018	65.717102	52.592169	2.725842	1.000000	1.000000	1.000000	1.000000	0.999997	1.000000	1.000000	1.000000	1.000000	1.000000	1.000000	1.000000	1.000001	0.994022	0.999954	0.002648	
1350067822.994686	1.000000	66.135803	52.996307	4.949707	1.000000	1.000000	0.999930	0.000394	1.000000	1.000000	1.000000	1.000000	1.000000	1.000000	1.000000	1.000000	1.000000	1.000000	1.000000	1.000000	1350067822.994746	1.000001	65.584746	52.455287	2.722211	1.000000	1.000000	1.000000	1.000000	1.000002	1.000000	1.000000	1.000000	1.000000	1.000000	1.000000	1.000000	1.000000	1.000000	1.000060	0.002973	
1350067823.994685	0.999999	66.197466	53.058248	4.959691	1.000000	1.000000	1.000016	0.000692	1.000000	1.000000	1.000000	1.000000	1.000000	1.000000	1.000000	1.000000	1.000000	1.000000	1.000000	1.000000	1350067823.994742	0.999996	65.554740	52.421172	2.708995	1.000000	1.000000	0.999994	1.000000	1.000000	1.000000	1.000000	1.000000	1.000000	1.000000	1.000000	1.000000	1.000000	1.000000	0.999977	0.002663	
1350067824.994686	1.000001	66.133039	52.993342	4.954692	1.000000	1.000000	1.001829	0.000389	1.000000	1.000000	1.000000	1.000000	1.000000	1.000000	1.000000	1.000000	1.000000	1.000000	1.000000	1.000000	1350067824.994747	1.000005	65.607231	52.472210	2.703493	1.000000	1.000000	1.000001	0.999998	1.000000	1.000000	1.000000	1.000000	1.000000	1.000000	1.000000	1.000000	1.000000	1.000000	0.999987	0.002830	
1350067825.994685	0.999999	66.268648	53.127645	4.959691	1.000000	1.000000	0.998074	0.000361	1.000000	1.000000	1.000000	1.000000	1.000000	1.000000	1.000000	1.000000	1.000000	1.000000	1.000000	1.000000	1350067825.994739	0.999992	65.612760	52.476301	2.709235	1.000000	1.000000	1.000005	1.000001	0.999998	1.000000	1.000000	1.000000	1.000000	1.000000	1.000000	1.000000	1.000000	1.000000	0.999896	0.002750	
1350067826.994686	1.000001	66.405729	53.264231	4.959682	1.000000	1.000000	0.999833	0.000376	1.000000	1.000000	1.000000	1.000000	1.000000	1.000000	1.000000	1.000000	1.000000	1.000000	1.000000	1.000000	1350067826.994744	1.000005	65.636360	52.498455	2.712160	1.000000	1.000000	0.999998	1.000000	1.000002	1.000000	1.000000	1.000000	1.000000	1.000000	1.000000	1.000000	1.000000	1.000000	1.000079	0.002909	
1350067827.994685	0.999999	66.380862	53.252340	4.939732	1.000000	1.000000	1.001912	0.000383	1.000000	1.000000	1.000000	1.000000	1.000000	1.000000	1.000000	1.000000	1.000000	1.000000	1.000000	1.000000	1350067827.994743	0.999999	65.656938	52.518025	2.714541	1.000000	1.000000	1.000002	0.999999	1.000000	1.000000	1.000000	1.000000	1.000000	1.000000	1.000000	1.000000	1.000000	1.000000	0.999980	0.002858	
1350067828.994686	1.000001	66.537137	53.395167	4.954692	1.000000	1.000000	1.000011	0.000689	1.000000	1.000000	1.000000	1.000000	1.000000	1.000000	1.000000	1.000000	1.000000	1.000000	1.000000	1.000000	1350067828.994745	1.000002	65.660428	52.521232	2.704157	0.999994	1.000000	1.000000	1.000001	1.000000	1.000000	1.000000	1.000000	1.000000	1.000000	1.000000	1.000000	1.000000	1.000000	0.999971	0.002815	
1350067829.994685	0.999999	66.495165	53.352300	4.949712	1.000000	1.000000	0.998034	0.000360	1.000000	1.000000	1.000000	1.000000	1.000000	1.000000	1.000000	1.000000	1.000000	1.000000	1.000000	1.000000	1350067829.994742	0.999997	65.657995	52.516749	2.709237	1.000006	1.000000	1.000000	1.000000	1.000000	0.999998	1.000000	1.000000	1.000000	1.000000	1.000000	1.000000	1.000000	1.000000	0.999922	0.002754	
1350067830.994686	1.000001	66.580030	53.438212	4.949702	1.000000	1.000000	1.000289	0.000383	1.000000	1.000000	1.000000	1.000000	1.000000	1.000000	1.000000	1.000000	1.000000	1.000000	1.000000	1.000000	1350067830.994743	1.000001	65.610777	52.480999	2.706342	0.999994	1.000000	1.000000	1.000000	1.000000	1.000002	1.000000	1.000000	1.000000	1.000000	1.000000	1.000000	1.000000	1.000000	1.000052	0.002893	
1350067831.994685	0.999999	66.555758	53.412969	4.959691	1.000000	1.000000	1.000032	0.002300	1.000000	1.000000	1.000000	1.000000	1.000000	1.000000	1.000000	1.000000	1.000000	1.000000	1.000000	1.000000	1350067831.994741	0.999998	65.689853	52.550119	2.703802	1.000006	1.000001	1.000000	1.000000	1.000000	1.000000	1.000000	1.000000	1.000000	1.000000	1.000000	1.000000	1.000000	1.000000	0.999947	0.002773	
1350067832.994686	1.000001	66.528181	53.385188	4.934733	1.000000	1.000000	0.999798	0.000375	1.000000	1.000000	1.000000	1.000000	1.000000	1.000000	1.000000	1.000000	1.000000	1.000000	1.000000	1.000000	1350067832.994744	1.000003	65.693079	52.552434	2.701225	1.000000	1.000000	0.999998	1.000000	1.000000	0.999999	1.000000	1.000000	1.000000	1.000000	1.000000	1.000000	1.000000	1.000000	1.000009	0.002907	
1350067833.994686	1.000000	66.256622	53.112823	4.954697	1.000000	1.000000	0.999831	0.000694	1.000000	1.000000	1.000000	1.000000	1.000000	1.000000	1.000000	1.000000	1.000000	1.000000	1.000000	1.000000	1350067833.994743	0.999999	65.460008	52.319065	2.695559	1.000000	1.000000	1.000002	1.000000	1.000000	1.000000	1.000000	1.000000	1.000000	1.000000	1.000000	1.000000	1.000000	1.000000	0.999981	0.002665	
1350067834.994686	1.000000	66.597855	53.453934	4.959579	1.000000	1.000000	0.999942	0.000589	1.000000	1.000000	1.000000	1.000000	1.000000	1.000000	1.000000	1.000000	1.000000	1.000000	1.000000	1.000000	1350067834.994746	1.000003	65.704081	52.559270	2.709174	1.000000	0.999998	1.000000	1.000000	1.000000	1.000000	1.000000	1.000000	1.000000	1.000000	1.000000	1.000000	1.000000	1.000000	1.000000	0.002819	
1350067835.994685	0.999999	66.560229	53.415212	4.954701	1.000000	1.000000	1.001812	0.000390	1.000000	1.000000	1.000000	1.000000	1.000000	1.000000	1.000000	1.000000	1.000000	1.000000	1.000000	1.000000	1350067835.994745	0.999999	65.709810	52.564259	2.698199	1.000000	1.000002	1.000000	1.000000	1.000000	1.000000	1.000000	1.000000	1.000000	1.000000	1.000000	1.000000	1.000000	1.000000	0.999975	0.002616	
1350067836.994685	1.000000	66.539551	53.409317	4.939728	1.000000	1.000000	0.999984	0.000383	1.000000	1.000000	1.000000	1.000000	1.000000	1.000000	1.000000	1.000000	1.000000	1.000000	1.000000	1.000000	1350067836.994766	1.000021	65.722483	52.578197	2.712132	1.000000	1.000000	1.000000	1.000000	1.000000	1.000000	1.000000	1.000000	1.000000	1.000000	1.000000	1.000000	1.000000	1.000000	0.999979	0.002785	
1350067837.994686	1.000001	66.573682	53.415415	4.964671	1.000000	1.000000	0.997981	0.000354	1.000000	1.000000	1.000000	1.000000	1.000000	1.000000	1.000000	1.000000	1.000000	1.000000	1.000000	1.000000	1350067837.994744	0.999978	65.724785	52.580606	2.714903	1.000000	1.000000	0.999998	1.000000	1.000000	1.000000	1.000000	1.000000	1.000000	1.000000	1.000000	1.000000	1.000000	1.000000	0.999938	0.002872	
1350067838.994686	1.000000	64.601837	51.465988	4.953903	1.000000	1.000000	1.000005	0.004724	0.999999	0.707026	1.000000	1.000000	1.000000	1.000000	1.000000	1.000000	1.000000	1.000000	1.000000	1.000000	1350067838.994776	1.000032	67.591469	54.445740	2.714437	1.000000	1.000000	1.000002	1.000000	1.000000	1.000000	1.000000	1.000000	1.000000	1.000000	1.000000	1.000000	1.000000	1.000000	1.000003	0.297628	
1350067839.994685	0.999999	60.108425	46.964812	4.949712	1.000000	1.000000	0.999965	0.000378	0.999946	0.000007	1.000000	1.000000	1.000000	1.000000	1.000000	1.000000	1.000000	1.000000	1.000000	1.000000	1350067839.994769	0.999993	72.003153	58.858042	2.707096	1.000000	1.000000	1.000000	1.000000	1.000000	1.000000	1.000000	1.000000	1.000000	1.000000	1.000000	1.000000	1.000000	1.000000	1.000000	1.000000	
1350067840.994686	1.000001	60.109592	46.964982	4.959666	1.000000	1.000000	1.000235	0.000485	0.999959	0.000065	1.000000	1.000000	1.000000	1.000000	1.000000	1.000000	1.000000	1.000000	1.000000	1.000000	1350067840.994772	1.000003	71.964254	58.830903	2.712699	1.000000	1.000000	1.000000	1.000000	1.000000	1.000000	1.000000	1.000000	1.000000	1.000000	1.000000	1.000000	1.000000	1.000000	1.000000	1.000000	
1350067841.994685	0.999999	60.143231	47.001143	4.949712	1.000000	1.000000	0.999946	0.002350	1.000794	0.000019	1.000000	1.000000	1.000000	1.000000	1.000000	1.000000	1.000000	1.000000	1.000000	1.000000	1350067841.994766	0.999994	72.018786	58.886002	2.715150	1.000000	1.000000	0.999995	1.000000	1.000000	1.000000	1.000000	1.000000	1.000000	1.000000	1.000000	1.000000	1.000000	1.000000	1.000000	1.000000	
1350067842.994685	1.000000	60.156754	47.014771	4.949692	1.000000	1.000000	0.999863	0.000402	0.989443	0.000066	1.000000	1.000000	1.000000	1.000000	1.000000	1.000000	1.000000	1.000000	1.000000	1.000000	1350067842.994770	1.000004	72.026731	58.896810	2.712788	1.000000	1.000000	1.000000	1.000000	1.000000	1.000000	1.000000	1.000000	1.000000	1.000000	1.000000	1.000000	1.000000	1.000000	1.000000	1.000000	
1350067843.994685	1.000000	60.171295	47.029785	4.934677	1.000000	1.000000	1.000334	0.002105	1.006281	0.000108	1.000000	1.000000	1.000000	1.000000	1.000000	1.000000	1.000000	1.000000	1.000000	1.000000	1350067843.994775	1.000005	72.006826	58.884288	2.715578	1.000000	1.000000	1.000005	1.000000	1.000000	1.000000	1.000000	1.000000	1.000000	1.000000	1.000000	1.000000	1.000000	1.000000	1.000000	1.000000	
1350067844.994685	1.000000	60.126999	46.986130	4.949707	1.000000	1.000000	0.998351	0.000400	0.990075	0.000053	1.000000	1.000000	1.000000	1.000000	1.000000	1.000000	1.000000	1.000000	1.000000	1.000000	1350067844.994770	0.999995	72.030237	58.910665	2.715239	1.000000	1.000000	1.000000	1.000000	1.000000	1.000000	1.000000	1.000000	1.000000	1.000000	1.000000	1.000000	1.000000	1.000000	1.000000	1.000000	
1350067845.994685	1.000000	60.110519	46.969528	4.954697	1.000000	1.000000	0.999838	0.000378	1.018974	0.000028	1.000000	1.000000	1.000000	1.000000	1.000000	1.000000	1.000000	1.000000	1.000000	1.000000	1350067845.994769	0.999999	72.122231	59.006206	2.715289	1.000000	1.000000	1.000000	1.000000	1.000000	1.000000	1.000000	1.000000	1.000000	1.000000	1.000000	1.000000	1.000000	1.000000	1.000000	1.000000	
1350067846.994686	1.000001	60.123966	46.982453	4.949702	1.000000	1.000000	1.001676	0.000428	1.000048	0.000064	1.000000	1.000000	1.000000	1.000000	1.000000	1.000000	1.000000	1.000000	1.000000	1.000000	1350067846.994771	1.000002	72.209213	59.094278	2.715495	1.000000	1.000000	1.000000	1.000000	1.000000	1.000000	1.000000	1.000000	1.000000	1.000000	1.000000	1.000000	1.000000	1.000000	1.000000	1.000000	
1350067847.994685	0.999999	60.069470	46.940734	4.939732	1.000000	1.000000	1.000030	0.000411	1.001151	0.000012	1.000000	1.000000	1.000000	1.000000	1.000000	1.000000	0.999998	1.000000	1.000000	1.000000	1350067847.994776	1.000005	72.143728	59.029673	2.715318	1.000000	1.000000	1.000000	1.000000	1.000000	1.000000	1.000000	1.000000	1.000000	1.000000	0.999999	1.000000	1.000000	1.000000	1.000000	1.000000	
1350067848.994686	1.000001	60.162296	47.020951	4.944713	1.000000	1.000000	0.998928	0.000704	0.999798	0.000097	1.000000	1.000000	1.000000	1.000000	1.000000	1.000000	1.000002	1.000000	1.000000	0.999998	1350067848.994773	0.999997	72.078165	58.978088	2.701958	1.000000	1.000000	1.000000	1.000000	1.000000	1.000000	1.000000	1.000000	1.000000	1.000000	1.000001	1.000000	1.000000	1.000000	1.000000	1.000000	
1350067849.994694	1.000008	715779426.623514	715787172.760017	715785381.356066	0.999986	1.000187	0.999983	1.000191	0.999993	1.000187	0.999985	1.000187	0.999986	1.000191	0.999988	1.000185	0.999986	1.000190	0.999986	1.000188	1350067849.994796	1.000023	715784716.958367	715768604.091001	715775776.105421	0.999986	1.000188	0.999983	1.000190	3.893325	0.256896	0.999986	1.000187	0.999986	1.000190	0.999988	1.000185	0.999986	1.000190	0.999986	1.000188	
1350067850.994686	0.999992	0.000000	0.000000	0.000000	-nan	-nan	-nan	-nan	0.000000	inf	-nan	-nan	-nan	0.000000	-nan	-nan	-nan	-nan	-nan	-nan	1350067850.994766	0.999970	0.000000	0.000000	0.000000	-nan	-nan	-nan	-nan	0.000000	inf	-nan	-nan	-nan	-nan	-nan	-nan	-nan	-nan	-nan	-nan	
