ts_0	elapsed_0	pkg_0	pp0_0	dram_0	freq_ratio_0_0	c0_ratio_0_0	freq_ratio_0_1	c0_ratio_0_1	freq_ratio_0_2	c0_ratio_0_2	freq_ratio_0_3	c0_ratio_0_3	freq_ratio_0_4	c0_ratio_0_4	freq_ratio_0_5	c0_ratio_0_5	freq_ratio_0_6	c0_ratio_0_6	freq_ratio_0_7	c0_ratio_0_7	ts_1	elapsed_1	pkg_1	pp0_1	dram_1	freq_ratio_1_0	c0_ratio_1_0	freq_ratio_1_1	c0_ratio_1_1	freq_ratio_1_2	c0_ratio_1_2	freq_ratio_1_3	c0_ratio_1_3	freq_ratio_1_4	c0_ratio_1_4	freq_ratio_1_5	c0_ratio_1_5	freq_ratio_1_6	c0_ratio_1_6	freq_ratio_1_7	c0_ratio_1_7	
1349418108.005960	1.001105	60.100912	46.661266	0.000000	0.999842	0.935351	0.999846	0.959363	0.999985	0.934195	0.999915	0.925662	0.999952	0.915291	0.999912	0.916323	0.999964	0.915256	0.999916	0.915148	1349418108.006045	1.000335	61.305514	47.768468	0.000000	1.000001	0.934696	0.999883	0.918879	0.999965	0.971352	0.999973	0.918505	1.000001	0.917319	0.999981	0.917522	1.000001	0.915905	0.999950	0.935742	
1349418109.005958	0.999998	63.833770	50.265156	0.000000	0.999987	0.997004	0.999988	0.997313	1.000000	0.996972	0.999988	0.997192	1.000000	0.996981	0.999976	0.997179	1.000000	0.996988	0.999989	0.997139	1349418109.006045	1.000000	64.894424	51.207718	0.000000	1.000000	0.997102	1.000000	0.996967	1.000000	0.999993	1.000000	0.997243	1.000000	0.997070	1.000000	0.997052	1.000000	0.996951	1.000000	0.997181	
1349418110.005957	0.999999	55.808906	42.264704	0.000000	0.999864	0.819494	0.999923	0.819324	0.999979	0.819071	0.999963	0.819166	1.000000	0.819035	0.999929	0.819221	1.000000	0.819023	0.999965	0.819154	1349418110.006039	0.999994	58.854584	45.210856	0.000000	1.000000	0.819044	1.000000	0.819069	1.000000	1.000000	1.000000	0.819276	1.000000	0.819088	1.000000	0.819031	1.000000	0.819054	1.000000	0.819264	
1349418111.005958	1.000001	63.969299	50.365797	0.000000	0.999989	0.993859	1.000000	0.994009	1.000000	0.993874	1.000000	0.993963	1.000000	0.993806	1.000000	0.993919	0.999999	0.993799	1.000000	0.993959	1349418111.006044	1.000005	65.127756	51.399843	0.000000	1.000000	0.993876	1.000000	0.993896	1.000000	1.000000	1.000000	0.993964	1.000000	0.993871	1.000000	0.993919	1.000000	0.993879	1.000000	0.993960	
1349418112.005957	0.999999	62.777785	49.223878	0.000000	0.999876	0.977330	0.999910	0.977317	0.999988	0.977034	0.999905	0.977312	0.999974	0.977088	0.999897	0.977327	0.999975	0.977079	0.999923	0.977273	1349418112.006042	0.999998	64.020599	50.358968	0.000000	1.000000	0.977087	1.000000	0.977113	1.000000	1.000000	1.000000	0.977413	1.000000	0.977144	1.000000	0.977066	1.000000	0.977054	1.000000	0.977408	
1349418113.005970	1.000013	64.128233	50.480219	0.000000	0.999937	0.987087	0.999952	0.987158	0.999992	0.986980	0.999954	0.987136	0.999981	0.986965	0.999942	0.987155	0.999973	0.986976	0.999955	0.987139	1349418113.006063	1.000021	65.360643	51.581437	0.000000	1.000000	0.987027	1.000000	0.987024	1.000000	1.000000	1.000000	0.987180	1.000000	0.987038	1.000000	0.986979	1.000000	0.987010	1.000000	0.987176	
1349418114.005958	0.999988	62.834993	49.274940	0.000000	0.999971	0.975075	0.999989	0.975190	0.999984	0.974997	0.999988	0.975136	1.000000	0.974978	0.999976	0.975154	1.000000	0.974973	0.999989	0.975128	1349418114.006043	0.999980	64.203831	50.514516	0.000000	1.000000	0.974994	1.000000	0.975001	1.000000	1.000000	1.000000	0.975176	1.000000	0.975020	1.000000	0.974972	1.000000	0.974934	1.000000	0.975170	
1349418115.005956	0.999998	715778705.638614	715809144.314530	715829250.057560	0.999971	1.000020	0.999972	1.000038	0.999981	1.000032	0.999972	1.000024	0.999972	1.000027	0.999976	1.000029	0.999972	1.000028	0.999973	1.000031	1349418115.006068	1.000025	715797933.575534	715779741.228440	715809965.170164	0.999972	1.000025	0.999971	1.000033	3.894161	0.256798	0.999972	1.000026	0.999971	1.000023	0.999977	1.000033	0.999972	1.000029	0.999973	1.000029	
1349418116.005949	0.999993	0.000000	0.000000	0.000000	-nan	-nan	-nan	-nan	8.000000	inf	-nan	-nan	-nan	0.000000	-nan	-nan	-nan	-nan	-nan	-nan	1349418116.006029	0.999961	0.000000	0.000000	0.000000	-nan	-nan	-nan	-nan	0.000000	inf	-nan	-nan	-nan	-nan	-nan	-nan	-nan	-nan	-nan	-nan	
