ts_0	elapsed_0	pkg_0	pp0_0	dram_0	freq_ratio_0_0	c0_ratio_0_0	freq_ratio_0_1	c0_ratio_0_1	freq_ratio_0_2	c0_ratio_0_2	freq_ratio_0_3	c0_ratio_0_3	freq_ratio_0_4	c0_ratio_0_4	freq_ratio_0_5	c0_ratio_0_5	freq_ratio_0_6	c0_ratio_0_6	freq_ratio_0_7	c0_ratio_0_7	ts_1	elapsed_1	pkg_1	pp0_1	dram_1	freq_ratio_1_0	c0_ratio_1_0	freq_ratio_1_1	c0_ratio_1_1	freq_ratio_1_2	c0_ratio_1_2	freq_ratio_1_3	c0_ratio_1_3	freq_ratio_1_4	c0_ratio_1_4	freq_ratio_1_5	c0_ratio_1_5	freq_ratio_1_6	c0_ratio_1_6	freq_ratio_1_7	c0_ratio_1_7	
1349418108.011280	1.001296	61.492264	48.101812	0.000000	0.999848	0.940081	0.999873	0.952086	0.999941	0.939782	0.999977	0.940222	0.999928	0.930166	0.999953	0.929352	0.999965	0.916904	0.999934	0.902882	1349418108.011356	1.000336	61.081471	47.711847	0.000000	1.000001	0.942602	1.000001	0.941704	1.000001	0.930991	1.000001	0.931133	0.999981	0.931077	1.000001	0.930642	1.000001	0.930110	0.999957	0.967973	
1349418109.011287	1.000007	65.568486	52.016364	0.000000	0.999903	0.997160	0.999950	0.997073	0.999906	0.997150	0.999976	0.997020	0.999907	0.997148	0.999939	0.997089	0.999949	0.996999	0.999941	0.997086	1349418109.011360	1.000004	64.363814	50.864784	0.000000	1.000000	0.997215	1.000000	0.997169	1.000000	0.997005	1.000000	0.997032	1.000000	0.997157	1.000000	0.997050	1.000000	0.997046	1.000000	1.000000	
1349418110.011288	1.000001	57.323783	43.800190	0.000000	0.999833	0.819116	0.999958	0.818869	0.999951	0.818909	0.999989	0.818764	0.999941	0.818921	0.999978	0.818779	0.999964	0.818744	0.999979	0.818775	1349418110.011360	1.000000	57.996948	44.533096	0.000000	1.000000	0.818935	1.000000	0.818932	1.000000	0.818627	1.000000	0.818638	1.000000	0.818926	1.000000	0.818670	1.000000	0.818665	1.000000	1.000000	
1349418111.011277	0.999989	65.837300	52.241357	0.000000	0.999967	0.993806	0.999991	0.993797	0.999982	0.993769	1.000000	0.993755	0.999983	0.993817	0.999992	0.993750	0.999992	0.993622	0.999993	0.993747	1349418111.011361	1.000001	64.306167	50.776654	0.000000	1.000000	0.993869	1.000000	0.993807	1.000000	0.993668	1.000000	0.993681	1.000000	0.993764	1.000000	0.993654	1.000000	0.993650	1.000000	1.000000	
1349418112.011281	1.000004	64.495191	50.965873	0.000000	0.999805	0.976954	0.999929	0.976599	0.999898	0.976715	0.999972	0.976496	0.999879	0.976760	0.999933	0.976578	0.999928	0.976608	0.999943	0.976553	1349418112.011359	0.999998	63.267363	49.798496	0.000000	1.000000	0.976853	1.000000	0.976805	1.000000	0.976570	1.000000	0.976580	1.000000	0.976879	1.000000	0.976688	1.000000	0.976682	1.000000	1.000000	
1349418113.011277	0.999996	65.618949	51.971173	0.000000	0.999821	0.986924	0.999928	0.986739	0.999885	0.986770	0.999964	0.986664	0.999865	0.986846	0.999924	0.986697	0.999940	0.986656	0.999941	0.986706	1349418113.011351	0.999992	64.444279	50.862015	0.000000	1.000000	0.986913	1.000000	0.986875	1.000000	0.986685	1.000000	0.986727	1.000000	0.986908	1.000000	0.986763	1.000000	0.986758	1.000000	1.000000	
1349418114.011275	0.999998	64.105011	50.571630	0.000000	0.999874	0.974868	0.999959	0.974717	0.999926	0.974766	0.999981	0.974574	0.999916	0.974780	0.999952	0.974696	0.999948	0.974702	0.999962	0.974655	1349418114.011348	0.999997	63.323942	49.840822	0.000000	1.000000	0.974905	1.000000	0.974834	1.000000	0.974601	1.000000	0.974643	1.000000	0.974907	1.000000	0.974753	1.000000	0.974748	1.000000	1.000000	
1349418115.011276	1.000001	715775753.850897	715820733.277407	715827202.055601	0.999969	1.000011	0.999971	1.000032	0.999973	1.000037	0.999969	1.000011	0.999972	1.000025	0.999973	1.000016	0.999971	1.000021	0.999972	1.000024	1349418115.011383	1.000035	715744838.497102	715795911.994105	715802797.600788	0.999972	1.000025	0.999967	1.000016	3.894291	0.256785	0.999972	1.000022	0.999972	1.000028	0.999972	1.000012	0.999969	1.000014	0.999973	1.000030	
1349418116.011275	0.999999	0.000000	0.000000	0.000000	-nan	-nan	-nan	-nan	0.000000	inf	-nan	-nan	-nan	0.000000	-nan	-nan	-nan	-nan	-nan	-nan	1349418116.011350	0.999967	0.000000	0.000000	0.000000	-nan	-nan	-nan	-nan	0.000000	inf	-nan	-nan	-nan	-nan	-nan	-nan	-nan	-nan	-nan	-nan	
