ts_0	elapsed_0	pkg_0	pp0_0	dram_0	freq_ratio_0_0	c0_ratio_0_0	freq_ratio_0_1	c0_ratio_0_1	freq_ratio_0_2	c0_ratio_0_2	freq_ratio_0_3	c0_ratio_0_3	freq_ratio_0_4	c0_ratio_0_4	freq_ratio_0_5	c0_ratio_0_5	freq_ratio_0_6	c0_ratio_0_6	freq_ratio_0_7	c0_ratio_0_7	ts_1	elapsed_1	pkg_1	pp0_1	dram_1	freq_ratio_1_0	c0_ratio_1_0	freq_ratio_1_1	c0_ratio_1_1	freq_ratio_1_2	c0_ratio_1_2	freq_ratio_1_3	c0_ratio_1_3	freq_ratio_1_4	c0_ratio_1_4	freq_ratio_1_5	c0_ratio_1_5	freq_ratio_1_6	c0_ratio_1_6	freq_ratio_1_7	c0_ratio_1_7	
1349418108.021077	1.001125	65.458899	51.852687	0.000000	0.999992	0.996100	0.999962	0.986759	0.999922	0.986483	0.999998	0.977701	0.999998	0.966411	1.000000	0.966705	0.999999	0.966356	1.000000	0.966586	1349418108.021176	1.000354	60.264979	46.774028	0.000000	0.999937	0.987855	0.999981	0.987156	1.000001	0.967418	1.000001	0.958455	0.999980	0.958684	0.995419	0.000042	1.000001	0.967466	0.999885	0.988657	
1349418109.021079	1.000002	67.770836	54.038837	0.000000	1.000000	0.999738	0.999998	0.999700	1.000003	0.999759	1.000002	0.999864	1.000001	1.000001	0.999999	0.999636	1.000000	0.999855	1.000000	0.999854	1349418109.021182	1.000006	62.414133	48.807769	0.000000	1.000000	0.999646	1.000000	0.999813	1.000000	0.999789	1.000000	0.999867	1.000000	0.999652	0.996860	0.000069	1.000000	0.999671	1.000000	0.999940	
1349418110.021082	1.000003	67.360646	53.678148	0.000000	1.000000	0.996804	1.000002	0.996750	1.000000	0.996876	1.000000	0.996671	1.000000	0.996760	1.000001	0.996568	1.000001	0.996662	1.000000	0.996750	1349418110.021167	0.999985	62.060579	48.476543	0.000000	1.000000	0.996661	1.000000	0.996798	1.000000	0.996737	1.000000	0.996608	1.000000	0.996620	1.010569	0.000022	1.000000	0.996672	0.999979	0.999873	
1349418111.021075	0.999993	66.799717	52.942367	0.000000	0.999951	0.675017	1.000000	0.994952	1.000000	0.994749	1.000000	0.994784	1.000000	0.994909	1.000000	0.994681	1.000000	0.995014	1.000000	0.994692	1349418111.021158	0.999991	67.074445	53.403011	0.000000	1.000000	0.994927	1.000000	0.994961	1.000000	0.994962	1.000000	0.994737	1.000000	0.994893	1.000001	0.711778	1.000000	0.994888	1.000000	0.999932	
1349418112.021075	1.000000	57.450989	43.620544	0.000000	0.999807	0.789867	0.999885	0.789700	0.999971	0.789575	0.999936	0.789616	0.999887	0.789699	0.999937	0.789615	0.999888	0.789697	0.999912	0.789661	1349418112.021156	0.999998	60.911218	47.275450	0.000000	1.000000	0.789638	1.000000	0.789780	1.000000	0.789764	1.000000	0.789630	1.000000	0.789621	1.000000	0.789762	1.000000	0.789595	1.000000	1.000000	
1349418113.021075	1.000000	67.964203	53.965118	0.000000	0.999979	0.992694	0.999978	0.992759	1.000000	0.992633	0.999978	0.992655	0.999979	0.992756	0.999979	0.992651	0.999980	0.992739	0.999980	0.992647	1349418113.021155	0.999999	69.339712	55.589729	0.000000	1.000000	0.992641	1.000000	0.992825	1.000000	0.992808	1.000000	0.992641	1.000000	0.992620	1.000000	0.992850	1.000000	0.992604	1.000000	0.999997	
1349418114.021073	0.999998	715772488.890047	715805678.018597	715829250.057560	0.999971	1.000019	0.999971	1.000032	0.999981	1.000028	0.999971	1.000021	0.999973	1.000023	0.999974	1.000020	0.999973	1.000030	0.999971	1.000021	1349418114.021699	1.000544	715406716.867915	715423555.296409	715438635.166639	0.999973	1.000027	0.999969	1.000024	3.894270	0.256787	0.999973	1.000029	0.999971	1.000023	0.999976	1.000026	0.999971	1.000024	0.999972	1.000023	
1349418115.021074	1.000001	0.000000	0.000000	0.000000	-nan	-nan	-nan	-nan	0.000000	inf	-nan	-nan	-nan	0.000000	0.000000	inf	-nan	-nan	-nan	-nan	1349418115.021150	0.999451	0.000000	0.000000	0.000000	-nan	-nan	-nan	-nan	0.000000	inf	-nan	-nan	-nan	-nan	-nan	-nan	-nan	-nan	-nan	-nan	
1349418116.021217	1.000143	0.000000	0.000000	0.000000	-nan	-nan	-nan	-nan	2.400938	inf	-nan	-nan	-nan	0.000000	0.000000	inf	-nan	-nan	-nan	-nan	1349418116.021303	1.000153	0.000000	0.000000	0.000000	-nan	-nan	-nan	-nan	inf	-nan	-nan	-nan	-nan	-nan	-nan	-nan	-nan	-nan	-nan	-nan	
