ts_0	elapsed_0	pkg_0	pp0_0	dram_0	freq_ratio_0_0	c0_ratio_0_0	freq_ratio_0_1	c0_ratio_0_1	freq_ratio_0_2	c0_ratio_0_2	freq_ratio_0_3	c0_ratio_0_3	freq_ratio_0_4	c0_ratio_0_4	freq_ratio_0_5	c0_ratio_0_5	freq_ratio_0_6	c0_ratio_0_6	freq_ratio_0_7	c0_ratio_0_7	ts_1	elapsed_1	pkg_1	pp0_1	dram_1	freq_ratio_1_0	c0_ratio_1_0	freq_ratio_1_1	c0_ratio_1_1	freq_ratio_1_2	c0_ratio_1_2	freq_ratio_1_3	c0_ratio_1_3	freq_ratio_1_4	c0_ratio_1_4	freq_ratio_1_5	c0_ratio_1_5	freq_ratio_1_6	c0_ratio_1_6	freq_ratio_1_7	c0_ratio_1_7	
1349417245.455866	1.001246	36.932179	23.411153	0.000000	0.998578	0.002237	0.999978	0.986907	0.999995	0.998187	0.988628	0.000322	0.974813	0.000142	0.960130	0.000118	0.970419	0.000144	0.947723	0.000073	1349417245.456118	1.000508	36.677486	23.183671	0.000000	1.000001	0.987746	0.870785	0.000157	1.001403	0.000111	0.852546	0.000124	1.004796	0.000064	0.958378	0.000264	1.001708	0.000136	0.999984	0.988255	
1349417246.455862	0.999996	37.141004	23.570683	0.000000	1.000070	0.002010	1.000000	0.999702	1.000000	0.999678	0.997769	0.000112	0.992015	0.000084	1.009062	0.000010	0.994020	0.000010	0.991326	0.000088	1349417246.456117	0.999999	36.958409	23.421684	0.000000	1.000000	0.999704	0.994957	0.000011	1.001784	0.000007	1.005222	0.000007	1.000250	0.000093	1.000589	0.000191	0.999749	0.000055	1.000000	1.000000	
1349417247.455862	1.000000	37.223663	23.647110	0.000000	0.999986	0.002208	0.999982	0.999911	0.999983	0.999874	1.000347	0.000259	1.005021	0.000090	1.006842	0.000117	1.003385	0.000159	1.009768	0.000077	1349417247.456117	1.000000	37.012955	23.477585	0.000000	1.000000	0.999996	1.008194	0.000147	0.999807	0.000136	1.000021	0.000111	1.000014	0.004954	0.997739	0.000212	0.994613	0.000099	1.000000	1.000000	
1349417248.455861	0.999999	37.435338	23.858024	0.000000	0.999957	0.006963	1.000000	1.000000	1.000000	0.999991	1.000000	0.006475	0.999999	0.005537	0.999998	0.004744	0.999999	0.004773	0.999999	0.004858	1349417248.456112	0.999995	39.824372	26.282404	0.000000	1.000000	0.999999	0.999882	0.004899	1.000027	0.004822	0.999992	0.004814	0.999987	0.004794	1.000089	0.005228	1.000112	0.004802	1.000000	1.000000	
1349417249.455863	1.000002	37.212469	23.630585	0.000000	0.999916	0.002031	0.999999	0.999996	1.000000	0.999992	0.999965	0.000966	1.000974	0.000224	1.000047	0.000073	0.999981	0.000081	0.999579	0.000009	1349417249.456114	1.000002	36.832831	23.304094	0.000000	1.000000	1.000000	1.000611	0.000090	0.997607	0.000075	0.999459	0.000085	0.994457	0.000007	0.999981	0.000223	1.000019	0.000119	1.000000	1.000000	
1349417250.455863	1.000000	37.216675	23.636780	0.000000	0.999982	0.001816	1.000000	1.000000	1.000000	1.000000	0.999858	0.000120	1.000009	0.000301	1.023236	0.000009	0.982123	0.000010	1.001485	0.000107	1349417250.456118	1.000004	36.841236	23.298810	0.000000	1.000000	1.000000	0.992134	0.000010	1.004142	0.000007	1.007415	0.000007	1.000000	0.000100	0.999968	0.000192	0.999905	0.000089	1.000000	1.000000	
1349417251.455862	0.999999	37.191182	23.611946	0.000000	0.999869	0.001900	1.000001	0.999082	1.000000	0.999059	1.001279	0.000180	0.998735	0.000202	1.000206	0.000077	1.001708	0.000212	1.006417	0.000009	1349417251.456116	0.999998	36.861749	23.322722	0.000000	1.000000	0.999082	1.001205	0.000083	1.000185	0.000073	1.000064	0.000078	1.003108	0.000007	1.000073	0.000228	1.000006	0.000127	1.000000	1.000000	
1349417252.455865	1.000003	37.202491	23.621295	0.000000	0.999699	0.001680	1.000000	0.999991	1.000000	0.999970	0.998941	0.000187	1.000125	0.000306	0.975675	0.000009	0.961683	0.000010	0.997815	0.000091	1349417252.456121	1.000005	36.805297	23.266119	0.000000	1.000000	1.000000	1.002205	0.000010	1.002477	0.000007	1.003213	0.000007	1.000121	0.000096	0.999988	0.000201	0.999500	0.000055	1.000000	1.000000	
1349417253.455863	0.999998	37.175227	23.610793	0.000000	1.000192	0.001913	1.000000	0.999959	1.000000	0.999960	0.999767	0.000147	0.999990	0.000298	0.994391	0.000119	0.999975	0.000092	0.997431	0.000009	1349417253.456121	1.000000	36.844238	23.304611	0.000000	1.000000	1.000000	0.998839	0.000081	0.999746	0.000074	0.999717	0.000080	0.998428	0.000007	0.999972	0.000345	1.000195	0.000108	1.000000	1.000000	
1349417254.455864	1.000001	37.228755	23.647759	0.000000	1.000167	0.001865	0.999999	0.999999	1.000000	0.999999	1.000015	0.000963	1.000628	0.000304	1.000290	0.002273	1.000961	0.000009	0.999893	0.000097	1349417254.456120	0.999999	36.815053	23.274864	0.000000	1.000000	1.000000	1.001471	0.000010	0.995268	0.000007	1.001540	0.000007	0.999796	0.000093	0.999982	0.000190	1.000170	0.000057	1.000000	1.000000	
1349417255.455862	0.999998	37.217921	23.638595	0.000000	0.999774	0.001913	1.000001	0.999981	1.000000	0.999955	1.001380	0.000163	1.000173	0.000232	0.999920	0.000063	1.001054	0.000142	1.003306	0.000009	1349417255.456115	0.999995	36.817872	23.278605	0.000000	1.000000	1.000000	1.000501	0.000086	1.000046	0.000076	0.999868	0.000085	1.002828	0.000007	0.999964	0.000228	0.999912	0.000114	1.000000	1.000000	
1349417256.455863	1.000001	37.205714	23.623742	0.000000	1.000130	0.001671	1.000000	0.999950	1.000000	0.999904	0.997841	0.000110	0.999145	0.000269	1.001308	0.000009	0.984123	0.000009	0.999842	0.000098	1349417256.456119	1.000004	36.907031	23.370145	0.000000	1.000000	1.000000	0.998429	0.000010	0.993283	0.000007	0.997014	0.000007	0.999593	0.000090	1.000080	0.000187	0.999850	0.000054	1.000000	1.000000	
1349417257.455862	0.999999	37.204824	23.626854	0.000000	0.999950	0.001952	1.000000	1.000000	1.000000	1.000000	1.000025	0.000297	1.000736	0.000310	0.991104	0.000077	0.995142	0.000091	0.999317	0.000009	1349417257.456113	0.999994	36.799398	23.273363	0.000000	1.000000	1.000000	0.991764	0.000080	1.001265	0.000074	1.000240	0.000085	1.006267	0.000007	0.999982	0.000215	0.999957	0.000117	1.000000	1.000000	
1349417258.455863	1.000001	37.214900	23.636025	0.000000	1.000089	0.001654	1.000000	0.999511	1.000000	0.999509	1.000175	0.000112	0.997564	0.000240	0.993018	0.000010	1.008673	0.000010	0.990712	0.000096	1349417258.456117	1.000004	36.815662	23.275296	0.000000	1.000000	0.999534	1.000597	0.000011	0.999429	0.000007	1.001428	0.000007	0.992182	0.000090	0.999992	0.000288	1.000290	0.000041	1.000000	1.000000	
1349417259.455862	0.999999	37.203160	23.622871	0.000000	0.999830	0.001945	0.999985	0.999927	0.999993	0.999912	0.999980	0.001020	1.003078	0.000189	1.010313	0.000096	1.002883	0.000134	1.028849	0.000030	1349417259.456107	0.999990	36.887042	23.348119	0.000000	1.000000	1.000000	1.013866	0.000085	0.999808	0.000119	1.000090	0.000107	1.017266	0.000043	0.997794	0.000214	0.995475	0.000113	1.000000	1.000000	
1349417260.455864	1.000002	37.192861	23.612733	0.000000	0.995305	0.001692	0.999967	0.999433	0.999966	0.999433	0.999912	0.000114	0.998600	0.000156	0.975243	0.000009	1.008461	0.000009	1.000666	0.000074	1349417260.456117	1.000010	36.898556	23.358332	0.000000	1.000000	0.999532	0.938934	0.000009	1.003808	0.000007	0.991293	0.000007	0.999561	0.000097	1.001888	0.000245	1.005692	0.000092	1.000000	1.000000	
1349417261.455863	0.999999	37.163533	23.595390	0.000000	1.000138	0.001854	0.999968	0.999873	0.999976	0.999857	0.999994	0.000139	1.001405	0.000155	1.000213	0.000067	0.999934	0.000099	0.997437	0.000009	1349417261.456109	0.999992	36.931223	23.392920	0.000000	1.000000	1.000000	1.000325	0.000089	0.999792	0.000076	1.000440	0.000083	0.993849	0.000007	0.999860	0.000209	0.999958	0.000120	1.000000	1.000000	
1349417262.455864	1.000001	37.200724	23.616829	0.000000	0.999797	0.001652	1.000000	0.999991	1.000000	0.999991	0.999628	0.000227	0.998890	0.000145	0.996400	0.000009	1.005392	0.000009	1.000009	0.000089	1349417262.456117	1.000008	36.953054	23.415444	0.000000	1.000000	1.000000	1.002768	0.000010	1.000049	0.000148	1.002904	0.000007	1.000571	0.000094	1.000144	0.000191	0.999804	0.000043	1.000000	1.000000	
1349417263.455863	0.999999	37.198796	23.613243	0.000000	0.999979	0.001880	0.999983	0.999934	0.999983	0.999934	1.000598	0.000143	0.996376	0.000111	0.990829	0.000070	0.992301	0.000090	0.989337	0.000009	1349417263.456121	1.000004	36.953494	23.415341	0.000000	1.000000	1.000000	1.000382	0.000083	0.999240	0.000077	0.999944	0.000082	0.987981	0.000007	0.999986	0.000325	1.000112	0.000097	1.000000	1.000000	
1349417264.455863	1.000000	37.223602	23.641693	0.000000	0.999819	0.001819	0.999983	0.999938	0.999992	0.999914	1.000222	0.000949	1.003552	0.000156	1.000271	0.002253	0.999618	0.000242	1.001186	0.000088	1349417264.456137	1.000016	36.846106	23.305307	0.000000	1.000000	1.000000	0.978941	0.000010	1.002882	0.000007	1.000859	0.000007	1.000667	0.000098	1.000136	0.000190	0.999602	0.000053	1.000000	1.000000	
1349417265.455863	1.000000	37.211487	23.628845	0.000000	1.000228	0.001957	0.999999	1.000000	1.000000	1.000000	0.998432	0.000126	0.998622	0.000161	1.001149	0.000058	1.001968	0.000370	0.999958	0.000009	1349417265.456115	0.999978	36.850524	23.307274	0.000000	1.000000	1.000000	1.001293	0.000077	1.000080	0.000077	0.999873	0.000079	0.999661	0.000007	0.999873	0.000213	1.000117	0.000125	1.000000	1.000000	
1349417266.455862	0.999999	37.163884	23.585075	0.000000	0.994418	0.001681	0.999963	0.999082	0.999979	0.999051	0.997845	0.000117	0.999986	0.000256	0.997724	0.000009	0.986044	0.000010	0.999917	0.000107	1349417266.456109	0.999994	36.759100	23.233369	0.000000	1.000000	0.999195	0.998019	0.000010	1.006472	0.000007	1.002110	0.000007	1.000004	0.000092	0.999972	0.000191	0.999812	0.000051	1.000000	1.000000	
1349417267.455862	1.000000	37.173599	23.594452	0.000000	0.999861	0.001933	0.999966	0.999848	0.999975	0.999835	1.001570	0.000137	0.999997	0.000233	0.999920	0.000072	1.002099	0.000087	1.000761	0.000009	1349417267.456115	1.000006	36.796610	23.256591	0.000000	1.000000	1.000000	1.001822	0.000084	0.999704	0.000077	0.999857	0.000084	1.000000	0.000007	1.000021	0.000220	0.999969	0.000110	1.000000	1.000000	
1349417268.455863	1.000001	37.136866	23.569970	0.000000	0.999973	0.001741	1.000000	1.000000	1.000000	0.999992	1.000224	0.000109	1.001038	0.000213	1.023962	0.000009	0.995298	0.000010	0.999959	0.000085	1349417268.456107	0.999992	36.801720	23.261373	0.000000	1.000000	1.000000	0.991954	0.000010	0.995349	0.000007	1.000170	0.000007	0.999919	0.000090	1.000076	0.000286	1.000136	0.000042	1.000000	1.000000	
1349417269.455859	0.999996	715770825.882166	715771966.519281	715830786.066720	0.999970	1.000013	0.999969	1.000023	0.999971	1.000023	0.999971	1.000019	0.999972	1.000022	0.999973	1.000012	0.999972	1.000022	0.999971	1.000014	1349417269.455980	0.999873	715893125.282287	715905023.251721	715918861.616293	0.999971	1.000015	0.999969	1.000021	3.894321	0.256783	0.999972	1.000019	0.999971	1.000018	0.999974	1.000017	0.999971	1.000019	0.999971	1.000018	
1349417270.455980	1.000121	0.000000	0.000000	0.000000	-nan	-nan	-nan	-nan	1.000008	inf	-nan	-nan	-nan	0.000000	-nan	-nan	-nan	-nan	-nan	-nan	1349417270.456060	1.000080	0.000000	0.000000	0.000000	-nan	-nan	-nan	-nan	1.345745	inf	-nan	-nan	-nan	-nan	-nan	-nan	-nan	-nan	-nan	-nan	
