ts_0	elapsed_0	pkg_0	pp0_0	dram_0	freq_ratio_0_0	c0_ratio_0_0	freq_ratio_0_1	c0_ratio_0_1	freq_ratio_0_2	c0_ratio_0_2	freq_ratio_0_3	c0_ratio_0_3	freq_ratio_0_4	c0_ratio_0_4	freq_ratio_0_5	c0_ratio_0_5	freq_ratio_0_6	c0_ratio_0_6	freq_ratio_0_7	c0_ratio_0_7	ts_1	elapsed_1	pkg_1	pp0_1	dram_1	freq_ratio_1_0	c0_ratio_1_0	freq_ratio_1_1	c0_ratio_1_1	freq_ratio_1_2	c0_ratio_1_2	freq_ratio_1_3	c0_ratio_1_3	freq_ratio_1_4	c0_ratio_1_4	freq_ratio_1_5	c0_ratio_1_5	freq_ratio_1_6	c0_ratio_1_6	freq_ratio_1_7	c0_ratio_1_7	
1350069454.127868	1.000875	39.390979	26.193039	6.103729	1.269221	0.999894	1.266204	0.000625	1.270176	0.000009	1.268758	0.002229	1.268898	0.000010	1.269188	0.000036	1.271630	0.000010	1.268842	0.000009	1350069454.128279	1.000867	38.437214	25.171706	2.758732	1.269223	0.999913	1.269270	0.000283	1.269780	0.000024	1.269658	0.000049	1.272330	0.000011	1.272824	0.000017	1.272074	0.000011	1.270266	0.000045	
1350069455.127845	0.999977	39.583075	26.378549	6.115374	1.269211	0.999807	1.268473	0.005080	1.252215	0.000115	1.265959	0.000760	1.261448	0.000087	1.269068	0.000036	1.260891	0.000059	1.260088	0.000058	1350069455.128253	0.999974	38.561229	25.271042	2.720621	1.269223	0.999915	1.267623	0.000319	1.265058	0.000079	1.262493	0.000081	1.265733	0.000065	1.261575	0.000057	1.268873	0.000061	1.269138	0.000079	
1350069456.127845	1.000000	39.665268	26.457657	6.121399	1.269221	0.999892	1.268956	0.006548	1.268580	0.000213	1.259344	0.000133	1.268993	0.000037	1.269164	0.000038	1.292980	0.000021	1.269448	0.000010	1350069456.128249	0.999996	38.600910	25.308559	2.750377	1.269225	0.999934	1.270525	0.000264	1.275518	0.000016	1.290216	0.000011	1.289443	0.000011	1.294186	0.000011	1.268638	0.000016	1.269389	0.000036	
1350069457.127852	1.000007	39.538148	26.328462	6.102848	1.269205	0.999742	1.267145	0.004115	1.263056	0.000248	1.251263	0.000127	1.255260	0.000048	1.235906	0.000039	1.237170	0.000051	1.279737	0.000047	1350069457.128263	1.000014	38.628607	25.334345	2.816168	1.269224	0.999912	1.267951	0.000358	1.264221	0.000079	1.264635	0.000076	1.267369	0.000059	1.269849	0.000077	1.268350	0.000069	1.266766	0.000201	
1350069458.127844	0.999992	39.331724	26.122892	6.121311	1.269223	0.999914	1.268863	0.001785	1.269145	0.000172	1.258302	0.000063	1.265500	0.000009	1.269471	0.000028	1.270340	0.000009	1.273762	0.000009	1350069458.128244	0.999981	38.635335	25.340052	2.699560	1.269226	0.999954	1.268346	0.000249	1.244445	0.000011	1.252890	0.000011	1.232316	0.000011	1.251883	0.000011	1.251454	0.000011	1.278429	0.000057	
1350069459.127845	1.000001	39.288110	26.076940	6.090570	1.269219	0.999893	1.257352	0.000112	1.266726	0.000269	1.256456	0.000094	1.260142	0.000065	1.269955	0.000033	1.269298	0.000048	1.268982	0.000043	1350069459.128252	1.000008	38.616661	25.320855	2.706201	1.269223	0.999913	1.268986	0.000307	1.267464	0.000063	1.271749	0.000062	1.279279	0.000053	1.274197	0.000058	1.273979	0.000051	1.272356	0.000079	
1350069460.127844	0.999999	39.245979	26.034861	6.072088	1.269223	0.999912	1.264550	0.000138	1.269214	0.000172	1.259180	0.000061	1.269685	0.000009	1.269070	0.000028	1.270410	0.000009	1.268432	0.000009	1350069460.128244	0.999992	38.610909	25.313346	2.699164	1.269225	0.999933	1.268583	0.000327	1.245859	0.000011	1.224496	0.000011	1.224903	0.000011	1.228023	0.000011	1.245654	0.000011	1.260955	0.000030	
1350069461.127845	1.000001	39.292855	26.084005	6.115229	1.269219	0.999893	1.256935	0.000107	1.266910	0.000267	1.256588	0.000097	1.257548	0.000048	1.268683	0.000035	1.268358	0.000039	1.269235	0.000038	1350069461.128253	1.000009	38.623399	25.324630	2.702048	1.269223	0.999914	1.267790	0.000306	1.268594	0.000062	1.266815	0.000054	1.274790	0.000039	1.273445	0.000050	1.269420	0.000050	1.269183	0.000163	
1350069462.127844	0.999999	39.256675	26.047342	6.121405	1.269218	0.999871	1.258665	0.000321	1.269214	0.000187	1.250861	0.000087	1.269069	0.000010	1.269975	0.000030	1.272527	0.000010	1.271217	0.000009	1350069462.128248	0.999995	38.619639	25.320867	2.712813	1.269225	0.999937	1.270134	0.000274	1.267263	0.000011	1.272426	0.000010	1.248120	0.000011	1.249493	0.000011	1.250044	0.000011	1.263610	0.000038	
1350069463.127845	1.000001	39.496560	26.300390	6.112940	1.267789	0.999525	1.166334	0.003236	1.174301	0.003239	1.163782	0.002627	1.162774	0.002293	1.157664	0.002276	1.160657	0.002267	1.159561	0.002086	1350069463.128246	0.999998	38.802183	25.501071	2.701604	1.268436	0.999476	1.176906	0.004218	1.161752	0.002503	1.163428	0.002593	1.160837	0.002455	1.160312	0.002209	1.159229	0.002199	1.164656	0.002386	
1350069464.127844	0.999999	39.493568	26.286890	6.127569	1.269223	0.999912	1.261056	0.000071	1.269191	0.000170	1.258371	0.000058	1.265601	0.000009	1.269065	0.004438	1.267362	0.000009	1.269932	0.000009	1350069464.128243	0.999997	38.605192	25.306109	2.718957	1.269223	0.999911	1.268452	0.000281	1.253810	0.000010	1.264172	0.000011	1.242708	0.000011	1.247041	0.000011	1.232806	0.000011	1.262704	0.000034	
1350069465.127845	1.000001	39.560555	26.357015	6.102899	1.269213	0.999827	1.268480	0.003344	1.263712	0.000262	1.255053	0.000087	1.256097	0.000048	1.268313	0.002433	1.269791	0.000035	1.269085	0.000035	1350069465.128247	1.000004	38.630184	25.332066	2.762440	1.269223	0.999915	1.268369	0.000319	1.261688	0.000044	1.261187	0.000052	1.271764	0.000052	1.275440	0.000039	1.274402	0.000050	1.271901	0.000085	
1350069466.127844	0.999999	39.541389	26.337733	6.127569	1.269213	0.999808	1.268920	0.005267	1.266614	0.000229	1.267504	0.000692	1.269039	0.000014	1.269184	0.000032	1.268797	0.000013	1.269565	0.000013	1350069466.128249	1.000002	38.576236	25.280179	2.717326	1.269219	0.999869	1.269753	0.000272	1.284958	0.000017	1.270809	0.000018	1.269033	0.000018	1.267572	0.000017	1.268934	0.000018	1.269300	0.000043	
1350069467.127845	1.000001	39.479729	26.274557	6.121393	1.269207	0.999762	1.266720	0.002296	1.261527	0.000259	1.267794	0.002449	1.239798	0.000045	1.269410	0.000033	1.256882	0.000040	1.254620	0.000036	1350069467.128105	0.999856	38.583254	25.300152	2.752258	1.269223	0.999911	1.267438	0.000297	1.257815	0.000052	1.263626	0.000067	1.276122	0.000037	1.274563	0.000057	1.275635	0.000038	1.272648	0.000072	
1350069468.127844	0.999999	39.368644	26.164179	6.127569	1.269217	0.999845	1.268339	0.002543	1.267344	0.000121	1.264640	0.000774	1.288680	0.000021	1.268777	0.000039	1.292564	0.000020	1.269156	0.000010	1350069468.128247	1.000142	38.650910	25.343231	2.714366	1.269225	0.999933	1.268581	0.000217	1.250780	0.000011	1.267647	0.000013	1.241329	0.000011	1.238100	0.000011	1.247397	0.000011	1.262455	0.000035	
1350069469.127845	1.000001	39.603203	26.395818	6.109064	1.269213	0.999828	1.268274	0.003577	1.268791	0.003048	1.255398	0.000090	1.256491	0.000045	1.269836	0.000035	1.236646	0.000037	1.255236	0.000047	1350069469.128248	1.000001	38.625818	25.331458	2.785077	1.269223	0.999913	1.268788	0.000327	1.266862	0.000079	1.265676	0.000081	1.269937	0.000055	1.269564	0.000056	1.268899	0.000056	1.263078	0.000085	
1350069470.127844	0.999999	39.596702	26.390314	6.133734	1.269221	0.999895	1.269043	0.004835	1.269237	0.001945	1.258347	0.000059	1.269343	0.000008	1.269098	0.000027	1.270501	0.000009	1.268050	0.000009	1350069470.128246	0.999998	38.591474	25.309542	2.715261	1.269225	0.999933	1.268662	0.000297	1.273802	0.000011	1.275947	0.000010	1.271592	0.000011	1.251376	0.000011	1.252243	0.000011	1.277103	0.000036	
1350069471.127845	1.000001	39.436745	26.232214	6.133722	1.269215	0.999852	1.268140	0.002029	1.256999	0.000153	1.268627	0.002296	1.251666	0.000067	1.257289	0.000047	1.268692	0.000038	1.268985	0.000034	1350069471.128252	1.000006	38.634200	25.337770	2.752303	1.269223	0.999914	1.268617	0.000359	1.260733	0.000066	1.257785	0.000052	1.262431	0.000037	1.266525	0.000036	1.274758	0.000037	1.272422	0.000078	
1350069472.127844	0.999999	39.300910	26.098002	6.121405	1.269212	0.999807	1.266376	0.001512	1.264951	0.000137	1.251331	0.000130	1.262837	0.000057	1.268706	0.000026	1.267709	0.000009	1.238744	0.000021	1350069472.128252	1.000000	38.645432	25.350723	2.700546	1.269225	0.999935	1.268784	0.000256	1.277411	0.000007	1.290047	0.000011	1.288273	0.000011	1.288406	0.000017	1.268764	0.000011	1.268933	0.000044	
1350069473.127845	1.000001	39.336342	26.133642	6.127558	1.269215	0.999849	1.264685	0.000147	1.268325	0.001458	1.262860	0.000096	1.253530	0.000245	1.269882	0.000036	1.269586	0.000044	1.270025	0.000040	1350069473.128263	1.000011	38.640873	25.349164	2.739502	1.269223	0.999916	1.269066	0.000436	1.267976	0.000073	1.263873	0.000068	1.268742	0.000039	1.268236	0.000058	1.268939	0.000052	1.271573	0.000089	
1350069474.127844	0.999999	39.255012	26.052927	6.115240	1.269225	0.999937	1.269047	0.000029	1.269208	0.000110	1.269191	0.000065	1.268601	0.000009	1.269279	0.000029	1.268211	0.000009	1.269771	0.000010	1350069474.128247	0.999984	38.610297	25.317070	2.691098	1.269224	0.999935	1.268571	0.000252	1.247192	0.000011	1.248792	0.000011	1.252265	0.000011	1.252765	0.000011	1.270813	0.000011	1.264028	0.000037	
1350069475.127845	1.000001	39.221505	26.018637	6.127558	1.269221	0.999916	1.265370	0.000163	1.264822	0.000151	1.262589	0.000096	1.258819	0.000060	1.269266	0.000034	1.269731	0.000038	1.269300	0.000036	1350069475.128250	1.000003	38.607272	25.310423	2.699302	1.269223	0.999915	1.268014	0.000332	1.263227	0.000064	1.265623	0.000059	1.271628	0.000051	1.273592	0.000052	1.269111	0.000058	1.269098	0.000065	
1350069476.127844	0.999999	39.187782	25.983744	6.109076	1.269225	0.999933	1.269200	0.000038	1.269185	0.000119	1.269247	0.000066	1.268301	0.000009	1.269237	0.000028	1.268871	0.000009	1.268386	0.000009	1350069476.128250	1.000000	38.628326	25.335098	2.710068	1.269225	0.999936	1.269762	0.000292	1.301187	0.000011	1.274734	0.000010	1.258280	0.000011	1.246499	0.000011	1.248855	0.000011	1.263663	0.000037	
1350069477.127845	1.000001	39.243874	26.039282	6.109064	1.269213	0.999826	1.263236	0.000123	1.263594	0.000166	1.257524	0.000118	1.254958	0.000323	1.268734	0.000035	1.268947	0.000073	1.268742	0.000037	1350069477.128252	1.000002	38.617083	25.323881	2.704585	1.269223	0.999914	1.268736	0.000336	1.267731	0.000060	1.266318	0.000066	1.273606	0.000048	1.274195	0.000051	1.274383	0.000044	1.272042	0.000077	
1350069478.127844	0.999999	39.232002	26.030481	6.115240	1.269225	0.999933	1.269243	0.001559	1.269019	0.000095	1.268773	0.000065	1.269460	0.000010	1.268960	0.000028	1.270041	0.000009	1.272403	0.000009	1350069478.128251	0.999999	38.654639	25.359765	2.704303	1.269224	0.999931	1.268852	0.000289	1.245258	0.000011	1.247920	0.000011	1.245883	0.000011	1.246958	0.000011	1.265912	0.000011	1.269549	0.000043	
1350069479.127865	1.000021	715805511.041844	715793835.483356	715799709.786195	0.999982	1.000166	0.999980	1.000171	0.999982	1.000173	0.999983	1.000174	0.999982	1.000168	0.999984	1.000161	0.999982	1.000166	0.999983	1.000168	1350069479.127940	0.999689	715992245.919824	716020095.413483	716020963.563196	0.999982	1.000169	0.999980	1.000170	3.893539	0.256876	0.999981	1.000164	0.999983	1.000171	0.999984	1.000162	0.999982	1.000170	0.999982	1.000165	
1350069480.127851	0.999986	0.000000	0.000000	0.000000	-nan	-nan	-nan	-nan	1.000008	inf	-nan	-nan	-nan	0.000000	-nan	-nan	-nan	-nan	-nan	-nan	1350069480.127906	0.999966	0.000000	0.000000	0.000000	-nan	-nan	-nan	-nan	1.345745	inf	-nan	-nan	-nan	-nan	-nan	-nan	-nan	-nan	-nan	-nan	
