ts_0	elapsed_0	pkg_0	pp0_0	dram_0	freq_ratio_0_0	c0_ratio_0_0	freq_ratio_0_1	c0_ratio_0_1	freq_ratio_0_2	c0_ratio_0_2	freq_ratio_0_3	c0_ratio_0_3	freq_ratio_0_4	c0_ratio_0_4	freq_ratio_0_5	c0_ratio_0_5	freq_ratio_0_6	c0_ratio_0_6	freq_ratio_0_7	c0_ratio_0_7	ts_1	elapsed_1	pkg_1	pp0_1	dram_1	freq_ratio_1_0	c0_ratio_1_0	freq_ratio_1_1	c0_ratio_1_1	freq_ratio_1_2	c0_ratio_1_2	freq_ratio_1_3	c0_ratio_1_3	freq_ratio_1_4	c0_ratio_1_4	freq_ratio_1_5	c0_ratio_1_5	freq_ratio_1_6	c0_ratio_1_6	freq_ratio_1_7	c0_ratio_1_7	
1349418698.282686	1.001588	78.023551	64.279402	0.000000	1.154678	0.941859	1.154263	0.939544	1.154446	0.939020	1.153878	0.933680	1.153804	0.933618	1.153821	0.932902	1.153783	0.933863	1.153892	0.932811	1349418698.282762	1.000537	68.677466	54.960389	0.000000	1.192038	0.935498	1.192018	0.935453	1.191832	0.930064	1.191819	0.930027	1.191822	0.929986	1.144266	0.002287	1.155484	0.002380	1.195645	0.984442	
1349418699.282696	1.000010	81.314020	67.319501	0.000000	1.153566	0.968081	1.153773	0.967796	1.153779	0.967607	1.153794	0.967637	1.153724	0.967847	1.153776	0.967608	1.153713	0.967900	1.153794	0.967635	1349418699.282775	1.000013	71.036163	57.159102	0.000000	1.191931	0.963610	1.191937	0.963793	1.191932	0.963558	1.191937	0.963769	1.191941	0.963847	1.153869	0.002154	1.153377	0.001110	1.194408	0.995735	
1349418700.282682	0.999986	68.670125	54.807427	0.000000	1.153499	0.772620	1.153719	0.772360	1.153802	0.772160	1.153803	0.772158	1.153713	0.772341	1.153804	0.772154	1.153717	0.772518	1.153823	0.772157	1349418700.282758	0.999983	64.354086	50.557924	0.000000	1.192231	0.771569	1.192216	0.771499	1.192211	0.771360	1.192216	0.771493	1.192216	0.771490	1.153127	0.000719	1.152781	0.000007	1.209754	0.999086	
1349418701.282682	1.000000	82.606949	68.630051	0.000000	1.153658	0.991380	1.153817	0.991090	1.153810	0.990955	1.153827	0.990980	1.153775	0.991176	1.153811	0.990949	1.153761	0.991193	1.153827	0.990948	1349418701.282757	0.999999	71.819481	57.915964	0.000000	1.192189	0.989838	1.192193	0.989970	1.192189	0.989799	1.192193	0.989964	1.192197	0.990031	1.154371	0.000816	1.155217	0.000371	1.192854	0.998623	
1349418702.282684	1.000002	72.477996	58.347621	0.000000	1.153716	0.804948	1.153843	0.804976	1.153852	0.804687	1.153853	0.804729	1.153839	0.804916	1.153851	0.804676	1.153853	0.804607	1.153846	0.804433	1349418702.282762	1.000005	66.719850	52.706111	0.000000	1.192008	0.802061	1.192007	0.802051	1.192006	0.801971	1.192007	0.802043	1.192012	0.802121	1.163129	0.000618	1.157863	0.001807	1.207109	0.997152	
1349418703.282691	1.000007	86.501950	72.011297	0.000000	1.153757	0.999657	1.153831	0.999631	1.153818	0.999371	1.153829	0.999547	1.153792	0.999602	1.153804	0.999319	1.153771	0.999388	1.153820	0.999192	1349418703.282790	1.000028	74.628427	60.348353	0.000000	1.192185	0.998682	1.192185	0.998609	1.192184	0.998518	1.192187	0.998719	1.192191	0.998805	1.155616	0.001012	1.153939	0.000670	1.192202	0.998957	
1349418704.282683	0.999992	88.041226	73.336501	0.000000	1.153857	0.999640	1.153875	0.999870	1.153852	0.999375	1.153857	0.999622	1.153857	0.999617	1.153848	0.999366	1.153854	0.999530	1.153849	0.999337	1349418704.282760	0.999970	75.506281	61.066715	0.000000	1.188172	0.989066	1.188172	0.989048	1.188172	0.988905	1.188173	0.989027	1.188189	0.989301	1.148086	0.000114	1.153822	0.007956	1.188188	0.989273	
1349418705.282684	1.000001	88.201729	73.473090	0.000000	1.153815	0.998816	1.153861	0.998845	1.153846	0.998574	1.153849	0.998674	1.153849	0.998671	1.153846	0.998569	1.153849	0.998667	1.153846	0.998534	1349418705.282764	1.000004	75.707808	61.254787	0.000000	1.178969	0.995644	1.178971	0.995683	1.178968	0.995563	1.178971	0.995678	1.178980	0.995823	1.156833	0.000217	1.153818	0.002303	1.179071	0.996849	
1349418706.282679	0.999995	715769455.721003	715776618.728165	715831468.739573	0.999970	1.000015	0.999971	1.000034	0.999979	1.000023	0.999971	1.000022	0.999971	1.000021	0.999975	1.000024	0.999971	1.000024	0.999972	1.000023	1349418706.282782	1.000018	715763004.027079	715766772.466286	715815084.950460	0.999973	1.000030	0.999967	1.000019	3.894218	0.256792	0.999971	1.000020	0.999973	1.000032	0.999973	1.000014	0.999970	1.000019	0.999973	1.000030	
1349418707.282674	0.999995	0.000000	0.000000	0.000000	-nan	-nan	-nan	-nan	8.000000	inf	-nan	-nan	-nan	0.000000	-nan	-nan	-nan	-nan	-nan	-nan	1349418707.282735	0.999953	0.000000	0.000000	0.000000	-nan	-nan	-nan	-nan	0.000000	inf	-nan	-nan	-nan	-nan	-nan	-nan	-nan	-nan	-nan	-nan	
