ts_0	elapsed_0	pkg_0	pp0_0	dram_0	freq_ratio_0_0	c0_ratio_0_0	freq_ratio_0_1	c0_ratio_0_1	freq_ratio_0_2	c0_ratio_0_2	freq_ratio_0_3	c0_ratio_0_3	freq_ratio_0_4	c0_ratio_0_4	freq_ratio_0_5	c0_ratio_0_5	freq_ratio_0_6	c0_ratio_0_6	freq_ratio_0_7	c0_ratio_0_7	ts_1	elapsed_1	pkg_1	pp0_1	dram_1	freq_ratio_1_0	c0_ratio_1_0	freq_ratio_1_1	c0_ratio_1_1	freq_ratio_1_2	c0_ratio_1_2	freq_ratio_1_3	c0_ratio_1_3	freq_ratio_1_4	c0_ratio_1_4	freq_ratio_1_5	c0_ratio_1_5	freq_ratio_1_6	c0_ratio_1_6	freq_ratio_1_7	c0_ratio_1_7	
1349418245.475198	1.001105	48.024475	33.871520	0.000000	0.999996	0.989080	0.999979	0.995781	0.999996	0.981696	0.999996	0.981608	0.998859	0.004218	0.998661	0.002799	0.911618	0.000044	0.983740	0.000282	1349418245.475395	1.000452	59.960185	45.586388	0.000000	1.000000	0.989787	1.000001	0.989510	1.000001	0.989339	1.000001	0.971118	0.999546	0.000598	1.000452	0.000427	1.000001	0.978887	1.000001	0.990913	
1349418246.475197	0.999999	48.763596	34.518481	0.000000	1.000000	1.000000	1.000000	0.999962	1.000000	1.000000	1.000000	0.999950	0.999995	0.002822	0.999975	0.000339	0.996673	0.000121	0.997152	0.000019	1349418246.475395	1.000000	60.740891	46.247147	0.000000	1.000000	0.999961	1.000000	1.000000	1.000000	1.000000	1.000000	0.999939	0.999935	0.000521	0.998014	0.000465	1.000000	1.000000	1.000000	1.000000	
1349418247.475197	1.000000	48.770676	34.521484	0.000000	1.000000	1.000000	1.000000	0.999942	1.000000	1.000000	1.000000	0.999888	0.999948	0.002944	1.000012	0.000233	0.961078	0.000010	1.006874	0.000106	1349418247.475394	0.999999	60.753018	46.267775	0.000000	1.000000	0.999898	1.000000	0.999958	1.000000	0.999991	1.000000	0.999871	0.999834	0.000692	1.001920	0.000471	1.000000	1.000000	1.000000	1.000000	
1349418248.475196	0.999999	54.008718	39.831199	0.000000	1.000000	0.999998	0.999999	0.999989	0.999999	1.000000	0.999999	0.999985	1.000001	0.905252	0.999611	0.002984	1.011846	0.000092	0.977175	0.000019	1349418248.475372	0.999978	55.479275	41.081422	0.000000	0.999977	0.095487	1.000000	0.999990	1.000000	0.999990	1.000000	0.999991	1.000956	0.000548	1.000622	0.000057	1.000000	1.000000	1.000000	1.000000	
1349418249.475209	1.000013	54.622270	40.445652	0.000000	1.000000	0.999970	1.000001	0.999991	1.000000	0.999998	1.000000	0.999985	1.000000	0.999991	1.000035	0.004071	0.988508	0.000017	1.004624	0.000114	1349418249.475378	1.000006	54.993950	40.581942	0.000000	1.003145	0.000479	1.000000	1.000000	1.000000	0.999991	1.000000	0.999992	1.000124	0.000648	0.999903	0.000059	1.000000	1.000000	1.000000	1.000000	
1349418250.475209	1.000000	54.647308	40.463562	0.000000	1.000000	1.000000	1.000000	0.999984	1.000001	1.000000	1.000001	1.000000	1.000001	1.000000	1.000055	0.003339	0.998285	0.000079	0.998884	0.000017	1349418250.475374	0.999996	55.038217	40.622571	0.000000	0.994992	0.000306	1.000000	0.999965	1.000000	0.999953	1.000000	0.999949	0.999966	0.000436	0.999994	0.000064	1.000000	1.000000	1.000000	1.000000	
1349418251.475198	0.999989	54.593082	40.420029	0.000000	1.000000	0.999961	1.000000	1.000000	1.000000	1.000000	1.000000	1.000000	1.000000	0.999992	0.999995	0.003176	1.002116	0.000019	0.993576	0.000077	1349418251.475359	0.999985	55.002886	40.588363	0.000000	0.998617	0.000456	1.000000	0.999960	1.000000	0.999992	1.000000	1.000000	0.999983	0.000649	0.999080	0.000016	1.000000	1.000000	1.000000	1.000000	
1349418252.475199	1.000001	54.674325	40.485984	0.000000	1.000000	0.999928	1.000000	0.999962	1.000000	0.999995	1.000000	0.999955	1.000000	0.999959	0.999992	0.003269	0.999471	0.000095	1.034190	0.000015	1349418252.475374	1.000015	55.049069	40.633438	0.000000	1.004821	0.000449	1.000000	0.999958	1.000000	0.999960	1.000000	0.999938	1.000058	0.000583	1.000233	0.000085	1.000000	1.000000	1.000000	0.999996	
1349418253.475199	1.000000	54.692383	40.505356	0.000000	1.000000	0.999279	1.000000	0.999319	1.000000	0.999324	1.000000	0.999304	1.000000	0.999282	0.999999	0.002995	1.002488	0.000017	1.000132	0.000868	1349418253.475377	1.000003	55.014707	40.602306	0.000000	0.997277	0.000533	1.000000	0.999299	1.000000	0.999328	1.000000	0.999317	1.000016	0.000640	1.000020	0.000020	1.000000	0.999298	1.000000	1.000000	
1349418254.475196	0.999997	54.752947	40.566517	0.000000	1.000000	0.999941	1.000000	0.999960	1.000000	0.999982	1.000000	0.999916	1.000000	0.999910	1.000063	0.004621	1.000258	0.000698	1.000374	0.000268	1349418254.475358	0.999981	55.034863	40.621640	0.000000	0.999254	0.000977	1.000000	0.999914	1.000000	0.999902	1.000000	0.999896	0.999990	0.000670	1.000002	0.000575	1.000000	0.999912	1.000000	0.999987	
1349418255.475196	1.000000	54.720276	40.535477	0.000000	1.000000	0.999991	1.000000	0.999977	1.000000	1.000000	1.000000	0.999946	1.000000	0.999958	0.999978	0.005342	0.998996	0.000181	0.998995	0.000078	1349418255.475358	1.000000	55.030365	40.620163	0.000000	1.000350	0.000428	1.000000	0.999998	1.000000	1.000000	1.000000	0.999952	0.999959	0.000722	0.999039	0.000016	1.000000	0.999991	1.000000	1.000000	
1349418256.475206	1.000010	54.685472	40.492575	0.000000	1.000000	0.999927	0.999999	0.999943	1.000000	0.999998	0.999999	0.999904	0.999999	0.999939	0.999808	0.002991	1.000030	0.000371	0.992223	0.000016	1349418256.475373	1.000015	55.003553	40.604050	0.000000	1.001021	0.000480	1.000000	0.999991	1.000000	0.999910	1.000000	0.999875	1.000007	0.000567	0.993384	0.000101	1.000000	0.999992	1.000000	1.000000	
1349418257.475208	1.000002	54.716143	40.521850	0.000000	1.000000	1.000000	0.999999	1.000000	1.000000	1.000000	1.000000	1.000000	1.000001	1.000000	1.000082	0.003056	1.000596	0.000232	0.991763	0.000117	1349418257.475375	1.000002	55.067751	40.654479	0.000000	1.000081	0.000483	1.000000	1.000000	1.000000	1.000000	1.000000	1.000000	1.000066	0.000413	1.009376	0.000074	1.000000	1.000000	1.000000	1.000000	
1349418258.475193	0.999985	715783826.522846	715789715.839074	715838636.883151	0.999971	1.000018	0.999971	1.000031	0.999973	1.000033	0.999972	1.000022	0.999973	1.000030	0.999974	1.000019	0.999972	1.000027	0.999972	1.000025	1349418258.475297	0.999922	715876403.155249	715845894.686312	715883697.073070	0.999973	1.000026	0.999970	1.000026	3.894191	0.256795	0.999972	1.000021	0.999971	1.000023	0.999976	1.000026	0.999971	1.000023	0.999973	1.000028	
1349418259.475186	0.999993	0.000000	0.000000	0.000000	-nan	-nan	-nan	-nan	0.000000	inf	-nan	-nan	-nan	0.000000	-nan	-nan	-nan	-nan	-nan	-nan	1349418259.475258	0.999961	0.000000	0.000000	0.000000	-nan	-nan	-nan	-nan	0.000000	inf	-nan	-nan	-nan	-nan	-nan	-nan	-nan	-nan	-nan	-nan	
