ts_0	elapsed_0	pkg_0	pp0_0	dram_0	freq_ratio_0_0	c0_ratio_0_0	freq_ratio_0_1	c0_ratio_0_1	freq_ratio_0_2	c0_ratio_0_2	freq_ratio_0_3	c0_ratio_0_3	freq_ratio_0_4	c0_ratio_0_4	freq_ratio_0_5	c0_ratio_0_5	freq_ratio_0_6	c0_ratio_0_6	freq_ratio_0_7	c0_ratio_0_7	ts_1	elapsed_1	pkg_1	pp0_1	dram_1	freq_ratio_1_0	c0_ratio_1_0	freq_ratio_1_1	c0_ratio_1_1	freq_ratio_1_2	c0_ratio_1_2	freq_ratio_1_3	c0_ratio_1_3	freq_ratio_1_4	c0_ratio_1_4	freq_ratio_1_5	c0_ratio_1_5	freq_ratio_1_6	c0_ratio_1_6	freq_ratio_1_7	c0_ratio_1_7	
1349478145.758826	1.000638	53.894555	40.462252	5.265378	0.961332	0.757182	0.961425	0.757274	0.961409	0.757295	0.961287	0.756815	0.959449	0.751690	0.959420	0.751859	0.958763	0.749765	0.958058	0.746824	1349478145.758924	1.000523	55.571853	42.229787	4.538733	0.909247	0.760375	0.907625	0.756818	0.907355	0.756224	0.907385	0.756335	0.907383	0.756394	0.907393	0.756414	0.907273	0.756190	0.987763	0.992836	
1349478146.758824	0.999998	50.770238	37.071299	6.492414	0.798228	0.955264	0.798263	0.955162	0.798264	0.955168	0.798288	0.954970	0.798289	0.954960	0.798280	0.954978	0.798286	0.954970	0.798289	0.954950	1349478146.758921	0.999997	50.809896	37.188805	7.086677	0.780652	0.955637	0.780668	0.955662	0.780568	0.955386	0.780567	0.955378	0.780562	0.955424	0.780667	0.955640	0.780564	0.955364	0.796447	0.996345	
1349478147.758823	0.999999	47.616699	33.951433	6.025473	0.833944	0.785344	0.833944	0.785355	0.833969	0.785253	0.834004	0.785141	0.834006	0.785136	0.833969	0.785252	0.833996	0.785159	0.834008	0.785129	1349478147.758921	1.000000	49.746338	36.178909	6.401840	0.792948	0.785321	0.792981	0.785372	0.792921	0.785262	0.792920	0.785260	0.792920	0.785257	0.792956	0.785318	0.792925	0.785207	0.892776	0.997161	
1349478148.758826	1.000003	50.779521	37.005943	6.906580	0.784560	0.973375	0.784583	0.973343	0.784597	0.973317	0.784593	0.973147	0.784580	0.973148	0.784557	0.973147	0.784549	0.973141	0.784586	0.973109	1349478148.758938	1.000017	50.839807	37.132565	7.550669	0.771332	0.973923	0.771331	0.973917	0.771252	0.973688	0.771251	0.973682	0.771249	0.973678	0.771343	0.973949	0.771273	0.973755	0.778004	0.996309	
1349478149.758823	0.999997	50.728963	37.068993	6.427510	0.800342	0.962138	0.800343	0.962222	0.800351	0.962141	0.800364	0.961895	0.800369	0.961834	0.800377	0.961994	0.800372	0.962005	0.800371	0.961823	1349478149.758920	0.999982	50.794884	37.229319	6.607021	0.783452	0.962757	0.783451	0.962762	0.783398	0.962647	0.783392	0.962607	0.783391	0.962600	0.783454	0.962809	0.783410	0.962613	0.796967	0.996551	
1349478150.758825	1.000002	50.831354	37.004843	7.167696	0.778556	0.981922	0.778556	0.981963	0.778563	0.981866	0.778564	0.981693	0.778564	0.981687	0.778578	0.981750	0.778577	0.981717	0.778556	0.981715	1349478150.758934	1.000014	50.846056	37.100323	7.653960	0.767062	0.982518	0.767061	0.982511	0.767002	0.982302	0.767000	0.982300	0.766997	0.982345	0.767066	0.982501	0.767033	0.982332	0.771419	0.996470	
1349478151.758825	1.000000	50.825378	36.855347	7.564026	0.765834	0.983635	0.765834	0.983707	0.765844	0.983579	0.765881	0.983340	0.765881	0.983332	0.765849	0.983386	0.765859	0.983370	0.765875	0.983363	1349478151.758926	0.999992	50.833527	36.935038	8.183782	0.755671	0.984512	0.755669	0.984556	0.755612	0.984299	0.755603	0.984272	0.755601	0.984341	0.755689	0.984508	0.755627	0.984236	0.759041	0.996561	
1349478152.758828	1.000003	50.860301	36.696419	7.805319	0.745680	0.995594	0.745678	0.995695	0.745678	0.995613	0.745678	0.995508	0.745676	0.995502	0.745670	0.995323	0.745669	0.995299	0.745673	0.995516	1349478152.758962	1.000036	50.860611	36.757527	8.880006	0.738954	0.996571	0.738954	0.996616	0.738952	0.996458	0.738951	0.996423	0.738953	0.996553	0.738950	0.996473	0.738950	0.996291	0.738951	0.996656	
1349478153.758824	0.999996	50.849144	36.689266	7.816636	0.745871	0.994451	0.745876	0.994511	0.745883	0.994435	0.745901	0.994252	0.745902	0.994241	0.745896	0.994006	0.745897	0.993994	0.745903	0.994235	1349478153.758952	0.999990	50.854910	36.751406	8.905027	0.739400	0.995569	0.739400	0.995612	0.739402	0.995376	0.739402	0.995360	0.739401	0.995486	0.739401	0.995449	0.739404	0.995237	0.739390	0.996737	
1349478154.758824	1.000000	50.845734	36.683975	7.826782	0.745504	0.995398	0.745505	0.995502	0.745504	0.995386	0.745504	0.995265	0.745504	0.995260	0.745496	0.995187	0.745498	0.995246	0.745505	0.995250	1349478154.758927	0.999975	50.853019	36.752354	8.893121	0.739014	0.996589	0.739014	0.996635	0.739010	0.996464	0.739010	0.996506	0.739015	0.996578	0.739010	0.996593	0.739010	0.996443	0.739012	0.996714	
1349478155.758820	0.999996	715823193.554242	715787733.159021	715806776.073668	0.999997	1.000181	0.999994	1.000182	1.000005	1.000181	0.999996	1.000177	0.999998	1.000186	0.999999	1.000175	0.999997	1.000185	0.999997	1.000179	1349478155.759493	1.000566	715357763.202701	715385432.377804	715404844.632102	0.999996	1.000176	0.999995	1.000183	3.892498	0.256953	0.999996	1.000178	0.999997	1.000185	0.999999	1.000176	0.999997	1.000184	0.999997	1.000179	
1349478156.758814	0.999994	0.000000	0.000000	0.000000	-nan	-nan	-nan	-nan	8.000000	inf	-nan	-nan	-nan	0.000000	-nan	-nan	-nan	-nan	-nan	-nan	1349478156.758885	0.999392	0.000000	0.000000	0.000000	-nan	-nan	-nan	-nan	0.000000	inf	-nan	-nan	-nan	-nan	-nan	-nan	-nan	-nan	-nan	-nan	
1349478157.758857	1.000043	0.000000	0.000000	0.000000	-nan	-nan	-nan	-nan	281955560877.713562	inf	-nan	-nan	-nan	0.000000	-nan	-nan	-nan	-nan	-nan	-nan	1349478157.758959	1.000074	0.000000	0.000000	0.000000	-nan	-nan	-nan	-nan	inf	-nan	-nan	-nan	-nan	-nan	-nan	-nan	-nan	-nan	-nan	-nan	
