ts_0	elapsed_0	pkg_0	pp0_0	dram_0	freq_ratio_0_0	c0_ratio_0_0	freq_ratio_0_1	c0_ratio_0_1	freq_ratio_0_2	c0_ratio_0_2	freq_ratio_0_3	c0_ratio_0_3	freq_ratio_0_4	c0_ratio_0_4	freq_ratio_0_5	c0_ratio_0_5	freq_ratio_0_6	c0_ratio_0_6	freq_ratio_0_7	c0_ratio_0_7	ts_1	elapsed_1	pkg_1	pp0_1	dram_1	freq_ratio_1_0	c0_ratio_1_0	freq_ratio_1_1	c0_ratio_1_1	freq_ratio_1_2	c0_ratio_1_2	freq_ratio_1_3	c0_ratio_1_3	freq_ratio_1_4	c0_ratio_1_4	freq_ratio_1_5	c0_ratio_1_5	freq_ratio_1_6	c0_ratio_1_6	freq_ratio_1_7	c0_ratio_1_7	
1349478145.759751	1.000768	54.143967	40.765828	5.281817	0.959502	0.767959	0.957241	0.762769	0.957221	0.762156	0.954311	0.754736	0.956999	0.762177	0.954010	0.753411	0.952696	0.749505	0.952714	0.749406	1349478145.759856	1.000450	55.350464	41.953492	4.029239	0.954956	0.763056	0.954794	0.762372	0.951938	0.754674	0.954705	0.762264	0.951899	0.754544	0.951835	0.754389	0.951765	0.754170	1.023653	0.991889	
1349478146.759750	0.999999	50.781848	37.021932	7.046393	0.796396	0.960696	0.796393	0.960786	0.796408	0.960599	0.796412	0.960668	0.796412	0.960662	0.796423	0.960494	0.796424	0.960533	0.796421	0.960483	1349478146.759856	1.000000	50.799942	37.090530	6.486343	0.818881	0.960480	0.818856	0.960361	0.818880	0.960469	0.818878	0.960467	0.818826	0.960278	0.818825	0.960267	0.818824	0.960262	0.831159	0.996051	
1349478147.759748	0.999998	47.589095	33.896824	6.516919	0.830893	0.787256	0.830876	0.787328	0.830917	0.787126	0.830906	0.787208	0.830913	0.787151	0.830927	0.787048	0.830886	0.787189	0.830933	0.787000	1349478147.759849	0.999993	49.630653	35.988088	5.849345	0.836506	0.787282	0.836491	0.787151	0.836511	0.787220	0.836534	0.787226	0.836497	0.787072	0.836499	0.787028	0.836500	0.787024	0.926572	0.997386	
1349478148.759751	1.000003	50.834880	36.988090	7.522102	0.780873	0.979689	0.780866	0.979874	0.780886	0.979632	0.780873	0.979783	0.780867	0.979795	0.780884	0.979693	0.780877	0.979721	0.780883	0.979682	1349478148.759863	1.000014	50.817599	37.049284	6.868388	0.812007	0.980318	0.811933	0.980152	0.812004	0.980306	0.811994	0.980256	0.811956	0.980131	0.811954	0.980132	0.811953	0.980128	0.815754	0.996522	
1349478149.759748	0.999997	50.747792	37.018105	6.859213	0.798358	0.966129	0.798359	0.966315	0.798368	0.966094	0.798358	0.966245	0.798369	0.966189	0.798375	0.965951	0.798356	0.966053	0.798380	0.965902	1349478149.759850	0.999987	50.733148	37.132216	5.953585	0.824729	0.966099	0.824692	0.965997	0.824732	0.966036	0.824729	0.966081	0.824700	0.965846	0.824703	0.965790	0.824703	0.965780	0.835610	0.996217	
1349478150.759752	1.000004	50.840462	36.902835	7.622451	0.775569	0.985995	0.775540	0.986121	0.775578	0.985958	0.775549	0.986044	0.775548	0.986031	0.775565	0.985949	0.775564	0.985961	0.775563	0.985979	1349478150.759869	1.000019	50.829658	37.013057	7.036487	0.806763	0.986305	0.806743	0.986180	0.806760	0.986334	0.806763	0.986286	0.806742	0.986158	0.806740	0.986190	0.806739	0.986185	0.809498	0.996547	
1349478151.759751	0.999999	50.828280	36.693364	8.489495	0.762076	0.988277	0.762046	0.988389	0.762089	0.988243	0.762064	0.988285	0.762060	0.988295	0.762084	0.988191	0.762085	0.988194	0.762087	0.988185	1349478151.759857	0.999988	50.817577	36.836590	7.763764	0.794845	0.987909	0.794804	0.987835	0.794845	0.987890	0.794836	0.987850	0.794829	0.987653	0.794828	0.987643	0.794828	0.987640	0.796513	0.996301	
1349478152.759752	1.000001	50.862928	36.444561	9.906256	0.741326	0.996256	0.741305	0.996378	0.741322	0.996211	0.741305	0.996217	0.741305	0.996208	0.741316	0.995992	0.741320	0.996082	0.741303	0.996095	1349478152.759869	1.000012	50.843617	36.634314	8.855912	0.776862	0.995994	0.776869	0.995962	0.776861	0.996019	0.776860	0.995996	0.776859	0.995751	0.776859	0.995766	0.776858	0.995759	0.776861	0.996243	
1349478153.759751	0.999999	50.855197	36.439045	9.909235	0.740961	0.996350	0.740962	0.996359	0.740961	0.996349	0.740961	0.996239	0.740961	0.996255	0.740959	0.996228	0.740958	0.996307	0.740962	0.996229	1349478153.759868	0.999999	50.837390	36.631459	8.868371	0.777162	0.996213	0.777162	0.996202	0.777163	0.996140	0.777162	0.996207	0.777160	0.996082	0.777162	0.996080	0.777162	0.996073	0.777162	0.996199	
1349478154.759751	1.000000	50.848877	36.442856	9.858414	0.741221	0.996499	0.741220	0.996560	0.741221	0.996504	0.741222	0.996429	0.741223	0.996434	0.741224	0.996321	0.741223	0.996457	0.741226	0.996243	1349478154.759863	0.999995	50.834285	36.633164	8.906127	0.778263	0.996439	0.778263	0.996429	0.778264	0.996305	0.778263	0.996409	0.778265	0.996241	0.778266	0.996095	0.778266	0.996104	0.778262	0.996458	
1349478155.759747	0.999996	715811056.211896	715779086.420713	715789431.976591	0.999997	1.000163	0.999995	1.000166	1.000005	1.000163	0.999997	1.000163	0.999997	1.000166	1.000000	1.000161	0.999997	1.000166	0.999997	1.000164	1349478155.760440	1.000577	715353216.399443	715390236.632741	715390230.192930	0.999997	1.000162	0.999995	1.000165	3.892518	0.256946	0.999997	1.000163	0.999997	1.000166	1.000000	1.000161	0.999997	1.000166	0.999997	1.000164	
1349478156.759745	0.999998	0.000000	0.000000	0.000000	-nan	-nan	-nan	-nan	8.000000	inf	-nan	-nan	-nan	0.000000	-nan	-nan	-nan	-nan	-nan	-nan	1349478156.759810	0.999370	0.000000	0.000000	0.000000	-nan	-nan	-nan	-nan	0.000000	inf	-nan	-nan	-nan	-nan	-nan	-nan	-nan	-nan	-nan	-nan	
1349478157.759795	1.000050	0.000000	0.000000	0.000000	-nan	-nan	-nan	-nan	281956319377.464355	inf	-nan	-nan	-nan	0.000000	-nan	-nan	-nan	-nan	-nan	-nan	1349478157.759859	1.000049	0.000000	0.000000	0.000000	-nan	-nan	-nan	-nan	inf	-nan	-nan	-nan	-nan	-nan	-nan	-nan	-nan	-nan	-nan	-nan	
