ts_0	elapsed_0	pkg_0	pp0_0	dram_0	freq_ratio_0_0	c0_ratio_0_0	freq_ratio_0_1	c0_ratio_0_1	freq_ratio_0_2	c0_ratio_0_2	freq_ratio_0_3	c0_ratio_0_3	freq_ratio_0_4	c0_ratio_0_4	freq_ratio_0_5	c0_ratio_0_5	freq_ratio_0_6	c0_ratio_0_6	freq_ratio_0_7	c0_ratio_0_7	ts_1	elapsed_1	pkg_1	pp0_1	dram_1	freq_ratio_1_0	c0_ratio_1_0	freq_ratio_1_1	c0_ratio_1_1	freq_ratio_1_2	c0_ratio_1_2	freq_ratio_1_3	c0_ratio_1_3	freq_ratio_1_4	c0_ratio_1_4	freq_ratio_1_5	c0_ratio_1_5	freq_ratio_1_6	c0_ratio_1_6	freq_ratio_1_7	c0_ratio_1_7	
1349478145.758900	1.000741	53.427146	39.894373	5.149032	1.006752	0.804115	1.004826	0.797823	1.004621	0.797594	1.004522	0.797168	1.003874	0.794852	0.997037	0.766999	0.996532	0.765021	0.856766	0.003536	1349478145.759019	1.000432	55.692188	42.196324	3.785581	0.914230	0.797074	0.914078	0.796533	0.914039	0.796503	0.913137	0.794256	0.913079	0.794057	0.913113	0.794419	0.910986	0.787242	0.980681	0.990306	
1349478146.758896	0.999996	50.769157	36.945264	6.679745	0.851052	0.980446	0.851081	0.980504	0.851055	0.980598	0.851069	0.980397	0.851081	0.980474	0.851072	0.980528	0.851093	0.980231	0.843944	0.002050	1349478146.759020	1.000001	50.765500	37.052379	5.836725	0.793110	0.979564	0.793090	0.979312	0.793107	0.979417	0.793088	0.979241	0.793089	0.979049	0.793104	0.979212	0.793087	0.979215	0.799709	0.996029	
1349478147.758897	1.000001	50.815396	36.981318	6.459650	0.811701	0.981669	0.811717	0.981411	0.811698	0.981559	0.811714	0.981418	0.811699	0.981300	0.811697	0.981321	0.811708	0.981273	0.799896	0.754150	1349478147.758996	0.999976	50.827670	37.077782	5.606245	0.795088	0.981451	0.795058	0.981137	0.799087	0.996097	0.795051	0.981229	0.795037	0.981118	0.795028	0.981228	0.795734	0.985779	0.795762	0.986167	
1349478148.758897	1.000000	50.777908	36.795090	6.898270	0.786696	0.980056	0.786747	0.979869	0.786740	0.979888	0.786746	0.979699	0.786738	0.979709	0.786738	0.979723	0.786755	0.979644	0.786746	0.979901	1349478148.759008	1.000012	50.834538	36.917574	6.483306	0.784737	0.979813	0.784657	0.979567	0.788520	0.995805	0.784655	0.979543	0.784654	0.979538	0.784653	0.979533	0.784651	0.979525	0.784727	0.979765	
1349478149.758897	1.000000	50.748398	36.907501	6.390503	0.804230	0.966137	0.804253	0.966087	0.804247	0.966101	0.804254	0.965914	0.804242	0.966000	0.804246	0.965943	0.804254	0.965918	0.804256	0.966068	1349478149.758995	0.999987	50.792918	37.035627	5.668760	0.797563	0.965980	0.797533	0.965804	0.808960	0.995914	0.797510	0.965731	0.797506	0.965785	0.797507	0.965784	0.797504	0.965721	0.797547	0.965888	
1349478150.758899	1.000002	50.835078	36.783499	7.045229	0.781420	0.985566	0.781425	0.985545	0.781425	0.985515	0.781433	0.985460	0.781436	0.985400	0.781430	0.985414	0.781441	0.985360	0.781421	0.985499	1349478150.759014	1.000019	50.841438	36.878722	6.796425	0.780320	0.985462	0.780265	0.985253	0.783283	0.995649	0.780264	0.985247	0.780260	0.985225	0.780259	0.985224	0.780261	0.985230	0.780315	0.985419	
1349478151.758898	0.999999	50.830310	36.603352	7.730720	0.767595	0.987272	0.767584	0.987198	0.767584	0.987193	0.767588	0.987126	0.767588	0.987137	0.767589	0.987136	0.767608	0.986935	0.767586	0.987221	1349478151.759009	0.999995	50.828303	36.692887	7.286703	0.768223	0.987280	0.768182	0.987007	0.769966	0.995537	0.768181	0.986997	0.768149	0.986935	0.768142	0.986983	0.768176	0.986960	0.768220	0.987288	
1349478152.758898	1.000000	50.856918	36.390030	8.865738	0.749118	0.995214	0.749118	0.995066	0.749117	0.995153	0.749117	0.995050	0.749118	0.994986	0.749118	0.995001	0.749117	0.995047	0.749117	0.995102	1349478152.759012	1.000003	50.858226	36.487466	7.769736	0.750808	0.995149	0.750808	0.995026	0.750810	0.995258	0.750808	0.995000	0.750808	0.994975	0.750806	0.995028	0.750808	0.994981	0.750807	0.995108	
1349478153.758910	1.000012	50.844227	36.379419	8.792986	0.749624	0.995239	0.749627	0.995346	0.749628	0.995344	0.749628	0.995340	0.749629	0.995340	0.749624	0.995289	0.749626	0.995202	0.749629	0.995331	1349478153.759028	1.000016	50.846066	36.477811	7.759779	0.750294	0.995128	0.750294	0.994932	0.750294	0.995120	0.750294	0.994939	0.750294	0.995017	0.750294	0.995121	0.750294	0.994910	0.750293	0.995105	
1349478154.758896	0.999986	50.839277	36.387597	8.793306	0.749559	0.995185	0.749560	0.995248	0.749559	0.995233	0.749559	0.995185	0.749560	0.995132	0.749561	0.995119	0.749559	0.995115	0.749562	0.995218	1349478154.759004	0.999976	50.840961	36.477960	7.786488	0.750699	0.995291	0.750700	0.995069	0.750700	0.995283	0.750700	0.995059	0.750701	0.995063	0.750701	0.995269	0.750700	0.995086	0.750702	0.995263	
1349478155.758898	1.000002	715817933.151998	715816207.036363	715781542.171863	0.999992	1.000148	0.999990	1.000154	1.000000	1.000148	0.999993	1.000150	0.999993	1.000153	0.999995	1.000147	0.999993	1.000154	0.999993	1.000150	1349478155.759661	1.000657	715341732.887917	715336139.477962	715346257.493160	0.999993	1.000150	0.999990	1.000153	3.892833	0.256921	0.999993	1.000150	0.999993	1.000154	0.999995	1.000148	0.999993	1.000153	0.999993	1.000152	
1349478156.758890	0.999992	0.000000	0.000000	0.000000	-nan	-nan	-nan	-nan	8.000000	inf	-nan	-nan	-nan	0.000000	-nan	-nan	-nan	-nan	-nan	-nan	1349478156.758949	0.999288	0.000000	0.000000	0.000000	-nan	-nan	-nan	-nan	0.000000	inf	-nan	-nan	-nan	-nan	-nan	-nan	-nan	-nan	-nan	-nan	
1349478157.758948	1.000058	0.000000	0.000000	0.000000	-nan	-nan	-nan	-nan	281956319377.464355	inf	-nan	-nan	-nan	0.000000	-nan	-nan	-nan	-nan	-nan	-nan	1349478157.759015	1.000066	0.000000	0.000000	0.000000	-nan	-nan	-nan	-nan	inf	-nan	-nan	-nan	-nan	-nan	-nan	-nan	-nan	-nan	-nan	-nan	
