ts_0	elapsed_0	pkg_0	pp0_0	dram_0	freq_ratio_0_0	c0_ratio_0_0	freq_ratio_0_1	c0_ratio_0_1	freq_ratio_0_2	c0_ratio_0_2	freq_ratio_0_3	c0_ratio_0_3	freq_ratio_0_4	c0_ratio_0_4	freq_ratio_0_5	c0_ratio_0_5	freq_ratio_0_6	c0_ratio_0_6	freq_ratio_0_7	c0_ratio_0_7	ts_1	elapsed_1	pkg_1	pp0_1	dram_1	freq_ratio_1_0	c0_ratio_1_0	freq_ratio_1_1	c0_ratio_1_1	freq_ratio_1_2	c0_ratio_1_2	freq_ratio_1_3	c0_ratio_1_3	freq_ratio_1_4	c0_ratio_1_4	freq_ratio_1_5	c0_ratio_1_5	freq_ratio_1_6	c0_ratio_1_6	freq_ratio_1_7	c0_ratio_1_7	
1350073026.089860	1.000151	83.048578	69.929174	3.793205	1.080568	0.997050	1.080567	0.997049	1.080567	0.997047	1.080567	0.997044	1.080567	0.997041	1.080567	0.997041	1.080567	0.997039	1.080566	0.997038	1350073026.089897	1.000146	77.782794	64.537077	1.616128	1.192176	0.998725	1.192175	0.998718	1.192175	0.998718	1.192176	0.998718	1.192176	0.998716	1.192175	0.998715	1.153739	0.000919	1.154114	0.000502	
1350073027.089851	0.999991	79.541843	66.406089	3.800831	1.049999	0.995876	1.049999	0.995874	1.049999	0.995871	1.049999	0.995868	1.049998	0.995864	1.049998	0.995864	1.049998	0.995860	1.049998	0.995859	1350073027.089894	0.999997	77.885816	64.633287	1.588063	1.192177	0.998792	1.192177	0.998791	1.192177	0.998790	1.192177	0.998788	1.192176	0.998787	1.192177	0.998785	1.154012	0.000754	1.153771	0.000581	
1350073028.089857	1.000006	79.534636	66.420442	3.789589	1.049305	0.995994	1.049305	0.995992	1.049305	0.995990	1.049305	0.995987	1.049305	0.995985	1.049305	0.995984	1.049305	0.995981	1.049306	0.995978	1350073028.089888	0.999994	77.474278	64.245836	1.593149	1.192192	0.998972	1.192192	0.998972	1.192192	0.998972	1.192192	0.998970	1.192192	0.998969	1.192192	0.998970	1.153564	0.000712	1.153812	0.000391	
1350073029.089851	0.999994	79.544770	66.437255	3.804664	1.048693	0.996106	1.048693	0.996105	1.048693	0.996100	1.048693	0.996096	1.048693	0.996094	1.048693	0.996093	1.048693	0.996091	1.048693	0.996090	1350073029.089884	0.999996	77.556589	64.324937	1.593146	1.192195	0.998873	1.192196	0.998872	1.192195	0.998872	1.192196	0.998870	1.192195	0.998870	1.192196	0.998869	1.153986	0.000724	1.153761	0.000484	
1350073030.089850	0.999999	79.538192	66.425539	3.805347	1.048092	0.996212	1.048092	0.996211	1.048092	0.996208	1.048092	0.996206	1.048092	0.996204	1.048092	0.996202	1.048092	0.996198	1.048092	0.996198	1350073030.089883	0.999999	77.560087	64.327835	1.589754	1.192192	0.998703	1.192191	0.998702	1.192192	0.998702	1.192192	0.998700	1.192192	0.998699	1.192192	0.998698	1.153803	0.000711	1.153822	0.000409	
1350073031.089851	1.000001	79.540192	66.422819	3.778012	1.047530	0.996309	1.047530	0.996307	1.047530	0.996303	1.047530	0.996302	1.047530	0.996299	1.047530	0.996298	1.047530	0.996296	1.047530	0.996294	1350073031.089884	1.000001	77.578204	64.345382	1.596144	1.192165	0.998501	1.192165	0.998500	1.192165	0.998499	1.192164	0.998496	1.192165	0.998496	1.192165	0.998494	1.153845	0.000877	1.153776	0.000585	
1350073032.089850	0.999999	79.522110	66.397952	3.786228	1.052998	0.996650	1.047275	0.908911	1.053000	0.996645	1.053000	0.996643	1.053000	0.996641	1.053000	0.996638	1.053001	0.996638	1.053001	0.996635	1350073032.089910	1.000026	78.051957	64.819711	1.591389	1.188704	0.998828	1.188703	0.998827	1.188703	0.998826	1.188704	0.998825	1.188703	0.998824	1.188703	0.998824	1.153853	0.089651	1.153612	0.000431	
1350073033.089850	1.000000	79.489761	66.366974	3.789734	1.113133	0.999449	1.114363	0.000911	1.113133	0.999450	1.113133	0.999448	1.113133	0.999449	1.113133	0.999448	1.113133	0.999448	1.113133	0.999447	1350073033.089905	0.999995	79.491762	66.268780	1.587792	1.124631	0.996594	1.124632	0.996588	1.124631	0.996589	1.124631	0.996587	1.124631	0.996585	1.124631	0.996582	1.124632	0.996581	1.124165	0.000998	
1350073034.089850	1.000000	79.410690	66.301254	3.801361	1.112385	0.999271	1.112816	0.000999	1.112385	0.999271	1.112385	0.999271	1.112385	0.999270	1.112385	0.999271	1.112385	0.999269	1.112385	0.999269	1350073034.089901	0.999996	79.473573	66.237482	1.586417	1.123328	0.996405	1.123328	0.996403	1.123326	0.996400	1.123328	0.996399	1.123328	0.996396	1.123328	0.996394	1.123327	0.996393	1.126144	0.000927	
1350073035.089850	1.000000	79.483444	66.356430	3.781830	1.111560	0.999061	1.111966	0.000978	1.111560	0.999061	1.111560	0.999061	1.111560	0.999060	1.111560	0.999060	1.111560	0.999059	1.111560	0.999058	1350073035.089903	1.000002	79.470567	66.231304	1.589368	1.123604	0.996409	1.123603	0.996405	1.123605	0.996403	1.123604	0.996399	1.123603	0.996398	1.123604	0.996394	1.123603	0.996392	1.122253	0.001089	
1350073036.089850	1.000000	79.499054	66.370209	3.801193	1.110996	0.998918	1.110205	0.001023	1.110995	0.998918	1.110995	0.998917	1.110995	0.998916	1.110995	0.998916	1.110995	0.998914	1.110995	0.998914	1350073036.089904	1.000001	79.468781	66.226652	1.576369	1.123254	0.996391	1.123254	0.996385	1.123253	0.996385	1.123254	0.996385	1.123254	0.996381	1.123254	0.996380	1.123254	0.996378	1.123941	0.001213	
1350073037.089850	1.000000	79.483932	66.353638	3.785843	1.110963	0.998939	1.112215	0.001290	1.110964	0.998938	1.110964	0.998938	1.110964	0.998936	1.110964	0.998936	1.110965	0.998935	1.110965	0.998934	1350073037.089905	1.000001	79.469559	66.231458	1.582869	1.122868	0.996477	1.122869	0.996478	1.122870	0.996469	1.122867	0.996469	1.122869	0.996465	1.122868	0.996463	1.122868	0.996460	1.119844	0.001031	
1350073038.089850	1.000000	79.495132	66.363907	3.782196	1.111347	0.998996	1.109358	0.000954	1.111347	0.998994	1.111347	0.998994	1.111347	0.998993	1.111347	0.998992	1.111347	0.998992	1.111347	0.998992	1350073038.089901	0.999996	79.467577	66.222024	1.584861	1.123524	0.996376	1.123524	0.996374	1.123524	0.996371	1.123526	0.996369	1.123525	0.996366	1.123525	0.996362	1.123525	0.996360	1.127074	0.001021	
1350073039.089851	1.000001	79.487671	66.355909	3.793606	1.111175	0.998952	1.111679	0.000941	1.111175	0.998952	1.111175	0.998952	1.111175	0.998951	1.111176	0.998950	1.111176	0.998950	1.111176	0.998948	1350073039.089904	1.000003	79.470365	66.221780	1.586253	1.124354	0.996330	1.124354	0.996327	1.124354	0.996326	1.124354	0.996324	1.124354	0.996320	1.124354	0.996318	1.124353	0.996317	1.120407	0.001130	
1350073040.089850	0.999999	79.490921	66.354494	3.792682	1.111224	0.999019	1.098362	0.003839	1.111224	0.999019	1.111224	0.999018	1.111224	0.999017	1.111224	0.999016	1.111224	0.999015	1.111224	0.999015	1350073040.089911	1.000007	79.370942	66.113038	1.582219	1.151311	0.999558	1.151311	0.999559	1.151311	0.999557	1.151311	0.999557	1.151312	0.999557	1.151312	0.999557	1.151312	0.999556	1.130824	0.004697	
1350073041.089851	1.000001	79.454178	66.314039	3.789639	1.136991	0.997602	1.137303	0.000754	1.136992	0.997601	1.136992	0.997599	1.136992	0.997599	1.136993	0.997595	1.136993	0.997594	1.136993	0.997592	1350073041.089906	0.999995	78.759534	65.497490	1.584832	1.153846	1.000000	1.153846	0.999999	1.153846	1.000000	1.153846	1.000000	1.153846	1.000000	1.153846	1.000000	1.153846	1.000000	1.153858	0.001184	
1350073042.089851	1.000000	79.502747	66.361069	3.797272	1.111044	0.998544	1.106509	0.002986	1.111042	0.998544	1.111042	0.998542	1.111042	0.998542	1.111041	0.998542	1.111041	0.998539	1.111041	0.998540	1350073042.089904	0.999998	79.601455	66.339390	1.584384	1.128245	0.996512	1.128245	0.996509	1.128245	0.996507	1.128245	0.996504	1.128245	0.996502	1.128245	0.996500	1.128244	0.996498	1.125859	0.001208	
1350073043.089850	0.999999	79.487716	66.348971	3.789997	1.110128	0.998713	1.109603	0.000891	1.110129	0.998712	1.110130	0.998711	1.110130	0.998711	1.110130	0.998709	1.110130	0.998708	1.110130	0.998708	1350073043.089905	1.000001	79.470261	66.209379	1.586287	1.124317	0.996396	1.124317	0.996394	1.124317	0.996390	1.124317	0.996386	1.124317	0.996384	1.124317	0.996384	1.124317	0.996382	1.120858	0.001212	
1350073044.089850	1.000000	79.491196	66.352036	3.786407	1.109294	0.998538	1.108894	0.000978	1.109294	0.998538	1.109294	0.998537	1.109294	0.998536	1.109294	0.998535	1.109294	0.998534	1.109294	0.998533	1350073044.089902	0.999997	79.465853	66.209159	1.587789	1.122904	0.996453	1.122904	0.996449	1.122904	0.996447	1.122904	0.996445	1.122904	0.996441	1.122904	0.996439	1.122904	0.996436	1.125074	0.001188	
1350073045.089850	1.000000	79.494446	66.354950	3.785965	1.108882	0.998399	1.105595	0.000977	1.108882	0.998399	1.108882	0.998398	1.108882	0.998397	1.108882	0.998395	1.108882	0.998394	1.108882	0.998394	1350073045.089936	1.000034	79.467292	66.212479	1.584663	1.123130	0.996379	1.123130	0.996375	1.123130	0.996373	1.123130	0.996370	1.123130	0.996367	1.123130	0.996363	1.123130	0.996361	1.121950	0.001213	
1350073046.089851	1.000001	79.409409	66.282026	3.774060	1.109149	0.998467	1.105426	0.000964	1.109149	0.998467	1.109149	0.998466	1.109149	0.998465	1.109149	0.998464	1.109149	0.998463	1.109149	0.998462	1350073046.089905	0.999969	79.475211	66.219673	1.583148	1.122711	0.996457	1.122709	0.996456	1.122711	0.996453	1.122711	0.996449	1.122711	0.996447	1.122711	0.996444	1.122711	0.996441	1.123474	0.001292	
1350073047.089850	0.999999	79.495941	66.355776	3.786396	1.109315	0.998540	1.108151	0.001275	1.109315	0.998541	1.109315	0.998540	1.109315	0.998538	1.109315	0.998538	1.109315	0.998536	1.109315	0.998536	1350073047.089903	0.999998	79.466842	66.213383	1.591129	1.122190	0.996320	1.122192	0.996316	1.122188	0.996313	1.122190	0.996310	1.122190	0.996309	1.122190	0.996305	1.122189	0.996302	1.121376	0.001189	
1350073048.089854	1.000004	79.488951	66.346380	3.770706	1.109490	0.998587	1.110119	0.000943	1.109490	0.998587	1.109490	0.998584	1.109490	0.998584	1.109490	0.998583	1.109490	0.998582	1.109490	0.998582	1350073048.089904	1.000001	79.475159	66.223524	1.587950	1.122666	0.996591	1.122667	0.996588	1.122669	0.996585	1.122667	0.996582	1.122667	0.996581	1.122667	0.996577	1.122667	0.996574	1.120857	0.001206	
1350073049.089850	0.999996	79.494341	66.351236	3.782288	1.109758	0.998642	1.109080	0.000958	1.109757	0.998641	1.109757	0.998641	1.109757	0.998639	1.109757	0.998640	1.109757	0.998638	1.109756	0.998637	1350073049.089905	1.000001	79.468674	66.214765	1.578169	1.122789	0.996376	1.122789	0.996372	1.122790	0.996368	1.122789	0.996365	1.122790	0.996352	1.122790	0.996351	1.122790	0.996348	1.122296	0.001168	
1350073050.089850	1.000000	79.485947	66.344666	3.798019	1.108879	0.998436	1.107381	0.000968	1.108880	0.998436	1.108880	0.998437	1.108880	0.998435	1.108880	0.998434	1.108880	0.998432	1.108881	0.998431	1350073050.089902	0.999997	79.387621	66.144187	1.586415	1.124134	0.996346	1.124134	0.996342	1.124134	0.996339	1.124134	0.996337	1.124134	0.996346	1.124134	0.996343	1.124134	0.996342	1.124613	0.001216	
1350073051.089850	1.000000	79.492844	66.350250	3.777969	1.108534	0.998336	1.108789	0.000921	1.108534	0.998335	1.108534	0.998335	1.108534	0.998333	1.108534	0.998333	1.108534	0.998330	1.108534	0.998330	1350073051.089904	1.000002	79.470887	66.213085	1.584500	1.124070	0.996290	1.124070	0.996288	1.124070	0.996286	1.124069	0.996282	1.124070	0.996281	1.124070	0.996278	1.124069	0.996275	1.118711	0.002580	
1350073052.089850	1.000000	79.493668	66.352402	3.781937	1.108730	0.998430	1.101398	0.002966	1.108730	0.998430	1.108730	0.998428	1.108730	0.998427	1.108730	0.998426	1.108730	0.998425	1.108730	0.998425	1350073052.089903	0.999999	79.466598	66.210955	1.582903	1.123540	0.996419	1.123541	0.996417	1.123539	0.996414	1.123543	0.996412	1.123541	0.996410	1.123541	0.996408	1.123542	0.996405	1.123440	0.001241	
1350073053.089850	1.000000	79.488388	66.346542	3.801620	1.108483	0.998359	1.109828	0.000979	1.108483	0.998357	1.108483	0.998355	1.108483	0.998355	1.108483	0.998354	1.108483	0.998353	1.108483	0.998352	1350073053.089904	1.000001	79.475007	66.220625	1.587813	1.123045	0.996579	1.123045	0.996575	1.123046	0.996573	1.123044	0.996569	1.123044	0.996567	1.123044	0.996565	1.123043	0.996563	1.123920	0.001203	
1350073054.089850	1.000000	79.493546	66.352112	3.797577	1.108296	0.998305	1.104558	0.000960	1.108294	0.998304	1.108294	0.998302	1.108294	0.998301	1.108294	0.998300	1.108294	0.998298	1.108294	0.998298	1350073054.089905	1.000001	79.464158	66.205534	1.581267	1.124203	0.996265	1.124204	0.996262	1.124201	0.996260	1.124204	0.996258	1.124203	0.996254	1.124203	0.996251	1.124203	0.996248	1.124370	0.001171	
1350073055.089850	1.000000	79.493362	66.351608	3.793884	1.108561	0.998358	1.103850	0.000964	1.108561	0.998357	1.108561	0.998357	1.108561	0.998355	1.108561	0.998355	1.108561	0.998353	1.108561	0.998352	1350073055.089905	1.000000	79.474655	66.218643	1.583069	1.122833	0.996431	1.122831	0.996428	1.122835	0.996425	1.122833	0.996423	1.122833	0.996421	1.122833	0.996419	1.122833	0.996417	1.111614	0.001200	
1350073056.089850	1.000000	79.479004	66.337357	3.793777	1.112126	0.998022	1.110281	0.000972	1.112128	0.998023	1.112128	0.998021	1.112128	0.998021	1.112128	0.998020	1.112129	0.998017	1.112129	0.998016	1350073056.089903	0.999998	79.251357	65.992207	1.587878	1.137246	0.998012	1.137248	0.998012	1.137247	0.998008	1.137247	0.998009	1.137247	0.998007	1.137247	0.998007	1.137247	0.998006	1.148273	0.001191	
1350073057.089851	1.000001	79.462784	66.313184	3.797528	1.138558	0.996819	1.137498	0.001014	1.138558	0.996817	1.138558	0.996817	1.138558	0.996813	1.138558	0.996811	1.138558	0.996810	1.138558	0.996808	1350073057.089903	1.000000	78.814651	65.552429	1.592880	1.153846	1.000000	1.153846	1.000000	1.153846	1.000002	1.153844	1.000000	1.153846	1.000000	1.153846	1.000000	1.153846	1.000000	1.153819	0.000986	
1350073058.089863	1.000012	715777370.390539	715791035.544044	715766733.703343	0.999982	1.000163	0.999979	1.000167	0.999990	1.000164	0.999981	1.000161	0.999982	1.000166	0.999984	1.000158	0.999981	1.000163	0.999982	1.000165	1350073058.090873	1.000970	715094156.199853	715088840.831812	715090762.009167	0.999982	1.000165	0.999979	1.000163	3.893585	0.256872	0.999981	1.000161	0.999982	1.000166	0.999984	1.000160	0.999981	1.000163	0.999982	1.000166	
1350073059.089852	0.999989	0.000000	0.000000	0.000000	-nan	-nan	-nan	-nan	0.000000	inf	-nan	-nan	-nan	0.000000	0.000000	inf	-nan	-nan	-nan	-nan	1350073059.089914	0.999041	0.000000	0.000000	0.000000	-nan	-nan	-nan	-nan	0.000000	inf	-nan	-nan	-nan	-nan	-nan	-nan	-nan	-nan	-nan	-nan	
