ts_0	elapsed_0	pkg_0	pp0_0	dram_0	freq_ratio_0_0	c0_ratio_0_0	freq_ratio_0_1	c0_ratio_0_1	freq_ratio_0_2	c0_ratio_0_2	freq_ratio_0_3	c0_ratio_0_3	freq_ratio_0_4	c0_ratio_0_4	freq_ratio_0_5	c0_ratio_0_5	freq_ratio_0_6	c0_ratio_0_6	freq_ratio_0_7	c0_ratio_0_7	ts_1	elapsed_1	pkg_1	pp0_1	dram_1	freq_ratio_1_0	c0_ratio_1_0	freq_ratio_1_1	c0_ratio_1_1	freq_ratio_1_2	c0_ratio_1_2	freq_ratio_1_3	c0_ratio_1_3	freq_ratio_1_4	c0_ratio_1_4	freq_ratio_1_5	c0_ratio_1_5	freq_ratio_1_6	c0_ratio_1_6	freq_ratio_1_7	c0_ratio_1_7	
1350064945.810386	1.000107	67.867994	54.738235	6.116090	0.937642	0.997365	0.937642	0.997363	0.937641	0.997403	0.937642	0.997360	0.937641	0.997360	0.937641	0.997358	0.937641	0.997355	0.937641	0.997355	1350064945.810427	1.000100	67.861461	54.640217	2.885896	0.938077	0.996980	0.938077	0.996978	0.938077	0.996976	0.938077	0.996976	0.938076	0.996973	0.938076	0.996971	0.938076	0.996969	0.938075	0.996967	
1350064946.810378	0.999992	64.709524	51.562994	6.115238	0.904430	0.996257	0.904430	0.996255	0.904431	0.996252	0.904430	0.996250	0.904430	0.996247	0.904430	0.996246	0.904430	0.996244	0.904430	0.996242	1350064946.810415	0.999988	64.706445	51.476261	2.710161	0.905032	0.995702	0.905032	0.995699	0.905032	0.995697	0.905032	0.995693	0.905032	0.995690	0.905032	0.995689	0.905032	0.995687	0.905032	0.995685	
1350064947.810377	0.999999	64.706742	51.551487	6.102911	0.903764	0.996052	0.903764	0.996049	0.903764	0.996045	0.903764	0.996043	0.903764	0.996042	0.903764	0.996040	0.903764	0.996037	0.903764	0.996037	1350064947.810414	0.999999	64.709153	51.471057	2.698962	0.904303	0.995769	0.904303	0.995765	0.904302	0.995763	0.904302	0.995761	0.904302	0.995758	0.904302	0.995757	0.904302	0.995753	0.904301	0.995753	
1350064948.810378	1.000001	64.706298	51.539486	6.108927	0.903783	0.995960	0.903783	0.995958	0.903783	0.995955	0.903783	0.995954	0.903783	0.995950	0.903783	0.995947	0.903783	0.995946	0.903783	0.995943	1350064948.810415	1.000001	64.703903	51.454388	2.701413	0.904067	0.996110	0.904066	0.996110	0.904066	0.996108	0.904067	0.996106	0.904066	0.996103	0.904067	0.996100	0.904066	0.996099	0.904066	0.996096	
1350064949.810377	0.999999	64.711152	51.538623	6.121405	0.903557	0.996104	0.903557	0.996101	0.903557	0.996099	0.903557	0.996096	0.903557	0.996096	0.903556	0.996093	0.903556	0.996091	0.903556	0.996089	1350064949.810416	1.000001	64.708511	51.452176	2.712278	0.903686	0.996179	0.903686	0.996178	0.903686	0.996174	0.903686	0.996172	0.903686	0.996170	0.903686	0.996167	0.903686	0.996165	0.903686	0.996163	
1350064950.810378	1.000001	64.704864	51.524395	6.109064	0.903497	0.996170	0.903497	0.996168	0.903497	0.996164	0.903497	0.996162	0.903497	0.996162	0.903497	0.996161	0.903497	0.996158	0.903497	0.996157	1350064950.810415	0.999999	64.708543	51.447193	2.712100	0.903256	0.996079	0.903256	0.996077	0.903256	0.996074	0.903256	0.996071	0.903256	0.996069	0.903256	0.996067	0.903256	0.996065	0.903256	0.996062	
1350064951.810378	1.000000	64.704269	51.518112	6.102783	0.903110	0.996171	0.903110	0.996169	0.903110	0.996166	0.903110	0.996165	0.903110	0.996161	0.903110	0.996160	0.903110	0.996157	0.903110	0.996157	1350064951.810415	1.000000	64.705185	51.440292	2.712067	0.902793	0.996125	0.902792	0.996124	0.902793	0.996121	0.902793	0.996120	0.902792	0.996118	0.902793	0.996114	0.902793	0.996112	0.902792	0.996110	
1350064952.810378	1.000000	64.707306	51.523270	6.109070	0.902368	0.996001	0.902368	0.995998	0.902368	0.995996	0.902368	0.995994	0.902368	0.995992	0.902368	0.995991	0.902368	0.995988	0.902368	0.995985	1350064952.810415	1.000000	64.705566	51.439789	2.709152	0.901986	0.995963	0.901991	0.995961	0.901991	0.995958	0.901991	0.995956	0.901992	0.995952	0.901992	0.995949	0.901992	0.995947	0.901992	0.995946	
1350064953.810381	1.000003	64.710752	51.533501	6.102886	0.902297	0.996052	0.902297	0.996049	0.902297	0.996048	0.902297	0.996046	0.902297	0.996043	0.902297	0.996040	0.902297	0.996038	0.902296	0.996036	1350064953.810418	1.000003	64.645277	51.389016	2.714667	0.901481	0.995984	0.901476	0.995983	0.901476	0.995982	0.901475	0.995981	0.901475	0.995979	0.901475	0.995976	0.901475	0.995972	0.901475	0.995969	
1350064954.810377	0.999996	64.705539	51.541270	6.115259	0.902213	0.996041	0.902213	0.996038	0.902213	0.996036	0.902213	0.996033	0.902214	0.996029	0.902214	0.996028	0.902214	0.996025	0.902214	0.996024	1350064954.810414	0.999996	64.706317	51.429698	2.703807	0.900371	0.995907	0.900371	0.995902	0.900371	0.995897	0.900371	0.995894	0.900371	0.995892	0.900371	0.995891	0.900372	0.995891	0.900371	0.995890	
1350064955.810377	1.000000	64.706406	51.544067	6.115234	0.902096	0.996017	0.902095	0.996016	0.902095	0.996013	0.902095	0.996010	0.902095	0.996007	0.902095	0.996005	0.902096	0.996001	0.902095	0.996000	1350064955.810413	0.999999	64.707123	51.426731	2.701342	0.899848	0.995948	0.899848	0.995946	0.899848	0.995944	0.899848	0.995942	0.899848	0.995937	0.899849	0.995934	0.899849	0.995932	0.899849	0.995931	
1350064956.810378	1.000001	64.706359	51.552823	6.109049	0.901731	0.995982	0.901731	0.995979	0.901731	0.995978	0.901731	0.995974	0.901731	0.995971	0.901731	0.995967	0.901731	0.995964	0.901730	0.995965	1350064956.810417	1.000004	64.711179	51.428548	2.706593	0.900459	0.995939	0.900459	0.995938	0.900459	0.995936	0.900459	0.995933	0.900459	0.995931	0.900459	0.995927	0.900459	0.995925	0.900459	0.995923	
1350064957.810377	0.999999	64.711884	51.558155	6.115240	0.901383	0.995971	0.901382	0.995971	0.901383	0.995968	0.901383	0.995965	0.901383	0.995963	0.901383	0.995960	0.901382	0.995957	0.901382	0.995955	1350064957.810415	0.999998	64.707139	51.420203	2.706899	0.901736	0.996037	0.901736	0.996034	0.901736	0.996032	0.901736	0.996030	0.901735	0.996029	0.901735	0.996026	0.901735	0.996024	0.901735	0.996021	
1350064958.810378	1.000001	64.706497	51.549633	6.115229	0.900924	0.995909	0.900924	0.995907	0.900924	0.995905	0.900924	0.995904	0.900924	0.995900	0.900925	0.995899	0.900925	0.995895	0.900925	0.995891	1350064958.810415	1.000000	64.707336	51.416260	2.709457	0.902775	0.996085	0.902775	0.996082	0.902775	0.996079	0.902775	0.996075	0.902776	0.996074	0.902776	0.996072	0.902776	0.996070	0.902776	0.996068	
1350064959.810378	1.000000	64.707443	51.550262	6.127563	0.900884	0.995929	0.900883	0.995927	0.900884	0.995925	0.900883	0.995923	0.900883	0.995921	0.900883	0.995917	0.900883	0.995915	0.900883	0.995914	1350064959.810415	1.000000	64.709534	51.416122	2.715134	0.902555	0.995995	0.902555	0.995993	0.902555	0.995990	0.902554	0.995988	0.902554	0.995985	0.902555	0.995983	0.902554	0.995981	0.902554	0.995978	
1350064960.810377	0.999999	64.707734	51.548954	6.109076	0.900898	0.995962	0.900898	0.995959	0.900899	0.995956	0.900898	0.995951	0.900899	0.995948	0.900899	0.995945	0.900899	0.995943	0.900899	0.995945	1350064960.810415	1.000000	64.709152	51.413315	2.693390	0.902142	0.995973	0.902142	0.995968	0.902143	0.995967	0.902142	0.995966	0.902142	0.995964	0.902142	0.995963	0.902142	0.995963	0.902142	0.995958	
1350064961.810377	1.000000	64.648636	51.502274	6.115234	0.899906	0.995986	0.899906	0.995982	0.899906	0.995981	0.899905	0.995978	0.899905	0.995976	0.899905	0.995974	0.899905	0.995972	0.899905	0.995970	1350064961.810415	1.000000	64.705765	51.407852	2.706848	0.902242	0.995970	0.902242	0.995968	0.902242	0.995965	0.902242	0.995963	0.902242	0.995960	0.902242	0.995957	0.902242	0.995954	0.902243	0.995952	
1350064962.810379	1.000002	64.705672	51.543649	6.120136	0.900065	0.995910	0.900065	0.995901	0.900065	0.995899	0.900065	0.995898	0.900065	0.995894	0.900065	0.995891	0.900065	0.995888	0.900065	0.995888	1350064962.810418	1.000003	64.706587	51.404839	2.695533	0.902257	0.995932	0.902257	0.995929	0.902258	0.995926	0.902257	0.995925	0.902257	0.995923	0.902257	0.995919	0.902257	0.995918	0.902257	0.995916	
1350064963.810378	0.999999	64.709840	51.547809	6.115240	0.903952	0.996255	0.903952	0.996253	0.903952	0.996250	0.903952	0.996248	0.903952	0.996246	0.903952	0.996245	0.903952	0.996243	0.903951	0.996241	1350064963.810416	0.999998	64.707841	51.404044	2.690206	0.907886	0.996133	0.907886	0.996132	0.907885	0.996129	0.907885	0.996127	0.907885	0.996124	0.907885	0.996122	0.907884	0.996119	0.907884	0.996116	
1350064964.810378	1.000000	64.708817	51.544952	6.115234	0.898958	0.995941	0.898958	0.995938	0.898958	0.995934	0.898958	0.995930	0.898958	0.995928	0.898958	0.995924	0.898958	0.995923	0.898957	0.995923	1350064964.810433	1.000017	64.703220	51.399902	2.712219	0.901168	0.995875	0.901168	0.995874	0.901168	0.995873	0.901168	0.995869	0.901168	0.995866	0.901168	0.995863	0.901168	0.995860	0.901167	0.995858	
1350064965.810377	0.999999	64.706620	51.541660	6.102911	0.899038	0.995957	0.899038	0.995956	0.899038	0.995954	0.899038	0.995952	0.899038	0.995948	0.899038	0.995947	0.899038	0.995945	0.899038	0.995942	1350064965.810416	0.999983	64.712308	51.407578	2.701355	0.901046	0.995973	0.901046	0.995969	0.901047	0.995967	0.901046	0.995965	0.901046	0.995962	0.901046	0.995959	0.901046	0.995957	0.901046	0.995955	
1350064966.810377	1.000000	64.706421	51.541367	6.121399	0.898539	0.995895	0.898539	0.995893	0.898539	0.995890	0.898539	0.995888	0.898540	0.995885	0.898540	0.995881	0.898540	0.995885	0.898540	0.995876	1350064966.810415	0.999999	64.710328	51.405765	2.709201	0.900971	0.995808	0.900971	0.995807	0.900971	0.995805	0.900971	0.995803	0.900971	0.995802	0.900971	0.995800	0.900971	0.995790	0.900971	0.995793	
1350064967.810377	1.000000	64.712112	51.544815	6.115234	0.898387	0.995872	0.898387	0.995871	0.898387	0.995868	0.898386	0.995868	0.898386	0.995862	0.898386	0.995861	0.898386	0.995859	0.898386	0.995857	1350064967.810415	1.000000	64.709015	51.404480	2.701431	0.900405	0.995877	0.900405	0.995877	0.900405	0.995872	0.900405	0.995867	0.900405	0.995864	0.900405	0.995860	0.900405	0.995863	0.900404	0.995856	
1350064968.810378	1.000001	64.707275	51.537396	6.115229	0.897944	0.995872	0.897944	0.995869	0.897944	0.995867	0.897944	0.995865	0.897945	0.995861	0.897945	0.995859	0.897945	0.995857	0.897945	0.995856	1350064968.810415	1.000000	64.708984	51.410980	2.714828	0.900589	0.995808	0.900589	0.995805	0.900589	0.995801	0.900589	0.995797	0.900589	0.995796	0.900589	0.995793	0.900589	0.995793	0.900589	0.995791	
1350064969.810377	0.999999	64.713059	51.540256	6.109076	0.898021	0.995924	0.898021	0.995921	0.898021	0.995919	0.898021	0.995918	0.898021	0.995916	0.898021	0.995914	0.898020	0.995911	0.898020	0.995908	1350064969.810415	1.000000	64.708069	51.407379	2.703842	0.900412	0.995943	0.900412	0.995942	0.900412	0.995938	0.900413	0.995936	0.900413	0.995932	0.900413	0.995921	0.900413	0.995918	0.900413	0.995918	
1350064970.810377	1.000000	64.710159	51.533157	6.109070	0.897611	0.995795	0.897611	0.995793	0.897611	0.995789	0.897611	0.995786	0.897611	0.995784	0.897611	0.995783	0.897611	0.995780	0.897611	0.995777	1350064970.810416	1.000001	64.640060	51.360547	2.709623	0.900604	0.995817	0.900603	0.995815	0.900603	0.995812	0.900603	0.995808	0.900603	0.995804	0.900604	0.995813	0.900603	0.995811	0.900604	0.995811	
1350064971.810378	1.000001	64.710235	51.533032	6.084406	0.896957	0.995720	0.896957	0.995718	0.896957	0.995715	0.896957	0.995714	0.896957	0.995711	0.896957	0.995708	0.896957	0.995706	0.896957	0.995703	1350064971.810419	1.000003	64.711622	51.427148	2.709357	0.901701	0.995945	0.901701	0.995942	0.901701	0.995940	0.901701	0.995937	0.901701	0.995933	0.901700	0.995933	0.901700	0.995933	0.901700	0.995930	
1350064972.810378	1.000000	64.706711	51.524933	6.127563	0.896798	0.995781	0.896798	0.995778	0.896798	0.995774	0.896798	0.995772	0.896798	0.995769	0.896798	0.995767	0.896798	0.995765	0.896798	0.995762	1350064972.810415	0.999996	64.707706	51.413691	2.712261	0.900439	0.995956	0.900439	0.995955	0.900440	0.995951	0.900439	0.995950	0.900440	0.995949	0.900440	0.995946	0.900440	0.995945	0.900440	0.995942	
1350064973.810377	0.999999	64.648652	51.478137	6.096747	0.896530	0.995733	0.896529	0.995730	0.896529	0.995727	0.896529	0.995725	0.896529	0.995721	0.896529	0.995719	0.896529	0.995717	0.896528	0.995715	1350064973.810415	1.000000	64.704910	51.414719	2.712173	0.900513	0.995836	0.900513	0.995833	0.900513	0.995830	0.900513	0.995827	0.900513	0.995827	0.900513	0.995823	0.900513	0.995822	0.900512	0.995817	
1350064974.810378	1.000001	64.709853	51.518658	6.102899	0.896253	0.995775	0.896253	0.995774	0.896253	0.995772	0.896253	0.995770	0.896253	0.995768	0.896253	0.995765	0.896253	0.995764	0.896253	0.995761	1350064974.810416	1.000001	64.709182	51.425885	2.706937	0.901801	0.995953	0.901801	0.995951	0.901801	0.995947	0.901801	0.995945	0.901801	0.995943	0.901801	0.995941	0.901801	0.995940	0.901801	0.995937	
1350064975.810378	1.000000	64.710037	51.517029	6.133728	0.896616	0.995769	0.896616	0.995765	0.896616	0.995761	0.896616	0.995761	0.896616	0.995758	0.896616	0.995756	0.896616	0.995751	0.896616	0.995748	1350064975.810415	0.999999	64.708756	51.426807	2.693087	0.901873	0.996002	0.901872	0.995998	0.901872	0.995996	0.901872	0.995993	0.901872	0.995992	0.901872	0.995992	0.901872	0.995989	0.901872	0.995986	
1350064976.810378	1.000000	64.710800	51.517532	6.115234	0.896806	0.995730	0.896806	0.995727	0.896806	0.995724	0.896806	0.995722	0.896806	0.995718	0.896806	0.995717	0.896806	0.995715	0.896805	0.995713	1350064976.810417	1.000002	64.705779	51.423242	2.704112	0.901649	0.996018	0.901649	0.996016	0.901649	0.996013	0.901649	0.996011	0.901650	0.996009	0.901650	0.996006	0.901650	0.996004	0.901649	0.996001	
1350064977.810377	0.999999	64.707947	51.514606	6.121405	0.896537	0.995819	0.896537	0.995816	0.896537	0.995815	0.896537	0.995811	0.896537	0.995808	0.896537	0.995807	0.896537	0.995803	0.896537	0.995801	1350064977.810415	0.999998	64.713869	51.428733	2.712163	0.901193	0.995905	0.901193	0.995903	0.901193	0.995902	0.901192	0.995898	0.901192	0.995894	0.901192	0.995893	0.901192	0.995890	0.901191	0.995888	
1350064978.810378	1.000001	64.712173	51.516140	6.096735	0.896999	0.995770	0.896999	0.995767	0.896999	0.995764	0.896999	0.995763	0.896999	0.995759	0.896999	0.995757	0.896999	0.995754	0.896999	0.995751	1350064978.810416	1.000001	64.703231	51.420514	2.698652	0.901060	0.995959	0.901059	0.995957	0.901059	0.995954	0.901059	0.995953	0.901058	0.995949	0.901060	0.995946	0.901060	0.995943	0.901060	0.995939	
1350064979.810377	0.999999	64.707810	51.508457	6.121405	0.898032	0.995870	0.898032	0.995868	0.898033	0.995866	0.898033	0.995864	0.898033	0.995860	0.898033	0.995857	0.898033	0.995854	0.898033	0.995853	1350064979.810414	0.999998	64.711442	51.426551	2.698598	0.901033	0.995994	0.901033	0.995991	0.901033	0.995991	0.901033	0.995989	0.901034	0.995988	0.901033	0.995985	0.901033	0.995981	0.901032	0.995977	
1350064980.810378	1.000001	64.711623	51.511914	6.109064	0.898256	0.995807	0.898256	0.995803	0.898256	0.995800	0.898256	0.995799	0.898256	0.995795	0.898256	0.995792	0.898256	0.995791	0.898255	0.995788	1350064980.810416	1.000002	64.708144	51.424600	2.712184	0.901373	0.995985	0.901373	0.995983	0.901373	0.995981	0.901373	0.995978	0.901372	0.995975	0.901373	0.995972	0.901372	0.995968	0.901372	0.995965	
1350064981.810384	1.000006	715760093.094080	715820168.235806	715768808.281544	0.999982	1.000166	0.999980	1.000170	0.999990	1.000165	0.999983	1.000174	0.999982	1.000168	0.999984	1.000161	0.999982	1.000166	0.999983	1.000168	1350064981.811650	1.001234	714882404.707112	714916046.431303	714927699.626552	0.999982	1.000168	0.999980	1.000170	3.893535	0.256877	0.999982	1.000163	0.999983	1.000171	0.999984	1.000161	0.999982	1.000169	0.999982	1.000164	
1350064982.810443	1.000059	0.000000	0.000000	0.000000	-nan	-nan	-nan	-nan	2588281458531.576660	inf	-nan	-nan	-nan	0.000000	0.000000	inf	-nan	-nan	-nan	-nan	1350064982.810530	0.998880	0.000000	0.000000	0.000000	-nan	-nan	-nan	-nan	1.345745	inf	-nan	-nan	-nan	-nan	-nan	-nan	-nan	-nan	-nan	-nan	
