ts_0	elapsed_0	pkg_0	pp0_0	dram_0	freq_ratio_0_0	c0_ratio_0_0	freq_ratio_0_1	c0_ratio_0_1	freq_ratio_0_2	c0_ratio_0_2	freq_ratio_0_3	c0_ratio_0_3	freq_ratio_0_4	c0_ratio_0_4	freq_ratio_0_5	c0_ratio_0_5	freq_ratio_0_6	c0_ratio_0_6	freq_ratio_0_7	c0_ratio_0_7	ts_1	elapsed_1	pkg_1	pp0_1	dram_1	freq_ratio_1_0	c0_ratio_1_0	freq_ratio_1_1	c0_ratio_1_1	freq_ratio_1_2	c0_ratio_1_2	freq_ratio_1_3	c0_ratio_1_3	freq_ratio_1_4	c0_ratio_1_4	freq_ratio_1_5	c0_ratio_1_5	freq_ratio_1_6	c0_ratio_1_6	freq_ratio_1_7	c0_ratio_1_7	
1350071155.498600	1.000843	38.644362	25.595609	3.794378	1.269221	0.999915	1.266756	0.000309	1.261213	0.000072	1.262233	0.000076	1.262316	0.000084	1.269134	0.000052	1.268569	0.000053	1.268715	0.000053	1350071155.499021	1.000848	37.830223	24.616910	1.589061	1.269222	0.999916	1.268455	0.000469	1.264418	0.000070	1.264383	0.000063	1.267716	0.000061	1.266085	0.000071	1.265379	0.000060	1.266768	0.000087	
1350071156.498597	0.999997	38.766661	25.697025	3.805249	1.269225	0.999935	1.269236	0.000613	1.269072	0.000010	1.267675	0.000025	1.268873	0.000010	1.269654	0.000010	1.267447	0.000010	1.271061	0.000010	1350071156.499003	0.999982	37.780400	24.560879	1.587110	1.269224	0.999913	1.269219	0.000366	1.269102	0.000010	1.269151	0.000041	1.264530	0.000010	1.275410	0.000037	1.289539	0.000010	1.272632	0.000073	
1350071157.498597	1.000000	38.764847	25.684235	3.805481	1.269221	0.999915	1.263471	0.000241	1.258031	0.000050	1.261480	0.000061	1.261415	0.000078	1.269087	0.000051	1.269249	0.000037	1.268766	0.000036	1350071157.499006	1.000003	37.796148	24.573029	1.578898	1.269223	0.999911	1.268086	0.000288	1.265302	0.000074	1.263615	0.000057	1.269753	0.000060	1.265426	0.000063	1.264311	0.000045	1.265815	0.000072	
1350071158.498597	1.000000	38.785614	25.704666	3.797867	1.269225	0.999934	1.271654	0.000298	1.268990	0.000010	1.267884	0.000026	1.254495	0.000009	1.259109	0.000010	1.260361	0.000010	1.260558	0.000010	1350071158.498853	0.999847	37.803775	24.578698	1.585677	1.269225	0.999934	1.269242	0.000262	1.257212	0.000010	1.269360	0.000010	1.278727	0.000010	1.274605	0.000037	1.290109	0.000010	1.273707	0.000051	
1350071159.498597	1.000000	38.804230	25.723755	3.809555	1.269220	0.999908	1.264082	0.000234	1.261811	0.000084	1.258516	0.000060	1.257289	0.000060	1.266183	0.000038	1.266262	0.000058	1.253521	0.000039	1350071159.499007	1.000154	37.792412	24.570953	1.588333	1.269223	0.999911	1.267982	0.000272	1.266116	0.000067	1.264245	0.000064	1.268812	0.000040	1.269574	0.000067	1.269995	0.000036	1.269138	0.000134	
1350071160.498597	1.000000	38.806992	25.725754	3.809052	1.269225	0.999936	1.266461	0.000258	1.268303	0.000009	1.267961	0.000026	1.268493	0.000009	1.271527	0.000010	1.276426	0.000010	1.272039	0.000010	1350071160.499004	0.999997	37.801692	24.578094	1.585424	1.269225	0.999935	1.269376	0.000236	1.255927	0.000010	1.269544	0.000010	1.269380	0.000010	1.268346	0.000049	1.267104	0.000010	1.269430	0.000057	
1350071161.498597	1.000000	38.773712	25.692123	3.805481	1.269221	0.999915	1.268163	0.000479	1.241626	0.000048	1.258812	0.000060	1.246074	0.000052	1.256575	0.000044	1.254775	0.000037	1.254216	0.000037	1350071161.499006	1.000002	37.808903	24.585097	1.585584	1.269221	0.999892	1.266793	0.000440	1.267357	0.000092	1.265667	0.000090	1.269862	0.000045	1.269153	0.000069	1.269728	0.000044	1.257720	0.000066	
1350071162.498597	1.000000	38.770157	25.687393	3.782104	1.269225	0.999936	1.269171	0.002256	1.302850	0.000021	1.269745	0.000038	1.295486	0.000021	1.272501	0.000010	1.270077	0.000010	1.269095	0.000010	1350071162.499002	0.999996	37.765030	24.554146	1.579032	1.269225	0.999935	1.269291	0.000246	1.268685	0.000017	1.269285	0.000016	1.269109	0.000017	1.270788	0.000036	1.264340	0.000024	1.267524	0.000051	
1350071163.498597	1.000000	38.732910	25.648834	3.794205	1.269221	0.999911	1.269362	0.000247	1.261762	0.000085	1.261904	0.000074	1.258998	0.000052	1.279777	0.000048	1.277337	0.000064	1.278934	0.000056	1350071163.499010	1.000008	37.820616	24.596816	1.588564	1.269223	0.999912	1.268255	0.000281	1.265628	0.000087	1.265035	0.000070	1.266723	0.000062	1.269171	0.000088	1.269654	0.000074	1.268536	0.000171	
1350071164.498598	1.000001	41.825293	28.740375	3.800900	1.235266	0.999823	1.164900	0.003315	1.156448	0.002743	1.156600	0.002582	1.154331	0.002375	1.156787	0.002737	1.156723	0.002561	1.155133	0.002456	1350071164.498692	0.999682	38.668060	25.439075	1.580276	1.268618	0.999473	1.171118	0.002590	1.159461	0.002114	1.160837	0.002220	1.161128	0.002230	1.172132	0.003414	1.161358	0.002362	1.171128	0.002132	
1350071165.498597	0.999999	38.722556	25.637552	3.778721	1.269216	0.999956	1.266428	0.000638	1.260190	0.000039	1.263055	0.000055	1.237298	0.000042	1.274499	0.000039	1.281779	0.000030	1.277613	0.000039	1350071165.499006	1.000314	37.797031	24.577045	1.585013	1.269223	0.999958	1.267482	0.000284	1.259892	0.000054	1.261542	0.000061	1.262870	0.000045	1.264730	0.000084	1.271143	0.000054	1.266779	0.000070	
1350071166.498597	1.000000	38.783905	25.701141	3.793900	1.269225	0.999933	1.270188	0.000750	1.268809	0.000010	1.267971	0.000030	1.268975	0.000009	1.268932	0.000010	1.264090	0.000010	1.266132	0.000010	1350071166.499003	0.999997	37.808146	24.583359	1.581792	1.269223	0.999913	1.267175	0.000357	1.270502	0.000010	1.269139	0.000039	1.266962	0.000011	1.274104	0.000044	1.289986	0.000011	1.260851	0.000060	
1350071167.498598	1.000001	38.731241	25.649680	3.790142	1.269215	0.999852	1.263840	0.000227	1.257992	0.000052	1.259938	0.000066	1.257079	0.000053	1.269320	0.000042	1.270178	0.000047	1.269986	0.000045	1350071167.499005	1.000002	37.714604	24.489974	1.578839	1.269217	0.999849	1.268136	0.000314	1.265255	0.000072	1.265033	0.000072	1.271605	0.000059	1.269498	0.000074	1.269316	0.000135	1.269369	0.000129	
1350071168.498597	0.999999	38.755942	25.674020	3.778888	1.269225	0.999932	1.269138	0.000278	1.270316	0.000010	1.269399	0.000026	1.271094	0.000009	1.268819	0.000009	1.268226	0.000011	1.268571	0.000010	1350071168.499002	0.999997	37.803309	24.579330	1.585393	1.269225	0.999933	1.269344	0.000244	1.268968	0.000010	1.268445	0.000010	1.269848	0.000010	1.268822	0.000036	1.267224	0.000010	1.269818	0.000051	
1350071169.498597	1.000000	38.739395	25.656357	3.801514	1.269221	0.999916	1.266246	0.000272	1.255192	0.000045	1.258785	0.000060	1.255582	0.000046	1.269391	0.000038	1.269210	0.000037	1.269193	0.000036	1350071169.499008	1.000006	37.808658	24.584387	1.587103	1.269223	0.999912	1.268087	0.000308	1.263751	0.000059	1.264323	0.000061	1.269483	0.000044	1.269263	0.000066	1.269407	0.000049	1.263609	0.000061	
1350071170.498597	1.000000	38.774216	25.693390	3.790237	1.269225	0.999936	1.269372	0.000259	1.270809	0.000010	1.268456	0.000027	1.267983	0.000010	1.270329	0.000010	1.270903	0.000010	1.267827	0.000010	1350071170.498999	0.999991	37.804954	24.580926	1.583846	1.269223	0.999911	1.265359	0.000238	1.270459	0.000010	1.267333	0.000010	1.254895	0.000010	1.269627	0.000044	1.267091	0.000010	1.275382	0.000051	
1350071171.498597	1.000000	38.791183	25.710159	3.797943	1.269221	0.999916	1.269349	0.000485	1.254811	0.000048	1.258283	0.000058	1.255486	0.000046	1.268398	0.000037	1.266981	0.000039	1.269228	0.000038	1350071171.499006	1.000007	37.815840	24.591459	1.590413	1.269221	0.999891	1.266816	0.000392	1.263557	0.000059	1.265602	0.000085	1.268552	0.000046	1.268444	0.000073	1.266014	0.000043	1.258565	0.000085	
1350071172.498597	1.000000	38.749817	25.681046	3.782394	1.269225	0.999935	1.268907	0.001755	1.271139	0.000017	1.267711	0.000026	1.269497	0.000009	1.272063	0.000010	1.276127	0.000010	1.269464	0.000010	1350071172.499004	0.999998	37.803371	24.579606	1.590060	1.269225	0.999936	1.269266	0.000245	1.269766	0.000017	1.270418	0.000017	1.270185	0.000017	1.268265	0.000037	1.277323	0.000017	1.274255	0.000051	
1350071173.498597	1.000000	38.789413	25.708344	3.793976	1.269215	0.999872	1.266269	0.000261	1.235168	0.000065	1.255710	0.000073	1.248711	0.000079	1.253253	0.000061	1.238541	0.000051	1.242041	0.000058	1350071173.499003	0.999999	37.818090	24.593316	1.585649	1.269223	0.999912	1.268297	0.000349	1.265146	0.000079	1.263806	0.000074	1.266933	0.000050	1.270456	0.000078	1.268727	0.000053	1.266059	0.000065	
1350071174.498597	1.000000	38.800613	25.721756	3.786438	1.269223	0.999913	1.271762	0.000259	1.269148	0.000042	1.268998	0.000048	1.269148	0.000039	1.268780	0.000010	1.252623	0.000010	1.250242	0.000010	1350071174.499025	1.000022	37.802897	24.579783	1.585216	1.269225	0.999932	1.269155	0.000259	1.269424	0.000052	1.279488	0.000010	1.281018	0.000010	1.268254	0.000044	1.261774	0.000010	1.273273	0.000044	
1350071175.498598	1.000001	38.791314	25.710913	3.805386	1.269221	0.999913	1.266882	0.000263	1.253465	0.000039	1.259005	0.000060	1.253434	0.000039	1.278501	0.000055	1.279680	0.000048	1.279039	0.000055	1350071175.499006	0.999981	37.777072	24.566585	1.574340	1.269223	0.999913	1.268191	0.000321	1.264902	0.000080	1.265887	0.000094	1.269069	0.000061	1.269584	0.000088	1.268494	0.000054	1.267434	0.000122	
1350071176.498597	0.999999	38.782370	25.702585	3.794071	1.269225	0.999936	1.267810	0.000493	1.271115	0.000010	1.267291	0.000025	1.267527	0.000010	1.269749	0.000010	1.270899	0.000010	1.271009	0.000010	1350071176.499001	0.999995	37.806952	24.582871	1.580757	1.269221	0.999892	1.264383	0.000365	1.268747	0.000010	1.268888	0.000037	1.270555	0.000010	1.268253	0.000044	1.281183	0.000010	1.248704	0.000068	
1350071177.498598	1.000001	38.812173	25.732245	3.786251	1.269219	0.999890	1.266303	0.000248	1.255800	0.000044	1.244319	0.000062	1.255671	0.000046	1.266870	0.000110	1.267050	0.000037	1.268203	0.000036	1350071177.499003	1.000002	37.807637	24.583953	1.585461	1.269223	0.999914	1.268060	0.000293	1.265082	0.000078	1.263754	0.000061	1.268865	0.000043	1.269497	0.000070	1.264686	0.000045	1.267274	0.000057	
1350071178.498597	0.999999	38.805075	25.726145	3.782413	1.269225	0.999936	1.271856	0.000274	1.268860	0.000009	1.267785	0.000025	1.266289	0.000009	1.271039	0.000010	1.274403	0.000011	1.273075	0.000010	1350071178.499001	0.999998	37.804988	24.581956	1.585406	1.269225	0.999935	1.269311	0.000231	1.264475	0.000048	1.264620	0.000010	1.265973	0.000011	1.269820	0.000044	1.288147	0.000010	1.273749	0.000051	
1350071179.498597	1.000000	38.795181	25.714111	3.805389	1.269221	0.999912	1.263114	0.000221	1.256661	0.000045	1.260744	0.000057	1.257499	0.000045	1.269217	0.000036	1.269031	0.000039	1.269135	0.000037	1350071179.499008	1.000007	37.813169	24.589903	1.588871	1.269225	0.999934	1.268218	0.000293	1.264155	0.000058	1.260515	0.000058	1.268725	0.000051	1.268725	0.000071	1.270114	0.000036	1.269217	0.000107	
1350071180.498610	1.000013	715816666.676286	715805720.393235	715772346.311613	0.999982	1.000163	0.999979	1.000167	0.999990	1.000164	0.999981	1.000161	0.999982	1.000166	0.999984	1.000158	0.999981	1.000163	0.999982	1.000164	1350071180.498687	0.999679	716049833.811681	716019652.925714	716017141.374230	0.999982	1.000165	0.999979	1.000163	3.893583	0.256872	0.999981	1.000161	0.999982	1.000166	0.999984	1.000160	0.999981	1.000163	0.999982	1.000166	
1350071181.498603	0.999993	0.000000	0.000000	0.000000	-nan	-nan	-nan	-nan	0.000000	inf	-nan	-nan	-nan	0.000000	-nan	-nan	-nan	-nan	-nan	-nan	1350071181.498666	0.999979	0.000000	0.000000	0.000000	-nan	-nan	-nan	-nan	0.000000	inf	-nan	-nan	-nan	-nan	-nan	-nan	-nan	-nan	-nan	-nan	
