ts_0	elapsed_0	pkg_0	pp0_0	dram_0	freq_ratio_0_0	c0_ratio_0_0	freq_ratio_0_1	c0_ratio_0_1	freq_ratio_0_2	c0_ratio_0_2	freq_ratio_0_3	c0_ratio_0_3	freq_ratio_0_4	c0_ratio_0_4	freq_ratio_0_5	c0_ratio_0_5	freq_ratio_0_6	c0_ratio_0_6	freq_ratio_0_7	c0_ratio_0_7	ts_1	elapsed_1	pkg_1	pp0_1	dram_1	freq_ratio_1_0	c0_ratio_1_0	freq_ratio_1_1	c0_ratio_1_1	freq_ratio_1_2	c0_ratio_1_2	freq_ratio_1_3	c0_ratio_1_3	freq_ratio_1_4	c0_ratio_1_4	freq_ratio_1_5	c0_ratio_1_5	freq_ratio_1_6	c0_ratio_1_6	freq_ratio_1_7	c0_ratio_1_7	
1350062997.375259	1.000227	70.911593	57.643166	3.803809	1.000000	1.000000	1.000000	1.000000	1.000000	1.000000	1.000000	1.000000	1.000000	1.000000	1.000000	1.000000	1.000000	1.000000	1.000000	1.000000	1350062997.375302	1.000222	46.454288	33.246221	1.704456	1.000000	1.000000	1.000000	1.000000	1.000000	1.000000	1.000000	1.000000	0.999978	0.003260	1.000009	0.000578	0.988635	0.000015	0.996106	0.000055	
1350062998.375249	0.999990	70.982507	57.745177	3.789650	1.000000	1.000000	1.000000	1.000000	1.000000	1.000000	1.000000	1.000000	1.000000	1.000000	1.000000	1.000000	1.000000	1.000000	1.000000	1.000000	1350062998.375284	0.999982	46.426260	33.208724	1.614287	1.000000	1.000000	1.000000	1.000000	1.000000	1.000000	1.000000	1.000000	0.999958	0.001486	1.000016	0.000449	1.000006	0.000130	1.004481	0.000094	
1350062999.375248	0.999999	71.126197	57.888803	3.793674	1.000000	1.000000	1.000000	1.000000	1.000000	1.000000	1.000000	1.000000	1.000000	1.000000	1.000000	1.000000	1.000000	1.000000	1.000000	1.000000	1350062999.375281	0.999997	46.277350	33.073619	1.591817	1.000000	1.000000	1.000000	1.000000	1.000000	1.000000	1.000000	1.000000	1.000102	0.001577	1.000165	0.000401	1.013790	0.000014	0.992391	0.000053	
1350063000.375249	1.000001	71.177941	57.934134	3.796871	1.000000	1.000000	1.000000	1.000000	1.000000	1.000000	1.000000	1.000000	1.000000	1.000000	1.000000	1.000000	1.000000	1.000000	1.000000	1.000000	1350063000.375288	1.000007	46.354492	33.137695	1.602894	1.000000	1.000000	1.000000	1.000000	1.000000	1.000000	1.000000	1.000000	0.999957	0.001455	1.000011	0.000442	1.001413	0.000392	1.004657	0.000087	
1350063001.375254	1.000005	71.194468	57.941223	3.793331	1.000000	1.000000	1.000000	1.000000	1.000000	1.000000	1.000000	1.000000	1.000000	1.000000	1.000000	1.000000	1.000000	1.000000	1.000000	1.000000	1350063001.375288	1.000000	46.314789	33.098022	1.588120	1.000000	1.000000	1.000000	1.000000	1.000000	1.000000	1.000000	1.000000	0.999994	0.001565	0.999944	0.000380	0.999128	0.000013	0.992913	0.000058	
1350063002.375266	1.000012	66.078726	52.829113	3.787293	0.999992	0.201121	0.999999	0.999999	1.000000	1.000000	0.999999	0.999999	0.999999	0.999999	1.000000	0.999999	0.999999	0.999999	0.999999	0.999999	1350063002.375369	1.000081	51.452830	38.233259	1.886673	1.000001	1.000001	1.000001	1.000001	1.000001	1.000001	1.000001	1.000001	1.000003	0.800019	1.000040	0.005198	1.000020	0.019988	0.999997	0.004369	
1350063003.375255	0.999989	65.186414	51.945485	3.799846	0.999998	0.059328	1.000000	1.000000	1.000000	1.000000	1.000000	1.000000	1.000000	1.000000	1.000000	1.000000	1.000000	1.000000	1.000000	1.000000	1350063003.375340	0.999971	52.298320	39.077583	1.742910	1.000000	1.000000	1.000000	1.000000	1.000000	1.000000	1.000000	1.000000	1.000000	1.000000	1.000102	0.001901	1.002446	0.000012	1.010750	0.000067	
1350063004.375248	0.999993	64.830526	51.591833	3.808849	0.999988	0.000833	1.000000	1.000000	1.000000	1.000000	1.000000	1.000000	1.000000	1.000000	1.000000	1.000000	1.000000	1.000000	1.000000	1.000000	1350063004.375334	0.999994	52.325675	39.100651	1.603296	1.000000	1.000000	1.000000	1.000000	1.000000	1.000000	1.000000	1.000000	1.000000	1.000000	0.999988	0.002017	0.991002	0.000063	0.999444	0.000095	
1350063005.375248	1.000000	64.802399	51.563736	3.793533	1.000005	0.000533	1.000000	1.000000	1.000000	1.000000	1.000000	1.000000	1.000000	1.000000	1.000000	1.000000	1.000000	1.000000	1.000000	1.000000	1350063005.375338	1.000004	52.335573	39.112192	1.627908	1.000000	1.000000	1.000000	1.000000	1.000000	1.000000	1.000000	1.000000	1.000000	1.000000	0.999979	0.002067	1.001601	0.000334	1.001260	0.000050	
1350063006.375249	1.000001	64.826659	51.588589	3.801281	0.999979	0.000789	1.000000	1.000000	1.000000	1.000000	1.000000	1.000000	1.000000	1.000000	1.000000	1.000000	1.000000	1.000000	1.000000	1.000000	1350063006.375335	0.999997	52.349482	39.124236	1.610814	1.000000	1.000000	1.000000	1.000000	1.000000	1.000000	1.000000	1.000000	1.000000	1.000000	0.999961	0.001894	1.000313	0.000069	0.999851	0.000114	
1350063007.375248	0.999999	64.796998	51.571415	3.801395	1.000120	0.000782	1.000000	1.000000	1.000000	1.000000	1.000000	1.000000	1.000000	1.000000	1.000000	1.000000	1.000000	1.000000	1.000000	1.000000	1350063007.375337	1.000002	52.369010	39.145616	1.588605	1.000000	1.000000	1.000000	1.000000	1.000000	1.000000	1.000000	1.000000	1.000000	1.000000	1.000011	0.002224	1.000098	0.000012	0.999546	0.000063	
1350063008.375248	1.000000	64.987289	51.743805	3.789108	0.999999	0.004020	1.000000	1.000000	1.000000	1.000000	1.000000	1.000000	1.000000	1.000000	1.000000	1.000000	1.000000	1.000000	1.000000	1.000000	1350063008.375333	0.999996	53.361682	40.147608	1.644034	1.000000	1.000000	1.000000	1.000000	1.000000	1.000000	1.000000	1.000000	1.000000	1.000000	0.999991	0.005114	1.000127	0.003191	1.000013	0.003768	
1350063009.375248	1.000000	64.853317	51.608337	3.805344	0.999663	0.000566	1.000000	1.000000	1.000000	1.000000	1.000000	1.000000	1.000000	1.000000	1.000000	1.000000	1.000000	1.000000	1.000000	1.000000	1350063009.375339	1.000006	52.388894	39.161861	1.587301	1.000000	1.000000	1.000000	1.000000	1.000000	1.000000	1.000000	1.000000	1.000000	1.000000	0.999997	0.001983	0.914335	0.000013	0.999850	0.000039	
1350063010.375248	1.000000	64.867889	51.629150	3.797272	1.000264	0.000796	1.000000	1.000000	1.000000	1.000000	1.000000	1.000000	1.000000	1.000000	1.000000	1.000000	1.000000	1.000000	1.000000	1.000000	1350063010.375335	0.999996	52.379744	39.153983	1.616965	1.000000	1.000000	1.000000	1.000000	1.000000	1.000000	1.000000	1.000000	1.000000	1.000000	0.999991	0.002060	0.999971	0.000382	0.999838	0.000100	
1350063011.375248	1.000000	64.888550	51.649826	3.801224	0.999787	0.000535	1.000000	1.000000	1.000000	1.000000	1.000000	1.000000	1.000000	1.000000	1.000000	1.000000	1.000000	1.000000	1.000000	1.000000	1350063011.375335	1.000000	52.385681	39.159622	1.606262	1.000000	1.000000	1.000000	1.000000	1.000000	1.000000	1.000000	1.000000	1.000000	1.000000	0.999984	0.001979	1.012742	0.000053	1.000412	0.000051	
1350063012.375248	1.000000	64.868576	51.628937	3.797318	0.999904	0.000750	1.000000	1.000000	1.000000	1.000000	1.000000	1.000000	1.000000	1.000000	1.000000	1.000000	1.000000	1.000000	1.000000	1.000000	1350063012.375342	1.000007	52.411488	39.185276	1.583912	1.000000	1.000000	1.000000	1.000000	1.000000	1.000000	1.000000	1.000000	1.000000	1.000000	0.999901	0.002054	1.000010	0.002088	0.999550	0.000104	
1350063013.375249	1.000001	64.720886	51.477871	3.797634	1.000019	0.000720	1.000000	1.000000	1.000000	1.000000	1.000000	1.000000	1.000000	1.000000	1.000000	1.000000	1.000000	1.000000	1.000000	1.000000	1350063013.375338	0.999996	52.080854	38.854238	1.609214	1.000000	1.000000	1.000000	1.000000	1.000000	1.000000	1.000000	1.000000	1.000000	1.000000	1.000092	0.001886	0.999980	0.000019	1.000527	0.000063	
1350063014.375248	0.999999	64.890550	51.645084	3.801456	1.000169	0.000882	1.000000	1.000000	1.000000	1.000000	1.000000	1.000000	1.000000	1.000000	1.000000	1.000000	1.000000	1.000000	1.000000	1.000000	1350063014.375340	1.000002	52.393714	39.167696	1.587628	1.000000	1.000000	1.000000	1.000000	1.000000	1.000000	1.000000	1.000000	1.000000	1.000000	0.999989	0.002003	0.991668	0.000070	0.994730	0.000127	
1350063015.375248	1.000000	64.886841	51.641663	3.801331	0.999842	0.000699	1.000000	1.000000	1.000000	1.000000	1.000000	1.000000	1.000000	1.000000	1.000000	1.000000	1.000000	1.000000	1.000000	1.000000	1350063015.375336	0.999996	52.409743	39.183066	1.583564	1.000000	1.000000	1.000000	1.000000	1.000000	1.000000	1.000000	1.000000	1.000000	1.000000	0.999960	0.001871	1.001756	0.000324	1.010146	0.000065	
1350063016.375248	1.000000	64.888596	51.646484	3.793350	0.999896	0.000841	1.000000	1.000000	1.000000	1.000000	1.000000	1.000000	1.000000	1.000000	1.000000	1.000000	1.000000	1.000000	1.000000	1.000000	1350063016.375348	1.000012	52.393113	39.167273	1.588436	1.000000	1.000000	1.000000	1.000000	1.000000	1.000000	1.000000	1.000000	1.000000	1.000000	1.000012	0.001835	0.999795	0.000058	1.000077	0.000095	
1350063017.375248	1.000000	64.816208	51.634903	3.805222	0.999997	0.000685	1.000000	1.000000	1.000000	1.000000	1.000000	1.000000	1.000000	1.000000	1.000000	1.000000	1.000000	1.000000	1.000000	1.000000	1350063017.375338	0.999990	52.321905	39.108882	1.588425	1.000000	1.000000	1.000000	1.000000	1.000000	1.000000	1.000000	1.000000	1.000000	1.000000	0.999872	0.001951	1.002022	0.000012	0.999774	0.000051	
1350063018.375248	1.000000	64.891022	51.592514	3.789642	1.000170	0.000873	1.000000	1.000000	1.000000	1.000000	1.000000	1.000000	1.000000	1.000000	1.000000	1.000000	1.000000	1.000000	1.000000	1.000000	1350063018.375340	1.000002	52.397590	39.170564	1.590054	1.000000	1.000000	1.000000	1.000000	1.000000	1.000000	1.000000	1.000000	1.000000	1.000000	1.000075	0.001961	0.990502	0.000073	0.999971	0.000080	
1350063019.375248	1.000000	64.903137	51.654678	3.793915	0.999760	0.000683	1.000000	1.000000	1.000000	1.000000	1.000000	1.000000	1.000000	1.000000	1.000000	1.000000	1.000000	1.000000	1.000000	1.000000	1350063019.375337	0.999997	52.377787	39.150970	1.583699	1.000000	1.000000	1.000000	1.000000	1.000000	1.000000	1.000000	1.000000	1.000000	1.000000	1.000027	0.001854	1.000093	0.000012	1.000006	0.000063	
1350063020.375249	1.000001	64.911193	51.661740	3.797909	1.000193	0.000922	1.000000	1.000000	1.000000	1.000000	1.000000	1.000000	1.000000	1.000000	1.000000	1.000000	1.000000	1.000000	1.000000	1.000000	1350063020.375344	1.000007	52.389683	39.163242	1.591511	1.000000	1.000000	1.000000	1.000000	1.000000	1.000000	1.000000	1.000000	1.000000	1.000000	0.999962	0.001946	1.001706	0.000374	1.000151	0.000077	
1350063021.375248	0.999999	64.914674	51.664585	3.786045	0.999884	0.000674	1.000000	1.000000	1.000000	1.000000	1.000000	1.000000	1.000000	1.000000	1.000000	1.000000	1.000000	1.000000	1.000000	1.000000	1350063021.375332	0.999988	52.388121	39.160623	1.591511	1.000000	1.000000	1.000000	1.000000	1.000000	1.000000	1.000000	1.000000	1.000000	1.000000	0.999991	0.001897	1.004047	0.000012	0.999782	0.000051	
1350063022.375248	1.000000	64.943069	51.692307	3.804749	0.999778	0.000871	1.000000	1.000000	1.000000	1.000000	1.000000	1.000000	1.000000	1.000000	1.000000	1.000000	1.000000	1.000000	1.000000	1.000000	1350063022.375339	1.000007	52.433491	39.206592	1.583455	1.000000	1.000000	1.000000	1.000000	1.000000	1.000000	1.000000	1.000000	1.000000	1.000000	1.000001	0.003076	0.999975	0.002057	0.999766	0.000092	
1350063023.375248	1.000000	64.962112	51.713318	3.797653	1.000018	0.000638	1.000000	1.000000	1.000000	1.000000	1.000000	1.000000	1.000000	1.000000	1.000000	1.000000	1.000000	1.000000	1.000000	1.000000	1350063023.375339	1.000000	52.382065	39.155380	1.583450	1.000000	1.000000	1.000000	1.000000	1.000000	1.000000	1.000000	1.000000	1.000000	1.000000	0.999999	0.001845	1.003498	0.000012	1.000376	0.000052	
1350063024.375248	1.000000	64.929077	51.677841	3.789917	1.000327	0.000917	1.000000	1.000000	1.000000	1.000000	1.000000	1.000000	1.000000	1.000000	1.000000	1.000000	1.000000	1.000000	1.000000	1.000000	1350063024.375329	0.999990	52.390570	39.163310	1.589188	1.000000	1.000000	1.000000	1.000000	1.000000	1.000000	1.000000	1.000000	1.000000	1.000000	0.999981	0.001945	0.991022	0.000061	1.000217	0.000105	
1350063025.375248	1.000000	64.943985	51.691193	3.797607	0.999665	0.000732	1.000000	1.000000	1.000000	1.000000	1.000000	1.000000	1.000000	1.000000	1.000000	1.000000	1.000000	1.000000	1.000000	1.000000	1350063025.375337	1.000008	52.407061	39.179080	1.586825	1.000000	1.000000	1.000000	1.000000	1.000000	1.000000	1.000000	1.000000	1.000000	1.000000	0.999960	0.001903	1.001608	0.000327	0.999578	0.000052	
1350063026.375248	1.000000	64.907898	51.662033	3.805084	1.000074	0.000877	1.000000	1.000000	1.000000	1.000000	1.000000	1.000000	1.000000	1.000000	1.000000	1.000000	1.000000	1.000000	1.000000	1.000000	1350063026.375338	1.000001	52.348919	39.133386	1.622176	1.000000	1.000000	1.000000	1.000000	1.000000	1.000000	1.000000	1.000000	1.000000	1.000000	0.999905	0.001842	1.000196	0.000088	0.994824	0.000123	
1350063027.375248	1.000000	64.931763	51.681458	3.789612	0.999824	0.000663	1.000000	1.000000	1.000000	1.000000	1.000000	1.000000	1.000000	1.000000	1.000000	1.000000	1.000000	1.000000	1.000000	1.000000	1350063027.375329	0.999991	52.392214	39.163868	1.583694	1.000000	1.000000	1.000000	1.000000	1.000000	1.000000	1.000000	1.000000	1.000000	1.000000	1.000074	0.001846	0.999968	0.000012	1.009874	0.000064	
1350063028.375248	1.000000	64.861954	51.623077	3.797485	0.999933	0.000878	1.000000	1.000000	1.000000	1.000000	1.000000	0.999999	1.000000	1.000000	1.000000	1.000000	1.000000	1.000000	1.000000	1.000000	1350063028.375342	1.000013	52.390503	39.162038	1.592447	1.000000	1.000000	1.000000	1.000000	1.000000	1.000000	1.000000	1.000000	1.000000	1.000000	1.000020	0.001912	0.991846	0.000066	1.000255	0.000077	
1350063029.375263	1.000015	715790729.452632	715798696.634293	715754092.121881	0.999988	1.000203	0.999986	1.000206	0.999996	1.000203	0.999988	1.000203	0.999988	1.000206	0.999991	1.000201	0.999988	1.000206	0.999988	1.000204	1350063029.375365	1.000023	715759370.262216	715784409.973466	715777406.768537	0.999988	1.000203	0.999985	1.000204	3.893154	0.256912	0.999988	1.000203	0.999988	1.000206	0.999991	1.000201	0.999988	1.000206	0.999988	1.000204	
1350063030.375249	0.999986	0.000000	0.000000	0.000000	-nan	-nan	-nan	-nan	0.000000	inf	-nan	-nan	-nan	0.000000	0.000000	inf	-nan	-nan	-nan	-nan	1350063030.375320	0.999955	0.000000	0.000000	0.000000	-nan	-nan	-nan	-nan	0.000000	inf	-nan	-nan	-nan	-nan	-nan	-nan	-nan	-nan	-nan	-nan	
