ts_0	elapsed_0	pkg_0	pp0_0	dram_0	freq_ratio_0_0	c0_ratio_0_0	freq_ratio_0_1	c0_ratio_0_1	freq_ratio_0_2	c0_ratio_0_2	freq_ratio_0_3	c0_ratio_0_3	freq_ratio_0_4	c0_ratio_0_4	freq_ratio_0_5	c0_ratio_0_5	freq_ratio_0_6	c0_ratio_0_6	freq_ratio_0_7	c0_ratio_0_7	ts_1	elapsed_1	pkg_1	pp0_1	dram_1	freq_ratio_1_0	c0_ratio_1_0	freq_ratio_1_1	c0_ratio_1_1	freq_ratio_1_2	c0_ratio_1_2	freq_ratio_1_3	c0_ratio_1_3	freq_ratio_1_4	c0_ratio_1_4	freq_ratio_1_5	c0_ratio_1_5	freq_ratio_1_6	c0_ratio_1_6	freq_ratio_1_7	c0_ratio_1_7	
1349420097.881618	1.001567	55.734783	41.877620	0.000000	1.230749	0.974687	1.231538	0.996553	1.230744	0.974477	1.222906	0.002496	1.217190	0.000174	1.225956	0.001323	1.209042	0.000334	1.221656	0.000112	1349420097.881963	1.000705	57.066457	43.261950	0.000000	1.230647	0.975904	1.230763	0.975417	0.955365	0.000129	1.108210	0.000036	1.060791	0.000073	1.239936	0.000101	0.865636	0.000046	1.230558	0.976491	
1349420098.881615	0.999997	56.544121	42.634242	0.000000	1.230761	0.999625	1.230767	0.999809	1.230761	0.999613	1.230465	0.002149	1.221428	0.000038	1.226479	0.000289	1.231206	0.000043	1.229793	0.000008	1349420098.881955	0.999992	58.235915	44.408639	0.000000	1.230761	0.999902	1.230761	0.999910	1.201610	0.000050	1.227365	0.000130	1.230454	0.000054	1.222215	0.000006	1.228919	0.000066	1.230762	0.999907	
1349420099.881616	1.000001	55.351052	41.547781	0.000000	1.230763	0.987777	1.230766	0.987855	1.230766	0.987862	1.230671	0.002078	1.230616	0.000062	1.229800	0.000250	1.216277	0.000101	1.226016	0.000096	1349420099.881960	1.000005	57.182224	43.431240	0.000000	1.230766	0.987920	1.230765	0.987910	1.235712	0.000068	1.233872	0.000006	1.234702	0.000006	1.229333	0.000103	1.252353	0.000006	1.231227	0.999932	
1349420100.881615	0.999999	55.275825	41.468347	0.000000	1.230669	0.996414	1.230709	0.996361	1.230677	0.996403	1.229837	0.000720	1.195443	0.000018	1.230174	0.000299	1.230823	0.000045	1.220061	0.000008	1349420100.881964	1.000004	57.147779	43.410682	0.000000	1.230764	0.996494	1.230763	0.996465	1.191461	0.000022	1.220876	0.000074	1.226189	0.000063	1.236867	0.000006	1.230702	0.000072	1.230895	0.999909	
1349420101.881616	1.000001	57.038001	43.107076	0.000000	1.230740	0.999758	1.230740	0.999758	1.230740	0.999758	1.230380	0.055471	1.216478	0.001042	1.231443	0.000234	1.230810	0.000093	1.230719	0.000349	1349420101.881960	0.999996	58.328590	44.482816	0.000000	1.230767	0.999974	1.230767	0.999975	1.233060	0.000077	1.169448	0.000039	1.240250	0.000006	1.230117	0.000093	1.230038	0.000006	1.230765	0.999954	
1349420102.881616	1.000000	56.690643	42.766342	0.000000	1.230726	0.999776	1.230727	0.999777	1.230728	0.999775	1.229023	0.002266	1.230203	0.003561	1.230713	0.001073	1.230686	0.000035	1.229108	0.000009	1349420102.881957	0.999997	58.355116	44.509537	0.000000	1.230763	0.999931	1.230763	0.999933	1.209135	0.000022	1.215971	0.000074	1.223392	0.000065	1.226832	0.000006	1.220986	0.000080	1.230763	0.999933	
1349420103.881618	1.000002	56.690444	42.765559	0.000000	1.230750	0.999148	1.230758	0.999172	1.230756	0.999111	1.219063	0.000257	1.230162	0.004059	1.223858	0.000349	1.209459	0.000123	1.232151	0.000183	1349420103.881984	1.000027	58.382216	44.533987	0.000000	1.230766	0.999314	1.230765	0.999299	1.236644	0.000111	1.247035	0.000136	1.221280	0.000006	1.221406	0.000082	1.205308	0.000007	1.230788	0.999931	
1349420104.881616	0.999998	56.688798	42.764013	0.000000	1.230763	0.999932	1.230763	0.999932	1.230763	0.999932	1.227522	0.000071	1.230684	0.003367	1.230339	0.000238	1.230336	0.000038	1.214809	0.000008	1349420104.881965	0.999981	58.446031	44.594143	0.000000	1.230763	0.999932	1.230763	0.999932	1.168004	0.000022	1.233291	0.000091	1.236743	0.000092	1.246434	0.000048	1.242272	0.000084	1.230763	0.999932	
1349420105.881613	0.999997	715825843.787667	715797674.127129	715830103.395168	0.999970	1.000018	0.999972	1.000042	0.999975	1.000047	0.999969	1.000017	0.999972	1.000032	0.999974	1.000024	0.999972	1.000030	0.999972	1.000029	1349420105.881713	0.999748	715967019.798361	716002854.809356	716008324.861241	0.999973	1.000033	0.999968	1.000024	3.894261	0.256788	0.999973	1.000034	0.999970	1.000021	0.999977	1.000034	0.999969	1.000018	0.999975	1.000040	
1349420106.881646	1.000033	0.000000	0.000000	0.000000	-nan	-nan	-nan	-nan	1.000008	inf	-nan	-nan	-nan	0.000000	-nan	-nan	-nan	-nan	-nan	-nan	1349420106.881725	1.000012	0.000000	0.000000	0.000000	-nan	-nan	-nan	-nan	1.345745	inf	-nan	-nan	-nan	-nan	-nan	-nan	-nan	-nan	-nan	-nan	
