ts_0	elapsed_0	pkg_0	pp0_0	dram_0	freq_ratio_0_0	c0_ratio_0_0	freq_ratio_0_1	c0_ratio_0_1	freq_ratio_0_2	c0_ratio_0_2	freq_ratio_0_3	c0_ratio_0_3	freq_ratio_0_4	c0_ratio_0_4	freq_ratio_0_5	c0_ratio_0_5	freq_ratio_0_6	c0_ratio_0_6	freq_ratio_0_7	c0_ratio_0_7	ts_1	elapsed_1	pkg_1	pp0_1	dram_1	freq_ratio_1_0	c0_ratio_1_0	freq_ratio_1_1	c0_ratio_1_1	freq_ratio_1_2	c0_ratio_1_2	freq_ratio_1_3	c0_ratio_1_3	freq_ratio_1_4	c0_ratio_1_4	freq_ratio_1_5	c0_ratio_1_5	freq_ratio_1_6	c0_ratio_1_6	freq_ratio_1_7	c0_ratio_1_7	
1349417608.471009	1.001308	36.964317	23.420371	0.000000	0.999997	0.988137	0.999976	0.998297	0.996780	0.001310	0.984864	0.000234	0.979093	0.000186	0.936158	0.000057	0.913562	0.000043	0.973150	0.000133	1349417608.471252	1.000499	36.713201	23.208847	0.000000	1.000001	0.989214	0.794855	0.000101	1.001813	0.000098	0.848058	0.000109	1.001328	0.000120	1.013702	0.000057	0.938740	0.000297	0.999982	0.989714	
1349417609.471009	1.000000	37.152237	23.576080	0.000000	1.000000	1.000000	0.999999	1.000000	0.999664	0.000782	0.999348	0.000135	0.999992	0.000914	0.997003	0.000070	0.999387	0.000083	0.957880	0.000009	1349417609.471254	1.000002	36.914618	23.394868	0.000000	1.000000	1.000000	0.994315	0.000141	1.000326	0.000109	1.000405	0.000069	1.007123	0.000007	0.999858	0.000062	0.999964	0.000201	1.000000	1.000000	
1349417610.471008	0.999999	37.146352	23.581459	0.000000	1.000000	1.000001	1.000000	1.000001	0.999957	0.000788	0.998204	0.000120	1.001878	0.000123	0.998804	0.000009	0.999327	0.000041	1.001922	0.000081	1349417610.471261	1.000007	36.818166	23.289207	0.000000	1.000000	1.000000	1.005678	0.000144	0.996195	0.000007	0.998948	0.000021	0.999609	0.000100	1.000000	0.000032	1.000090	0.000163	1.000000	1.000000	
1349417611.471007	0.999999	37.172490	23.592811	0.000000	1.000000	0.999908	1.000000	0.999930	1.000489	0.000617	0.999344	0.000143	0.996987	0.000084	0.998183	0.000064	1.000037	0.000105	0.996123	0.000009	1349417611.471261	1.000000	36.776505	23.245819	0.000000	1.000000	1.000000	1.000224	0.000151	1.000087	0.000088	1.000077	0.000080	0.998718	0.000007	0.999878	0.000066	0.999841	0.000201	1.000000	1.000000	
1349417612.471007	1.000000	37.162231	23.584595	0.000000	1.000000	0.999995	1.000000	0.999990	0.999571	0.000774	1.000833	0.000121	1.002286	0.000106	1.014034	0.000009	0.999113	0.000009	0.998326	0.000082	1349417612.471260	0.999999	36.755406	23.224357	0.000000	1.000000	1.000000	1.002071	0.000122	0.997519	0.000007	1.000472	0.000067	1.000249	0.000096	1.005529	0.000007	1.000093	0.000158	1.000000	1.000000	
1349417613.471008	1.000001	37.179225	23.597496	0.000000	1.000000	0.999936	1.000001	0.999931	1.000040	0.001055	1.000344	0.000423	0.999148	0.000157	0.999831	0.000116	0.994578	0.000130	1.002008	0.000078	1349417613.471255	0.999995	36.782029	23.263544	0.000000	1.000000	1.000000	0.999823	0.001104	0.999839	0.000295	0.999946	0.000559	1.000148	0.000039	0.999752	0.000146	1.000004	0.000288	1.000000	1.000000	
1349417614.471007	0.999999	37.155492	23.579658	0.000000	1.000000	0.999979	1.000000	0.999975	1.000179	0.000933	0.998122	0.000118	0.999914	0.000919	1.002196	0.000009	1.000300	0.002218	1.000120	0.000080	1349417614.471256	1.000001	36.749568	23.221535	0.000000	1.000000	1.000000	0.980210	0.000011	1.000365	0.000057	1.003435	0.000007	0.999753	0.000084	1.000445	0.000007	1.000069	0.000157	1.000000	1.000000	
1349417615.471009	1.000002	37.170873	23.591706	0.000000	1.000000	0.999961	1.000000	0.999958	1.000103	0.000782	1.000039	0.000206	0.999841	0.000092	1.000006	0.000064	0.998743	0.000073	0.998822	0.000009	1349417615.471248	0.999992	36.708473	23.177114	0.000000	1.000000	1.000000	1.002010	0.000097	1.000325	0.000132	1.000056	0.000082	1.005071	0.000007	1.000035	0.000066	0.999977	0.000205	1.000000	1.000000	
1349417616.471007	0.999998	37.209818	23.627044	0.000000	1.000000	1.000000	1.000000	1.000000	0.999913	0.000797	1.003520	0.000096	1.000213	0.000107	1.000084	0.000009	0.998164	0.000009	1.000026	0.000089	1349417616.471254	1.000006	36.711466	23.176772	0.000000	1.000000	1.000000	0.997587	0.000010	1.000046	0.000058	0.995834	0.000007	0.999678	0.000092	1.000057	0.000007	0.999957	0.000170	1.000000	1.000000	
1349417617.471007	1.000000	37.168518	23.599182	0.000000	1.000000	0.999999	1.000000	0.999996	0.999652	0.000708	0.997100	0.000151	1.002318	0.000091	0.992978	0.000076	0.993356	0.000100	0.999444	0.000009	1349417617.471255	1.000001	36.738277	23.204675	0.000000	1.000000	0.999999	0.990693	0.000097	1.000012	0.000167	1.000331	0.000085	1.003216	0.000007	0.999847	0.000063	1.000017	0.000204	1.000000	1.000000	
1349417618.471007	1.000000	37.214478	23.631332	0.000000	1.000000	1.000000	1.000000	1.000000	1.000013	0.001070	0.999832	0.000101	0.997787	0.000102	1.000117	0.000010	0.997784	0.000010	0.993012	0.000082	1349417618.471262	1.000007	36.718481	23.184456	0.000000	1.000000	1.000000	1.002608	0.000011	0.999631	0.000056	1.000049	0.000062	0.993131	0.000094	1.004793	0.000007	0.999904	0.000222	1.000000	1.000000	
1349417619.471009	1.000002	37.250021	23.665223	0.000000	1.000000	0.999999	1.000000	0.999995	1.000165	0.001554	1.001133	0.000153	0.999817	0.000949	1.006546	0.000081	1.009783	0.000108	1.017217	0.000033	1349417619.471255	0.999993	36.738963	23.205223	0.000000	1.000000	1.000000	1.008733	0.000095	1.000116	0.000179	0.999966	0.000113	1.016020	0.000041	0.987230	0.000066	0.997244	0.000179	1.000000	1.000000	
1349417620.471008	0.999999	37.227575	23.644325	0.000000	1.000000	0.999953	1.000000	0.999950	0.999875	0.001370	0.999243	0.000115	1.004860	0.000083	1.022862	0.000009	0.956869	0.000010	0.995480	0.000071	1349417620.471260	1.000005	36.735778	23.203711	0.000000	1.000000	1.000000	1.001220	0.000010	1.000000	0.000062	1.000790	0.000007	0.999760	0.000092	1.021130	0.000038	1.002405	0.000208	1.000000	1.000000	
1349417621.471007	0.999999	37.220113	23.635933	0.000000	1.000000	1.000000	1.000000	0.999995	1.000097	0.001029	1.000914	0.000133	0.995722	0.000053	0.997220	0.000075	1.000469	0.000081	0.966944	0.000010	1349417621.471256	0.999996	36.698635	23.179675	0.000000	1.000000	1.000000	1.000361	0.000083	0.999584	0.000121	0.999941	0.000084	1.002881	0.000007	1.000100	0.000062	0.999981	0.000205	1.000000	1.000000	
1349417622.471008	1.000001	37.232997	23.652459	0.000000	1.000000	0.999951	1.000000	0.999946	1.000077	0.001027	0.998732	0.000095	0.999937	0.000104	1.000843	0.000009	1.001291	0.000009	0.998470	0.000122	1349417622.471252	0.999996	36.789257	23.258914	0.000000	1.000000	1.000000	1.002742	0.000010	1.000650	0.000058	0.998700	0.000007	1.000049	0.000095	0.998928	0.000007	1.000060	0.000153	1.000000	1.000000	
1349417623.471008	1.000000	40.471878	26.881393	0.000000	1.000000	0.999964	1.000000	0.999953	0.999920	0.011662	1.000001	0.014054	0.999999	0.010888	0.999999	0.011811	0.999940	0.010877	1.000082	0.010663	1349417623.471231	0.999979	40.818621	27.283226	0.000000	1.000000	1.000000	1.000001	0.010943	1.000000	0.010843	0.999999	0.010624	1.000004	0.010368	1.000000	0.010244	0.999998	0.010824	1.000000	1.000000	
1349417624.471008	1.000000	37.215683	23.646820	0.000000	1.000000	1.000000	1.000000	0.999996	1.001281	0.000736	1.001893	0.000090	1.000001	0.001132	1.000281	0.000093	1.000312	0.002248	0.997818	0.000298	1349417624.471252	1.000021	36.734367	23.201509	0.000000	1.000000	1.000000	0.998817	0.000010	0.999689	0.000059	0.999215	0.000007	0.998116	0.000097	0.999095	0.000007	0.999964	0.000160	1.000000	1.000000	
1349417625.471010	1.000002	37.225347	23.641831	0.000000	0.999999	0.999996	0.999999	0.999999	0.998527	0.000745	0.999481	0.000143	1.003537	0.000061	0.999859	0.000205	1.000926	0.000070	1.001990	0.000301	1349417625.471257	1.000005	36.764556	23.232306	0.000000	1.000000	1.000000	0.991466	0.000087	1.000195	0.000123	0.999839	0.000077	1.015294	0.000007	1.000187	0.000064	0.999978	0.000197	1.000000	1.000000	
1349417626.471007	0.999997	37.238778	23.657849	0.000000	1.000001	1.000001	1.000000	1.000000	1.000606	0.001053	1.000027	0.000101	0.997822	0.000096	1.000101	0.000057	0.999626	0.000009	0.999973	0.000087	1349417626.471267	1.000010	36.737242	23.204480	0.000000	1.000000	1.000000	0.987096	0.000011	0.999836	0.000056	1.000676	0.000007	0.999665	0.000097	0.997593	0.000007	0.999978	0.000159	1.000000	1.000000	
1349417627.471008	1.000001	37.230372	23.650704	0.000000	1.000000	1.000000	1.000000	1.000000	0.999302	0.000812	0.999924	0.000141	1.004060	0.000054	0.999966	0.000195	1.000055	0.000098	0.993730	0.000009	1349417627.471270	1.000003	36.749337	23.217106	0.000000	1.000000	1.000000	1.001506	0.000563	0.999793	0.000116	0.999868	0.000076	1.004292	0.000007	1.000503	0.000067	0.999943	0.000205	1.000000	1.000000	
1349417628.471007	0.999999	37.229589	23.647316	0.000000	1.000000	0.999937	1.000000	0.999930	1.000873	0.000612	1.000127	0.000091	0.999959	0.000114	1.000083	0.000107	0.999710	0.000009	1.000636	0.000089	1349417628.471255	0.999985	36.721392	23.200651	0.000000	1.000000	1.000000	1.000931	0.000010	0.999488	0.000063	1.000142	0.000049	0.999857	0.000103	1.000398	0.000007	0.999996	0.000216	1.000000	1.000000	
1349417629.471008	1.000001	37.227656	23.649269	0.000000	1.000000	0.999994	0.999999	0.999991	1.000252	0.000876	1.001320	0.000153	0.999733	0.000858	0.997859	0.000245	0.992622	0.000093	1.000294	0.000009	1349417629.471265	1.000010	36.740904	23.208782	0.000000	1.000000	1.000000	0.992162	0.000118	1.000108	0.000122	1.000017	0.000069	1.001802	0.000007	0.999337	0.000062	0.999994	0.000203	1.000000	1.000000	
1349417630.471008	1.000000	37.202850	23.621918	0.000000	1.000000	0.999945	1.000000	0.999937	0.999833	0.000714	0.997586	0.000094	1.002289	0.000097	1.001050	0.000198	0.992793	0.000010	0.995539	0.000092	1349417630.471262	0.999997	36.702934	23.168910	0.000000	1.000000	1.000000	0.998725	0.000011	1.000520	0.000061	1.000783	0.000007	0.994062	0.000097	1.000339	0.000007	1.000028	0.000153	1.000000	1.000000	
1349417631.471008	1.000000	37.236053	23.655273	0.000000	1.000000	0.999996	1.000001	0.999993	0.999451	0.001228	1.001449	0.000150	0.996935	0.000071	1.001028	0.000303	1.006521	0.000117	1.014159	0.000028	1349417631.471258	0.999996	36.751705	23.218814	0.000000	1.000000	1.000000	1.007153	0.000104	0.999984	0.000148	0.999933	0.000120	1.014504	0.000040	0.988248	0.000064	0.997026	0.000170	1.000000	1.000000	
1349417632.471008	1.000000	37.225281	23.644119	0.000000	1.000000	1.000000	1.000000	1.000000	1.000102	0.001018	1.000074	0.000109	1.000079	0.000113	1.000069	0.000163	0.999876	0.000009	0.999944	0.000076	1349417632.471255	0.999997	36.730125	23.196987	0.000000	1.000000	1.000000	1.016177	0.000010	1.000041	0.000056	0.999661	0.000007	1.000155	0.000085	1.018877	0.000040	1.002510	0.000200	1.000000	1.000000	
1349417633.471011	1.000003	715817659.069199	715823742.226904	715825666.061822	0.999970	1.000013	0.999969	1.000023	0.999971	1.000023	0.999971	1.000019	0.999972	1.000022	0.999973	1.000012	0.999972	1.000022	0.999971	1.000014	1349417633.471134	0.999879	715875102.825999	715891944.254967	715914593.890457	0.999971	1.000015	0.999969	1.000021	3.894321	0.256783	0.999972	1.000019	0.999971	1.000018	0.999974	1.000017	0.999971	1.000019	0.999971	1.000018	
1349417634.470997	0.999986	0.000000	0.000000	0.000000	-nan	-nan	-nan	-nan	0.000000	inf	-nan	-nan	-nan	0.000000	-nan	-nan	-nan	-nan	-nan	-nan	1349417634.471068	0.999934	0.000000	0.000000	0.000000	-nan	-nan	-nan	-nan	0.000000	inf	-nan	-nan	-nan	-nan	-nan	-nan	-nan	-nan	-nan	-nan	
