ts_0	elapsed_0	pkg_0	pp0_0	dram_0	freq_ratio_0_0	c0_ratio_0_0	freq_ratio_0_1	c0_ratio_0_1	freq_ratio_0_2	c0_ratio_0_2	freq_ratio_0_3	c0_ratio_0_3	freq_ratio_0_4	c0_ratio_0_4	freq_ratio_0_5	c0_ratio_0_5	freq_ratio_0_6	c0_ratio_0_6	freq_ratio_0_7	c0_ratio_0_7	ts_1	elapsed_1	pkg_1	pp0_1	dram_1	freq_ratio_1_0	c0_ratio_1_0	freq_ratio_1_1	c0_ratio_1_1	freq_ratio_1_2	c0_ratio_1_2	freq_ratio_1_3	c0_ratio_1_3	freq_ratio_1_4	c0_ratio_1_4	freq_ratio_1_5	c0_ratio_1_5	freq_ratio_1_6	c0_ratio_1_6	freq_ratio_1_7	c0_ratio_1_7	
1349476462.246504	1.000518	54.278550	40.022920	6.368786	0.836941	0.974743	0.836132	0.970416	0.836067	0.970012	0.836083	0.969510	0.836067	0.969451	0.836034	0.969358	0.836045	0.969370	0.836013	0.969247	1349476462.246594	1.000366	52.048472	38.049475	5.894236	0.941478	0.971832	0.941444	0.971274	0.935807	0.886019	0.957058	0.000331	0.939689	0.943105	0.939367	0.938194	0.884343	0.000191	0.942570	0.992272	
1349476463.246492	0.999988	50.847240	36.303655	7.555251	0.760509	0.995105	0.760507	0.995142	0.760509	0.995090	0.760510	0.995041	0.760509	0.995018	0.760507	0.995078	0.760509	0.995045	0.760505	0.994947	1349476463.246582	0.999988	50.788936	36.536187	7.511000	0.880363	0.996063	0.880363	0.996071	0.880363	0.996066	0.891153	0.001034	0.880363	0.996061	0.880363	0.996011	0.880246	0.000054	0.880361	0.996102	
1349476464.246494	1.000002	50.848322	36.305717	7.566056	0.760441	0.995067	0.760440	0.995097	0.760443	0.995113	0.760442	0.994940	0.760443	0.994865	0.760438	0.995053	0.760441	0.994978	0.760443	0.994851	1349476464.246591	1.000009	50.798002	36.540547	7.466333	0.880112	0.995855	0.880112	0.995859	0.880111	0.995889	0.883217	0.000318	0.880108	0.995883	0.880109	0.995789	0.882787	0.000164	0.880106	0.995908	
1349476465.246514	1.000020	50.834034	36.280783	7.542650	0.759552	0.994910	0.759550	0.994979	0.759549	0.995030	0.759554	0.994764	0.759553	0.994824	0.759555	0.994875	0.759557	0.994745	0.759552	0.994775	1349476465.246604	1.000013	50.779333	36.516886	7.567146	0.878984	0.995735	0.878986	0.995678	0.878985	0.995672	0.889558	0.000255	0.878987	0.995668	0.878985	0.995696	0.944078	0.000026	0.878987	0.995791	
1349476466.246493	0.999979	50.854903	36.291045	7.564795	0.759068	0.994228	0.759067	0.994221	0.759066	0.994213	0.759065	0.994178	0.759064	0.994161	0.759063	0.994118	0.759062	0.994170	0.759062	0.994146	1349476466.246594	0.999990	50.800954	36.540176	7.590530	0.878628	0.995167	0.878627	0.995088	0.878627	0.995143	0.850242	0.003793	0.878623	0.995132	0.878622	0.995175	0.846429	0.004497	0.878623	0.995879	
1349476467.246494	1.000001	50.842679	36.277141	7.564125	0.759362	0.995063	0.759361	0.995091	0.759361	0.995112	0.759363	0.995002	0.759363	0.994937	0.759362	0.995013	0.759363	0.994995	0.759364	0.994984	1349476467.246595	1.000001	50.787839	36.531383	7.577187	0.879026	0.995973	0.879026	0.995944	0.879026	0.995951	0.865699	0.000318	0.879026	0.995946	0.879025	0.995955	0.846619	0.000081	0.879025	0.995999	
1349476468.246511	1.000017	50.832681	36.262921	7.551432	0.759588	0.995129	0.759589	0.995153	0.759588	0.995055	0.759587	0.994953	0.759588	0.994953	0.759591	0.995081	0.759587	0.994955	0.759589	0.994775	1349476468.246630	1.000035	50.781622	36.535432	7.637382	0.880316	0.996155	0.880316	0.996197	0.880316	0.996147	0.865982	0.003615	0.880321	0.996091	0.880319	0.996000	0.921974	0.000198	0.880322	0.996213	
1349476469.246503	0.999992	715783893.756295	715832769.806442	715818033.554143	0.999992	1.000146	0.999990	1.000152	0.999992	1.000155	0.999992	1.000146	0.999992	1.000150	0.999994	1.000144	0.999992	1.000150	0.999992	1.000146	1349476469.246608	0.999978	715825066.164636	715794040.092997	715831354.681814	0.999992	1.000147	0.999990	1.000150	3.892873	0.256917	0.999992	1.000147	0.999992	1.000148	0.999995	1.000146	0.999992	1.000149	0.999992	1.000148	
1349476470.246488	0.999985	0.000000	0.000000	0.000000	-nan	-nan	-nan	-nan	0.000000	inf	-nan	-nan	-nan	0.000000	-nan	-nan	-nan	-nan	-nan	-nan	1349476470.246560	0.999952	0.000000	0.000000	0.000000	-nan	-nan	-nan	-nan	0.000000	inf	-nan	-nan	-nan	-nan	-nan	-nan	-nan	-nan	-nan	-nan	
