ts_0	elapsed_0	pkg_0	pp0_0	dram_0	freq_ratio_0_0	c0_ratio_0_0	freq_ratio_0_1	c0_ratio_0_1	freq_ratio_0_2	c0_ratio_0_2	freq_ratio_0_3	c0_ratio_0_3	freq_ratio_0_4	c0_ratio_0_4	freq_ratio_0_5	c0_ratio_0_5	freq_ratio_0_6	c0_ratio_0_6	freq_ratio_0_7	c0_ratio_0_7	ts_1	elapsed_1	pkg_1	pp0_1	dram_1	freq_ratio_1_0	c0_ratio_1_0	freq_ratio_1_1	c0_ratio_1_1	freq_ratio_1_2	c0_ratio_1_2	freq_ratio_1_3	c0_ratio_1_3	freq_ratio_1_4	c0_ratio_1_4	freq_ratio_1_5	c0_ratio_1_5	freq_ratio_1_6	c0_ratio_1_6	freq_ratio_1_7	c0_ratio_1_7	
1349418681.199575	1.002323	81.598022	67.988111	0.000000	1.153872	0.959763	1.154398	0.963871	1.154396	0.964140	1.153909	0.959885	1.153899	0.959762	1.153877	0.959410	1.153853	0.959360	1.153873	0.959239	1349418681.199657	1.000407	82.093543	68.429884	0.000000	1.155325	0.973047	1.154377	0.965752	1.154341	0.965588	1.154036	0.961578	1.154014	0.961512	1.153895	0.957560	1.153847	0.953875	1.156447	0.982870	
1349418682.199574	0.999999	84.948766	71.149375	0.000000	1.153859	0.994509	1.153848	0.994319	1.153852	0.994397	1.153852	0.994363	1.153847	0.994281	1.153849	0.994328	1.153854	0.994443	1.153846	0.994228	1349418682.199658	1.000001	84.865535	71.004312	0.000000	1.153852	0.994489	1.153852	0.994504	1.153846	0.994331	1.153846	0.994332	1.153846	0.994324	1.153852	0.994477	1.153847	0.994225	1.154471	0.999910	
1349418683.199574	1.000000	84.385910	70.572815	0.000000	1.153660	0.981216	1.153810	0.980883	1.153753	0.981065	1.153791	0.980987	1.153779	0.980926	1.153782	0.981007	1.153724	0.981077	1.153814	0.980915	1349418683.199656	0.999998	84.496438	70.621457	0.000000	1.153855	0.981089	1.153856	0.981099	1.153846	0.980940	1.153846	0.980937	1.153846	0.980934	1.153856	0.981104	1.153846	0.980875	1.156014	0.999881	
1349418684.199590	1.000016	86.108869	72.118919	0.000000	1.153690	0.987061	1.153830	0.986635	1.153765	0.986841	1.153801	0.986724	1.153811	0.986626	1.153812	0.986622	1.153764	0.986852	1.153828	0.986547	1349418684.199676	1.000020	86.529517	72.446746	0.000000	1.153860	0.986923	1.153854	0.986870	1.153846	0.986738	1.153846	0.986735	1.153846	0.986731	1.153854	0.986867	1.153846	0.986728	1.155350	0.999904	
1349418685.199574	0.999984	83.412313	69.634718	0.000000	1.153800	0.969253	1.153848	0.968946	1.153834	0.969183	1.153848	0.968951	1.153816	0.969004	1.153812	0.969084	1.153824	0.969200	1.153687	0.969199	1349418685.199657	0.999981	83.768993	69.924078	0.000000	1.153858	0.969154	1.153857	0.969144	1.153846	0.968927	1.153848	0.968997	1.153846	0.968920	1.153857	0.969141	1.153848	0.968984	1.157396	0.999881	
1349418686.199574	1.000000	85.430481	71.563019	0.000000	1.153758	0.987153	1.153833	0.987075	1.153801	0.987039	1.153830	0.986997	1.153831	0.986995	1.153812	0.987021	1.153770	0.987165	1.153834	0.987043	1349418686.199656	0.999999	85.629568	71.674354	0.000000	1.153856	0.987076	1.153850	0.987025	1.153846	0.986931	1.153846	0.986929	1.153846	0.986927	1.153850	0.987023	1.153848	0.986976	1.155334	0.999933	
1349418687.199574	1.000000	72.041031	58.286667	0.000000	1.153705	0.789681	1.153791	0.789379	1.153730	0.789410	1.153811	0.789200	1.153638	0.789423	1.153789	0.789274	1.153738	0.789490	1.153791	0.789276	1349418687.199656	1.000000	76.204651	62.365814	0.000000	1.153856	0.789344	1.153852	0.789291	1.153848	0.789210	1.153852	0.789235	1.153850	0.789208	1.153855	0.789332	1.153863	0.789358	1.178135	0.999870	
1349418688.199574	1.000000	86.460159	72.539124	0.000000	1.153814	0.994579	1.153864	0.994698	1.153845	0.994756	1.153846	0.994310	1.153846	0.994305	1.153846	0.994301	1.153832	0.994796	1.153853	0.994504	1349418688.199658	1.000002	86.553714	72.539153	0.000000	1.153862	0.994809	1.153859	0.994732	1.153846	0.994482	1.153846	0.994478	1.153846	0.994473	1.153852	0.994649	1.153854	0.994684	1.154443	0.999884	
1349418689.199574	1.000000	85.739044	71.912506	0.000000	1.153644	0.994184	1.153796	0.993971	1.153733	0.994064	1.153779	0.993919	1.153762	0.993863	1.153763	0.993861	1.153708	0.994098	1.153799	0.993888	1349418689.199654	0.999996	85.761914	71.837983	0.000000	1.153854	0.994099	1.153854	0.994097	1.153846	0.993925	1.153846	0.993922	1.153846	0.993918	1.153854	0.994094	1.153848	0.993914	1.154516	0.999902	
1349418690.199572	0.999998	715775829.777751	715788428.479074	715829250.057560	0.999970	1.000019	0.999971	1.000036	0.999973	1.000039	0.999973	1.000028	0.999974	1.000035	0.999975	1.000024	0.999973	1.000033	0.999973	1.000028	1349418690.199676	1.000022	715756516.537040	715765881.909634	715812183.732634	0.999973	1.000029	0.999970	1.000029	3.894162	0.256798	0.999973	1.000029	0.999973	1.000032	0.999976	1.000028	0.999973	1.000032	0.999973	1.000030	
1349418691.199615	1.000043	0.000000	0.000000	0.000000	-nan	-nan	-nan	-nan	1.000008	inf	-nan	-nan	-nan	0.000000	-nan	-nan	-nan	-nan	-nan	-nan	1349418691.199679	1.000003	0.000000	0.000000	0.000000	-nan	-nan	-nan	-nan	1.345745	inf	-nan	-nan	-nan	-nan	-nan	-nan	-nan	-nan	-nan	-nan	
1349418692.199788	1.000173	0.000000	0.000000	0.000000	-nan	-nan	-nan	-nan	0.000000	inf	-nan	-nan	-nan	0.000000	0.000000	inf	-nan	-nan	-nan	-nan	1349418692.199855	1.000176	0.000000	0.000000	0.000000	-nan	-nan	-nan	-nan	inf	-nan	-nan	-nan	-nan	-nan	-nan	-nan	-nan	-nan	-nan	-nan	
