ts_0	elapsed_0	pkg_0	pp0_0	dram_0	freq_ratio_0_0	c0_ratio_0_0	freq_ratio_0_1	c0_ratio_0_1	freq_ratio_0_2	c0_ratio_0_2	freq_ratio_0_3	c0_ratio_0_3	freq_ratio_0_4	c0_ratio_0_4	freq_ratio_0_5	c0_ratio_0_5	freq_ratio_0_6	c0_ratio_0_6	freq_ratio_0_7	c0_ratio_0_7	ts_1	elapsed_1	pkg_1	pp0_1	dram_1	freq_ratio_1_0	c0_ratio_1_0	freq_ratio_1_1	c0_ratio_1_1	freq_ratio_1_2	c0_ratio_1_2	freq_ratio_1_3	c0_ratio_1_3	freq_ratio_1_4	c0_ratio_1_4	freq_ratio_1_5	c0_ratio_1_5	freq_ratio_1_6	c0_ratio_1_6	freq_ratio_1_7	c0_ratio_1_7	
1349418681.201511	1.002895	77.019512	63.030988	0.000000	1.156442	0.973209	1.155431	0.965213	1.155522	0.964171	1.153934	0.944652	1.153885	0.943589	1.153912	0.944264	1.153903	0.944037	1.153928	0.944700	1349418681.201588	1.000542	75.415368	61.771395	0.000000	1.160771	0.966777	1.160685	0.966493	1.160750	0.967397	1.154207	0.884225	1.153952	0.878487	1.153938	0.878112	1.153886	0.871240	1.162807	0.988408	
1349418682.201508	0.999997	80.887549	66.631920	0.000000	1.153770	0.994195	1.153834	0.994169	1.153831	0.994051	1.153830	0.994015	1.153831	0.994001	1.153811	0.994028	1.153800	0.994126	1.153813	0.994075	1349418682.201586	0.999998	79.997208	66.181462	0.000000	1.153858	0.994182	1.153846	0.993993	1.153846	0.993990	1.153846	0.993987	1.153857	0.994210	1.153849	0.994025	1.153846	0.993981	1.154513	0.999911	
1349418683.201509	1.000001	80.365432	66.095945	0.000000	1.153649	0.980171	1.153789	0.980036	1.153802	0.979952	1.153776	0.979969	1.153773	0.979884	1.153775	0.979901	1.153714	0.980065	1.153743	0.979941	1349418683.201586	1.000000	79.768661	65.945297	0.000000	1.153868	0.980176	1.153846	0.979754	1.153851	0.979946	1.153848	0.979831	1.153865	0.980166	1.153859	0.980070	1.153846	0.979742	1.156125	0.999811	
1349418684.201509	1.000000	82.719269	68.171082	0.000000	1.153761	0.993010	1.153827	0.992932	1.153821	0.992855	1.153824	0.992875	1.153818	0.992715	1.153820	0.992710	1.153796	0.992890	1.153812	0.992929	1349418684.201589	1.000003	81.993551	67.941531	0.000000	1.153861	0.993027	1.153846	0.992633	1.153855	0.992931	1.153848	0.992702	1.153868	0.993105	1.153860	0.993010	1.153846	0.992622	1.154640	0.999843	
1349418685.201509	1.000000	79.524780	65.292206	0.000000	1.153753	0.968028	1.153821	0.967764	1.153830	0.967658	1.153829	0.967603	1.153831	0.967598	1.153817	0.967686	1.153766	0.967922	1.153782	0.967894	1349418685.201589	1.000000	79.364548	65.565247	0.000000	1.153862	0.967915	1.153848	0.967654	1.153848	0.967671	1.153846	0.967617	1.153867	0.967990	1.153858	0.967852	1.153846	0.967610	1.157530	0.999826	
1349418686.201509	1.000000	81.551865	67.166443	0.000000	1.153815	0.986642	1.153844	0.986695	1.153843	0.986696	1.153844	0.986688	1.153839	0.986528	1.153825	0.986546	1.153829	0.986635	1.153828	0.986627	1349418686.201586	0.999997	80.992133	67.070627	0.000000	1.153859	0.986737	1.153846	0.986433	1.153856	0.986692	1.153848	0.986501	1.153859	0.986735	1.153855	0.986652	1.153846	0.986421	1.155372	0.999889	
1349418687.201509	1.000000	68.858902	54.634201	0.000000	1.153694	0.788801	1.153794	0.788759	1.153816	0.788635	1.153815	0.788582	1.153817	0.788579	1.153817	0.788576	1.153772	0.788740	1.153768	0.788698	1349418687.201587	1.000001	72.075584	58.294286	0.000000	1.153856	0.788737	1.153847	0.788615	1.153848	0.788644	1.153846	0.788591	1.153863	0.788809	1.153855	0.788729	1.153846	0.788587	1.178213	0.999892	
1349418688.201510	1.000001	82.497678	68.031231	0.000000	1.153845	0.994314	1.153862	0.994433	1.153852	0.994277	1.153851	0.994225	1.153846	0.994045	1.153846	0.994061	1.153853	0.994159	1.153852	0.994265	1349418688.201590	1.000003	81.827719	67.831241	0.000000	1.153864	0.994376	1.153846	0.993894	1.153856	0.994245	1.153846	0.993888	1.153870	0.994460	1.153858	0.994280	1.153846	0.993882	1.154490	0.999843	
1349418689.201509	0.999999	81.308824	67.001971	0.000000	1.153786	0.993394	1.153858	0.993305	1.153852	0.993222	1.153850	0.993170	1.153846	0.993012	1.153846	0.993008	1.153827	0.993256	1.153836	0.993308	1349418689.201588	0.999998	81.131762	67.243521	0.000000	1.153860	0.993330	1.153846	0.993017	1.153854	0.993229	1.153846	0.993008	1.153866	0.993405	1.153855	0.993236	1.153846	0.993002	1.154605	0.999852	
1349418690.201508	0.999999	715802655.678817	715785468.504223	715828567.388938	0.999970	1.000020	0.999973	1.000044	0.999981	1.000035	0.999972	1.000027	0.999973	1.000035	0.999975	1.000027	0.999971	1.000025	0.999975	1.000040	1349418690.201605	1.000017	715759844.615652	715782253.753864	715815767.593366	0.999972	1.000029	0.999970	1.000034	3.894076	0.256806	0.999971	1.000023	0.999973	1.000036	0.999975	1.000025	0.999972	1.000029	0.999974	1.000036	
1349418691.201500	0.999992	0.000000	0.000000	0.000000	-nan	-nan	-nan	-nan	0.000000	inf	-nan	-nan	-nan	0.000000	-nan	-nan	-nan	-nan	-nan	-nan	1349418691.201560	0.999955	0.000000	0.000000	0.000000	-nan	-nan	-nan	-nan	0.000000	inf	-nan	-nan	-nan	-nan	-nan	-nan	-nan	-nan	-nan	-nan	
1349418692.201578	1.000078	0.000000	0.000000	0.000000	-nan	-nan	-nan	-nan	0.000000	inf	-nan	-nan	-nan	0.000000	0.000000	inf	-nan	-nan	-nan	-nan	1349418692.201645	1.000085	0.000000	0.000000	0.000000	-nan	-nan	-nan	-nan	inf	-nan	-nan	-nan	-nan	-nan	-nan	-nan	-nan	-nan	-nan	-nan	
