ts_0	elapsed_0	pkg_0	pp0_0	dram_0	freq_ratio_0_0	c0_ratio_0_0	freq_ratio_0_1	c0_ratio_0_1	freq_ratio_0_2	c0_ratio_0_2	freq_ratio_0_3	c0_ratio_0_3	freq_ratio_0_4	c0_ratio_0_4	freq_ratio_0_5	c0_ratio_0_5	freq_ratio_0_6	c0_ratio_0_6	freq_ratio_0_7	c0_ratio_0_7	ts_1	elapsed_1	pkg_1	pp0_1	dram_1	freq_ratio_1_0	c0_ratio_1_0	freq_ratio_1_1	c0_ratio_1_1	freq_ratio_1_2	c0_ratio_1_2	freq_ratio_1_3	c0_ratio_1_3	freq_ratio_1_4	c0_ratio_1_4	freq_ratio_1_5	c0_ratio_1_5	freq_ratio_1_6	c0_ratio_1_6	freq_ratio_1_7	c0_ratio_1_7	
1349479107.446988	1.000783	80.478492	66.503121	7.474952	1.155177	0.958220	1.154584	0.951707	1.154527	0.951626	1.154493	0.950872	1.154435	0.950988	1.153849	0.934979	1.154326	0.946884	1.153848	0.931040	1349479107.447063	1.000376	82.994552	69.193055	6.165544	1.153904	0.952275	1.153868	0.951727	1.153840	0.951737	1.153860	0.951613	1.153840	0.951744	1.153850	0.951337	1.153850	0.951316	1.157212	0.992787	
1349479108.446984	0.999996	84.399100	70.188364	8.271411	1.153760	0.981519	1.153818	0.981523	1.153787	0.981480	1.153825	0.981343	1.153793	0.981531	1.153805	0.981200	1.153824	0.981263	1.153806	0.981199	1349479108.447067	1.000004	86.325730	72.237241	7.598190	1.153854	0.981488	1.153850	0.981441	1.153852	0.981411	1.153850	0.981444	1.153860	0.981562	1.153846	0.981275	1.153846	0.981228	1.155971	0.999879	
1349479109.446982	0.999998	87.247740	72.641862	9.747409	1.153750	0.988203	1.153851	0.988132	1.153833	0.988124	1.153845	0.988049	1.153824	0.988234	1.153850	0.988128	1.153846	0.988045	1.153850	0.988123	1349479109.447073	1.000006	88.758641	74.323059	8.028074	1.153849	0.988194	1.153846	0.988094	1.153852	0.988244	1.153846	0.988146	1.153852	0.988241	1.153846	0.988144	1.153846	0.988142	1.155196	0.999936	
1349479110.446985	1.000003	91.370322	76.231941	11.731089	1.153859	0.999739	1.153872	0.999892	1.153859	0.999739	1.153854	0.999638	1.153859	0.999736	1.153846	0.999424	1.153848	0.999489	1.153846	0.999418	1349479110.447066	0.999993	92.622894	77.668658	9.753974	1.153853	0.999717	1.153861	0.999833	1.153851	0.999602	1.153853	0.999712	1.153862	0.999863	1.153846	0.999451	1.153846	0.999406	1.153862	0.999856	
1349479111.446982	0.999997	89.648044	74.800082	10.576952	1.153863	0.999372	1.153863	0.999376	1.153860	0.999349	1.153848	0.999123	1.153858	0.999272	1.153846	0.999040	1.153846	0.999044	1.153846	0.999033	1349479111.447058	0.999992	91.058569	76.383691	9.095548	1.153854	0.999257	1.153851	0.999213	1.153853	0.999201	1.153851	0.999210	1.153866	0.999404	1.153846	0.999029	1.153846	0.999029	1.153916	0.999864	
1349479112.446983	1.000001	89.969122	75.025807	10.694173	1.153837	0.991525	1.153857	0.991565	1.153825	0.991538	1.153849	0.991388	1.153827	0.991534	1.153848	0.991322	1.153847	0.991308	1.153848	0.991318	1349479112.447076	1.000018	91.412092	76.635821	9.211841	1.153852	0.991638	1.153849	0.991593	1.153851	0.991576	1.153849	0.991588	1.153853	0.991674	1.153846	0.991391	1.153846	0.991455	1.154801	0.999913	
1349479113.446983	1.000000	91.726227	76.572418	11.621185	1.153863	0.999721	1.153872	0.999832	1.153863	0.999742	1.153853	0.999582	1.153863	0.999748	1.153846	0.999359	1.153850	0.999496	1.153846	0.999354	1349479113.447060	0.999984	93.096900	78.108624	9.738971	1.153852	0.999738	1.153852	0.999724	1.153847	0.999569	1.153852	0.999722	1.153864	0.999877	1.153846	0.999516	1.153846	0.999418	1.153864	0.999869	
1349479114.446994	1.000011	715766063.829660	715785606.450476	715769036.466721	0.999989	1.000127	0.999987	1.000130	0.999989	1.000134	0.999989	1.000127	0.999989	1.000129	0.999992	1.000125	0.999989	1.000130	0.999989	1.000127	1349479114.447077	1.000017	715808351.229101	715749726.059184	715780199.130456	0.999989	1.000127	0.999986	1.000129	3.893095	0.256897	0.999989	1.000127	0.999989	1.000130	0.999992	1.000124	0.999989	1.000130	0.999989	1.000127	
1349479115.446979	0.999985	0.000000	0.000000	0.000000	-nan	-nan	-nan	-nan	0.000000	inf	-nan	-nan	-nan	0.000000	-nan	-nan	-nan	-nan	-nan	-nan	1349479115.447043	0.999966	0.000000	0.000000	0.000000	-nan	-nan	-nan	-nan	0.000000	inf	-nan	-nan	-nan	-nan	-nan	-nan	-nan	-nan	-nan	-nan	
