ts_0	elapsed_0	pkg_0	pp0_0	dram_0	freq_ratio_0_0	c0_ratio_0_0	freq_ratio_0_1	c0_ratio_0_1	freq_ratio_0_2	c0_ratio_0_2	freq_ratio_0_3	c0_ratio_0_3	freq_ratio_0_4	c0_ratio_0_4	freq_ratio_0_5	c0_ratio_0_5	freq_ratio_0_6	c0_ratio_0_6	freq_ratio_0_7	c0_ratio_0_7	ts_1	elapsed_1	pkg_1	pp0_1	dram_1	freq_ratio_1_0	c0_ratio_1_0	freq_ratio_1_1	c0_ratio_1_1	freq_ratio_1_2	c0_ratio_1_2	freq_ratio_1_3	c0_ratio_1_3	freq_ratio_1_4	c0_ratio_1_4	freq_ratio_1_5	c0_ratio_1_5	freq_ratio_1_6	c0_ratio_1_6	freq_ratio_1_7	c0_ratio_1_7	
1349418405.829012	1.001020	47.780459	34.045917	0.000000	0.999988	0.963569	0.999863	0.995420	0.999887	0.981634	0.999996	0.954044	0.997340	0.001624	0.972217	0.000132	0.980576	0.000196	0.982270	0.000205	1349418405.829205	1.000456	47.637163	33.931576	0.000000	0.999997	0.974723	0.999982	0.981915	1.000001	0.942094	0.894265	0.000181	1.010149	0.000040	0.841293	0.000118	1.001260	0.000181	0.999852	0.983191	
1349418406.829010	0.999998	48.794756	34.996160	0.000000	1.000000	1.000000	1.000000	1.000000	1.000000	0.999999	1.000001	1.000000	1.000018	0.000983	1.003040	0.000017	1.000018	0.000129	0.999883	0.000135	1349418406.829200	0.999995	48.737610	34.979210	0.000000	1.000000	1.000000	1.000000	1.000000	1.000000	1.000000	1.000010	0.000078	1.000142	0.000097	0.998075	0.000017	1.000062	0.000125	1.000000	1.000000	
1349418407.829018	1.000008	48.865510	35.060080	0.000000	1.000000	0.999606	1.000000	0.999670	1.000000	0.999666	1.000000	0.999611	0.999935	0.001418	0.997648	0.000063	0.999925	0.000194	0.999982	0.000106	1349418407.829211	1.000011	48.771361	35.007810	0.000000	1.000000	0.999633	1.000000	0.999648	1.000000	0.999656	1.000582	0.000147	0.999637	0.000017	0.999932	0.000057	1.000031	0.000198	1.000000	1.000000	
1349418408.829018	1.000000	48.935455	35.127380	0.000000	1.000000	0.999864	1.000000	0.999943	1.000000	0.999963	1.000000	0.999875	0.999917	0.000845	1.005734	0.000016	0.999995	0.000221	1.000114	0.000156	1349418408.829217	1.000006	48.810546	35.065892	0.000000	1.000000	0.999896	1.000000	1.000000	1.000000	0.999952	0.999476	0.000075	0.999672	0.000080	1.000421	0.000018	0.999926	0.000167	1.000000	1.000000	
1349418409.829011	0.999993	49.015323	35.202392	0.000000	1.000000	0.999918	1.000000	0.999964	1.000000	0.999978	1.000000	0.999917	1.000021	0.001162	0.992503	0.000068	1.000044	0.001026	1.000147	0.000092	1349418409.829199	0.999982	48.758211	35.034425	0.000000	1.000000	0.999940	1.000000	1.000000	1.000000	0.999960	1.000071	0.000147	1.001288	0.000019	0.999934	0.000058	1.000067	0.000155	1.000000	1.000000	
1349418410.829011	1.000000	48.964661	35.156204	0.000000	1.000000	0.999614	1.000000	0.999664	1.000000	0.999643	1.000000	0.999621	1.000482	0.000710	1.003101	0.000021	0.996887	0.000123	0.996137	0.000140	1349418410.829201	1.000002	48.792769	35.065210	0.000000	1.000000	0.999620	1.000000	0.999635	1.000000	0.999658	0.999024	0.000072	0.993861	0.000097	1.001584	0.000019	0.999802	0.000111	1.000000	1.000000	
1349418411.829010	0.999999	49.044786	35.238742	0.000000	1.000000	0.999814	1.000000	0.999798	1.000000	0.999788	1.000000	0.999723	0.999859	0.002260	1.001587	0.000082	1.001852	0.000180	1.004547	0.000118	1349418411.829201	1.000000	48.862411	35.128433	0.000000	1.000000	0.999771	1.000000	0.999828	1.000000	0.999827	1.000229	0.000170	1.014697	0.000036	0.999979	0.000091	1.000034	0.000207	1.000000	1.000000	
1349418412.829011	1.000001	49.059173	35.242413	0.000000	1.000000	0.999863	0.999999	0.999945	0.999999	0.999921	0.999999	0.999843	0.999952	0.000788	1.006353	0.000058	1.000499	0.000118	1.000273	0.000214	1349418412.829205	1.000004	48.887268	35.156184	0.000000	1.000000	0.999865	1.000000	1.000000	1.000000	0.999921	0.999867	0.000631	1.000022	0.000367	0.999833	0.000141	0.999983	0.000161	1.000000	1.000000	
1349418413.829008	0.999997	715791830.918467	715808509.654518	715830103.395168	0.999970	1.000013	0.999969	1.000023	0.999971	1.000023	0.999971	1.000019	0.999972	1.000022	0.999973	1.000012	0.999972	1.000022	0.999971	1.000015	1349418413.829124	0.999919	715880915.026414	715842829.064719	715885916.092609	0.999971	1.000015	0.999969	1.000021	3.894321	0.256783	0.999972	1.000019	0.999971	1.000018	0.999974	1.000017	0.999971	1.000019	0.999971	1.000018	
1349418414.829006	0.999998	0.000000	0.000000	0.000000	-nan	-nan	-nan	-nan	0.000000	inf	-nan	-nan	-nan	0.000000	-nan	-nan	-nan	-nan	-nan	-nan	1349418414.829078	0.999954	0.000000	0.000000	0.000000	-nan	-nan	-nan	-nan	0.000000	inf	-nan	-nan	-nan	-nan	-nan	-nan	-nan	-nan	-nan	-nan	
