ts_0	elapsed_0	pkg_0	pp0_0	dram_0	freq_ratio_0_0	c0_ratio_0_0	freq_ratio_0_1	c0_ratio_0_1	freq_ratio_0_2	c0_ratio_0_2	freq_ratio_0_3	c0_ratio_0_3	freq_ratio_0_4	c0_ratio_0_4	freq_ratio_0_5	c0_ratio_0_5	freq_ratio_0_6	c0_ratio_0_6	freq_ratio_0_7	c0_ratio_0_7	ts_1	elapsed_1	pkg_1	pp0_1	dram_1	freq_ratio_1_0	c0_ratio_1_0	freq_ratio_1_1	c0_ratio_1_1	freq_ratio_1_2	c0_ratio_1_2	freq_ratio_1_3	c0_ratio_1_3	freq_ratio_1_4	c0_ratio_1_4	freq_ratio_1_5	c0_ratio_1_5	freq_ratio_1_6	c0_ratio_1_6	freq_ratio_1_7	c0_ratio_1_7	
1349418405.822330	1.001191	47.646718	33.641379	0.000000	0.999994	0.979580	0.999916	0.994195	0.999985	0.981630	1.000000	0.966199	0.997480	0.005578	0.867925	0.000247	0.916821	0.000165	0.997204	0.000249	1349418405.822529	1.000456	46.820915	32.840643	0.000000	0.999702	0.981168	0.999993	0.979635	0.999900	0.979386	0.989623	0.001235	0.969520	0.000650	0.686267	0.000424	0.919506	0.000421	0.999973	0.979979	
1349418406.822329	0.999999	48.511628	34.420748	0.000000	1.000000	1.000000	1.000000	1.000000	1.000000	1.000000	0.999997	1.000000	1.000227	0.001039	0.999416	0.000009	0.997078	0.000009	1.000494	0.000256	1349418406.822523	0.999994	47.854152	33.788516	0.000000	1.000000	1.000000	1.000000	1.000000	1.000000	1.000000	1.000124	0.000614	1.000037	0.000670	1.000534	0.000054	1.000125	0.000170	1.000000	1.000000	
1349418407.822329	1.000000	48.614960	34.518982	0.000000	1.000000	1.000000	1.000000	1.000000	1.000000	1.000000	1.000000	1.000000	0.999816	0.001347	1.000046	0.000091	0.998868	0.000078	1.000037	0.000271	1349418407.822524	1.000001	47.894180	33.824080	0.000000	1.000000	1.000000	1.000000	1.000000	1.000000	1.000000	0.999964	0.000723	0.999958	0.000789	0.999688	0.000115	0.999975	0.000249	1.000000	1.000000	
1349418408.822329	1.000000	48.627533	34.542053	0.000000	1.000000	0.999539	1.000000	0.999646	1.000000	0.999583	1.000003	0.999649	1.000197	0.001155	1.004340	0.000051	1.038455	0.000009	1.000180	0.001152	1349418408.822526	1.000002	47.937729	33.860653	0.000000	1.000000	0.999655	1.000000	1.000000	1.000000	0.999624	0.999918	0.000611	1.000047	0.000676	1.000008	0.000103	0.999961	0.000147	1.000000	0.999557	
1349418409.822330	1.000001	48.739471	34.633375	0.000000	0.999999	0.999951	0.999999	0.999981	1.000000	0.999948	1.000001	1.000000	0.999940	0.001940	1.000005	0.001037	0.999763	0.000551	0.999997	0.001342	1349418409.822536	1.000010	47.977303	33.898068	0.000000	1.000000	1.000000	1.000000	1.000000	1.000000	0.999991	1.000062	0.001073	1.000004	0.000955	1.000062	0.000695	1.000021	0.000707	1.000000	0.999991	
1349418410.822329	0.999999	49.486574	35.378955	0.000000	1.000001	0.999877	1.000001	0.540988	1.000001	0.999860	0.999999	1.000000	0.999979	0.013870	0.999975	0.009306	0.999974	0.009282	1.000000	0.469145	1349418410.822519	0.999983	49.073615	34.992444	0.000000	1.000000	0.999944	1.000000	1.000000	1.000000	0.999901	0.999995	0.009853	1.000000	0.009896	0.999995	0.009236	0.999999	0.009302	1.000000	0.999935	
1349418411.822339	1.000010	48.610506	34.507772	0.000000	0.999975	0.999509	0.999756	0.000648	1.000000	0.999414	1.000000	0.999492	0.999581	0.000699	0.999996	0.000087	1.000344	0.000077	1.000000	0.999481	1349418411.822532	1.000013	47.899701	33.829314	0.000000	1.000000	0.999535	1.000000	1.000000	1.000000	0.999491	1.000989	0.000588	0.999975	0.000589	1.000480	0.000058	0.999926	0.000251	1.000000	0.999499	
1349418412.822329	0.999990	48.596388	34.496989	0.000000	0.999944	0.999451	1.000391	0.000692	0.999984	0.999342	0.999985	0.999405	1.000544	0.000667	1.001740	0.000009	1.018553	0.000009	0.999973	0.999383	1349418412.822521	0.999989	47.964927	33.881933	0.000000	1.000000	0.999448	1.000000	1.000000	1.000000	0.999396	0.999203	0.000606	0.999975	0.000674	1.000227	0.000020	1.000006	0.000208	1.000000	0.999394	
1349418413.822326	0.999997	715769729.176746	715777735.339073	715830103.395168	0.999971	1.000018	0.999971	1.000031	0.999980	1.000025	0.999972	1.000022	0.999973	1.000030	0.999974	1.000019	0.999972	1.000027	0.999972	1.000025	1349418413.822429	0.999908	715880740.887092	715852356.573053	715893768.118362	0.999973	1.000026	0.999970	1.000026	3.894192	0.256795	0.999972	1.000021	0.999971	1.000023	0.999976	1.000026	0.999971	1.000023	0.999973	1.000028	
1349418414.822319	0.999993	0.000000	0.000000	0.000000	-nan	-nan	-nan	-nan	8.000000	inf	-nan	-nan	-nan	0.000000	-nan	-nan	-nan	-nan	-nan	-nan	1349418414.822397	0.999968	0.000000	0.000000	0.000000	-nan	-nan	-nan	-nan	0.000000	inf	-nan	-nan	-nan	-nan	-nan	-nan	-nan	-nan	-nan	-nan	
