ts_0	elapsed_0	pkg_0	pp0_0	dram_0	freq_ratio_0_0	c0_ratio_0_0	freq_ratio_0_1	c0_ratio_0_1	freq_ratio_0_2	c0_ratio_0_2	freq_ratio_0_3	c0_ratio_0_3	freq_ratio_0_4	c0_ratio_0_4	freq_ratio_0_5	c0_ratio_0_5	freq_ratio_0_6	c0_ratio_0_6	freq_ratio_0_7	c0_ratio_0_7	ts_1	elapsed_1	pkg_1	pp0_1	dram_1	freq_ratio_1_0	c0_ratio_1_0	freq_ratio_1_1	c0_ratio_1_1	freq_ratio_1_2	c0_ratio_1_2	freq_ratio_1_3	c0_ratio_1_3	freq_ratio_1_4	c0_ratio_1_4	freq_ratio_1_5	c0_ratio_1_5	freq_ratio_1_6	c0_ratio_1_6	freq_ratio_1_7	c0_ratio_1_7	
1349476535.940323	1.000467	35.410738	21.882815	3.561676	0.999999	0.998933	1.000000	0.993417	0.996407	0.000339	0.999665	0.000130	0.999445	0.000138	1.000896	0.000111	0.997155	0.000204	1.000770	0.000132	1349476535.940554	1.000491	36.169012	22.681477	3.599079	1.000001	0.993519	1.000168	0.000839	1.002150	0.000153	1.002220	0.000148	1.001490	0.000259	0.995735	0.000086	0.999959	0.000102	1.000002	0.993924	
1349476536.940321	0.999998	35.511634	21.993893	3.607490	1.000000	0.999877	1.000000	0.999931	1.000281	0.000177	1.000986	0.000031	1.005573	0.000009	1.002299	0.000009	1.000677	0.000185	1.001898	0.000009	1349476536.940556	1.000002	36.276710	22.792803	3.616402	1.000000	1.000000	0.998087	0.000500	1.004075	0.000007	0.998625	0.000048	0.999808	0.000159	1.011315	0.000041	1.016813	0.000028	1.000000	1.000000	
1349476537.940322	1.000001	35.538266	22.027857	3.600705	1.000000	1.000000	1.000000	1.000000	1.000042	0.000283	1.001526	0.000066	0.999417	0.000069	0.999699	0.000062	0.999294	0.000154	1.000209	0.000088	1349476537.940565	1.000009	36.342520	22.842277	3.625028	1.000000	1.000000	1.000687	0.000434	0.999495	0.000132	1.000834	0.000080	0.998852	0.000691	0.995747	0.000065	0.999759	0.000074	1.000000	1.000000	
1349476538.940321	0.999999	35.550952	22.037207	3.596210	1.000000	0.999956	1.000000	0.999984	0.999439	0.000181	0.984328	0.000009	1.018317	0.000008	1.001784	0.000009	0.999958	0.000110	0.999055	0.000009	1349476538.940553	0.999988	36.362006	22.857450	3.629758	1.000000	1.000000	1.000996	0.000551	1.007127	0.000007	0.996527	0.000007	1.000318	0.002463	1.043351	0.000007	0.999102	0.000007	1.000000	1.000000	
1349476539.940326	1.000005	35.517309	22.001446	3.596128	0.999969	0.997670	0.999991	0.997616	1.000042	0.000256	1.002299	0.000076	0.997801	0.000071	0.999981	0.000062	0.999934	0.000152	1.000119	0.000084	1349476539.940571	1.000018	36.350241	22.844974	3.617275	1.000000	0.997643	0.999345	0.000974	0.999095	0.000084	0.999521	0.000079	0.999881	0.000176	0.997087	0.000059	1.002248	0.000067	1.000000	1.000000	
1349476540.940321	0.999995	40.479619	26.971449	3.618365	0.999945	0.998924	0.999989	0.998821	0.999951	0.003033	0.999947	0.002914	1.000072	0.002820	1.000027	0.002828	0.999993	0.003016	0.999959	0.003008	1349476540.940469	0.999898	41.168660	27.654922	3.646963	1.000000	0.998847	1.000036	0.004186	1.000076	0.002958	1.000031	0.003177	0.999997	0.003585	1.000123	0.002887	1.000058	0.002980	1.000000	1.000000	
1349476541.940321	1.000000	35.598221	22.079071	3.602600	0.999982	0.999941	0.999983	0.999940	1.000619	0.000358	0.999484	0.000069	0.996026	0.000065	0.998887	0.000060	0.999987	0.000510	1.001248	0.000090	1349476541.940558	1.000089	36.403257	22.894189	3.619673	1.000000	1.000000	0.999771	0.000741	0.998400	0.000122	0.999353	0.000115	0.999982	0.000292	0.997111	0.000070	0.996206	0.000090	1.000000	1.000000	
1349476542.940321	1.000000	35.537231	22.019653	3.604889	1.000000	1.000000	1.000000	1.000000	0.999809	0.000192	1.004910	0.000031	1.004103	0.000009	0.970958	0.000009	0.999320	0.000111	0.999089	0.000008	1349476542.940560	1.000002	36.400169	22.892107	3.627465	1.000000	1.000000	1.000475	0.000329	1.000765	0.000060	1.000733	0.000007	1.000010	0.000695	0.879204	0.000009	1.004567	0.000007	1.000000	1.000000	
1349476543.940321	1.000000	35.520935	22.003830	3.605850	1.000000	1.000000	1.000000	1.000000	0.999551	0.000271	1.000807	0.000071	1.000714	0.000072	1.005070	0.000061	1.000891	0.000160	1.000678	0.000084	1349476543.940562	1.000002	36.387565	22.878344	3.623132	1.000000	1.000000	0.998986	0.000290	0.999726	0.000076	0.999886	0.000075	1.000223	0.000183	1.018124	0.000061	0.998317	0.000080	1.000000	1.000000	
1349476544.940321	1.000000	35.546631	22.029282	3.608536	1.000000	1.000000	1.000000	1.000000	1.000351	0.000191	0.977334	0.000009	0.995289	0.000009	0.993735	0.000008	0.999419	0.000114	0.994603	0.000008	1349476544.940552	0.999990	36.371260	22.861359	3.622015	1.000000	1.000000	1.000386	0.000420	0.998043	0.000007	1.002106	0.000007	0.999898	0.000162	1.004161	0.000007	1.010442	0.000008	1.000000	1.000000	
1349476545.940320	0.999999	35.568973	22.053976	3.598606	0.999982	0.999938	0.999983	0.999937	1.000672	0.000243	0.992987	0.000070	0.994803	0.000072	0.990524	0.000064	1.000089	0.000160	0.992462	0.000091	1349476545.940562	1.000010	36.347811	22.850342	3.631891	1.000000	1.000000	1.001550	0.000549	0.999702	0.000084	0.999820	0.000075	0.999905	0.000191	0.999483	0.000063	0.999990	0.000080	1.000000	1.000000	
1349476546.940320	1.000000	35.572189	22.055023	3.604294	1.000000	1.000000	1.000000	1.000000	1.000535	0.000185	1.009817	0.000010	0.998034	0.000009	1.004562	0.000009	0.999870	0.000151	1.006663	0.000009	1349476546.940558	0.999996	36.416346	22.904176	3.628219	1.000000	1.000000	1.000060	0.001513	1.000490	0.000052	1.000198	0.000045	1.000072	0.000171	0.999159	0.000007	1.003618	0.000008	1.000000	1.000000	
1349476547.940317	0.999997	715777642.260644	715827585.744985	715814164.047868	0.999992	1.000146	0.999990	1.000152	1.000000	1.000147	0.999992	1.000146	0.999992	1.000150	0.999994	1.000144	0.999992	1.000150	0.999992	1.000147	1349476547.940423	0.999865	715903304.770440	715873338.588427	715911971.756305	0.999992	1.000147	0.999990	1.000150	3.892873	0.256917	0.999992	1.000147	0.999992	1.000148	0.999995	1.000146	0.999992	1.000149	0.999992	1.000148	
1349476548.940427	1.000110	0.000000	0.000000	0.000000	-nan	-nan	-nan	-nan	0.000000	inf	-nan	-nan	-nan	0.000000	-nan	-nan	-nan	-nan	-nan	-nan	1349476548.940510	1.000087	0.000000	0.000000	0.000000	-nan	-nan	-nan	-nan	0.000000	inf	-nan	-nan	-nan	-nan	-nan	-nan	-nan	-nan	-nan	-nan	
