ts_0	elapsed_0	pkg_0	pp0_0	dram_0	freq_ratio_0_0	c0_ratio_0_0	freq_ratio_0_1	c0_ratio_0_1	freq_ratio_0_2	c0_ratio_0_2	freq_ratio_0_3	c0_ratio_0_3	freq_ratio_0_4	c0_ratio_0_4	freq_ratio_0_5	c0_ratio_0_5	freq_ratio_0_6	c0_ratio_0_6	freq_ratio_0_7	c0_ratio_0_7	ts_1	elapsed_1	pkg_1	pp0_1	dram_1	freq_ratio_1_0	c0_ratio_1_0	freq_ratio_1_1	c0_ratio_1_1	freq_ratio_1_2	c0_ratio_1_2	freq_ratio_1_3	c0_ratio_1_3	freq_ratio_1_4	c0_ratio_1_4	freq_ratio_1_5	c0_ratio_1_5	freq_ratio_1_6	c0_ratio_1_6	freq_ratio_1_7	c0_ratio_1_7	
1350073743.834650	1.000518	48.915072	35.625891	6.136713	1.268464	0.998500	1.229788	0.000997	1.228734	0.000144	1.224105	0.000036	1.268467	0.998507	1.230674	0.000251	1.233623	0.000016	1.229115	0.000010	1350073743.834825	1.000392	47.714803	34.666237	2.880859	1.269132	0.999121	1.228283	0.000336	1.214771	0.000155	1.220645	0.000067	1.269132	0.999120	1.229998	0.000270	1.227866	0.000018	1.229463	0.000147	
1350073744.834633	0.999983	48.965840	35.676034	6.121380	1.269027	0.998839	1.230895	0.000609	1.230807	0.000104	1.230764	0.001844	1.269026	0.998838	1.230710	0.000233	1.231153	0.000044	1.230484	0.000039	1350073744.834809	0.999984	47.844346	34.778662	2.770277	1.269137	0.999183	1.231379	0.000327	1.235174	0.000055	1.233416	0.000067	1.269137	0.999183	1.231325	0.000324	1.234682	0.000050	1.231721	0.000244	
1350073745.834633	1.000000	48.957474	35.668671	6.127518	1.268017	0.989046	1.230600	0.002488	1.230720	0.005893	1.214193	0.000018	1.268017	0.989040	1.230768	0.000170	1.229905	0.000009	1.232404	0.000009	1350073745.834817	1.000008	47.858209	34.789574	3.837249	1.269136	0.999203	1.229733	0.000321	1.222587	0.000040	1.214332	0.000018	1.269136	0.999201	1.233266	0.000256	1.220187	0.000018	1.230261	0.000458	
1350073746.834633	1.000000	49.669449	36.379700	6.115234	1.235137	0.998523	1.230632	0.000242	1.230541	0.002972	1.230495	0.000110	1.235137	0.998533	1.230665	0.000208	1.230321	0.000060	1.230981	0.000040	1350073746.834778	0.999961	47.901821	34.827290	3.420346	1.268700	0.995273	1.230761	0.003094	1.230404	0.000041	1.230922	0.000047	1.268700	0.995268	1.228567	0.000297	1.235747	0.000044	1.232004	0.000178	
1350073747.834634	1.000001	48.985869	35.695111	6.133722	1.269164	0.999345	1.229513	0.000264	1.252284	0.000016	1.214970	0.000018	1.269163	0.999331	1.230667	0.000188	1.235046	0.000009	1.232044	0.000009	1350073747.834809	1.000031	47.958581	34.884478	2.724632	1.267759	0.988838	1.229174	0.000260	1.218921	0.000042	1.214202	0.000018	1.267759	0.988828	1.230796	0.007523	1.219055	0.000011	1.229183	0.000151	
1350073748.834633	0.999999	48.975053	35.684864	6.109076	1.269108	0.999246	1.230774	0.000373	1.230893	0.000058	1.230590	0.000050	1.269108	0.999244	1.230783	0.000225	1.230391	0.000038	1.230143	0.000037	1350073748.834811	1.000002	47.961533	34.889200	2.764094	1.268533	0.993750	1.230739	0.004135	1.235122	0.000042	1.231848	0.000039	1.268533	0.993741	1.229381	0.000450	1.232574	0.000038	1.231262	0.000283	
1350073749.834634	1.000001	48.966659	35.678936	6.127558	1.268968	0.998511	1.231022	0.000867	1.219202	0.000028	1.213341	0.000018	1.268968	0.998512	1.234222	0.000191	1.229397	0.000009	1.232419	0.000010	1350073749.834810	0.999999	47.943771	34.869754	2.783038	1.268575	0.994248	1.230775	0.004019	1.225168	0.000049	1.210979	0.000019	1.268575	0.994244	1.230533	0.000247	1.220815	0.000011	1.231551	0.000141	
1350073750.834633	0.999999	48.939790	35.663410	6.109076	1.268907	0.997653	1.230372	0.001593	1.223813	0.000080	1.224983	0.000095	1.268907	0.997652	1.227993	0.000192	1.225909	0.000108	1.218720	0.000043	1350073750.834797	0.999987	47.976246	34.903763	2.884880	1.267994	0.990137	1.229799	0.000378	1.229415	0.000035	1.231217	0.000044	1.267993	0.990138	1.230720	0.006656	1.234968	0.000036	1.230829	0.000421	
1350073751.834634	1.000001	48.984069	35.694088	6.096735	1.269149	0.999180	1.231578	0.000266	1.235598	0.000048	1.236978	0.000036	1.269149	0.999179	1.232949	0.000230	1.253725	0.000023	1.247401	0.000031	1350073751.834799	1.000002	47.930023	34.856150	2.717417	1.268290	0.991964	1.230609	0.002896	1.224133	0.000047	1.207866	0.000018	1.268304	0.991941	1.230843	0.003237	1.209988	0.000011	1.229183	0.000150	
1350073752.834633	0.999999	49.029878	35.728626	6.109076	1.269161	0.999313	1.228145	0.000264	1.230467	0.000041	1.230798	0.000041	1.269161	0.999313	1.227615	0.000216	1.230950	0.000045	1.230800	0.000037	1350073752.834805	1.000006	47.909123	34.852194	2.770308	1.268154	0.991288	1.230715	0.006176	1.230268	0.000060	1.232863	0.000066	1.268155	0.991279	1.229384	0.000305	1.234444	0.000056	1.231434	0.000283	
1350073753.834634	1.000001	48.937102	35.660214	6.109064	1.269164	0.999331	1.229201	0.000239	1.213791	0.000017	1.213704	0.000018	1.269164	0.999329	1.234434	0.000179	1.230723	0.000009	1.231441	0.000010	1350073753.834810	1.000005	47.954319	34.882623	2.716753	1.268217	0.991444	1.230706	0.006110	1.224122	0.000040	1.211480	0.000018	1.268202	0.991437	1.233369	0.000235	1.229699	0.000010	1.230797	0.000162	
1350073754.834633	0.999999	48.972703	35.684131	6.115210	1.269040	0.998971	1.229007	0.000407	1.213016	0.000071	1.230451	0.001691	1.269039	0.998969	1.225464	0.000220	1.217862	0.000061	1.217593	0.000057	1350073754.834807	0.999997	48.067242	34.999956	2.734582	1.268605	0.994736	1.230269	0.002758	1.216020	0.000083	1.230646	0.000079	1.268619	0.994725	1.228859	0.000331	1.228463	0.000964	1.230800	0.000232	
1350073755.834634	1.000001	48.841857	35.552960	6.109079	1.269049	0.998789	1.231204	0.000615	1.227334	0.000081	1.231312	0.000413	1.269049	0.998789	1.234379	0.000178	1.231528	0.000010	1.229365	0.000011	1350073755.834803	0.999996	47.882183	34.819538	2.721828	1.269140	0.999204	1.231569	0.000352	1.222060	0.000057	1.213183	0.000022	1.269125	0.999200	1.232503	0.000297	1.320083	0.000013	1.230816	0.000496	
1350073756.834633	0.999999	48.953248	35.665241	6.127554	1.269164	0.999333	1.227837	0.000268	1.230785	0.000036	1.231063	0.000035	1.269164	0.999333	1.227344	0.000197	1.230225	0.000035	1.230747	0.000039	1350073756.834809	1.000006	47.952580	34.896398	2.716537	1.269129	0.999181	1.228832	0.000307	1.235408	0.000040	1.229156	0.000036	1.269144	0.999180	1.228576	0.000251	1.230665	0.000146	1.230779	0.000173	
1350073757.834634	1.000001	48.967818	35.679470	6.133737	1.269164	0.999331	1.232374	0.000239	1.214735	0.000017	1.214834	0.000016	1.269164	0.999321	1.230794	0.000174	1.231974	0.000009	1.220064	0.000010	1350073757.834815	1.000006	47.956227	34.899389	2.716750	1.269168	0.999245	1.231236	0.000294	1.223156	0.000042	1.221243	0.000017	1.269154	0.999244	1.233281	0.000234	1.229643	0.000011	1.230014	0.000160	
1350073758.834633	0.999999	48.994279	35.707966	6.115240	1.269104	0.998794	1.229398	0.000418	1.230773	0.000078	1.230784	0.000160	1.269104	0.998793	1.230675	0.000234	1.230541	0.000074	1.228756	0.000052	1350073758.834810	0.999995	47.944286	34.886970	2.712813	1.269115	0.998925	1.229884	0.000471	1.231277	0.000102	1.231898	0.000085	1.269115	0.998924	1.228690	0.000290	1.230817	0.000153	1.231436	0.000174	
1350073759.834634	1.000001	48.973983	35.686474	6.121393	1.269153	0.999256	1.227437	0.000331	1.214400	0.000047	1.218567	0.000065	1.269153	0.999254	1.230758	0.000159	1.231177	0.000009	1.228585	0.000010	1350073759.834808	0.999998	47.982483	34.919744	2.713582	1.269145	0.999202	1.229905	0.000379	1.226504	0.000073	1.219019	0.000036	1.269145	0.999202	1.232452	0.000238	1.212349	0.000011	1.229356	0.000152	
1350073760.834633	0.999999	49.632112	36.348118	6.109076	1.235165	0.998717	1.231032	0.000558	1.231374	0.000038	1.230360	0.000035	1.235162	0.998704	1.230708	0.000224	1.230098	0.000827	1.231201	0.000045	1350073760.834925	1.000117	48.138331	35.086942	2.821325	1.268859	0.996198	1.230799	0.000343	1.232807	0.000031	1.231694	0.000048	1.268859	0.996202	1.228817	0.000291	1.231315	0.000293	1.230864	0.002471	
1350073761.834634	1.000001	48.956542	35.672985	6.115229	1.269159	0.999315	1.229519	0.000227	1.211823	0.000018	1.213779	0.000018	1.269163	0.999330	1.234318	0.000180	1.290771	0.000009	1.229933	0.000010	1350073761.834808	0.999883	47.948270	34.896236	2.706341	1.268742	0.995169	1.229844	0.000302	1.223927	0.000049	1.216594	0.000018	1.268741	0.995164	1.233254	0.000249	1.232286	0.000010	1.230705	0.003326	
1350073762.834633	0.999999	48.955506	35.670810	6.127569	1.268775	0.995709	1.230788	0.000234	1.218592	0.000042	1.216304	0.000039	1.268775	0.995708	1.230606	0.003447	1.217545	0.000038	1.217417	0.000037	1350073762.834810	1.000002	47.954269	34.902247	2.928766	1.268995	0.997600	1.230568	0.000353	1.230202	0.000040	1.229652	0.000050	1.268995	0.997588	1.230073	0.000949	1.230720	0.000049	1.230985	0.000976	
1350073763.834634	1.000001	49.123977	35.839169	6.114038	1.266042	0.998982	1.176243	0.003368	1.160381	0.002257	1.158921	0.002151	1.266042	0.998981	1.162875	0.002256	1.159700	0.002211	1.157711	0.002131	1350073763.834805	0.999995	48.065640	35.012535	2.718855	1.266081	0.995544	1.182293	0.003594	1.157309	0.002324	1.157090	0.002340	1.266096	0.995542	1.164532	0.002532	1.155858	0.002230	1.194048	0.005851	
1350073764.834633	0.999999	48.998612	35.718082	6.109076	1.267907	0.997714	1.230968	0.000249	1.231530	0.000036	1.230759	0.002711	1.267907	0.997712	1.227498	0.000203	1.231584	0.000028	1.230608	0.000033	1350073764.834804	0.999999	48.550141	35.492069	2.887164	1.240001	0.998291	1.230560	0.000356	1.231192	0.000067	1.230476	0.001929	1.239997	0.998277	1.230085	0.000324	1.234308	0.000064	1.231677	0.000291	
1350073765.834634	1.000001	48.972045	35.688916	6.109079	1.268879	0.997535	1.230858	0.002053	1.210735	0.000017	1.213681	0.000018	1.268878	0.997533	1.230649	0.000177	1.226959	0.000009	1.230790	0.000010	1350073765.834807	1.000003	47.958851	34.908248	2.782935	1.268954	0.997101	1.230995	0.000310	1.223396	0.000049	1.238804	0.000025	1.268944	0.997110	1.232829	0.000268	1.229293	0.000017	1.230705	0.002185	
1350073766.834633	0.999999	48.948136	35.664295	6.109076	1.268763	0.994997	1.230597	0.004222	1.231490	0.000036	1.230316	0.000038	1.268763	0.994995	1.230753	0.000202	1.231481	0.000037	1.230808	0.000036	1350073766.834804	0.999997	47.970440	34.920854	3.223963	1.269150	0.999269	1.229396	0.000319	1.232918	0.000034	1.232184	0.000043	1.269150	0.999270	1.228449	0.000268	1.230994	0.000060	1.231372	0.000211	
1350073767.834634	1.000001	48.997985	35.714703	6.139887	1.267509	0.989204	1.230788	0.007261	1.230271	0.000669	1.214008	0.000017	1.267509	0.989199	1.230757	0.000171	1.229414	0.000009	1.230738	0.000009	1350073767.834808	1.000004	47.984074	34.935573	3.838089	1.269151	0.999251	1.231479	0.000286	1.221966	0.000035	1.211861	0.000019	1.269151	0.999250	1.233233	0.000263	1.199582	0.000011	1.229698	0.000176	
1350073768.834636	1.000002	715791272.506240	715782540.598929	715796020.885947	0.999988	1.000201	0.999985	1.000203	0.999995	1.000200	0.999988	1.000200	0.999988	1.000203	0.999990	1.000198	0.999988	1.000203	0.999988	1.000201	1350073768.834736	0.999928	715836179.250348	715842933.113199	715864049.156661	0.999988	1.000200	0.999985	1.000203	3.893205	0.256908	0.999988	1.000200	0.999987	1.000203	0.999990	1.000198	0.999988	1.000203	0.999988	1.000201	
1350073769.834634	0.999998	0.000000	0.000000	0.000000	-nan	-nan	-nan	-nan	0.000000	inf	-nan	-nan	-nan	0.000000	-nan	-nan	-nan	-nan	-nan	-nan	1350073769.834703	0.999967	0.000000	0.000000	0.000000	-nan	-nan	-nan	-nan	0.000000	inf	-nan	-nan	-nan	-nan	-nan	-nan	-nan	-nan	-nan	-nan	
