ts_0	elapsed_0	pkg_0	pp0_0	dram_0	freq_ratio_0_0	c0_ratio_0_0	freq_ratio_0_1	c0_ratio_0_1	freq_ratio_0_2	c0_ratio_0_2	freq_ratio_0_3	c0_ratio_0_3	freq_ratio_0_4	c0_ratio_0_4	freq_ratio_0_5	c0_ratio_0_5	freq_ratio_0_6	c0_ratio_0_6	freq_ratio_0_7	c0_ratio_0_7	ts_1	elapsed_1	pkg_1	pp0_1	dram_1	freq_ratio_1_0	c0_ratio_1_0	freq_ratio_1_1	c0_ratio_1_1	freq_ratio_1_2	c0_ratio_1_2	freq_ratio_1_3	c0_ratio_1_3	freq_ratio_1_4	c0_ratio_1_4	freq_ratio_1_5	c0_ratio_1_5	freq_ratio_1_6	c0_ratio_1_6	freq_ratio_1_7	c0_ratio_1_7	
1350072986.716641	1.000096	84.357953	71.154067	6.133123	1.096271	0.997677	1.096271	0.997677	1.096271	0.997675	1.096270	0.997673	1.096270	0.997670	1.096270	0.997667	1.096270	0.997666	1.096269	0.997664	1350072986.716676	1.000090	84.776529	71.651717	2.868288	1.084493	0.998268	1.084493	0.998267	1.084492	0.998266	1.084492	0.998264	1.084491	0.998263	1.084491	0.998263	1.084491	0.998262	1.084490	0.998261	
1350072987.716632	0.999991	79.542255	66.320990	6.096796	1.053361	0.995889	1.053361	0.995888	1.053361	0.995885	1.053361	0.995882	1.053361	0.995880	1.053361	0.995877	1.053361	0.995874	1.053361	0.995871	1350072987.716667	0.999991	79.544651	66.399939	2.745600	1.040799	0.997627	1.040799	0.997626	1.040799	0.997627	1.040799	0.997622	1.040799	0.997621	1.040799	0.997620	1.040799	0.997618	1.040799	0.997617	
1350072988.716632	1.000000	79.531464	66.298660	6.070877	1.052350	0.995937	1.052350	0.995936	1.052350	0.995934	1.052350	0.995930	1.052350	0.995926	1.052351	0.995923	1.052351	0.995921	1.052351	0.995920	1350072988.716664	0.999997	79.546526	66.394539	2.702370	1.040423	0.998141	1.040424	0.998140	1.040423	0.998139	1.040423	0.998137	1.040423	0.998137	1.040423	0.998135	1.040423	0.998134	1.040423	0.998133	
1350072989.716632	1.000000	79.539108	66.307693	6.109055	1.051087	0.995779	1.051087	0.995778	1.051087	0.995775	1.051087	0.995771	1.051087	0.995769	1.051087	0.995765	1.051087	0.995763	1.051087	0.995761	1350072989.716663	0.999999	79.542739	66.381350	2.721408	1.041590	0.997026	1.041590	0.997023	1.041590	0.997022	1.041590	0.997020	1.041590	0.997019	1.041590	0.997017	1.041590	0.997014	1.041590	0.997014	
1350072990.716631	0.999999	79.460708	66.262331	6.109076	1.050639	0.995805	1.050639	0.995802	1.050639	0.995799	1.050639	0.995796	1.050638	0.995794	1.050638	0.995791	1.050638	0.995788	1.050638	0.995787	1350072990.716663	1.000000	79.543030	66.378830	2.709610	1.041467	0.997026	1.041468	0.997023	1.041468	0.997022	1.041468	0.997019	1.041467	0.997017	1.041467	0.997015	1.041468	0.997014	1.041467	0.997013	
1350072991.716632	1.000001	79.533356	66.335508	6.102899	1.049962	0.995834	1.049962	0.995830	1.049962	0.995828	1.049962	0.995825	1.049962	0.995823	1.049962	0.995819	1.049962	0.995817	1.049962	0.995815	1350072991.716662	0.999999	79.543716	66.383227	2.715213	1.041241	0.997186	1.041241	0.997184	1.041241	0.997182	1.041241	0.997181	1.041241	0.997179	1.041241	0.997176	1.041241	0.997174	1.041240	0.997172	
1350072992.716631	0.999999	79.540329	66.342333	6.102911	1.049613	0.995845	1.049613	0.995841	1.049614	0.995840	1.049613	0.995836	1.049613	0.995834	1.049613	0.995830	1.049613	0.995829	1.049613	0.995827	1350072992.716661	0.999999	79.546554	66.398089	2.715136	1.041304	0.997186	1.041304	0.997183	1.041304	0.997180	1.041304	0.997178	1.041304	0.997175	1.041304	0.997176	1.041304	0.997173	1.041304	0.997173	
1350072993.716632	1.000001	79.540863	66.338072	6.109049	1.049483	0.995880	1.049483	0.995877	1.049483	0.995874	1.049483	0.995873	1.049483	0.995868	1.049483	0.995867	1.049483	0.995863	1.049482	0.995861	1350072993.716664	1.000003	79.539579	66.400154	2.714606	1.041080	0.997348	1.041080	0.997347	1.041080	0.997347	1.041080	0.997345	1.041080	0.997345	1.041080	0.997343	1.041080	0.997340	1.041080	0.997337	
1350072994.716631	0.999999	79.537109	66.334887	6.121405	1.049050	0.995982	1.049050	0.995980	1.049050	0.995978	1.049050	0.995976	1.049050	0.995972	1.049050	0.995969	1.049050	0.995967	1.049050	0.995964	1350072994.716663	0.999999	79.546752	66.416018	2.706759	1.041218	0.997278	1.041219	0.997277	1.041219	0.997276	1.041218	0.997274	1.041218	0.997273	1.041218	0.997271	1.041219	0.997269	1.041218	0.997267	
1350072995.716632	1.000001	79.541413	66.338606	6.127558	1.048735	0.996100	1.048735	0.996098	1.048735	0.996095	1.048735	0.996092	1.048735	0.996090	1.048735	0.996087	1.048735	0.996086	1.048735	0.996083	1350072995.716664	1.000001	79.541321	66.409177	2.701505	1.041046	0.997393	1.041046	0.997390	1.041046	0.997387	1.041046	0.997386	1.041045	0.997384	1.041045	0.997385	1.041046	0.997383	1.041046	0.997381	
1350072996.716632	1.000000	79.536606	66.333023	6.102905	1.048478	0.996168	1.048478	0.996167	1.048478	0.996164	1.048478	0.996162	1.048478	0.996160	1.048478	0.996156	1.048478	0.996154	1.048478	0.996152	1350072996.716663	0.999999	79.546722	66.414034	2.701541	1.040997	0.997464	1.040997	0.997463	1.040997	0.997462	1.040997	0.997460	1.040997	0.997458	1.040998	0.997457	1.040997	0.997455	1.040997	0.997453	
1350072997.716632	1.000000	79.542892	66.339050	6.121399	1.048220	0.996164	1.048220	0.996161	1.048220	0.996158	1.048221	0.996156	1.048220	0.996154	1.048220	0.996153	1.048220	0.996150	1.048220	0.996147	1350072997.716663	1.000000	79.542297	66.404739	2.695862	1.040743	0.997628	1.040743	0.997628	1.040743	0.997625	1.040743	0.997624	1.040743	0.997623	1.040743	0.997621	1.040743	0.997618	1.040743	0.997617	
1350072998.716632	1.000000	79.539261	66.333450	6.109070	1.048191	0.996233	1.048191	0.996231	1.048191	0.996228	1.048191	0.996225	1.048191	0.996223	1.048191	0.996221	1.048191	0.996219	1.048191	0.996215	1350072998.716663	1.000000	79.547729	66.411346	2.693207	1.040677	0.997737	1.040677	0.997735	1.040677	0.997733	1.040677	0.997733	1.040677	0.997731	1.040677	0.997730	1.040676	0.997728	1.040677	0.997727	
1350072999.716632	1.000000	79.541183	66.331589	6.102905	1.048077	0.996193	1.048077	0.996191	1.048077	0.996189	1.048077	0.996186	1.048077	0.996183	1.048077	0.996180	1.048077	0.996176	1.048077	0.996177	1350072999.716664	1.000001	79.542771	66.404234	2.698850	1.040557	0.997900	1.040557	0.997898	1.040557	0.997897	1.040557	0.997896	1.040557	0.997895	1.040557	0.997894	1.040557	0.997893	1.040557	0.997890	
1350073000.716631	0.999999	79.536727	66.324023	6.121405	1.048079	0.996286	1.048079	0.996284	1.048079	0.996281	1.048079	0.996278	1.048079	0.996277	1.048078	0.996274	1.048078	0.996272	1.048078	0.996270	1350073000.716663	0.999999	79.547302	66.408389	2.704043	1.040472	0.997967	1.040472	0.997966	1.040472	0.997965	1.040472	0.997963	1.040472	0.997962	1.040472	0.997960	1.040471	0.997958	1.040471	0.997956	
1350073001.716632	1.000001	79.537354	66.319364	6.102899	1.053905	0.996169	1.053905	0.996170	1.053905	0.996167	1.053905	0.996165	1.053904	0.996159	1.053905	0.996158	1.053905	0.996155	1.053904	0.996154	1350073001.716663	1.000000	79.538696	66.398773	2.715332	1.047672	0.998291	1.047672	0.998291	1.047672	0.998290	1.047672	0.998289	1.047672	0.998288	1.047672	0.998286	1.047671	0.998285	1.047672	0.998284	
1350073002.716632	1.000000	79.541367	66.324738	6.090576	1.048260	0.996167	1.048260	0.996167	1.048260	0.996164	1.048260	0.996161	1.048260	0.996158	1.048260	0.996155	1.048260	0.996154	1.048260	0.996152	1350073002.716663	1.000000	79.543991	66.400192	2.704254	1.040002	0.998411	1.040002	0.998409	1.040002	0.998410	1.040002	0.998409	1.040002	0.998408	1.040002	0.998407	1.040003	0.998405	1.040002	0.998404	
1350073003.716632	1.000000	79.534714	66.313126	6.090576	1.048963	0.996088	1.048963	0.996084	1.048963	0.996081	1.048963	0.996077	1.048963	0.996075	1.048963	0.996073	1.048963	0.996071	1.048963	0.996068	1350073003.716662	0.999999	79.550140	66.406619	2.706805	1.039989	0.998477	1.039989	0.998474	1.039989	0.998474	1.039989	0.998472	1.039989	0.998472	1.039989	0.998471	1.039989	0.998470	1.039989	0.998470	
1350073004.716632	1.000000	79.537628	66.312164	6.115234	1.049466	0.995889	1.049466	0.995886	1.049466	0.995885	1.049466	0.995882	1.049466	0.995880	1.049466	0.995878	1.049466	0.995875	1.049466	0.995872	1350073004.716662	1.000000	79.462814	66.330322	2.706985	1.039851	0.998620	1.039851	0.998620	1.039851	0.998620	1.039851	0.998617	1.039851	0.998617	1.039851	0.998617	1.039851	0.998616	1.039851	0.998616	
1350073005.716632	1.000000	79.542175	66.316330	6.109070	1.049324	0.995870	1.049324	0.995866	1.049324	0.995864	1.049324	0.995861	1.049323	0.995860	1.049323	0.995856	1.049323	0.995854	1.049323	0.995852	1350073005.716703	1.000041	79.544757	66.398049	2.701412	1.039880	0.998594	1.039880	0.998593	1.039880	0.998593	1.039880	0.998593	1.039880	0.998591	1.039880	0.998589	1.039880	0.998588	1.039880	0.998588	
1350073006.716632	1.000000	79.536072	66.305420	6.109070	1.050451	0.995875	1.050451	0.995873	1.050451	0.995868	1.050451	0.995867	1.050451	0.995865	1.050451	0.995862	1.050451	0.995861	1.050451	0.995858	1350073006.716662	0.999959	79.548337	66.401298	2.704426	1.039868	0.998590	1.039867	0.998590	1.039867	0.998589	1.039867	0.998586	1.039867	0.998584	1.039867	0.998584	1.039868	0.998584	1.039868	0.998585	
1350073007.716631	0.999999	79.535659	66.302981	6.096747	1.051111	0.995816	1.051111	0.995814	1.051111	0.995812	1.051111	0.995809	1.051111	0.995806	1.051111	0.995805	1.051111	0.995802	1.051111	0.995799	1350073007.716662	1.000000	79.548798	66.400787	2.693390	1.039670	0.998776	1.039670	0.998775	1.039670	0.998775	1.039670	0.998774	1.039670	0.998774	1.039670	0.998773	1.039670	0.998771	1.039670	0.998770	
1350073008.716631	1.000000	79.536728	66.302216	6.084412	1.050870	0.995735	1.050870	0.995733	1.050870	0.995730	1.050870	0.995728	1.050869	0.995725	1.050869	0.995724	1.050869	0.995720	1.050869	0.995718	1350073008.716663	1.000001	79.542801	66.391935	2.693296	1.039691	0.998776	1.039691	0.998775	1.039691	0.998775	1.039691	0.998774	1.039691	0.998775	1.039691	0.998775	1.039691	0.998773	1.039691	0.998771	
1350073009.716632	1.000001	79.538727	66.306760	6.115229	1.050620	0.995823	1.050620	0.995820	1.050620	0.995817	1.050620	0.995815	1.050620	0.995812	1.050620	0.995809	1.050620	0.995807	1.050620	0.995805	1350073009.716663	1.000000	79.545212	66.394928	2.707092	1.039731	0.998731	1.039731	0.998730	1.039731	0.998730	1.039731	0.998729	1.039730	0.998728	1.039730	0.998727	1.039731	0.998726	1.039731	0.998726	
1350073010.716631	0.999999	79.538208	66.303438	6.102911	1.050656	0.995695	1.050657	0.995693	1.050656	0.995689	1.050656	0.995687	1.050656	0.995684	1.050656	0.995681	1.050656	0.995681	1.050656	0.995676	1350073010.716662	0.999999	79.549942	66.396792	2.701495	1.039751	0.998727	1.039751	0.998725	1.039751	0.998724	1.039751	0.998723	1.039751	0.998722	1.039751	0.998723	1.039751	0.998722	1.039751	0.998722	
1350073011.716632	1.000001	79.535874	66.299131	6.102854	1.050718	0.995775	1.050718	0.995773	1.050718	0.995770	1.050718	0.995769	1.050718	0.995765	1.050718	0.995763	1.050718	0.995761	1.050718	0.995759	1350073011.716664	1.000002	79.547273	66.394496	2.709635	1.039666	0.998773	1.039666	0.998771	1.039666	0.998771	1.039666	0.998770	1.039665	0.998769	1.039665	0.998769	1.039666	0.998769	1.039666	0.998768	
1350073012.716631	0.999999	79.536224	66.301653	6.102911	1.050352	0.995795	1.050352	0.995791	1.050352	0.995788	1.050352	0.995785	1.050352	0.995782	1.050352	0.995781	1.050352	0.995779	1.050352	0.995776	1350073012.716663	0.999999	79.546875	66.394381	2.693301	1.039554	0.998864	1.039554	0.998863	1.039554	0.998865	1.039554	0.998864	1.039554	0.998862	1.039554	0.998862	1.039554	0.998861	1.039554	0.998859	
1350073013.716632	1.000001	79.461976	66.235594	6.120325	1.050011	0.995904	1.050011	0.995901	1.050011	0.995899	1.050011	0.995894	1.050011	0.995892	1.050011	0.995889	1.050011	0.995887	1.050010	0.995885	1350073013.716665	1.000002	79.544282	66.392940	2.698451	1.039513	0.999041	1.039512	0.999041	1.039512	0.999039	1.039512	0.999038	1.039513	0.999037	1.039513	0.999038	1.039512	0.999038	1.039513	0.999038	
1350073014.716631	0.999999	79.538681	66.297228	6.102911	1.050269	0.995896	1.050269	0.995893	1.050269	0.995890	1.050269	0.995888	1.050269	0.995884	1.050269	0.995883	1.050269	0.995880	1.050269	0.995879	1350073014.716663	0.999998	79.547164	66.395787	2.695684	1.039281	0.999174	1.039281	0.999173	1.039281	0.999172	1.039281	0.999172	1.039281	0.999171	1.039281	0.999171	1.039281	0.999171	1.039281	0.999171	
1350073015.716632	1.000001	79.537369	66.298521	6.127527	1.049692	0.995864	1.049692	0.995861	1.049692	0.995857	1.049692	0.995855	1.049692	0.995851	1.049692	0.995849	1.049692	0.995848	1.049692	0.995846	1350073015.716663	1.000000	79.548294	66.393723	2.693405	1.039275	0.999171	1.039275	0.999171	1.039275	0.999170	1.039276	0.999170	1.039275	0.999170	1.039275	0.999169	1.039275	0.999168	1.039275	0.999168	
1350073016.716631	0.999999	79.534668	66.294329	6.096747	1.049784	0.995955	1.049784	0.995952	1.049784	0.995951	1.049784	0.995948	1.049784	0.995944	1.049784	0.995941	1.049784	0.995939	1.049785	0.995938	1350073016.716662	0.999999	79.546478	66.393237	2.717959	1.039234	0.999242	1.039234	0.999240	1.039234	0.999240	1.039234	0.999240	1.039234	0.999240	1.039234	0.999239	1.039234	0.999239	1.039234	0.999239	
1350073017.716633	1.000002	715777497.857327	715770032.200988	715789604.108375	0.999990	1.000217	0.999988	1.000221	0.999998	1.000217	0.999990	1.000218	0.999990	1.000220	0.999993	1.000215	0.999990	1.000220	0.999990	1.000218	1350073017.717760	1.001098	714981858.991505	714980114.672340	714988179.201635	0.999990	1.000218	0.999988	1.000220	3.893024	0.256925	0.999990	1.000219	0.999990	1.000220	0.999993	1.000216	0.999990	1.000221	0.999990	1.000218	
1350073018.716632	0.999999	0.000000	0.000000	0.000000	-nan	-nan	-nan	-nan	0.000000	inf	-nan	-nan	-nan	0.000000	-nan	-nan	-nan	-nan	-nan	-nan	1350073018.716694	0.998934	0.000000	0.000000	0.000000	-nan	-nan	-nan	-nan	0.000000	inf	-nan	-nan	-nan	-nan	-nan	-nan	-nan	-nan	-nan	-nan	
