ts_0	elapsed_0	pkg_0	pp0_0	dram_0	freq_ratio_0_0	c0_ratio_0_0	freq_ratio_0_1	c0_ratio_0_1	freq_ratio_0_2	c0_ratio_0_2	freq_ratio_0_3	c0_ratio_0_3	freq_ratio_0_4	c0_ratio_0_4	freq_ratio_0_5	c0_ratio_0_5	freq_ratio_0_6	c0_ratio_0_6	freq_ratio_0_7	c0_ratio_0_7	ts_1	elapsed_1	pkg_1	pp0_1	dram_1	freq_ratio_1_0	c0_ratio_1_0	freq_ratio_1_1	c0_ratio_1_1	freq_ratio_1_2	c0_ratio_1_2	freq_ratio_1_3	c0_ratio_1_3	freq_ratio_1_4	c0_ratio_1_4	freq_ratio_1_5	c0_ratio_1_5	freq_ratio_1_6	c0_ratio_1_6	freq_ratio_1_7	c0_ratio_1_7	
1350072986.716407	1.000116	83.823290	70.656210	3.796617	1.078686	0.997599	1.078686	0.997595	1.078686	0.997593	1.078685	0.997593	1.078685	0.997592	1.078685	0.997591	1.078684	0.997590	1.078684	0.997589	1350072986.716444	1.000110	83.289231	70.080386	1.613119	1.101731	0.998869	1.101730	0.998868	1.101730	0.998868	1.101730	0.998867	1.101730	0.998866	1.101729	0.998865	1.101729	0.998865	1.101728	0.998865	
1350072987.716391	0.999984	79.543034	66.361534	3.786041	1.045033	0.996395	1.045033	0.996392	1.045033	0.996389	1.045033	0.996387	1.045033	0.996384	1.045033	0.996381	1.045033	0.996380	1.045033	0.996379	1350072987.716425	0.999981	79.531394	66.296781	1.588577	1.067822	0.997752	1.067823	0.997751	1.067823	0.997750	1.067823	0.997748	1.067822	0.997746	1.067823	0.997747	1.067823	0.997745	1.067823	0.997744	
1350072988.716397	1.000006	79.544585	66.356050	3.801399	1.043960	0.996515	1.043960	0.996515	1.043960	0.996513	1.043960	0.996510	1.043960	0.996507	1.043960	0.996504	1.043960	0.996501	1.043960	0.996500	1350072988.716433	1.000008	79.527599	66.284176	1.582797	1.065972	0.997370	1.065971	0.997369	1.065971	0.997367	1.065971	0.997366	1.065972	0.997364	1.065971	0.997362	1.065971	0.997360	1.065971	0.997359	
1350072989.716391	0.999994	79.542344	66.343489	3.789848	1.042985	0.996427	1.042985	0.996425	1.042985	0.996423	1.042985	0.996420	1.042985	0.996417	1.042984	0.996415	1.042984	0.996412	1.042984	0.996410	1350072989.716425	0.999992	79.529346	66.273334	1.590650	1.063972	0.997070	1.063973	0.997068	1.063973	0.997066	1.063973	0.997065	1.063973	0.997063	1.063973	0.997060	1.063972	0.997059	1.063973	0.997058	
1350072990.716397	1.000006	79.541991	66.333482	3.777520	1.042019	0.996679	1.042019	0.996677	1.042019	0.996674	1.042019	0.996674	1.042019	0.996672	1.042019	0.996671	1.042019	0.996668	1.042019	0.996665	1350072990.716432	1.000007	79.528320	66.268066	1.581181	1.063018	0.996953	1.063019	0.996951	1.063019	0.996951	1.063019	0.996947	1.063019	0.996945	1.063019	0.996946	1.063019	0.996943	1.063019	0.996941	
1350072991.716398	1.000001	79.544373	66.320646	3.773403	1.041439	0.997239	1.041439	0.997238	1.041439	0.997234	1.041439	0.997233	1.041439	0.997231	1.041439	0.997230	1.041439	0.997229	1.041439	0.997227	1350072991.716433	1.000001	79.450577	66.198454	1.586928	1.062309	0.996975	1.062309	0.996973	1.062309	0.996970	1.062309	0.996969	1.062309	0.996969	1.062309	0.996966	1.062310	0.996965	1.062309	0.996962	
1350072992.716397	0.999999	79.463317	66.247881	3.786091	1.040602	0.997832	1.040602	0.997830	1.040602	0.997828	1.040602	0.997827	1.040602	0.997826	1.040602	0.997825	1.040602	0.997824	1.040602	0.997822	1350072992.716432	0.999999	79.536422	66.264147	1.592744	1.062124	0.996845	1.062123	0.996849	1.062123	0.996841	1.062123	0.996838	1.062123	0.996837	1.062122	0.996835	1.062122	0.996834	1.062122	0.996831	
1350072993.716391	0.999994	79.548387	66.313033	3.789665	1.040362	0.998058	1.040362	0.998056	1.040362	0.998054	1.040362	0.998053	1.040362	0.998053	1.040362	0.998052	1.040362	0.998051	1.040362	0.998049	1350072993.716425	0.999993	79.528504	66.251648	1.584545	1.062091	0.997012	1.062091	0.997010	1.062091	0.997009	1.062092	0.997006	1.062092	0.997005	1.062092	0.997003	1.062092	0.997002	1.062092	0.997000	
1350072994.716391	1.000000	79.544449	66.304153	3.801163	1.040022	0.998412	1.040022	0.998410	1.040022	0.998409	1.040022	0.998408	1.040022	0.998406	1.040021	0.998406	1.040022	0.998404	1.040021	0.998404	1350072994.716426	1.000001	79.528290	66.251524	1.586058	1.061978	0.997020	1.061978	0.997017	1.061978	0.997015	1.061979	0.997013	1.061979	0.997012	1.061979	0.997010	1.061979	0.997007	1.061979	0.997006	
1350072995.716391	1.000000	79.546204	66.299438	3.785690	1.039779	0.998637	1.039779	0.998637	1.039779	0.998635	1.039779	0.998635	1.039779	0.998635	1.039779	0.998634	1.039779	0.998633	1.039779	0.998632	1350072995.716424	0.999998	79.530486	66.262349	1.581409	1.062696	0.997069	1.062696	0.997067	1.062697	0.997065	1.062696	0.997063	1.062696	0.997062	1.062697	0.997061	1.062696	0.997060	1.062696	0.997058	
1350072996.716397	1.000006	79.549575	66.298555	3.770638	1.039424	0.999031	1.039425	0.999030	1.039425	0.999030	1.039424	0.999030	1.039424	0.999029	1.039424	0.999029	1.039424	0.999028	1.039424	0.999027	1350072996.716432	1.000008	79.530392	66.272702	1.584246	1.064661	0.997253	1.064661	0.997252	1.064660	0.997250	1.064661	0.997249	1.064661	0.997246	1.064660	0.997246	1.064660	0.997244	1.064661	0.997243	
1350072997.716391	0.999994	79.549256	66.294798	3.778587	1.039189	0.999260	1.039188	0.999260	1.039188	0.999259	1.039189	0.999258	1.039189	0.999259	1.039188	0.999258	1.039188	0.999258	1.039189	0.999257	1350072997.716425	0.999993	79.530213	66.275757	1.587612	1.066502	0.997461	1.066502	0.997460	1.066502	0.997459	1.066502	0.997457	1.066502	0.997455	1.066502	0.997454	1.066502	0.997451	1.066502	0.997451	
1350072998.716398	1.000007	79.541992	66.300445	3.809101	1.039850	0.998590	1.039850	0.998590	1.039851	0.998589	1.039850	0.998588	1.039850	0.998587	1.039850	0.998586	1.039850	0.998585	1.039850	0.998584	1350072998.716433	1.000008	79.526501	66.269406	1.587527	1.066080	0.997379	1.066079	0.997378	1.066079	0.997377	1.066079	0.997376	1.066079	0.997375	1.066079	0.997374	1.066078	0.997373	1.066078	0.997372	
1350072999.716391	0.999993	79.550431	66.317475	3.801433	1.040549	0.997872	1.040549	0.997870	1.040549	0.997870	1.040549	0.997869	1.040549	0.997869	1.040549	0.997867	1.040549	0.997865	1.040548	0.997863	1350072999.716424	0.999991	79.527347	66.269735	1.592239	1.066084	0.997404	1.066084	0.997404	1.066084	0.997401	1.066084	0.997400	1.066085	0.997397	1.066085	0.997396	1.066085	0.997393	1.066085	0.997392	
1350073000.716391	1.000000	79.546860	66.315567	3.789551	1.040808	0.997595	1.040808	0.997593	1.040808	0.997592	1.040808	0.997591	1.040808	0.997589	1.040808	0.997589	1.040808	0.997587	1.040807	0.997585	1350073000.716426	1.000002	79.534913	66.275295	1.592282	1.066150	0.997389	1.066150	0.997388	1.066150	0.997386	1.066150	0.997384	1.066150	0.997380	1.066150	0.997379	1.066150	0.997379	1.066150	0.997377	
1350073001.716391	1.000000	79.541458	66.310608	3.797562	1.042627	0.997855	1.042627	0.997854	1.042627	0.997853	1.042627	0.997851	1.042627	0.997850	1.042627	0.997848	1.042627	0.997848	1.042627	0.997845	1350073001.716425	0.999999	79.508941	66.238466	1.590700	1.081483	0.996545	1.081483	0.996544	1.081483	0.996541	1.081483	0.996539	1.081483	0.996536	1.081483	0.996534	1.081484	0.996532	1.081483	0.996529	
1350073002.716391	1.000000	79.549713	66.317139	3.785843	1.040471	0.998017	1.040471	0.998016	1.040471	0.998015	1.040471	0.998013	1.040471	0.998011	1.040471	0.998010	1.040471	0.998008	1.040471	0.998008	1350073002.716426	1.000001	79.529221	66.260053	1.591109	1.065300	0.997297	1.065300	0.997295	1.065301	0.997293	1.065300	0.997291	1.065300	0.997289	1.065300	0.997287	1.065300	0.997285	1.065300	0.997284	
1350073003.716396	1.000005	79.547530	66.312199	3.790127	1.040022	0.998410	1.040022	0.998410	1.040022	0.998408	1.040022	0.998407	1.040022	0.998406	1.040022	0.998405	1.040022	0.998404	1.040022	0.998403	1350073003.716431	1.000005	79.531996	66.264027	1.589393	1.065135	0.997233	1.065135	0.997231	1.065135	0.997230	1.065135	0.997228	1.065135	0.997228	1.065135	0.997227	1.065135	0.997227	1.065135	0.997224	
1350073004.716391	0.999995	79.546175	66.307720	3.782520	1.039912	0.998547	1.039912	0.998546	1.039912	0.998545	1.039912	0.998544	1.039912	0.998543	1.039912	0.998543	1.039912	0.998542	1.039912	0.998540	1350073004.716425	0.999994	79.532914	66.256132	1.591013	1.064113	0.997129	1.064112	0.997128	1.064112	0.997126	1.064112	0.997122	1.064112	0.997121	1.064112	0.997119	1.064112	0.997117	1.064111	0.997115	
1350073005.716397	1.000006	79.545684	66.305742	3.774559	1.040099	0.998336	1.040099	0.998335	1.040099	0.998333	1.040099	0.998332	1.040099	0.998331	1.040099	0.998331	1.040099	0.998330	1.040099	0.998328	1350073005.716449	1.000024	79.445200	66.183511	1.591270	1.063535	0.997087	1.063536	0.997084	1.063536	0.997082	1.063536	0.997082	1.063536	0.997080	1.063536	0.997077	1.063536	0.997075	1.063537	0.997072	
1350073006.716391	0.999994	79.548814	66.304076	3.781929	1.040024	0.998429	1.040024	0.998428	1.040024	0.998428	1.040024	0.998427	1.040024	0.998426	1.040024	0.998426	1.040024	0.998424	1.040024	0.998423	1350073006.716426	0.999977	79.533879	66.261603	1.587729	1.063230	0.996971	1.063230	0.996970	1.063230	0.996967	1.063230	0.996967	1.063230	0.996964	1.063230	0.996962	1.063230	0.996960	1.063230	0.996957	
1350073007.716397	1.000006	79.545836	66.300295	3.793862	1.039974	0.998478	1.039974	0.998478	1.039974	0.998476	1.039974	0.998475	1.039974	0.998473	1.039974	0.998472	1.039974	0.998472	1.039974	0.998471	1350073007.716431	1.000005	79.529585	66.248844	1.583000	1.063121	0.996999	1.063122	0.996998	1.063122	0.996995	1.063122	0.996993	1.063122	0.996991	1.063121	0.996991	1.063122	0.996994	1.063122	0.996988	
1350073008.716391	0.999994	79.544191	66.296049	3.778419	1.039955	0.998521	1.039955	0.998521	1.039955	0.998520	1.039955	0.998519	1.039955	0.998518	1.039955	0.998516	1.039955	0.998516	1.039955	0.998516	1350073008.716426	0.999995	79.526414	66.245357	1.589196	1.062593	0.996996	1.062593	0.996993	1.062593	0.996991	1.062593	0.996991	1.062593	0.996990	1.062593	0.996990	1.062593	0.996986	1.062593	0.996984	
1350073009.716391	1.000000	79.471924	66.232849	3.778214	1.039895	0.998592	1.039895	0.998592	1.039895	0.998592	1.039895	0.998591	1.039895	0.998589	1.039894	0.998587	1.039895	0.998585	1.039895	0.998585	1350073009.716424	0.999998	79.534896	66.252034	1.589420	1.062904	0.996881	1.062904	0.996879	1.062904	0.996876	1.062904	0.996875	1.062904	0.996873	1.062904	0.996870	1.062904	0.996870	1.062904	0.996866	
1350073010.716391	1.000000	79.544281	66.286697	3.782150	1.039752	0.998727	1.039752	0.998726	1.039752	0.998726	1.039752	0.998725	1.039752	0.998725	1.039752	0.998725	1.039752	0.998723	1.039752	0.998722	1350073010.716426	1.000002	79.529298	66.242351	1.587735	1.062256	0.996889	1.062256	0.996886	1.062256	0.996883	1.062256	0.996880	1.062256	0.996879	1.062256	0.996878	1.062256	0.996876	1.062256	0.996873	
1350073011.716398	1.000007	79.545425	66.279876	3.789921	1.039606	0.998848	1.039606	0.998847	1.039606	0.998848	1.039606	0.998847	1.039606	0.998846	1.039606	0.998844	1.039606	0.998843	1.039606	0.998843	1350073011.716431	1.000005	79.525404	66.239796	1.587394	1.061981	0.996882	1.061981	0.996880	1.061981	0.996878	1.061981	0.996875	1.061981	0.996874	1.061981	0.996871	1.061981	0.996869	1.061981	0.996868	
1350073012.716391	0.999993	79.548798	66.279603	3.789638	1.039575	0.998871	1.039575	0.998870	1.039575	0.998870	1.039575	0.998870	1.039575	0.998869	1.039575	0.998867	1.039575	0.998867	1.039575	0.998866	1350073012.716426	0.999995	79.536211	66.248867	1.587975	1.062000	0.996853	1.061999	0.996852	1.062000	0.996848	1.061999	0.996848	1.061999	0.996845	1.061998	0.996843	1.061998	0.996844	1.061998	0.996841	
1350073013.716391	1.000000	79.547638	66.274628	3.789719	1.039402	0.999053	1.039402	0.999052	1.039402	0.999052	1.039402	0.999051	1.039402	0.999051	1.039402	0.999050	1.039402	0.999050	1.039402	0.999049	1350073013.716425	0.999999	79.530899	66.243395	1.589143	1.062229	0.996898	1.062230	0.996896	1.062230	0.996894	1.062230	0.996892	1.062230	0.996890	1.062231	0.996889	1.062231	0.996887	1.062231	0.996883	
1350073014.716391	1.000000	79.548920	66.275497	3.778412	1.039190	0.999262	1.039190	0.999262	1.039190	0.999262	1.039190	0.999262	1.039189	0.999262	1.039189	0.999261	1.039190	0.999260	1.039190	0.999259	1350073014.716426	1.000001	79.531205	66.243253	1.591002	1.061803	0.996746	1.061803	0.996742	1.061803	0.996740	1.061803	0.996738	1.061803	0.996736	1.061803	0.996735	1.061804	0.996733	1.061804	0.996731	
1350073015.716396	1.000005	79.544081	66.266605	3.793469	1.039184	0.999262	1.039184	0.999262	1.039184	0.999262	1.039184	0.999260	1.039184	0.999260	1.039184	0.999259	1.039184	0.999259	1.039184	0.999259	1350073015.716430	1.000004	79.527861	66.241385	1.592401	1.061932	0.996877	1.061933	0.996874	1.061933	0.996873	1.061933	0.996870	1.061932	0.996868	1.061932	0.996866	1.061933	0.996865	1.061933	0.996863	
1350073016.716398	1.000002	79.554078	66.273891	3.769951	1.039061	0.999503	1.039061	0.999503	1.039061	0.999502	1.039061	0.999502	1.039061	0.999502	1.039061	0.999502	1.039061	0.999501	1.039061	0.999501	1350073016.716433	1.000003	79.532316	66.243355	1.590083	1.062299	0.996951	1.062299	0.996950	1.062299	0.996947	1.062299	0.996944	1.062299	0.996943	1.062299	0.996941	1.062298	0.996942	1.062299	0.996939	
1350073017.716406	1.000008	715800493.650173	715769336.842709	715769742.261542	0.999990	1.000220	0.999988	1.000225	0.999998	1.000221	0.999991	1.000221	0.999991	1.000224	0.999993	1.000218	0.999991	1.000223	0.999991	1.000221	1350073017.717555	1.001122	714987850.750023	715017141.463497	714976522.239991	0.999991	1.000221	0.999988	1.000223	3.892984	0.256929	0.999991	1.000222	0.999990	1.000223	0.999993	1.000219	0.999991	1.000224	0.999991	1.000222	
1350073018.716391	0.999985	0.000000	0.000000	0.000000	-nan	-nan	-nan	-nan	2304455726866.120605	inf	-nan	-nan	-nan	0.000000	-nan	-nan	-nan	-nan	-nan	-nan	1350073018.716461	0.998906	0.000000	0.000000	0.000000	-nan	-nan	-nan	-nan	1.345745	inf	-nan	-nan	-nan	-nan	-nan	-nan	-nan	-nan	-nan	-nan	
