ts_0	elapsed_0	pkg_0	pp0_0	dram_0	freq_ratio_0_0	c0_ratio_0_0	freq_ratio_0_1	c0_ratio_0_1	freq_ratio_0_2	c0_ratio_0_2	freq_ratio_0_3	c0_ratio_0_3	freq_ratio_0_4	c0_ratio_0_4	freq_ratio_0_5	c0_ratio_0_5	freq_ratio_0_6	c0_ratio_0_6	freq_ratio_0_7	c0_ratio_0_7	ts_1	elapsed_1	pkg_1	pp0_1	dram_1	freq_ratio_1_0	c0_ratio_1_0	freq_ratio_1_1	c0_ratio_1_1	freq_ratio_1_2	c0_ratio_1_2	freq_ratio_1_3	c0_ratio_1_3	freq_ratio_1_4	c0_ratio_1_4	freq_ratio_1_5	c0_ratio_1_5	freq_ratio_1_6	c0_ratio_1_6	freq_ratio_1_7	c0_ratio_1_7	
1350072986.714390	1.000105	84.241041	70.930975	3.817364	1.100080	0.997934	1.100080	0.997932	1.100080	0.997931	1.100084	0.997930	1.100079	0.997929	1.100079	0.997928	1.100078	0.997927	1.100078	0.997925	1350072986.714432	1.000100	84.289843	71.040206	1.814745	1.099273	0.997968	1.099273	0.997966	1.099272	0.997966	1.099272	0.997964	1.099272	0.997963	1.099272	0.997961	1.099271	0.997960	1.099271	0.997960	
1350072987.714380	0.999990	79.453127	66.200202	3.797356	1.057315	0.996297	1.057316	0.996296	1.057316	0.996293	1.057316	0.996292	1.057316	0.996289	1.057316	0.996287	1.057316	0.996285	1.057316	0.996282	1350072987.714411	0.999979	79.538458	66.264406	1.618900	1.057505	0.996395	1.057516	0.996390	1.057517	0.996390	1.057516	0.996386	1.057516	0.996386	1.057516	0.996383	1.057515	0.996381	1.057515	0.996378	
1350072988.714381	1.000001	79.532685	66.122129	3.793759	1.058657	0.996395	1.058657	0.996393	1.058657	0.996389	1.058657	0.996387	1.058657	0.996383	1.058657	0.996380	1.058657	0.996379	1.058657	0.996376	1350072988.714412	1.000001	79.531632	66.245954	1.579817	1.055640	0.996005	1.055629	0.996002	1.055629	0.996000	1.055629	0.995997	1.055630	0.995995	1.055629	0.995991	1.055630	0.995990	1.055630	0.995988	
1350072989.714380	0.999999	79.529617	66.173052	3.781956	1.059176	0.996483	1.059176	0.996481	1.059176	0.996478	1.059176	0.996475	1.059176	0.996472	1.059176	0.996471	1.059176	0.996470	1.059176	0.996466	1350072989.714411	0.999999	79.532928	66.232165	1.590288	1.054680	0.996000	1.054680	0.995998	1.054680	0.995996	1.054680	0.995994	1.054680	0.995991	1.054680	0.995988	1.054680	0.995986	1.054680	0.995982	
1350072990.714381	1.000001	79.536362	66.173506	3.777172	1.058232	0.996312	1.058232	0.996310	1.058232	0.996309	1.058232	0.996306	1.058232	0.996305	1.058231	0.996302	1.058231	0.996301	1.058231	0.996298	1350072990.714414	1.000003	79.540861	66.233193	1.588893	1.053685	0.995813	1.053685	0.995812	1.053685	0.995808	1.053685	0.995803	1.053685	0.995801	1.053684	0.995799	1.053684	0.995796	1.053684	0.995795	
1350072991.714380	0.999999	79.528640	66.160982	3.786106	1.057925	0.996412	1.057925	0.996412	1.057925	0.996409	1.057925	0.996406	1.057925	0.996403	1.057926	0.996402	1.057926	0.996399	1.057926	0.996398	1350072991.714411	0.999997	79.534609	66.237617	1.580327	1.052612	0.995991	1.052612	0.995988	1.052612	0.995986	1.052612	0.995983	1.052612	0.995980	1.052612	0.995977	1.052612	0.995977	1.052612	0.995974	
1350072992.714380	1.000000	79.533417	66.161819	3.797623	1.057640	0.996351	1.057640	0.996347	1.057640	0.996344	1.057640	0.996342	1.057640	0.996339	1.057640	0.996339	1.057640	0.996336	1.057640	0.996334	1350072992.714412	1.000001	79.534592	66.252226	1.587935	1.052045	0.995893	1.052045	0.995892	1.052045	0.995889	1.052045	0.995887	1.052045	0.995886	1.052045	0.995877	1.052045	0.995881	1.052045	0.995876	
1350072993.714380	1.000000	79.534256	66.159668	3.801437	1.057364	0.996336	1.057364	0.996334	1.057364	0.996331	1.057364	0.996329	1.057364	0.996326	1.057364	0.996324	1.057364	0.996323	1.057364	0.996320	1350072993.714410	0.999998	79.459456	66.199208	1.590640	1.052115	0.995964	1.052115	0.995960	1.052115	0.995957	1.052115	0.995956	1.052114	0.995953	1.052109	0.995954	1.052114	0.995947	1.052114	0.995946	
1350072994.714380	1.000000	79.533783	66.156403	3.790176	1.057125	0.996330	1.057125	0.996328	1.057125	0.996325	1.057125	0.996324	1.057125	0.996321	1.057125	0.996319	1.057125	0.996318	1.057125	0.996316	1350072994.714412	1.000002	79.532746	66.255519	1.589230	1.051568	0.995741	1.051569	0.995738	1.051569	0.995735	1.051569	0.995732	1.051569	0.995729	1.051575	0.995727	1.051569	0.995724	1.051570	0.995721	
1350072995.714380	1.000000	79.531754	66.148544	3.805603	1.056682	0.996191	1.056682	0.996188	1.056682	0.996184	1.056682	0.996183	1.056682	0.996179	1.056682	0.996176	1.056682	0.996175	1.056682	0.996174	1350072995.714411	0.999999	79.538040	66.259707	1.594270	1.051659	0.995828	1.051653	0.995826	1.051659	0.995822	1.051659	0.995819	1.051659	0.995817	1.051659	0.995813	1.051659	0.995812	1.051659	0.995809	
1350072996.714381	1.000001	79.533783	66.148802	3.801418	1.056806	0.996281	1.056806	0.996279	1.056806	0.996276	1.056807	0.996274	1.056806	0.996272	1.056806	0.996270	1.056807	0.996268	1.056806	0.996266	1350072996.714412	1.000001	79.534913	66.257704	1.587569	1.051472	0.995801	1.051478	0.995799	1.051472	0.995795	1.051472	0.995793	1.051471	0.995790	1.051472	0.995786	1.051472	0.995785	1.051472	0.995784	
1350072997.714380	0.999999	79.533676	66.148867	3.805301	1.056732	0.996219	1.056732	0.996217	1.056733	0.996214	1.056732	0.996214	1.056732	0.996210	1.056732	0.996209	1.056732	0.996206	1.056732	0.996203	1350072997.714411	0.999999	79.537506	66.257677	1.589326	1.051141	0.995791	1.051141	0.995788	1.051141	0.995785	1.051141	0.995782	1.051141	0.995779	1.051141	0.995778	1.051141	0.995776	1.051141	0.995774	
1350072998.714380	1.000000	79.534454	66.161438	3.797684	1.056409	0.996220	1.056409	0.996217	1.056409	0.996215	1.056409	0.996212	1.056409	0.996209	1.056409	0.996208	1.056409	0.996205	1.056409	0.996202	1350072998.714412	1.000001	79.541764	66.261762	1.587874	1.050580	0.995812	1.050574	0.995809	1.050579	0.995807	1.050579	0.995804	1.050579	0.995801	1.050579	0.995799	1.050579	0.995796	1.050578	0.995794	
1350072999.714380	1.000000	79.534058	66.172974	3.801239	1.055757	0.996123	1.055757	0.996120	1.055757	0.996119	1.055757	0.996116	1.055757	0.996115	1.055757	0.996113	1.055757	0.996111	1.055757	0.996108	1350072999.714411	0.999999	79.533889	66.254717	1.592836	1.050285	0.995808	1.050291	0.995805	1.050285	0.995803	1.050286	0.995800	1.050286	0.995797	1.050286	0.995794	1.050286	0.995791	1.050286	0.995789	
1350073000.714381	1.000001	79.457840	66.113172	3.805172	1.055655	0.996079	1.055655	0.996076	1.055655	0.996073	1.055655	0.996070	1.055654	0.996069	1.055654	0.996068	1.055654	0.996067	1.055654	0.996064	1350073000.714414	1.000003	79.538435	66.257622	1.586131	1.050161	0.995899	1.050161	0.995897	1.050161	0.995895	1.050160	0.995891	1.050160	0.995891	1.050160	0.995889	1.050160	0.995887	1.050159	0.995885	
1350073001.714380	0.999999	79.529235	66.172198	3.782306	1.061980	0.996237	1.061980	0.996234	1.061980	0.996231	1.061980	0.996230	1.061980	0.996228	1.061980	0.996227	1.061980	0.996223	1.061980	0.996222	1350073001.714412	0.999998	79.530517	66.245427	1.587848	1.061241	0.996383	1.061241	0.996381	1.061241	0.996379	1.061240	0.996376	1.061241	0.996374	1.061240	0.996372	1.061241	0.996370	1.061240	0.996367	
1350073002.714380	1.000000	79.533691	66.176453	3.793823	1.054155	0.996026	1.054155	0.996025	1.054155	0.996022	1.054155	0.996021	1.054155	0.996018	1.054155	0.996015	1.054155	0.996013	1.054155	0.996010	1350073002.714413	1.000001	79.534775	66.247724	1.584593	1.048826	0.996125	1.048826	0.996121	1.048826	0.996118	1.048826	0.996116	1.048826	0.996115	1.048826	0.996113	1.048826	0.996111	1.048820	0.996110	
1350073003.714380	1.000000	79.537781	66.178543	3.805252	1.054286	0.996006	1.054286	0.996002	1.054286	0.995999	1.054286	0.995996	1.054286	0.995993	1.054286	0.995992	1.054286	0.995991	1.054286	0.995988	1350073003.714412	0.999999	79.543182	66.253512	1.584627	1.048788	0.996103	1.048787	0.996100	1.048787	0.996097	1.048787	0.996095	1.048787	0.996092	1.048787	0.996090	1.048787	0.996087	1.048793	0.996085	
1350073004.714380	1.000000	79.533951	66.176910	3.790039	1.053537	0.996001	1.053538	0.996001	1.053538	0.995998	1.053537	0.995996	1.053537	0.995992	1.053537	0.995988	1.053537	0.995986	1.053537	0.995983	1350073004.714413	1.000001	79.536896	66.247541	1.587691	1.048818	0.996113	1.048818	0.996111	1.048819	0.996108	1.048819	0.996106	1.048819	0.996103	1.048819	0.996099	1.048819	0.996099	1.048820	0.996096	
1350073005.714380	1.000000	79.536087	66.170395	3.789734	1.052653	0.995961	1.052653	0.995958	1.052653	0.995954	1.052653	0.995952	1.052653	0.995949	1.052653	0.995946	1.052653	0.995945	1.052653	0.995942	1350073005.714428	1.000015	79.541194	66.250348	1.589286	1.048675	0.996133	1.048675	0.996125	1.048675	0.996123	1.048674	0.996121	1.048674	0.996119	1.048674	0.996117	1.048674	0.996114	1.048673	0.996112	
1350073006.714380	1.000000	79.536484	66.169662	3.778290	1.052639	0.995943	1.052639	0.995941	1.052639	0.995937	1.052639	0.995935	1.052639	0.995932	1.052639	0.995928	1.052639	0.995926	1.052639	0.995924	1350073006.714413	0.999985	79.537724	66.245441	1.584359	1.048568	0.996197	1.048568	0.996196	1.048568	0.996192	1.048568	0.996190	1.048568	0.996188	1.048569	0.996186	1.048568	0.996184	1.048568	0.996182	
1350073007.714380	1.000000	79.536285	66.168579	3.793884	1.052499	0.995977	1.052499	0.995973	1.052500	0.995969	1.052500	0.995967	1.052499	0.995965	1.052499	0.995963	1.052499	0.995961	1.052499	0.995959	1350073007.714413	1.000000	79.460236	66.181107	1.587494	1.048277	0.996176	1.048277	0.996174	1.048277	0.996173	1.048277	0.996170	1.048277	0.996168	1.048276	0.996165	1.048276	0.996162	1.048276	0.996158	
1350073008.714380	1.000000	79.532227	66.161133	3.797638	1.052431	0.995913	1.052431	0.995910	1.052431	0.995907	1.052431	0.995906	1.052431	0.995903	1.052431	0.995901	1.052430	0.995897	1.052430	0.995895	1350073008.714413	1.000000	79.538483	66.244141	1.581360	1.048513	0.996139	1.048513	0.996136	1.048513	0.996135	1.048513	0.996131	1.048513	0.996118	1.048512	0.996127	1.048512	0.996124	1.048513	0.996124	
1350073009.714380	1.000000	79.538666	66.168869	3.778503	1.052090	0.995882	1.052090	0.995880	1.052090	0.995877	1.052090	0.995874	1.052090	0.995870	1.052090	0.995868	1.052091	0.995865	1.052091	0.995864	1350073009.714410	0.999997	79.542193	66.246620	1.582936	1.048831	0.996080	1.048830	0.996077	1.048830	0.996075	1.048830	0.996074	1.048830	0.996081	1.048831	0.996068	1.048830	0.996065	1.048831	0.996062	
1350073010.714381	1.000001	79.534989	66.161741	3.793713	1.052066	0.995898	1.052066	0.995894	1.052065	0.995891	1.052065	0.995889	1.052065	0.995887	1.052065	0.995883	1.052065	0.995881	1.052065	0.995879	1350073010.714413	1.000003	79.538557	66.241463	1.592341	1.049276	0.996048	1.049276	0.996046	1.049276	0.996044	1.049276	0.996042	1.049276	0.996038	1.049276	0.996037	1.049276	0.996035	1.049276	0.996033	
1350073011.714381	1.000000	79.539673	66.166656	3.790039	1.051510	0.995964	1.051510	0.995962	1.051510	0.995959	1.051510	0.995958	1.051510	0.995955	1.051510	0.995950	1.051510	0.995947	1.051510	0.995947	1350073011.714415	1.000002	79.535371	66.238399	1.586102	1.049024	0.996063	1.049024	0.996061	1.049024	0.996058	1.049024	0.996057	1.049024	0.996054	1.049024	0.996053	1.049025	0.996050	1.049024	0.996047	
1350073012.714380	0.999999	79.537246	66.162645	3.793827	1.051267	0.995800	1.051267	0.995797	1.051267	0.995793	1.051267	0.995792	1.051267	0.995788	1.051267	0.995787	1.051267	0.995785	1.051267	0.995783	1350073012.714413	0.999998	79.544646	66.247197	1.587756	1.048939	0.996042	1.048938	0.996040	1.048938	0.996036	1.048938	0.996036	1.048932	0.996033	1.048938	0.996031	1.048937	0.996028	1.048937	0.996027	
1350073013.714380	1.000000	79.457687	66.094391	3.793900	1.051333	0.995842	1.051333	0.995839	1.051333	0.995836	1.051333	0.995833	1.051333	0.995834	1.051333	0.995831	1.051333	0.995827	1.051333	0.995823	1350073013.714412	0.999999	79.537674	66.240374	1.586244	1.048431	0.996095	1.048431	0.996094	1.048431	0.996091	1.048431	0.996087	1.048436	0.996085	1.048430	0.996084	1.048431	0.996081	1.048430	0.996078	
1350073014.714380	1.000000	79.537155	66.157455	3.797470	1.050818	0.995757	1.050818	0.995754	1.050818	0.995752	1.050818	0.995749	1.050818	0.995745	1.050818	0.995743	1.050818	0.995740	1.050818	0.995739	1350073014.714413	1.000001	79.540146	66.241514	1.591109	1.048581	0.996123	1.048581	0.996120	1.048581	0.996117	1.048582	0.996114	1.048581	0.996112	1.048581	0.996106	1.048581	0.996109	1.048581	0.996106	
1350073015.714381	1.000001	79.534485	66.154692	3.800564	1.051476	0.995879	1.051476	0.995876	1.051476	0.995872	1.051476	0.995870	1.051476	0.995869	1.051476	0.995866	1.051476	0.995864	1.051476	0.995861	1350073015.714413	1.000000	79.536652	66.233475	1.588852	1.048576	0.996168	1.048576	0.996164	1.048577	0.996162	1.048577	0.996160	1.048577	0.996157	1.048577	0.996162	1.048577	0.996154	1.048577	0.996151	
1350073016.714380	0.999999	79.539321	66.160677	3.782032	1.050911	0.995867	1.050911	0.995866	1.050911	0.995863	1.050911	0.995860	1.050911	0.995857	1.050911	0.995855	1.050911	0.995853	1.050911	0.995849	1350073016.714413	1.000000	79.541229	66.239532	1.589157	1.047968	0.996243	1.047968	0.996238	1.047968	0.996235	1.047968	0.996233	1.047967	0.996233	1.047968	0.996225	1.047967	0.996228	1.047967	0.996226	
1350073017.714382	1.000002	715784325.265249	715767549.273397	715807656.714217	0.999984	1.000177	0.999981	1.000180	0.999984	1.000188	0.999982	1.000171	0.999984	1.000179	0.999986	1.000175	0.999984	1.000182	0.999983	1.000176	1350073017.715576	1.001163	714962709.309430	714941519.743028	714941816.710855	0.999983	1.000175	0.999981	1.000180	3.893431	0.256887	0.999983	1.000176	0.999984	1.000181	0.999986	1.000175	0.999983	1.000178	0.999984	1.000181	
1350073018.714381	0.999999	0.000000	0.000000	0.000000	-nan	-nan	-nan	-nan	1.000008	inf	-nan	-nan	-nan	0.000000	-nan	-nan	-nan	-nan	-nan	-nan	1350073018.715541	0.999965	0.000000	0.000000	0.000000	-nan	-nan	-nan	-nan	1.345745	inf	-nan	-nan	-nan	-nan	-nan	-nan	-nan	-nan	-nan	-nan	
