ts_0	elapsed_0	pkg_0	pp0_0	dram_0	freq_ratio_0_0	c0_ratio_0_0	freq_ratio_0_1	c0_ratio_0_1	freq_ratio_0_2	c0_ratio_0_2	freq_ratio_0_3	c0_ratio_0_3	freq_ratio_0_4	c0_ratio_0_4	freq_ratio_0_5	c0_ratio_0_5	freq_ratio_0_6	c0_ratio_0_6	freq_ratio_0_7	c0_ratio_0_7	ts_1	elapsed_1	pkg_1	pp0_1	dram_1	freq_ratio_1_0	c0_ratio_1_0	freq_ratio_1_1	c0_ratio_1_1	freq_ratio_1_2	c0_ratio_1_2	freq_ratio_1_3	c0_ratio_1_3	freq_ratio_1_4	c0_ratio_1_4	freq_ratio_1_5	c0_ratio_1_5	freq_ratio_1_6	c0_ratio_1_6	freq_ratio_1_7	c0_ratio_1_7	
1349418631.615372	1.001428	48.248215	34.249832	0.000000	1.230492	0.001680	1.268776	0.988358	1.268864	0.988182	1.212764	0.000057	1.226813	0.000359	1.214652	0.000054	1.210263	0.000043	1.230521	0.006501	1349418631.615588	1.000748	65.182267	51.081424	0.000000	1.230769	0.992395	1.230759	0.992095	1.230758	0.992099	1.214510	0.000040	1.255140	0.000034	1.208055	0.000169	1.256349	0.000033	1.230768	0.992990	
1349418632.615295	0.999923	48.817282	34.744695	0.000000	1.230312	0.003059	1.268705	0.995707	1.268703	0.995718	1.225497	0.000068	1.229567	0.000270	1.230342	0.000054	1.229788	0.000087	1.204236	0.000007	1349418632.615610	1.000022	65.723717	51.536254	0.000000	1.230749	0.999657	1.230749	0.999622	1.230749	0.999643	1.188820	0.000074	1.191838	0.000068	1.192234	0.000079	1.188514	0.000051	1.230749	0.999867	
1349418633.615291	0.999996	48.827056	34.757877	0.000000	1.230735	0.002692	1.268610	0.996088	1.268610	0.996085	1.228633	0.000012	1.230253	0.000267	1.230907	0.000016	1.231587	0.000012	1.232505	0.000089	1349418633.615518	0.999908	65.708531	51.528225	0.000000	1.230753	0.999866	1.230753	0.999820	1.230753	0.999865	1.198410	0.000016	1.193342	0.000013	1.183936	0.000114	1.204274	0.000015	1.230753	0.999860	
1349418634.615289	0.999998	48.802660	34.736532	0.000000	1.230074	0.003031	1.268404	0.995812	1.268404	0.995807	1.227378	0.000125	1.229972	0.000291	1.232460	0.000051	1.231204	0.000073	1.232155	0.000012	1349418634.615516	0.999998	65.728061	51.537025	0.000000	1.230579	0.999548	1.230579	0.999548	1.230579	0.999548	1.194492	0.000076	1.192261	0.000050	1.192615	0.003041	1.192401	0.000077	1.230579	0.999547	
1349418635.615289	1.000000	48.794022	34.727707	0.000000	1.230003	0.002570	1.268618	0.996093	1.268618	0.996081	1.217744	0.000012	1.230709	0.000217	1.233753	0.000013	1.228757	0.000012	1.228855	0.000095	1349418635.615543	1.000027	65.749205	51.554306	0.000000	1.230755	0.999866	1.230755	0.999889	1.230755	0.999846	1.182882	0.000015	1.189944	0.000014	1.192563	0.000061	1.191130	0.000014	1.230756	0.999889	
1349418636.615288	0.999999	48.831254	34.777728	0.000000	1.230890	0.002727	1.268739	0.995900	1.268736	0.995947	1.226940	0.000064	1.229827	0.000341	1.229570	0.000119	1.230511	0.000083	1.232301	0.000014	1349418636.615528	0.999985	65.812481	51.614011	0.000000	1.230750	0.999834	1.230750	0.999867	1.230750	0.999836	1.191008	0.000075	1.192779	0.000063	1.193039	0.000054	1.192552	0.000070	1.230750	0.999868	
1349418637.615293	1.000005	48.780151	34.728021	0.000000	1.230731	0.002455	1.268786	0.995850	1.268785	0.995891	1.232297	0.000014	1.230949	0.000235	1.231600	0.000016	1.234493	0.000014	1.230937	0.000097	1349418637.615524	0.999996	65.760368	51.565440	0.000000	1.230756	0.999848	1.230756	0.999882	1.230756	0.999887	1.202215	0.000015	1.190462	0.000015	1.191782	0.000060	1.191458	0.000020	1.230756	0.999890	
1349418638.615295	1.000002	48.827742	34.780650	0.000000	1.229994	0.003076	1.268589	0.995563	1.268589	0.995562	1.226210	0.000317	1.223809	0.000594	1.217630	0.000109	1.224375	0.000120	1.228724	0.000013	1349418638.615534	1.000010	65.844327	51.645418	0.000000	1.230713	0.999666	1.230713	0.999657	1.230712	0.999663	1.191503	0.000233	1.192604	0.000185	1.190372	0.000414	1.185167	0.000099	1.230712	0.999666	
1349418639.615288	0.999993	48.840715	34.778500	0.000000	1.230724	0.002513	1.268714	0.995648	1.268714	0.995669	1.231956	0.000303	1.230915	0.000249	1.250804	0.000032	1.232787	0.000014	1.227023	0.000077	1349418639.615531	0.999997	65.872641	51.674095	0.000000	1.230707	0.999734	1.230707	0.999728	1.230707	0.999721	1.207422	0.000015	1.189857	0.000023	1.193171	0.000972	1.184651	0.000016	1.230707	0.999735	
1349418640.615291	1.000003	48.842012	34.781310	0.000000	1.230293	0.002805	1.268759	0.994986	1.268757	0.994953	1.230002	0.000277	1.229807	0.000326	1.230670	0.000052	1.233076	0.000096	1.262459	0.000023	1349418640.615607	1.000076	65.913535	51.716190	0.000000	1.230709	0.999122	1.230709	0.999096	1.230709	0.999066	1.191767	0.000117	1.192443	0.000097	1.191747	0.000091	1.193359	0.000795	1.230709	0.999713	
1349418641.615290	0.999999	48.816636	34.755481	0.000000	1.230883	0.002701	1.268753	0.995518	1.268753	0.995503	1.223040	0.000312	1.229676	0.000245	1.216193	0.000024	1.216020	0.000024	1.224731	0.000074	1349418641.615526	0.999919	65.893922	51.694788	0.000000	1.230749	0.999857	1.230750	0.999834	1.230749	0.999849	1.173798	0.000043	1.168785	0.000040	1.180240	0.000086	1.163791	0.000025	1.230750	0.999868	
1349418642.615289	0.999999	48.861909	34.795199	0.000000	1.230307	0.002953	1.268693	0.995510	1.268693	0.995519	1.230758	0.000351	1.229677	0.000281	1.228255	0.000052	1.229849	0.000065	1.229410	0.000012	1349418642.615519	0.999993	65.952253	51.748893	0.000000	1.230749	0.999868	1.230750	0.999868	1.230750	0.999868	1.189893	0.000070	1.192203	0.000064	1.192339	0.000067	1.192427	0.000073	1.230749	0.999859	
1349418643.615289	1.000000	48.884766	34.816711	0.000000	1.230709	0.002696	1.268662	0.995554	1.268662	0.995558	1.231366	0.000330	1.230777	0.000268	1.230052	0.000012	1.229766	0.000012	1.231840	0.000065	1349418643.615521	1.000002	65.968365	51.766839	0.000000	1.230753	0.999860	1.230753	0.999866	1.230753	0.999852	1.189350	0.000017	1.190591	0.000013	1.181202	0.000094	1.192072	0.000015	1.230753	0.999866	
1349418644.615290	1.000001	48.884338	34.818784	0.000000	1.229864	0.002881	1.268711	0.995564	1.268710	0.995560	1.226784	0.000645	1.228398	0.000306	1.222782	0.000064	1.225523	0.000087	1.240476	0.000012	1349418644.615516	0.999995	65.937327	51.735260	0.000000	1.230573	0.999539	1.230573	0.999538	1.230573	0.999538	1.191941	0.000079	1.191952	0.000055	1.192642	0.003175	1.192402	0.000146	1.230573	0.999530	
1349418645.615301	1.000011	48.857695	34.803573	0.000000	1.230788	0.002441	1.268240	0.996117	1.268239	0.996112	1.230713	0.000274	1.230005	0.000234	1.234750	0.000007	1.229735	0.000007	1.228994	0.000087	1349418645.615497	0.999981	65.872610	51.683115	0.000000	1.230758	0.999911	1.230758	0.999911	1.230758	0.999911	1.197016	0.000014	1.194007	0.000014	1.192272	0.000054	1.190427	0.000006	1.230758	0.999911	
1349418646.615285	0.999984	715786480.349115	715811927.618847	715839319.570979	0.999970	1.000019	0.999972	1.000039	0.999973	1.000038	0.999972	1.000026	0.999972	1.000030	0.999974	1.000022	0.999971	1.000023	0.999974	1.000037	1349418646.615403	0.999906	715876883.382100	715849814.256729	715895133.705641	0.999974	1.000036	0.999968	1.000023	3.894150	0.256799	0.999971	1.000024	0.999971	1.000026	0.999976	1.000031	0.999971	1.000024	0.999974	1.000035	
1349418647.615399	1.000114	0.000000	0.000000	0.000000	-nan	-nan	-nan	-nan	1.000008	inf	-nan	-nan	-nan	0.000000	-nan	-nan	-nan	-nan	-nan	-nan	1349418647.615463	1.000060	0.000000	0.000000	0.000000	-nan	-nan	-nan	-nan	1.345745	inf	-nan	-nan	-nan	-nan	-nan	-nan	-nan	-nan	-nan	-nan	
