ts_0	elapsed_0	pkg_0	pp0_0	dram_0	freq_ratio_0_0	c0_ratio_0_0	freq_ratio_0_1	c0_ratio_0_1	freq_ratio_0_2	c0_ratio_0_2	freq_ratio_0_3	c0_ratio_0_3	freq_ratio_0_4	c0_ratio_0_4	freq_ratio_0_5	c0_ratio_0_5	freq_ratio_0_6	c0_ratio_0_6	freq_ratio_0_7	c0_ratio_0_7	ts_1	elapsed_1	pkg_1	pp0_1	dram_1	freq_ratio_1_0	c0_ratio_1_0	freq_ratio_1_1	c0_ratio_1_1	freq_ratio_1_2	c0_ratio_1_2	freq_ratio_1_3	c0_ratio_1_3	freq_ratio_1_4	c0_ratio_1_4	freq_ratio_1_5	c0_ratio_1_5	freq_ratio_1_6	c0_ratio_1_6	freq_ratio_1_7	c0_ratio_1_7	
1349418072.674156	1.001136	41.371731	27.453232	0.000000	0.999967	0.997473	0.999981	0.989410	0.999982	0.988934	0.999399	0.001733	0.998855	0.000317	0.994922	0.000118	0.997140	0.000129	0.998152	0.000184	1349418072.674368	1.000474	42.335052	28.605476	0.000000	1.000001	0.990072	0.999981	0.990054	0.995103	0.000058	0.833830	0.000122	1.001480	0.000099	0.881290	0.000161	1.004146	0.000097	0.999942	0.991055	
1349418073.674154	0.999998	41.806446	27.847496	0.000000	1.000000	0.999992	1.000000	0.999991	1.000000	0.999992	1.000005	0.002942	0.999547	0.000160	1.002342	0.000072	0.995790	0.000053	0.999796	0.000295	1349418073.674358	0.999990	42.752839	28.982849	0.000000	1.000000	0.999990	1.000000	1.000000	1.000317	0.000214	0.999791	0.000109	1.000075	0.000072	0.999990	0.001329	0.999913	0.000035	1.000000	1.000000	
1349418074.674154	1.000000	41.772705	27.815002	0.000000	1.000000	0.999990	1.000000	0.999992	1.000000	1.000000	0.999909	0.001952	0.999863	0.000194	0.994550	0.000095	0.995256	0.000070	1.000160	0.000087	1349418074.674365	1.000007	42.755945	28.987806	0.000000	1.000000	1.000000	1.000000	1.000000	0.997594	0.000034	1.000033	0.000069	0.999805	0.000057	1.000006	0.002463	0.999727	0.000066	1.000000	1.000000	
1349418075.674154	1.000000	41.841568	27.878937	0.000000	1.000000	0.999963	1.000000	0.999985	1.000000	0.999949	1.000028	0.002426	1.000224	0.000124	1.015848	0.000034	1.009409	0.000033	0.996533	0.000144	1349418075.674364	0.999999	42.769496	28.999784	0.000000	1.000000	0.999938	1.000000	0.999965	0.993125	0.000099	1.001769	0.000013	1.000299	0.000013	1.000113	0.000164	1.000099	0.000016	1.000000	1.000000	
1349418076.674153	0.999999	41.811014	27.854473	0.000000	1.000000	1.000000	1.000000	1.000000	1.000000	1.000000	0.999874	0.001601	0.999318	0.000224	0.999756	0.000066	1.001067	0.000115	1.004473	0.000111	1349418076.674363	0.999999	42.794566	29.022946	0.000000	1.000000	1.000000	1.000000	1.000000	1.011663	0.000068	1.000007	0.000111	0.999858	0.000103	1.000051	0.000143	0.999920	0.000101	1.000000	1.000000	
1349418077.674154	1.000001	41.787008	27.821232	0.000000	1.000000	1.000000	1.000000	1.000000	1.000000	1.000000	1.000197	0.001161	1.001147	0.000135	1.000823	0.000017	0.992985	0.000016	0.999859	0.000153	1349418077.674359	0.999996	42.767843	28.999522	0.000000	1.000000	1.000000	1.000000	1.000000	0.998493	0.000092	0.998852	0.000017	0.994602	0.000017	0.999553	0.000096	1.000693	0.000016	1.000000	1.000000	
1349418078.674154	1.000000	41.830307	27.863617	0.000000	1.000000	0.999981	1.000000	0.999984	1.000000	0.999989	0.999925	0.002849	1.000223	0.000199	1.000751	0.000082	1.003082	0.000072	1.000232	0.000083	1349418078.674369	1.000010	42.752730	28.987396	0.000000	1.000000	0.999983	1.000000	0.999990	1.000342	0.000037	1.000054	0.000072	1.002071	0.000058	1.000020	0.001078	0.999903	0.000064	1.000000	1.000000	
1349418079.674155	1.000001	41.776678	27.815434	0.000000	1.000000	0.999962	1.000000	1.000000	1.000000	1.000000	0.999992	0.002241	0.999311	0.000121	0.994954	0.000014	0.996049	0.000015	0.998674	0.000139	1349418079.674367	0.999998	42.712011	28.949976	0.000000	1.000000	0.999991	1.000000	1.000000	1.001497	0.000088	1.000617	0.000014	0.999218	0.000013	0.999880	0.000096	1.000329	0.000016	1.000000	1.000000	
1349418080.674154	0.999999	42.578623	28.615201	0.000000	1.000000	0.999464	1.000000	0.683024	1.000000	0.999448	1.000006	0.010258	1.000003	0.011494	0.999969	0.008816	0.999945	0.009378	1.000001	0.326010	1349418080.674339	0.999972	45.342238	31.590694	0.000000	1.000000	0.999439	1.000000	0.999449	0.999962	0.008713	1.000021	0.008506	1.000015	0.008413	0.999994	0.008101	1.000003	0.008143	1.000000	1.000000	
1349418081.674171	1.000017	715785312.406358	715802893.636366	715815767.593366	0.999970	1.000019	0.999972	1.000039	0.999981	1.000031	0.999972	1.000026	0.999972	1.000030	0.999974	1.000022	0.999971	1.000023	0.999974	1.000037	1349418081.674289	0.999950	715803732.858802	715834441.866522	715863726.516245	0.999974	1.000036	0.999968	1.000023	3.894150	0.256799	0.999971	1.000024	0.999971	1.000026	0.999976	1.000031	0.999971	1.000024	0.999974	1.000035	
1349418082.674323	1.000152	0.000000	0.000000	0.000000	-nan	-nan	-nan	-nan	0.000000	inf	-nan	-nan	-nan	0.000000	-nan	-nan	-nan	-nan	-nan	-nan	1349418082.674404	1.000115	0.000000	0.000000	0.000000	-nan	-nan	-nan	-nan	0.000000	inf	-nan	-nan	-nan	-nan	-nan	-nan	-nan	-nan	-nan	-nan	
