ts_0	elapsed_0	pkg_0	pp0_0	dram_0	freq_ratio_0_0	c0_ratio_0_0	freq_ratio_0_1	c0_ratio_0_1	freq_ratio_0_2	c0_ratio_0_2	freq_ratio_0_3	c0_ratio_0_3	freq_ratio_0_4	c0_ratio_0_4	freq_ratio_0_5	c0_ratio_0_5	freq_ratio_0_6	c0_ratio_0_6	freq_ratio_0_7	c0_ratio_0_7	ts_1	elapsed_1	pkg_1	pp0_1	dram_1	freq_ratio_1_0	c0_ratio_1_0	freq_ratio_1_1	c0_ratio_1_1	freq_ratio_1_2	c0_ratio_1_2	freq_ratio_1_3	c0_ratio_1_3	freq_ratio_1_4	c0_ratio_1_4	freq_ratio_1_5	c0_ratio_1_5	freq_ratio_1_6	c0_ratio_1_6	freq_ratio_1_7	c0_ratio_1_7	
1349418072.674881	1.000982	39.063490	25.412727	0.000000	0.999923	0.618457	0.999942	0.990703	0.999979	0.990526	0.997001	0.001281	0.978804	0.000177	0.979065	0.000162	0.998712	0.002886	0.991222	0.000377	1349418072.675099	1.000414	46.041567	32.183609	0.000000	0.999999	0.373567	0.999999	0.998238	0.999981	0.991175	0.997967	0.000085	0.798661	0.000102	0.998614	0.000145	0.894681	0.000166	1.000001	0.991833	
1349418073.674880	0.999999	41.240487	27.558040	0.000000	0.999999	1.000000	1.000000	0.999993	0.999999	0.999992	0.999479	0.002893	1.000179	0.000530	0.999028	0.000188	1.000018	0.001782	0.999917	0.000402	1349418073.675101	1.000002	42.977411	29.082861	0.000000	0.991709	0.000174	1.000000	1.000000	1.000000	1.000000	0.999668	0.000087	0.999319	0.000039	1.000567	0.000148	1.000695	0.000997	1.000000	1.000000	
1349418074.674882	1.000002	41.143141	27.480538	0.000000	1.000001	1.000000	1.000000	0.999949	1.000000	0.999937	1.000586	0.002575	0.996011	0.000179	0.998749	0.000304	0.999818	0.000025	0.999979	0.000297	1349418074.675100	0.999999	44.235943	30.357558	0.000000	1.060170	0.000025	1.000000	0.999935	1.000000	1.000000	1.000459	0.000079	1.000036	0.000107	1.000033	0.000208	0.999998	0.006373	1.000000	1.000000	
1349418075.674877	0.999995	41.121788	27.470688	0.000000	1.000000	0.999960	1.000000	1.000000	1.000000	0.999912	0.999910	0.002637	1.007120	0.000115	1.000053	0.000304	0.995518	0.000089	1.000157	0.000219	1349418075.675094	0.999994	44.149967	30.265836	0.000000	0.998594	0.000108	1.000000	0.999962	1.000000	0.999992	1.001091	0.000024	0.999749	0.000044	0.999773	0.000070	0.999997	0.008154	1.000000	1.000000	
1349418076.674879	1.000002	37.695363	24.049759	0.000000	0.999999	0.393219	1.000000	0.999973	1.000000	0.999880	0.999977	0.001201	0.999963	0.002454	1.001211	0.000408	1.012196	0.000032	0.999922	0.000272	1349418076.675136	1.000042	47.002865	33.102600	0.000000	1.000001	0.610229	1.000000	0.999967	1.000000	0.999998	0.992771	0.000107	0.999047	0.000088	1.000236	0.000136	0.999888	0.000682	1.000000	1.000000	
1349418077.674879	1.000000	35.386765	21.740463	0.000000	0.999984	0.007596	1.000000	1.000000	1.000000	1.000000	1.000211	0.000685	1.000918	0.000076	1.000281	0.000263	0.999983	0.000091	0.999839	0.000192	1349418077.675134	0.999998	49.494189	35.585609	0.000000	1.000000	1.000000	1.000000	1.000000	1.000000	1.000000	1.000178	0.000037	1.006666	0.000016	1.000032	0.000121	1.000092	0.000021	1.000000	1.000000	
1349418078.674881	1.000002	39.730622	26.087292	0.000000	1.000000	0.454676	1.000000	0.999987	1.000000	0.999962	0.999992	0.012784	1.000009	0.015203	0.999990	0.011079	0.999998	0.010545	0.999998	0.014154	1349418078.675094	0.999960	47.993591	34.058035	0.000000	1.000000	1.000000	1.000000	1.000000	0.999998	0.557880	1.000069	0.010876	1.000000	0.010799	0.999995	0.010706	0.999999	0.011546	1.000000	1.000000	
1349418079.674878	0.999997	41.342032	27.711969	0.000000	1.000000	1.000000	1.000000	1.000000	1.000000	1.000000	0.999989	0.005210	0.999906	0.000989	1.001961	0.000014	1.000060	0.000103	1.000273	0.000206	1349418079.675097	1.000003	42.724111	28.783938	0.000000	1.000000	1.000000	1.000000	1.000000	0.999858	0.000100	0.998606	0.000027	0.998151	0.000020	1.000320	0.000090	0.997756	0.000007	1.000000	1.000000	
1349418080.674878	1.000000	41.243210	27.613266	0.000000	1.000000	0.999949	1.000000	0.999967	1.000000	0.999920	1.000019	0.003095	0.999862	0.001650	0.999894	0.000185	0.999719	0.000022	0.999570	0.000393	1349418080.675094	0.999997	42.764537	28.810636	0.000000	1.000000	0.999956	1.000000	0.999955	1.003739	0.000031	0.994236	0.000133	1.000003	0.000228	0.999829	0.000166	0.999944	0.000151	1.000000	1.000000	
1349418081.674879	1.000001	715794763.947819	715826313.496542	715827202.055601	0.999969	1.000011	0.999971	1.000031	0.999980	1.000024	0.999970	1.000016	0.999971	1.000021	0.999974	1.000020	0.999971	1.000021	0.999972	1.000022	1349418081.674987	0.999893	715868323.258581	715884488.689376	715904522.259216	0.999972	1.000025	0.999967	1.000017	3.894210	0.256793	0.999970	1.000014	0.999971	1.000020	0.999974	1.000020	0.999971	1.000022	0.999971	1.000020	
1349418082.675032	1.000153	0.000000	0.000000	0.000000	-nan	-nan	-nan	-nan	0.000000	inf	-nan	-nan	-nan	0.000000	-nan	-nan	-nan	-nan	-nan	-nan	1349418082.675113	1.000126	0.000000	0.000000	0.000000	-nan	-nan	-nan	-nan	0.000000	inf	-nan	-nan	-nan	-nan	-nan	-nan	-nan	-nan	-nan	-nan	
