ts_0	elapsed_0	pkg_0	pp0_0	dram_0	freq_ratio_0_0	c0_ratio_0_0	freq_ratio_0_1	c0_ratio_0_1	freq_ratio_0_2	c0_ratio_0_2	freq_ratio_0_3	c0_ratio_0_3	freq_ratio_0_4	c0_ratio_0_4	freq_ratio_0_5	c0_ratio_0_5	freq_ratio_0_6	c0_ratio_0_6	freq_ratio_0_7	c0_ratio_0_7	ts_1	elapsed_1	pkg_1	pp0_1	dram_1	freq_ratio_1_0	c0_ratio_1_0	freq_ratio_1_1	c0_ratio_1_1	freq_ratio_1_2	c0_ratio_1_2	freq_ratio_1_3	c0_ratio_1_3	freq_ratio_1_4	c0_ratio_1_4	freq_ratio_1_5	c0_ratio_1_5	freq_ratio_1_6	c0_ratio_1_6	freq_ratio_1_7	c0_ratio_1_7	
1350069114.742581	1.000503	63.496911	50.139465	3.796811	1.230589	0.998077	1.191154	0.000647	1.192292	0.000339	1.230590	0.998063	1.230590	0.998061	1.192326	0.000218	1.230590	0.998059	1.192334	0.000423	1350069114.742708	1.000469	47.177933	33.915567	2.560094	1.230511	0.000603	1.266822	0.998992	1.266822	0.998991	1.230154	0.000373	1.176409	0.000007	1.227946	0.000066	1.199938	0.000007	1.222766	0.000028	
1350069115.742571	0.999990	63.935378	50.553729	3.800621	1.226656	0.998832	1.155582	0.003239	1.155282	0.002949	1.226656	0.998832	1.226656	0.998831	1.156775	0.003011	1.226656	0.998830	1.161931	0.003502	1350069115.742693	0.999985	47.560208	34.277538	2.354512	1.163919	0.002527	1.261635	0.999157	1.261635	0.999156	1.166319	0.002461	1.158651	0.002166	1.168391	0.002570	1.156375	0.001911	1.169290	0.003568	
1350069116.742564	0.999993	63.803328	50.422712	3.793865	1.230672	0.998963	1.192280	0.000197	1.192259	0.000161	1.230672	0.998963	1.230672	0.998961	1.192422	0.000180	1.230672	0.998961	1.189928	0.000305	1350069116.742688	0.999995	47.306542	34.020632	2.338131	1.230749	0.000223	1.269177	0.999486	1.269176	0.999486	1.230839	0.000238	1.232269	0.000007	1.231872	0.000058	1.257406	0.000007	1.229828	0.000034	
1350069117.742564	1.000000	63.840500	50.466278	3.797668	1.230681	0.999058	1.192331	0.000103	1.192327	0.000100	1.230681	0.999058	1.230682	0.999057	1.193221	0.000229	1.230681	0.999056	1.192519	0.000311	1350069117.742689	1.000001	47.351151	34.063063	2.307768	1.230672	0.000197	1.269160	0.999358	1.269161	0.999357	1.231524	0.000305	1.233798	0.000060	1.233560	0.000096	1.235148	0.000060	1.237106	0.000078	
1350069118.742564	1.000000	63.854935	50.491364	3.793701	1.230671	0.998966	1.193041	0.000174	1.193123	0.000177	1.230671	0.998964	1.230671	0.998963	1.191910	0.000162	1.230671	0.998962	1.192257	0.000344	1350069118.742694	1.000005	47.362647	34.073529	2.392337	1.230243	0.000199	1.269176	0.999487	1.269176	0.999486	1.229825	0.000261	1.203388	0.000007	1.227742	0.000066	1.198308	0.000007	1.225496	0.000040	
1350069119.742564	1.000000	63.810715	50.467926	3.785751	1.230552	0.998593	1.191266	0.000154	1.191329	0.000142	1.230552	0.998593	1.230552	0.998591	1.191890	0.000322	1.230552	0.998591	1.192639	0.002175	1350069119.742691	0.999997	47.345102	34.068694	2.393806	1.231004	0.000228	1.269143	0.999205	1.269143	0.999204	1.231292	0.000297	1.221186	0.000046	1.226325	0.000111	1.221449	0.000052	1.230746	0.000212	
1350069120.742564	1.000000	63.859665	50.499390	3.801361	1.230643	0.998749	1.193031	0.000182	1.192312	0.000170	1.230643	0.998745	1.230643	0.998743	1.192233	0.000180	1.230643	0.998742	1.191030	0.000570	1350069120.742688	0.999997	47.409922	34.118621	2.508064	1.230521	0.000214	1.269155	0.999295	1.269155	0.999294	1.230253	0.000276	1.244055	0.000034	1.233593	0.000131	1.234743	0.000065	1.229303	0.000147	
1350069121.742564	1.000000	63.881516	50.517990	3.816757	1.230644	0.998858	1.191914	0.000306	1.192345	0.000101	1.230644	0.998858	1.230644	0.998856	1.192257	0.000217	1.230644	0.998857	1.194400	0.000337	1350069121.742688	1.000000	47.410873	34.118225	2.348785	1.230918	0.000200	1.269161	0.999358	1.269160	0.999357	1.230768	0.000308	1.230634	0.000057	1.231683	0.000089	1.235832	0.000044	1.233411	0.000086	
1350069122.742564	1.000000	63.893753	50.532669	3.805420	1.230657	0.998968	1.192258	0.000595	1.192259	0.000157	1.230657	0.998968	1.230657	0.998966	1.192293	0.000187	1.230657	0.998965	1.190039	0.000310	1350069122.742690	1.000002	47.416200	34.120418	2.363261	1.231082	0.000214	1.269176	0.999508	1.269176	0.999509	1.230703	0.000252	1.230443	0.000007	1.230774	0.000058	1.231101	0.000007	1.230659	0.000048	
1350069123.742564	1.000000	63.888687	50.525192	3.801483	1.230653	0.998831	1.192378	0.000358	1.192216	0.000115	1.230653	0.998830	1.230653	0.998829	1.192394	0.000277	1.230653	0.998828	1.192350	0.000327	1350069123.742690	1.000000	47.412979	34.115555	2.372696	1.230648	0.000208	1.269152	0.999338	1.269152	0.999337	1.230860	0.000297	1.230621	0.000065	1.230507	0.000093	1.230165	0.000051	1.230656	0.000200	
1350069124.742571	1.000007	63.949723	50.586473	3.809239	1.230673	0.998966	1.192091	0.000157	1.192222	0.000157	1.230673	0.998965	1.230673	0.998964	1.192147	0.000179	1.230673	0.998964	1.192415	0.000328	1350069124.742695	1.000005	47.405479	34.114240	2.349598	1.230637	0.000207	1.269176	0.999485	1.269176	0.999484	1.230725	0.000249	1.233647	0.000007	1.231127	0.000064	1.233602	0.000007	1.231390	0.000034	
1350069125.742564	0.999993	63.947631	50.586104	3.805339	1.230621	0.998815	1.192585	0.000118	1.192485	0.000116	1.230621	0.998815	1.230621	0.998813	1.192170	0.000220	1.230621	0.998813	1.193571	0.000602	1350069125.742689	0.999994	47.409066	34.117894	2.322676	1.230904	0.000208	1.269156	0.999337	1.269156	0.999337	1.230760	0.000288	1.230701	0.000057	1.230729	0.000113	1.230511	0.000055	1.230877	0.000126	
1350069126.742564	1.000000	63.926468	50.564560	3.797546	1.230672	0.998966	1.192084	0.000181	1.192245	0.000157	1.230672	0.998964	1.230672	0.998963	1.192656	0.000163	1.230672	0.998963	1.190563	0.000337	1350069126.742688	0.999999	47.139953	33.847994	2.364291	1.230726	0.000206	1.269178	0.999506	1.269178	0.999506	1.230770	0.000224	1.251844	0.000007	1.230797	0.000064	1.232329	0.000007	1.228069	0.000040	
1350069127.742564	1.000000	63.822891	50.463608	3.805237	1.230661	0.998890	1.190167	0.000179	1.188099	0.000118	1.230661	0.998890	1.230661	0.998889	1.188234	0.000240	1.230661	0.998888	1.192501	0.000372	1350069127.742689	1.000001	47.167710	33.870787	2.424680	1.230275	0.000252	1.269138	0.999186	1.269138	0.999186	1.230801	0.000299	1.229225	0.000086	1.230680	0.000109	1.230130	0.000049	1.230615	0.000147	
1350069128.742564	1.000000	63.985687	50.626541	3.793930	1.230661	0.998897	1.192330	0.000284	1.192263	0.000221	1.230661	0.998896	1.230661	0.998895	1.192270	0.000179	1.230661	0.998894	1.190404	0.000304	1350069128.742687	0.999998	47.412017	34.118504	2.346272	1.230863	0.000215	1.269173	0.999464	1.269173	0.999464	1.230747	0.000269	1.227708	0.000007	1.230714	0.000070	1.234180	0.000007	1.234649	0.000034	
1350069129.742564	1.000000	63.928787	50.583679	3.793488	1.230571	0.998794	1.191367	0.000161	1.192329	0.000115	1.230571	0.998794	1.230571	0.998793	1.193156	0.000216	1.230571	0.998793	1.192238	0.001942	1350069129.742686	0.999999	47.401885	34.110903	2.308153	1.231195	0.000221	1.269159	0.999335	1.269159	0.999334	1.230698	0.000282	1.235073	0.000056	1.230750	0.000093	1.231087	0.000057	1.230217	0.000088	
1350069130.742564	1.000000	63.962997	50.603851	3.805527	1.230640	0.998659	1.192967	0.000197	1.193307	0.000157	1.230640	0.998658	1.230640	0.998657	1.192106	0.000177	1.230640	0.998656	1.192627	0.000560	1350069130.742686	1.000000	47.426941	34.134689	2.309647	1.230805	0.000193	1.269172	0.999488	1.269172	0.999487	1.230796	0.000274	1.195020	0.000007	1.230617	0.000092	1.224888	0.000007	1.231302	0.000089	
1350069131.742564	1.000000	63.999832	50.637589	3.801300	1.230670	0.998926	1.191066	0.000128	1.191208	0.000126	1.230670	0.998926	1.230670	0.998924	1.191565	0.000242	1.230670	0.998923	1.193875	0.000332	1350069131.742688	1.000002	47.443269	34.147396	2.352702	1.230719	0.000265	1.269147	0.999230	1.269148	0.999229	1.231975	0.000276	1.220532	0.000043	1.226399	0.000107	1.220354	0.000049	1.229288	0.000122	
1350069132.742564	1.000000	63.989731	50.629532	3.797791	1.230673	0.998966	1.192218	0.000182	1.192279	0.000157	1.230673	0.998963	1.230673	0.998963	1.192597	0.000179	1.230672	0.998961	1.190017	0.000303	1350069132.742691	1.000003	47.419882	34.125260	2.344902	1.230259	0.000182	1.269167	0.999402	1.269167	0.999401	1.229662	0.000282	1.244625	0.000034	1.236482	0.000083	1.246728	0.000033	1.233717	0.000054	
1350069133.742564	1.000000	63.997833	50.636475	3.805313	1.230672	0.998946	1.192372	0.000160	1.192359	0.000115	1.230671	0.998945	1.230671	0.998944	1.192265	0.000211	1.230672	0.998943	1.192300	0.000330	1350069133.742713	1.000022	47.362425	34.083283	2.298823	1.231278	0.000201	1.269159	0.999337	1.269159	0.999337	1.230696	0.000274	1.231562	0.000049	1.230729	0.000085	1.230460	0.000050	1.230782	0.000101	
1350069134.742570	1.000006	63.995316	50.636920	3.801537	1.230677	0.999013	1.192170	0.000141	1.192255	0.000156	1.230677	0.999012	1.230677	0.999011	1.192206	0.000163	1.230677	0.999011	1.194600	0.000317	1350069134.742698	0.999985	47.436412	34.139627	2.220981	1.230458	0.000207	1.269176	0.999488	1.269176	0.999487	1.230854	0.000261	1.210444	0.000007	1.227311	0.000065	1.195175	0.000007	1.225430	0.000040	
1350069135.742564	0.999994	63.995972	50.634900	3.805382	1.230645	0.998769	1.192353	0.000133	1.192388	0.000115	1.230645	0.998770	1.230645	0.998768	1.192299	0.000214	1.230645	0.998768	1.191409	0.000627	1350069135.742684	0.999986	47.442989	34.141746	2.338183	1.230532	0.000210	1.269158	0.999359	1.269158	0.999358	1.230718	0.000261	1.233213	0.000050	1.232558	0.000119	1.235563	0.000056	1.232615	0.000122	
1350069136.742564	1.000000	63.986664	50.626953	3.793930	1.230675	0.998991	1.192294	0.000142	1.192283	0.000155	1.230675	0.998991	1.230675	0.998989	1.192381	0.000194	1.230675	0.998989	1.192465	0.000302	1350069136.742689	1.000005	47.440314	34.146191	2.259403	1.230956	0.000215	1.269173	0.999465	1.269173	0.999464	1.230795	0.000278	1.229276	0.000007	1.230713	0.000064	1.230679	0.000007	1.228662	0.000046	
1350069137.742564	1.000000	64.013763	50.652756	3.797821	1.230681	0.999054	1.192355	0.000116	1.192376	0.000099	1.230681	0.999053	1.230681	0.999052	1.192025	0.000194	1.230681	0.999052	1.194098	0.000328	1350069137.742686	0.999997	47.435602	34.141204	2.298835	1.231029	0.000210	1.269161	0.999357	1.269161	0.999356	1.230679	0.000268	1.230784	0.000049	1.230521	0.000085	1.230712	0.000049	1.232223	0.000080	
1350069138.742570	1.000006	64.033279	50.672153	3.801445	1.230672	0.998967	1.192280	0.000169	1.192270	0.000172	1.230672	0.998962	1.230672	0.998961	1.192565	0.000179	1.230672	0.998960	1.190308	0.000295	1350069138.742697	1.000011	47.440657	34.151145	2.184806	1.230662	0.000199	1.269178	0.999508	1.269178	0.999507	1.230808	0.000238	1.231360	0.000007	1.230935	0.000057	1.230453	0.000007	1.230214	0.000041	
1350069139.742564	0.999994	64.037491	50.675671	3.805198	1.230573	0.998900	1.192504	0.000116	1.192358	0.000100	1.230573	0.998900	1.230573	0.998899	1.192158	0.000213	1.230573	0.998898	1.192295	0.001951	1350069139.742685	0.999988	47.453401	34.164363	2.317380	1.230321	0.000197	1.269161	0.999357	1.269161	0.999357	1.231566	0.000280	1.235806	0.000050	1.231312	0.000093	1.235437	0.000050	1.233654	0.000078	
1350069140.742571	1.000007	715788854.472188	715786081.193466	715814468.956097	0.999984	1.000176	0.999981	1.000180	0.999992	1.000180	0.999982	1.000171	0.999984	1.000179	0.999986	1.000175	0.999984	1.000182	0.999983	1.000175	1350069140.742666	0.999981	715808878.230221	715801768.469385	715793977.519347	0.999983	1.000175	0.999981	1.000179	3.893429	0.256887	0.999983	1.000176	0.999984	1.000180	0.999986	1.000174	0.999983	1.000177	0.999984	1.000180	
1350069141.742564	0.999993	0.000000	0.000000	0.000000	-nan	-nan	-nan	-nan	0.000000	inf	-nan	-nan	-nan	0.000000	-nan	-nan	-nan	-nan	-nan	-nan	1350069141.742633	0.999967	0.000000	0.000000	0.000000	-nan	-nan	-nan	-nan	0.000000	inf	-nan	-nan	-nan	-nan	-nan	-nan	-nan	-nan	-nan	-nan	
