ts_0	elapsed_0	pkg_0	pp0_0	dram_0	freq_ratio_0_0	c0_ratio_0_0	freq_ratio_0_1	c0_ratio_0_1	freq_ratio_0_2	c0_ratio_0_2	freq_ratio_0_3	c0_ratio_0_3	freq_ratio_0_4	c0_ratio_0_4	freq_ratio_0_5	c0_ratio_0_5	freq_ratio_0_6	c0_ratio_0_6	freq_ratio_0_7	c0_ratio_0_7	ts_1	elapsed_1	pkg_1	pp0_1	dram_1	freq_ratio_1_0	c0_ratio_1_0	freq_ratio_1_1	c0_ratio_1_1	freq_ratio_1_2	c0_ratio_1_2	freq_ratio_1_3	c0_ratio_1_3	freq_ratio_1_4	c0_ratio_1_4	freq_ratio_1_5	c0_ratio_1_5	freq_ratio_1_6	c0_ratio_1_6	freq_ratio_1_7	c0_ratio_1_7	
1350070603.923441	1.000159	50.836795	37.739833	6.120410	0.754282	0.996738	0.754282	0.996734	0.754283	0.996733	0.754282	0.996731	0.754283	0.996729	0.754283	0.996728	0.754283	0.996725	0.754284	0.996723	1350070603.923512	1.000161	52.040392	38.850910	3.321411	0.890318	0.997248	0.890315	0.997242	0.890314	0.997240	0.890313	0.997238	0.890312	0.997237	0.890312	0.997237	0.908467	0.004525	0.889113	0.007672	
1350070604.923435	0.999994	50.849836	37.747784	6.102942	0.753756	0.996392	0.753756	0.996388	0.753756	0.996385	0.753756	0.996383	0.753755	0.996379	0.753755	0.996377	0.753755	0.996377	0.753754	0.996376	1350070604.923506	0.999994	50.794874	37.627666	2.768251	0.878371	0.998290	0.878371	0.998290	0.878371	0.998289	0.878371	0.998287	0.878371	0.998286	0.878371	0.998285	0.875717	0.002090	0.879732	0.006097	
1350070605.923435	1.000000	50.847351	37.743332	6.078247	0.754231	0.996518	0.754231	0.996515	0.754231	0.996512	0.754232	0.996510	0.754232	0.996509	0.754232	0.996507	0.754232	0.996506	0.754233	0.996505	1350070605.923503	0.999997	50.788899	37.628351	2.710992	0.879154	0.998485	0.879154	0.998484	0.879154	0.998483	0.879155	0.998482	0.879155	0.998482	0.879155	0.998480	0.880346	0.002189	0.879237	0.002718	
1350070606.923434	0.999999	50.793200	37.695928	6.109076	0.754360	0.996526	0.754361	0.996523	0.754360	0.996521	0.754360	0.996519	0.754360	0.996518	0.754360	0.996516	0.754360	0.996512	0.754361	0.996512	1350070606.923504	1.000001	50.793195	37.631297	2.710355	0.877792	0.998313	0.877792	0.998312	0.877792	0.998311	0.877791	0.998309	0.877791	0.998309	0.877791	0.998307	0.876841	0.002156	0.878828	0.005151	
1350070607.923435	1.000001	50.903272	37.775568	6.139887	0.754276	0.996424	0.754276	0.996422	0.754276	0.996420	0.754276	0.996417	0.754275	0.996415	0.754275	0.996413	0.754275	0.996412	0.754274	0.996409	1350070607.923503	0.999999	50.792483	37.629171	2.719363	0.877704	0.998209	0.877704	0.998208	0.877704	0.998206	0.877704	0.998205	0.877704	0.998203	0.877704	0.998202	0.878902	0.005801	0.876059	0.000765	
1350070608.923434	0.999999	50.847766	37.733434	6.115240	0.753889	0.996551	0.753889	0.996549	0.753889	0.996547	0.753889	0.996545	0.753889	0.996541	0.753889	0.996541	0.753889	0.996538	0.753889	0.996536	1350070608.923504	1.000001	50.788495	37.620921	2.692975	0.877189	0.998124	0.877189	0.998123	0.877189	0.998122	0.877189	0.998120	0.877189	0.998119	0.877189	0.998118	0.876496	0.004004	0.878467	0.002923	
1350070609.923435	1.000001	50.796872	37.695902	6.078241	0.753900	0.996532	0.753900	0.996530	0.753900	0.996528	0.753900	0.996525	0.753900	0.996524	0.753900	0.996522	0.753899	0.996518	0.753900	0.996518	1350070609.923517	1.000013	50.795400	37.627497	2.742258	0.876898	0.998011	0.876898	0.998010	0.876898	0.998008	0.876898	0.998006	0.876898	0.998005	0.876898	0.998004	0.877594	0.004545	0.875766	0.002650	
1350070610.923435	1.000000	50.846695	37.731415	6.089401	0.754354	0.996599	0.754354	0.996597	0.754355	0.996594	0.754355	0.996592	0.754355	0.996589	0.754355	0.996587	0.754356	0.996585	0.754356	0.996585	1350070610.923503	0.999986	50.738858	37.583506	2.707268	0.877008	0.998162	0.877008	0.998161	0.877008	0.998159	0.877009	0.998157	0.877009	0.998157	0.877009	0.998156	0.846447	0.004762	0.857929	0.007005	
1350070611.923435	1.000000	50.823334	37.706772	6.108978	0.801839	0.998816	0.757935	0.084955	0.801840	0.998816	0.801840	0.998815	0.801840	0.998815	0.801841	0.998814	0.801841	0.998813	0.801841	0.998812	1350070611.923531	1.000028	50.823610	37.656237	4.455869	0.819618	0.996335	0.819617	0.996332	0.819617	0.996329	0.819617	0.996326	0.819616	0.996324	0.819616	0.996322	0.814946	0.918627	0.821515	0.002950	
1350070612.923435	1.000000	50.825531	37.711136	6.115234	0.806670	0.998800	0.806740	0.004930	0.806670	0.998801	0.806670	0.998798	0.806670	0.998798	0.806670	0.998798	0.806670	0.998797	0.806670	0.998796	1350070612.923533	1.000002	50.818720	37.652302	3.935982	0.814983	0.996479	0.814983	0.996474	0.814983	0.996473	0.814984	0.996470	0.814984	0.996466	0.814984	0.996466	0.814984	0.996464	0.813217	0.002801	
1350070613.923435	1.000000	50.821320	37.706635	6.121399	0.808469	0.999208	0.812156	0.000501	0.808469	0.999207	0.808469	0.999208	0.808469	0.999207	0.808469	0.999206	0.808469	0.999206	0.808469	0.999205	1350070613.923533	1.000000	50.820145	37.653946	2.706177	0.814093	0.996488	0.814093	0.996487	0.814093	0.996483	0.814093	0.996480	0.814093	0.996479	0.814092	0.996476	0.814092	0.996473	0.814214	0.005202	
1350070614.923434	0.999999	50.822482	37.712728	6.102911	0.807976	0.999722	0.809264	0.000511	0.807976	0.999721	0.807976	0.999721	0.807976	0.999721	0.807976	0.999721	0.807976	0.999721	0.807976	0.999721	1350070614.923533	1.000000	50.817596	37.651520	2.701080	0.814056	0.996506	0.814056	0.996502	0.814056	0.996501	0.814056	0.996497	0.814057	0.996496	0.814056	0.996494	0.814057	0.996493	0.813868	0.005104	
1350070615.923435	1.000001	50.826032	37.710444	6.121393	0.806082	0.999162	0.807518	0.006500	0.806082	0.999161	0.806082	0.999161	0.806082	0.999160	0.806082	0.999159	0.806082	0.999159	0.806083	0.999159	1350070615.923534	1.000001	50.819440	37.651194	4.132473	0.814741	0.996310	0.814741	0.996308	0.814741	0.996305	0.814740	0.996302	0.814740	0.996299	0.814740	0.996297	0.814740	0.996294	0.815591	0.003005	
1350070616.923435	1.000000	50.827469	37.710556	6.121399	0.807419	0.999251	0.807175	0.004190	0.807420	0.999250	0.807419	0.999251	0.807420	0.999250	0.807420	0.999250	0.807419	0.999249	0.807419	0.999249	1350070616.923531	0.999997	50.819204	37.651270	3.712338	0.814915	0.996306	0.814915	0.996303	0.814915	0.996299	0.814915	0.996297	0.814915	0.996294	0.814915	0.996293	0.814915	0.996292	0.814342	0.002698	
1350070617.923435	1.000000	50.826279	37.712051	6.133728	0.805849	0.998893	0.806570	0.006345	0.805848	0.998892	0.805848	0.998891	0.805849	0.998891	0.805848	0.998891	0.805848	0.998890	0.805848	0.998889	1350070617.923533	1.000002	50.819788	37.652302	4.373679	0.814791	0.996300	0.814791	0.996299	0.814791	0.996296	0.814791	0.996292	0.814791	0.996291	0.814791	0.996287	0.814791	0.996285	0.813878	0.002988	
1350070618.923434	0.999999	50.820834	37.711660	6.127569	0.808329	0.999324	0.807395	0.000463	0.808329	0.999323	0.808329	0.999323	0.808329	0.999323	0.808329	0.999322	0.808329	0.999322	0.808329	0.999322	1350070618.923535	1.000002	50.819498	37.651494	2.713069	0.812919	0.996409	0.812918	0.996406	0.812918	0.996404	0.812918	0.996402	0.812918	0.996398	0.812918	0.996397	0.812918	0.996394	0.814952	0.007122	
1350070619.923435	1.000001	50.767911	37.663599	6.121393	0.809173	0.998391	0.810779	0.000402	0.809175	0.998391	0.809175	0.998390	0.809176	0.998388	0.809176	0.998387	0.809176	0.998386	0.809177	0.998386	1350070619.923535	1.000000	50.821274	37.652924	2.709564	0.812672	0.996439	0.812672	0.996436	0.812672	0.996432	0.812672	0.996431	0.812671	0.996428	0.812671	0.996425	0.812671	0.996423	0.814568	0.006912	
1350070620.923434	0.999999	50.822406	37.701315	6.115240	0.809593	0.998039	0.810975	0.000540	0.809591	0.998040	0.809591	0.998037	0.809590	0.998036	0.809590	0.998035	0.809590	0.998034	0.809589	0.998032	1350070620.923534	0.999999	50.765597	37.611288	2.700991	0.813663	0.996493	0.813663	0.996489	0.813663	0.996489	0.813663	0.996486	0.813663	0.996484	0.813663	0.996481	0.813663	0.996479	0.812378	0.004264	
1350070621.923435	1.000001	50.821851	37.701044	6.109064	0.809105	0.998160	0.803576	0.003165	0.809105	0.998159	0.809105	0.998159	0.809105	0.998157	0.809105	0.998156	0.809105	0.998155	0.809105	0.998153	1350070621.923532	0.999998	50.820867	37.654521	2.709264	0.813225	0.996717	0.813225	0.996715	0.813225	0.996712	0.813225	0.996710	0.813225	0.996708	0.813225	0.996706	0.813225	0.996704	0.813271	0.006463	
1350070622.923435	1.000000	50.822708	37.705078	6.133728	0.809052	0.998542	0.806310	0.000835	0.809052	0.998542	0.809052	0.998540	0.809052	0.998539	0.809052	0.998538	0.809052	0.998537	0.809052	0.998536	1350070622.923568	1.000036	50.811525	37.641162	2.709589	0.825749	0.996870	0.825749	0.996867	0.825750	0.996868	0.825750	0.996865	0.825750	0.996862	0.825750	0.996861	0.825750	0.996859	0.823039	0.005149	
1350070623.923435	1.000000	50.819763	37.703369	6.115234	0.811578	0.998837	0.816801	0.000450	0.811578	0.998838	0.811579	0.998837	0.811578	0.998836	0.811578	0.998835	0.811578	0.998835	0.811578	0.998834	1350070623.923539	0.999971	50.807890	37.633816	2.711856	0.834961	0.997296	0.834961	0.997294	0.834961	0.997292	0.834961	0.997291	0.834961	0.997289	0.834961	0.997287	0.834961	0.997284	0.834444	0.006880	
1350070624.923435	1.000000	50.810165	37.686554	6.109070	0.834518	0.997105	0.831675	0.000372	0.834520	0.997103	0.834520	0.997101	0.834520	0.997100	0.834520	0.997098	0.834521	0.997095	0.834521	0.997094	1350070624.923531	0.999992	50.813431	37.637497	2.709907	0.838894	0.997922	0.838894	0.997921	0.838894	0.997920	0.838894	0.997919	0.838894	0.997915	0.838894	0.997915	0.838894	0.997914	0.839838	0.006985	
1350070625.923435	1.000000	50.821243	37.697433	6.115234	0.814519	0.997759	0.815194	0.000469	0.814518	0.997763	0.814518	0.997762	0.814517	0.997756	0.814517	0.997755	0.814517	0.997754	0.814516	0.997752	1350070625.923534	1.000003	50.819026	37.642217	2.709190	0.816350	0.997353	0.816350	0.997351	0.816350	0.997347	0.816350	0.997346	0.816350	0.997344	0.816350	0.997343	0.816350	0.997342	0.816785	0.008041	
1350070626.923435	1.000000	50.821899	37.699844	6.096741	0.808693	0.998756	0.808181	0.003211	0.808693	0.998757	0.808693	0.998756	0.808693	0.998755	0.808693	0.998755	0.808693	0.998753	0.808693	0.998753	1350070626.923531	0.999997	50.820806	37.646845	3.278773	0.813770	0.996392	0.813770	0.996390	0.813770	0.996387	0.813770	0.996385	0.813770	0.996381	0.813770	0.996378	0.813770	0.996376	0.812012	0.003367	
1350070627.923435	1.000000	50.825104	37.703140	6.102905	0.807630	0.999394	0.808462	0.006526	0.807631	0.999394	0.807631	0.999393	0.807631	0.999392	0.807631	0.999392	0.807631	0.999391	0.807631	0.999391	1350070627.923536	1.000005	50.817388	37.647562	4.297830	0.814191	0.996608	0.814190	0.996606	0.814191	0.996604	0.814191	0.996601	0.814190	0.996600	0.814190	0.996599	0.814190	0.996594	0.813424	0.002693	
1350070628.923435	1.000000	50.821259	37.701965	6.084412	0.808936	0.998559	0.804791	0.002287	0.808936	0.998559	0.808936	0.998557	0.808936	0.998557	0.808936	0.998556	0.808936	0.998554	0.808936	0.998553	1350070628.923538	1.000002	50.823008	37.651280	2.712672	0.813709	0.996372	0.813708	0.996369	0.813708	0.996365	0.813708	0.996363	0.813708	0.996361	0.813708	0.996358	0.813708	0.996356	0.812514	0.004202	
1350070629.923435	1.000000	50.821365	37.697433	6.133728	0.809931	0.997742	0.809494	0.000426	0.809930	0.997741	0.809930	0.997739	0.809930	0.997738	0.809930	0.997736	0.809930	0.997735	0.809930	0.997733	1350070629.923535	0.999997	50.816075	37.643122	2.712075	0.811922	0.996653	0.811922	0.996651	0.811922	0.996649	0.811922	0.996645	0.811922	0.996642	0.811922	0.996641	0.811922	0.996639	0.810274	0.006789	
1350070630.923435	1.000000	50.822861	37.698196	6.127563	0.809527	0.998094	0.810196	0.000531	0.809527	0.998094	0.809527	0.998093	0.809527	0.998091	0.809527	0.998091	0.809527	0.998090	0.809527	0.998089	1350070630.923531	0.999996	50.770302	37.612686	2.709407	0.812792	0.996808	0.812791	0.996805	0.812791	0.996803	0.812791	0.996799	0.812791	0.996798	0.812791	0.996796	0.812791	0.996794	0.813594	0.006299	
1350070631.923435	1.000000	50.768539	37.655365	6.121399	0.809414	0.998021	0.786883	0.002873	0.809414	0.998021	0.809414	0.998019	0.809414	0.998018	0.809414	0.998017	0.809414	0.998016	0.809414	0.998014	1350070631.923535	1.000004	50.822121	37.649185	2.706425	0.812907	0.996574	0.812908	0.996572	0.812907	0.996569	0.812908	0.996567	0.812907	0.996564	0.812907	0.996562	0.812907	0.996560	0.813697	0.006221	
1350070632.923435	1.000000	50.821030	37.693420	6.096741	0.809606	0.997900	0.806623	0.000853	0.809605	0.997900	0.809605	0.997899	0.809605	0.997897	0.809605	0.997896	0.809605	0.997896	0.809605	0.997894	1350070632.923533	0.999998	50.818227	37.645915	2.698659	0.812801	0.996500	0.812801	0.996497	0.812801	0.996495	0.812801	0.996492	0.812801	0.996490	0.812801	0.996489	0.812801	0.996485	0.812281	0.006210	
1350070633.923435	1.000000	50.820969	37.694016	6.102905	0.809880	0.997792	0.812587	0.000484	0.809880	0.997792	0.809880	0.997790	0.809880	0.997789	0.809880	0.997788	0.809880	0.997786	0.809880	0.997785	1350070633.923539	1.000006	50.818072	37.647618	2.703902	0.812597	0.996916	0.812597	0.996915	0.812597	0.996913	0.812597	0.996910	0.812597	0.996908	0.812597	0.996906	0.812597	0.996904	0.812254	0.007082	
1350070634.923434	0.999999	50.823626	37.702490	6.127569	0.809268	0.998393	0.808184	0.000447	0.809268	0.998393	0.809268	0.998390	0.809268	0.998390	0.809268	0.998389	0.809268	0.998388	0.809268	0.998386	1350070634.923532	0.999993	50.820221	37.649445	2.709461	0.813533	0.996350	0.813532	0.996347	0.813532	0.996346	0.813532	0.996342	0.813532	0.996340	0.813532	0.996338	0.813532	0.996334	0.814730	0.003877	
1350070635.923435	1.000001	50.800168	37.685007	6.102381	0.808808	0.402038	0.795607	0.005116	0.845669	0.997552	0.845669	0.997551	0.845669	0.997548	0.845670	0.997546	0.845670	0.997543	0.845670	0.997544	1350070635.923571	1.000039	50.841701	37.674507	2.726013	0.782762	0.997640	0.782762	0.997638	0.782762	0.997635	0.782762	0.997634	0.782762	0.997632	0.782762	0.997631	0.782761	0.997630	0.763050	0.601787	
1350070636.923435	1.000000	50.790314	37.679642	6.053589	0.869294	0.002957	0.869592	0.002339	0.867710	0.996587	0.867711	0.996584	0.867711	0.996581	0.867711	0.996578	0.867711	0.996576	0.867711	0.996573	1350070636.923565	0.999994	50.843763	37.678447	4.927428	0.762956	0.998323	0.762956	0.998323	0.762956	0.998321	0.762956	0.998321	0.762956	0.998320	0.762956	0.998318	0.762956	0.998319	0.762956	0.998319	
1350070637.923435	1.000000	50.797531	37.687729	6.090576	0.868619	0.005089	0.868943	0.000752	0.867706	0.996501	0.867706	0.996498	0.867706	0.996495	0.867707	0.996493	0.867706	0.996491	0.867706	0.996488	1350070637.923564	0.999999	50.845385	37.680441	4.929204	0.762930	0.998261	0.762930	0.998261	0.762930	0.998259	0.762930	0.998257	0.762929	0.998255	0.762930	0.998254	0.762930	0.998253	0.762930	0.998253	
1350070638.923435	1.000000	50.797699	37.683121	6.109070	0.869511	0.004899	0.859318	0.000363	0.867515	0.996469	0.867515	0.996466	0.867514	0.996464	0.867514	0.996461	0.867514	0.996460	0.867513	0.996457	1350070638.923565	1.000001	50.843656	37.676966	4.930690	0.762810	0.998312	0.762810	0.998311	0.762810	0.998311	0.762810	0.998309	0.762810	0.998309	0.762810	0.998307	0.762810	0.998305	0.762810	0.998304	
1350070639.923435	1.000000	50.792282	37.679504	6.109070	0.867309	0.005116	0.871796	0.000403	0.867781	0.996532	0.867781	0.996529	0.867782	0.996526	0.867782	0.996524	0.867782	0.996522	0.867782	0.996520	1350070639.923565	1.000000	50.843948	37.677429	4.932236	0.762653	0.998125	0.762653	0.998124	0.762653	0.998123	0.762653	0.998123	0.762653	0.998121	0.762653	0.998120	0.762653	0.998120	0.762653	0.998118	
1350070640.923435	1.000000	50.797134	37.683258	6.096741	0.870093	0.004900	0.870515	0.000379	0.867628	0.996492	0.867627	0.996490	0.867627	0.996487	0.867627	0.996484	0.867627	0.996481	0.867627	0.996477	1350070640.923567	1.000002	50.792887	37.637883	4.936468	0.762702	0.998264	0.762702	0.998262	0.762702	0.998262	0.762702	0.998262	0.762702	0.998260	0.762702	0.998259	0.762702	0.998258	0.762702	0.998256	
1350070641.923435	1.000000	50.795151	37.678268	6.090576	0.866348	0.005200	0.852640	0.002733	0.867320	0.996444	0.867320	0.996440	0.867321	0.996436	0.867321	0.996434	0.867321	0.996430	0.867321	0.996429	1350070641.923568	1.000001	50.846326	37.680964	4.930141	0.762686	0.998145	0.762686	0.998143	0.762686	0.998142	0.762686	0.998142	0.762686	0.998141	0.762686	0.998140	0.762686	0.998139	0.762686	0.998138	
1350070642.923435	1.000000	50.794678	37.680908	6.084412	0.868538	0.005011	0.862829	0.000754	0.867810	0.996473	0.867810	0.996471	0.867810	0.996468	0.867810	0.996465	0.867811	0.996462	0.867810	0.996460	1350070642.923561	0.999993	50.842438	37.676210	4.927753	0.762693	0.998247	0.762693	0.998246	0.762693	0.998244	0.762693	0.998243	0.762693	0.998241	0.762693	0.998240	0.762693	0.998240	0.762693	0.998238	
1350070643.923435	1.000000	50.746796	37.647568	6.102905	0.869758	0.005247	0.874378	0.000438	0.867712	0.996472	0.867712	0.996469	0.867712	0.996466	0.867712	0.996464	0.867711	0.996461	0.867711	0.996458	1350070643.923573	1.000012	50.846394	37.679559	4.899630	0.762383	0.998076	0.762383	0.998074	0.762383	0.998072	0.762383	0.998071	0.762383	0.998070	0.762383	0.998070	0.762383	0.998069	0.762383	0.998069	
1350070644.923435	1.000000	50.787231	37.673462	6.078247	0.874632	0.004973	0.874030	0.000383	0.871527	0.996536	0.871527	0.996532	0.871527	0.996530	0.871527	0.996527	0.871528	0.996525	0.871528	0.996522	1350070644.923566	0.999993	50.845856	37.677858	4.951450	0.762555	0.998183	0.762555	0.998182	0.762554	0.998181	0.762554	0.998181	0.762554	0.998180	0.762554	0.998179	0.762554	0.998179	0.762554	0.998177	
1350070645.923435	1.000000	50.780853	37.664261	6.096741	0.894227	0.005064	0.890852	0.000327	0.893856	0.996077	0.893856	0.996073	0.893857	0.996070	0.893857	0.996067	0.893857	0.996064	0.893857	0.996062	1350070645.923566	1.000000	50.840637	37.675140	4.949844	0.763330	0.998137	0.763330	0.998136	0.763330	0.998136	0.763330	0.998134	0.763330	0.998133	0.763330	0.998131	0.763331	0.998129	0.763331	0.998128	
1350070646.923435	1.000000	50.783600	37.658951	6.115234	0.894766	0.004976	0.892730	0.000337	0.893320	0.996148	0.893320	0.996145	0.893320	0.996142	0.893320	0.996139	0.893320	0.996137	0.893320	0.996134	1350070646.923566	1.000000	50.828979	37.657227	4.911148	0.787608	0.996332	0.787609	0.996331	0.787609	0.996329	0.787609	0.996328	0.787609	0.996325	0.787609	0.996325	0.787609	0.996321	0.787609	0.996317	
1350070647.923452	1.000017	715749497.200661	715793225.716907	715786720.269962	0.999988	1.000201	0.999985	1.000203	0.999995	1.000200	0.999988	1.000201	0.999988	1.000203	0.999990	1.000198	0.999988	1.000203	0.999988	1.000201	1350070647.924914	1.001348	714854259.633309	714855471.231863	714851972.774554	0.999987	1.000200	0.999985	1.000203	3.893200	0.256908	0.999988	1.000201	0.999988	1.000203	0.999990	1.000199	0.999988	1.000203	0.999988	1.000202	
1350070648.923436	0.999984	0.000000	0.000000	0.000000	-nan	-nan	-nan	-nan	8.000000	inf	-nan	-nan	-nan	0.000000	-nan	-nan	-nan	-nan	-nan	-nan	1350070648.923529	0.998615	0.000000	0.000000	0.000000	-nan	-nan	-nan	-nan	0.000000	inf	-nan	-nan	-nan	-nan	-nan	-nan	-nan	-nan	-nan	-nan	
