ts_0	elapsed_0	pkg_0	pp0_0	dram_0	freq_ratio_0_0	c0_ratio_0_0	freq_ratio_0_1	c0_ratio_0_1	freq_ratio_0_2	c0_ratio_0_2	freq_ratio_0_3	c0_ratio_0_3	freq_ratio_0_4	c0_ratio_0_4	freq_ratio_0_5	c0_ratio_0_5	freq_ratio_0_6	c0_ratio_0_6	freq_ratio_0_7	c0_ratio_0_7	ts_1	elapsed_1	pkg_1	pp0_1	dram_1	freq_ratio_1_0	c0_ratio_1_0	freq_ratio_1_1	c0_ratio_1_1	freq_ratio_1_2	c0_ratio_1_2	freq_ratio_1_3	c0_ratio_1_3	freq_ratio_1_4	c0_ratio_1_4	freq_ratio_1_5	c0_ratio_1_5	freq_ratio_1_6	c0_ratio_1_6	freq_ratio_1_7	c0_ratio_1_7	
1350070603.931303	1.000189	50.842270	37.631938	3.842489	0.761461	0.997978	0.761461	0.997977	0.761461	0.997976	0.761461	0.997975	0.761460	0.997972	0.761460	0.997972	0.761460	0.997970	0.761459	0.997970	1350070603.931354	1.000185	52.967999	39.808004	2.282415	0.922546	0.995726	0.922545	0.995722	0.922543	0.995718	0.922540	0.995714	0.922539	0.995712	0.923983	0.002785	0.922531	0.995723	0.989659	0.000905	
1350070604.931286	0.999983	50.845389	37.624813	3.904744	0.760712	0.997811	0.760712	0.997811	0.760712	0.997809	0.760712	0.997808	0.760712	0.997806	0.760712	0.997805	0.760713	0.997803	0.760713	0.997802	1350070604.931331	0.999977	50.781329	37.610816	1.843563	0.897333	0.995862	0.897332	0.995859	0.897332	0.995856	0.897333	0.995853	0.897332	0.995850	0.881569	0.004215	0.897333	0.995848	0.898248	0.000760	
1350070605.931286	1.000000	50.845932	37.620773	3.821472	0.760223	0.997696	0.760223	0.997693	0.760223	0.997690	0.760223	0.997688	0.760223	0.997686	0.760223	0.997685	0.760223	0.997684	0.760223	0.997683	1350070605.931330	0.999999	50.781314	37.608404	1.720796	0.898293	0.995832	0.898293	0.995830	0.898293	0.995825	0.898293	0.995823	0.898293	0.995819	0.901747	0.001373	0.898293	0.995817	0.894434	0.000678	
1350070606.931286	1.000000	50.844955	37.618362	3.831573	0.759368	0.997474	0.759368	0.997473	0.759368	0.997472	0.759368	0.997469	0.759368	0.997468	0.759368	0.997465	0.759368	0.997464	0.759368	0.997464	1350070606.931333	1.000003	50.728618	37.568350	1.726206	0.897808	0.995798	0.897808	0.995794	0.897808	0.995789	0.897808	0.995788	0.897808	0.995784	0.899919	0.001429	0.897810	0.995782	0.898161	0.000748	
1350070607.931286	1.000000	50.847092	37.621124	3.836533	0.759818	0.997599	0.759818	0.997599	0.759818	0.997596	0.759818	0.997595	0.759818	0.997593	0.759818	0.997592	0.759818	0.997592	0.759818	0.997591	1350070607.931329	0.999996	50.782020	37.608963	1.765144	0.897649	0.995960	0.897649	0.995957	0.897649	0.995954	0.897648	0.995953	0.897648	0.995950	0.899532	0.001459	0.897647	0.995953	0.898340	0.000675	
1350070608.931286	1.000000	50.796234	37.582947	3.822433	0.759095	0.997385	0.759095	0.997383	0.759095	0.997381	0.759095	0.997381	0.759095	0.997379	0.759095	0.997376	0.759095	0.997375	0.759095	0.997375	1350070608.931330	1.000001	50.779767	37.603770	1.670943	0.897057	0.995788	0.897057	0.995784	0.897057	0.995781	0.897057	0.995777	0.897057	0.995774	0.897550	0.001398	0.897057	0.995772	0.896269	0.000745	
1350070609.931292	1.000006	50.847033	37.616475	3.941306	0.758858	0.997324	0.758858	0.997324	0.758858	0.997323	0.758858	0.997321	0.758858	0.997318	0.758857	0.997317	0.758857	0.997314	0.758857	0.997313	1350070609.931340	1.000010	50.780757	37.603444	1.776121	0.896232	0.995812	0.896232	0.995808	0.896232	0.995806	0.896233	0.995802	0.896233	0.995799	0.860874	0.005487	0.896234	0.995799	0.849411	0.004649	
1350070610.931286	0.999994	50.848829	37.615504	3.825432	0.758601	0.997318	0.758602	0.997316	0.758602	0.997314	0.758602	0.997312	0.758602	0.997309	0.758602	0.997308	0.758602	0.997307	0.758602	0.997307	1350070610.931338	0.999998	50.781148	37.602428	1.665485	0.896771	0.995816	0.896771	0.995813	0.896772	0.995810	0.896771	0.995806	0.896771	0.995804	0.897825	0.001409	0.896772	0.995801	0.896104	0.000759	
1350070611.931285	0.999999	50.844317	37.614431	3.882984	0.758470	0.997259	0.758470	0.997258	0.758470	0.997256	0.758470	0.997255	0.758470	0.997254	0.758470	0.997253	0.758471	0.997251	0.758471	0.997251	1350070611.931329	0.999991	50.782732	37.601659	1.717758	0.896599	0.995845	0.896598	0.995840	0.896598	0.995838	0.896598	0.995834	0.896597	0.995831	0.900877	0.001388	0.896596	0.995829	0.906736	0.000696	
1350070612.931286	1.000001	50.847455	37.615717	3.872387	0.758256	0.997222	0.758256	0.997221	0.758256	0.997216	0.758256	0.997215	0.758256	0.997213	0.758256	0.997213	0.758256	0.997213	0.758256	0.997211	1350070612.931331	1.000002	50.780894	37.599141	1.672330	0.896728	0.995832	0.896728	0.995829	0.896728	0.995824	0.896728	0.995821	0.896727	0.995819	0.897957	0.001467	0.896728	0.995817	0.893361	0.000746	
1350070613.931286	1.000000	50.844467	37.610809	3.966583	0.758053	0.997165	0.758053	0.997163	0.758053	0.997159	0.758053	0.997159	0.758053	0.997158	0.758053	0.997158	0.758053	0.997156	0.758053	0.997153	1350070613.931329	0.999998	50.782262	37.600993	1.668002	0.896806	0.995811	0.896806	0.995808	0.896806	0.995804	0.896806	0.995801	0.896805	0.995798	0.890912	0.001365	0.896805	0.995797	0.895456	0.000710	
1350070614.931286	1.000000	50.847641	37.613434	3.842178	0.757750	0.997100	0.757750	0.997099	0.757750	0.997098	0.757750	0.997097	0.757750	0.997095	0.757750	0.997093	0.757750	0.997090	0.757750	0.997087	1350070614.931330	1.000001	50.780484	37.598658	1.705702	0.896508	0.995772	0.896508	0.995770	0.896508	0.995767	0.896508	0.995764	0.896508	0.995762	0.883287	0.003929	0.896508	0.995760	0.893008	0.000724	
1350070615.931286	1.000000	50.849960	37.612503	3.872559	0.758002	0.997154	0.758002	0.997153	0.758001	0.997152	0.758001	0.997151	0.758001	0.997151	0.758001	0.997149	0.758001	0.997147	0.758001	0.997144	1350070615.931331	1.000001	50.778867	37.594706	1.693114	0.896546	0.995914	0.896546	0.995912	0.896546	0.995908	0.896547	0.995907	0.896546	0.995903	0.901342	0.001360	0.896548	0.995902	0.901525	0.000770	
1350070616.931286	1.000000	50.845215	37.607834	3.896332	0.757880	0.997116	0.757880	0.997113	0.757880	0.997109	0.757880	0.997106	0.757881	0.997103	0.757881	0.997103	0.757881	0.997104	0.757881	0.997103	1350070616.931330	0.999999	50.781283	37.598013	1.646852	0.896471	0.995791	0.896471	0.995788	0.896471	0.995783	0.896471	0.995781	0.896470	0.995777	0.895790	0.001441	0.896471	0.995776	0.899074	0.000734	
1350070617.931286	1.000000	50.847809	37.610397	3.880157	0.757899	0.997143	0.757899	0.997143	0.757899	0.997142	0.757899	0.997142	0.757899	0.997140	0.757898	0.997141	0.757898	0.997139	0.757898	0.997138	1350070617.931332	1.000002	50.728617	37.559682	1.707684	0.896481	0.995721	0.896482	0.995718	0.896481	0.995714	0.896482	0.995711	0.896481	0.995708	0.896972	0.001573	0.896481	0.995707	0.897571	0.000686	
1350070618.931286	1.000000	50.845810	37.605118	3.844955	0.758271	0.997197	0.758272	0.997195	0.758272	0.997194	0.758272	0.997193	0.758272	0.997192	0.758272	0.997190	0.758272	0.997190	0.758273	0.997188	1350070618.931331	0.999999	50.782840	37.601049	1.649477	0.896619	0.995799	0.896619	0.995796	0.896619	0.995793	0.896618	0.995790	0.896618	0.995788	0.897543	0.001417	0.896617	0.995786	0.895534	0.000795	
1350070619.931285	0.999999	50.845996	37.605444	3.824482	0.758217	0.997209	0.758217	0.997208	0.758217	0.997204	0.758217	0.997202	0.758217	0.997200	0.758217	0.997199	0.758217	0.997195	0.758217	0.997195	1350070619.931329	0.999998	50.779378	37.595897	1.696765	0.896548	0.995815	0.896549	0.995811	0.896549	0.995808	0.896550	0.995805	0.896550	0.995802	0.895864	0.001680	0.896551	0.995801	0.896626	0.000690	
1350070620.931286	1.000001	50.849561	37.611567	3.852673	0.757843	0.997090	0.757843	0.997088	0.757842	0.997086	0.757842	0.997083	0.757842	0.997082	0.757842	0.997079	0.757842	0.997078	0.757842	0.997076	1350070620.931335	1.000006	50.781664	37.596211	1.623861	0.896455	0.995769	0.896454	0.995766	0.896455	0.995764	0.896454	0.995760	0.896454	0.995757	0.897192	0.001397	0.896455	0.995756	0.901173	0.000739	
1350070621.931291	1.000005	50.845113	37.606623	3.892437	0.757865	0.997108	0.757865	0.997105	0.757865	0.997103	0.757865	0.997100	0.757865	0.997097	0.757865	0.997094	0.757866	0.997092	0.757866	0.997090	1350070621.931334	0.999999	50.768985	37.577550	1.730226	0.922237	0.997064	0.922237	0.997062	0.922237	0.997058	0.922237	0.997056	0.922237	0.997054	0.920716	0.001255	0.922237	0.997053	0.924414	0.000626	
1350070622.931292	1.000001	50.797651	37.572215	3.873287	0.757559	0.997013	0.757559	0.997010	0.757559	0.997008	0.757559	0.997006	0.757558	0.997004	0.757558	0.997001	0.757558	0.996999	0.757558	0.996997	1350070622.931366	1.000032	50.763927	37.568746	1.719595	0.926014	0.997496	0.926014	0.997493	0.926014	0.997491	0.926014	0.997488	0.926014	0.997485	0.926843	0.001348	0.926014	0.997486	0.932416	0.000946	
1350070623.931286	0.999994	50.898054	37.646190	3.799598	0.757281	0.996964	0.757281	0.996963	0.757281	0.996961	0.757281	0.996961	0.757281	0.996958	0.757281	0.996956	0.757281	0.996953	0.757281	0.996951	1350070623.931348	0.999982	50.766823	37.570343	1.661040	0.926268	0.997446	0.926268	0.997444	0.926268	0.997442	0.926268	0.997440	0.926268	0.997438	0.925749	0.001265	0.926268	0.997437	0.929067	0.000632	
1350070624.931286	1.000000	50.784744	37.557205	3.787857	0.765172	0.996709	0.765172	0.996706	0.765173	0.996704	0.765173	0.996701	0.765173	0.996698	0.765174	0.996697	0.765174	0.996696	0.765174	0.996695	1350070624.931329	0.999981	50.768363	37.570266	1.710024	0.925836	0.997349	0.925836	0.997347	0.925836	0.997345	0.925835	0.997343	0.925836	0.997341	0.914628	0.003635	0.925836	0.997341	0.924255	0.000706	
1350070625.931286	1.000000	50.849274	37.607117	3.880630	0.762088	0.996617	0.762088	0.996614	0.762087	0.996613	0.762087	0.996609	0.762087	0.996607	0.762086	0.996605	0.762086	0.996604	0.762086	0.996604	1350070625.931332	1.000003	50.779719	37.583853	1.716776	0.901114	0.996117	0.901113	0.996114	0.901113	0.996111	0.901114	0.996110	0.901113	0.996106	0.902010	0.001287	0.901111	0.996105	0.894461	0.000711	
1350070626.931286	1.000000	50.847656	37.606766	3.846191	0.757145	0.996904	0.757145	0.996903	0.757145	0.996899	0.757145	0.996897	0.757145	0.996893	0.757145	0.996892	0.757145	0.996890	0.757145	0.996889	1350070626.931333	1.000001	50.783887	37.589869	1.624281	0.895622	0.995899	0.895622	0.995897	0.895621	0.995891	0.895621	0.995888	0.895621	0.995886	0.894937	0.001395	0.895622	0.995886	0.893475	0.000741	
1350070627.931286	1.000000	50.848083	37.605988	3.856308	0.757291	0.996911	0.757291	0.996910	0.757291	0.996905	0.757291	0.996903	0.757291	0.996903	0.757291	0.996902	0.757291	0.996901	0.757291	0.996898	1350070627.931334	1.000001	50.782163	37.590144	1.688139	0.895869	0.995912	0.895869	0.995897	0.895869	0.995894	0.895870	0.995891	0.895869	0.995889	0.901313	0.001498	0.895870	0.995888	0.895627	0.000697	
1350070628.931293	1.000007	50.845764	37.604415	3.847340	0.757240	0.996894	0.757240	0.996885	0.757240	0.996882	0.757240	0.996879	0.757240	0.996875	0.757240	0.996875	0.757240	0.996872	0.757240	0.996871	1350070628.931340	1.000006	50.726382	37.549154	1.752385	0.895861	0.995950	0.895862	0.995960	0.895862	0.995955	0.895862	0.995952	0.895862	0.995950	0.892937	0.003179	0.895864	0.995948	0.893387	0.000991	
1350070629.931285	0.999992	50.847550	37.605911	3.862702	0.756965	0.996840	0.756966	0.996838	0.756966	0.996837	0.756966	0.996835	0.756966	0.996832	0.756966	0.996830	0.756966	0.996827	0.756967	0.996826	1350070629.931329	0.999989	50.784218	37.594651	1.739124	0.895793	0.995923	0.895793	0.995920	0.895792	0.995916	0.895792	0.995914	0.895792	0.995911	0.904396	0.001721	0.895790	0.995910	0.895728	0.000708	
1350070630.931286	1.000001	50.845670	37.602717	3.854473	0.757201	0.996931	0.757201	0.996928	0.757201	0.996924	0.757201	0.996924	0.757201	0.996921	0.757201	0.996918	0.757201	0.996917	0.757201	0.996917	1350070630.931330	1.000001	50.782758	37.589075	1.650893	0.895737	0.995814	0.895737	0.995810	0.895737	0.995807	0.895737	0.995804	0.895737	0.995801	0.897882	0.001372	0.895737	0.995798	0.898823	0.000782	
1350070631.931286	1.000000	50.847656	37.604858	3.859634	0.756835	0.996805	0.756835	0.996804	0.756835	0.996802	0.756835	0.996800	0.756835	0.996798	0.756835	0.996796	0.756835	0.996795	0.756835	0.996793	1350070631.931328	0.999998	50.779851	37.585246	1.662052	0.895969	0.995863	0.895969	0.995859	0.895969	0.995856	0.895969	0.995854	0.895969	0.995852	0.897536	0.001379	0.895969	0.995849	0.891683	0.000689	
1350070632.931286	1.000000	50.847992	37.605270	3.890549	0.757173	0.996901	0.757173	0.996898	0.757173	0.996898	0.757173	0.996896	0.757173	0.996893	0.757173	0.996890	0.757173	0.996889	0.757173	0.996886	1350070632.931330	1.000002	50.780970	37.589055	1.641278	0.896090	0.995920	0.896090	0.995919	0.896090	0.995914	0.896090	0.995911	0.896090	0.995909	0.893467	0.001392	0.896090	0.995907	0.892264	0.000684	
1350070633.931286	1.000000	50.847855	37.603897	3.853683	0.757060	0.996832	0.757060	0.996829	0.757060	0.996828	0.757059	0.996825	0.757059	0.996824	0.757059	0.996822	0.757059	0.996820	0.757059	0.996819	1350070633.931334	1.000004	50.779976	37.589264	1.652291	0.896062	0.995862	0.896063	0.995860	0.896063	0.995855	0.896063	0.995852	0.896063	0.995849	0.899114	0.001353	0.896065	0.995848	0.894594	0.000704	
1350070634.931293	1.000007	50.843490	37.598510	3.907871	0.757010	0.996866	0.757010	0.996864	0.757010	0.996862	0.757010	0.996861	0.757010	0.996858	0.757010	0.996858	0.757011	0.996855	0.757011	0.996853	1350070634.931338	1.000004	50.781395	37.588852	1.746468	0.894985	0.995858	0.894985	0.995857	0.894985	0.995852	0.894985	0.995849	0.894985	0.995847	0.857123	0.007424	0.894985	0.995846	0.823872	0.004883	
1350070635.931286	0.999993	50.849305	37.606400	3.801937	0.756888	0.996882	0.756888	0.996880	0.756888	0.996876	0.756889	0.996874	0.756888	0.996879	0.756888	0.996872	0.756889	0.996871	0.756888	0.996868	1350070635.931329	0.999991	50.780383	37.588765	1.699951	0.895977	0.995788	0.895977	0.995785	0.895977	0.995780	0.895977	0.995777	0.895976	0.995775	0.899176	0.001578	0.895975	0.995774	0.893562	0.000469	
1350070636.931286	1.000000	50.847519	37.602890	3.812317	0.756752	0.996727	0.756752	0.996724	0.756752	0.996724	0.756752	0.996723	0.756752	0.996719	0.756752	0.996718	0.756752	0.996714	0.756752	0.996713	1350070636.931330	1.000001	50.781476	37.591105	1.631255	0.896047	0.995805	0.896047	0.995801	0.896047	0.995798	0.896047	0.995795	0.896047	0.995792	0.896765	0.001575	0.896047	0.995791	0.895215	0.000498	
1350070637.931285	0.999999	50.846957	37.600454	3.829365	0.757145	0.996926	0.757145	0.996923	0.757145	0.996921	0.757145	0.996920	0.757145	0.996918	0.757145	0.996917	0.757145	0.996916	0.757145	0.996914	1350070637.931329	0.999999	50.732119	37.555822	1.644563	0.895805	0.995809	0.895805	0.995804	0.895805	0.995804	0.895805	0.995801	0.895805	0.995796	0.898114	0.001739	0.895805	0.995798	0.894865	0.000433	
1350070638.931286	1.000001	50.795407	37.563410	3.842709	0.756995	0.996839	0.756995	0.996838	0.756995	0.996835	0.756995	0.996834	0.756995	0.996832	0.756995	0.996828	0.756995	0.996826	0.756995	0.996824	1350070638.931330	1.000001	50.781385	37.592768	1.620833	0.895974	0.995877	0.895974	0.995874	0.895974	0.995870	0.895974	0.995867	0.895973	0.995864	0.896262	0.001596	0.895973	0.995863	0.894545	0.000485	
1350070639.931285	0.999999	50.846820	37.601675	3.899723	0.756815	0.996797	0.756815	0.996794	0.756815	0.996792	0.756815	0.996790	0.756815	0.996789	0.756815	0.996788	0.756815	0.996786	0.756815	0.996784	1350070639.931330	1.000000	50.779099	37.587921	1.717667	0.895616	0.995767	0.895616	0.995765	0.895616	0.995762	0.895617	0.995758	0.895617	0.995756	0.901432	0.001928	0.895619	0.995753	0.894685	0.000418	
1350070640.931286	1.000001	50.847913	37.603541	3.877392	0.756770	0.996853	0.756770	0.996851	0.756770	0.996848	0.756770	0.996847	0.756770	0.996844	0.756770	0.996843	0.756770	0.996842	0.756770	0.996840	1350070640.931330	1.000000	50.781662	37.591583	1.630569	0.895977	0.995850	0.895977	0.995845	0.895976	0.995842	0.895976	0.995839	0.895976	0.995836	0.898135	0.001604	0.895976	0.995834	0.894925	0.000519	
1350070641.931286	1.000000	50.846146	37.601913	3.831543	0.756771	0.996861	0.756771	0.996859	0.756771	0.996856	0.756771	0.996854	0.756771	0.996851	0.756771	0.996851	0.756771	0.996850	0.756771	0.996847	1350070641.931329	0.999999	50.781649	37.590170	1.683061	0.895776	0.995888	0.895775	0.995884	0.895775	0.995881	0.895775	0.995879	0.895774	0.995875	0.894281	0.001680	0.895773	0.995874	0.894159	0.000467	
1350070642.931286	1.000000	50.847488	37.603485	3.882050	0.757102	0.996860	0.757102	0.996861	0.757102	0.996859	0.757102	0.996857	0.757102	0.996855	0.757101	0.996854	0.757101	0.996850	0.757101	0.996848	1350070642.931332	1.000003	50.782847	37.592275	1.655223	0.896047	0.995780	0.896048	0.995776	0.896047	0.995773	0.896048	0.995771	0.896048	0.995767	0.895802	0.001669	0.896048	0.995766	0.898149	0.000510	
1350070643.931286	1.000000	50.845428	37.600616	3.837326	0.756758	0.996866	0.756758	0.996864	0.756758	0.996860	0.756758	0.996859	0.756759	0.996856	0.756759	0.996854	0.756759	0.996853	0.756759	0.996852	1350070643.931330	0.999998	50.768484	37.578487	1.654010	0.914858	0.996812	0.914858	0.996809	0.914858	0.996807	0.914859	0.996805	0.914858	0.996801	0.913603	0.001550	0.914861	0.996801	0.912512	0.000417	
1350070644.931286	1.000000	50.848831	37.604584	3.815369	0.756942	0.996874	0.756942	0.996870	0.756942	0.996868	0.756942	0.996864	0.756942	0.996862	0.756942	0.996860	0.756942	0.996860	0.756941	0.996859	1350070644.931336	1.000006	50.765353	37.569341	1.677816	0.925369	0.997614	0.925369	0.997612	0.925369	0.997611	0.925369	0.997608	0.925369	0.997606	0.923751	0.003894	0.925369	0.997605	0.925577	0.000455	
1350070645.931286	1.000000	50.844131	37.597488	3.810394	0.756789	0.996758	0.756789	0.996756	0.756789	0.996752	0.756789	0.996751	0.756789	0.996747	0.756789	0.996747	0.756789	0.996745	0.756789	0.996744	1350070645.931332	0.999996	50.767143	37.569961	1.675529	0.925376	0.997758	0.925377	0.997755	0.925376	0.997754	0.925376	0.997752	0.925376	0.997749	0.925608	0.001477	0.925376	0.997750	0.921250	0.000492	
1350070646.931286	1.000000	50.791824	37.556870	3.789215	0.758345	0.996734	0.758346	0.996733	0.758346	0.996731	0.758346	0.996729	0.758346	0.996726	0.758347	0.996725	0.758347	0.996722	0.758347	0.996721	1350070646.931330	0.999998	50.769598	37.571071	1.651462	0.925384	0.997842	0.925384	0.997839	0.925384	0.997838	0.925384	0.997837	0.925384	0.997836	0.925386	0.001480	0.925384	0.997835	0.924755	0.000489	
1350070647.931301	1.000015	715766186.317708	715788082.937422	715797083.027411	0.999987	1.000197	0.999984	1.000199	0.999987	1.000205	0.999987	1.000196	0.999987	1.000199	0.999989	1.000194	0.999987	1.000199	0.999987	1.000197	1350070647.931420	1.000090	715704998.908414	715714818.742063	715729764.552058	0.999987	1.000196	0.999984	1.000199	3.893235	0.256905	0.999987	1.000196	0.999987	1.000199	0.999989	1.000194	0.999987	1.000199	0.999987	1.000197	
1350070648.931291	0.999990	0.000000	0.000000	0.000000	-nan	-nan	-nan	-nan	0.000000	inf	-nan	-nan	-nan	0.000000	-nan	-nan	-nan	-nan	-nan	-nan	1350070648.931369	0.999949	0.000000	0.000000	0.000000	-nan	-nan	-nan	-nan	0.000000	inf	-nan	-nan	-nan	-nan	-nan	-nan	-nan	-nan	-nan	-nan	
