ts_0	elapsed_0	pkg_0	pp0_0	dram_0	freq_ratio_0_0	c0_ratio_0_0	freq_ratio_0_1	c0_ratio_0_1	freq_ratio_0_2	c0_ratio_0_2	freq_ratio_0_3	c0_ratio_0_3	freq_ratio_0_4	c0_ratio_0_4	freq_ratio_0_5	c0_ratio_0_5	freq_ratio_0_6	c0_ratio_0_6	freq_ratio_0_7	c0_ratio_0_7	ts_1	elapsed_1	pkg_1	pp0_1	dram_1	freq_ratio_1_0	c0_ratio_1_0	freq_ratio_1_1	c0_ratio_1_1	freq_ratio_1_2	c0_ratio_1_2	freq_ratio_1_3	c0_ratio_1_3	freq_ratio_1_4	c0_ratio_1_4	freq_ratio_1_5	c0_ratio_1_5	freq_ratio_1_6	c0_ratio_1_6	freq_ratio_1_7	c0_ratio_1_7	
1350062161.448954	1.000378	47.682710	34.633854	3.799483	1.000000	1.000000	0.999995	0.001167	1.000000	1.000000	0.999977	0.000383	1.000000	1.000000	1.000010	0.000339	1.000000	1.000000	1.000272	0.000395	1350062161.449091	1.000380	34.789330	21.589238	1.802172	1.000000	1.000000	1.000009	0.000536	1.000000	1.000000	0.999565	0.000521	0.996711	0.000072	0.997690	0.000060	0.999758	0.000080	0.996579	0.000065	
1350062162.448936	0.999982	47.633542	34.582680	3.789863	1.000000	1.000000	0.999992	0.002416	1.000000	1.000000	0.999985	0.000253	1.000000	1.000000	1.000296	0.000290	1.000000	1.000000	0.999924	0.000137	1350062162.449068	0.999977	34.818424	21.606726	1.616813	1.000000	1.000000	0.999983	0.000359	1.000000	1.000000	1.000571	0.000372	1.008153	0.000027	1.007533	0.000027	0.996640	0.000027	1.000487	0.000027	
1350062163.448937	1.000001	47.648163	34.596509	3.804882	1.000000	1.000000	1.000016	0.000345	1.000000	1.000000	1.000014	0.000352	1.000000	1.000000	0.999755	0.000319	1.000000	1.000000	0.999479	0.000217	1350062163.449074	1.000006	34.834143	21.620629	1.647146	1.000000	1.000000	0.999980	0.000470	1.000000	1.000000	0.999750	0.000446	0.997361	0.000075	0.997942	0.000097	0.999114	0.000098	0.995334	0.000181	
1350062164.448943	1.000006	48.014286	34.969625	3.796105	1.000000	1.000000	1.000001	0.003334	1.000000	1.000000	0.999993	0.003014	1.000000	1.000000	0.999996	0.004032	1.000000	1.000000	1.000001	0.002853	1350062164.449073	0.999999	34.985538	21.770345	1.607576	1.000000	1.000000	1.000000	0.003056	1.000000	1.000000	0.999964	0.003156	1.000000	0.002726	1.000006	0.002795	0.999998	0.002691	1.000291	0.002917	
1350062165.448943	1.000000	47.699402	34.642227	3.804993	1.000000	1.000000	0.999126	0.000802	1.000000	1.000000	0.999977	0.000287	1.000000	1.000000	0.999941	0.000282	1.000000	1.000000	0.999991	0.000174	1350062165.449074	1.000001	34.797681	21.594706	1.643965	1.000000	1.000000	0.999953	0.000404	1.000000	1.000000	1.000518	0.000403	1.001773	0.000054	0.999572	0.000059	0.999829	0.000063	0.998006	0.000103	
1350062166.448936	0.999993	47.679331	34.622462	3.801464	1.000000	1.000000	1.000716	0.000856	1.000000	1.000000	1.002756	0.000239	1.000000	1.000000	1.000101	0.000244	1.000000	1.000000	0.999975	0.000136	1350062166.449066	0.999992	34.829826	21.614143	1.592847	1.000000	1.000000	1.000014	0.000354	1.000000	1.000000	0.999989	0.000437	1.004610	0.000020	1.009598	0.000020	1.009538	0.000020	1.021879	0.000009	
1350062167.448943	1.000007	47.726095	34.667699	3.805149	1.000000	1.000000	1.000210	0.000312	1.000000	1.000000	0.999946	0.000291	1.000000	1.000000	0.999985	0.000286	1.000000	1.000000	0.999985	0.000180	1350062167.449080	1.000014	34.838347	21.625535	1.650459	1.000000	1.000000	0.999991	0.000442	1.000000	1.000000	0.999962	0.000384	1.000056	0.000145	0.996881	0.000062	0.993972	0.000057	0.998740	0.000165	
1350062168.448943	1.000000	47.714798	34.653641	3.797363	1.000000	1.000000	1.000038	0.000343	1.000000	1.000000	0.996901	0.000222	1.000000	1.000000	0.999858	0.000261	1.000000	1.000000	0.999803	0.000137	1350062168.449075	0.999995	34.827720	21.614076	1.592125	1.000000	1.000000	1.000007	0.000361	1.000000	1.000000	0.999996	0.000387	0.998863	0.000008	1.029108	0.000013	1.026310	0.000013	1.016480	0.000013	
1350062169.448937	0.999994	47.710795	34.654626	3.801231	1.000000	1.000000	0.999312	0.000275	1.000000	1.000000	1.002124	0.000319	1.000000	1.000000	1.000099	0.000287	1.000000	1.000000	1.000053	0.000173	1350062169.449078	1.000003	34.826354	21.612055	1.641780	1.000000	1.000000	1.000006	0.000438	1.000000	1.000000	1.000018	0.000438	1.000048	0.000065	0.997532	0.000067	0.999860	0.000063	0.998865	0.000063	
1350062170.448936	0.999999	47.722229	34.665286	3.801792	1.000000	1.000000	0.998551	0.000358	1.000000	0.999997	1.000005	0.000255	1.000000	1.000000	0.999934	0.000262	1.000000	1.000000	0.999985	0.000154	1350062170.449075	0.999997	34.819062	21.606467	1.593404	1.000000	1.000000	0.999860	0.000313	1.000000	1.000000	0.999974	0.000354	0.999797	0.000013	0.998166	0.000013	0.999826	0.000013	1.001125	0.000067	
1350062171.448937	1.000001	47.717301	34.660886	3.805187	1.000000	1.000000	1.001220	0.000559	1.000000	1.000003	0.997487	0.000262	1.000000	1.000000	1.000003	0.000259	1.000000	1.000000	1.000017	0.000159	1350062171.449077	1.000002	34.832636	21.620549	1.662976	1.000000	1.000000	1.000078	0.000450	1.000000	1.000000	0.999728	0.000444	0.996774	0.000056	0.997144	0.000068	0.996191	0.000061	0.999032	0.000199	
1350062172.448936	0.999999	47.729065	34.670138	3.797291	1.000000	1.000000	0.999696	0.002175	1.000000	1.000000	0.999834	0.000253	1.000000	1.000000	1.000033	0.000270	1.000000	1.000000	1.000086	0.000156	1350062172.449065	0.999988	34.820163	21.605284	1.605030	1.000000	1.000000	0.999970	0.000361	0.999999	1.000000	1.000351	0.000347	1.012759	0.000014	1.008001	0.000027	1.008708	0.000027	1.005947	0.000027	
1350062173.448937	1.000001	47.731308	34.672529	3.793865	1.000000	1.000000	1.002091	0.000313	1.000000	1.000000	1.000113	0.000297	1.000000	1.000000	0.999925	0.000279	1.000000	1.000000	1.000691	0.000158	1350062173.449071	1.000006	34.792883	21.593484	1.648611	1.000000	1.000000	1.000012	0.000425	1.000000	1.000000	1.000006	0.000449	0.998697	0.000068	0.996933	0.000068	0.996291	0.000056	0.997576	0.000069	
1350062174.448937	1.000000	47.675522	34.629242	3.797653	1.000000	1.000000	0.999965	0.000306	1.000000	1.000000	1.002157	0.000299	1.000000	1.000000	1.000533	0.000264	1.000000	1.000000	0.999926	0.000135	1350062174.449070	0.999999	34.821719	21.607717	1.596452	1.000000	1.000000	0.999984	0.000371	1.000000	1.000000	0.999881	0.000366	1.007150	0.000013	1.013494	0.000014	1.014669	0.000013	1.014185	0.000014	
1350062175.448937	1.000000	47.722290	34.660507	3.793991	1.000000	1.000000	0.997747	0.000307	1.000000	1.000000	0.997735	0.000290	1.000000	1.000000	0.999463	0.000287	1.000000	1.000000	0.999498	0.000211	1350062175.449070	1.000000	34.828308	21.613556	1.650650	1.000000	1.000000	0.999962	0.000433	1.000000	1.000000	1.000080	0.000422	1.000087	0.000084	0.997986	0.000090	0.997814	0.000083	0.995826	0.000206	
1350062176.448943	1.000006	47.726171	34.665916	3.797264	1.000000	1.000000	1.001139	0.000604	1.000000	1.000000	0.999821	0.000263	1.000000	1.000000	0.999769	0.000244	1.000000	1.000000	0.999714	0.000137	1350062176.449071	1.000001	34.829053	21.613245	1.599440	1.000000	1.000000	1.000036	0.000355	1.000000	1.000000	1.000395	0.000434	0.999520	0.000020	1.009890	0.000020	1.009239	0.000020	1.035529	0.000024	
1350062177.448937	0.999994	47.709299	34.650521	3.793480	1.000000	1.000000	0.999959	0.000364	1.000000	1.000000	1.002343	0.000292	1.000000	1.000000	1.000210	0.000288	1.000000	1.000000	1.000138	0.000182	1350062177.449078	1.000007	34.819171	21.604465	1.635594	1.000000	1.000000	0.999996	0.000436	1.000000	1.000000	0.999515	0.000408	0.999888	0.000069	0.999553	0.000069	0.999777	0.000071	1.000136	0.000068	
1350062178.448942	1.000005	47.731786	34.672266	3.789791	1.000000	1.000000	0.999913	0.000297	1.000000	1.000000	0.999917	0.000268	1.000000	1.000000	0.999865	0.000242	1.000000	1.000000	0.999792	0.000119	1350062178.449073	0.999995	34.822715	21.606553	1.591668	1.000000	1.000000	0.999989	0.000339	1.000000	1.000000	0.999954	0.000386	0.999440	0.000013	1.000292	0.000013	1.000522	0.000013	0.999275	0.000013	
1350062179.448937	0.999995	47.745143	34.683188	3.801060	1.000000	1.000000	1.000070	0.000271	1.000000	1.000000	0.997602	0.000265	1.000000	1.000000	1.000065	0.000274	1.000000	1.000000	1.000170	0.000177	1350062179.449067	0.999994	34.831232	21.616111	1.648127	1.000000	1.000000	0.999990	0.000399	1.000000	1.000000	1.000053	0.000417	1.000542	0.000048	0.999031	0.000060	0.995324	0.000047	0.998284	0.000135	
1350062180.448936	0.999999	47.740082	34.681719	3.805286	1.000000	1.000000	0.997926	0.000329	1.000000	1.000000	0.999841	0.000267	1.000000	1.000000	0.999903	0.000263	1.000000	1.000000	0.999637	0.000137	1350062180.449083	1.000016	34.825707	21.613119	1.597005	1.000000	1.000000	0.999995	0.000333	1.000000	1.000000	0.999992	0.000350	0.998914	0.000013	1.004369	0.000013	1.016338	0.000014	1.003239	0.000066	
1350062181.448937	1.000001	47.733567	34.674329	3.778485	1.000000	1.000000	1.001184	0.000569	1.000000	1.000000	1.002279	0.000304	1.000000	1.000000	1.000129	0.000253	1.000000	1.000000	1.000211	0.000196	1350062181.449072	0.999989	34.826066	21.613305	1.637622	1.000000	1.000000	0.999987	0.000417	1.000000	1.000000	0.999992	0.000454	1.000378	0.000067	0.996966	0.000061	0.997069	0.000062	0.996826	0.000060	
1350062182.448937	1.000000	47.725128	34.678696	3.804703	1.000000	1.000000	0.999872	0.005427	1.000000	1.000000	0.997313	0.000247	1.000000	1.000000	1.000020	0.000267	1.000000	1.000000	0.999939	0.000138	1350062182.449076	1.000004	34.825909	21.611500	1.623498	1.000000	1.000000	0.999998	0.000367	1.000000	1.000000	0.999996	0.000324	0.999039	0.000027	1.006763	0.000027	1.006677	0.000027	1.007283	0.000027	
1350062183.448937	1.000000	47.736908	34.676865	3.801514	1.000000	1.000000	1.002403	0.000288	1.000000	1.000000	0.999984	0.000284	1.000000	1.000000	0.999937	0.000274	1.000000	1.000000	1.000013	0.000176	1350062183.449069	0.999993	34.824002	21.610226	1.627849	1.000000	1.000000	1.000006	0.000416	0.999999	1.000000	0.999954	0.000402	1.000238	0.000068	0.999959	0.000067	0.998753	0.000068	0.997393	0.000069	
1350062184.448937	1.000000	47.732010	34.672760	3.797424	1.000000	1.000000	1.000042	0.000266	1.000000	1.000000	0.999833	0.000268	1.000000	1.000000	1.000013	0.000243	1.000000	1.000000	0.999918	0.000137	1350062184.449071	1.000002	34.825770	21.611180	1.587018	1.000000	1.000000	1.000628	0.000314	1.000000	1.000000	1.000021	0.000365	0.998927	0.000013	0.998546	0.000013	1.006261	0.000013	1.013277	0.000013	
1350062185.448937	1.000000	47.733917	34.676132	3.809296	1.000000	1.000000	0.997671	0.000310	1.000000	1.000000	1.002401	0.000283	1.000000	1.000000	0.999946	0.000273	1.000000	1.000000	1.000627	0.000175	1350062185.449073	1.000002	34.786845	21.587117	1.622311	1.000000	0.999999	0.999498	0.000425	1.000000	1.000000	0.999989	0.000397	0.999876	0.000047	1.000322	0.000061	0.999860	0.000061	0.999031	0.000103	
1350062186.448937	1.000000	47.748306	34.689575	3.786163	1.000000	1.000000	1.001216	0.000585	1.000000	1.000000	0.999925	0.000284	1.000000	1.000000	1.000709	0.000242	1.000000	1.000000	0.999960	0.000136	1350062186.449074	1.000001	34.810163	21.595362	1.593321	1.000000	1.000001	0.999990	0.000331	1.000000	1.000000	0.999982	0.000371	1.000307	0.000020	1.000523	0.000020	1.000381	0.000020	1.005655	0.000009	
1350062187.448937	1.000000	47.733002	34.675980	3.801498	1.000000	1.000000	0.997923	0.000279	1.000000	1.000000	0.997579	0.000262	1.000000	1.000000	0.999414	0.000286	1.000000	1.000000	0.999491	0.000217	1350062187.449070	0.999996	34.828938	21.614925	1.633841	1.000000	1.000000	1.000011	0.000446	1.000000	1.000000	1.000389	0.000394	0.999052	0.000084	0.997836	0.000096	0.998098	0.000096	0.992722	0.000114	
1350062188.448944	1.000007	47.741384	34.682530	3.801030	1.000000	1.000000	1.001944	0.000298	1.000000	1.000000	1.002024	0.000312	1.000000	1.000000	0.999867	0.000243	1.000000	1.000000	1.000000	0.000140	1350062188.449081	1.000011	34.833572	21.619041	1.607175	1.000000	1.000000	1.000004	0.000358	1.000000	1.000000	1.000453	0.001158	1.002585	0.000020	1.008754	0.000020	1.008979	0.000020	1.035740	0.000024	
1350062189.448937	0.999993	47.861415	34.813671	3.800518	1.000000	1.000000	0.999989	0.003483	1.000000	1.000000	0.999999	0.002849	1.000000	1.000000	1.000007	0.003954	1.000000	1.000000	0.999999	0.002858	1350062189.449080	0.999999	35.010806	21.796072	1.658693	1.000000	1.000000	0.999996	0.003112	1.000000	1.000000	0.999772	0.003080	0.999971	0.002784	0.999928	0.002677	0.999920	0.002452	0.999929	0.002667	
1350062190.448936	0.999999	47.724563	34.664553	3.797642	1.000000	1.000000	0.998317	0.000316	1.000000	1.000000	0.997203	0.000246	1.000000	1.000000	0.999757	0.000244	1.000000	1.000000	0.999853	0.000152	1350062190.449069	0.999989	34.811280	21.599190	1.593096	1.000000	1.000000	1.000632	0.000319	1.000000	1.000000	1.000001	0.000372	1.011005	0.000009	1.023156	0.000009	1.020895	0.000009	1.003907	0.000057	
1350062191.448937	1.000001	47.736054	34.676755	3.797817	1.000000	1.000000	1.000942	0.000570	1.000000	1.000000	1.000116	0.000285	1.000000	1.000000	1.000091	0.000268	1.000000	1.000000	1.000076	0.000157	1350062191.449071	1.000002	34.824000	21.611836	1.647793	1.000000	1.000000	0.999468	0.000399	1.000000	1.000000	0.999935	0.000454	0.999883	0.000069	1.000054	0.000064	0.998739	0.000070	0.997170	0.000070	
1350062192.448943	1.000006	47.750127	34.690040	3.785637	1.000000	1.000000	0.999997	0.002182	1.000000	1.000000	0.999838	0.000267	1.000000	1.000000	0.999937	0.000244	1.000000	1.000000	0.999755	0.000156	1350062192.449074	1.000003	34.814879	21.604044	1.592341	1.000000	1.000000	0.999961	0.000343	1.000000	1.000000	0.999829	0.000357	1.004966	0.000027	0.999655	0.000027	0.998197	0.000027	1.006595	0.000027	
1350062193.448938	0.999995	715815173.109752	715817721.265698	715817307.578889	0.999982	1.000163	0.999979	1.000166	0.999990	1.000163	0.999981	1.000160	0.999982	1.000166	0.999984	1.000157	0.999981	1.000162	0.999982	1.000164	1350062193.449037	0.999963	715789825.486658	715837400.912465	715828334.644226	0.999982	1.000165	0.999979	1.000163	3.893574	0.256873	0.999981	1.000161	0.999982	1.000165	0.999984	1.000159	0.999981	1.000162	0.999982	1.000165	
1350062194.448937	0.999999	0.000000	0.000000	0.000000	-nan	-nan	-nan	-nan	0.000000	inf	-nan	-nan	-nan	0.000000	0.000000	inf	-nan	-nan	-nan	-nan	1350062194.449007	0.999970	0.000000	0.000000	0.000000	-nan	-nan	-nan	-nan	0.000000	inf	-nan	-nan	-nan	-nan	-nan	-nan	-nan	-nan	-nan	-nan	
