ts_0	elapsed_0	pkg_0	pp0_0	dram_0	freq_ratio_0_0	c0_ratio_0_0	freq_ratio_0_1	c0_ratio_0_1	freq_ratio_0_2	c0_ratio_0_2	freq_ratio_0_3	c0_ratio_0_3	freq_ratio_0_4	c0_ratio_0_4	freq_ratio_0_5	c0_ratio_0_5	freq_ratio_0_6	c0_ratio_0_6	freq_ratio_0_7	c0_ratio_0_7	ts_1	elapsed_1	pkg_1	pp0_1	dram_1	freq_ratio_1_0	c0_ratio_1_0	freq_ratio_1_1	c0_ratio_1_1	freq_ratio_1_2	c0_ratio_1_2	freq_ratio_1_3	c0_ratio_1_3	freq_ratio_1_4	c0_ratio_1_4	freq_ratio_1_5	c0_ratio_1_5	freq_ratio_1_6	c0_ratio_1_6	freq_ratio_1_7	c0_ratio_1_7	
1349417134.519426	1.001194	53.450264	39.529233	0.000000	0.846259	0.930626	0.846061	0.929610	0.846145	0.929375	0.844314	0.918537	0.843051	0.911110	0.842744	0.909567	0.844146	0.917712	0.842741	0.909474	1349417134.519525	1.000357	51.594378	37.867786	0.000000	0.947924	0.931639	0.947927	0.931516	0.947954	0.931273	0.947957	0.931352	0.946705	0.909882	0.942577	0.000707	0.883045	0.000879	0.950722	0.985802	
1349417135.519424	0.999998	50.825262	36.549050	0.000000	0.761377	0.845475	0.761073	0.841824	0.775914	0.995662	0.775917	0.995693	0.775915	0.995749	0.775919	0.995645	0.775919	0.995706	0.775923	0.995610	1349417135.519579	1.000054	50.807763	36.850935	0.000000	0.864974	0.996670	0.864974	0.996704	0.864973	0.996696	0.864973	0.996746	0.864972	0.996689	0.763246	0.166911	0.763044	0.166561	0.864972	0.996784	
1349417136.519423	0.999999	50.779513	36.412205	0.000000	0.888867	0.006063	0.866347	0.001451	0.882583	0.995103	0.882582	0.995133	0.882576	0.995195	0.882582	0.995060	0.882582	0.995107	0.882567	0.995167	1349417136.519587	1.000008	50.833862	36.830848	0.000000	0.757327	0.993614	0.757334	0.993652	0.757334	0.993648	0.757334	0.993662	0.757334	0.993656	0.757326	0.993600	0.757325	0.993527	0.757467	0.995443	
1349417137.519423	1.000000	50.797409	36.440704	0.000000	0.901886	0.005085	0.896242	0.001052	0.882037	0.995462	0.882040	0.995488	0.882042	0.995506	0.882038	0.995466	0.882037	0.995462	0.882043	0.995369	1349417137.519589	1.000002	50.855128	36.857443	0.000000	0.757620	0.993990	0.757624	0.994028	0.757624	0.994007	0.757624	0.994017	0.757623	0.994010	0.757620	0.993972	0.757619	0.993803	0.757741	0.995327	
1349417138.519424	1.000001	50.787656	36.417553	0.000000	0.894490	0.005810	0.872566	0.000882	0.880481	0.996783	0.880485	0.996716	0.880484	0.996778	0.880485	0.996683	0.880486	0.996725	0.880484	0.996645	1349417138.519590	1.000001	50.795438	36.801494	0.000000	0.756510	0.995430	0.756510	0.995419	0.756510	0.995420	0.756509	0.995419	0.756509	0.995414	0.756509	0.995419	0.756512	0.995188	0.756509	0.995420	
1349417139.519427	1.000003	50.791194	36.422678	0.000000	0.890452	0.006602	0.873573	0.001062	0.881561	0.996707	0.881561	0.996698	0.881560	0.996818	0.881561	0.996689	0.881561	0.996688	0.881559	0.996818	1349417139.519588	0.999998	50.841482	36.835993	0.000000	0.756440	0.995356	0.756440	0.995356	0.756440	0.995349	0.756441	0.995357	0.756441	0.995351	0.756440	0.995284	0.756441	0.995345	0.756441	0.995346	
1349417140.519422	0.999995	50.789881	36.413543	0.000000	0.899661	0.006546	0.917819	0.000729	0.881121	0.996641	0.881121	0.996614	0.881121	0.996658	0.881120	0.996547	0.881120	0.996573	0.881120	0.996648	1349417140.519590	1.000002	50.845576	36.834326	0.000000	0.756612	0.995554	0.756611	0.995486	0.756611	0.995483	0.756612	0.995543	0.756611	0.995487	0.756612	0.995528	0.756611	0.995435	0.756611	0.995535	
1349417141.519427	1.000005	50.785116	36.412904	0.000000	0.896106	0.005546	0.868866	0.001191	0.880732	0.996107	0.880735	0.996044	0.880736	0.996191	0.880734	0.995947	0.880734	0.995984	0.880737	0.996115	1349417141.519592	1.000002	50.843165	36.832419	0.000000	0.756627	0.995015	0.756632	0.995059	0.756632	0.995056	0.756632	0.995058	0.756632	0.995049	0.756627	0.995000	0.756631	0.994938	0.756671	0.995432	
1349417142.519424	0.999997	50.739018	36.374731	0.000000	0.898016	0.005459	0.897675	0.000863	0.880491	0.996685	0.880490	0.996585	0.880490	0.996602	0.880491	0.996566	0.880491	0.996571	0.880491	0.996626	1349417142.519600	1.000008	50.846771	36.834281	0.000000	0.756009	0.995323	0.756009	0.995315	0.756009	0.995311	0.756009	0.995313	0.756009	0.995307	0.756009	0.995312	0.756009	0.995311	0.756008	0.995310	
1349417143.519425	1.000001	50.790586	36.416011	0.000000	0.901969	0.005222	0.900633	0.000673	0.880934	0.996263	0.880938	0.996314	0.880939	0.996343	0.880936	0.996293	0.880938	0.996317	0.880938	0.996284	1349417143.519585	0.999985	50.846940	36.834492	0.000000	0.756306	0.995093	0.756309	0.995142	0.756309	0.995134	0.756309	0.995141	0.756309	0.995132	0.756305	0.995092	0.756305	0.995018	0.756330	0.995377	
1349417144.519424	0.999999	50.790393	36.413273	0.000000	0.897080	0.006476	0.886374	0.000732	0.880712	0.996596	0.880714	0.996464	0.880712	0.996505	0.880713	0.996439	0.880712	0.996446	0.880711	0.996503	1349417144.519591	1.000006	50.843981	36.828287	0.000000	0.755850	0.995260	0.755849	0.995251	0.755849	0.995246	0.755849	0.995248	0.755849	0.995240	0.755849	0.995242	0.755853	0.995106	0.755849	0.995234	
1349417145.519427	1.000003	50.788554	36.408197	0.000000	0.902519	0.005224	0.845717	0.003672	0.879885	0.996240	0.879888	0.996244	0.879890	0.996282	0.879889	0.996199	0.879890	0.996239	0.879892	0.996228	1349417145.519588	0.999997	50.844976	36.827400	0.000000	0.755797	0.995042	0.755801	0.995036	0.755800	0.995030	0.755802	0.995086	0.755801	0.995056	0.755797	0.995016	0.755797	0.994970	0.755823	0.995312	
1349417146.519441	1.000014	50.786563	36.403831	0.000000	0.900462	0.005545	0.885986	0.000861	0.880243	0.996625	0.880244	0.996618	0.880244	0.996619	0.880243	0.996612	0.880243	0.996612	0.880243	0.996595	1349417146.519619	1.000031	50.841915	36.824832	0.000000	0.755320	0.995296	0.755320	0.995288	0.755320	0.995285	0.755320	0.995285	0.755321	0.995282	0.755321	0.995286	0.755321	0.995251	0.755321	0.995278	
1349417147.519423	0.999982	50.782845	36.406413	0.000000	0.899246	0.005174	0.890758	0.000630	0.880468	0.996603	0.880469	0.996607	0.880469	0.996604	0.880470	0.996599	0.880470	0.996597	0.880472	0.996542	1349417147.519585	0.999966	50.836282	36.824055	0.000000	0.755608	0.995341	0.755608	0.995334	0.755609	0.995327	0.755609	0.995331	0.755609	0.995325	0.755609	0.995328	0.755612	0.995242	0.755610	0.995323	
1349417148.519419	0.999996	715818532.879636	715809212.210403	715830786.066720	0.999971	1.000018	0.999971	1.000031	0.999973	1.000033	0.999972	1.000022	0.999973	1.000029	0.999974	1.000019	0.999972	1.000026	0.999972	1.000024	1349417148.520061	1.000476	715457306.504904	715477124.624951	715487396.086892	0.999973	1.000026	0.999970	1.000026	3.894190	0.256795	0.999972	1.000021	0.999971	1.000022	0.999976	1.000025	0.999971	1.000023	0.999973	1.000028	
1349417149.519454	1.000035	0.000000	0.000000	0.000000	-nan	-nan	-nan	-nan	0.000000	inf	-nan	-nan	-nan	0.000000	0.000000	inf	-nan	-nan	-nan	-nan	1349417149.519551	0.999490	0.000000	0.000000	0.000000	-nan	-nan	-nan	-nan	0.000000	inf	-nan	-nan	-nan	-nan	-nan	-nan	-nan	-nan	-nan	-nan	
