ts_0	elapsed_0	pkg_0	pp0_0	dram_0	freq_ratio_0_0	c0_ratio_0_0	freq_ratio_0_1	c0_ratio_0_1	freq_ratio_0_2	c0_ratio_0_2	freq_ratio_0_3	c0_ratio_0_3	freq_ratio_0_4	c0_ratio_0_4	freq_ratio_0_5	c0_ratio_0_5	freq_ratio_0_6	c0_ratio_0_6	freq_ratio_0_7	c0_ratio_0_7	ts_1	elapsed_1	pkg_1	pp0_1	dram_1	freq_ratio_1_0	c0_ratio_1_0	freq_ratio_1_1	c0_ratio_1_1	freq_ratio_1_2	c0_ratio_1_2	freq_ratio_1_3	c0_ratio_1_3	freq_ratio_1_4	c0_ratio_1_4	freq_ratio_1_5	c0_ratio_1_5	freq_ratio_1_6	c0_ratio_1_6	freq_ratio_1_7	c0_ratio_1_7	
1349420113.071762	1.001351	46.984492	33.350097	0.000000	1.269009	0.987242	1.268987	0.997685	1.228943	0.001327	1.231054	0.000143	1.214177	0.000114	1.223289	0.000238	1.221756	0.000284	1.230253	0.000522	1349420113.071991	1.000690	48.917343	35.446093	0.000000	1.269138	0.989051	1.109291	0.000252	1.231097	0.000290	1.084792	0.000165	1.228498	0.000200	1.048744	0.000200	1.252070	0.000054	1.269056	0.989751	
1349420114.071760	0.999998	47.330641	33.662677	0.000000	1.269137	0.999030	1.269137	0.999003	1.230055	0.000749	1.226722	0.000061	1.225465	0.000067	1.255806	0.000007	1.232510	0.000080	1.230168	0.000164	1349420114.071985	0.999994	49.162494	35.675567	0.000000	1.269185	0.999554	1.225342	0.000079	1.211643	0.000063	1.226232	0.000067	1.230826	0.000110	1.231297	0.000085	1.228197	0.000275	1.269185	0.999727	
1349420115.071760	1.000000	47.275024	33.608719	0.000000	1.269096	0.995696	1.269096	0.995634	1.230952	0.001207	1.229041	0.000121	1.215670	0.000007	1.232350	0.000074	1.230663	0.000041	1.231543	0.000096	1349420115.071986	1.000001	49.000670	35.517529	0.000000	1.269212	0.996781	1.241938	0.000009	1.233486	0.000007	1.233464	0.000006	1.230652	0.000100	1.230516	0.000053	1.231253	0.000044	1.269212	0.999871	
1349420116.071761	1.000001	47.372101	33.695372	0.000000	1.269017	0.997540	1.269018	0.997510	1.230453	0.001789	1.227222	0.000207	1.225355	0.000083	1.231072	0.000007	1.230765	0.000079	1.230790	0.000165	1349420116.071983	0.999997	48.904357	35.465945	0.000000	1.269178	0.999245	1.217243	0.000079	1.228818	0.000167	1.224786	0.000062	1.230852	0.000110	1.231004	0.000092	1.228390	0.000257	1.269178	0.999681	
1349420117.071760	0.999999	47.359161	33.683626	0.000000	1.269016	0.997880	1.269016	0.997861	1.230953	0.001896	1.231880	0.000161	1.222255	0.000008	1.225474	0.000091	1.230907	0.000045	1.230764	0.000109	1349420117.071979	0.999996	48.991776	35.466361	0.000000	1.269160	0.999695	1.218735	0.000010	1.231798	0.000792	1.238149	0.000006	1.230779	0.000124	1.230297	0.000050	1.226623	0.000006	1.269160	0.999695	
1349420118.071760	1.000000	47.468979	33.776993	0.000000	1.268984	0.997605	1.268985	0.997603	1.230390	0.001837	1.231126	0.000369	1.231511	0.000079	1.245264	0.000023	1.230686	0.000105	1.230916	0.000202	1349420118.071987	1.000008	49.006683	35.515505	0.000000	1.269170	0.999602	1.236540	0.000081	1.226999	0.000086	1.227722	0.000109	1.230775	0.000186	1.230685	0.000116	1.225550	0.000273	1.269171	0.999602	
1349420119.071760	1.000000	47.451462	33.760941	0.000000	1.268934	0.997066	1.268934	0.997032	1.230789	0.001868	1.230694	0.000295	1.226400	0.000007	1.232608	0.000068	1.230009	0.000038	1.230605	0.000107	1349420119.071987	1.000000	48.963455	35.476395	0.000000	1.269212	0.999078	1.221088	0.000009	1.231209	0.000006	1.225339	0.000006	1.230797	0.000109	1.230849	0.000043	1.255643	0.000036	1.269212	0.999871	
1349420120.071760	1.000000	47.396103	33.708084	0.000000	1.269011	0.995441	1.269045	0.995367	1.230985	0.001069	1.229800	0.000394	1.227627	0.000082	1.234306	0.000007	1.231214	0.000082	1.229852	0.000154	1349420120.072126	1.000139	48.979368	35.493708	0.000000	1.269072	0.996540	1.226347	0.000078	1.212407	0.000075	1.227092	0.000076	1.230492	0.000120	1.230792	0.000097	1.230141	0.002256	1.269072	0.999534	
1349420121.071760	1.000000	47.470993	33.788010	0.000000	1.268969	0.997267	1.268969	0.997206	1.230811	0.001854	1.230150	0.000097	1.216428	0.000007	1.229505	0.000101	1.230105	0.000037	1.232395	0.000094	1349420121.071985	0.999859	49.011392	35.521927	0.000000	1.269211	0.999122	1.235521	0.000009	1.239437	0.000007	1.232967	0.000006	1.231100	0.000107	1.231168	0.000048	1.248425	0.000051	1.269211	0.999871	
1349420122.071760	1.000000	47.410645	33.735977	0.000000	1.268937	0.996784	1.268989	0.996718	1.230196	0.001780	1.228075	0.000202	1.221631	0.000070	1.197892	0.000007	1.230729	0.000079	1.230741	0.000158	1349420122.071981	0.999996	49.005875	35.528449	0.000000	1.269119	0.998301	1.220667	0.000074	1.231250	0.000912	1.222885	0.000065	1.230661	0.000108	1.230675	0.000089	1.228766	0.000273	1.269119	0.999470	
1349420123.071757	0.999997	715790920.600384	715777867.096470	715830103.395168	0.999971	1.000017	0.999970	1.000028	0.999973	1.000034	0.999970	1.000015	0.999970	1.000019	0.999975	1.000023	0.999972	1.000025	0.999971	1.000019	1349420123.071855	0.999874	715852513.631110	715857199.476283	715918008.067056	0.999972	1.000024	0.999968	1.000021	3.894262	0.256788	0.999971	1.000020	0.999971	1.000020	0.999976	1.000026	0.999973	1.000029	0.999971	1.000019	
1349420124.071837	1.000080	0.000000	0.000000	0.000000	-nan	-nan	-nan	-nan	1.000008	inf	-nan	-nan	-nan	0.000000	-nan	-nan	-nan	-nan	-nan	-nan	1349420124.071916	1.000061	0.000000	0.000000	0.000000	-nan	-nan	-nan	-nan	1.345745	inf	-nan	-nan	-nan	-nan	-nan	-nan	-nan	-nan	-nan	-nan	
