ts_0	elapsed_0	pkg_0	pp0_0	dram_0	freq_ratio_0_0	c0_ratio_0_0	freq_ratio_0_1	c0_ratio_0_1	freq_ratio_0_2	c0_ratio_0_2	freq_ratio_0_3	c0_ratio_0_3	freq_ratio_0_4	c0_ratio_0_4	freq_ratio_0_5	c0_ratio_0_5	freq_ratio_0_6	c0_ratio_0_6	freq_ratio_0_7	c0_ratio_0_7	ts_1	elapsed_1	pkg_1	pp0_1	dram_1	freq_ratio_1_0	c0_ratio_1_0	freq_ratio_1_1	c0_ratio_1_1	freq_ratio_1_2	c0_ratio_1_2	freq_ratio_1_3	c0_ratio_1_3	freq_ratio_1_4	c0_ratio_1_4	freq_ratio_1_5	c0_ratio_1_5	freq_ratio_1_6	c0_ratio_1_6	freq_ratio_1_7	c0_ratio_1_7	
1349417497.784926	1.001248	51.771013	37.948266	0.000000	0.999998	0.951469	1.000000	0.943871	1.000000	0.943880	1.000000	0.943188	1.000000	0.905226	1.000000	0.802156	0.998471	0.000682	0.997590	0.000167	1349417497.785057	1.000388	61.334484	47.656120	0.000000	1.000001	0.945093	0.999981	0.944881	1.000001	0.944709	0.999983	0.923145	1.000001	0.923312	1.000001	0.906004	0.999979	0.906606	1.000002	0.990973	
1349417498.784926	1.000000	52.988708	39.084366	0.000000	0.999758	0.950169	0.999899	0.949880	0.999955	0.949775	0.999957	0.949770	0.999869	0.949945	0.999959	0.949765	1.000052	0.000706	0.999747	0.000047	1349417498.785057	1.000000	62.886154	49.104797	0.000000	1.000000	0.950030	1.000000	0.950013	1.000000	0.949913	1.000000	0.949773	1.000000	0.949704	1.000000	0.949800	1.000000	0.950042	1.000000	1.000000	
1349417499.784924	0.999998	46.428769	32.572038	0.000000	0.999858	0.768381	0.999830	0.768517	0.999949	0.768258	0.999965	0.768228	0.999889	0.768344	0.999966	0.768224	0.961822	0.000448	0.995198	0.000109	1349417499.785058	1.000001	56.573081	42.848684	0.000000	1.000000	0.768380	1.000000	0.768412	1.000000	0.768305	1.000000	0.768259	1.000000	0.768257	1.000000	0.768303	1.000000	0.768378	1.000000	1.000000	
1349417500.784926	1.000002	56.918287	42.597026	0.000000	0.999958	0.992498	0.999989	0.992435	1.000000	0.992402	1.000000	0.992401	0.999989	0.992469	1.000001	0.992400	0.999748	0.000708	1.007484	0.000070	1349417500.785056	0.999998	64.932283	50.697118	0.000000	0.970197	0.990110	0.970199	0.990048	0.970199	0.989954	0.970197	0.989978	0.970197	0.989974	0.970197	0.989969	0.970198	0.990051	0.970421	0.997593	
1349417501.784926	1.000000	57.508835	43.106491	0.000000	0.999941	0.999015	0.999971	0.998920	0.999988	0.998872	0.999988	0.998860	0.999963	0.998953	0.999989	0.998856	0.999966	0.000811	0.999670	0.000131	1349417501.785066	1.000010	64.693017	50.362823	0.000000	0.956029	0.995556	0.956029	0.995493	0.956026	0.995345	0.956029	0.995372	0.956029	0.995371	0.956029	0.995398	0.956028	0.995483	0.956053	0.996492	
1349417502.784926	1.000000	57.530624	43.109909	0.000000	1.000000	0.999958	1.000000	0.999949	1.000000	0.999892	1.000000	0.999900	1.000000	0.999941	1.000000	0.999901	1.000062	0.000575	0.999935	0.000071	1349417502.785059	0.999993	64.673161	50.338986	0.000000	0.954780	0.996447	0.954782	0.996397	0.954785	0.996300	0.954784	0.996328	0.954784	0.996313	0.954783	0.996337	0.954782	0.996380	0.954780	0.996435	
1349417503.784926	1.000000	56.319016	41.957977	0.000000	0.999945	0.998580	0.999975	0.998519	0.999990	0.998482	0.999990	0.998431	0.999959	0.815930	0.999991	0.998490	0.999946	0.005744	0.999791	0.005063	1349417503.785091	1.000032	64.668970	50.406852	0.000000	0.960303	0.995202	0.960302	0.995185	0.960299	0.994942	0.960303	0.995072	0.960300	0.995119	0.960303	0.995062	0.960298	0.995034	0.960360	0.996635	
1349417504.784929	1.000003	50.589992	36.562524	0.000000	1.000000	0.999893	1.000000	0.999744	1.000000	0.999874	1.000000	1.000000	1.000963	0.000082	1.000000	0.999743	1.000146	0.000488	1.024921	0.000044	1349417504.785086	0.999995	64.648303	50.761897	0.000000	0.988018	0.997709	0.988016	0.997538	0.988013	0.997209	0.988016	0.997495	0.988015	0.997494	0.988016	0.997487	0.988018	0.997336	0.988019	0.997681	
1349417505.784926	0.999997	51.144552	37.106606	0.000000	1.000000	0.999804	1.000000	0.999681	1.000000	0.999708	1.000000	0.999828	0.999858	0.000165	1.000000	0.999583	1.000008	0.116901	0.999660	0.000128	1349417505.785061	0.999975	64.598114	50.707324	0.000000	0.987083	0.997735	0.987081	0.997621	0.987083	0.997410	0.987082	0.997409	0.987084	0.997385	0.987082	0.997430	0.987082	0.997585	0.987081	0.997759	
1349417506.784939	1.000013	57.732824	43.272077	0.000000	1.000000	1.000000	1.000000	0.999998	0.999999	0.999949	1.000000	0.999906	0.998135	0.000467	1.000000	0.999904	1.000000	0.999903	0.999187	0.000052	1349417506.785080	1.000019	64.686907	50.317140	0.000000	0.950335	0.996162	0.950334	0.996147	0.950337	0.995910	0.950336	0.996004	0.950336	0.996002	0.950336	0.996024	0.950334	0.996021	0.950334	0.996145	
1349417507.784944	1.000005	57.674836	43.226163	0.000000	0.999939	0.998997	0.999971	0.998932	0.999961	0.998950	0.999988	0.998902	0.999949	0.000730	0.999989	0.998900	0.999989	0.998899	0.999176	0.000146	1349417507.785083	1.000003	64.684828	50.311047	0.000000	0.950705	0.995127	0.950705	0.995108	0.950705	0.995079	0.950704	0.995042	0.950704	0.995039	0.950705	0.995062	0.950705	0.995107	0.950716	0.996139	
1349417508.784933	0.999989	57.780602	43.314409	0.000000	1.000000	1.000000	1.000000	0.999992	1.000000	1.000000	1.000000	0.999982	0.999981	0.000731	1.000000	1.000000	1.000000	0.999991	0.999781	0.000048	1349417508.785072	0.999989	64.683494	50.310641	0.000000	0.950515	0.996087	0.950515	0.996072	0.950515	0.996077	0.950515	0.996048	0.950515	0.996035	0.950515	0.996064	0.950515	0.996068	0.950515	0.996074	
1349417509.784937	1.000004	57.762751	43.303047	0.000000	1.000000	1.000000	1.000000	1.000000	1.000000	0.999951	1.000000	0.999916	1.000029	0.000788	1.000000	0.999916	1.000000	0.999915	1.001277	0.000118	1349417509.785086	1.000014	64.675314	50.308145	0.000000	0.950548	0.996148	0.950548	0.996187	0.950551	0.995965	0.950547	0.996087	0.950547	0.996090	0.950547	0.996081	0.950550	0.996027	0.950548	0.996174	
1349417510.784936	0.999999	57.819330	43.350093	0.000000	1.000000	0.999960	0.999999	0.999939	1.000000	0.999938	1.000000	0.999905	1.000105	0.000637	1.000000	0.999904	1.000000	0.999903	1.000821	0.000049	1349417510.785088	1.000002	64.614928	50.255443	0.000000	0.950671	0.996081	0.950673	0.996055	0.950669	0.995953	0.950673	0.996015	0.950673	0.996013	0.950673	0.996008	0.950669	0.996003	0.950675	0.996113	
1349417511.784929	0.999993	57.836749	43.368205	0.000000	1.000000	0.999987	1.000001	1.000000	1.000000	1.000000	1.000000	1.000000	1.000195	0.000727	1.000000	1.000000	1.000000	1.000000	0.995438	0.000132	1349417511.785060	0.999972	64.672443	50.296432	0.000000	0.950284	0.995989	0.950282	0.995983	0.950284	0.995919	0.950282	0.995975	0.950282	0.995977	0.950283	0.995967	0.950287	0.995923	0.950283	0.995970	
1349417512.784941	1.000012	715773553.947616	715805579.777188	715819351.489985	0.999970	1.000020	0.999973	1.000044	0.999974	1.000043	0.999972	1.000027	0.999973	1.000035	0.999975	1.000027	0.999971	1.000025	0.999975	1.000040	1349417512.785054	0.999994	715822658.562485	715829034.844234	715832151.413729	0.999972	1.000029	0.999970	1.000034	3.894075	0.256806	0.999971	1.000023	0.999973	1.000036	0.999975	1.000025	0.999972	1.000029	0.999974	1.000036	
1349417513.784981	1.000040	0.000000	0.000000	0.000000	-nan	-nan	-nan	-nan	1.000008	inf	-nan	-nan	-nan	0.000000	-nan	-nan	-nan	-nan	-nan	-nan	1349417513.785062	1.000008	0.000000	0.000000	0.000000	-nan	-nan	-nan	-nan	1.345745	inf	-nan	-nan	-nan	-nan	-nan	-nan	-nan	-nan	-nan	-nan	
