ts_0	elapsed_0	pkg_0	pp0_0	dram_0	freq_ratio_0_0	c0_ratio_0_0	freq_ratio_0_1	c0_ratio_0_1	freq_ratio_0_2	c0_ratio_0_2	freq_ratio_0_3	c0_ratio_0_3	freq_ratio_0_4	c0_ratio_0_4	freq_ratio_0_5	c0_ratio_0_5	freq_ratio_0_6	c0_ratio_0_6	freq_ratio_0_7	c0_ratio_0_7	ts_1	elapsed_1	pkg_1	pp0_1	dram_1	freq_ratio_1_0	c0_ratio_1_0	freq_ratio_1_1	c0_ratio_1_1	freq_ratio_1_2	c0_ratio_1_2	freq_ratio_1_3	c0_ratio_1_3	freq_ratio_1_4	c0_ratio_1_4	freq_ratio_1_5	c0_ratio_1_5	freq_ratio_1_6	c0_ratio_1_6	freq_ratio_1_7	c0_ratio_1_7	
1349477679.989119	1.000732	68.564820	54.883107	4.385904	1.193944	0.948943	1.193288	0.941314	1.193410	0.941003	1.192394	0.916119	1.192166	0.912046	1.192149	0.904940	1.154177	0.000667	1.150661	0.000166	1349477679.989258	1.000438	80.669472	66.876487	4.980058	1.153865	0.942194	1.153872	0.941728	1.153865	0.941684	1.153851	0.941497	1.153854	0.941565	1.153825	0.941554	1.153859	0.941591	1.159423	0.991234	
1349477680.989118	0.999999	73.352273	59.363887	5.376409	1.192111	0.986979	1.192122	0.986965	1.192210	0.986747	1.192211	0.986743	1.192155	0.986916	1.192138	0.986938	1.152962	0.001138	1.125035	0.000008	1349477680.989257	0.999999	85.344045	71.239967	6.322043	1.153848	0.987443	1.153848	0.987441	1.153855	0.987550	1.153849	0.987439	1.153846	0.987360	1.153846	0.987357	1.153855	0.987531	1.155276	0.999912	
1349477681.989119	1.000001	77.116946	62.710374	7.073220	1.192221	0.999312	1.192217	0.999319	1.192222	0.999289	1.192222	0.999281	1.192223	0.999312	1.192222	0.999310	1.153908	0.001138	1.153674	0.000094	1349477681.989292	1.000035	89.582691	74.963513	7.961330	1.153848	0.999771	1.153848	0.999728	1.153848	0.999765	1.153846	0.999603	1.153848	0.999760	1.153848	0.999750	1.153858	0.999833	1.153860	0.999925	
1349477682.989117	0.999998	76.232125	61.952206	6.705839	1.192215	0.999061	1.192237	0.999050	1.192262	0.998911	1.192262	0.998931	1.192249	0.999011	1.192249	0.999024	1.153702	0.000670	1.158714	0.000008	1349477682.989260	0.999968	88.892305	74.384716	7.715151	1.153846	0.999366	1.153846	0.999350	1.153849	0.999417	1.153847	0.999400	1.153846	0.999370	1.153846	0.999371	1.153850	0.999433	1.153910	0.999967	
1349477683.989123	1.000006	75.161097	60.998477	6.067438	1.192193	0.994039	1.192209	0.994023	1.192243	0.993914	1.192241	0.993912	1.192224	0.993999	1.192224	0.993998	1.153518	0.000738	1.153590	0.000171	1349477683.989284	1.000024	87.702859	73.331868	7.066511	1.153848	0.994454	1.153848	0.994453	1.153851	0.994510	1.153848	0.994343	1.153848	0.994451	1.153848	0.994450	1.153850	0.994434	1.154476	0.999944	
1349477684.989118	0.999995	77.174230	62.795480	7.003361	1.192259	0.999532	1.192260	0.999630	1.192259	0.999530	1.192262	0.999615	1.192260	0.999624	1.192261	0.999615	1.154355	0.000739	1.155207	0.000008	1349477684.989253	0.999969	89.747731	75.111093	8.004597	1.153850	0.999946	1.153850	0.999954	1.153850	0.999940	1.153846	0.999753	1.153848	0.999871	1.153850	0.999939	1.153848	0.999866	1.153850	0.999954	
1349477685.989124	1.000006	77.252942	62.858878	6.994725	1.192180	0.999052	1.192180	0.999055	1.192180	0.999051	1.192180	0.999049	1.192181	0.999050	1.192181	0.999047	1.153636	0.001813	1.145549	0.000098	1349477685.989267	1.000014	89.672658	75.027585	8.037958	1.153848	0.999978	1.153848	0.999978	1.153848	0.999978	1.153846	0.999872	1.153848	0.999978	1.153848	0.999978	1.153846	0.999902	1.153848	0.999978	
1349477686.989126	1.000002	77.283239	62.889498	6.998888	1.192168	0.998680	1.192211	0.998621	1.192244	0.998557	1.192244	0.998564	1.192213	0.998619	1.192213	0.998617	1.154455	0.000820	1.156855	0.000061	1349477686.989268	1.000001	89.655966	75.004766	7.963448	1.153848	0.999015	1.153848	0.999014	1.153851	0.999065	1.153848	0.998962	1.153848	0.999013	1.153846	0.998936	1.153852	0.999074	1.153950	0.999945	
1349477687.989118	0.999992	77.358308	62.959617	6.964168	1.192230	0.999365	1.192231	0.999368	1.192232	0.999364	1.192231	0.999368	1.192232	0.999366	1.192232	0.999366	1.153451	0.000765	1.156604	0.000225	1349477687.989276	1.000008	89.457496	74.797337	7.951947	1.153850	0.999948	1.153850	0.999955	1.153850	0.999954	1.153846	0.999739	1.153850	0.999954	1.153850	0.999955	1.153846	0.999799	1.153850	0.999955	
1349477688.989128	1.000010	77.382434	62.979853	6.981375	1.192215	0.999053	1.192190	0.999149	1.192212	0.998996	1.192213	0.998995	1.192214	0.999043	1.192214	0.999050	1.153872	0.001438	1.152610	0.000008	1349477688.989283	1.000007	89.551108	74.894059	7.940207	1.153860	0.994289	1.153858	0.999834	1.153850	0.999717	1.153848	0.999576	1.153849	0.999635	1.153850	0.999688	1.153850	0.999673	1.153854	0.999795	
1349477689.989120	0.999992	77.532046	63.116036	7.090985	1.192217	0.999326	1.192218	0.999328	1.192218	0.999326	1.192218	0.999325	1.192218	0.999324	1.192217	0.999324	1.153718	0.001260	1.153983	0.000114	1349477689.989260	0.999977	89.721689	75.055261	7.961150	1.153848	0.999978	1.153848	0.999977	1.153848	0.999978	1.153847	0.999921	1.153846	0.999886	1.153846	0.999885	1.153848	0.999933	1.153848	0.999970	
1349477690.989126	1.000006	80.272578	65.781194	7.174564	1.165237	0.999853	1.191738	0.300525	1.165237	0.999852	1.165236	0.999853	1.165236	0.999853	1.165236	0.999852	1.153849	0.703435	1.153846	0.703236	1349477690.989236	0.999976	84.246307	69.410760	8.940080	1.153848	0.999978	1.153848	0.999978	1.153848	0.999978	1.153846	0.999897	1.153848	0.999978	1.153848	0.999978	1.153843	0.300186	1.153848	0.999978	
1349477691.989115	0.999989	715805042.321521	715805093.943714	715815202.761276	0.999992	1.000146	0.999990	1.000152	0.999992	1.000155	0.999992	1.000146	0.999992	1.000150	0.999994	1.000144	0.999992	1.000150	0.999992	1.000147	1349477691.989213	0.999977	715777974.246023	715829149.833477	715827056.497601	0.999992	1.000147	0.999990	1.000150	3.892874	0.256917	0.999992	1.000147	0.999992	1.000148	0.999995	1.000146	0.999992	1.000150	0.999992	1.000148	
1349477692.989285	1.000170	0.000000	0.000000	0.000000	-nan	-nan	-nan	-nan	1.000008	inf	-nan	-nan	-nan	0.000000	-nan	-nan	-nan	-nan	-nan	-nan	1349477692.989362	1.000149	0.000000	0.000000	0.000000	-nan	-nan	-nan	-nan	1.345745	inf	-nan	-nan	-nan	-nan	-nan	-nan	-nan	-nan	-nan	-nan	
