ts_0	elapsed_0	pkg_0	pp0_0	dram_0	freq_ratio_0_0	c0_ratio_0_0	freq_ratio_0_1	c0_ratio_0_1	freq_ratio_0_2	c0_ratio_0_2	freq_ratio_0_3	c0_ratio_0_3	freq_ratio_0_4	c0_ratio_0_4	freq_ratio_0_5	c0_ratio_0_5	freq_ratio_0_6	c0_ratio_0_6	freq_ratio_0_7	c0_ratio_0_7	ts_1	elapsed_1	pkg_1	pp0_1	dram_1	freq_ratio_1_0	c0_ratio_1_0	freq_ratio_1_1	c0_ratio_1_1	freq_ratio_1_2	c0_ratio_1_2	freq_ratio_1_3	c0_ratio_1_3	freq_ratio_1_4	c0_ratio_1_4	freq_ratio_1_5	c0_ratio_1_5	freq_ratio_1_6	c0_ratio_1_6	freq_ratio_1_7	c0_ratio_1_7	
1349476794.732348	1.000445	64.156608	50.613911	6.037414	0.999884	0.932644	0.999964	0.928640	0.999977	0.928006	0.999896	0.928175	0.999978	0.925279	0.999978	0.921274	0.999978	0.917333	0.999905	0.926575	1349476794.732440	1.000332	65.085714	51.590456	4.754814	0.999704	0.923400	0.999706	0.928259	0.999706	0.928133	0.999706	0.928315	0.999705	0.928043	0.999717	0.964124	0.999705	0.927883	0.999716	0.959242	
1349476795.732344	0.999996	64.869922	51.428355	5.713478	0.983126	0.981108	0.983270	0.982607	0.983287	0.979470	0.983262	0.979712	0.983288	0.979561	0.983288	0.979554	0.983273	0.979595	0.983256	0.979783	1349476795.732433	0.999993	64.665166	51.267505	4.464005	0.979075	0.980023	0.979029	0.980953	0.979076	0.979665	0.979078	0.979944	0.979080	0.979738	0.979080	0.979732	0.979078	0.979743	0.979241	0.998256	
1349476796.732344	1.000000	56.041443	42.339432	6.079224	0.991094	0.749587	0.991232	0.749358	0.991235	0.749280	0.991198	0.749448	0.991231	0.749296	0.991235	0.749268	0.991256	0.749234	0.991200	0.749424	1349476796.732436	1.000003	58.808091	45.109479	5.586698	0.984475	0.749264	0.984478	0.749385	0.984471	0.749095	0.984475	0.749272	0.984472	0.749122	0.984472	0.749116	0.984472	0.749113	0.988361	0.999401	
1349476797.732343	0.999999	60.417889	46.752074	6.329443	0.977542	0.866628	0.977606	0.866531	0.977604	0.866461	0.977590	0.866568	0.977610	0.866245	0.977610	0.866242	0.977610	0.866269	0.977581	0.866440	1349476797.732435	0.999999	61.790418	48.131348	5.713583	0.970621	0.866518	0.970621	0.866515	0.970618	0.866434	0.970620	0.866496	0.970618	0.866424	0.970618	0.866329	0.970619	0.866310	0.974503	0.998428	
1349476798.732342	0.999999	61.350156	47.724701	6.120001	0.979237	0.888373	0.979384	0.888184	0.979386	0.888116	0.979316	0.888295	0.979346	0.888039	0.979364	0.888010	0.979365	0.888006	0.979297	0.888236	1349476798.732432	0.999997	62.508372	48.889678	5.263688	0.974218	0.888064	0.974218	0.888080	0.974214	0.887942	0.974218	0.888058	0.974215	0.887948	0.974216	0.887859	0.974216	0.887860	0.976979	0.998137	
1349476799.732358	1.000016	62.091888	48.068049	7.612000	0.970222	0.863991	0.970373	0.863753	0.970379	0.863693	0.970302	0.863901	0.970350	0.863733	0.970350	0.863726	0.970351	0.863722	0.970259	0.863950	1349476799.732465	1.000033	63.069611	48.981466	7.304127	0.954165	0.863802	0.954165	0.863812	0.954156	0.863639	0.954164	0.863800	0.954157	0.863687	0.954156	0.863682	0.954156	0.863680	0.960293	0.998033	
1349476800.732347	0.999989	64.682365	50.574346	8.204283	0.925760	0.990529	0.925777	0.990657	0.925785	0.990422	0.925758	0.990703	0.925788	0.990301	0.925787	0.990307	0.925789	0.990313	0.925764	0.990510	1349476800.732446	0.999981	64.691130	50.515154	8.291616	0.915456	0.990858	0.915457	0.990819	0.915450	0.990749	0.915457	0.990820	0.915458	0.990601	0.915458	0.990596	0.915457	0.990623	0.915883	0.996112	
1349476801.732344	0.999997	64.682680	50.648884	8.100138	0.928690	0.995675	0.928685	0.995818	0.928692	0.995662	0.928685	0.995813	0.928698	0.995533	0.928699	0.995529	0.928699	0.995543	0.928694	0.995651	1349476801.732435	0.999989	64.686592	50.602499	7.944682	0.919760	0.996294	0.919762	0.996232	0.919762	0.996249	0.919761	0.996279	0.919764	0.996167	0.919764	0.996084	0.919765	0.996161	0.919761	0.996382	
1349476802.732347	1.000003	64.590788	50.630931	7.534462	0.940368	0.981132	0.940392	0.981000	0.940391	0.980992	0.940372	0.981086	0.940397	0.980774	0.940397	0.980783	0.940396	0.980763	0.940374	0.980946	1349476802.732445	1.000010	64.644677	50.647427	7.360369	0.930795	0.981461	0.930794	0.981438	0.930784	0.981307	0.930794	0.981447	0.930789	0.981373	0.930797	0.981234	0.930796	0.981232	0.931654	0.996707	
1349476803.732356	1.000009	64.631098	50.752668	7.398111	0.943080	0.987714	0.943110	0.987675	0.943111	0.987578	0.943093	0.987733	0.943113	0.987537	0.943112	0.987548	0.943112	0.987542	0.943095	0.987674	1349476803.732455	1.000010	64.555918	50.677425	7.078283	0.958216	0.989039	0.958213	0.989041	0.958211	0.988905	0.958217	0.989044	0.958216	0.988932	0.958216	0.988924	0.937115	0.617711	0.958575	0.997709	
1349476804.732347	0.999991	64.667136	50.400801	8.660692	0.916624	0.987262	0.916635	0.987187	0.916633	0.987164	0.916637	0.987195	0.916628	0.986953	0.916628	0.986948	0.916629	0.986957	0.916635	0.987091	1349476804.732465	1.000010	64.677102	50.344131	8.903033	0.904197	0.988289	0.904195	0.988259	0.904191	0.988226	0.904196	0.988275	0.904192	0.988225	0.904186	0.988160	0.904186	0.988165	0.904989	0.996515	
1349476805.732348	1.000001	715762896.791656	715820945.636855	715779849.931769	0.999991	1.000139	0.999989	1.000145	0.999991	1.000149	0.999991	1.000140	0.999991	1.000143	0.999994	1.000138	0.999991	1.000144	0.999991	1.000140	1349476805.732451	0.999986	715835217.821204	715792298.450472	715811484.642920	0.999990	1.000137	0.999988	1.000143	3.892937	0.256911	0.999991	1.000140	0.999991	1.000144	0.999994	1.000138	0.999991	1.000143	0.999991	1.000141	
1349476806.732464	1.000116	0.000000	0.000000	0.000000	-nan	-nan	-nan	-nan	1.000008	inf	-nan	-nan	-nan	0.000000	-nan	-nan	-nan	-nan	-nan	-nan	1349476806.732562	1.000111	0.000000	0.000000	0.000000	-nan	-nan	-nan	-nan	1.345745	inf	-nan	-nan	-nan	-nan	-nan	-nan	-nan	-nan	-nan	-nan	
