ts_0	elapsed_0	pkg_0	pp0_0	dram_0	freq_ratio_0_0	c0_ratio_0_0	freq_ratio_0_1	c0_ratio_0_1	freq_ratio_0_2	c0_ratio_0_2	freq_ratio_0_3	c0_ratio_0_3	freq_ratio_0_4	c0_ratio_0_4	freq_ratio_0_5	c0_ratio_0_5	freq_ratio_0_6	c0_ratio_0_6	freq_ratio_0_7	c0_ratio_0_7	ts_1	elapsed_1	pkg_1	pp0_1	dram_1	freq_ratio_1_0	c0_ratio_1_0	freq_ratio_1_1	c0_ratio_1_1	freq_ratio_1_2	c0_ratio_1_2	freq_ratio_1_3	c0_ratio_1_3	freq_ratio_1_4	c0_ratio_1_4	freq_ratio_1_5	c0_ratio_1_5	freq_ratio_1_6	c0_ratio_1_6	freq_ratio_1_7	c0_ratio_1_7	
1350064383.879026	1.000187	53.001110	39.796867	6.113954	0.889534	0.008803	0.889269	0.322382	0.879838	0.997824	0.879837	0.997822	0.879837	0.997820	0.879835	0.997819	0.879834	0.997817	0.879833	0.997816	1350064383.879165	1.000249	52.831942	39.707508	3.885431	0.918617	0.997611	0.918617	0.997609	0.918617	0.997608	0.918617	0.997609	0.879861	0.675803	0.918614	0.997603	0.988700	0.002462	0.877593	0.000095	
1350064384.879020	0.999994	50.791822	37.585231	6.115271	0.877934	0.002625	0.877208	0.003626	0.877876	0.998292	0.877877	0.998291	0.877877	0.998290	0.877877	0.998289	0.877877	0.998287	0.877878	0.998287	1350064384.879152	0.999987	50.798762	37.664144	3.208340	0.865555	0.996217	0.865554	0.996214	0.865554	0.996213	0.865554	0.996211	0.865554	0.996206	0.865554	0.996204	0.876819	0.000185	0.884612	0.000018	
1350064385.879027	1.000007	50.790085	37.583572	6.096699	0.871598	0.002152	0.879211	0.006255	0.876427	0.997907	0.876426	0.997906	0.876427	0.997905	0.876427	0.997903	0.876428	0.997901	0.876427	0.997900	1350064385.879159	1.000007	50.792389	37.653457	3.604833	0.866728	0.996380	0.866728	0.996377	0.866728	0.996373	0.866728	0.996371	0.866728	0.996369	0.866728	0.996365	0.858729	0.000194	0.848354	0.000114	
1350064386.879025	0.999998	50.791296	37.585475	6.102917	0.878917	0.001904	0.879203	0.003732	0.878023	0.998253	0.878023	0.998251	0.878023	0.998250	0.878023	0.998248	0.878023	0.998246	0.878022	0.998245	1350064386.879155	0.999996	50.798561	37.659378	3.127988	0.866550	0.996389	0.866550	0.996386	0.866550	0.996382	0.866550	0.996381	0.866550	0.996378	0.866550	0.996375	0.872952	0.000419	0.872060	0.000013	
1350064387.879020	0.999995	50.739344	37.584112	6.109100	0.878285	0.005130	0.879198	0.000568	0.877936	0.998216	0.877936	0.998214	0.877936	0.998213	0.877936	0.998212	0.877936	0.998210	0.877936	0.998209	1350064387.879145	0.999990	50.796316	37.656108	3.137238	0.866643	0.996397	0.866643	0.996394	0.866643	0.996391	0.866643	0.996388	0.866643	0.996387	0.866643	0.996383	0.869472	0.000357	0.880188	0.000068	
1350064388.879019	0.999999	50.792163	37.542898	6.101797	0.845282	0.008924	0.819734	0.005098	0.876644	0.997982	0.876644	0.997982	0.876644	0.997980	0.876644	0.997979	0.876644	0.997977	0.876644	0.997976	1350064388.879150	1.000005	50.799596	37.658518	3.022507	0.857592	0.997316	0.857592	0.997315	0.857592	0.997313	0.857592	0.997311	0.857592	0.997308	0.857592	0.997307	0.791058	0.005251	0.789299	0.003115	
1350064389.879020	1.000001	50.792051	37.582972	6.096704	0.879892	0.001893	0.883382	0.001427	0.879564	0.998599	0.879564	0.998598	0.879564	0.998596	0.879564	0.998595	0.879564	0.998595	0.879564	0.998594	1350064389.879156	1.000006	50.796145	37.654881	2.908171	0.865905	0.996280	0.865905	0.996278	0.865905	0.996275	0.865905	0.996270	0.865905	0.996268	0.865905	0.996265	0.866515	0.001709	0.851944	0.000201	
1350064390.879019	0.999999	50.793963	37.581655	6.084417	0.878941	0.001686	0.881092	0.000838	0.879461	0.998390	0.879461	0.998384	0.879460	0.998383	0.879461	0.998382	0.879460	0.998380	0.879460	0.998380	1350064390.879144	0.999988	50.795939	37.652304	3.358973	0.863411	0.995972	0.863411	0.995968	0.863411	0.995966	0.863411	0.995962	0.863411	0.995959	0.863412	0.995957	0.861765	0.007906	0.858950	0.000013	
1350064391.879020	1.000001	50.788114	37.576731	6.096735	0.878383	0.004054	0.882644	0.000863	0.878208	0.998128	0.878208	0.998126	0.878209	0.998125	0.878209	0.998123	0.878209	0.998121	0.878209	0.998119	1350064391.879147	1.000003	50.794917	37.652120	3.018957	0.866043	0.996223	0.866043	0.996221	0.866043	0.996217	0.866043	0.996215	0.866043	0.996211	0.866043	0.996207	0.872806	0.002063	0.850863	0.000062	
1350064392.879019	0.999999	50.794818	37.583471	6.133734	0.877845	0.006382	0.877969	0.001262	0.877108	0.998082	0.877108	0.998081	0.877108	0.998078	0.877108	0.998077	0.877108	0.998076	0.877108	0.998075	1350064392.879143	0.999996	50.795051	37.652847	3.353239	0.866426	0.996228	0.866426	0.996227	0.866426	0.996222	0.866426	0.996219	0.866426	0.996217	0.866426	0.996213	0.857084	0.000195	0.867960	0.000013	
1350064393.879020	1.000001	50.790220	37.575480	6.109064	0.878934	0.002705	0.878936	0.002839	0.878170	0.998264	0.878170	0.998263	0.878170	0.998262	0.878170	0.998260	0.878170	0.998260	0.878170	0.998259	1350064393.879150	1.000007	50.797714	37.651046	2.968256	0.865279	0.996114	0.865279	0.996111	0.865279	0.996107	0.865279	0.996104	0.865278	0.996101	0.865279	0.996098	0.864075	0.003496	0.852685	0.000162	
1350064394.879019	0.999999	50.793170	37.579015	6.102911	0.880255	0.001526	0.878977	0.001370	0.879135	0.998356	0.879134	0.998355	0.879134	0.998354	0.879134	0.998353	0.879133	0.998351	0.879133	0.998350	1350064394.879153	1.000003	50.795176	37.648534	2.822745	0.865733	0.996251	0.865733	0.996250	0.865733	0.996246	0.865733	0.996243	0.865733	0.996239	0.865733	0.996237	0.865250	0.001074	0.875094	0.000012	
1350064395.879020	1.000001	50.788617	37.573954	6.109064	0.877306	0.006428	0.873265	0.001338	0.877277	0.998098	0.877278	0.998096	0.877278	0.998094	0.877278	0.998094	0.877279	0.998092	0.877279	0.998091	1350064395.879146	0.999993	50.796753	37.650254	3.295479	0.866135	0.996230	0.866135	0.996228	0.866134	0.996226	0.866134	0.996224	0.866134	0.996221	0.866134	0.996219	0.868716	0.000212	0.852840	0.000107	
1350064396.879019	0.999999	50.793322	37.582433	6.121405	0.879204	0.006545	0.872798	0.001244	0.877054	0.998034	0.877054	0.998032	0.877054	0.998031	0.877054	0.998030	0.877054	0.998028	0.877054	0.998027	1350064396.879146	1.000000	50.792267	37.647583	2.925659	0.866184	0.996259	0.866184	0.996257	0.866184	0.996254	0.866184	0.996251	0.866184	0.996249	0.866184	0.996248	0.864183	0.000191	0.881972	0.000017	
1350064397.879019	1.000000	50.790588	37.578400	6.102783	0.879288	0.004054	0.878730	0.001304	0.878252	0.998252	0.878252	0.998251	0.878252	0.998249	0.878252	0.998248	0.878252	0.998247	0.878252	0.998247	1350064397.879148	1.000002	50.747553	37.614995	2.942850	0.865237	0.996199	0.865238	0.996195	0.865238	0.996192	0.865238	0.996190	0.865238	0.996185	0.865238	0.996182	0.867386	0.000227	0.864969	0.001984	
1350064398.879019	1.000000	50.790588	37.578888	6.084412	0.882167	0.001175	0.880986	0.001630	0.879330	0.998573	0.879330	0.998572	0.879330	0.998572	0.879330	0.998570	0.879330	0.998568	0.879330	0.998567	1350064398.879146	0.999998	50.795980	37.647319	2.712377	0.866229	0.996402	0.866229	0.996398	0.866228	0.996395	0.866229	0.996391	0.866228	0.996390	0.866229	0.996387	0.867310	0.000306	0.856383	0.000015	
1350064399.879019	1.000000	50.792282	37.580704	6.096741	0.879767	0.003725	0.881352	0.001345	0.878005	0.998324	0.878005	0.998322	0.878005	0.998321	0.878006	0.998320	0.878006	0.998318	0.878006	0.998317	1350064399.879146	1.000000	50.794769	37.644638	3.123993	0.865631	0.996108	0.865631	0.996106	0.865631	0.996103	0.865631	0.996104	0.865631	0.996097	0.865631	0.996094	0.869145	0.000203	0.863662	0.000801	
1350064400.879019	1.000000	50.792389	37.579636	6.109070	0.877409	0.006192	0.873542	0.001836	0.876404	0.997943	0.876404	0.997942	0.876404	0.997940	0.876404	0.997938	0.876404	0.997937	0.876404	0.997937	1350064400.879144	0.999998	50.797918	37.647807	3.200278	0.866200	0.996310	0.866200	0.996305	0.866199	0.996303	0.866200	0.996300	0.866199	0.996297	0.866199	0.996294	0.870528	0.000187	0.868582	0.000013	
1350064401.879020	1.000001	50.731336	37.533686	6.109064	0.888692	0.001304	0.889856	0.006521	0.888876	0.997025	0.888876	0.997023	0.888876	0.997020	0.888876	0.997019	0.888876	0.997017	0.888876	0.997015	1350064401.879136	0.999992	50.787277	37.639114	3.513777	0.873174	0.996251	0.873174	0.996248	0.873174	0.996244	0.873174	0.996242	0.873174	0.996240	0.873174	0.996236	0.865582	0.000207	0.871173	0.000136	
1350064402.879019	0.999999	50.778567	37.561880	6.102911	0.903131	0.000959	0.900189	0.004767	0.901048	0.996114	0.901048	0.996111	0.901048	0.996108	0.901048	0.996107	0.901048	0.996104	0.901048	0.996102	1350064402.879172	1.000036	50.781543	37.628650	3.221136	0.894049	0.996211	0.894049	0.996207	0.894048	0.996204	0.894048	0.996200	0.894048	0.996198	0.894048	0.996196	0.885792	0.000195	0.935996	0.000012	
1350064403.879020	1.000001	50.780225	37.562647	6.096735	0.902164	0.002792	0.899969	0.004088	0.899738	0.995889	0.899737	0.995885	0.899738	0.995883	0.899738	0.995880	0.899738	0.995877	0.899737	0.995873	1350064403.879145	0.999973	50.786113	37.630561	3.264477	0.893197	0.996307	0.893197	0.996305	0.893197	0.996302	0.893197	0.996299	0.893196	0.996295	0.893197	0.996293	0.892321	0.002459	0.920005	0.000057	
1350064404.879020	1.000000	50.792084	37.573898	6.090576	0.882000	0.003660	0.879714	0.001946	0.879130	0.997805	0.879130	0.997802	0.879130	0.997801	0.879130	0.997799	0.879129	0.997796	0.879129	0.997795	1350064404.879147	1.000002	50.798563	37.644368	3.157861	0.868018	0.996182	0.868019	0.996179	0.868018	0.996176	0.868018	0.996173	0.868018	0.996171	0.868018	0.996168	0.862936	0.000925	0.881924	0.000021	
1350064405.879020	1.000000	50.793030	37.575714	6.090576	0.878522	0.001403	0.877949	0.001302	0.878916	0.998434	0.878916	0.998432	0.878916	0.998430	0.878916	0.998430	0.878917	0.998430	0.878916	0.998427	1350064405.879185	1.000038	50.791333	37.638924	2.830474	0.865297	0.996346	0.865297	0.996344	0.865297	0.996341	0.865298	0.996338	0.865298	0.996335	0.865298	0.996332	0.862928	0.001170	0.847426	0.000089	
1350064406.879019	0.999999	50.792285	37.575643	6.072088	0.878806	0.001219	0.872613	0.001266	0.878874	0.998347	0.878874	0.998347	0.878874	0.998345	0.878874	0.998343	0.878874	0.998340	0.878873	0.998341	1350064406.879142	0.999957	50.798735	37.647230	2.821670	0.864811	0.996145	0.864810	0.996142	0.864810	0.996139	0.864810	0.996134	0.864810	0.996133	0.864810	0.996130	0.867167	0.001700	0.885227	0.000013	
1350064407.879020	1.000001	50.791730	37.573817	6.078241	0.880927	0.001334	0.878058	0.001296	0.879268	0.998643	0.879268	0.998641	0.879268	0.998640	0.879269	0.998639	0.879268	0.998638	0.879269	0.998636	1350064407.879145	1.000003	50.796901	37.646459	2.998556	0.863864	0.996095	0.863864	0.996092	0.863864	0.996088	0.863864	0.996086	0.863863	0.996084	0.863864	0.996082	0.861254	0.004357	0.853304	0.000088	
1350064408.879019	0.999999	50.787967	37.571645	6.090582	0.875936	0.001257	0.873667	0.001642	0.879066	0.998598	0.879066	0.998597	0.879066	0.998596	0.879065	0.998594	0.879066	0.998593	0.879066	0.998592	1350064408.879147	1.000002	50.799357	37.648762	2.792994	0.865082	0.996203	0.865082	0.996199	0.865082	0.996197	0.865082	0.996194	0.865081	0.996192	0.865082	0.996190	0.856840	0.002367	0.904080	0.000023	
1350064409.879020	1.000001	50.794355	37.578028	6.127542	0.877249	0.001460	0.879670	0.002703	0.878856	0.998481	0.878855	0.998479	0.878855	0.998478	0.878855	0.998477	0.878855	0.998476	0.878855	0.998475	1350064409.879151	1.000004	50.793785	37.643555	2.852939	0.865354	0.996263	0.865354	0.996259	0.865354	0.996256	0.865354	0.996253	0.865354	0.996251	0.865354	0.996248	0.861591	0.001172	0.846358	0.000077	
1350064410.879019	0.999999	50.792178	37.574865	6.102911	0.882353	0.001222	0.881707	0.001272	0.879041	0.998566	0.879041	0.998565	0.879041	0.998563	0.879041	0.998563	0.879042	0.998563	0.879041	0.998562	1350064410.879146	0.999995	50.794429	37.644643	2.796385	0.864972	0.996175	0.864972	0.996172	0.864972	0.996169	0.864972	0.996165	0.864972	0.996163	0.864973	0.996158	0.867364	0.001621	0.871523	0.000013	
1350064411.879020	1.000001	50.739881	37.536021	6.090570	0.879305	0.001398	0.878136	0.003206	0.878335	0.998444	0.878334	0.998443	0.878335	0.998443	0.878335	0.998441	0.878335	0.998440	0.878335	0.998439	1350064411.879149	1.000003	50.797175	37.648428	3.167486	0.865792	0.996290	0.865792	0.996287	0.865792	0.996284	0.865791	0.996281	0.865791	0.996278	0.865791	0.996276	0.877536	0.000320	0.849287	0.000054	
1350064412.879019	0.999999	50.789218	37.570913	6.121405	0.877045	0.001221	0.877021	0.004497	0.877434	0.998175	0.877435	0.998174	0.877434	0.998171	0.877434	0.998170	0.877434	0.998169	0.877434	0.998169	1350064412.879152	1.000003	50.795146	37.644643	3.124029	0.865677	0.996273	0.865677	0.996270	0.865677	0.996266	0.865677	0.996263	0.865677	0.996260	0.865677	0.996257	0.870838	0.000195	0.866970	0.000014	
1350064413.879020	1.000001	50.793576	37.573847	6.095804	0.846524	0.008299	0.830231	0.005881	0.875939	0.998109	0.875940	0.998107	0.875940	0.998106	0.875940	0.998104	0.875940	0.998103	0.875939	0.998103	1350064413.879146	0.999994	50.794569	37.643871	3.158603	0.864986	0.996259	0.864986	0.996258	0.864986	0.996255	0.864986	0.996252	0.864986	0.996249	0.864986	0.996246	0.803718	0.007223	0.790347	0.003657	
1350064414.879019	0.999999	50.790271	37.572881	6.090582	0.881361	0.001218	0.878490	0.001254	0.879209	0.998597	0.879209	0.998597	0.879209	0.998597	0.879209	0.998596	0.879209	0.998594	0.879209	0.998593	1350064414.879144	0.999998	50.797948	37.647014	2.707479	0.865775	0.996333	0.865775	0.996329	0.865775	0.996325	0.865775	0.996322	0.865775	0.996320	0.865775	0.996318	0.864503	0.000209	0.873696	0.000013	
1350064415.879020	1.000001	50.791578	37.574488	6.090570	0.877218	0.001428	0.875484	0.001289	0.878902	0.998531	0.878902	0.998529	0.878902	0.998529	0.878902	0.998526	0.878902	0.998526	0.878902	0.998525	1350064415.879149	1.000005	50.794561	37.640955	3.109527	0.863955	0.995987	0.863955	0.995984	0.863954	0.995983	0.863954	0.995981	0.863954	0.995977	0.863954	0.995974	0.863997	0.003240	0.868841	0.000202	
1350064416.879019	0.999999	50.793521	37.577032	6.096747	0.877450	0.001194	0.876347	0.002832	0.878421	0.998412	0.878421	0.998412	0.878421	0.998411	0.878421	0.998409	0.878421	0.998408	0.878421	0.998407	1350064416.879142	0.999993	50.746139	37.606415	2.953786	0.865630	0.996270	0.865630	0.996265	0.865630	0.996264	0.865630	0.996261	0.865630	0.996259	0.865630	0.996257	0.860703	0.001523	0.867553	0.000014	
1350064417.879020	1.000001	50.788892	37.573100	6.115229	0.872804	0.001355	0.875528	0.004517	0.877125	0.998080	0.877125	0.998079	0.877125	0.998077	0.877125	0.998076	0.877125	0.998074	0.877125	0.998073	1350064417.879152	1.000010	50.795283	37.643086	3.158965	0.865772	0.996348	0.865772	0.996346	0.865772	0.996340	0.865772	0.996337	0.865772	0.996340	0.865772	0.996331	0.863933	0.000698	0.851001	0.000078	
1350064418.879020	1.000000	50.795135	37.577148	6.121399	0.878088	0.001204	0.879288	0.001679	0.879074	0.998622	0.879074	0.998620	0.879074	0.998619	0.879074	0.998618	0.879074	0.998616	0.879074	0.998616	1350064418.879148	0.999996	50.798530	37.647888	2.787792	0.865246	0.996199	0.865245	0.996197	0.865245	0.996192	0.865245	0.996190	0.865245	0.996186	0.865245	0.996183	0.864681	0.001364	0.874543	0.000020	
1350064419.879020	1.000000	50.788513	37.570633	6.127563	0.874861	0.001406	0.878052	0.001298	0.878869	0.998454	0.878869	0.998453	0.878869	0.998451	0.878869	0.998450	0.878869	0.998449	0.878869	0.998447	1350064419.879148	1.000000	50.794052	37.643845	2.748779	0.865793	0.996269	0.865793	0.996266	0.865793	0.996264	0.865793	0.996261	0.865793	0.996257	0.865794	0.996255	0.863862	0.000542	0.853088	0.000109	
1350064420.879019	0.999999	50.792041	37.573995	6.109076	0.879593	0.001217	0.877532	0.001356	0.878583	0.998480	0.878583	0.998479	0.878583	0.998477	0.878583	0.998476	0.878583	0.998476	0.878584	0.998475	1350064420.879147	0.999999	50.796786	37.645483	2.793353	0.865216	0.996197	0.865215	0.996194	0.865215	0.996191	0.865215	0.996188	0.865215	0.996185	0.865215	0.996182	0.863521	0.001483	0.878769	0.000023	
1350064421.879019	1.000000	50.790848	37.572189	6.102905	0.872761	0.001392	0.876125	0.001295	0.878752	0.998462	0.878752	0.998460	0.878752	0.998461	0.878751	0.998459	0.878751	0.998457	0.878751	0.998457	1350064421.879149	1.000002	50.794093	37.642140	3.017710	0.864399	0.996135	0.864399	0.996132	0.864399	0.996129	0.864399	0.996125	0.864399	0.996121	0.864400	0.996119	0.857908	0.003975	0.882682	0.000083	
1350064422.879020	1.000001	50.782376	37.564219	6.102899	0.884643	0.001155	0.885939	0.001231	0.888500	0.997573	0.888500	0.997571	0.888501	0.997570	0.888502	0.997567	0.888501	0.997566	0.888502	0.997565	1350064422.879144	0.999995	50.795741	37.644033	2.998337	0.866026	0.996032	0.866026	0.996029	0.866025	0.996026	0.866025	0.996022	0.866025	0.996020	0.866025	0.996017	0.864379	0.003873	0.868716	0.000013	
1350064423.879020	1.000000	50.730484	37.519913	6.109070	0.902755	0.004715	0.898087	0.002871	0.901196	0.996010	0.901196	0.996007	0.901196	0.996003	0.901196	0.996000	0.901196	0.995997	0.901195	0.995996	1350064423.879145	1.000001	50.783246	37.627406	3.509167	0.893310	0.996260	0.893310	0.996259	0.893310	0.996255	0.893310	0.996253	0.893310	0.996251	0.893310	0.996249	0.845052	0.005921	0.885467	0.000080	
1350064424.879027	1.000007	715815706.139376	715760267.711925	715764999.538995	0.999990	1.000216	0.999988	1.000221	0.999998	1.000217	0.999990	1.000217	0.999990	1.000220	0.999993	1.000215	0.999990	1.000220	0.999990	1.000217	1350064424.879140	0.999995	715799621.473218	715816076.952457	715802302.864817	0.999990	1.000217	0.999988	1.000219	3.893018	0.256925	0.999990	1.000218	0.999990	1.000219	0.999993	1.000215	0.999990	1.000220	0.999990	1.000217	
1350064425.879020	0.999993	0.000000	0.000000	0.000000	-nan	-nan	-nan	-nan	0.000000	inf	-nan	-nan	-nan	0.000000	-nan	-nan	-nan	-nan	-nan	-nan	1350064425.879107	0.999967	0.000000	0.000000	0.000000	-nan	-nan	-nan	-nan	0.000000	inf	-nan	-nan	-nan	-nan	-nan	-nan	-nan	-nan	-nan	-nan	
