ts_0	elapsed_0	pkg_0	pp0_0	dram_0	freq_ratio_0_0	c0_ratio_0_0	freq_ratio_0_1	c0_ratio_0_1	freq_ratio_0_2	c0_ratio_0_2	freq_ratio_0_3	c0_ratio_0_3	freq_ratio_0_4	c0_ratio_0_4	freq_ratio_0_5	c0_ratio_0_5	freq_ratio_0_6	c0_ratio_0_6	freq_ratio_0_7	c0_ratio_0_7	ts_1	elapsed_1	pkg_1	pp0_1	dram_1	freq_ratio_1_0	c0_ratio_1_0	freq_ratio_1_1	c0_ratio_1_1	freq_ratio_1_2	c0_ratio_1_2	freq_ratio_1_3	c0_ratio_1_3	freq_ratio_1_4	c0_ratio_1_4	freq_ratio_1_5	c0_ratio_1_5	freq_ratio_1_6	c0_ratio_1_6	freq_ratio_1_7	c0_ratio_1_7	
1349419062.470166	1.001201	55.126516	41.018398	0.000000	0.979651	0.984896	0.976972	0.976399	0.976906	0.975658	0.976761	0.975183	0.976779	0.975274	0.976672	0.974819	0.985073	0.001762	0.974769	0.000689	1349419062.470304	1.000590	55.432973	41.500673	0.000000	0.982311	0.976958	0.982459	0.977693	0.982242	0.976720	0.982270	0.976958	0.982194	0.976625	0.944964	0.000757	0.942218	0.000776	0.983997	0.983893	
1349419063.470163	0.999997	50.776036	36.645484	0.000000	0.910396	0.995298	0.910396	0.995331	0.910397	0.995318	0.910398	0.995266	0.910402	0.995118	0.910401	0.995128	0.918039	0.001917	0.931289	0.000896	1349419063.470323	1.000019	50.772286	36.808700	0.000000	0.910304	0.995364	0.910304	0.995320	0.910304	0.995333	0.910302	0.995370	0.910304	0.995311	0.934566	0.000974	0.935027	0.000889	0.910302	0.995374	
1349419064.470167	1.000004	50.771935	36.646336	0.000000	0.911355	0.995530	0.911355	0.995528	0.911354	0.995503	0.911355	0.995458	0.911354	0.995446	0.911354	0.995469	0.923466	0.001798	0.939711	0.000835	1349419064.470308	0.999985	50.772216	36.810840	0.000000	0.911219	0.995328	0.911219	0.995324	0.911220	0.995311	0.911219	0.995314	0.911218	0.995298	0.929189	0.001075	0.928487	0.001011	0.911219	0.995315	
1349419065.470163	0.999996	50.774498	36.634258	0.000000	0.910087	0.992587	0.910089	0.992672	0.910087	0.992621	0.910080	0.992561	0.910079	0.992501	0.910079	0.992551	0.915468	0.001931	0.930502	0.000882	1349419065.470323	1.000015	50.774567	36.796826	0.000000	0.910692	0.992697	0.910689	0.992647	0.910690	0.992675	0.910688	0.992656	0.910690	0.992580	0.909036	0.002139	0.933826	0.000902	0.910842	0.995436	
1349419066.470163	1.000000	50.772644	36.665054	0.000000	0.913774	0.994821	0.913772	0.994810	0.913772	0.994796	0.913770	0.994766	0.913769	0.994739	0.913769	0.994735	0.924622	0.001823	0.939953	0.000825	1349419066.470303	0.999980	50.768793	36.829839	0.000000	0.915076	0.995060	0.915074	0.995022	0.915075	0.995035	0.915074	0.995013	0.915073	0.995003	0.927778	0.000925	0.923470	0.000951	0.915111	0.995712	
1349419067.470162	0.999999	50.771167	36.626088	0.000000	0.909792	0.992583	0.909793	0.992657	0.909790	0.992583	0.909785	0.992613	0.909786	0.992515	0.909787	0.992546	0.920264	0.002091	0.935944	0.000902	1349419067.470300	0.999997	50.774404	36.798698	0.000000	0.910827	0.992370	0.910822	0.992298	0.910825	0.992361	0.910820	0.992331	0.910822	0.992293	0.936295	0.000928	0.933390	0.000904	0.910949	0.995213	
1349419068.470168	1.000006	50.773562	36.634547	0.000000	0.910210	0.995296	0.910210	0.995396	0.910206	0.995327	0.910206	0.995325	0.910207	0.995245	0.910207	0.995257	0.922160	0.002054	0.938558	0.000812	1349419068.470330	1.000030	50.771073	36.807931	0.000000	0.911544	0.995428	0.911544	0.995425	0.911544	0.995422	0.911544	0.995412	0.911542	0.995332	0.922708	0.001071	0.931722	0.001042	0.911557	0.995572	
1349419069.470180	1.000012	50.773916	36.622885	0.000000	0.908793	0.994673	0.908777	0.994740	0.908805	0.994653	0.908794	0.994574	0.908801	0.994588	0.908791	0.994616	0.925677	0.001658	0.923886	0.001281	1349419069.470323	0.999993	50.772980	36.795237	0.000000	0.909823	0.994810	0.909820	0.994759	0.909820	0.994777	0.909818	0.994818	0.909821	0.994730	0.926472	0.001076	0.923988	0.000980	0.909842	0.995491	
1349419070.470159	0.999979	715801613.392264	715789690.084974	715842903.703439	0.999970	1.000021	0.999973	1.000044	0.999974	1.000043	0.999972	1.000027	0.999973	1.000035	0.999975	1.000027	0.999971	1.000025	0.999975	1.000040	1349419070.470250	0.999927	715874130.824417	715836178.480291	715880112.532105	0.999972	1.000029	0.999970	1.000034	3.894076	0.256806	0.999971	1.000023	0.999973	1.000036	0.999975	1.000025	0.999972	1.000029	0.999974	1.000036	
1349419071.470154	0.999995	0.000000	0.000000	0.000000	-nan	-nan	-nan	-nan	0.000000	inf	-nan	-nan	-nan	0.000000	-nan	-nan	-nan	-nan	-nan	-nan	1349419071.470211	0.999961	0.000000	0.000000	0.000000	-nan	-nan	-nan	-nan	0.000000	inf	-nan	-nan	-nan	-nan	-nan	-nan	-nan	-nan	-nan	-nan	
