ts_0	elapsed_0	pkg_0	pp0_0	dram_0	freq_ratio_0_0	c0_ratio_0_0	freq_ratio_0_1	c0_ratio_0_1	freq_ratio_0_2	c0_ratio_0_2	freq_ratio_0_3	c0_ratio_0_3	freq_ratio_0_4	c0_ratio_0_4	freq_ratio_0_5	c0_ratio_0_5	freq_ratio_0_6	c0_ratio_0_6	freq_ratio_0_7	c0_ratio_0_7	ts_1	elapsed_1	pkg_1	pp0_1	dram_1	freq_ratio_1_0	c0_ratio_1_0	freq_ratio_1_1	c0_ratio_1_1	freq_ratio_1_2	c0_ratio_1_2	freq_ratio_1_3	c0_ratio_1_3	freq_ratio_1_4	c0_ratio_1_4	freq_ratio_1_5	c0_ratio_1_5	freq_ratio_1_6	c0_ratio_1_6	freq_ratio_1_7	c0_ratio_1_7	
1349475925.985443	1.000467	64.287723	50.638367	4.691229	0.999931	0.989807	0.999889	0.990422	0.999997	0.989468	0.999997	0.989168	0.999996	0.988846	0.999997	0.979878	0.999974	0.989030	0.999997	0.969503	1349475925.985531	1.000308	53.783176	40.270615	4.438452	0.999981	0.996744	0.999972	0.990466	1.000000	0.989614	0.999963	0.989172	1.000000	0.948446	0.994666	0.000179	0.852270	0.000137	1.000001	0.990113	
1349475926.985441	0.999998	66.589009	52.637918	5.637752	1.000000	0.999940	1.000000	0.999920	1.000000	0.999932	1.000000	0.999928	1.000000	0.999467	1.000000	0.999824	1.000000	1.000000	1.000000	0.999695	1349475926.985526	0.999995	57.032222	43.307971	5.797224	1.000000	0.999885	1.000000	0.999981	1.000000	0.999804	1.000000	0.999770	1.000000	0.999514	1.000005	0.256898	0.984992	0.000054	1.000000	0.999787	
1349475927.985441	1.000000	67.700882	53.182053	7.108978	1.000000	0.999950	1.000000	0.999776	1.000000	0.999874	1.000000	0.999747	1.000000	0.999642	1.000000	0.999930	1.000000	0.999798	1.000000	0.999689	1349475927.985524	0.999998	67.316962	53.197260	6.231244	1.000000	0.999802	0.999982	0.999911	1.000000	0.999730	1.000000	0.999714	1.000000	0.999690	1.000000	0.999694	1.000002	0.620789	1.000000	0.999789	
1349475928.985455	1.000014	69.672406	54.660837	8.718749	1.000000	1.000000	1.000000	1.000000	1.000000	1.000000	1.000000	1.000000	1.000000	1.000000	1.000000	1.000000	1.000000	1.000000	1.000000	1.000000	1349475928.985538	1.000014	72.110192	57.626341	7.685713	1.000000	1.000000	1.000000	1.000000	1.000000	1.000000	1.000000	1.000000	1.000000	1.000000	1.000000	1.000000	1.000000	1.000000	1.000000	1.000000	
1349475929.985442	0.999987	69.728713	54.736664	8.769845	1.000000	0.999881	1.000000	0.999863	1.000000	0.999898	1.000000	0.999802	0.999999	0.999774	0.999999	0.999857	1.000000	0.999787	1.000000	0.999851	1349475929.985535	0.999997	72.285319	57.790676	7.667794	1.000000	0.999875	1.000000	0.999991	1.000000	0.999840	1.000000	0.999898	1.000000	0.999785	1.000000	0.999832	1.000000	1.000000	1.000000	0.999899	
1349475930.985452	1.000010	69.810931	54.833969	8.841540	1.000000	0.999849	1.000000	0.999895	1.000000	0.999980	1.000000	0.999897	1.000001	0.999700	1.000001	0.999905	1.000000	0.999712	1.000000	0.999826	1349475930.985535	1.000000	72.303284	57.835342	7.619751	1.000000	0.999899	1.000000	0.999995	1.000000	0.999897	1.000000	0.999949	1.000000	0.999721	1.000000	0.999907	1.000000	0.999992	1.000000	0.999937	
1349475931.985454	1.000002	69.823552	54.851595	8.704878	1.000000	0.999940	1.000000	0.999991	1.000000	0.999946	1.000000	0.999879	1.000000	0.999779	1.000000	0.999845	1.000000	0.999901	1.000000	0.999858	1349475931.985541	1.000006	72.448756	57.987020	7.659058	1.000000	0.999884	1.000000	0.999989	1.000000	0.999882	1.000000	0.999894	1.000000	0.999902	1.000000	0.999864	1.000000	1.000000	1.000000	0.999814	
1349475932.985441	0.999987	69.938570	54.946064	8.700752	1.000000	0.999245	1.000000	0.999122	1.000000	0.999156	1.000000	0.999196	1.000000	0.999109	1.000000	0.999062	1.000000	0.999088	1.000000	0.999136	1349475932.985526	0.999985	72.519568	58.063235	7.649880	1.000000	0.999161	1.000000	1.000000	1.000000	0.999123	1.000000	0.999121	1.000000	0.999157	1.000000	0.999040	1.000000	0.999194	1.000000	0.999078	
1349475933.985458	1.000017	69.924872	54.931565	8.737584	1.000000	0.998925	1.000000	0.998891	1.000000	0.998868	1.000000	0.998866	1.000000	0.998762	1.000000	0.998751	1.000000	0.998770	1.000000	0.998745	1349475933.985550	1.000024	72.502969	58.046316	7.686323	1.000000	0.998877	1.000000	1.000000	1.000000	0.998787	1.000000	0.998818	1.000000	0.998815	1.000000	0.998806	1.000000	0.998927	1.000000	0.998858	
1349475934.985442	0.999984	70.020146	55.023752	8.727007	1.000000	0.998934	1.000000	0.998918	1.000000	0.998858	1.000000	0.998839	1.000000	0.998803	1.000000	0.998737	1.000000	0.998799	1.000000	0.998823	1349475934.985528	0.999978	72.559789	58.101967	7.694856	1.000000	0.998845	1.000000	0.999983	1.000000	0.998750	1.000000	0.998755	1.000000	0.998809	1.000000	0.998819	1.000000	0.998956	1.000000	0.998837	
1349475935.985442	1.000000	70.113159	55.107071	8.734543	1.000000	0.999892	1.000000	0.999921	1.000000	0.999898	1.000000	0.999893	1.000000	0.999759	0.999996	0.999779	0.999999	0.999722	0.999999	0.999784	1349475935.985556	1.000028	72.678667	58.217355	7.677169	1.000000	0.999867	1.000000	0.999992	1.000000	0.999839	1.000000	0.999830	1.000000	0.999798	1.000000	0.999862	1.000000	1.000000	1.000000	0.999859	
1349475936.985446	1.000004	70.229787	55.215459	8.764079	1.000000	0.999986	1.000000	0.999998	1.000000	0.999954	1.000000	0.999944	1.000000	0.999919	1.000004	0.999921	1.000001	0.999875	1.000001	0.999873	1349475936.985533	0.999977	72.705140	58.239080	7.647895	1.000000	0.999952	1.000000	0.999999	1.000000	0.999938	1.000000	0.999938	1.000000	0.999867	1.000000	0.999952	1.000000	1.000000	1.000000	0.999935	
1349475937.985447	1.000001	70.284967	55.272912	8.748374	1.000000	0.999949	1.000000	0.999962	1.000000	0.999959	1.000000	0.999963	1.000000	0.999907	1.000000	0.999871	1.000000	0.999873	1.000000	0.999879	1349475937.985527	0.999994	72.744498	58.282666	7.689179	1.000000	0.999924	1.000000	0.999998	1.000000	0.999920	1.000000	0.999942	1.000000	0.999922	1.000000	0.999909	1.000000	0.999990	1.000000	0.999957	
1349475938.985456	1.000009	715791052.244365	715767142.287235	715807891.143519	0.999992	1.000146	0.999990	1.000152	0.999992	1.000155	0.999992	1.000146	0.999992	1.000150	0.999994	1.000144	0.999992	1.000150	0.999992	1.000146	1349475938.985565	1.000038	715736747.460694	715764013.049394	715790803.509789	0.999992	1.000147	0.999990	1.000150	3.892873	0.256917	0.999992	1.000147	0.999992	1.000148	0.999995	1.000146	0.999992	1.000149	0.999992	1.000147	
1349475939.985617	1.000161	0.000000	0.000000	0.000000	-nan	-nan	-nan	-nan	1.000008	inf	-nan	-nan	-nan	0.000000	-nan	-nan	-nan	-nan	-nan	-nan	1349475939.985697	1.000132	0.000000	0.000000	0.000000	-nan	-nan	-nan	-nan	1.345745	inf	-nan	-nan	-nan	-nan	-nan	-nan	-nan	-nan	-nan	-nan	
