ts_0	elapsed_0	pkg_0	pp0_0	dram_0	freq_ratio_0_0	c0_ratio_0_0	freq_ratio_0_1	c0_ratio_0_1	freq_ratio_0_2	c0_ratio_0_2	freq_ratio_0_3	c0_ratio_0_3	freq_ratio_0_4	c0_ratio_0_4	freq_ratio_0_5	c0_ratio_0_5	freq_ratio_0_6	c0_ratio_0_6	freq_ratio_0_7	c0_ratio_0_7	ts_1	elapsed_1	pkg_1	pp0_1	dram_1	freq_ratio_1_0	c0_ratio_1_0	freq_ratio_1_1	c0_ratio_1_1	freq_ratio_1_2	c0_ratio_1_2	freq_ratio_1_3	c0_ratio_1_3	freq_ratio_1_4	c0_ratio_1_4	freq_ratio_1_5	c0_ratio_1_5	freq_ratio_1_6	c0_ratio_1_6	freq_ratio_1_7	c0_ratio_1_7	
1349475925.986450	1.000562	66.011961	52.129778	7.175960	0.999998	0.996017	1.000000	0.989692	1.000000	0.988834	1.000000	0.988488	1.000000	0.988564	1.000000	0.988273	1.000000	0.988168	1.000000	0.988076	1349475925.986552	1.000386	60.157459	46.647781	5.635795	0.999887	0.989693	0.999973	0.988981	1.000001	0.981033	1.000001	0.988816	0.999979	0.988476	1.000001	0.980722	0.978006	0.001013	0.999873	0.990481	
1349475926.986435	0.999985	67.906568	53.766219	7.983732	0.999942	0.997888	0.999981	0.997689	0.999966	0.997797	0.999982	0.997691	0.999982	0.997787	0.999958	0.997823	0.999983	0.997660	0.999991	0.997646	1349475926.986531	0.999979	61.924563	48.216161	6.770162	1.000000	0.997934	1.000000	0.997878	1.000000	0.997643	1.000000	0.997944	1.000000	0.997682	1.000000	0.997652	1.002231	0.000246	1.000000	0.999835	
1349475927.986433	0.999998	69.739971	55.088926	9.654926	1.000000	0.999712	1.000000	1.000000	1.000000	0.999915	1.000000	0.999752	1.000000	0.999900	1.000000	0.999815	1.000000	0.999747	1.000000	0.999816	1349475927.986527	0.999996	68.283846	54.309333	7.506454	1.000000	0.999953	1.000000	1.000000	1.000000	0.999702	1.000000	0.999914	1.000000	0.999912	1.000000	0.999699	1.000002	0.670053	1.000000	0.999990	
1349475928.986445	1.000012	71.907956	56.757533	11.513214	1.000000	0.999871	1.000000	1.000000	1.000000	0.999894	1.000000	0.999860	1.000000	0.999890	1.000000	0.999947	1.000000	0.999856	1.000000	0.999854	1349475928.986550	1.000023	72.805600	58.528430	8.890772	1.000000	0.999972	1.000000	0.999991	1.000000	0.999865	1.000000	0.999952	1.000000	0.999904	1.000000	0.999861	1.000000	0.999950	1.000000	0.999991	
1349475929.986433	0.999988	71.929782	56.767385	11.538666	1.000000	0.999757	1.000000	1.000000	1.000000	0.999919	1.000000	0.999816	1.000000	0.999917	1.000000	0.999873	1.000000	0.999819	1.000000	0.999788	1349475929.986526	0.999976	72.866455	58.594093	8.869141	1.000000	0.999964	1.000000	1.000000	1.000000	0.999780	1.000000	0.999918	1.000000	0.999877	1.000000	0.999781	1.000000	0.999902	1.000000	0.999996	
1349475930.986433	1.000000	72.039200	56.866852	11.530930	1.000000	0.999676	1.000000	0.999911	1.000000	0.999879	1.000000	0.999614	1.000000	0.999866	1.000000	0.999841	1.000000	0.999625	1.000000	0.999800	1349475930.986525	0.999999	72.995934	58.698527	8.870049	1.000000	0.999948	1.000000	0.999955	1.000000	0.999760	1.000000	0.999885	1.000000	0.999883	1.000000	0.999765	1.000000	0.999865	1.000000	0.999985	
1349475931.986445	1.000012	72.143610	56.962898	11.533447	1.000000	0.999656	1.000000	1.000000	1.000000	0.999914	1.000000	0.999681	1.000000	0.999881	1.000000	0.999830	1.000000	0.999681	1.000000	0.999738	1349475931.986547	1.000022	72.828465	58.522428	8.889362	1.000000	0.999918	1.000000	0.999982	1.000000	0.999793	1.000000	0.999906	1.000000	0.999888	1.000000	0.999809	1.000000	0.999928	1.000000	0.999989	
1349475932.986433	0.999988	72.196661	57.030190	11.516586	1.000000	0.999488	1.000000	0.999528	0.999999	0.999600	1.000000	0.999432	1.000000	0.999508	1.000000	0.999564	1.000000	0.999462	1.000000	0.999491	1349475932.986530	0.999983	72.665003	58.350612	8.886381	1.000000	0.999629	1.000000	0.999592	1.000000	0.999467	1.000000	0.999597	1.000000	0.999503	1.000000	0.999494	1.000000	0.999591	1.000000	0.999987	
1349475933.986444	1.000011	72.193422	57.051147	11.515331	1.000001	0.998912	1.000000	0.999172	1.000001	0.999086	1.000000	0.998935	0.999999	0.999049	1.000000	0.998992	0.999998	0.998905	0.999997	0.998867	1349475933.986560	1.000030	72.670836	58.353655	8.851861	1.000000	0.999088	1.000000	0.999124	1.000000	0.998874	1.000000	0.999082	1.000000	0.998905	1.000000	0.998854	1.000000	0.998952	1.000000	0.999995	
1349475934.986433	0.999989	72.246199	57.110123	11.464863	0.999999	0.998963	1.000000	0.999150	0.999999	0.999157	1.000000	0.998950	1.000001	0.999056	1.000000	0.999044	1.000002	0.998947	1.000003	0.998989	1349475934.986530	0.999970	72.707400	58.392455	8.867256	1.000000	0.999180	1.000000	0.999186	1.000000	0.998961	1.000000	0.999142	1.000000	0.999100	1.000000	0.998919	1.000000	0.999139	1.000000	0.999991	
1349475935.986433	1.000000	72.360794	57.220535	11.518509	0.999997	0.999888	1.000000	1.000000	1.000000	0.999976	1.000000	0.999871	1.000000	0.999956	1.000000	0.999928	1.000000	0.999883	1.000000	0.999870	1349475935.986552	1.000022	72.755225	58.435837	8.873585	1.000000	0.999976	1.000000	1.000000	1.000000	0.999886	1.000000	0.999954	1.000000	0.999953	1.000000	0.999862	1.000000	0.999952	1.000000	0.999993	
1349475936.986435	1.000002	72.372161	57.234373	11.503045	1.000003	0.999839	1.000000	1.000000	1.000000	0.999900	1.000000	0.999794	1.000000	0.999891	1.000000	0.999877	1.000000	0.999783	1.000000	0.999822	1349475936.986529	0.999977	72.847309	58.521389	8.862752	1.000000	0.999946	1.000000	0.999991	1.000000	0.999847	1.000000	0.999905	1.000000	0.999902	1.000000	0.999816	1.000000	0.999901	1.000000	0.999974	
1349475937.986439	1.000004	72.497799	57.340557	11.520995	1.000000	0.999806	1.000000	1.000000	1.000000	0.999880	1.000000	0.999800	1.000000	0.999859	1.000000	0.999858	1.000000	0.999811	1.000000	0.999845	1349475937.986530	1.000001	72.837897	58.513525	8.894218	1.000000	0.999902	1.000000	0.999959	1.000000	0.999794	1.000000	0.999896	1.000000	0.999884	1.000000	0.999836	1.000000	0.999829	1.000000	0.999937	
1349475938.986443	1.000004	715800544.790410	715808792.930960	715789383.209382	0.999995	1.000164	0.999992	1.000167	1.000002	1.000164	0.999995	1.000164	0.999995	1.000167	0.999997	1.000162	0.999995	1.000167	0.999995	1.000164	1349475938.986555	1.000025	715768781.829228	715797638.419258	715806644.547452	0.999994	1.000161	0.999992	1.000166	3.892691	0.256935	0.999995	1.000164	0.999995	1.000167	0.999997	1.000162	0.999995	1.000167	0.999995	1.000164	
1349475939.986515	1.000072	0.000000	0.000000	0.000000	-nan	-nan	-nan	-nan	0.000000	inf	-nan	-nan	-nan	0.000000	-nan	-nan	-nan	-nan	-nan	-nan	1349475939.986594	1.000039	0.000000	0.000000	0.000000	-nan	-nan	-nan	-nan	0.000000	inf	-nan	-nan	-nan	-nan	-nan	-nan	-nan	-nan	-nan	-nan	
