ts_0	elapsed_0	pkg_0	pp0_0	dram_0	freq_ratio_0_0	c0_ratio_0_0	freq_ratio_0_1	c0_ratio_0_1	freq_ratio_0_2	c0_ratio_0_2	freq_ratio_0_3	c0_ratio_0_3	freq_ratio_0_4	c0_ratio_0_4	freq_ratio_0_5	c0_ratio_0_5	freq_ratio_0_6	c0_ratio_0_6	freq_ratio_0_7	c0_ratio_0_7	ts_1	elapsed_1	pkg_1	pp0_1	dram_1	freq_ratio_1_0	c0_ratio_1_0	freq_ratio_1_1	c0_ratio_1_1	freq_ratio_1_2	c0_ratio_1_2	freq_ratio_1_3	c0_ratio_1_3	freq_ratio_1_4	c0_ratio_1_4	freq_ratio_1_5	c0_ratio_1_5	freq_ratio_1_6	c0_ratio_1_6	freq_ratio_1_7	c0_ratio_1_7	
1349416796.264291	1.001145	56.325894	42.107020	0.000000	0.999495	0.043329	0.999887	0.986682	0.999948	0.986567	0.999977	0.984536	0.999997	0.963782	0.999976	0.947945	0.999997	0.947317	0.916979	0.000242	1349416796.264435	1.000370	55.531683	41.596592	0.000000	1.000000	0.987459	1.000000	0.986884	1.000000	0.986914	0.999984	0.987207	1.000000	0.964805	0.999872	0.010454	0.999722	0.000039	1.000001	0.988770	
1349416797.264263	0.999972	58.041460	43.655698	0.000000	0.999959	0.005352	1.000000	0.999960	1.000000	0.999923	1.000000	0.999924	1.000000	0.999921	1.000000	1.000000	1.000000	0.999928	1.000029	0.000184	1349416797.264402	0.999967	56.961515	42.861014	0.000000	1.000000	1.000000	1.000000	0.999930	1.000000	1.000000	1.000000	0.999928	1.000000	0.999927	0.997766	0.000259	0.999959	0.000095	1.000000	1.000000	
1349416798.264260	0.999997	58.089902	43.708784	0.000000	0.999972	0.005219	1.000000	0.999990	1.000000	0.999940	1.000000	0.999937	1.000000	0.999936	1.000000	0.999903	1.000000	0.999991	0.999957	0.000133	1349416798.264400	0.999998	56.953386	42.855901	0.000000	1.000000	1.000000	1.000000	0.999961	1.000000	0.999944	1.000000	0.999983	1.000000	0.999982	0.999730	0.000206	0.999663	0.000025	1.000000	1.000000	
1349416799.264263	1.000003	58.150973	43.757250	0.000000	0.999950	0.005668	1.000000	0.999888	1.000000	0.999852	1.000000	0.999783	1.000000	0.999780	1.000000	0.999952	1.000000	0.999891	0.999975	0.000094	1349416799.264403	1.000003	57.015860	42.917653	0.000000	1.000000	0.999957	1.000000	0.999864	1.000000	0.999778	1.000000	0.999851	1.000000	0.999904	1.000242	0.000212	0.999781	0.000105	1.000000	1.000000	
1349416800.264265	1.000002	58.264430	43.866280	0.000000	1.000045	0.005454	1.000000	0.999984	1.000000	0.999913	1.000000	0.999914	1.000000	0.999900	1.000000	1.000000	1.000000	0.999932	1.000000	0.000138	1349416800.264409	1.000006	56.909207	42.819340	0.000000	1.000000	0.999957	1.000000	0.999903	1.000000	0.999962	1.000000	0.999881	1.000000	0.999889	0.999590	0.000113	0.994296	0.000017	1.000000	1.000000	
1349416801.264259	0.999994	58.247707	43.852388	0.000000	0.999947	0.005544	1.000000	0.999956	1.000000	0.999955	1.000000	0.999921	1.000000	0.999919	1.000000	1.000000	1.000000	0.999954	0.999962	0.000101	1349416801.264394	0.999985	56.787749	42.725404	0.000000	1.000000	0.999991	1.000000	0.999959	1.000000	0.999924	1.000000	0.999958	1.000000	0.999957	1.000012	0.003748	1.001261	0.000098	1.000000	1.000000	
1349416802.264259	1.000000	58.451279	44.061188	0.000000	0.999943	0.006535	1.000000	1.000000	1.000000	1.000000	1.000000	1.000000	1.000000	1.000000	1.000000	1.000000	1.000000	1.000000	0.999985	0.029770	1349416802.264395	1.000001	57.322241	43.240285	0.000000	1.000000	1.000000	1.000000	1.000000	1.000000	1.000000	1.000000	0.999994	1.000000	1.000000	0.999999	0.072149	0.999994	0.002883	1.000000	1.000000	
1349416803.264261	1.000002	58.235240	43.826683	0.000000	0.999969	0.003080	0.999999	0.998820	1.000000	0.998816	1.000000	0.998696	0.999999	0.998729	0.999998	0.998778	0.999999	0.998798	0.999933	0.003287	1349416803.264416	1.000021	56.740463	42.665609	0.000000	1.000000	0.998757	1.000000	0.998652	1.000000	0.998791	1.000000	0.998648	1.000000	0.998645	0.999999	0.000583	0.999968	0.000836	1.000000	1.000000	
1349416804.264258	0.999997	55.428639	40.977422	0.000000	0.999998	0.013694	1.000001	0.446395	1.000000	0.999977	1.000000	0.999924	1.000001	0.999902	1.000001	1.000002	1.000001	0.999958	0.999992	0.017011	1349416804.264429	1.000013	60.188450	46.117285	0.000000	1.000000	0.999960	1.000000	0.999938	1.000000	0.999904	1.000000	0.999941	1.000000	0.999918	1.000002	0.562983	0.999943	0.009120	1.000000	1.000000	
1349416805.264259	1.000001	52.506114	38.029551	0.000000	0.999851	0.002629	0.999955	0.000415	0.999999	1.000000	1.000000	0.999991	1.000000	0.999991	1.000001	1.000000	1.000000	1.000000	1.000028	0.003021	1349416805.264411	0.999982	62.659278	48.584899	0.000000	1.000000	1.000000	1.000000	0.999993	1.000000	0.999991	1.000000	1.000000	1.000000	1.000000	1.000000	1.000000	0.999994	0.000242	1.000000	1.000000	
1349416806.264268	1.000009	52.409010	37.950263	0.000000	0.999724	0.002322	1.000101	0.000395	1.000001	0.999942	1.000000	0.999872	1.000000	0.999846	1.000000	0.999992	1.000000	0.999953	0.999974	0.003027	1349416806.264447	1.000036	62.625065	48.561210	0.000000	1.000000	0.999964	1.000000	0.999911	1.000000	0.999913	1.000000	0.999915	1.000000	0.999879	1.000000	0.999948	0.999919	0.001227	1.000000	1.000000	
1349416807.264260	0.999992	52.482588	38.004962	0.000000	1.000269	0.002590	0.999932	0.000216	1.000000	0.999963	1.000000	0.999945	1.000000	0.999945	1.000000	1.000000	1.000000	0.999961	0.999909	0.003079	1349416807.264430	0.999983	62.735742	48.655624	0.000000	1.000000	0.999991	1.000000	0.999954	1.000000	0.999953	1.000000	0.999952	1.000000	0.999951	1.000000	0.999991	1.000290	0.000193	1.000000	1.000000	
1349416808.264264	1.000004	52.489777	38.008254	0.000000	0.999694	0.002402	0.999966	0.000342	1.000000	0.998308	1.000000	0.998225	1.000000	0.998171	1.000000	0.998327	1.000000	0.998283	1.000080	0.003081	1349416808.264434	1.000004	62.706502	48.623063	0.000000	1.000000	0.998331	1.000000	0.998293	1.000000	0.998183	1.000000	0.998296	1.000000	0.998243	1.000000	0.998290	1.000031	0.000198	1.000000	1.000000	
1349416809.264256	0.999992	715812547.984529	715769337.149832	715833687.435340	0.999970	1.000020	0.999973	1.000044	0.999974	1.000043	0.999972	1.000026	0.999973	1.000035	0.999975	1.000027	0.999971	1.000025	0.999975	1.000040	1349416809.264368	0.999934	715826186.924443	715823001.685809	715875162.510738	0.999972	1.000029	0.999970	1.000034	3.894075	0.256806	0.999971	1.000023	0.999973	1.000036	0.999975	1.000025	0.999972	1.000029	0.999974	1.000036	
1349416810.264255	0.999999	0.000000	0.000000	0.000000	-nan	-nan	-nan	-nan	0.000000	inf	-nan	-nan	-nan	0.000000	-nan	-nan	-nan	-nan	-nan	-nan	1349416810.264328	0.999960	0.000000	0.000000	0.000000	-nan	-nan	-nan	-nan	0.000000	inf	-nan	-nan	-nan	-nan	-nan	-nan	-nan	-nan	-nan	-nan	
