ts_0	elapsed_0	pkg_0	pp0_0	dram_0	freq_ratio_0_0	c0_ratio_0_0	freq_ratio_0_1	c0_ratio_0_1	freq_ratio_0_2	c0_ratio_0_2	freq_ratio_0_3	c0_ratio_0_3	freq_ratio_0_4	c0_ratio_0_4	freq_ratio_0_5	c0_ratio_0_5	freq_ratio_0_6	c0_ratio_0_6	freq_ratio_0_7	c0_ratio_0_7	ts_1	elapsed_1	pkg_1	pp0_1	dram_1	freq_ratio_1_0	c0_ratio_1_0	freq_ratio_1_1	c0_ratio_1_1	freq_ratio_1_2	c0_ratio_1_2	freq_ratio_1_3	c0_ratio_1_3	freq_ratio_1_4	c0_ratio_1_4	freq_ratio_1_5	c0_ratio_1_5	freq_ratio_1_6	c0_ratio_1_6	freq_ratio_1_7	c0_ratio_1_7	
1349416796.263730	1.001284	53.348011	39.261117	0.000000	0.999988	0.996298	0.999857	0.986471	0.999982	0.986227	1.000000	0.985341	1.000000	0.983897	0.998226	0.000561	0.995873	0.000133	0.997046	0.000133	1349416796.263900	1.000432	65.953441	51.870032	0.000000	0.999965	0.987455	0.999951	0.987063	1.000001	0.986539	0.999981	0.986043	1.000001	0.986395	1.000001	0.976351	0.999960	0.003166	0.999903	0.988255	
1349416797.263727	0.999997	54.644548	40.422916	0.000000	1.000000	0.999937	1.000000	0.999982	1.000000	0.999921	1.000000	0.999903	1.000000	0.999911	0.999964	0.001742	1.001460	0.000119	1.003044	0.000017	1349416797.263891	0.999991	67.840794	53.609433	0.000000	1.000000	0.999977	1.000000	0.999991	1.000000	0.999904	1.000000	0.999903	1.000000	0.999933	1.000000	0.999895	0.999846	0.003816	1.000000	1.000000	
1349416798.263727	1.000000	54.690109	40.455643	0.000000	1.000000	0.999873	1.000000	0.999823	1.000000	0.999853	1.000000	0.999792	1.000000	0.999820	1.000068	0.000772	0.994939	0.000074	0.999584	0.000112	1349416798.263893	1.000002	67.821923	53.592015	0.000000	1.000000	0.999840	1.000000	0.999861	1.000000	0.999727	1.000000	0.999672	1.000000	0.999728	1.000000	0.999744	0.999979	0.003610	1.000000	1.000000	
1349416799.263727	1.000000	54.816162	40.566757	0.000000	1.000000	0.999952	1.000000	0.999951	1.000000	0.999960	1.000000	0.999882	1.000000	0.999917	0.999991	0.000866	1.011146	0.000014	1.000211	0.000016	1349416799.263890	0.999997	67.919720	53.673521	0.000000	1.000000	0.999941	1.000000	0.999961	1.000000	0.999883	1.000000	0.999867	1.000000	0.999918	1.000000	0.999864	1.000171	0.003742	1.000000	1.000000	
1349416800.263726	0.999999	54.836844	40.583169	0.000000	1.000000	1.000000	1.000000	1.000000	1.000000	1.000000	1.000000	0.999933	1.000000	1.000000	0.999931	0.000962	0.999893	0.000097	1.000462	0.000095	1349416800.263889	0.999999	67.930393	53.681921	0.000000	1.000000	1.000000	1.000000	0.999998	1.000000	0.999934	1.000000	0.999932	1.000000	0.999948	1.000000	0.999998	0.999922	0.003597	1.000000	1.000000	
1349416801.263728	1.000002	55.220872	40.968245	0.000000	1.000000	1.000000	1.000000	1.000000	0.999999	0.999961	1.000000	0.999958	1.000000	1.000000	0.999976	0.005065	0.999973	0.023828	0.999809	0.004755	1349416801.263883	0.999994	67.886437	53.645156	0.000000	1.000000	1.000000	1.000000	1.000000	1.000000	1.000000	1.000000	1.000000	1.000000	0.999991	1.000000	1.000000	0.999794	0.003743	1.000000	1.000000	
1349416802.263735	1.000007	55.355773	41.101217	0.000000	1.000000	1.000000	1.000000	0.999962	1.000000	0.999991	1.000000	0.999924	1.000000	0.999991	1.000002	0.072432	1.000419	0.000578	1.001381	0.000242	1349416802.263899	1.000016	67.901732	53.659513	0.000000	1.000000	1.000000	1.000000	1.000000	1.000000	0.999991	1.000000	0.999954	1.000000	1.000000	1.000000	0.999967	1.000199	0.003804	1.000000	1.000000	
1349416803.263726	0.999991	54.893106	40.637651	0.000000	1.000000	0.998840	1.000000	0.998801	1.000000	0.998785	1.000000	0.998784	1.000000	0.998784	0.999525	0.000842	0.999577	0.000244	1.000584	0.000009	1349416803.263894	0.999995	67.884968	53.648874	0.000000	1.000000	0.998817	1.000000	0.998825	1.000000	0.998764	1.000000	0.998788	1.000000	0.998798	1.000000	0.998763	0.999876	0.003662	1.000000	1.000000	
1349416804.263729	1.000003	54.933393	40.675854	0.000000	1.000000	0.999930	1.000000	0.999974	1.000000	1.000000	1.000000	0.999917	1.000000	0.999881	1.000415	0.000885	1.003676	0.000173	1.002455	0.000145	1349416804.263889	0.999995	67.949589	53.699015	0.000000	1.000000	0.999938	1.000000	0.999952	1.000000	0.999907	1.000000	0.999864	1.000000	0.999879	1.000000	0.999935	1.000182	0.003703	1.000000	1.000000	
1349416805.263727	0.999998	54.959303	40.708116	0.000000	1.000000	0.999985	1.000000	0.999965	1.000000	0.999989	1.000000	0.999871	1.000000	0.999948	1.000030	0.000835	0.988499	0.000015	1.006302	0.000023	1349416805.263887	0.999998	68.087532	53.829586	0.000000	1.000000	0.999910	1.000000	0.999952	1.000000	0.999916	1.000000	0.999868	1.000000	0.999887	1.000000	0.999919	0.999791	0.003542	1.000000	1.000000	
1349416806.263726	0.999999	54.966865	40.715188	0.000000	1.000000	0.999998	1.000000	1.000000	1.000000	0.999991	1.000000	0.999993	1.000000	0.999992	1.000002	0.001126	1.000000	0.000176	1.000040	0.000243	1349416806.263888	1.000001	67.984585	53.739802	0.000000	1.000000	0.999999	1.000000	1.000000	1.000000	0.999994	1.000000	0.999952	1.000000	1.000000	1.000000	0.999990	1.000012	0.004377	1.000000	1.000000	
1349416807.263727	1.000001	55.075051	40.806647	0.000000	1.000000	0.999972	1.000000	1.000000	1.000000	1.000000	1.000000	0.999998	1.000000	0.999947	0.999995	0.001642	0.999201	0.000016	0.999814	0.000023	1349416807.263895	1.000007	68.065890	53.807367	0.000000	1.000000	1.000000	1.000000	1.000000	1.000000	0.999969	1.000000	0.999945	1.000000	0.999947	1.000000	1.000000	0.999963	0.003726	1.000000	1.000000	
1349416808.263727	1.000000	55.059113	40.787460	0.000000	1.000000	0.999584	1.000000	0.999545	1.000000	0.999542	1.000000	0.999515	1.000000	0.999543	0.995297	0.000672	1.001587	0.000089	1.000072	0.000122	1349416808.263901	1.000006	68.118872	53.860534	0.000000	1.000000	0.999534	1.000000	0.999554	1.000000	0.999520	1.000000	0.999381	1.000000	0.999520	1.000000	0.999495	0.999975	0.003658	1.000000	1.000000	
1349416809.263736	1.000009	715820004.761401	715812181.911148	715821399.447023	0.999970	1.000018	0.999972	1.000042	0.999975	1.000047	0.999969	1.000016	0.999972	1.000032	0.999974	1.000024	0.999972	1.000029	0.999972	1.000029	1349416809.263849	0.999948	715834714.100173	715825421.464247	715865091.988916	0.999973	1.000033	0.999968	1.000024	3.894259	0.256788	0.999973	1.000034	0.999970	1.000021	0.999977	1.000034	0.999969	1.000018	0.999975	1.000040	
1349416810.263847	1.000111	0.000000	0.000000	0.000000	-nan	-nan	-nan	-nan	1.000008	inf	-nan	-nan	-nan	0.000000	-nan	-nan	-nan	-nan	-nan	-nan	1349416810.263927	1.000078	0.000000	0.000000	0.000000	-nan	-nan	-nan	-nan	1.345745	inf	-nan	-nan	-nan	-nan	-nan	-nan	-nan	-nan	-nan	-nan	
