ts_0	elapsed_0	pkg_0	pp0_0	dram_0	freq_ratio_0_0	c0_ratio_0_0	freq_ratio_0_1	c0_ratio_0_1	freq_ratio_0_2	c0_ratio_0_2	freq_ratio_0_3	c0_ratio_0_3	freq_ratio_0_4	c0_ratio_0_4	freq_ratio_0_5	c0_ratio_0_5	freq_ratio_0_6	c0_ratio_0_6	freq_ratio_0_7	c0_ratio_0_7	ts_1	elapsed_1	pkg_1	pp0_1	dram_1	freq_ratio_1_0	c0_ratio_1_0	freq_ratio_1_1	c0_ratio_1_1	freq_ratio_1_2	c0_ratio_1_2	freq_ratio_1_3	c0_ratio_1_3	freq_ratio_1_4	c0_ratio_1_4	freq_ratio_1_5	c0_ratio_1_5	freq_ratio_1_6	c0_ratio_1_6	freq_ratio_1_7	c0_ratio_1_7	
1350068909.876385	1.000634	38.606964	25.289281	3.787531	1.269221	0.999958	1.265728	0.000323	1.259869	0.000075	1.260597	0.000087	1.261561	0.000082	1.267693	0.000056	1.267674	0.000052	1.267314	0.000050	1350068909.876793	1.000829	37.916429	24.727655	1.583419	1.265988	0.000103	1.266106	0.000088	1.264301	0.000075	1.269223	0.999912	1.267845	0.000338	1.266546	0.000056	1.300222	0.000008	1.272495	0.000177	
1350068910.876375	0.999990	38.530964	25.195443	3.805443	1.269225	0.999936	1.269245	0.000285	1.269540	0.000031	1.264785	0.000005	1.267329	0.000015	1.269127	0.000005	1.269337	0.000005	1.273009	0.000006	1350068910.876780	0.999987	37.950235	24.761464	1.586569	1.272628	0.000054	1.268874	0.000007	1.272016	0.000007	1.269225	0.999935	1.270123	0.000265	1.299501	0.000007	1.262799	0.000057	1.266625	0.000088	
1350068911.876375	1.000000	38.522964	25.184921	3.801697	1.269221	0.999914	1.266402	0.000236	1.260156	0.000063	1.251137	0.000067	1.259838	0.000063	1.269329	0.000047	1.269220	0.000040	1.268878	0.000047	1350068911.876784	1.000004	37.977828	24.788138	1.584817	1.264959	0.000081	1.264176	0.000063	1.264600	0.000066	1.269223	0.999913	1.269240	0.000308	1.268382	0.000047	1.305123	0.000008	1.271170	0.000118	
1350068912.876375	1.000000	38.549103	25.211517	3.801392	1.269225	0.999937	1.269213	0.000292	1.267212	0.000006	1.270843	0.000312	1.259478	0.000005	1.262982	0.000005	1.261566	0.000005	1.271413	0.000006	1350068912.876776	0.999992	37.938860	24.761187	1.585279	1.268524	0.000044	1.273302	0.000007	1.268634	0.000034	1.269225	0.999933	1.269217	0.000224	1.274914	0.000007	1.265772	0.000048	1.267884	0.000090	
1350068913.876381	1.000006	38.538787	25.199023	3.797524	1.269221	0.999912	1.267238	0.000333	1.259775	0.000058	1.258662	0.000044	1.258843	0.000050	1.256747	0.000051	1.270265	0.000039	1.269247	0.000041	1350068913.876780	1.000004	38.059691	24.866904	1.583627	1.263295	0.000077	1.263380	0.000050	1.265853	0.000070	1.269223	0.999913	1.269213	0.001604	1.268869	0.000041	1.269159	0.000007	1.270513	0.000220	
1350068914.876374	0.999993	38.658562	25.320533	3.797618	1.269225	0.999935	1.269218	0.002066	1.267360	0.000006	1.260418	0.000005	1.259632	0.000005	1.269626	0.001720	1.265474	0.000005	1.266190	0.000006	1350068914.876783	1.000003	38.156422	24.961425	1.584529	1.271998	0.000050	1.268060	0.000007	1.268361	0.000007	1.269223	0.999909	1.268831	0.002331	1.266600	0.000007	1.269345	0.000047	1.268852	0.001812	
1350068915.876375	1.000001	38.873117	25.536581	3.801815	1.269219	0.999893	1.268932	0.005645	1.258388	0.000049	1.250980	0.000059	1.259659	0.000084	1.268203	0.000044	1.269007	0.000040	1.269290	0.000037	1350068915.876776	0.999993	37.996097	24.800571	1.575954	1.264430	0.000052	1.265243	0.000062	1.264669	0.000063	1.269223	0.999911	1.269142	0.000256	1.269744	0.000048	1.264867	0.000007	1.269173	0.000110	
1350068916.876374	0.999999	38.867225	25.529993	3.801716	1.269225	0.999936	1.269176	0.005732	1.268929	0.000006	1.269571	0.000005	1.267785	0.000005	1.277023	0.000005	1.271093	0.000005	1.272609	0.000006	1350068916.876778	1.000002	37.977161	24.783675	1.590573	1.268893	0.000047	1.268740	0.000007	1.272392	0.000007	1.269225	0.999936	1.269317	0.000233	1.255004	0.000007	1.267857	0.000049	1.267065	0.000079	
1350068917.876381	1.000007	38.887762	25.546881	3.793782	1.269215	0.999850	1.268727	0.005648	1.250345	0.000064	1.260449	0.000292	1.247443	0.000051	1.255744	0.000047	1.256537	0.000039	1.256062	0.000040	1350068917.876784	1.000006	38.005541	24.813298	1.591772	1.264267	0.000056	1.263479	0.000063	1.265442	0.000087	1.269225	0.999934	1.269135	0.000281	1.264660	0.000047	1.223739	0.000007	1.270374	0.000198	
1350068918.876375	0.999994	38.688204	25.363219	3.793831	1.269223	0.999916	1.269101	0.003826	1.240691	0.000024	1.266487	0.000005	1.272385	0.000005	1.269059	0.000006	1.267662	0.000005	1.270545	0.000005	1350068918.876775	0.999991	37.982095	24.793834	1.586425	1.267228	0.000048	1.274864	0.000007	1.268662	0.000007	1.269225	0.999931	1.269331	0.000239	1.261858	0.000007	1.261087	0.000047	1.265116	0.000114	
1350068919.876375	1.000000	38.931808	25.590851	3.808426	1.268411	0.999438	1.204272	0.005019	1.163142	0.002700	1.162200	0.002456	1.161864	0.002364	1.199883	0.003925	1.164447	0.002516	1.162516	0.002310	1350068919.876639	0.999864	38.083224	24.893382	1.585665	1.165665	0.002467	1.164141	0.002450	1.161757	0.002234	1.267991	0.999462	1.172134	0.002403	1.159474	0.002085	1.160324	0.002203	1.181806	0.004094	
1350068920.876375	1.000000	38.767502	25.429764	3.794083	1.269223	0.999911	1.267280	0.000292	1.252130	0.000006	1.248263	0.000050	1.251300	0.000005	1.268916	0.004266	1.273953	0.000005	1.278263	0.000006	1350068920.876780	1.000141	37.978596	24.789033	1.572212	1.269216	0.000056	1.272416	0.000007	1.264643	0.000025	1.269225	0.999933	1.269254	0.000240	1.292528	0.000026	1.274633	0.000083	1.269570	0.000098	
1350068921.876375	1.000000	38.587372	25.251740	3.790009	1.269215	0.999852	1.266572	0.000254	1.258216	0.000054	1.247500	0.000056	1.258920	0.000054	1.269248	0.001484	1.269316	0.000046	1.268948	0.000048	1350068921.876774	0.999994	37.964353	24.772258	1.592386	1.266036	0.000086	1.264662	0.000082	1.266687	0.000077	1.269217	0.999843	1.269181	0.000260	1.269709	0.000056	1.271743	0.000014	1.271407	0.000186	
1350068922.876375	1.000000	38.916397	25.578568	3.801544	1.269215	0.999825	1.268885	0.002815	1.235188	0.000024	1.266587	0.000257	1.237576	0.000005	1.268426	0.003814	1.242090	0.000005	1.242799	0.000006	1350068922.876563	0.999789	37.977603	24.782436	1.583830	1.269662	0.000056	1.278162	0.000007	1.268556	0.000033	1.269225	0.999934	1.269208	0.000243	1.267650	0.000007	1.269120	0.000048	1.270139	0.000081	
1350068923.876375	1.000000	38.794891	25.459152	3.782364	1.269219	0.999936	1.269001	0.004580	1.250576	0.000084	1.255851	0.000052	1.256403	0.000047	1.248968	0.000037	1.267676	0.000040	1.267833	0.000039	1350068923.876776	1.000213	38.029470	24.839469	1.579849	1.265096	0.000069	1.263479	0.000057	1.260131	0.000051	1.269221	0.999891	1.267541	0.000268	1.268775	0.001444	1.266704	0.000007	1.269926	0.000140	
1350068924.876374	0.999999	38.679236	25.344354	3.790058	1.269225	0.999933	1.269272	0.002462	1.266173	0.000006	1.260384	0.000006	1.266045	0.000005	1.269658	0.001596	1.266200	0.000005	1.266610	0.000005	1350068924.876779	1.000003	38.158619	24.968520	1.584849	1.269378	0.000043	1.265694	0.000007	1.289885	0.000007	1.269223	0.999913	1.269090	0.000229	1.268919	0.002357	1.269048	0.000056	1.268873	0.001691	
1350068925.876375	1.000001	38.855279	25.519980	3.793865	1.269221	0.999912	1.269135	0.005546	1.257793	0.000048	1.247332	0.000052	1.258005	0.000046	1.269128	0.000043	1.269516	0.000039	1.269055	0.000040	1350068925.876782	1.000003	37.992405	24.804519	1.592448	1.263792	0.000051	1.264899	0.000054	1.263294	0.000056	1.269223	0.999916	1.269183	0.000257	1.268861	0.000053	1.258066	0.000007	1.268979	0.000178	
1350068926.876374	0.999999	38.834296	25.499826	3.793842	1.269225	0.999937	1.269160	0.005612	1.272075	0.000006	1.269133	0.000005	1.265827	0.000005	1.270416	0.000006	1.268873	0.000005	1.269368	0.000006	1350068926.876779	0.999997	37.973094	24.784226	1.587331	1.269425	0.000041	1.264388	0.000007	1.269323	0.000007	1.269225	0.999931	1.269354	0.000260	1.273703	0.000007	1.276223	0.000049	1.268224	0.000097	
1350068927.876375	1.000001	38.796304	25.461249	3.805203	1.269215	0.999844	1.268642	0.004392	1.252683	0.000068	1.265553	0.000302	1.251115	0.000052	1.269110	0.000043	1.269219	0.000046	1.269493	0.000040	1350068927.876780	1.000001	38.047770	24.856574	1.593352	1.265270	0.000076	1.264478	0.000062	1.262650	0.000081	1.269221	0.999890	1.263835	0.000267	1.268783	0.001648	1.255600	0.000008	1.269446	0.000117	
1350068928.876375	1.000000	38.642426	25.308594	3.790192	1.269225	0.999934	1.269238	0.001925	1.273245	0.000006	1.266122	0.000006	1.268074	0.000005	1.270591	0.000006	1.265844	0.000005	1.265026	0.000006	1350068928.876803	1.000023	38.306084	25.115422	1.582987	1.269687	0.000040	1.279002	0.000007	1.269692	0.000007	1.269225	0.999935	1.269332	0.000196	1.268987	0.004370	1.266230	0.000051	1.271245	0.000081	
1350068929.876375	1.000000	38.915924	25.582764	3.793686	1.269209	0.999819	1.268735	0.005532	1.238092	0.000116	1.235897	0.000094	1.227136	0.000092	1.254362	0.000045	1.229199	0.000064	1.248987	0.000069	1350068929.876776	0.999973	37.979752	24.786541	1.584500	1.262579	0.000050	1.265224	0.000079	1.263440	0.000056	1.269224	0.999915	1.269192	0.000263	1.293817	0.000042	1.239139	0.000007	1.269110	0.000130	
1350068930.876375	1.000000	38.849533	25.514343	3.801697	1.269223	0.999914	1.269211	0.005528	1.239189	0.000028	1.251846	0.000030	1.265286	0.000005	1.270284	0.000005	1.268286	0.000005	1.267844	0.000005	1350068930.876776	1.000000	37.924774	24.747162	1.586273	1.267752	0.000072	1.268613	0.000007	1.277435	0.000033	1.269225	0.999935	1.269295	0.000218	1.269800	0.000007	1.264537	0.000052	1.268650	0.000093	
1350068931.876375	1.000000	38.808609	25.487366	3.786331	1.269211	0.999808	1.268795	0.005723	1.246311	0.000088	1.259363	0.000060	1.252511	0.000070	1.281707	0.000053	1.279107	0.000051	1.257300	0.000049	1350068931.876776	1.000000	37.983963	24.791290	1.590363	1.267397	0.000090	1.264974	0.000060	1.263045	0.000089	1.269223	0.999913	1.268792	0.000282	1.258351	0.000049	1.245879	0.000008	1.265797	0.000120	
1350068932.876375	1.000000	38.904556	25.570877	3.793854	1.269221	0.999892	1.268986	0.006015	1.269713	0.000005	1.269077	0.000246	1.267263	0.000005	1.272692	0.000005	1.265393	0.000005	1.269543	0.000006	1350068932.876778	1.000002	37.989185	24.798323	1.589505	1.269406	0.000043	1.306301	0.000007	1.269848	0.000035	1.269225	0.999934	1.270731	0.000230	1.302856	0.000026	1.280013	0.000072	1.267002	0.000116	
1350068933.876375	1.000000	38.846756	25.513275	3.801682	1.269215	0.999849	1.268766	0.005713	1.247884	0.000067	1.239087	0.000044	1.254585	0.000047	1.255485	0.000117	1.266215	0.000038	1.266030	0.000039	1350068933.876704	0.999926	37.975310	24.784577	1.590892	1.264038	0.000071	1.257384	0.000055	1.262394	0.000056	1.269222	0.999913	1.268269	0.000263	1.264089	0.000045	1.250755	0.000007	1.273035	0.000155	
1350068934.876390	1.000015	715777932.924428	715799119.771705	715799432.408245	0.999988	1.000205	0.999986	1.000209	0.999996	1.000205	0.999988	1.000205	0.999988	1.000208	0.999991	1.000203	0.999988	1.000208	0.999988	1.000206	1350068934.876465	0.999761	715950979.027213	715966548.591345	715948418.840934	0.999988	1.000205	0.999986	1.000207	3.893144	0.256913	0.999988	1.000205	0.999988	1.000208	0.999991	1.000203	0.999988	1.000208	0.999988	1.000206	
1350068935.876438	1.000048	0.000000	0.000000	0.000000	-nan	-nan	-nan	-nan	0.000000	inf	-nan	-nan	-nan	0.000000	-nan	-nan	-nan	-nan	-nan	-nan	1350068935.876514	1.000049	0.000000	0.000000	0.000000	-nan	-nan	-nan	-nan	0.000000	inf	-nan	-nan	-nan	-nan	-nan	-nan	-nan	-nan	-nan	-nan	
