ts_0	elapsed_0	pkg_0	pp0_0	dram_0	freq_ratio_0_0	c0_ratio_0_0	freq_ratio_0_1	c0_ratio_0_1	freq_ratio_0_2	c0_ratio_0_2	freq_ratio_0_3	c0_ratio_0_3	freq_ratio_0_4	c0_ratio_0_4	freq_ratio_0_5	c0_ratio_0_5	freq_ratio_0_6	c0_ratio_0_6	freq_ratio_0_7	c0_ratio_0_7	ts_1	elapsed_1	pkg_1	pp0_1	dram_1	freq_ratio_1_0	c0_ratio_1_0	freq_ratio_1_1	c0_ratio_1_1	freq_ratio_1_2	c0_ratio_1_2	freq_ratio_1_3	c0_ratio_1_3	freq_ratio_1_4	c0_ratio_1_4	freq_ratio_1_5	c0_ratio_1_5	freq_ratio_1_6	c0_ratio_1_6	freq_ratio_1_7	c0_ratio_1_7	
1349479169.517528	1.000766	56.146229	42.185869	7.791441	1.231675	0.997111	1.231182	0.988426	1.230761	0.972863	1.228495	0.002313	1.173251	0.000095	1.166384	0.000079	1.191054	0.000118	1.183350	0.000095	1349479169.517872	1.000687	56.889497	43.018547	7.631889	1.230622	0.988816	1.230762	0.988431	1.132530	0.000272	1.235685	0.000182	1.185554	0.000093	1.205350	0.000103	1.259065	0.000032	1.230643	0.989977	
1349479170.517522	0.999994	56.883808	42.905728	7.946550	1.230731	0.999819	1.230732	0.999813	1.230763	0.999762	1.230536	0.002619	1.215160	0.000022	1.229900	0.000013	1.227597	0.000041	1.229776	0.000013	1349479170.517862	0.999990	57.776580	43.839627	7.900592	1.230763	0.999905	1.230763	0.999935	1.228661	0.000357	1.213136	0.000027	1.231818	0.000011	1.230784	0.000016	1.230718	0.000084	1.230763	0.999931	
1349479171.517522	1.000000	56.994827	43.013245	7.975922	1.230767	0.999920	1.230767	0.999926	1.230765	0.999852	1.230766	0.002665	1.230669	0.000096	1.228571	0.000053	1.232691	0.000074	1.230579	0.000075	1349479171.517868	1.000006	57.591820	43.679061	7.915083	1.230765	0.999952	1.230765	0.999951	1.231155	0.000801	1.231020	0.000116	1.230749	0.000056	1.230721	0.000062	1.230300	0.000014	1.230765	0.999955	
1349479172.517522	1.000000	56.973892	42.992722	7.958786	1.230699	0.999390	1.230733	0.999344	1.230764	0.999301	1.230864	0.002642	1.220308	0.000026	1.261109	0.000012	1.230775	0.000044	1.251441	0.000012	1349479172.517868	1.000000	57.451675	43.552551	7.872498	1.230764	0.999372	1.230763	0.999354	1.228444	0.000319	1.212658	0.000028	1.229762	0.000011	1.233093	0.000015	1.230585	0.000093	1.230784	0.999906	
1349479173.517521	0.999999	57.032052	43.047374	7.948952	1.230770	0.999901	1.230769	0.999905	1.230765	0.999758	1.230610	0.002716	1.226969	0.000053	1.225605	0.000049	1.230805	0.000073	1.222983	0.000062	1349479173.517861	0.999993	57.464356	43.562740	7.905252	1.230765	0.999951	1.230765	0.999953	1.231069	0.000309	1.223522	0.000104	1.231027	0.000060	1.230364	0.000070	1.232695	0.000014	1.230765	0.999952	
1349479174.517527	1.000006	57.120479	43.131228	7.989851	1.230761	0.999841	1.230762	0.999830	1.230759	0.999745	1.230345	0.003982	1.196772	0.000086	1.205089	0.000022	1.234480	0.000039	1.245186	0.000018	1349479174.517872	1.000011	57.505870	43.601344	7.879995	1.230761	0.999895	1.230761	0.999907	1.227408	0.000351	1.230811	0.002060	1.231419	0.000011	1.230261	0.000014	1.230314	0.000077	1.230761	0.999912	
1349479175.517523	0.999996	57.082812	43.109794	7.976015	1.230758	0.999863	1.230758	0.999863	1.230758	0.999862	1.230246	0.005596	1.224137	0.000110	1.209255	0.000073	1.228484	0.000076	1.207510	0.000072	1349479175.517865	0.999993	57.324264	43.434855	7.894357	1.230766	0.999956	1.230765	0.999956	1.230143	0.000256	1.231019	0.000044	1.230922	0.000047	1.230742	0.000059	1.232880	0.000014	1.230765	0.999954	
1349479176.517521	0.999998	715772369.033236	715792779.366523	715777846.391446	0.999989	1.000127	0.999987	1.000130	0.999997	1.000127	0.999989	1.000127	0.999989	1.000129	0.999992	1.000125	0.999989	1.000130	0.999989	1.000127	1349479176.517611	0.999746	715999251.501824	716007013.942969	715973795.658102	0.999989	1.000127	0.999986	1.000129	3.893095	0.256897	0.999989	1.000127	0.999989	1.000130	0.999992	1.000124	0.999989	1.000130	0.999989	1.000127	
1349479177.517521	1.000000	0.000000	0.000000	0.000000	-nan	-nan	-nan	-nan	8.000000	inf	-nan	-nan	-nan	0.000000	-nan	-nan	-nan	-nan	-nan	-nan	1349479177.517579	0.999968	0.000000	0.000000	0.000000	-nan	-nan	-nan	-nan	0.000000	inf	-nan	-nan	-nan	-nan	-nan	-nan	-nan	-nan	-nan	-nan	
1349479178.517574	1.000053	0.000000	0.000000	0.000000	-nan	-nan	-nan	-nan	281956319377.464355	inf	-nan	-nan	-nan	0.000000	-nan	-nan	-nan	-nan	-nan	-nan	1349479178.517644	1.000065	0.000000	0.000000	0.000000	-nan	-nan	-nan	-nan	inf	-nan	-nan	-nan	-nan	-nan	-nan	-nan	-nan	-nan	-nan	-nan	
