ts_0	elapsed_0	pkg_0	pp0_0	dram_0	freq_ratio_0_0	c0_ratio_0_0	freq_ratio_0_1	c0_ratio_0_1	freq_ratio_0_2	c0_ratio_0_2	freq_ratio_0_3	c0_ratio_0_3	freq_ratio_0_4	c0_ratio_0_4	freq_ratio_0_5	c0_ratio_0_5	freq_ratio_0_6	c0_ratio_0_6	freq_ratio_0_7	c0_ratio_0_7	ts_1	elapsed_1	pkg_1	pp0_1	dram_1	freq_ratio_1_0	c0_ratio_1_0	freq_ratio_1_1	c0_ratio_1_1	freq_ratio_1_2	c0_ratio_1_2	freq_ratio_1_3	c0_ratio_1_3	freq_ratio_1_4	c0_ratio_1_4	freq_ratio_1_5	c0_ratio_1_5	freq_ratio_1_6	c0_ratio_1_6	freq_ratio_1_7	c0_ratio_1_7	
1349479169.517113	1.000461	55.555667	41.749197	7.680296	1.231139	0.997884	1.230733	0.988109	1.230765	0.988026	1.228205	0.002268	1.188710	0.000149	1.159429	0.000075	1.175987	0.000085	1.215560	0.000285	1349479169.517460	1.000598	53.878412	40.018216	7.677203	1.230744	0.988340	1.230766	0.988080	0.957587	0.000126	1.234173	0.000150	1.249498	0.000082	1.145883	0.000301	1.241948	0.000086	1.230760	0.989175	
1349479170.517103	0.999990	56.063641	42.237239	7.939639	1.230763	0.999735	1.230767	0.999867	1.230764	0.999732	1.230739	0.002353	1.230899	0.000418	1.239112	0.000013	1.224539	0.000013	1.229377	0.000185	1349479170.517444	0.999984	54.675327	40.762370	7.960378	1.230765	0.999902	1.230763	0.999826	1.219605	0.000056	1.236739	0.000012	1.230753	0.000063	1.219705	0.000098	1.230514	0.000014	1.230765	0.999909	
1349479171.517106	1.000003	56.163797	42.330130	7.937308	1.230763	0.999933	1.230763	0.999925	1.230763	0.999924	1.230548	0.002665	1.231533	0.000142	1.231068	0.000051	1.201722	0.000064	1.230812	0.002107	1349479171.517454	1.000010	54.720628	40.802112	7.949383	1.230763	0.999935	1.230763	0.999935	1.223995	0.000088	1.224145	0.000075	1.230593	0.000046	1.231946	0.000120	1.230644	0.000056	1.230763	0.999934	
1349479172.517106	1.000000	56.019409	42.188477	7.929886	1.230702	0.999565	1.230747	0.999537	1.230747	0.999535	1.230796	0.002217	1.226340	0.000013	1.228957	0.000013	1.213618	0.000016	1.231728	0.000175	1349479172.517458	1.000004	54.698982	40.787219	7.956038	1.230768	0.999563	1.230765	0.999453	1.229869	0.000014	1.230593	0.000011	1.230535	0.000011	1.230665	0.000100	1.231063	0.000017	1.230781	0.999911	
1349479173.517105	0.999999	56.080406	42.240015	7.927254	1.230764	0.999936	1.230763	0.999936	1.230764	0.999936	1.230597	0.002531	1.222631	0.000090	1.231061	0.000045	1.268178	0.000058	1.230762	0.000208	1349479173.517449	0.999991	54.714897	40.802570	7.946102	1.230763	0.999933	1.230763	0.999933	1.223296	0.000076	1.220469	0.000067	1.230870	0.000052	1.230425	0.000120	1.230759	0.000068	1.230763	0.999931	
1349479174.517104	0.999999	59.166438	45.313169	7.917534	1.225891	0.998371	1.225891	0.998370	1.225890	0.998344	1.161474	0.003407	1.154700	0.003127	1.154668	0.002938	1.171200	0.005016	1.157013	0.002995	1349479174.517311	0.999862	54.810636	40.903916	7.929317	1.230532	0.999670	1.230532	0.999670	1.156576	0.002292	1.155003	0.002213	1.156751	0.002215	1.175002	0.004186	1.159588	0.002407	1.230532	0.999668	
1349479175.517104	1.000000	55.887100	42.049759	7.943527	1.230760	0.999854	1.230757	0.999754	1.230760	0.999854	1.227077	0.000263	1.228973	0.000491	1.218493	0.000061	1.230687	0.001257	1.231489	0.000249	1349479175.517448	1.000137	54.532929	40.657863	7.941523	1.230763	0.999928	1.230763	0.999929	1.227475	0.000106	1.224353	0.000059	1.230766	0.000050	1.230401	0.000131	1.231090	0.000060	1.230763	0.999934	
1349479176.517100	0.999996	715791852.442380	715822592.797611	715815913.839357	0.999999	1.000172	0.999996	1.000175	0.999999	1.000180	0.999999	1.000173	0.999999	1.000175	1.000001	1.000170	0.999999	1.000175	0.999999	1.000173	1349479176.517189	0.999741	715981197.973909	715958533.067230	715995384.766346	0.999999	1.000173	0.999996	1.000175	3.892419	0.256956	0.999999	1.000173	0.999999	1.000175	1.000001	1.000170	0.999999	1.000175	0.999999	1.000173	
1349479177.517137	1.000037	0.000000	0.000000	0.000000	-nan	-nan	-nan	-nan	1.000008	inf	-nan	-nan	-nan	0.000000	-nan	-nan	-nan	-nan	-nan	-nan	1349479177.517215	1.000026	0.000000	0.000000	0.000000	-nan	-nan	-nan	-nan	1.345745	inf	-nan	-nan	-nan	-nan	-nan	-nan	-nan	-nan	-nan	-nan	
1349479178.517315	1.000178	0.000000	0.000000	0.000000	-nan	-nan	-nan	-nan	0.000000	inf	-nan	-nan	-nan	0.000000	-nan	-nan	-nan	-nan	-nan	-nan	1349479178.517380	1.000165	0.000000	0.000000	0.000000	-nan	-nan	-nan	-nan	-nan	-nan	-nan	-nan	-nan	-nan	-nan	-nan	-nan	-nan	-nan	-nan	
