ts_0	elapsed_0	pkg_0	pp0_0	dram_0	freq_ratio_0_0	c0_ratio_0_0	freq_ratio_0_1	c0_ratio_0_1	freq_ratio_0_2	c0_ratio_0_2	freq_ratio_0_3	c0_ratio_0_3	freq_ratio_0_4	c0_ratio_0_4	freq_ratio_0_5	c0_ratio_0_5	freq_ratio_0_6	c0_ratio_0_6	freq_ratio_0_7	c0_ratio_0_7	ts_1	elapsed_1	pkg_1	pp0_1	dram_1	freq_ratio_1_0	c0_ratio_1_0	freq_ratio_1_1	c0_ratio_1_1	freq_ratio_1_2	c0_ratio_1_2	freq_ratio_1_3	c0_ratio_1_3	freq_ratio_1_4	c0_ratio_1_4	freq_ratio_1_5	c0_ratio_1_5	freq_ratio_1_6	c0_ratio_1_6	freq_ratio_1_7	c0_ratio_1_7	
1350065471.198583	1.000354	47.846875	34.665461	6.119232	1.000000	1.000000	0.999888	0.000845	1.000000	1.000000	0.999979	0.001286	1.000000	1.000000	0.999876	0.006871	1.000000	1.000000	1.000010	0.000340	1350065471.198717	1.000363	35.355189	22.141145	4.563849	1.000000	1.000000	0.999873	0.000530	1.000055	0.000380	1.000000	1.000000	0.998716	0.000018	0.999511	0.000013	1.000343	0.000013	1.002001	0.000018	
1350065472.198572	0.999989	47.786901	34.623976	6.127631	1.000000	1.000000	1.000000	0.001737	1.000000	1.000000	0.999981	0.004358	1.000000	1.000000	0.999955	0.001368	1.000000	1.000000	1.000388	0.000280	1350065472.198696	0.999979	35.353235	22.142326	4.467272	1.000000	1.000000	0.999515	0.000233	0.999390	0.000317	1.000000	1.000000	0.996584	0.000052	0.998055	0.000101	0.999836	0.000054	1.000063	0.000049	
1350065473.198573	1.000001	47.843567	34.666547	6.102899	1.000000	1.000000	0.999959	0.006515	1.000000	1.000000	1.000184	0.000195	1.000000	1.000000	1.000572	0.000279	1.000000	1.000000	0.999864	0.000209	1350065473.198698	1.000002	35.335931	22.135120	3.248880	1.000000	1.000000	1.000467	0.000260	1.000484	0.000297	1.000000	1.000000	1.016885	0.000013	1.014930	0.000013	1.000694	0.000013	0.999567	0.000013	
1350065474.198579	1.000006	47.804296	34.625160	6.121317	1.000000	1.000000	1.000085	0.002481	1.000000	1.000000	0.999997	0.000240	1.000000	1.000000	0.999908	0.002303	1.000000	1.000000	0.999675	0.000327	1350065474.198706	1.000008	35.373050	22.159687	2.974967	1.000000	0.999999	1.000211	0.000252	1.000633	0.000416	1.000000	1.000000	1.000000	0.000081	0.999912	0.000074	0.998702	0.000066	0.991097	0.000071	
1350065475.198573	0.999994	47.600137	34.418006	6.109091	1.000000	1.000000	0.999947	0.000314	1.000000	1.000000	1.000002	0.000174	1.000000	1.000000	1.000000	0.000304	1.000000	1.000000	1.000040	0.000213	1350065475.198700	0.999994	35.374524	22.163981	2.713822	1.000000	1.000002	0.999853	0.000388	0.999411	0.000337	1.000000	1.000000	0.987183	0.000009	0.998922	0.000009	1.008194	0.000009	1.026816	0.000023	
1350065476.198572	0.999999	47.586029	34.400698	6.127554	1.000000	1.000000	1.000029	0.000333	1.000000	1.000000	0.999960	0.000234	1.000000	1.000000	0.999978	0.000295	1.000000	1.000000	0.999877	0.000271	1350065476.198700	1.000000	35.396301	22.184113	2.716370	1.000000	1.000000	0.999646	0.000316	0.999524	0.000500	1.000000	1.000000	0.998160	0.000061	1.000104	0.000188	1.000045	0.000069	1.000165	0.000073	
1350065477.198573	1.000001	47.612442	34.426038	6.127466	1.000000	1.000000	0.999998	0.002411	1.000000	1.000000	0.999991	0.000176	1.000000	1.000000	0.999983	0.000276	1.000000	1.000000	0.999977	0.000213	1350065477.198704	1.000004	35.406229	22.191835	2.708256	1.000000	1.000000	1.001002	0.000335	1.000546	0.000408	1.000000	1.000000	1.009602	0.000020	0.992148	0.000021	0.996959	0.000027	0.998068	0.000013	
1350065478.198572	0.999999	47.615570	34.428774	6.109076	1.000000	1.000000	0.999995	0.000388	1.000000	1.000000	0.999988	0.000282	1.000000	1.000000	0.999991	0.000290	1.000000	1.000000	1.000041	0.000388	1350065478.198709	1.000005	35.403479	22.191585	2.711092	1.000000	1.000000	0.998851	0.000345	0.999509	0.000499	1.000000	1.000000	0.996233	0.000064	1.000926	0.000128	0.999477	0.000063	0.999488	0.000087	
1350065479.198572	1.000000	47.622940	34.432983	6.115234	1.000000	1.000000	0.999975	0.000598	1.000000	1.000000	0.999991	0.000175	1.000000	1.000000	0.999975	0.000296	1.000000	1.000000	0.999877	0.000213	1350065479.198705	0.999996	35.403647	22.190214	2.710872	1.000000	1.000000	1.001339	0.000324	1.000565	0.000393	1.000000	1.000000	1.013088	0.000019	1.003348	0.000013	1.008756	0.000013	1.021250	0.000013	
1350065480.198572	1.000000	47.617401	34.426956	6.121399	1.000000	1.000000	0.999891	0.000248	1.000000	1.000000	0.999973	0.000202	1.000000	1.000000	0.999962	0.000262	1.000000	1.000000	1.000075	0.000282	1350065480.198702	0.999997	35.399081	22.187569	2.717965	1.000000	1.000000	0.999056	0.000322	1.000431	0.000527	1.000000	1.000000	0.999886	0.000054	0.999865	0.000177	0.998948	0.000062	0.995612	0.000060	
1350065481.198578	1.000006	47.610938	34.421044	6.109003	1.000000	1.000000	1.000109	0.000302	1.000000	1.000000	0.999991	0.000174	1.000000	1.000000	0.999987	0.000293	1.000000	1.000000	0.999861	0.000232	1350065481.198708	1.000006	35.384066	22.175390	2.711303	0.999998	1.000000	1.000232	0.000349	0.999374	0.000406	1.000000	1.000000	1.002374	0.000013	1.001693	0.000013	1.004012	0.000013	1.018226	0.000013	
1350065482.198572	0.999994	47.578042	34.399100	6.109106	1.000000	1.000000	0.999988	0.000288	1.000000	1.000000	0.999981	0.000206	1.000000	1.000000	1.000005	0.000238	1.000000	1.000000	1.000086	0.000295	1350065482.198702	0.999994	35.375165	22.166377	2.711198	1.000002	1.000000	1.000665	0.000343	1.000027	0.000480	1.000000	1.000000	1.003139	0.000062	1.000124	0.000062	1.004069	0.000060	1.000006	0.000062	
1350065483.198572	1.000000	47.632202	34.444046	6.115234	1.000000	1.000000	0.998042	0.000353	1.000000	1.000000	0.999998	0.000175	1.000000	1.000000	1.000051	0.000273	1.000000	1.000000	0.999854	0.000219	1350065483.198702	1.000000	35.376389	22.168533	2.702942	1.000000	1.000000	0.998967	0.000336	0.999412	0.000359	1.000000	1.000000	0.985250	0.000013	0.998718	0.000013	0.984285	0.000013	0.983470	0.000013	
1350065484.198572	1.000000	47.635696	34.446640	6.121399	1.000000	1.000000	1.001174	0.000580	1.000000	1.000000	0.999800	0.000216	1.000000	1.000000	0.999791	0.000258	1.000000	1.000000	1.000486	0.000274	1350065484.198697	0.999995	35.341730	22.145664	2.700331	1.000000	1.000000	1.001029	0.000333	1.000830	0.000516	1.000000	1.000000	1.000056	0.000062	1.000211	0.000080	0.999441	0.000062	1.000340	0.000048	
1350065485.198573	1.000001	47.606964	34.415571	6.109064	1.000000	1.000000	0.999971	0.000270	1.000000	1.000000	1.000234	0.000155	1.000000	1.000000	1.000584	0.000292	1.000000	1.000000	0.999862	0.000210	1350065485.198702	1.000005	35.376807	22.168102	2.716890	1.000000	1.000000	0.999077	0.000317	1.000020	0.000453	1.000000	1.000000	0.999768	0.000013	0.999473	0.000013	0.999971	0.000013	1.000087	0.000013	
1350065486.198572	0.999999	47.630111	34.436922	6.121405	1.000000	1.000000	1.000033	0.000323	1.000000	1.000000	1.002599	0.000237	1.000000	1.000000	0.999413	0.000277	1.000000	1.000000	0.999583	0.000286	1350065486.198703	1.000001	35.394269	22.184900	2.715009	1.000000	1.000000	0.999412	0.000335	0.999054	0.000491	0.999999	1.000000	1.000018	0.000085	0.999976	0.000096	0.999974	0.000089	0.993199	0.000095	
1350065487.198573	1.000001	47.619416	34.427061	6.121393	1.000000	1.000000	0.999989	0.002354	1.000000	1.000000	0.996334	0.000170	1.000000	1.000000	1.000017	0.000299	1.000000	1.000000	1.000088	0.000238	1350065487.198702	0.999999	35.381610	22.173285	2.713443	1.000000	1.000000	1.000202	0.000326	1.000534	0.000403	1.000001	1.000000	0.997587	0.000017	0.998148	0.000017	1.000650	0.000017	1.016164	0.000040	
1350065488.198572	0.999999	47.613220	34.421587	6.115240	1.000000	1.000000	1.000006	0.000318	1.000000	1.000000	1.002924	0.000217	1.000000	1.000000	0.999986	0.000251	1.000000	1.000000	0.999835	0.000249	1350065488.198702	1.000000	35.368317	22.159164	2.705353	1.000000	1.000000	1.000932	0.000356	0.999992	0.000446	1.000000	1.000000	1.000384	0.000064	1.000293	0.000079	1.000146	0.000066	0.999647	0.000060	
1350065489.198573	1.000001	47.711335	34.529752	6.120325	1.000000	1.000000	0.999995	0.003967	1.000000	1.000000	0.999771	0.002826	1.000000	1.000000	0.999997	0.002881	1.000000	1.000000	1.000001	0.002740	1350065489.198701	0.999999	35.471179	22.262137	2.705401	1.000000	1.000000	1.000000	0.004255	1.000076	0.003009	1.000000	1.000000	1.000000	0.002738	1.000004	0.002530	0.999986	0.002419	1.000005	0.002579	
1350065490.198572	0.999999	47.616729	34.424166	6.115240	1.000000	1.000000	1.000303	0.000252	1.000000	1.000000	0.999775	0.000202	1.000000	1.000000	0.999845	0.000256	1.000000	1.000000	0.999939	0.000309	1350065490.198727	1.000026	35.363827	22.155766	2.708121	1.000000	1.000000	0.999613	0.000376	0.999423	0.000380	1.000000	1.000000	1.000371	0.000048	0.999641	0.000058	1.000420	0.000058	1.000019	0.000061	
1350065491.198573	1.000001	47.621796	34.433668	6.121393	1.000000	1.000000	0.999727	0.000291	1.000000	1.000000	1.000214	0.000173	1.000000	1.000000	1.000110	0.000292	1.000000	1.000000	1.000179	0.000230	1350065491.198712	0.999985	35.366483	22.157117	2.714152	1.000000	1.000000	1.000584	0.000302	1.000018	0.000373	1.000000	1.000000	1.000205	0.000013	1.000818	0.000013	1.000058	0.000013	0.991383	0.000013	
1350065492.198572	0.999999	47.715606	34.530016	6.133734	1.000000	1.000000	0.999915	0.000233	1.000000	1.000000	0.999786	0.000200	1.000000	1.000000	0.999808	0.000237	1.000000	1.000000	0.999988	0.002234	1350065492.198702	0.999990	35.378299	22.167565	2.777936	1.000000	1.000000	1.000048	0.000298	0.999775	0.000382	1.000000	1.000000	0.999627	0.000069	0.997543	0.000077	0.997487	0.000070	1.000649	0.000069	
1350065493.198573	1.000001	47.872879	34.684308	6.109064	1.000000	1.000000	1.000029	0.000383	1.000000	1.000000	1.000241	0.000171	1.000000	1.000000	1.000108	0.000284	1.000000	1.000000	1.000005	0.005839	1350065493.198702	1.000000	35.332184	22.156799	2.786591	1.000000	1.000000	0.999819	0.000247	1.000184	0.000291	1.000000	1.000000	1.016855	0.000013	1.029261	0.000013	1.030121	0.000013	1.020376	0.000013	
1350065494.198572	0.999999	47.788421	34.601092	6.121405	1.000000	1.000000	0.999994	0.000521	1.000000	1.000000	0.999987	0.000209	1.000000	1.000000	0.999992	0.000242	1.000000	1.000000	0.999996	0.003655	1350065494.198701	0.999999	35.379001	22.145132	2.724627	1.000000	1.000000	0.999418	0.000296	0.999991	0.000327	1.000000	1.000000	0.995346	0.000048	0.994085	0.000046	0.995811	0.000059	0.995845	0.000049	
1350065495.198572	1.000000	47.639526	34.454590	6.127563	1.000000	1.000000	1.000187	0.000303	1.000000	1.000000	0.999960	0.000174	1.000000	1.000000	1.000066	0.000298	1.000000	1.000000	0.999982	0.000231	1350065495.198702	1.000001	35.400265	22.187631	2.716733	1.000000	1.000000	0.999739	0.000338	0.999496	0.000386	1.000000	1.000000	1.000203	0.000013	1.004741	0.000013	1.010775	0.000013	1.002396	0.000013	
1350065496.198572	1.000000	47.724503	34.535934	6.090576	1.000000	1.000000	0.999806	0.000229	1.000000	1.000000	0.999780	0.000200	1.000000	1.000000	0.999794	0.000255	1.000000	1.000000	1.000052	0.002368	1350065496.198699	0.999997	35.384891	22.175728	2.709954	1.000000	1.000000	1.000758	0.000329	1.001092	0.000381	1.000000	1.000000	1.000412	0.000062	0.999623	0.000074	0.998380	0.000062	0.999121	0.000048	
1350065497.198573	1.000001	47.871109	34.694715	6.121393	1.000000	1.000000	0.999765	0.002456	1.000000	1.000000	1.000263	0.000170	1.000000	1.000000	1.000600	0.000285	1.000000	1.000000	1.000004	0.005731	1350065497.198699	1.000000	35.371933	22.165054	2.848404	1.000000	1.000000	0.999964	0.001113	0.999797	0.000318	1.000000	1.000000	0.999430	0.000020	1.001717	0.000020	0.997206	0.000013	0.999971	0.000013	
1350065498.198572	0.999999	47.896362	34.707003	6.109060	1.000000	1.000000	1.001122	0.000495	1.000000	1.000000	1.000307	0.001937	1.000000	1.000000	0.999314	0.000256	1.000000	1.000000	0.999958	0.003048	1350065498.198710	1.000011	35.378747	22.170228	3.063260	1.000000	1.000000	0.999342	0.000309	1.000132	0.000378	1.000000	1.000000	0.999851	0.000083	1.000010	0.000074	1.000155	0.000082	0.992448	0.000084	
1350065499.198572	1.000000	47.659256	34.469238	6.115219	1.000000	1.000000	0.999992	0.000649	1.000000	1.000000	1.000055	0.000225	1.000000	1.000000	1.000084	0.000290	1.000000	1.000000	1.000093	0.000231	1350065499.198703	0.999993	35.370423	22.161240	2.710926	1.000000	1.000000	0.999187	0.000337	0.999325	0.000320	1.000000	1.000000	1.023144	0.000008	1.024119	0.000008	1.025537	0.000009	1.042433	0.000020	
1350065500.198572	1.000000	47.630844	34.440628	6.121399	1.000000	1.000000	1.000059	0.000228	1.000000	1.000000	0.996868	0.000204	1.000000	1.000000	0.999997	0.000238	1.000000	1.000000	1.000012	0.000288	1350065500.198704	1.000001	35.380276	22.171564	2.700254	1.000000	0.999998	1.000602	0.000361	1.000525	0.000411	1.000000	1.000000	0.994551	0.000054	0.993752	0.000066	0.993830	0.000067	0.993275	0.000062	
1350065501.198572	1.000000	47.623108	34.432312	6.121399	1.000000	1.000000	0.999913	0.000306	1.000000	1.000000	1.002975	0.000215	1.000000	1.000000	0.999972	0.000293	1.000000	1.000000	0.999984	0.000213	1350065501.198703	0.999999	35.365756	22.158041	2.711199	1.000000	1.000002	0.999769	0.000344	0.999329	0.000359	1.000000	1.000000	1.008182	0.000013	1.015566	0.000013	1.014388	0.000014	1.014170	0.000013	
1350065502.198572	1.000000	47.732025	34.542633	6.121399	1.000000	1.000000	1.000046	0.000233	1.000000	1.000000	0.999820	0.000207	1.000000	1.000000	0.999861	0.000236	1.000000	1.000000	0.999981	0.002386	1350065502.198698	0.999995	35.335184	22.139485	2.704252	1.000000	1.000000	1.000066	0.000275	1.000022	0.000376	1.000000	1.000000	0.999771	0.000062	1.000135	0.000060	1.003420	0.000061	1.001660	0.000063	
1350065503.198581	1.000009	715764692.178772	715767175.898992	715805439.828615	0.999989	1.000210	0.999987	1.000216	0.999997	1.000212	0.999989	1.000211	0.999990	1.000215	0.999992	1.000209	0.999989	1.000214	0.999989	1.000211	1350065503.198673	0.999975	715831012.506727	715781895.378862	715807777.392590	0.999989	1.000209	0.999987	1.000214	3.893079	0.256919	0.999990	1.000213	0.999989	1.000214	0.999992	1.000210	0.999989	1.000213	0.999990	1.000213	
1350065504.198661	1.000080	0.000000	0.000000	0.000000	-nan	-nan	-nan	-nan	0.000000	inf	-nan	-nan	-nan	0.000000	-nan	-nan	-nan	-nan	-nan	-nan	1350065504.198746	1.000073	0.000000	0.000000	0.000000	-nan	-nan	-nan	-nan	0.000000	inf	-nan	-nan	-nan	-nan	-nan	-nan	-nan	-nan	-nan	-nan	
