ts_0	elapsed_0	pkg_0	pp0_0	dram_0	freq_ratio_0_0	c0_ratio_0_0	freq_ratio_0_1	c0_ratio_0_1	freq_ratio_0_2	c0_ratio_0_2	freq_ratio_0_3	c0_ratio_0_3	freq_ratio_0_4	c0_ratio_0_4	freq_ratio_0_5	c0_ratio_0_5	freq_ratio_0_6	c0_ratio_0_6	freq_ratio_0_7	c0_ratio_0_7	ts_1	elapsed_1	pkg_1	pp0_1	dram_1	freq_ratio_1_0	c0_ratio_1_0	freq_ratio_1_1	c0_ratio_1_1	freq_ratio_1_2	c0_ratio_1_2	freq_ratio_1_3	c0_ratio_1_3	freq_ratio_1_4	c0_ratio_1_4	freq_ratio_1_5	c0_ratio_1_5	freq_ratio_1_6	c0_ratio_1_6	freq_ratio_1_7	c0_ratio_1_7	
1349418575.958527	1.004399	66.450022	52.433405	0.000000	1.196884	0.991297	1.192156	0.933277	1.192296	0.933525	1.192333	0.932944	1.192304	0.932144	1.190340	0.002275	1.162440	0.000109	1.166750	0.000136	1349418575.958758	1.000727	78.273331	64.066617	0.000000	1.153898	0.936602	1.153955	0.936546	1.153906	0.935931	1.153867	0.935489	1.153887	0.935224	1.153880	0.935209	1.024240	0.000179	1.153894	0.937954	
1349418576.958526	0.999999	69.374303	55.222968	0.000000	1.192306	0.999809	1.192306	0.999809	1.192274	0.999861	1.192275	0.999860	1.192276	0.999857	1.192327	0.002806	1.190305	0.000008	1.195497	0.000161	1349418576.958759	1.000001	83.353039	68.973399	0.000000	1.153860	0.999937	1.153860	0.999915	1.153846	0.999674	1.153850	0.999752	1.153846	0.999671	1.153846	0.999668	1.153631	0.000204	1.153860	0.999944	
1349418577.958526	1.000000	69.428741	55.288406	0.000000	1.192301	0.999295	1.192304	0.999379	1.192241	0.999574	1.192247	0.999566	1.192249	0.999570	1.190877	0.002689	1.172620	0.000181	1.177981	0.000170	1349418577.958757	0.999998	83.439582	69.059839	0.000000	1.153874	0.999862	1.153873	0.999797	1.153852	0.999455	1.153846	0.999291	1.153848	0.999364	1.153850	0.999409	1.153590	0.000264	1.153874	0.999863	
1349418578.958525	0.999999	69.579534	55.420539	0.000000	1.192306	0.999652	1.192306	0.999649	1.192277	0.999754	1.192277	0.999751	1.192278	0.999748	1.192301	0.002695	1.195665	0.000008	1.190392	0.000245	1349418578.958754	0.999997	83.585785	69.217088	0.000000	1.153864	0.999927	1.153864	0.999903	1.153848	0.999656	1.153846	0.999585	1.153846	0.999583	1.153846	0.999581	1.154114	0.000304	1.153865	0.999927	
1349418579.958526	1.000001	69.722117	55.553521	0.000000	1.192286	0.999418	1.192304	0.999418	1.192273	0.999477	1.192273	0.999475	1.192259	0.999487	1.191568	0.002961	1.182309	0.000194	1.191278	0.000967	1349418579.958755	1.000001	83.859875	69.466258	0.000000	1.153855	0.999499	1.153857	0.999515	1.153850	0.999395	1.153846	0.999322	1.153846	0.999320	1.153846	0.999318	1.153918	0.000231	1.153903	0.999934	
1349418580.958535	1.000009	69.451901	55.329317	0.000000	1.192309	0.999311	1.192309	0.999323	1.192309	0.999331	1.192308	0.999248	1.192309	0.999331	1.192323	0.006965	1.192192	0.000245	1.192316	0.000110	1349418580.958762	1.000007	83.426425	69.093486	0.000000	1.153853	0.999373	1.153853	0.999374	1.153850	0.999334	1.153848	0.999270	1.153846	0.999183	1.153846	0.999181	1.153688	0.000201	1.153896	0.999944	
1349418581.958525	0.999990	68.867465	54.788726	0.000000	1.192300	0.995652	1.192304	0.995784	1.192305	0.995812	1.192305	0.995812	1.192309	0.995879	1.186471	0.000834	1.185138	0.000652	1.173373	0.000230	1349418581.958755	0.999993	82.891351	68.615938	0.000000	1.153858	0.995970	1.153858	0.995957	1.153848	0.995741	1.153848	0.995757	1.153846	0.995701	1.153846	0.995698	1.153672	0.000350	1.154160	0.999922	
1349418582.958526	1.000001	69.760966	55.578255	0.000000	1.192306	0.999780	1.192308	0.999847	1.192309	0.999932	1.192309	0.999918	1.192309	0.999924	1.192297	0.000881	1.192166	0.000524	1.195903	0.000172	1349418582.958757	1.000002	84.077003	69.680730	0.000000	1.153848	0.999972	1.153848	0.999972	1.153848	0.999973	1.153846	0.999887	1.153846	0.999893	1.153846	0.999896	1.153848	0.000225	1.153848	0.999978	
1349418583.958526	1.000000	69.767624	55.586578	0.000000	1.192302	0.999771	1.192302	0.999810	1.192303	0.999820	1.192303	0.999819	1.192307	0.999890	1.190583	0.001314	1.186028	0.000515	1.189070	0.000203	1349418583.958687	0.999930	84.064654	69.671601	0.000000	1.153852	0.999955	1.153852	0.999943	1.153848	0.999866	1.153848	0.999879	1.153848	0.999878	1.153846	0.999799	1.154544	0.000125	1.153852	0.999955	
1349418584.958526	1.000000	69.881363	55.686981	0.000000	1.192305	0.999819	1.192305	0.999817	1.192307	0.999869	1.192306	0.999868	1.192311	0.999937	1.192324	0.000881	1.191270	0.000277	1.192461	0.000952	1349418584.958761	1.000074	84.237442	69.828533	0.000000	1.153850	0.999978	1.153850	0.999978	1.153846	0.999890	1.153846	0.999902	1.153846	0.999893	1.153846	0.999892	1.153744	0.000197	1.153850	0.999978	
1349418585.958526	1.000000	69.922119	55.731705	0.000000	1.192308	0.999915	1.192307	0.999938	1.192308	0.999955	1.192306	0.999871	1.192308	0.999957	1.192271	0.000879	1.192330	0.000286	1.194293	0.000094	1349418585.958757	0.999996	84.257116	69.850182	0.000000	1.153848	0.999976	1.153848	0.999952	1.153848	0.999970	1.153848	0.999970	1.153846	0.999903	1.153848	0.999941	1.154420	0.000095	1.153848	0.999977	
1349418586.958525	0.999999	69.982519	55.793953	0.000000	1.192306	0.999711	1.192307	0.999726	1.192276	0.999787	1.192276	0.999780	1.192276	0.999803	1.192324	0.001998	1.192506	0.000140	1.191111	0.000121	1349418586.958756	0.999999	84.317524	69.907385	0.000000	1.153859	0.999944	1.153857	0.999882	1.153849	0.999759	1.153847	0.999705	1.153848	0.999707	1.153848	0.999713	1.153501	0.000226	1.153859	0.999944	
1349418587.958521	0.999996	715779348.375052	715812765.822493	715830786.066720	0.999970	1.000014	0.999971	1.000033	0.999972	1.000031	0.999971	1.000020	0.999973	1.000029	0.999974	1.000018	0.999971	1.000024	0.999973	1.000026	1349418587.958624	0.999868	715918330.573395	715889919.535400	715922446.545317	0.999971	1.000020	0.999970	1.000029	3.894226	0.256792	0.999972	1.000022	0.999971	1.000023	0.999975	1.000024	0.999970	1.000019	0.999974	1.000030	
1349418588.958521	1.000000	0.000000	0.000000	0.000000	-nan	-nan	-nan	-nan	1.000008	inf	-nan	-nan	-nan	0.000000	-nan	-nan	-nan	-nan	-nan	-nan	1349418588.958599	0.999975	0.000000	0.000000	0.000000	-nan	-nan	-nan	-nan	1.345745	inf	-nan	-nan	-nan	-nan	-nan	-nan	-nan	-nan	-nan	-nan	
