ts_0	elapsed_0	pkg_0	pp0_0	dram_0	freq_ratio_0_0	c0_ratio_0_0	freq_ratio_0_1	c0_ratio_0_1	freq_ratio_0_2	c0_ratio_0_2	freq_ratio_0_3	c0_ratio_0_3	freq_ratio_0_4	c0_ratio_0_4	freq_ratio_0_5	c0_ratio_0_5	freq_ratio_0_6	c0_ratio_0_6	freq_ratio_0_7	c0_ratio_0_7	ts_1	elapsed_1	pkg_1	pp0_1	dram_1	freq_ratio_1_0	c0_ratio_1_0	freq_ratio_1_1	c0_ratio_1_1	freq_ratio_1_2	c0_ratio_1_2	freq_ratio_1_3	c0_ratio_1_3	freq_ratio_1_4	c0_ratio_1_4	freq_ratio_1_5	c0_ratio_1_5	freq_ratio_1_6	c0_ratio_1_6	freq_ratio_1_7	c0_ratio_1_7	
1349477139.534591	1.000475	59.620869	46.043806	7.115746	0.999965	0.993906	0.999977	0.988415	1.000000	0.987737	0.999977	0.987891	0.999986	0.956374	0.999977	0.956446	1.000000	0.826472	0.999236	0.001406	1349477139.534711	1.000385	66.859800	53.230008	6.323340	1.000000	0.988586	1.000001	0.988346	1.000001	0.988055	1.000001	0.987994	1.000001	0.987952	1.000001	0.987744	1.000001	0.987769	1.000002	0.993784	
1349477140.534588	0.999997	62.655208	48.837493	7.876566	1.000000	0.999668	0.999983	0.999928	1.000000	0.999799	1.000000	0.999713	1.000000	0.999404	1.000000	0.999869	1.000000	0.999479	1.000016	0.002773	1349477140.534705	0.999994	68.718854	54.827979	7.889268	1.000000	0.999519	1.000000	0.999857	1.000000	0.999297	1.000000	0.999487	1.000000	0.999800	1.000000	0.999609	1.000000	0.999797	1.000000	0.999923	
1349477141.534598	1.000010	65.799955	52.014631	7.687652	0.999994	0.978630	1.000000	0.978650	1.000000	0.978585	1.000000	0.978611	1.000000	0.978559	1.000000	0.978653	1.000000	0.978486	0.999979	0.765452	1349477141.534690	0.999985	67.427237	53.587368	6.879834	1.000000	0.978739	1.000000	0.978624	1.000000	0.978633	1.000000	0.978488	1.000000	0.978580	1.000000	0.978530	1.000000	0.978527	1.000000	0.999991	
1349477142.534586	0.999988	68.840039	54.925078	8.333824	0.999968	0.993065	0.999976	0.993052	1.000000	0.992997	0.999977	0.993051	0.999978	0.993049	0.999978	0.993048	1.000000	0.992996	0.999978	0.993064	1349477142.534675	0.999985	69.122147	55.069202	7.866299	1.000000	0.993102	1.000000	0.993095	1.000000	0.993011	1.000000	0.992965	1.000000	0.992963	1.000000	0.992960	1.000000	0.992997	1.000000	1.000000	
1349477143.534586	1.000000	58.890533	45.082169	7.398087	0.999932	0.797427	0.999943	0.797399	0.999984	0.797306	0.999944	0.797364	0.999955	0.797381	0.999944	0.797406	0.999985	0.797302	0.999879	0.797542	1349477143.534677	1.000002	61.425939	47.507585	6.791140	1.000000	0.797447	1.000000	0.797432	1.000000	0.797400	1.000000	0.797329	1.000000	0.797359	1.000000	0.797326	1.000000	0.797324	1.000000	1.000000	
1349477144.534589	1.000003	69.098022	55.131162	8.390065	0.999882	0.990297	0.999908	0.990261	0.999988	0.990037	0.999910	0.990241	0.999928	0.990220	0.999912	0.990234	0.999989	0.990052	0.999938	0.990249	1349477144.534684	1.000007	69.440560	55.342360	7.905219	1.000000	0.990458	1.000000	0.990370	1.000000	0.990286	1.000000	0.990110	1.000000	0.990073	1.000000	0.990088	1.000000	0.990066	1.000000	0.999990	
1349477145.534588	0.999999	57.860285	44.128216	7.067298	0.999815	0.770836	0.999864	0.770623	0.999972	0.770323	0.999880	0.770512	0.999918	0.770477	0.999868	0.770517	0.999974	0.770326	0.999787	0.771079	1349477145.534683	0.999999	60.169659	46.325880	6.567175	1.000000	0.770767	1.000000	0.770638	1.000000	0.770525	1.000000	0.770408	1.000000	0.770372	1.000000	0.770355	1.000000	0.770337	1.000000	1.000000	
1349477146.534598	1.000010	68.631637	54.703432	8.260797	0.999902	0.988959	0.999904	0.988937	0.999972	0.988713	0.999918	0.988889	0.999945	0.988795	0.999907	0.988907	0.999973	0.988743	0.999927	0.988905	1349477146.534703	1.000020	69.215807	55.157465	7.728742	1.000000	0.989032	1.000000	0.988951	1.000000	0.988875	1.000000	0.988798	1.000000	0.988763	1.000000	0.988762	1.000000	0.988728	1.000000	0.999993	
1349477147.534588	0.999990	68.970326	54.948426	8.478356	0.999855	0.988734	0.999890	0.988664	0.999975	0.988495	0.999904	0.988637	0.999931	0.988538	0.999893	0.988658	0.999977	0.988454	0.999932	0.988535	1349477147.534697	0.999994	69.786717	55.630214	7.913835	1.000000	0.988777	1.000000	0.988746	1.000000	0.988634	1.000000	0.988507	1.000000	0.988548	1.000000	0.988530	1.000000	0.988514	1.000000	1.000000	
1349477148.534588	1.000000	70.340057	56.085297	9.313217	0.999912	0.988434	0.999945	0.988382	0.999989	0.988255	0.999957	0.988359	0.999968	0.988328	0.999957	0.988356	0.999980	0.988278	0.999969	0.988391	1349477148.534678	0.999981	71.161605	56.749175	8.718108	1.000000	0.988458	1.000000	0.988378	1.000000	0.988374	1.000000	0.988305	1.000000	0.988279	1.000000	0.988292	1.000000	0.988262	1.000000	0.999990	
1349477149.534584	0.999996	715829456.242406	715796664.980333	715773867.359398	0.999992	1.000148	0.999990	1.000154	0.999992	1.000156	0.999993	1.000150	0.999993	1.000152	0.999995	1.000146	0.999992	1.000152	0.999992	1.000149	1349477149.535173	1.000495	715444772.822076	715436412.111269	715465394.089694	0.999993	1.000150	0.999990	1.000152	3.892857	0.256919	0.999992	1.000149	0.999992	1.000152	0.999995	1.000147	0.999992	1.000151	0.999992	1.000150	
1349477150.534641	1.000057	0.000000	0.000000	0.000000	-nan	-nan	-nan	-nan	1.000008	inf	-nan	-nan	-nan	0.000000	-nan	-nan	-nan	-nan	-nan	-nan	1349477150.534722	0.999549	0.000000	0.000000	0.000000	-nan	-nan	-nan	-nan	1.345745	inf	-nan	-nan	-nan	-nan	-nan	-nan	-nan	-nan	-nan	-nan	
1349477151.534632	0.999991	0.000000	0.000000	0.000000	-nan	-nan	-nan	-nan	0.000000	inf	-nan	-nan	-nan	0.000000	0.000000	inf	-nan	-nan	-nan	-nan	1349477151.534715	0.999993	0.000000	0.000000	0.000000	-nan	-nan	-nan	-nan	inf	-nan	-nan	-nan	-nan	-nan	-nan	-nan	-nan	-nan	-nan	-nan	
