ts_0	elapsed_0	pkg_0	pp0_0	dram_0	freq_ratio_0_0	c0_ratio_0_0	freq_ratio_0_1	c0_ratio_0_1	freq_ratio_0_2	c0_ratio_0_2	freq_ratio_0_3	c0_ratio_0_3	freq_ratio_0_4	c0_ratio_0_4	freq_ratio_0_5	c0_ratio_0_5	freq_ratio_0_6	c0_ratio_0_6	freq_ratio_0_7	c0_ratio_0_7	ts_1	elapsed_1	pkg_1	pp0_1	dram_1	freq_ratio_1_0	c0_ratio_1_0	freq_ratio_1_1	c0_ratio_1_1	freq_ratio_1_2	c0_ratio_1_2	freq_ratio_1_3	c0_ratio_1_3	freq_ratio_1_4	c0_ratio_1_4	freq_ratio_1_5	c0_ratio_1_5	freq_ratio_1_6	c0_ratio_1_6	freq_ratio_1_7	c0_ratio_1_7	
1349477139.535338	1.000520	65.465425	51.965441	6.115640	0.999958	0.965881	0.999999	0.960246	0.999999	0.960045	1.000000	0.959467	1.000000	0.955690	1.000000	0.950590	0.999999	0.946810	1.000000	0.942680	1349477139.535424	1.000345	63.295424	49.677503	5.745851	1.000001	0.960474	0.999981	0.960338	1.000001	0.959854	1.000001	0.959795	0.999980	0.959779	1.000001	0.956426	1.000001	0.959651	1.000002	0.993650	
1349477140.535334	0.999996	68.418902	54.657997	7.017637	0.999929	0.985302	0.999979	0.985210	0.999979	0.985195	1.000000	0.985111	0.999962	0.985176	1.000000	0.984983	0.999980	0.985201	1.000000	0.984979	1349477140.535416	0.999992	65.512662	51.640922	7.230512	1.000000	0.985057	1.000000	0.985263	1.000000	0.985102	1.000000	0.985109	1.000000	0.985099	1.000000	0.984984	1.000000	0.985068	1.000000	1.000000	
1349477141.535339	1.000005	67.687558	53.996449	6.714947	0.999972	0.978677	0.999999	0.978631	1.000000	0.978628	1.000000	0.978593	0.999999	0.978627	1.000000	0.978593	1.000000	0.978627	1.000000	0.978592	1349477141.535457	1.000041	64.711961	50.972656	6.567632	1.000000	0.978589	1.000000	0.978634	1.000000	0.978588	1.000000	0.978587	1.000000	0.978586	1.000000	0.978585	1.000000	0.978584	1.000000	1.000000	
1349477142.535335	0.999996	69.506507	55.655957	7.367843	0.999930	0.992987	0.999952	0.992992	0.999952	0.992942	0.999981	0.992852	0.999940	0.992924	0.999969	0.992799	0.999952	0.992942	0.999969	0.992797	1349477142.535418	0.999961	66.317260	52.404591	7.499530	1.000000	0.992860	1.000000	0.992970	1.000000	0.992855	1.000000	0.992858	1.000000	0.992856	1.000000	0.992814	1.000000	0.992869	1.000000	1.000000	
1349477143.535334	0.999999	59.347606	45.605695	6.599784	0.999916	0.797404	0.999945	0.797353	0.999949	0.797361	1.000000	0.797258	0.999972	0.797250	1.000000	0.797112	0.999972	0.797309	0.999977	0.797202	1349477143.535418	1.000000	59.004562	45.215836	6.465805	1.000000	0.797197	1.000000	0.797378	1.000000	0.797262	1.000000	0.797261	1.000000	0.797260	1.000000	0.797175	1.000000	0.797211	1.000000	1.000000	
1349477144.535337	1.000003	69.709592	55.812464	7.476448	0.999836	0.990051	0.999911	0.990023	0.999913	0.989959	0.999992	0.989722	0.999902	0.989978	0.999981	0.989738	0.999915	0.989951	0.999970	0.989754	1349477144.535423	1.000005	66.476077	52.528530	7.630028	1.000000	0.989868	1.000000	0.990053	1.000000	0.989814	1.000000	0.989739	1.000000	0.989716	1.000000	0.989767	1.000000	0.989901	1.000000	0.999985	
1349477145.535339	1.000002	57.705899	44.036919	6.225269	0.999796	0.770431	0.999889	0.770327	0.999915	0.770278	1.000000	0.770089	0.999896	0.770321	1.000000	0.770085	0.999919	0.770271	1.000000	0.770083	1349477145.535423	1.000000	57.738129	44.024170	6.140015	1.000000	0.770116	1.000000	0.770394	1.000000	0.770078	1.000000	0.770092	1.000000	0.770071	1.000000	0.770141	1.000000	0.770141	1.000000	1.000000	
1349477146.535338	0.999999	69.524358	55.666069	7.274253	0.999931	0.989090	0.999977	0.989047	0.999978	0.988993	1.000000	0.988868	0.999978	0.988990	1.000000	0.988864	0.999979	0.988986	1.000000	0.988862	1349477146.535425	1.000002	66.309230	52.402457	7.471360	1.000000	0.988956	1.000000	0.989047	1.000000	0.988953	1.000000	0.988861	1.000000	0.988857	1.000000	0.988889	1.000000	0.988966	1.000000	0.999994	
1349477147.535338	1.000000	70.038040	56.094925	7.571930	0.999893	0.988979	0.999956	0.988940	0.999957	0.988848	1.000000	0.988638	0.999958	0.988841	0.999999	0.988633	0.999959	0.988836	1.000000	0.988628	1349477147.535430	1.000005	66.840455	52.843043	7.710990	1.000000	0.988718	1.000000	0.988941	1.000000	0.988694	1.000000	0.988634	1.000000	0.988611	1.000000	0.988625	1.000000	0.988740	1.000000	0.999999	
1349477148.535346	1.000008	71.328325	57.187693	8.448113	0.999955	0.988524	0.999978	0.988525	0.999978	0.988430	1.000000	0.988429	0.999980	0.988425	1.000000	0.988259	0.999980	0.988515	1.000000	0.988256	1349477148.535429	0.999999	68.183323	53.958639	8.534768	1.000000	0.988393	1.000000	0.988540	1.000000	0.988375	1.000000	0.988425	1.000000	0.988423	1.000000	0.988255	1.000000	0.988429	1.000000	1.000000	
1349477149.535332	0.999986	715795069.705961	715814956.946372	715802274.413890	0.999997	1.000163	0.999995	1.000165	1.000005	1.000163	0.999997	1.000163	0.999997	1.000166	1.000000	1.000161	0.999997	1.000166	0.999997	1.000164	1349477149.535948	1.000519	715436785.111320	715394613.212249	715436901.486052	0.999997	1.000162	0.999995	1.000165	3.892518	0.256946	0.999997	1.000163	0.999997	1.000166	1.000000	1.000161	0.999997	1.000166	0.999997	1.000164	
1349477150.535333	1.000001	0.000000	0.000000	0.000000	-nan	-nan	-nan	-nan	8.000000	inf	-nan	-nan	-nan	0.000000	-nan	-nan	-nan	-nan	-nan	-nan	1349477150.535411	0.999463	0.000000	0.000000	0.000000	-nan	-nan	-nan	-nan	0.000000	inf	-nan	-nan	-nan	-nan	-nan	-nan	-nan	-nan	-nan	-nan	
1349477151.535386	1.000053	0.000000	0.000000	0.000000	-nan	-nan	-nan	-nan	0.000000	inf	-nan	-nan	-nan	0.000000	0.000000	inf	-nan	-nan	-nan	-nan	1349477151.535468	1.000057	0.000000	0.000000	0.000000	-nan	-nan	-nan	-nan	inf	-nan	-nan	-nan	-nan	-nan	-nan	-nan	-nan	-nan	-nan	-nan	
