ts_0	elapsed_0	pkg_0	pp0_0	dram_0	freq_ratio_0_0	c0_ratio_0_0	freq_ratio_0_1	c0_ratio_0_1	freq_ratio_0_2	c0_ratio_0_2	freq_ratio_0_3	c0_ratio_0_3	freq_ratio_0_4	c0_ratio_0_4	freq_ratio_0_5	c0_ratio_0_5	freq_ratio_0_6	c0_ratio_0_6	freq_ratio_0_7	c0_ratio_0_7	ts_1	elapsed_1	pkg_1	pp0_1	dram_1	freq_ratio_1_0	c0_ratio_1_0	freq_ratio_1_1	c0_ratio_1_1	freq_ratio_1_2	c0_ratio_1_2	freq_ratio_1_3	c0_ratio_1_3	freq_ratio_1_4	c0_ratio_1_4	freq_ratio_1_5	c0_ratio_1_5	freq_ratio_1_6	c0_ratio_1_6	freq_ratio_1_7	c0_ratio_1_7	
1349418029.680925	1.002597	47.638364	34.125439	0.000000	0.999906	0.968364	0.999792	0.942012	0.999931	0.938120	0.999984	0.937125	0.999966	0.878132	0.998407	0.003282	0.996801	0.001259	0.971684	0.000124	1349418029.681091	1.000420	59.606628	45.844038	0.000000	0.999114	0.064158	0.999954	0.943416	1.000001	0.942724	1.000001	0.939282	1.000001	0.939041	1.000001	0.939263	0.999979	0.939330	0.999845	0.970045	
1349418030.680924	0.999999	50.349657	36.697438	0.000000	1.000000	0.991507	1.000000	0.991384	1.000000	0.991256	1.000000	0.991211	1.000000	0.991422	1.000108	0.004209	1.000561	0.000030	0.979554	0.000017	1349418030.681080	0.999989	62.219112	48.251414	0.000000	0.999718	0.000170	1.000000	0.991456	1.000000	0.991274	1.000000	0.991456	1.000000	0.991269	1.000000	0.991266	1.000000	0.991280	1.000000	1.000000	
1349418031.680926	1.000002	52.103905	38.254901	0.000000	1.000000	0.999987	1.000000	0.999991	1.000000	0.999961	1.000000	0.999960	1.000000	0.999991	1.000200	0.002863	1.000040	0.002354	0.998245	0.000083	1349418031.681092	1.000012	64.660209	50.433694	0.000000	1.021382	0.000095	1.000000	1.000000	1.000000	0.999991	1.000000	1.000000	1.000000	0.999960	1.000000	0.999959	1.000000	0.999988	1.000000	1.000000	
1349418032.680925	0.999999	52.623326	38.704764	0.000000	1.000000	0.999493	1.000000	0.999461	1.000000	0.999446	1.000000	0.999423	1.000000	0.999461	0.999992	0.005655	0.999781	0.001288	1.000198	0.000037	1349418032.681091	0.999999	65.494722	51.168842	0.000000	0.998228	0.001223	1.000000	0.999465	1.000000	0.999428	1.000000	0.999465	1.000000	0.999427	1.000000	0.999426	1.000000	0.999425	1.000000	1.000000	
1349418033.680925	1.000000	52.613403	38.692795	0.000000	1.000000	0.999919	1.000000	0.999918	1.000000	0.999887	1.000000	0.999941	1.000000	0.999925	0.999964	0.002098	1.000078	0.002885	1.001723	0.000092	1349418033.681092	1.000001	65.477751	51.155042	0.000000	1.021471	0.000102	1.000000	1.000000	1.000000	0.999931	1.000000	0.999992	1.000000	0.999777	1.000000	0.999796	1.000000	0.999803	1.000000	1.000000	
1349418034.680924	0.999999	52.768163	38.870139	0.000000	1.000000	1.000000	1.000000	1.000000	1.000000	1.000001	1.000000	1.000000	1.000000	1.000000	0.999992	0.003087	0.999980	0.007018	1.000482	0.000014	1349418034.681093	1.000001	65.369750	51.071896	0.000000	0.987332	0.000202	1.000000	1.000000	1.000000	1.000000	1.000000	1.000000	1.000000	1.000000	1.000000	1.000000	1.000000	1.000000	1.000000	1.000000	
1349418035.680925	1.000001	52.944102	39.041009	0.000000	1.000000	0.999949	1.000000	0.999910	1.000000	0.999913	1.000000	0.999902	1.000000	0.999919	0.999962	0.004445	0.999919	0.003570	1.000092	0.000092	1349418035.681071	0.999978	65.249676	50.965672	0.000000	1.043061	0.000062	1.000000	0.999962	0.999997	0.999863	1.000000	0.999961	1.000000	0.999795	1.000000	0.999827	1.000000	0.999837	1.000000	1.000000	
1349418036.680921	0.999996	715786942.665354	715785164.502370	715830786.066720	0.999970	1.000015	0.999971	1.000034	0.999979	1.000023	0.999971	1.000022	0.999971	1.000021	0.999975	1.000024	0.999971	1.000024	0.999972	1.000023	1349418036.681033	0.999962	715821809.381831	715816564.101172	715855021.750422	0.999973	1.000030	0.999967	1.000019	3.894217	0.256792	0.999971	1.000020	0.999973	1.000032	0.999973	1.000014	0.999970	1.000019	0.999973	1.000029	
1349418037.680970	1.000049	0.000000	0.000000	0.000000	-nan	-nan	-nan	-nan	0.000000	inf	-nan	-nan	-nan	0.000000	-nan	-nan	-nan	-nan	-nan	-nan	1349418037.681050	1.000017	0.000000	0.000000	0.000000	-nan	-nan	-nan	-nan	0.000000	inf	-nan	-nan	-nan	-nan	-nan	-nan	-nan	-nan	-nan	-nan	
