ts_0	elapsed_0	pkg_0	pp0_0	dram_0	freq_ratio_0_0	c0_ratio_0_0	freq_ratio_0_1	c0_ratio_0_1	freq_ratio_0_2	c0_ratio_0_2	freq_ratio_0_3	c0_ratio_0_3	freq_ratio_0_4	c0_ratio_0_4	freq_ratio_0_5	c0_ratio_0_5	freq_ratio_0_6	c0_ratio_0_6	freq_ratio_0_7	c0_ratio_0_7	ts_1	elapsed_1	pkg_1	pp0_1	dram_1	freq_ratio_1_0	c0_ratio_1_0	freq_ratio_1_1	c0_ratio_1_1	freq_ratio_1_2	c0_ratio_1_2	freq_ratio_1_3	c0_ratio_1_3	freq_ratio_1_4	c0_ratio_1_4	freq_ratio_1_5	c0_ratio_1_5	freq_ratio_1_6	c0_ratio_1_6	freq_ratio_1_7	c0_ratio_1_7	
1349418029.679454	1.002119	66.909499	53.137200	0.000000	0.999965	0.994878	0.999827	0.966459	0.999891	0.965872	0.999996	0.965123	0.999996	0.965352	0.999996	0.965147	0.999996	0.965113	0.999996	0.965143	1349418029.679537	1.000340	39.589034	26.129803	0.000000	0.999985	0.957330	1.000001	0.967242	0.996827	0.000138	0.846661	0.000131	1.002183	0.000069	1.005081	0.000039	0.854361	0.000123	0.999818	0.969428	
1349418030.679456	1.000002	70.294010	56.305923	0.000000	1.000000	0.999572	1.000000	0.999907	1.000000	0.999920	0.999999	0.999806	1.000000	0.999665	1.000000	0.999851	1.000000	0.999722	1.000000	0.999772	1349418030.679539	1.000002	40.929701	27.394098	0.000000	1.000000	0.999895	1.000000	0.999864	1.000188	0.000016	0.999077	0.000012	0.988506	0.000051	0.990423	0.000075	0.999403	0.000016	1.000000	0.999948	
1349418031.679456	1.000000	72.499741	57.989365	0.000000	1.000000	0.999536	1.000000	0.999798	1.000000	0.999901	1.000001	0.999955	1.000000	0.999523	1.000000	0.999684	1.000000	0.999789	1.000000	0.999708	1349418031.679540	1.000001	46.920075	33.153685	0.000000	1.000000	0.999959	1.000000	0.999805	0.999896	0.001194	1.000001	0.768903	1.012390	0.000051	1.015599	0.000038	1.000300	0.000118	1.000000	0.999997	
1349418032.679455	0.999999	73.338998	58.655497	0.000000	1.000000	0.999538	0.999999	0.999631	1.000000	0.999636	1.000000	0.999524	0.999999	0.999405	0.999996	0.999466	1.000000	0.999463	0.999998	0.999588	1349418032.679564	1.000024	48.837569	34.980527	0.000000	1.000000	0.999662	1.000000	0.999546	1.005590	0.000012	1.000000	0.999487	0.999049	0.000067	0.992452	0.000091	1.001380	0.000007	1.000000	1.000000	
1349418033.679456	1.000001	69.360652	54.671869	0.000000	1.000000	1.000000	1.000000	1.000000	1.000000	1.000000	0.999999	0.385754	1.000000	1.000001	1.000004	1.000001	1.000000	1.000001	1.000002	1.000001	1349418033.679567	1.000003	52.616368	38.742159	0.000000	1.000000	1.000000	1.000000	1.000000	1.000002	0.615167	1.000000	1.000000	0.981160	0.000022	1.000320	0.002400	0.999926	0.000088	1.000000	1.000000	
1349418034.679455	0.999999	66.803820	52.130024	0.000000	1.000000	0.999830	1.000000	0.999949	1.000000	0.999979	0.999983	0.001942	1.000000	0.999911	1.000000	0.999866	1.000000	0.999948	1.000000	0.999901	1349418034.679568	1.000001	54.813638	40.936866	0.000000	1.000000	1.000000	1.000000	0.999954	1.000000	0.999955	1.000000	0.999915	0.999863	0.000073	1.000154	0.000090	0.999635	0.000017	1.000000	1.000000	
1349418035.679457	1.000002	63.705231	48.960997	0.000000	1.000000	0.638416	1.000000	0.999042	0.999998	0.637573	1.000015	0.017818	1.000000	0.999991	1.000000	0.999957	1.000000	0.999991	1.000000	1.000000	1349418035.679579	1.000011	59.425343	45.532017	0.000000	1.000000	0.998452	1.000000	0.999501	1.000000	0.999575	1.000000	0.998797	0.999988	0.007005	1.000001	0.368794	1.000001	0.369135	1.000000	0.998835	
1349418036.679460	1.000003	715771595.672876	715803729.163643	715825666.061822	0.999971	1.000019	0.999971	1.000032	0.999973	1.000035	0.999971	1.000021	0.999973	1.000030	0.999974	1.000020	0.999973	1.000030	0.999971	1.000021	1349418036.679572	0.999993	715803674.225676	715819472.673257	715832834.089187	0.999973	1.000027	0.999969	1.000024	3.894270	0.256787	0.999973	1.000029	0.999971	1.000023	0.999976	1.000026	0.999971	1.000024	0.999972	1.000023	
1349418037.679486	1.000026	0.000000	0.000000	0.000000	-nan	-nan	-nan	-nan	1.000008	inf	-nan	-nan	-nan	0.000000	-nan	-nan	-nan	-nan	-nan	-nan	1349418037.679580	1.000008	0.000000	0.000000	0.000000	-nan	-nan	-nan	-nan	1.345745	inf	-nan	-nan	-nan	-nan	-nan	-nan	-nan	-nan	-nan	-nan	
