ts_0	elapsed_0	pkg_0	pp0_0	dram_0	freq_ratio_0_0	c0_ratio_0_0	freq_ratio_0_1	c0_ratio_0_1	freq_ratio_0_2	c0_ratio_0_2	freq_ratio_0_3	c0_ratio_0_3	freq_ratio_0_4	c0_ratio_0_4	freq_ratio_0_5	c0_ratio_0_5	freq_ratio_0_6	c0_ratio_0_6	freq_ratio_0_7	c0_ratio_0_7	ts_1	elapsed_1	pkg_1	pp0_1	dram_1	freq_ratio_1_0	c0_ratio_1_0	freq_ratio_1_1	c0_ratio_1_1	freq_ratio_1_2	c0_ratio_1_2	freq_ratio_1_3	c0_ratio_1_3	freq_ratio_1_4	c0_ratio_1_4	freq_ratio_1_5	c0_ratio_1_5	freq_ratio_1_6	c0_ratio_1_6	freq_ratio_1_7	c0_ratio_1_7	
1350068512.791767	1.000338	90.695122	77.516030	6.113168	1.153846	1.000000	1.153846	1.000000	1.153846	1.000000	1.153846	1.000000	1.153846	1.000000	1.153846	1.000000	1.153846	1.000000	1.153846	1.000000	1350068512.791799	1.000328	48.306708	35.208039	2.786012	1.268946	0.997556	1.268946	0.997553	1.230891	0.001120	1.229831	0.000823	1.230723	0.000255	1.230832	0.000007	1.228167	0.000008	1.255548	0.000021	
1350068513.791751	0.999984	90.971149	77.777045	6.120230	1.153846	1.000000	1.153846	1.000000	1.153846	1.000000	1.153846	1.000000	1.153846	1.000000	1.153846	1.000000	1.153846	1.000000	1.153846	1.000000	1350068513.791782	0.999983	48.850497	35.738734	2.728440	1.255571	0.998344	1.255572	0.998347	1.191338	0.005764	1.167752	0.003387	1.161690	0.003094	1.155767	0.002774	1.156400	0.002831	1.156287	0.002745	
1350068514.791757	1.000006	91.182089	77.977166	6.102869	1.153846	1.000000	1.153846	1.000000	1.153846	1.000000	1.153846	1.000000	1.153846	1.000000	1.153846	1.000000	1.153846	1.000000	1.153846	1.000000	1350068514.791792	1.000010	48.587328	35.463863	2.709980	1.269051	0.998164	1.269052	0.998162	1.230740	0.000835	1.230773	0.000450	1.231262	0.000206	1.262830	0.000007	1.267378	0.000007	1.330888	0.000006	
1350068515.791761	1.000004	87.626552	74.419330	6.127523	1.153843	0.568943	1.153845	0.999999	1.153845	0.999999	1.153845	0.999999	1.153845	0.999999	1.153845	0.999999	1.153845	0.999999	1.153845	0.999999	1350068515.791836	1.000044	51.835330	38.704470	2.791854	1.252456	0.998471	1.252456	0.998470	1.230774	0.432083	1.231103	0.001045	1.238477	0.000134	1.232139	0.000379	1.238531	0.000057	1.239246	0.000057	
1350068516.791751	0.999990	81.565972	68.359480	6.102982	1.154106	0.000639	1.153846	0.747413	1.163537	0.999797	1.163537	0.999797	1.163537	0.999796	1.163537	0.999785	1.163537	0.999785	1.163537	0.999784	1350068516.791880	1.000044	58.419405	45.281633	2.849346	1.230714	0.999386	1.230714	0.999386	1.230714	0.999385	1.223423	0.002291	1.230565	0.252130	1.209287	0.000006	1.208296	0.000010	1.206396	0.000009	
1350068517.791751	1.000000	78.246140	65.041000	6.102905	1.153824	0.000833	1.153807	0.000983	1.192101	0.997874	1.192101	0.997874	1.192101	0.997872	1.192101	0.997871	1.192101	0.997869	1.192101	0.997867	1350068517.791880	1.000000	65.184753	52.042923	3.061127	1.230453	0.997439	1.230453	0.997436	1.230453	0.997435	1.192327	0.002060	1.230453	0.997433	1.187297	0.000136	1.191543	0.000041	1.192027	0.000155	
1350068518.791750	0.999999	78.543120	65.337999	6.121420	1.153761	0.000657	1.151008	0.000030	1.192230	0.999124	1.192230	0.999122	1.192229	0.999122	1.192230	0.999133	1.192230	0.999121	1.192230	0.999120	1350068518.791875	0.999995	65.266226	52.119081	2.925842	1.230314	0.997328	1.230314	0.997326	1.230314	0.997323	1.192270	0.002418	1.230314	0.997321	1.192346	0.000253	1.192930	0.000010	1.195793	0.000010	
1350068519.791750	1.000000	78.509399	65.304794	6.115234	1.153648	0.000883	1.154093	0.000423	1.192153	0.998827	1.192154	0.998826	1.192154	0.998826	1.192153	0.998813	1.192153	0.998824	1.192154	0.998824	1350068519.791879	1.000004	65.319086	52.169543	2.873737	1.230449	0.997679	1.230449	0.997677	1.230449	0.997674	1.192349	0.002038	1.230449	0.997673	1.192300	0.000324	1.192220	0.000054	1.191772	0.000056	
1350068520.791750	1.000000	78.269073	65.063385	6.115250	1.153729	0.002988	1.146662	0.000108	1.191537	0.996401	1.191536	0.996397	1.191537	0.996393	1.191537	0.996391	1.191537	0.996389	1.191537	0.996387	1350068520.791879	1.000000	65.351410	52.198105	3.267960	1.230573	0.998130	1.230573	0.998128	1.230573	0.998126	1.192397	0.001632	1.230572	0.998125	1.192250	0.000287	1.195189	0.000010	1.197123	0.000010	
1350068521.791751	1.000001	78.027300	64.820876	6.121408	1.153817	0.004427	1.154272	0.001806	1.191381	0.992901	1.191380	0.992899	1.191380	0.992896	1.191380	0.992890	1.191380	0.992884	1.191381	0.992877	1350068521.791875	0.999996	65.421392	52.262663	3.848206	1.230573	0.998016	1.230573	0.998018	1.230573	0.998014	1.192258	0.001533	1.230573	0.998012	1.192380	0.000304	1.191217	0.000038	1.192275	0.000108	
1350068522.791750	0.999999	78.007536	64.797471	6.121405	1.153402	0.000636	1.153705	0.005402	1.191547	0.992252	1.191547	0.992246	1.191547	0.992242	1.191548	0.992235	1.191548	0.992228	1.191548	0.992221	1350068522.791878	1.000003	65.452525	52.290075	3.901721	1.230553	0.997916	1.230553	0.997914	1.230553	0.997912	1.192387	0.001766	1.230553	0.997911	1.192402	0.000248	1.195473	0.000010	1.193755	0.000010	
1350068523.791751	1.000001	71.212441	58.014898	6.115229	1.187638	0.000839	1.184678	0.000120	1.192231	0.161554	1.192290	0.999788	1.192290	0.999788	1.192290	0.999799	1.192290	0.999799	1.192290	0.999799	1350068523.791954	1.000076	70.468289	57.303885	3.656292	1.198358	0.999707	1.198358	0.999706	1.198358	0.999706	1.192307	0.841910	1.198358	0.999717	1.192325	0.003090	1.187732	0.000084	1.190392	0.000080	
1350068524.791750	0.999999	70.057806	56.845269	6.115240	1.190069	0.000627	1.189242	0.000352	1.192092	0.005249	1.192284	0.999723	1.192285	0.999722	1.192284	0.999722	1.192285	0.999722	1.192284	0.999722	1350068524.791958	1.000004	71.517853	58.351082	3.856277	1.192306	0.999977	1.192306	0.999977	1.192306	0.999977	1.192306	0.999977	1.192306	0.999977	1.192299	0.001754	1.193158	0.000030	1.193133	0.000044	
1350068525.791751	1.000001	69.593073	56.378151	6.133707	1.189086	0.000957	1.191858	0.003136	1.192116	0.002873	1.192288	0.999781	1.192288	0.999781	1.192287	0.999781	1.192287	0.999781	1.192287	0.999769	1350068525.791875	0.999917	69.877685	56.749688	4.191830	1.192304	0.999951	1.192304	0.999951	1.192304	0.999951	1.192304	0.999951	1.192304	0.999951	1.192312	0.001537	1.191615	0.000038	1.192226	0.000085	
1350068526.791750	0.999999	70.355551	57.140298	6.127569	1.191341	0.000763	1.192204	0.007620	1.181126	0.000038	1.192297	0.999867	1.192297	0.999867	1.192298	0.999867	1.192297	0.999867	1.192298	0.999878	1350068526.791961	1.000086	71.615998	58.474566	4.880195	1.192306	0.999975	1.192306	0.999975	1.192306	0.999975	1.192306	0.999975	1.192306	0.999975	1.192295	0.001451	1.195437	0.000010	1.193080	0.000010	
1350068527.791750	1.000000	70.459488	57.244781	6.109039	1.191684	0.001996	1.192163	0.005793	1.189546	0.000019	1.192298	0.999888	1.192298	0.999887	1.192298	0.999887	1.192298	0.999887	1.192298	0.999887	1350068527.791955	0.999994	71.639587	58.503706	4.694455	1.192306	0.999975	1.192306	0.999975	1.192306	0.999975	1.192306	0.999975	1.192306	0.999975	1.192328	0.001755	1.190646	0.000036	1.191539	0.000044	
1350068528.791750	1.000000	70.379791	57.159576	6.096741	1.191945	0.002713	1.191866	0.005606	1.157881	0.000070	1.192294	0.999834	1.192294	0.999834	1.192295	0.999834	1.192294	0.999834	1.192294	0.999833	1350068528.791956	1.000001	71.646019	58.512777	4.927501	1.192304	0.999950	1.192304	0.999950	1.192304	0.999951	1.192304	0.999950	1.192304	0.999950	1.192284	0.001708	1.193773	0.000027	1.194494	0.000017	
1350068529.791750	1.000000	70.562958	57.342026	6.090515	1.190609	0.001531	1.192254	0.007125	1.177605	0.000019	1.192285	0.999727	1.192284	0.999726	1.192284	0.999727	1.192285	0.999726	1.192284	0.999726	1350068529.791954	0.999998	71.624725	58.491124	4.681970	1.192306	0.999977	1.192306	0.999977	1.192306	0.999977	1.192306	0.999977	1.192306	0.999976	1.192323	0.001467	1.174857	0.000038	1.191631	0.000057	
1350068530.791750	1.000000	70.549774	57.326828	6.127563	1.188556	0.000772	1.192163	0.007058	1.192579	0.000038	1.192290	0.999793	1.192290	0.999793	1.192290	0.999793	1.192290	0.999793	1.192290	0.999793	1350068530.791951	0.999997	71.646188	58.513563	4.688613	1.192306	0.999976	1.192306	0.999976	1.192306	0.999976	1.192306	0.999976	1.192306	0.999976	1.192371	0.001395	1.195605	0.000202	1.194694	0.000010	
1350068531.791750	1.000000	70.578278	57.351410	6.127563	1.189609	0.000924	1.191912	0.006994	1.177088	0.000018	1.192290	0.999789	1.192291	0.999789	1.192291	0.999789	1.192291	0.999789	1.192291	0.999789	1350068531.791973	1.000022	71.657257	58.525846	4.666386	1.192306	0.999977	1.192306	0.999977	1.192306	0.999977	1.192306	0.999977	1.192306	0.999977	1.192289	0.001450	1.192209	0.000039	1.192745	0.000044	
1350068532.791750	1.000000	70.252563	57.021637	6.133728	1.191519	0.000760	1.192336	0.005110	1.192154	0.000036	1.192298	0.999877	1.192298	0.999877	1.192297	0.999877	1.192298	0.999877	1.192298	0.999877	1350068532.791959	0.999986	71.724276	58.585098	4.258071	1.192306	0.999974	1.192306	0.999974	1.192306	0.999974	1.192306	0.999974	1.192306	0.999974	1.192311	0.001548	1.189969	0.000009	1.189580	0.000010	
1350068533.791750	1.000000	70.085007	56.853104	6.102905	1.191997	0.002588	1.191725	0.002088	1.173927	0.000018	1.192302	0.999920	1.192301	0.999920	1.192301	0.999920	1.192301	0.999920	1.192300	0.999920	1350068533.791984	1.000025	71.771717	58.632565	3.588106	1.192304	0.999952	1.192304	0.999952	1.192304	0.999952	1.192304	0.999952	1.192304	0.999952	1.192301	0.003206	1.189058	0.000057	1.191022	0.000089	
1350068534.791750	1.000000	73.165039	59.931625	6.115234	1.179208	0.003580	1.191925	0.464186	1.171087	0.000038	1.192125	0.998432	1.192125	0.998430	1.192125	0.998429	1.192125	0.998427	1.192126	0.998429	1350068534.791954	0.999970	71.741123	58.601431	3.507964	1.192306	0.999977	1.192306	0.999977	1.192306	0.999977	1.192306	0.999977	1.192306	0.999977	1.192290	0.001445	1.188254	0.000017	1.184617	0.000009	
1350068535.791751	1.000001	70.098520	56.863563	6.096704	1.188573	0.001957	1.171177	0.000447	1.191253	0.002050	1.192268	0.999675	1.192268	0.999676	1.192268	0.999674	1.192268	0.999674	1.192268	0.999674	1350068535.791954	1.000000	71.832108	58.694534	3.456482	1.192306	0.999975	1.192306	0.999975	1.192306	0.999975	1.192306	0.999975	1.192306	0.999975	1.192271	0.001779	1.190312	0.000069	1.178522	0.000059	
1350068536.791750	0.999999	69.834707	56.613762	6.109076	1.192301	0.001136	1.192572	0.000031	1.165576	0.000040	1.192306	0.999978	1.192306	0.999978	1.192306	0.999978	1.192306	0.999978	1.192306	0.999978	1350068536.791958	1.000004	71.859801	58.720496	2.852405	1.192305	0.999977	1.192305	0.999977	1.192305	0.999977	1.192305	0.999977	1.192305	0.999977	1.192296	0.001585	1.174892	0.000006	1.208280	0.000019	
1350068537.791751	1.000001	70.137552	56.903693	6.115229	1.192341	0.003729	1.186076	0.000050	1.189491	0.000020	1.192304	0.999955	1.192304	0.999954	1.192304	0.999954	1.192304	0.999955	1.192304	0.999955	1350068537.791958	1.000000	71.826447	58.683594	3.446381	1.192306	0.999974	1.192306	0.999974	1.192306	0.999974	1.192306	0.999974	1.192306	0.999974	1.192283	0.001611	1.191675	0.000040	1.192119	0.000048	
1350068538.791751	1.000000	71.324951	58.094666	6.126633	1.176046	0.006845	1.158817	0.003296	1.163480	0.003426	1.190534	0.999445	1.190534	0.999445	1.190534	0.999445	1.190535	0.999445	1.190534	0.999444	1350068538.791883	0.999925	71.895155	58.749148	3.666276	1.192197	0.999862	1.192197	0.999862	1.192197	0.999862	1.192197	0.999862	1.192197	0.999862	1.170648	0.004837	1.155393	0.002581	1.153947	0.002402	
1350068539.791752	1.000001	715785762.619184	715784668.786762	715813429.700693	0.999990	1.000217	0.999988	1.000221	0.999990	1.000225	0.999990	1.000218	0.999990	1.000220	0.999993	1.000215	0.999990	1.000220	0.999990	1.000218	1350068539.791835	0.999952	715803224.458753	715808175.246466	715820638.039327	0.999990	1.000217	0.999988	1.000219	3.893021	0.256925	0.999990	1.000218	0.999990	1.000219	0.999993	1.000216	0.999990	1.000220	0.999990	1.000218	
