ts_0	elapsed_0	pkg_0	pp0_0	dram_0	freq_ratio_0_0	c0_ratio_0_0	freq_ratio_0_1	c0_ratio_0_1	freq_ratio_0_2	c0_ratio_0_2	freq_ratio_0_3	c0_ratio_0_3	freq_ratio_0_4	c0_ratio_0_4	freq_ratio_0_5	c0_ratio_0_5	freq_ratio_0_6	c0_ratio_0_6	freq_ratio_0_7	c0_ratio_0_7	ts_1	elapsed_1	pkg_1	pp0_1	dram_1	freq_ratio_1_0	c0_ratio_1_0	freq_ratio_1_1	c0_ratio_1_1	freq_ratio_1_2	c0_ratio_1_2	freq_ratio_1_3	c0_ratio_1_3	freq_ratio_1_4	c0_ratio_1_4	freq_ratio_1_5	c0_ratio_1_5	freq_ratio_1_6	c0_ratio_1_6	freq_ratio_1_7	c0_ratio_1_7	
1350073948.859688	1.000304	65.365994	52.232596	6.113330	1.230595	0.998451	1.191451	0.000741	1.230596	0.998435	1.192326	0.000258	1.230596	0.998435	1.192439	0.000198	1.230596	0.998434	1.192398	0.000304	1350073948.859821	1.000306	63.732961	50.554726	2.771293	1.230623	0.998526	1.192191	0.000530	1.230622	0.998525	1.192399	0.000375	1.230623	0.998524	1.191879	0.000231	1.230622	0.998527	1.190931	0.000266	
1350073949.859688	1.000000	65.549316	52.394302	6.065933	1.230240	0.996032	1.192307	0.000971	1.230240	0.996028	1.192283	0.000317	1.230240	0.996027	1.192342	0.001976	1.230240	0.996022	1.192227	0.000260	1350073949.859821	1.000000	63.931351	50.731247	2.866898	1.230420	0.996682	1.192342	0.002140	1.230420	0.996675	1.192413	0.000275	1.230420	0.996672	1.192637	0.000269	1.230420	0.996670	1.192883	0.000269	
1350073950.859689	1.000001	65.505660	52.344539	6.121424	1.230131	0.994149	1.192108	0.000221	1.230131	0.994144	1.192369	0.000184	1.230131	0.994141	1.192339	0.004159	1.230131	0.994138	1.192244	0.000194	1350073950.859813	0.999992	64.015198	50.804748	3.119944	1.230369	0.996378	1.192599	0.002302	1.230369	0.996376	1.192313	0.000218	1.230369	0.996373	1.191313	0.000208	1.230369	0.996371	1.191684	0.000216	
1350073951.859688	0.999999	65.747682	52.587605	6.108755	1.230543	0.998704	1.192248	0.002086	1.230543	0.998703	1.192375	0.000253	1.230543	0.998701	1.192353	0.000231	1.230543	0.998700	1.192459	0.000231	1350073951.859814	1.000001	64.118698	50.901670	2.770704	1.230635	0.998620	1.190864	0.000461	1.230635	0.998620	1.192323	0.000296	1.230635	0.998619	1.193196	0.000247	1.230635	0.998619	1.193189	0.000307	
1350073952.859681	0.999993	65.696759	52.537442	6.127606	1.230340	0.995617	1.192365	0.000249	1.230340	0.995612	1.192346	0.003011	1.230340	0.995609	1.192116	0.000182	1.230340	0.995607	1.192261	0.000182	1350073952.859804	0.999990	64.074693	50.863546	2.781491	1.230453	0.997349	1.192284	0.001599	1.230453	0.997347	1.191188	0.000218	1.230452	0.997345	1.191130	0.000212	1.230452	0.997344	1.191033	0.000202	
1350073953.859682	1.000001	65.813368	52.654689	6.084406	1.230544	0.997915	1.192190	0.000479	1.230544	0.997906	1.192369	0.000837	1.230544	0.997905	1.192493	0.000215	1.230544	0.997905	1.192395	0.000247	1350073953.859809	1.000005	64.216994	50.990773	2.777269	1.230633	0.998663	1.191893	0.000621	1.230633	0.998662	1.193243	0.000291	1.230633	0.998662	1.193301	0.000265	1.230633	0.998661	1.193319	0.000246	
1350073954.859681	0.999999	65.724230	52.559041	6.133749	1.229308	0.992552	1.192383	0.000278	1.229308	0.992550	1.192228	0.000228	1.229308	0.992543	1.192344	0.004742	1.229308	0.992538	1.192429	0.000179	1350073954.859807	0.999998	64.231095	51.002111	3.267859	1.230655	0.998814	1.192868	0.000427	1.230655	0.998813	1.192305	0.000249	1.230655	0.998813	1.191796	0.000209	1.230655	0.998812	1.192368	0.000222	
1350073955.859682	1.000001	65.711760	52.552837	6.115244	1.229925	0.992487	1.192181	0.000290	1.229926	0.992483	1.192481	0.000217	1.229926	0.992481	1.192353	0.005356	1.229926	0.992470	1.192283	0.000250	1350073955.859804	0.999997	64.230195	50.997396	3.303187	1.230637	0.998632	1.191537	0.000389	1.230637	0.998634	1.191587	0.000291	1.230637	0.998631	1.192579	0.000286	1.230637	0.998630	1.192246	0.000325	
1350073956.859681	0.999999	65.744264	52.582478	6.139914	1.229222	0.991505	1.192304	0.000331	1.229222	0.991499	1.192335	0.000225	1.229222	0.991495	1.192359	0.005305	1.229222	0.991486	1.192300	0.000180	1350073956.859814	1.000010	64.275205	51.043053	3.448864	1.230648	0.998764	1.192464	0.000471	1.230648	0.998763	1.192346	0.000213	1.230647	0.998763	1.192492	0.000262	1.230647	0.998762	1.192459	0.000276	
1350073957.859682	1.000001	65.831297	52.669765	6.102899	1.230647	0.998681	1.191827	0.000217	1.230647	0.998681	1.192334	0.000320	1.230648	0.998679	1.193018	0.000211	1.230647	0.998677	1.192827	0.000236	1350073957.859804	0.999990	64.203234	50.968635	2.800580	1.230179	0.994669	1.192368	0.003501	1.230193	0.994666	1.193085	0.000284	1.230193	0.994663	1.192311	0.000253	1.230193	0.994660	1.192420	0.000217	
1350073958.859681	0.999999	65.764284	52.601903	6.115240	1.230208	0.996839	1.192456	0.000585	1.230208	0.996837	1.192278	0.000233	1.230208	0.996837	1.192252	0.001475	1.230208	0.996833	1.191938	0.000210	1350073958.859805	1.000001	64.214447	50.980878	2.954419	1.230474	0.996837	1.192217	0.002045	1.230460	0.996834	1.191468	0.000244	1.230461	0.996831	1.191144	0.000209	1.230461	0.996829	1.192319	0.000207	
1350073959.859688	1.000007	65.689152	52.527347	6.115192	1.229809	0.991463	1.192199	0.000267	1.229809	0.991455	1.192311	0.000246	1.229809	0.991453	1.192354	0.005853	1.229809	0.991442	1.192317	0.000217	1350073959.859820	1.000015	64.266842	51.032742	3.656729	1.230626	0.998517	1.191951	0.000438	1.230626	0.998516	1.192257	0.000305	1.230626	0.998515	1.192305	0.000299	1.230626	0.998514	1.192294	0.000344	
1350073960.859689	1.000001	66.019819	52.856578	6.113962	1.226129	0.994543	1.164227	0.003623	1.226130	0.994536	1.157728	0.002630	1.226130	0.994533	1.176665	0.005724	1.226130	0.994528	1.157787	0.002229	1350073960.859812	0.999992	64.348666	51.114611	3.259838	1.230396	0.998517	1.168436	0.004283	1.230396	0.998516	1.157995	0.002575	1.230396	0.998514	1.160086	0.002622	1.230396	0.998514	1.157892	0.002480	
1350073961.859689	1.000000	65.662064	52.511230	6.127563	1.230564	0.998552	1.192302	0.001946	1.230564	0.998551	1.192332	0.000260	1.230564	0.998548	1.192254	0.000200	1.230564	0.998547	1.192266	0.000232	1350073961.859820	1.000008	64.114821	50.881439	2.731042	1.230645	0.998769	1.192347	0.000418	1.230645	0.998768	1.192422	0.000297	1.230645	0.998768	1.189993	0.000266	1.230645	0.998767	1.192320	0.000251	
1350073962.859681	0.999992	65.731810	52.566588	6.133778	1.230669	0.998922	1.192438	0.000231	1.230669	0.998919	1.192291	0.000235	1.230669	0.998919	1.192354	0.000182	1.230669	0.998919	1.192456	0.000199	1350073962.859813	0.999993	64.247331	51.027529	2.706531	1.230660	0.998852	1.192209	0.000454	1.230660	0.998852	1.192279	0.000212	1.230659	0.998852	1.192316	0.000231	1.230659	0.998851	1.192275	0.000183	
1350073963.859682	1.000001	65.763746	52.601161	6.139902	1.230146	0.995421	1.192203	0.000497	1.230146	0.995416	1.192344	0.002592	1.230146	0.995413	1.192267	0.000216	1.230146	0.995409	1.192314	0.000279	1350073963.859809	0.999996	64.291352	51.057519	3.095975	1.230621	0.998545	1.191935	0.000645	1.230621	0.998544	1.191547	0.000306	1.230621	0.998543	1.192293	0.000284	1.230621	0.998543	1.192340	0.000317	
1350073964.859682	1.000000	65.680939	52.516418	6.102905	1.230665	0.998880	1.192409	0.000268	1.230665	0.998879	1.192205	0.000251	1.230665	0.998878	1.192260	0.000186	1.230665	0.998877	1.192444	0.000197	1350073964.859815	1.000006	64.216719	50.980699	2.779204	1.230108	0.994049	1.192364	0.003925	1.230108	0.994049	1.193638	0.000248	1.230108	0.994045	1.191403	0.000238	1.230108	0.994042	1.194353	0.000205	
1350073965.859689	1.000007	65.766223	52.604952	6.121372	1.230666	0.998900	1.192074	0.000224	1.230666	0.998900	1.192457	0.000234	1.230666	0.998899	1.192303	0.000217	1.230666	0.998899	1.192210	0.000220	1350073965.859814	0.999999	64.264923	51.029925	2.815402	1.230351	0.996574	1.192305	0.002097	1.230351	0.996573	1.191965	0.000291	1.230351	0.996570	1.193207	0.000271	1.230351	0.996570	1.190507	0.000208	
1350073966.859681	0.999992	65.630934	52.465406	6.102955	1.230662	0.998840	1.194493	0.000304	1.230662	0.998837	1.192372	0.000227	1.230662	0.998837	1.192319	0.000182	1.230662	0.998836	1.192440	0.000202	1350073966.859806	0.999992	64.278536	51.043108	2.791893	1.230292	0.995121	1.192296	0.003081	1.230292	0.995118	1.192772	0.000225	1.230292	0.995115	1.192189	0.000223	1.230292	0.995111	1.195296	0.000204	
1350073967.859689	1.000008	65.604250	52.437121	6.102856	1.230669	0.998923	1.189095	0.000209	1.230669	0.998922	1.192277	0.000225	1.230669	0.998921	1.192307	0.000239	1.230668	0.998921	1.181682	0.000219	1350073967.859851	1.000045	64.350173	51.114747	2.806484	1.230471	0.997412	1.192335	0.001033	1.230471	0.997410	1.192043	0.000291	1.230471	0.997409	1.192292	0.000672	1.230472	0.997407	1.189486	0.000220	
1350073968.859682	0.999993	65.623195	52.454769	6.102947	1.230634	0.998682	1.193459	0.000590	1.230634	0.998681	1.192365	0.000214	1.230634	0.998681	1.192238	0.000182	1.230635	0.998680	1.203252	0.000215	1350073968.859810	0.999959	64.386948	51.151145	2.710484	1.230647	0.998789	1.192091	0.000570	1.230647	0.998789	1.191375	0.000236	1.230647	0.998788	1.191550	0.000287	1.230647	0.998787	1.192307	0.000191	
1350073969.859682	1.000000	65.559418	52.390823	6.102905	1.230668	0.998900	1.189108	0.000212	1.230668	0.998902	1.192352	0.000225	1.230668	0.998902	1.193096	0.000198	1.230668	0.998897	1.192791	0.000223	1350073969.859816	1.000006	64.396680	51.160034	2.710448	1.230645	0.998723	1.192507	0.000428	1.230645	0.998721	1.193166	0.000286	1.230645	0.998721	1.193029	0.000322	1.230645	0.998720	1.191287	0.000229	
1350073970.859681	0.999999	65.595979	52.428868	6.102942	1.230660	0.998816	1.192695	0.000307	1.230660	0.998815	1.192186	0.000220	1.230660	0.998814	1.191399	0.000192	1.230660	0.998813	1.191749	0.000192	1350073970.859805	0.999989	64.382115	51.143978	2.704803	1.230656	0.998836	1.192299	0.000401	1.230656	0.998836	1.192384	0.000263	1.230655	0.998836	1.192266	0.000286	1.230655	0.998834	1.193629	0.000185	
1350073971.859688	1.000007	65.625797	52.456119	6.090534	1.230584	0.998725	1.192231	0.001848	1.230584	0.998723	1.192493	0.000221	1.230584	0.998722	1.192478	0.000226	1.230584	0.998721	1.192300	0.000215	1350073971.859823	1.000018	64.357812	51.121370	2.749066	1.230618	0.998460	1.191975	0.000420	1.230617	0.998458	1.191583	0.000316	1.230618	0.998456	1.191910	0.000575	1.230618	0.998455	1.192692	0.000270	
1350073972.859681	0.999993	65.519298	52.363155	6.096798	1.230669	0.998903	1.192188	0.000244	1.230669	0.998897	1.192236	0.000208	1.230669	0.998897	1.192064	0.000182	1.230669	0.998896	1.192395	0.000198	1350073972.859804	0.999981	64.364158	51.126692	2.715979	1.230654	0.998811	1.192528	0.000425	1.230654	0.998810	1.193988	0.000261	1.230654	0.998810	1.192757	0.000267	1.230654	0.998809	1.191708	0.000190	
1350073973.859688	1.000007	65.393988	52.217229	6.084370	1.230603	0.998684	1.192351	0.000500	1.230603	0.998683	1.192462	0.000227	1.230603	0.998682	1.192584	0.000231	1.230603	0.998681	1.192369	0.000232	1350073973.859812	1.000008	64.317594	51.092924	2.730767	1.230612	0.998437	1.192279	0.000586	1.230612	0.998437	1.191289	0.000327	1.230612	0.998435	1.192554	0.000539	1.230612	0.998433	1.192441	0.000227	
1350073974.859690	1.000002	715766131.563943	715788018.777186	715778556.398917	0.999988	1.000202	0.999985	1.000204	0.999995	1.000200	0.999988	1.000201	0.999988	1.000203	0.999990	1.000199	0.999988	1.000203	0.999988	1.000201	1350073974.859794	0.999982	715781411.849030	715826544.239037	715819329.695236	0.999987	1.000200	0.999985	1.000203	3.893204	0.256908	0.999988	1.000201	0.999988	1.000203	0.999990	1.000199	0.999988	1.000204	0.999988	1.000202	
1350073975.859738	1.000048	0.000000	0.000000	0.000000	-nan	-nan	-nan	-nan	0.000000	inf	-nan	-nan	-nan	0.000000	-nan	-nan	-nan	-nan	-nan	-nan	1350073975.859799	1.000005	0.000000	0.000000	0.000000	-nan	-nan	-nan	-nan	0.000000	inf	-nan	-nan	-nan	-nan	-nan	-nan	-nan	-nan	-nan	-nan	
