ts_0	elapsed_0	pkg_0	pp0_0	dram_0	freq_ratio_0_0	c0_ratio_0_0	freq_ratio_0_1	c0_ratio_0_1	freq_ratio_0_2	c0_ratio_0_2	freq_ratio_0_3	c0_ratio_0_3	freq_ratio_0_4	c0_ratio_0_4	freq_ratio_0_5	c0_ratio_0_5	freq_ratio_0_6	c0_ratio_0_6	freq_ratio_0_7	c0_ratio_0_7	ts_1	elapsed_1	pkg_1	pp0_1	dram_1	freq_ratio_1_0	c0_ratio_1_0	freq_ratio_1_1	c0_ratio_1_1	freq_ratio_1_2	c0_ratio_1_2	freq_ratio_1_3	c0_ratio_1_3	freq_ratio_1_4	c0_ratio_1_4	freq_ratio_1_5	c0_ratio_1_5	freq_ratio_1_6	c0_ratio_1_6	freq_ratio_1_7	c0_ratio_1_7	
1350073948.859280	1.000361	65.655210	52.362004	3.812238	1.230011	0.993275	1.189789	0.000424	1.192213	0.005004	1.230011	0.993264	1.230011	0.993259	1.189800	0.000396	1.230012	0.993255	1.189739	0.000251	1350073948.859405	1.000297	62.569730	49.357316	1.632007	1.230644	0.998725	1.192410	0.000458	1.230644	0.998725	1.189954	0.000326	1.230644	0.998720	1.189545	0.000313	1.230644	0.998720	1.192347	0.000227	
1350073949.859270	0.999990	65.883564	52.583260	3.797340	1.230103	0.993402	1.192306	0.000280	1.192208	0.004989	1.230103	0.993397	1.230103	0.993391	1.193986	0.000346	1.230103	0.993389	1.192171	0.000175	1350073949.859400	0.999995	62.582406	49.390186	1.594857	1.230643	0.998945	1.192331	0.000301	1.230643	0.998945	1.195864	0.000245	1.230643	0.998944	1.196045	0.000248	1.230643	0.998944	1.192344	0.000295	
1350073950.859270	1.000000	65.892517	52.598572	3.801254	1.230104	0.993411	1.192308	0.000257	1.192306	0.004968	1.230104	0.993403	1.230104	0.993399	1.190365	0.000281	1.230104	0.993392	1.192882	0.000216	1350073950.859393	0.999993	62.662939	49.470526	1.608089	1.230663	0.998892	1.192318	0.000336	1.230663	0.998892	1.190239	0.000300	1.230663	0.998891	1.189266	0.000253	1.230663	0.998890	1.191244	0.000222	
1350073951.859269	0.999999	65.945803	52.676686	3.785816	1.230542	0.997596	1.194803	0.000253	1.192350	0.001032	1.230542	0.997596	1.230542	0.997594	1.193171	0.000664	1.230542	0.997592	1.195162	0.000187	1350073951.859388	0.999995	62.733240	49.537922	1.590081	1.230664	0.998905	1.192253	0.000276	1.230664	0.998904	1.194540	0.000280	1.230664	0.998904	1.195694	0.000231	1.230664	0.998903	1.193725	0.000247	
1350073952.859270	1.000001	66.041059	52.761943	3.808880	1.230626	0.998814	1.190509	0.000305	1.192305	0.000246	1.230626	0.998813	1.230626	0.998812	1.190570	0.000315	1.230626	0.998812	1.189447	0.000217	1350073952.859397	1.000009	62.758098	49.559915	1.594071	1.230641	0.998813	1.192266	0.000286	1.230655	0.998812	1.190603	0.000341	1.230654	0.998811	1.190099	0.000280	1.230654	0.998810	1.193659	0.000225	
1350073953.859269	0.999999	66.028688	52.753911	3.793827	1.230661	0.998835	1.192368	0.000250	1.192337	0.000182	1.230661	0.998832	1.230661	0.998832	1.192420	0.000302	1.230661	0.998830	1.192134	0.000178	1350073953.859394	0.999997	62.708645	49.521195	1.592977	1.230675	0.998900	1.192239	0.000341	1.230662	0.998899	1.192363	0.000250	1.230662	0.998900	1.192190	0.000191	1.230662	0.998898	1.190909	0.000275	
1350073954.859270	1.000001	66.074003	52.800685	3.777889	1.230653	0.998768	1.192225	0.000271	1.192277	0.000240	1.230653	0.998766	1.230653	0.998766	1.192300	0.000306	1.230653	0.998765	1.192313	0.000246	1350073954.859398	1.000004	62.695135	49.492994	1.588769	1.230016	0.992313	1.192284	0.000291	1.230031	0.992316	1.192283	0.000299	1.230031	0.992314	1.192356	0.005158	1.230031	0.992306	1.194562	0.000182	
1350073955.859269	0.999999	66.159044	52.885610	3.781803	1.230559	0.998769	1.192256	0.002134	1.195263	0.000197	1.230559	0.998769	1.230558	0.998768	1.192393	0.000292	1.230559	0.998766	1.196153	0.000178	1350073955.859397	0.999999	62.756377	49.555940	1.591188	1.229917	0.997195	1.192232	0.000231	1.229903	0.997192	1.192329	0.000263	1.229903	0.997196	1.192298	0.001499	1.229903	0.997189	1.190560	0.000238	
1350073956.859270	1.000001	66.097502	52.825145	3.785977	1.230632	0.998637	1.192256	0.000265	1.189935	0.000242	1.230632	0.998636	1.230632	0.998635	1.192296	0.000552	1.230632	0.998633	1.189313	0.000213	1350073956.859393	0.999996	62.824626	49.623416	1.587699	1.230661	0.998864	1.192240	0.000304	1.230662	0.998875	1.192327	0.000346	1.230662	0.998874	1.192778	0.000240	1.230661	0.998873	1.191605	0.000175	
1350073957.859270	1.000000	66.084122	52.810989	3.785995	1.230663	0.998860	1.192280	0.000212	1.192326	0.000211	1.230663	0.998860	1.230663	0.998859	1.192280	0.000331	1.230663	0.998857	1.192333	0.000194	1350073957.859391	0.999998	62.854047	49.651721	1.596118	1.230615	0.998383	1.192395	0.000258	1.230608	0.998370	1.192353	0.000618	1.230615	0.998370	1.192245	0.000232	1.230615	0.998369	1.192772	0.000319	
1350073958.859270	1.000000	66.064392	52.790741	3.793076	1.230450	0.997341	1.192426	0.000298	1.192796	0.001194	1.230450	0.997340	1.230450	0.997339	1.192342	0.000334	1.230450	0.997336	1.192271	0.000225	1350073958.859397	1.000006	62.734383	49.533884	1.658331	1.228944	0.988860	1.192236	0.000359	1.228952	0.988852	1.192369	0.006747	1.228945	0.988856	1.191305	0.000220	1.228945	0.988853	1.194197	0.000212	
1350073959.859269	0.999999	66.051302	52.775456	3.812824	1.229262	0.992438	1.192102	0.000245	1.192295	0.004535	1.229262	0.992435	1.229262	0.992428	1.194276	0.000281	1.229262	0.992424	1.192509	0.000175	1350073959.859394	0.999997	62.785549	49.581407	2.135947	1.229732	0.994413	1.194251	0.000284	1.229733	0.994409	1.194465	0.000287	1.229733	0.994409	1.195866	0.000243	1.229733	0.994403	1.192169	0.003178	
1350073960.859270	1.000001	66.038847	52.765834	3.797772	1.230659	0.998836	1.192242	0.000284	1.189570	0.000205	1.230659	0.998836	1.230659	0.998835	1.190296	0.000275	1.230659	0.998834	1.192341	0.000241	1350073960.859392	0.999998	62.852766	49.649448	1.586353	1.230664	0.998888	1.190568	0.000294	1.230664	0.998898	1.190376	0.000322	1.230664	0.998898	1.189408	0.000223	1.230664	0.998897	1.195602	0.000191	
1350073961.859270	1.000000	65.925186	52.651169	3.790054	1.230631	0.998616	1.192277	0.000262	1.192281	0.000257	1.230631	0.998615	1.230631	0.998614	1.192353	0.000519	1.230631	0.998613	1.192187	0.000186	1350073961.859393	1.000001	62.730088	49.525374	1.589339	1.230657	0.998894	1.192277	0.000319	1.230658	0.998882	1.192421	0.000257	1.230658	0.998881	1.192255	0.000207	1.230658	0.998880	1.190204	0.000295	
1350073962.859270	1.000000	66.051605	52.777817	3.771072	1.230653	0.998742	1.192201	0.000266	1.192280	0.000225	1.230653	0.998742	1.230653	0.998741	1.192287	0.000283	1.230653	0.998740	1.192921	0.000228	1350073962.859392	0.999999	62.885146	49.679170	1.589723	1.230659	0.998845	1.192271	0.000360	1.230658	0.998855	1.192239	0.000340	1.230659	0.998855	1.191387	0.000236	1.230659	0.998854	1.194712	0.000182	
1350073963.859269	0.999999	66.011202	52.749913	3.801807	1.230657	0.998770	1.192775	0.000226	1.192418	0.000219	1.230657	0.998768	1.230657	0.998768	1.192290	0.000295	1.230657	0.998767	1.195017	0.000190	1350073963.859401	1.000009	62.902262	49.699257	1.591599	1.230652	0.998948	1.192308	0.000418	1.230665	0.998937	1.192322	0.000247	1.230665	0.998936	1.193611	0.000187	1.230665	0.998935	1.191109	0.000234	
1350073964.859270	1.000001	65.953581	52.680431	3.805279	1.229466	0.990455	1.192351	0.000247	1.192186	0.000225	1.229466	0.990447	1.229466	0.990440	1.192318	0.000288	1.229467	0.990434	1.192191	0.006262	1350073964.859392	0.999991	62.905248	49.702690	1.711090	1.230669	0.998787	1.192214	0.000353	1.230656	0.998786	1.192345	0.000320	1.230656	0.998785	1.192163	0.000273	1.230656	0.998785	1.191703	0.000220	
1350073965.859277	1.000007	66.238128	52.962997	3.823689	1.226665	0.993512	1.172681	0.004962	1.157455	0.002641	1.226665	0.993510	1.226665	0.993504	1.158293	0.002566	1.226665	0.993500	1.178613	0.006062	1350073965.859413	1.000021	62.965522	49.757989	1.687129	1.230434	0.998742	1.168155	0.003844	1.230435	0.998741	1.159004	0.002379	1.230435	0.998739	1.159254	0.002362	1.230435	0.998739	1.158506	0.002361	
1350073966.859270	0.999993	66.124404	52.851257	3.797496	1.230634	0.998617	1.192453	0.000237	1.194630	0.000253	1.230634	0.998616	1.230634	0.998615	1.191233	0.000530	1.230634	0.998614	1.189192	0.000209	1350073966.859395	0.999982	62.922436	49.714680	1.591444	1.230660	0.998874	1.192294	0.000380	1.230660	0.998873	1.190381	0.000322	1.230660	0.998873	1.189438	0.000222	1.230660	0.998873	1.195578	0.000188	
1350073967.859269	0.999999	66.113604	52.838765	3.793705	1.230667	0.998879	1.192186	0.000212	1.192413	0.000205	1.230667	0.998879	1.230667	0.998878	1.194318	0.000278	1.230667	0.998877	1.192373	0.000162	1350073967.859430	1.000035	62.830790	49.637237	1.596441	1.230667	0.998945	1.194083	0.000340	1.230667	0.998943	1.194700	0.000257	1.230667	0.998943	1.195497	0.000201	1.230667	0.998942	1.188925	0.000213	
1350073968.859270	1.000001	66.101118	52.826533	3.789700	1.230653	0.998749	1.192301	0.000266	1.189341	0.000203	1.230653	0.998747	1.230653	0.998747	1.190493	0.000305	1.230653	0.998741	1.192398	0.000227	1350073968.859394	0.999964	62.914512	49.705128	1.586727	1.230659	0.998904	1.190822	0.000430	1.230659	0.998904	1.190331	0.000298	1.230659	0.998903	1.189054	0.000229	1.230659	0.998902	1.191696	0.000183	
1350073969.859269	0.999999	66.074312	52.799977	3.797489	1.230665	0.998878	1.194712	0.000225	1.192403	0.000206	1.230665	0.998877	1.230665	0.998877	1.192187	0.000263	1.230665	0.998875	1.192290	0.000194	1350073969.859390	0.999996	62.934749	49.728839	1.591346	1.230668	0.998948	1.192357	0.000337	1.230661	0.998947	1.192356	0.000248	1.230667	0.998946	1.196360	0.000187	1.230668	0.998946	1.193359	0.000238	
1350073970.859270	1.000001	66.074705	52.799632	3.790005	1.230655	0.998776	1.189970	0.000247	1.192268	0.000240	1.230655	0.998775	1.230655	0.998774	1.192477	0.000288	1.230655	0.998773	1.192252	0.000218	1350073970.859394	1.000004	62.950978	49.744000	1.593347	1.230659	0.998845	1.192303	0.000369	1.230666	0.998857	1.192339	0.000315	1.230659	0.998856	1.189538	0.000237	1.230659	0.998855	1.194417	0.000181	
1350073971.859269	0.999999	66.106951	52.832433	3.801288	1.230641	0.998679	1.192393	0.000201	1.192384	0.000225	1.230641	0.998679	1.230641	0.998678	1.192321	0.000517	1.230641	0.998677	1.192382	0.000179	1350073971.859398	1.000004	62.931370	49.722775	1.586557	1.230665	0.998936	1.193935	0.000357	1.230665	0.998923	1.192387	0.000272	1.230665	0.998923	1.195659	0.000192	1.230665	0.998922	1.190737	0.000228	
1350073972.859270	1.000001	66.087400	52.814784	3.786007	1.230656	0.998791	1.192229	0.000243	1.192248	0.000221	1.230656	0.998791	1.230656	0.998790	1.192441	0.000280	1.230656	0.998790	1.192389	0.000226	1350073972.859398	1.000000	62.935669	49.728897	1.588654	1.230659	0.998844	1.190814	0.000366	1.230659	0.998855	1.192378	0.000345	1.230659	0.998854	1.189552	0.000232	1.230659	0.998854	1.195620	0.000184	
1350073973.859269	0.999999	66.011354	52.749409	3.782123	1.230663	0.998838	1.192185	0.000227	1.192426	0.000205	1.230663	0.998838	1.230663	0.998837	1.192236	0.000281	1.230663	0.998836	1.195967	0.000177	1350073973.859396	0.999998	62.943586	49.735126	1.586551	1.230651	0.998954	1.192201	0.000415	1.230664	0.998941	1.192292	0.000262	1.230664	0.998941	1.195851	0.000183	1.230665	0.998940	1.189773	0.000241	
1350073974.859270	1.000001	715770984.470283	715775136.895782	715808760.560081	0.999989	1.000208	0.999986	1.000212	0.999997	1.000210	0.999989	1.000210	0.999989	1.000212	0.999992	1.000208	0.999989	1.000213	0.999989	1.000210	1350073974.859358	0.999962	715839201.739728	715799774.614976	715796629.195735	0.999988	1.000207	0.999986	1.000212	3.893104	0.256917	0.999989	1.000210	0.999989	1.000212	0.999992	1.000208	0.999989	1.000213	0.999989	1.000211	
1350073975.859270	1.000000	0.000000	0.000000	0.000000	-nan	-nan	-nan	-nan	0.000000	inf	-nan	-nan	-nan	0.000000	-nan	-nan	-nan	-nan	-nan	-nan	1350073975.859339	0.999981	0.000000	0.000000	0.000000	-nan	-nan	-nan	-nan	0.000000	inf	-nan	-nan	-nan	-nan	-nan	-nan	-nan	-nan	-nan	-nan	
