ts_0	elapsed_0	pkg_0	pp0_0	dram_0	freq_ratio_0_0	c0_ratio_0_0	freq_ratio_0_1	c0_ratio_0_1	freq_ratio_0_2	c0_ratio_0_2	freq_ratio_0_3	c0_ratio_0_3	freq_ratio_0_4	c0_ratio_0_4	freq_ratio_0_5	c0_ratio_0_5	freq_ratio_0_6	c0_ratio_0_6	freq_ratio_0_7	c0_ratio_0_7	ts_1	elapsed_1	pkg_1	pp0_1	dram_1	freq_ratio_1_0	c0_ratio_1_0	freq_ratio_1_1	c0_ratio_1_1	freq_ratio_1_2	c0_ratio_1_2	freq_ratio_1_3	c0_ratio_1_3	freq_ratio_1_4	c0_ratio_1_4	freq_ratio_1_5	c0_ratio_1_5	freq_ratio_1_6	c0_ratio_1_6	freq_ratio_1_7	c0_ratio_1_7	
1350074323.979216	1.000683	39.465520	26.211740	3.799940	1.269224	0.999937	1.269057	0.000494	1.263279	0.000150	1.270203	0.000060	1.270936	0.000074	1.277252	0.000038	1.269791	0.000051	1.267961	0.000051	1350074323.979625	1.000702	38.102620	24.854137	1.584200	1.269226	0.999955	1.269109	0.005469	1.262245	0.000047	1.265532	0.000063	1.265135	0.000071	1.264693	0.000006	1.270609	0.000006	1.269297	0.000131	
1350074324.979214	0.999998	39.542617	26.290410	3.801384	1.269221	0.999914	1.267278	0.000290	1.236357	0.000017	1.233317	0.000018	1.233400	0.000018	1.269249	0.000009	1.267953	0.000009	1.268929	0.000009	1350074324.979626	1.000001	38.021860	24.765159	1.583601	1.269223	0.999910	1.269095	0.002946	1.253695	0.000020	1.242026	0.000019	1.242866	0.000010	1.269761	0.000061	1.269539	0.000062	1.269257	0.000180	
1350074325.979213	0.999999	39.634575	26.392893	3.793888	1.269223	0.999916	1.268071	0.001462	1.268126	0.000045	1.264059	0.000090	1.268689	0.000057	1.268706	0.000037	1.268804	0.000035	1.268999	0.000045	1350074325.979617	0.999991	37.894722	24.636576	1.592757	1.269225	0.999935	1.268363	0.000602	1.267413	0.000062	1.269422	0.000110	1.271320	0.000063	1.272005	0.000006	1.268309	0.000006	1.269159	0.000124	
1350074326.979214	1.000001	40.086098	26.840978	3.801602	1.269219	0.999887	1.269281	0.006997	1.250787	0.000028	1.239004	0.000016	1.237970	0.000016	1.272192	0.000009	1.269957	0.000009	1.270770	0.000008	1350074326.979620	1.000003	37.886403	24.628082	1.599635	1.269223	0.999910	1.270401	0.000218	1.261486	0.000018	1.252564	0.000017	1.269546	0.000010	1.269262	0.000041	1.269890	0.000046	1.268652	0.000158	
1350074327.979213	0.999999	40.018623	26.775950	3.809299	1.269219	0.999871	1.268890	0.006280	1.264472	0.000117	1.268521	0.000038	1.264384	0.000082	1.268578	0.000034	1.268872	0.000034	1.268705	0.000036	1350074327.979614	0.999994	37.894528	24.635080	1.598902	1.269225	0.999934	1.267148	0.000243	1.264904	0.000039	1.263498	0.000042	1.265224	0.000052	1.233138	0.000007	1.231396	0.000007	1.270205	0.000123	
1350074328.979214	1.000001	39.993935	26.746511	3.797543	1.269219	0.999892	1.269035	0.003437	1.268815	0.003066	1.235092	0.000018	1.236433	0.000016	1.271731	0.000009	1.271724	0.000009	1.271771	0.000009	1350074328.979626	1.000012	37.900107	24.640408	1.596828	1.269223	0.999911	1.267989	0.000240	1.259869	0.000020	1.266417	0.000019	1.287276	0.000011	1.273102	0.000054	1.274378	0.000049	1.268668	0.000154	
1350074329.979213	0.999999	40.077873	26.826823	3.774311	1.269223	0.999915	1.263149	0.000239	1.269018	0.005998	1.251768	0.000038	1.258524	0.000050	1.255698	0.000036	1.255083	0.000034	1.256854	0.000041	1350074329.979619	0.999993	37.893481	24.632952	1.594249	1.269222	0.999906	1.264946	0.000285	1.269425	0.000038	1.267257	0.000131	1.269347	0.000039	1.268427	0.000006	1.228093	0.000007	1.267757	0.000125	
1350074330.979214	1.000001	39.997871	26.745061	3.793392	1.269217	0.999868	1.269188	0.001984	1.269046	0.006192	1.268610	0.000055	1.264233	0.000030	1.271215	0.000021	1.291493	0.000021	1.294023	0.000020	1350074330.979616	0.999997	37.869792	24.623459	1.593023	1.269223	0.999920	1.268482	0.000488	1.258484	0.000018	1.246656	0.000019	1.263817	0.000011	1.262163	0.000062	1.259704	0.000046	1.269487	0.000149	
1350074331.979213	0.999999	39.984398	26.744761	3.786228	1.269213	0.999802	1.261134	0.000295	1.268804	0.006148	1.267637	0.000037	1.245763	0.000107	1.268743	0.000034	1.237721	0.000036	1.268753	0.000038	1350074331.979615	0.999999	37.904013	24.644997	1.601945	1.269225	0.999934	1.269190	0.000283	1.265587	0.000058	1.268273	0.000074	1.269630	0.000073	1.286579	0.000027	1.282785	0.000031	1.269101	0.000142	
1350074332.979214	1.000001	40.012917	26.761480	3.782238	1.269221	0.999914	1.267556	0.000264	1.269085	0.006097	1.240422	0.000016	1.235983	0.000017	1.271394	0.000009	1.271535	0.000009	1.273802	0.000009	1350074332.979614	0.999999	37.922613	24.663186	1.597353	1.269223	0.999912	1.269964	0.000236	1.257213	0.000020	1.264525	0.000018	1.269352	0.000011	1.268909	0.000059	1.269246	0.000047	1.269334	0.000167	
1350074333.979213	0.999999	40.021477	26.772883	3.805408	1.269223	0.999914	1.266702	0.000340	1.269148	0.006132	1.265347	0.000036	1.266080	0.000041	1.269332	0.000036	1.268227	0.000033	1.268731	0.000036	1350074333.979478	0.999864	37.910929	24.648033	1.597904	1.269223	0.999908	1.263476	0.000266	1.272586	0.000037	1.267183	0.000117	1.265090	0.000049	1.226471	0.000007	1.236138	0.000007	1.267289	0.000123	
1350074334.979214	1.000001	40.017982	26.764989	3.797589	1.269221	0.999912	1.265368	0.000251	1.268894	0.006094	1.246111	0.000026	1.229290	0.000018	1.269270	0.000033	1.272163	0.000010	1.271506	0.000008	1350074334.979620	1.000142	37.890093	24.632807	1.602098	1.269223	0.999918	1.269819	0.000281	1.248007	0.000019	1.243947	0.000018	1.291613	0.000011	1.274992	0.000054	1.273779	0.000046	1.270703	0.000154	
1350074335.979214	1.000000	40.024490	26.772980	3.789841	1.269159	0.999635	1.253246	0.000457	1.269109	0.006086	1.243880	0.000189	1.266718	0.000566	1.268434	0.000036	1.265299	0.000041	1.267052	0.000041	1350074335.979610	0.999990	37.886503	24.626986	1.594025	1.269197	0.999739	1.262505	0.000902	1.248070	0.000335	1.261637	0.000052	1.262786	0.000051	1.241923	0.000013	1.250182	0.000014	1.266439	0.000128	
1350074336.979214	1.000000	39.505325	26.255966	3.793884	1.269220	0.999915	1.269096	0.000285	1.205951	0.000014	1.222707	0.000014	1.233564	0.000027	1.271774	0.000010	1.262799	0.000009	1.273279	0.000010	1350074336.979622	1.000012	38.180026	24.920235	1.589779	1.269223	0.999907	1.270137	0.000239	1.268920	0.005925	1.251659	0.000018	1.250270	0.000010	1.266490	0.000059	1.268971	0.000048	1.262584	0.000163	
1350074337.979213	0.999999	39.496559	26.247858	3.801685	1.269225	0.999938	1.268965	0.000246	1.269608	0.000036	1.268198	0.000032	1.269155	0.000038	1.269399	0.000037	1.268224	0.000035	1.268656	0.000038	1350074337.979621	0.999999	37.888662	24.629265	1.591875	1.269223	0.999912	1.267035	0.000229	1.266672	0.000120	1.265590	0.000068	1.265423	0.000055	1.235938	0.000007	1.236084	0.000007	1.269286	0.000126	
1350074338.979213	1.000000	39.519394	26.267685	3.786179	1.269221	0.999915	1.267688	0.000361	1.233317	0.000018	1.233955	0.000017	1.235021	0.000018	1.268657	0.000010	1.271151	0.000009	1.270530	0.000010	1350074338.979616	0.999995	37.901847	24.642625	1.583916	1.269223	0.999917	1.270263	0.000174	1.262867	0.000020	1.265906	0.000018	1.288448	0.000010	1.273681	0.000048	1.273067	0.000047	1.269313	0.000161	
1350074339.979213	1.000000	39.505280	26.254288	3.801392	1.269225	0.999936	1.266643	0.000242	1.269468	0.000040	1.268696	0.000037	1.269167	0.000038	1.269276	0.000035	1.269257	0.000035	1.269001	0.000036	1350074339.979617	1.000001	40.168602	26.909978	1.591811	1.269199	0.999656	1.243588	0.000257	1.268741	0.000908	1.267875	0.000045	1.268691	0.000042	1.236254	0.000006	1.266422	0.000006	1.239242	0.000133	
1350074340.979214	1.000001	39.924355	26.671026	3.792813	1.268859	0.999438	1.225696	0.007155	1.161575	0.002447	1.161203	0.002174	1.159878	0.002184	1.162262	0.002364	1.159376	0.001845	1.160582	0.002005	1350074340.979622	1.000005	38.267356	25.018445	1.595359	1.267868	0.999354	1.177569	0.003036	1.166762	0.002551	1.162077	0.002171	1.160996	0.001972	1.164390	0.002231	1.164822	0.002034	1.175910	0.003915	
1350074341.979213	0.999999	39.521614	26.267115	3.793720	1.269215	0.999826	1.259833	0.000271	1.256778	0.000126	1.219209	0.000032	1.222413	0.000032	1.261493	0.000315	1.251651	0.000029	1.252574	0.000031	1350074341.979615	0.999993	37.899691	24.640673	1.594890	1.269223	0.999907	1.269263	0.000256	1.241462	0.000049	1.265054	0.000121	1.264113	0.000043	1.269667	0.000007	1.262598	0.000006	1.269290	0.000306	
1350074342.979214	1.000001	39.513741	26.262350	3.793896	1.269221	0.999915	1.269476	0.000271	1.269739	0.000025	1.269042	0.000029	1.266668	0.000028	1.294896	0.000020	1.294014	0.000021	1.294863	0.000020	1350074342.979638	1.000023	37.892581	24.634522	1.593500	1.269223	0.999912	1.268008	0.000243	1.257263	0.000019	1.264039	0.000015	1.292096	0.000010	1.260967	0.000052	1.262151	0.000057	1.269128	0.000162	
1350074343.979213	0.999999	39.770637	26.517649	3.805118	1.269216	0.999849	1.267875	0.002645	1.259052	0.000049	1.236439	0.000037	1.235822	0.000040	1.268400	0.000036	1.240127	0.000038	1.268907	0.000038	1350074343.979618	0.999980	39.402080	26.143621	1.586397	1.269205	0.999718	1.252584	0.000310	1.269447	0.000070	1.266756	0.000063	1.264113	0.000072	1.268926	0.003708	1.254021	0.000031	1.249082	0.000160	
1350074344.979214	1.000001	39.487694	26.234991	3.794049	1.269221	0.999911	1.269587	0.000325	1.233219	0.000018	1.235643	0.000017	1.238043	0.000017	1.273028	0.000010	1.271264	0.000009	1.271676	0.000009	1350074344.979622	1.000004	37.919097	24.660087	1.595254	1.269222	0.999958	1.269735	0.000215	1.243953	0.000018	1.248113	0.000018	1.273528	0.000010	1.270307	0.000108	1.264961	0.000063	1.267626	0.000183	
1350074345.979213	0.999999	39.584220	26.332026	3.790272	1.269223	0.999914	1.268035	0.001477	1.267768	0.000038	1.265957	0.000096	1.267737	0.000039	1.267951	0.000037	1.267876	0.000035	1.268088	0.000036	1350074345.979619	0.999997	37.920131	24.661469	1.591497	1.269223	0.999912	1.267739	0.000870	1.264494	0.000038	1.265501	0.000071	1.265559	0.000061	1.258720	0.000058	1.242771	0.000007	1.269729	0.000298	
1350074346.979214	1.000001	39.936546	26.686239	3.786389	1.269221	0.999911	1.269279	0.006362	1.239463	0.000017	1.234665	0.000017	1.235484	0.000018	1.274498	0.000009	1.274615	0.000009	1.273040	0.000009	1350074346.979620	1.000001	37.896311	24.636558	1.593062	1.269223	0.999913	1.267646	0.000221	1.260838	0.000020	1.268752	0.000018	1.293008	0.000011	1.269912	0.000062	1.273871	0.000040	1.269067	0.000160	
1350074347.979213	0.999999	39.786461	26.533564	3.801517	1.269225	0.999934	1.269176	0.004187	1.269439	0.000068	1.268611	0.000036	1.268501	0.000039	1.269446	0.000034	1.268357	0.000035	1.269289	0.000036	1350074347.979618	0.999998	37.897152	24.636049	1.586230	1.269225	0.999932	1.269312	0.000252	1.269507	0.000038	1.267666	0.000044	1.262670	0.000046	1.223646	0.000007	1.224100	0.000007	1.267117	0.000122	
1350074348.979215	1.000002	715822563.471627	715808995.759392	715770998.133869	0.999990	1.000220	0.999988	1.000226	0.999991	1.000229	0.999991	1.000221	0.999991	1.000224	0.999993	1.000218	0.999991	1.000224	0.999991	1.000221	1350074348.979289	0.999671	716047178.791209	716028584.351884	716012184.100428	0.999991	1.000221	0.999988	1.000223	3.892984	0.256929	0.999991	1.000222	0.999990	1.000223	0.999993	1.000219	0.999991	1.000224	0.999991	1.000222	
1350074349.979241	1.000026	0.000000	0.000000	0.000000	-nan	-nan	-nan	-nan	1.000008	inf	-nan	-nan	-nan	0.000000	-nan	-nan	-nan	-nan	-nan	-nan	1350074349.979318	1.000029	0.000000	0.000000	0.000000	-nan	-nan	-nan	-nan	1.345745	inf	-nan	-nan	-nan	-nan	-nan	-nan	-nan	-nan	-nan	-nan	
