ts_0	elapsed_0	pkg_0	pp0_0	dram_0	freq_ratio_0_0	c0_ratio_0_0	freq_ratio_0_1	c0_ratio_0_1	freq_ratio_0_2	c0_ratio_0_2	freq_ratio_0_3	c0_ratio_0_3	freq_ratio_0_4	c0_ratio_0_4	freq_ratio_0_5	c0_ratio_0_5	freq_ratio_0_6	c0_ratio_0_6	freq_ratio_0_7	c0_ratio_0_7	ts_1	elapsed_1	pkg_1	pp0_1	dram_1	freq_ratio_1_0	c0_ratio_1_0	freq_ratio_1_1	c0_ratio_1_1	freq_ratio_1_2	c0_ratio_1_2	freq_ratio_1_3	c0_ratio_1_3	freq_ratio_1_4	c0_ratio_1_4	freq_ratio_1_5	c0_ratio_1_5	freq_ratio_1_6	c0_ratio_1_6	freq_ratio_1_7	c0_ratio_1_7	
1349477755.534247	1.000482	57.902628	44.077521	7.577585	1.231074	0.998392	1.230765	0.990158	1.230757	0.989965	1.220892	0.000432	1.218442	0.000087	1.212517	0.000034	1.206977	0.000034	1.224347	0.000666	1349477755.534590	1.000624	54.713146	40.952292	6.656263	1.230745	0.990338	1.230767	0.990149	1.229952	0.000914	1.216633	0.000283	0.959700	0.000097	1.259079	0.000032	0.856611	0.000046	1.230775	0.990774	
1349477756.534246	0.999999	58.370798	44.517361	7.884956	1.230760	0.999888	1.230760	0.999888	1.230759	0.999888	1.227346	0.000303	1.226550	0.000088	1.223787	0.000064	1.220567	0.000055	1.230372	0.000334	1349477756.534594	1.000004	55.439091	41.642211	6.786456	1.230761	0.999910	1.230761	0.999910	1.230658	0.000873	1.229548	0.001298	1.225967	0.000158	1.230504	0.000061	1.232504	0.000062	1.230761	0.999902	
1349477757.534244	0.999998	58.431889	44.580575	7.872329	1.230766	0.999954	1.230765	0.999954	1.230765	0.999947	1.230835	0.000214	1.251431	0.000013	1.250567	0.000013	1.255203	0.000015	1.232126	0.000184	1349477757.534586	0.999992	55.408545	41.615465	6.757394	1.230765	0.999952	1.230765	0.999945	1.233017	0.000304	1.230481	0.000186	1.228150	0.000051	1.230678	0.000010	1.230302	0.000016	1.230765	0.999955	
1349477758.534247	1.000003	58.539476	44.664870	7.867407	1.230765	0.998459	1.230764	0.998416	1.230764	0.998396	1.228925	0.000250	1.221818	0.000074	1.225939	0.000052	1.225000	0.000045	1.229998	0.000303	1349477758.534594	1.000008	55.543785	41.733579	6.805395	1.230768	0.998491	1.230763	0.998326	1.229312	0.000998	1.229975	0.000424	1.233873	0.000053	1.231158	0.000047	1.230843	0.000058	1.230821	0.999884	
1349477759.534246	0.999999	58.462321	44.579098	7.867302	1.230765	0.999860	1.230767	0.999935	1.230767	0.999934	1.231455	0.000197	1.230481	0.000013	1.217473	0.000013	1.229655	0.000014	1.230701	0.000193	1349477759.534595	1.000001	55.542061	41.730734	6.796441	1.230765	0.999954	1.230765	0.999954	1.230873	0.001038	1.230784	0.000189	1.230924	0.000055	1.229083	0.000011	1.228838	0.000012	1.230765	0.999954	
1349477760.534247	1.000001	58.392187	44.503620	7.854286	1.230757	0.999869	1.230758	0.999860	1.230757	0.999860	1.223938	0.000269	1.222358	0.000075	1.223686	0.000052	1.224865	0.000060	1.225466	0.000693	1349477760.534596	1.000001	55.541848	41.727545	6.746026	1.230763	0.999932	1.230763	0.999932	1.229892	0.000442	1.229465	0.000253	1.230386	0.000051	1.230682	0.000048	1.231060	0.000056	1.230763	0.999932	
1349477761.534247	1.000000	58.387039	44.498062	7.874435	1.230728	0.999516	1.230736	0.999502	1.230720	0.999522	1.230766	0.000426	1.226136	0.000014	1.230242	0.000014	1.238936	0.000014	1.230771	0.002096	1349477761.534599	1.000003	55.539302	41.725823	6.776667	1.230765	0.999523	1.230763	0.999465	1.230759	0.000716	1.226345	0.000295	1.220832	0.000214	1.230501	0.000012	1.228946	0.000015	1.230779	0.999910	
1349477762.534247	1.000000	58.413589	44.526779	7.846786	1.230761	0.999912	1.230762	0.999905	1.230762	0.999905	1.220432	0.000267	1.228047	0.000126	1.238727	0.000067	1.234088	0.000076	1.230767	0.000304	1349477762.534593	0.999994	55.600658	41.785756	6.775217	1.230761	0.999911	1.230761	0.999910	1.228074	0.000425	1.229584	0.000738	1.230753	0.000078	1.230706	0.000065	1.230815	0.000087	1.230761	0.999906	
1349477763.534247	1.000000	58.388214	44.498810	7.879440	1.230750	0.999353	1.230765	0.999319	1.230765	0.999326	1.233894	0.000214	1.232471	0.000013	1.229900	0.000013	1.230959	0.000013	1.230742	0.000190	1349477763.534596	1.000003	55.541515	41.726799	6.760736	1.230767	0.999350	1.230765	0.999291	1.231158	0.000310	1.230118	0.000091	1.230870	0.000053	1.229641	0.000006	1.231317	0.000006	1.230789	0.999930	
1349477764.534246	0.999999	58.443186	44.553433	7.865730	1.230764	0.999932	1.230764	0.999926	1.230763	0.999932	1.227779	0.000288	1.225720	0.000057	1.230786	0.000047	1.230617	0.000051	1.230472	0.000260	1349477764.534593	0.999997	55.578053	41.761085	6.764669	1.230761	0.999909	1.230762	0.999909	1.229728	0.000375	1.228198	0.000178	1.230661	0.000063	1.230998	0.000057	1.230550	0.000074	1.230761	0.999911	
1349477765.534246	1.000000	58.461700	44.570145	7.863907	1.230761	0.999909	1.230761	0.999908	1.230762	0.999908	1.226981	0.000232	1.225133	0.000013	1.230943	0.000013	1.230955	0.000013	1.225155	0.000634	1349477765.534588	0.999995	55.586201	41.769130	6.800708	1.230765	0.999953	1.230765	0.999945	1.230717	0.000391	1.230590	0.000089	1.230696	0.000049	1.231058	0.000013	1.232405	0.000015	1.230765	0.999952	
1349477766.534248	1.000002	58.691676	44.796805	7.866623	1.230697	0.999372	1.230737	0.999308	1.230729	0.999319	1.226411	0.000221	1.230623	0.002870	1.230837	0.000048	1.230979	0.000044	1.230695	0.000221	1349477766.534597	1.000009	55.591507	41.776431	6.746048	1.230762	0.999363	1.230759	0.999295	1.225869	0.000444	1.223753	0.000296	1.220366	0.000154	1.227660	0.000048	1.227182	0.000063	1.230782	0.999888	
1349477767.534245	0.999997	59.013748	45.121585	7.860727	1.230686	0.998050	1.230729	0.997989	1.230728	0.997983	1.224347	0.000158	1.230687	0.006040	1.238273	0.000012	1.248787	0.000013	1.224886	0.000204	1349477767.534582	0.999985	55.581981	41.766832	6.779750	1.230773	0.998174	1.230767	0.997982	1.231072	0.000561	1.225375	0.000082	1.226206	0.000057	1.223625	0.000011	1.244507	0.000015	1.230838	0.999903	
1349477768.534246	1.000001	60.140278	46.257890	7.886513	1.230754	0.999848	1.230754	0.999848	1.230755	0.999848	1.223960	0.000209	1.230529	0.005501	1.225577	0.000044	1.225772	0.000046	1.214431	0.000193	1349477768.534553	0.999971	55.556822	41.754114	6.772246	1.230761	0.999909	1.230761	0.999909	1.229796	0.000443	1.229456	0.000127	1.233882	0.000052	1.230692	0.000047	1.231036	0.000052	1.230761	0.999909	
1349477769.534246	1.000000	59.027313	45.133560	7.869904	1.230764	0.999956	1.230763	0.999955	1.230763	0.999956	1.231689	0.000149	1.230909	0.005141	1.201830	0.000013	1.203446	0.000013	1.229133	0.000136	1349477769.534586	1.000033	55.598238	41.780135	6.788458	1.230765	0.999953	1.230765	0.999953	1.230146	0.000582	1.227746	0.000085	1.227976	0.000053	1.229722	0.000011	1.227420	0.000011	1.230765	0.999952	
1349477770.534250	1.000004	715821931.848470	715784718.718400	715785830.613964	0.999997	1.000163	0.999995	1.000165	0.999997	1.000170	0.999997	1.000163	0.999997	1.000166	1.000000	1.000161	0.999997	1.000166	0.999997	1.000164	1349477770.534349	0.999763	715952281.359770	715984097.786190	715974645.539315	0.999997	1.000162	0.999995	1.000165	3.892518	0.256946	0.999997	1.000163	0.999997	1.000166	1.000000	1.000161	0.999997	1.000166	0.999997	1.000164	
1349477771.534324	1.000074	0.000000	0.000000	0.000000	-nan	-nan	-nan	-nan	1.000008	inf	-nan	-nan	-nan	0.000000	-nan	-nan	-nan	-nan	-nan	-nan	1349477771.534386	1.000037	0.000000	0.000000	0.000000	-nan	-nan	-nan	-nan	1.345745	inf	-nan	-nan	-nan	-nan	-nan	-nan	-nan	-nan	-nan	-nan	
1349477772.534393	1.000069	0.000000	0.000000	0.000000	-nan	-nan	-nan	-nan	0.000000	inf	-nan	-nan	-nan	0.000000	0.000000	inf	-nan	-nan	-nan	-nan	1349477772.534457	1.000071	0.000000	0.000000	0.000000	-nan	-nan	-nan	-nan	inf	-nan	-nan	-nan	-nan	-nan	-nan	-nan	-nan	-nan	-nan	-nan	
