ts_0	elapsed_0	pkg_0	pp0_0	dram_0	freq_ratio_0_0	c0_ratio_0_0	freq_ratio_0_1	c0_ratio_0_1	freq_ratio_0_2	c0_ratio_0_2	freq_ratio_0_3	c0_ratio_0_3	freq_ratio_0_4	c0_ratio_0_4	freq_ratio_0_5	c0_ratio_0_5	freq_ratio_0_6	c0_ratio_0_6	freq_ratio_0_7	c0_ratio_0_7	ts_1	elapsed_1	pkg_1	pp0_1	dram_1	freq_ratio_1_0	c0_ratio_1_0	freq_ratio_1_1	c0_ratio_1_1	freq_ratio_1_2	c0_ratio_1_2	freq_ratio_1_3	c0_ratio_1_3	freq_ratio_1_4	c0_ratio_1_4	freq_ratio_1_5	c0_ratio_1_5	freq_ratio_1_6	c0_ratio_1_6	freq_ratio_1_7	c0_ratio_1_7	
1349477108.430922	1.000498	36.694203	23.124805	7.852214	0.999996	0.958263	0.998010	0.028467	0.999995	0.998683	0.963445	0.000134	0.913960	0.000046	0.955083	0.000083	0.913442	0.000044	0.919158	0.000044	1349477108.431135	1.000475	36.911745	23.400538	7.881755	0.999984	0.964761	0.999804	0.033664	1.001041	0.000339	1.002633	0.000140	1.009516	0.000040	1.009193	0.000040	0.669448	0.000059	0.999941	0.992182	
1349477109.430917	0.999995	43.453388	29.860242	7.316504	1.000000	1.000000	1.000000	0.999951	1.000000	0.999948	1.000371	0.001881	1.002261	0.000082	1.002992	0.000055	1.000138	0.000059	0.999794	0.000080	1349477109.431124	0.999989	30.815447	17.270560	8.121030	1.000170	0.000939	1.015629	0.000038	1.000858	0.000132	1.000411	0.000054	0.999449	0.000062	0.999951	0.000063	1.000217	0.000078	1.000000	1.000000	
1349477110.430917	1.000000	43.288254	29.692078	7.304306	1.000000	0.968363	1.000000	1.000000	1.000000	1.000000	0.999821	0.001568	0.991404	0.000009	0.999925	0.000052	1.001036	0.000009	0.981448	0.000009	1349477110.431165	1.000041	31.407281	17.866394	8.120181	0.999973	0.007714	1.000016	0.031984	0.984244	0.000008	0.999769	0.000094	1.003119	0.000007	0.987368	0.000007	0.999197	0.000007	1.000000	1.000000	
1349477111.430918	1.000001	39.002633	25.393988	7.764992	1.000000	0.323738	1.000000	1.000000	1.000001	1.000000	0.999986	0.004972	0.999945	0.000084	0.999645	0.000055	0.999795	0.000056	0.999949	0.000084	1349477111.431174	1.000009	35.492751	21.938919	8.083102	1.000001	0.369997	0.999997	0.313083	0.999780	0.000198	0.999921	0.000053	0.999933	0.000057	1.001326	0.000064	0.999868	0.000067	1.000000	1.000000	
1349477112.430919	1.000001	36.641902	23.031304	8.059441	0.999954	0.001412	1.000000	1.000000	1.000000	1.000000	1.000128	0.002180	1.003741	0.000009	1.000114	0.000051	1.001078	0.000009	1.014682	0.000008	1349477112.431171	0.999997	37.332727	23.754270	8.139994	1.000000	1.000000	1.001610	0.000074	1.001252	0.000007	1.000068	0.000114	1.001145	0.000007	1.000285	0.000007	0.999600	0.000007	1.000000	1.000000	
1349477113.430917	0.999998	39.286269	25.670169	8.010056	0.999987	0.006331	1.000000	1.000000	1.000000	1.000000	0.999997	0.005008	0.999864	0.002966	1.000003	0.002900	0.999899	0.003177	0.999965	0.003862	1349477113.431142	0.999971	42.407255	28.823409	8.129677	1.000000	1.000000	0.999876	0.002913	0.999983	0.003025	0.999997	0.002929	0.999998	0.002700	0.999998	0.002701	1.000004	0.002963	1.000000	1.000000	
1349477114.430918	1.000001	38.320230	24.713004	8.093544	0.999841	0.000980	1.000000	0.999943	1.000000	0.999938	0.999860	0.001420	1.007624	0.000009	0.988656	0.000050	0.992407	0.000009	0.999980	0.002519	1349477114.431148	1.000006	37.434820	23.844798	8.097822	1.000000	1.000000	0.994590	0.000089	1.011406	0.000007	0.999850	0.000121	1.000806	0.000007	1.001298	0.000007	0.998319	0.000007	1.000000	1.000000	
1349477115.430917	0.999999	33.681917	20.080280	8.052300	1.000013	0.016774	1.000000	0.504413	1.000000	1.000000	1.000024	0.004809	1.004601	0.000099	1.007456	0.000074	1.006164	0.000083	1.002065	0.000108	1349477115.431152	1.000004	40.553165	26.988080	8.136228	0.999999	0.984113	1.000004	0.495901	0.999917	0.000131	0.991355	0.000066	0.991791	0.000072	0.990776	0.000062	0.988722	0.000071	1.000000	1.000000	
1349477116.430919	1.000002	37.151220	23.547166	8.124908	1.000000	1.000000	1.000001	0.005167	1.000000	0.999881	0.999993	0.003204	0.982733	0.000009	0.999991	0.000044	0.986215	0.000009	1.000365	0.000008	1349477116.431151	0.999999	37.064961	23.515861	8.107506	1.036504	0.000014	1.000000	0.999936	1.000175	0.000133	1.002903	0.000160	1.015502	0.000038	1.014343	0.000039	1.027312	0.000029	1.000000	1.000000	
1349477117.430920	1.000001	36.817607	23.214410	8.149528	0.999999	0.944354	0.999973	0.006191	1.000000	1.000000	1.000015	0.002482	1.000092	0.000092	1.000196	0.000057	0.999781	0.000071	1.000044	0.000079	1349477117.431207	1.000056	37.476813	23.923693	8.098042	1.000001	0.055996	1.000000	1.000000	0.989844	0.000074	1.002171	0.000056	0.999763	0.000065	0.999902	0.000067	0.989979	0.000078	1.000000	1.000000	
1349477118.430918	0.999998	34.336186	20.745676	8.031998	1.000002	0.586973	0.983531	0.000083	1.000000	1.000000	0.999969	0.006375	0.998721	0.000009	0.998343	0.000048	1.003684	0.000009	0.963491	0.000009	1349477118.431151	0.999944	39.926218	26.375806	8.110012	0.999995	0.413101	1.000000	1.000000	0.886552	0.000012	1.000270	0.000114	1.004037	0.000007	1.000285	0.000007	1.013454	0.000057	1.000000	1.000000	
1349477119.430918	1.000000	36.833298	23.229568	8.159576	1.000000	0.964371	1.000529	0.002833	1.000000	0.999941	1.000007	0.002626	1.000697	0.000073	1.001259	0.000060	0.999790	0.000057	1.003752	0.000086	1349477119.431185	1.000034	37.348458	23.792356	8.104536	1.000059	0.035975	1.000000	0.999953	1.014907	0.000080	0.996984	0.000056	0.999895	0.000062	1.000181	0.000068	1.000312	0.000070	1.000000	1.000000	
1349477120.430919	1.000001	32.956725	19.372037	8.102196	1.000000	0.375162	0.999918	0.008008	1.000000	1.000000	0.999962	0.001246	1.000403	0.000009	0.998642	0.000044	0.999730	0.000009	0.999031	0.000009	1349477120.431152	0.999967	41.366870	27.821274	8.136254	1.000000	0.625132	1.000000	0.999943	1.012445	0.000066	0.999016	0.000114	1.000887	0.000007	0.998060	0.000007	0.999889	0.000007	1.000000	1.000000	
1349477121.430918	0.999999	36.918538	23.319602	8.136269	1.000000	0.942374	0.999935	0.005064	1.000000	0.999974	1.000007	0.006250	1.000671	0.000082	1.001147	0.000052	0.999572	0.000065	0.999845	0.000080	1349477121.431189	1.000037	37.505236	23.950470	8.084677	0.999962	0.057968	1.000000	0.999959	0.996838	0.000210	1.001501	0.000054	0.999643	0.000058	0.999905	0.000057	0.999707	0.000074	1.000000	1.000000	
1349477122.430918	1.000000	34.346512	20.761612	7.991348	0.999975	0.005264	1.000002	0.570701	1.000000	0.999942	0.999966	0.004554	0.989678	0.000009	1.000183	0.000044	1.001660	0.000009	0.980786	0.000009	1349477122.431170	0.999981	40.045411	26.494387	8.118456	1.000005	0.429101	1.000000	0.999943	1.071929	0.000010	1.001347	0.000114	0.999772	0.000007	0.998459	0.000007	1.002214	0.000007	1.000000	1.000000	
1349477123.430917	0.999999	37.114690	23.525077	8.151528	0.999921	0.003405	1.000000	1.000000	1.000000	1.000000	0.999977	0.005810	1.000165	0.000077	0.999659	0.000053	1.000020	0.000058	1.001654	0.000088	1349477123.431166	0.999996	37.117429	23.561237	8.098086	0.975027	0.000091	1.000000	1.000000	0.999906	0.000090	1.000267	0.000062	1.000006	0.000060	1.000109	0.000060	1.000005	0.000072	1.000000	1.000000	
1349477124.430918	1.000001	31.955246	18.375990	8.042793	1.000017	0.016607	0.999999	0.226344	1.000000	0.999975	1.000011	0.006314	0.997175	0.000009	0.999086	0.000044	1.016579	0.000008	0.997423	0.000009	1349477124.431159	0.999993	42.262133	28.722901	8.128200	1.000000	0.758016	1.000000	0.999963	0.999062	0.000007	0.998978	0.000128	1.000331	0.000007	0.999213	0.000007	1.000443	0.000007	1.000000	1.000000	
1349477125.430918	1.000000	36.916382	23.331665	8.149185	1.000000	0.972366	0.999622	0.000996	1.000000	1.000000	1.000073	0.005891	0.996158	0.000084	1.000749	0.000054	0.993036	0.000064	0.994047	0.000083	1349477125.431189	1.000030	37.302026	23.742939	8.076082	1.000075	0.027970	0.999998	1.000000	0.991765	0.000077	1.001535	0.000059	1.000282	0.000062	1.000140	0.000058	0.999757	0.000081	1.000000	1.000000	
1349477126.430917	0.999999	36.090946	22.492804	8.120110	1.000000	0.864768	0.999847	0.001305	1.000000	1.000000	0.999974	0.003720	0.999585	0.000009	0.989597	0.000047	0.992710	0.000009	0.971135	0.000009	1349477126.431159	0.999970	37.997815	24.455508	8.109710	1.000000	0.135105	1.000002	0.999998	1.005030	0.000128	1.000417	0.000104	0.997259	0.000007	0.998578	0.000007	0.999835	0.000007	1.000000	1.000000	
1349477127.430918	1.000001	37.043117	23.440438	8.124000	1.000000	1.000000	1.000048	0.003953	1.000000	0.999935	0.999926	0.000254	1.003631	0.000093	1.006283	0.000077	1.000361	0.000984	1.008041	0.000102	1349477127.431191	1.000032	37.116765	23.559413	8.101258	0.985836	0.000154	1.000000	0.999958	1.000138	0.000109	0.989711	0.000058	0.991438	0.000059	0.991856	0.000059	0.989799	0.000077	1.000000	1.000000	
1349477128.430917	0.999999	36.921834	23.320182	8.154579	1.000000	1.000000	0.999605	0.001364	1.000000	1.000000	1.000300	0.000163	0.998363	0.000009	0.998912	0.000051	1.000264	0.000009	0.999636	0.000008	1349477128.431159	0.999968	37.128246	23.572073	8.103561	1.001904	0.000834	1.000000	1.000000	0.999848	0.000035	1.004290	0.000134	1.012696	0.000040	1.012541	0.000039	1.020213	0.000039	1.000000	1.000000	
1349477129.430917	1.000000	43.071213	29.476120	7.341110	1.000000	0.999999	1.000001	0.945733	1.000000	0.999993	0.999502	0.001645	1.000208	0.000084	1.001235	0.000054	0.999890	0.000063	0.999938	0.000081	1349477129.431137	0.999978	31.076670	17.529971	8.118205	1.001078	0.000439	0.999990	0.054100	0.999990	0.000075	0.999886	0.000057	1.000135	0.000063	1.000035	0.000066	0.999955	0.000076	1.000000	1.000000	
1349477130.430917	1.000000	43.078522	29.477539	7.308304	1.000000	0.941377	1.000000	0.999914	1.000000	0.999939	0.999942	0.001632	1.008212	0.000009	0.999341	0.000053	1.001393	0.000009	1.000457	0.000008	1349477130.431167	1.000030	31.102307	17.561423	8.134521	1.000002	0.058877	0.999131	0.000710	0.771391	0.000009	1.000266	0.000100	0.997696	0.000007	0.987874	0.000007	1.001343	0.000007	1.000000	1.000000	
1349477131.430917	1.000000	39.228561	25.615707	7.775162	1.000000	0.379411	1.000000	0.999946	1.000000	0.999957	0.999829	0.001648	1.000673	0.000068	0.999663	0.000054	0.999555	0.000056	0.999983	0.000093	1349477131.431134	0.999967	35.046304	21.480367	8.122704	1.000000	0.621117	0.999979	0.006770	1.010055	0.000204	0.999188	0.000049	1.000159	0.000056	1.001590	0.000056	0.999937	0.000061	1.000000	1.000000	
1349477132.430917	1.000000	43.462692	29.860886	7.307388	1.000000	0.999998	1.000000	1.000000	1.000000	0.999991	1.000286	0.002136	0.985154	0.000009	1.000832	0.000052	1.000181	0.000009	1.000957	0.000008	1349477132.431129	0.999995	30.845293	17.305873	8.129664	0.827669	0.000017	1.000064	0.006211	0.954293	0.000007	0.999900	0.000097	0.997824	0.000007	0.999830	0.000007	0.998526	0.000007	1.000000	1.000000	
1349477133.430920	1.000003	715775018.325964	715779275.899499	715779399.249917	0.999992	1.000146	0.999990	1.000150	1.000000	1.000146	0.999992	1.000147	0.999992	1.000149	0.999995	1.000144	0.999992	1.000149	0.999992	1.000147	1349477133.431032	0.999903	715877761.443591	715866509.738928	715848501.462707	0.999992	1.000147	0.999989	1.000149	3.892888	0.256916	0.999992	1.000148	0.999992	1.000149	0.999995	1.000144	0.999992	1.000149	0.999992	1.000147	
1349477134.431059	1.000139	0.000000	0.000000	0.000000	-nan	-nan	-nan	-nan	0.000000	inf	-nan	-nan	-nan	0.000000	-nan	-nan	-nan	-nan	-nan	-nan	1349477134.431140	1.000108	0.000000	0.000000	0.000000	-nan	-nan	-nan	-nan	0.000000	inf	-nan	-nan	-nan	-nan	-nan	-nan	-nan	-nan	-nan	-nan	
