ts_0	elapsed_0	pkg_0	pp0_0	dram_0	freq_ratio_0_0	c0_ratio_0_0	freq_ratio_0_1	c0_ratio_0_1	freq_ratio_0_2	c0_ratio_0_2	freq_ratio_0_3	c0_ratio_0_3	freq_ratio_0_4	c0_ratio_0_4	freq_ratio_0_5	c0_ratio_0_5	freq_ratio_0_6	c0_ratio_0_6	freq_ratio_0_7	c0_ratio_0_7	ts_1	elapsed_1	pkg_1	pp0_1	dram_1	freq_ratio_1_0	c0_ratio_1_0	freq_ratio_1_1	c0_ratio_1_1	freq_ratio_1_2	c0_ratio_1_2	freq_ratio_1_3	c0_ratio_1_3	freq_ratio_1_4	c0_ratio_1_4	freq_ratio_1_5	c0_ratio_1_5	freq_ratio_1_6	c0_ratio_1_6	freq_ratio_1_7	c0_ratio_1_7	
1350062281.181865	1.000101	72.933484	59.882283	3.804410	1.000000	1.000000	1.000000	1.000000	1.000000	1.000000	1.000000	1.000000	1.000000	1.000000	1.000000	1.000000	1.000000	1.000000	1.000000	1.000000	1350062281.181902	1.000091	72.027528	58.815459	1.724666	1.000000	1.000000	1.000000	1.000000	0.999998	1.000000	1.000000	1.000000	1.000000	1.000000	1.000000	1.000000	1.000000	1.000000	1.000000	1.000000	
1350062282.181863	0.999998	73.123781	60.049934	3.804618	1.000000	1.000000	1.000000	1.000000	1.000000	1.000000	1.000000	1.000000	1.000000	1.000000	1.000000	1.000000	1.000000	1.000000	1.000000	1.000000	1350062282.181896	0.999994	71.834321	58.641722	1.594690	1.000000	1.000000	1.000000	1.000000	1.000002	1.000000	1.000000	1.000000	1.000000	0.999998	0.999994	1.000000	1.000000	1.000000	1.000000	1.000000	
1350062283.181862	0.999999	72.827279	59.753658	3.789448	1.000000	1.000000	1.000000	1.000000	1.000000	1.000000	1.000000	1.000000	1.000000	1.000000	1.000000	1.000000	1.000000	1.000000	1.000000	1.000000	1350062283.181897	1.000001	71.701271	58.485448	1.628935	1.000000	1.000000	1.000000	1.000000	1.000000	1.000000	1.000000	1.000000	1.000000	1.000000	1.000006	1.000000	1.000000	1.000000	1.000000	1.000000	
1350062284.181862	1.000000	72.835602	59.786636	3.785828	1.000000	1.000000	1.000000	1.000000	1.000000	1.000000	1.000000	1.000000	1.000000	1.000000	1.000000	1.000000	1.000000	1.000000	1.000000	1.000000	1350062284.181894	0.999997	71.785623	58.561980	1.582814	1.000000	1.000000	1.000000	1.000000	1.000000	1.000000	1.000000	1.000000	1.000000	1.000002	0.999998	1.000000	1.000000	1.000000	1.000000	1.000000	
1350062285.181863	1.000001	72.950202	59.902088	3.797070	1.000000	1.000000	1.000000	1.000000	1.000000	1.000000	1.000000	1.000000	1.000000	1.000000	1.000000	1.000000	1.000000	1.000000	1.000000	1.000000	1350062285.181896	1.000002	71.863938	58.639506	1.609662	1.000000	1.000000	1.000000	1.000000	1.000000	1.000000	1.000000	1.000000	1.000000	1.000000	1.000002	1.000000	1.000000	1.000000	1.000000	1.000000	
1350062286.181863	1.000000	73.003143	59.951279	3.797211	1.000000	1.000000	1.000000	1.000000	1.000000	1.000000	1.000000	1.000000	1.000000	1.000000	1.000000	1.000000	1.000000	1.000000	1.000000	1.000000	1350062286.181898	1.000002	71.913590	58.687129	1.592084	1.000000	1.000000	1.000000	1.000000	1.000000	1.000000	1.000000	1.000000	0.999998	1.000000	1.000000	1.000000	1.000000	1.000000	1.000000	1.000000	
1350062287.181863	1.000000	72.964325	59.921478	3.789490	1.000000	1.000000	1.000000	1.000000	1.000000	1.000000	1.000000	1.000000	1.000000	1.000000	1.000000	1.000000	1.000000	1.000000	1.000000	1.000000	1350062287.181896	0.999998	71.971909	58.739919	1.599887	1.000000	1.000000	1.000000	1.000000	1.000000	1.000000	1.000000	1.000000	1.000003	0.999998	1.000000	1.000000	1.000000	1.000000	1.000000	1.000000	
1350062288.181862	0.999999	73.084115	60.024410	3.785908	1.000000	1.000000	1.000000	1.000000	1.000000	1.000000	1.000000	1.000000	1.000000	1.000000	1.000000	1.000000	1.000000	1.000000	1.000000	1.000000	1350062288.181894	0.999998	72.008759	58.777242	1.590961	1.000000	1.000000	1.000000	1.000000	1.000000	1.000000	1.000000	1.000000	1.000000	1.000002	0.999998	1.000000	1.000000	1.000000	1.000000	1.000000	
1350062289.181863	1.000001	73.157264	60.093479	3.793194	1.000000	1.000000	1.000000	1.000000	1.000000	1.000000	1.000000	1.000000	1.000000	1.000000	1.000000	1.000000	1.000000	1.000000	1.000000	1.000000	1350062289.181896	1.000002	72.032516	58.793360	1.593060	1.000000	1.000000	1.000000	1.000000	1.000000	1.000000	1.000000	1.000000	1.000000	0.999998	1.000002	1.000000	1.000000	1.000000	1.000000	1.000000	
1350062290.181863	1.000000	73.202515	60.133636	3.792389	1.000000	1.000000	1.000000	1.000000	1.000000	1.000000	1.000000	1.000000	1.000000	1.000000	1.000000	1.000000	1.000000	1.000000	1.000000	1.000000	1350062290.181898	1.000002	72.012238	58.782145	1.590436	1.000000	1.000000	1.000000	1.000000	1.000000	1.000000	1.000000	1.000000	1.000000	1.000002	1.000000	1.000000	1.000000	1.000000	1.000000	1.000000	
1350062291.181863	1.000000	73.242111	60.169464	3.804855	1.000000	1.000000	1.000000	1.000000	1.000000	1.000000	1.000000	1.000000	1.000000	1.000000	1.000000	1.000000	1.000000	1.000000	1.000000	1.000000	1350062291.181899	1.000001	72.124641	58.878682	1.592787	1.000000	1.000000	1.000000	1.000000	1.000000	1.000000	1.000000	1.000000	0.999998	1.000000	1.000000	1.000000	1.000000	1.000000	1.000000	1.000000	
1350062292.181862	0.999999	73.267617	60.187710	3.801365	1.000000	1.000000	1.000000	1.000000	1.000000	1.000000	1.000000	1.000000	1.000000	1.000000	1.000000	1.000000	1.000000	1.000000	1.000000	1.000000	1350062292.181895	0.999996	72.120883	58.872660	1.589408	1.000000	1.000000	1.000000	1.000000	1.000000	1.000000	1.000000	1.000000	1.000002	1.000000	1.000000	1.000000	1.000000	1.000000	1.000000	1.000000	
1350062293.181862	1.000000	73.279495	60.197372	3.801239	1.000000	1.000000	1.000000	1.000000	1.000000	1.000000	1.000000	1.000000	1.000000	1.000000	1.000000	1.000000	1.000000	1.000000	1.000000	1.000000	1350062293.181895	1.000000	72.155151	58.903305	1.596329	1.000000	1.000000	1.000000	1.000000	1.000000	1.000000	1.000000	1.000000	1.000000	1.000000	1.000000	1.000000	1.000000	1.000000	1.000000	1.000000	
1350062294.181862	1.000000	73.290680	60.205856	3.805115	1.000000	1.000000	1.000000	1.000000	1.000000	1.000000	1.000000	1.000000	1.000000	1.000000	1.000000	1.000000	1.000000	1.000000	1.000000	1.000000	1350062294.181895	1.000000	72.199020	58.943756	1.587769	1.000000	1.000000	1.000000	1.000000	1.000000	1.000000	1.000000	1.000000	1.000000	1.000000	1.000000	1.000000	1.000000	1.000000	1.000000	1.000000	
1350062295.181862	1.000000	73.242523	60.169510	3.808533	1.000000	1.000000	1.000000	1.000000	1.000000	1.000000	1.000000	1.000000	1.000000	1.000000	1.000000	1.000000	1.000000	1.000000	1.000000	1.000000	1350062295.181896	1.000001	72.232414	58.975774	1.589552	1.000000	1.000000	1.000000	1.000000	1.000000	1.000000	1.000000	1.000000	0.999998	1.000000	1.000000	1.000000	1.000000	1.000000	1.000000	1.000000	
1350062296.181863	1.000001	73.362967	60.275989	3.805371	1.000000	1.000000	1.000000	1.000000	1.000000	1.000000	1.000000	1.000000	1.000000	1.000000	1.000000	1.000000	1.000000	1.000000	1.000000	1.000000	1350062296.181898	1.000002	72.252792	58.994654	1.586209	1.000000	1.000000	1.000000	1.000000	1.000000	1.000000	1.000000	1.000000	0.999999	1.000000	1.000000	1.000000	1.000000	1.000000	1.000000	1.000000	
1350062297.181862	0.999999	70.862433	57.772333	3.793354	1.000000	1.000000	1.000000	1.000000	1.000000	1.000000	1.000000	1.000000	1.000000	1.000000	1.000000	1.000000	1.000000	1.000000	1.000000	1.000000	1350062297.181896	0.999998	69.767757	56.508286	1.610278	1.000000	1.000000	1.000000	1.000000	1.000000	1.000000	1.000000	1.000000	1.000000	1.000000	1.000000	1.000000	1.000000	1.000000	1.000000	1.000000	
1350062298.181862	1.000000	72.775589	59.678070	3.793259	1.000000	1.000000	1.000000	1.000000	1.000000	1.000000	1.000000	1.000000	1.000000	1.000000	1.000000	1.000000	1.000000	1.000000	1.000000	1.000000	1350062298.181895	0.999999	71.592659	58.343653	1.585924	1.000000	1.000000	1.000000	1.000000	1.000000	1.000000	1.000000	1.000000	1.000000	1.000000	1.000000	1.000000	1.000000	1.000000	1.000000	1.000000	
1350062299.181862	1.000000	73.516052	60.416885	3.797546	1.000000	1.000000	1.000000	1.000000	1.000000	1.000000	1.000000	1.000000	1.000000	1.000000	1.000000	1.000000	1.000000	1.000000	1.000000	1.000000	1350062299.181895	1.000000	72.309204	59.049316	1.590912	1.000000	1.000000	1.000000	1.000000	1.000000	1.000000	1.000000	1.000000	1.000002	1.000000	1.000000	1.000000	1.000000	1.000000	1.000000	1.000000	
1350062300.181862	1.000000	73.509003	60.411530	3.793411	1.000000	1.000000	1.000000	1.000000	1.000000	1.000000	1.000000	1.000000	1.000000	1.000000	1.000000	1.000000	1.000000	1.000000	1.000000	1.000000	1350062300.181934	1.000039	72.272977	59.022854	1.589171	1.000000	1.000000	1.000000	1.000000	1.000000	1.000000	1.000000	1.000000	1.000000	1.000000	1.000000	1.000000	1.000000	1.000000	1.000000	1.000000	
1350062301.181863	1.000001	73.554434	60.454700	3.805264	1.000000	1.000000	1.000000	1.000000	1.000000	1.000000	1.000000	1.000000	1.000000	1.000000	1.000000	1.000000	1.000000	1.000000	1.000000	1.000000	1350062301.181899	0.999965	72.206754	58.970237	1.593546	1.000000	1.000000	1.000000	1.000000	1.000000	1.000000	1.000000	1.000000	1.000000	1.000000	1.000000	1.000000	1.000000	1.000000	1.000000	1.000000	
1350062302.181863	1.000000	73.604996	60.498917	3.800949	1.000000	1.000000	1.000000	1.000000	1.000000	1.000000	1.000000	1.000000	1.000000	1.000000	1.000000	1.000000	1.000000	1.000000	1.000000	1.000000	1350062302.181897	0.999998	72.329484	59.079596	1.594058	1.000000	1.000000	1.000000	1.000000	1.000000	1.000000	1.000000	1.000000	1.000000	0.999998	1.000000	1.000000	1.000000	1.000000	1.000000	1.000000	
1350062303.181862	0.999999	73.601297	60.495999	3.805042	1.000000	1.000000	1.000000	1.000000	1.000000	1.000000	1.000000	1.000000	1.000000	1.000000	1.000000	1.000000	1.000000	1.000000	1.000000	1.000000	1350062303.181895	0.999998	72.306016	59.062994	1.591006	1.000000	1.000000	1.000000	1.000000	1.000000	1.000000	1.000000	1.000000	1.000000	1.000002	1.000000	1.000000	1.000000	1.000000	1.000000	1.000000	
1350062304.181863	1.000001	73.550406	60.458011	3.781872	1.000000	1.000000	1.000000	1.000000	1.000000	1.000000	1.000000	1.000000	1.000000	1.000000	1.000000	1.000000	1.000000	1.000000	1.000000	1.000000	1350062304.181898	1.000003	72.325551	59.089661	1.590861	1.000000	1.000000	1.000000	1.000000	1.000000	1.000000	1.000000	1.000000	0.999998	1.000000	1.000000	1.000000	1.000000	1.000000	1.000000	1.000000	
1350062305.181862	0.999999	73.643045	60.533124	3.797458	1.000000	1.000000	1.000000	1.000000	1.000000	1.000000	1.000000	1.000000	1.000000	1.000000	1.000000	1.000000	1.000000	1.000000	1.000000	1.000000	1350062305.181895	0.999997	72.332088	59.096069	1.589391	1.000000	1.000000	1.000000	1.000000	1.000000	1.000000	1.000000	1.000000	1.000002	1.000000	1.000000	1.000000	1.000000	1.000000	1.000000	1.000000	
1350062306.181863	1.000001	73.667059	60.554813	3.801312	1.000000	1.000000	1.000000	1.000000	1.000000	1.000000	1.000000	1.000000	1.000000	1.000000	1.000000	1.000000	1.000000	1.000000	1.000000	1.000000	1350062306.181898	1.000003	72.360692	59.118118	1.587581	1.000000	1.000000	1.000000	1.000000	1.000000	1.000000	1.000000	1.000000	1.000000	1.000000	1.000000	1.000000	1.000000	1.000000	1.000000	1.000000	
1350062307.181862	0.999999	73.674738	60.559445	3.786136	1.000000	1.000000	1.000000	1.000000	1.000000	1.000000	1.000000	1.000000	1.000000	1.000000	1.000000	1.000000	1.000000	1.000000	1.000000	1.000000	1350062307.181897	0.999999	72.333397	59.102901	1.584673	1.000000	1.000000	1.000000	1.000000	1.000000	1.000000	1.000000	1.000000	0.999998	1.000000	1.000000	1.000000	1.000000	1.000000	1.000000	1.000000	
1350062308.181862	1.000000	73.717407	60.599854	3.800964	1.000000	1.000000	1.000000	1.000000	1.000000	1.000000	1.000000	1.000000	1.000000	1.000000	1.000000	1.000000	1.000000	1.000000	1.000000	1.000000	1350062308.181895	0.999998	72.266800	59.050222	1.586276	1.000000	1.000000	1.000000	1.000000	1.000000	1.000000	1.000000	1.000000	1.000002	1.000000	1.000000	1.000000	1.000000	1.000000	1.000000	1.000000	
1350062309.181862	1.000000	73.746857	60.629120	3.800812	1.000000	1.000000	1.000000	1.000000	1.000000	1.000000	1.000000	1.000000	1.000000	1.000000	1.000000	1.000000	1.000000	1.000000	1.000000	1.000000	1350062309.181895	1.000000	72.359085	59.131119	1.591003	1.000000	1.000000	1.000000	1.000000	1.000000	1.000000	1.000000	1.000000	1.000000	0.999998	1.000000	1.000000	1.000000	1.000000	1.000000	1.000000	
1350062310.181862	1.000000	73.805222	60.683029	3.801025	1.000000	1.000000	1.000000	1.000000	1.000000	1.000000	1.000000	1.000000	1.000000	1.000000	1.000000	1.000000	1.000000	1.000000	1.000000	1.000000	1350062310.181895	1.000000	72.350952	59.123688	1.590958	1.000000	1.000000	1.000000	1.000000	1.000000	1.000000	1.000000	1.000000	1.000000	1.000002	1.000000	1.000000	1.000000	1.000000	1.000000	1.000000	
1350062311.181863	1.000001	73.844168	60.716983	3.782040	1.000000	1.000000	1.000000	1.000000	1.000000	1.000000	1.000000	1.000000	1.000000	1.000000	1.000000	1.000000	1.000000	1.000000	1.000000	1.000000	1350062311.181899	1.000004	72.384854	59.157567	1.590951	1.000000	1.000000	1.000000	1.000000	1.000000	1.000000	1.000000	1.000000	1.000000	1.000000	1.000000	1.000000	1.000000	1.000000	1.000000	1.000000	
1350062312.181862	0.999999	73.840158	60.713361	3.804920	1.000000	1.000000	1.000000	1.000000	1.000000	1.000000	1.000000	1.000000	1.000000	1.000000	1.000000	1.000000	1.000000	1.000000	1.000000	1.000000	1350062312.181895	0.999996	72.387989	59.161983	1.586097	1.000000	1.000000	1.000000	1.000000	1.000000	1.000000	1.000000	1.000000	1.000000	1.000000	0.999998	1.000000	1.000000	1.000000	1.000000	1.000000	
1350062313.181862	1.000000	73.794739	60.678162	3.801300	1.000000	1.000000	1.000000	1.000000	1.000000	1.000000	1.000000	1.000000	1.000000	1.000000	1.000000	1.000000	1.000000	1.000000	1.000000	1.000000	1350062313.181896	1.000001	72.387870	59.160344	1.589507	1.000000	1.000000	1.000000	1.000000	1.000000	1.000000	1.000000	1.000000	1.000000	0.999998	1.000002	1.000000	1.000000	1.000000	1.000000	1.000000	
1350062314.181864	1.000002	715805160.114425	715809286.113880	715811934.012440	0.999982	1.000163	0.999979	1.000166	0.999990	1.000163	0.999981	1.000160	0.999982	1.000166	0.999984	1.000157	0.999981	1.000163	0.999982	1.000164	1350062314.183253	1.001357	714853848.776862	714837504.051581	714831602.222280	0.999982	1.000165	0.999979	1.000163	3.893574	0.256873	0.999981	1.000161	0.999982	1.000165	0.999984	1.000159	0.999981	1.000162	0.999982	1.000165	
1350062315.181864	1.000000	0.000000	0.000000	0.000000	-nan	-nan	-nan	-nan	8.000000	inf	-nan	-nan	-nan	0.000000	-nan	-nan	-nan	-nan	-nan	-nan	1350062315.181941	0.998688	0.000000	0.000000	0.000000	-nan	-nan	-nan	-nan	0.000000	inf	-nan	-nan	-nan	-nan	-nan	-nan	-nan	-nan	-nan	-nan	
