ts_0	elapsed_0	pkg_0	pp0_0	dram_0	freq_ratio_0_0	c0_ratio_0_0	freq_ratio_0_1	c0_ratio_0_1	freq_ratio_0_2	c0_ratio_0_2	freq_ratio_0_3	c0_ratio_0_3	freq_ratio_0_4	c0_ratio_0_4	freq_ratio_0_5	c0_ratio_0_5	freq_ratio_0_6	c0_ratio_0_6	freq_ratio_0_7	c0_ratio_0_7	ts_1	elapsed_1	pkg_1	pp0_1	dram_1	freq_ratio_1_0	c0_ratio_1_0	freq_ratio_1_1	c0_ratio_1_1	freq_ratio_1_2	c0_ratio_1_2	freq_ratio_1_3	c0_ratio_1_3	freq_ratio_1_4	c0_ratio_1_4	freq_ratio_1_5	c0_ratio_1_5	freq_ratio_1_6	c0_ratio_1_6	freq_ratio_1_7	c0_ratio_1_7	
1349417389.462236	1.001414	47.706710	34.463428	0.000000	0.923552	0.909693	0.908751	0.762026	0.906346	0.740950	0.907783	0.751450	0.905024	0.730077	0.897573	0.676891	0.896057	0.666982	0.895329	0.662440	1349417389.462336	1.000363	48.384653	34.958437	0.000000	0.889866	0.753006	0.890052	0.754548	0.889588	0.750940	0.887997	0.740312	0.887949	0.740016	0.887828	0.739242	0.887969	0.740218	0.913222	0.962590	
1349417390.462228	0.999992	50.795318	37.295682	0.000000	0.816439	0.980148	0.816474	0.979982	0.816483	0.979948	0.816482	0.979909	0.816486	0.980009	0.816494	0.980033	0.816480	0.979960	0.816479	0.980033	1349417390.462320	0.999984	50.806994	37.116895	0.000000	0.809051	0.980623	0.809036	0.980539	0.809028	0.980479	0.809061	0.980657	0.809061	0.980641	0.809022	0.980440	0.809039	0.980521	0.811210	0.995992	
1349417391.462229	1.000001	47.098206	33.603148	0.000000	0.854742	0.788286	0.854795	0.788169	0.854831	0.788051	0.854875	0.787943	0.854842	0.788047	0.854825	0.788106	0.854826	0.788054	0.854841	0.788037	1349417391.462343	1.000023	48.601121	34.905787	0.000000	0.836706	0.788187	0.836693	0.788090	0.836664	0.787959	0.836708	0.788208	0.836712	0.788228	0.836663	0.787963	0.836697	0.788110	0.869902	0.996958	
1349417392.462229	1.000000	50.815842	37.226517	0.000000	0.802426	0.992339	0.802478	0.992264	0.802479	0.992152	0.802504	0.992082	0.802467	0.992243	0.802469	0.992230	0.802487	0.992184	0.802472	0.992235	1349417392.462328	0.999985	50.818924	37.019202	0.000000	0.796605	0.992858	0.796601	0.992760	0.796602	0.992505	0.796604	0.992892	0.796607	0.992863	0.796602	0.992479	0.796607	0.992642	0.796727	0.995333	
1349417393.462228	0.999999	47.865066	34.351321	0.000000	0.855636	0.805000	0.855700	0.804815	0.855686	0.804891	0.855724	0.804710	0.855693	0.804928	0.855694	0.804926	0.855704	0.804786	0.855695	0.804914	1349417393.462319	0.999991	49.094180	35.369949	0.000000	0.837536	0.805111	0.837492	0.804896	0.837466	0.804765	0.837539	0.805123	0.837552	0.805190	0.837466	0.804752	0.837518	0.805036	0.867314	0.996912	
1349417394.462231	1.000003	50.829692	37.197333	0.000000	0.801273	0.983471	0.801333	0.983293	0.801328	0.983283	0.801358	0.983151	0.801309	0.983325	0.801309	0.983313	0.801337	0.983238	0.801308	0.983312	1349417394.462347	1.000028	50.832475	36.985785	0.000000	0.794305	0.983958	0.794284	0.983839	0.794269	0.983716	0.794303	0.983953	0.794310	0.983990	0.794263	0.983686	0.794290	0.983867	0.795665	0.995237	
1349417395.462232	1.000001	49.445128	35.733883	0.000000	0.815431	0.887007	0.815476	0.886891	0.815466	0.886906	0.815500	0.886735	0.815466	0.886881	0.815464	0.886962	0.815477	0.886877	0.815469	0.886856	1349417395.462357	1.000010	50.053866	36.118230	0.000000	0.802406	0.887315	0.802403	0.887112	0.802402	0.887017	0.802406	0.887309	0.802403	0.887308	0.802407	0.887094	0.802403	0.887114	0.823297	0.995757	
1349417396.462226	0.999994	715802145.688982	715780518.186492	715832151.413729	0.999969	1.000015	0.999972	1.000041	0.999981	1.000033	0.999971	1.000021	0.999972	1.000031	0.999974	1.000022	0.999972	1.000029	0.999972	1.000027	1349417396.462339	0.999982	715797304.238417	715792263.080922	715840684.950541	0.999972	1.000028	0.999969	1.000028	3.894207	0.256793	0.999972	1.000028	0.999972	1.000028	0.999975	1.000025	0.999969	1.000017	0.999975	1.000039	
1349417397.462220	0.999994	0.000000	0.000000	0.000000	-nan	-nan	-nan	-nan	0.000000	inf	-nan	-nan	-nan	0.000000	-nan	-nan	-nan	-nan	-nan	-nan	1349417397.462291	0.999952	0.000000	0.000000	0.000000	-nan	-nan	-nan	-nan	0.000000	inf	-nan	-nan	-nan	-nan	-nan	-nan	-nan	-nan	-nan	-nan	
