ts_0	elapsed_0	pkg_0	pp0_0	dram_0	freq_ratio_0_0	c0_ratio_0_0	freq_ratio_0_1	c0_ratio_0_1	freq_ratio_0_2	c0_ratio_0_2	freq_ratio_0_3	c0_ratio_0_3	freq_ratio_0_4	c0_ratio_0_4	freq_ratio_0_5	c0_ratio_0_5	freq_ratio_0_6	c0_ratio_0_6	freq_ratio_0_7	c0_ratio_0_7	ts_1	elapsed_1	pkg_1	pp0_1	dram_1	freq_ratio_1_0	c0_ratio_1_0	freq_ratio_1_1	c0_ratio_1_1	freq_ratio_1_2	c0_ratio_1_2	freq_ratio_1_3	c0_ratio_1_3	freq_ratio_1_4	c0_ratio_1_4	freq_ratio_1_5	c0_ratio_1_5	freq_ratio_1_6	c0_ratio_1_6	freq_ratio_1_7	c0_ratio_1_7	
1349418653.531673	1.001720	38.343079	24.803744	0.000000	1.217353	0.014039	1.267418	0.989700	1.156642	0.006310	1.155280	0.005459	1.150802	0.005509	1.165240	0.007591	1.150918	0.005692	1.157897	0.005591	1349418653.532127	1.000931	56.905241	43.103714	0.000000	1.230222	0.990817	1.230215	0.991585	1.158534	0.005933	1.149372	0.005599	1.157276	0.005660	1.152161	0.005397	1.156451	0.005659	1.230112	0.991349	
1349418654.531641	0.999968	38.378683	24.836060	0.000000	1.268483	0.004880	1.269213	0.999808	1.237502	0.000042	1.268774	0.000093	1.263619	0.000088	1.269561	0.000103	1.224324	0.000013	1.260387	0.000220	1349418654.532010	0.999883	56.687865	42.833582	0.000000	1.230765	0.999955	1.230765	0.999955	1.224380	0.000018	1.231170	0.000049	1.231942	0.000934	1.232996	0.000045	1.229667	0.000068	1.230765	0.999955	
1349418655.531641	1.000000	42.612869	29.049774	0.000000	1.269125	0.469547	1.269173	0.999485	1.232946	0.000501	1.230965	0.000021	1.225022	0.000020	1.250067	0.000092	1.273850	0.000072	1.267947	0.002337	1349418655.531868	0.999858	53.458188	39.563666	0.000000	1.234563	0.999901	1.230756	0.531999	1.232513	0.000145	1.209139	0.000025	1.230603	0.000049	1.230573	0.000011	1.231513	0.000014	1.234567	0.999936	
1349418656.531641	1.000000	47.555710	33.952698	0.000000	1.269129	0.999210	1.269129	0.999209	1.230707	0.000880	1.231477	0.000055	1.230092	0.000069	1.231747	0.000133	1.241684	0.000029	1.231055	0.000244	1349418656.531871	1.000003	49.294403	35.329999	0.000000	1.269185	0.999632	1.230067	0.000278	1.231467	0.000032	1.230563	0.000047	1.230809	0.000110	1.229257	0.000044	1.230610	0.000078	1.269184	0.999633	
1349418657.531642	1.000001	47.524079	33.926909	0.000000	1.269070	0.998656	1.269070	0.998654	1.229946	0.001567	1.213859	0.000021	1.219990	0.000022	1.229332	0.000161	1.226407	0.000071	1.231467	0.000149	1349418657.531870	0.999999	49.252641	35.290332	0.000000	1.269196	0.999741	1.228511	0.000128	1.225896	0.000104	1.211659	0.000022	1.230735	0.000052	1.236403	0.000011	1.230985	0.000015	1.269197	0.999740	
1349418658.531641	0.999999	47.658432	34.042742	0.000000	1.268676	0.999084	1.268676	0.999082	1.227779	0.000925	1.228032	0.000232	1.221074	0.000146	1.231395	0.000322	1.219081	0.000058	1.229053	0.000328	1349418658.531865	0.999995	49.307208	35.337640	0.000000	1.269173	0.999566	1.230715	0.000184	1.230612	0.000071	1.230884	0.000080	1.226325	0.000184	1.230736	0.000092	1.230754	0.000200	1.269173	0.999566	
1349418659.531641	1.000000	47.639542	34.025818	0.000000	1.269051	0.998675	1.269051	0.998632	1.231221	0.001416	1.229394	0.000198	1.208744	0.000016	1.226998	0.000036	1.230434	0.000089	1.230949	0.000170	1349418659.531872	1.000007	49.274470	35.312958	0.000000	1.269147	0.999623	1.224891	0.000115	1.225588	0.000107	1.198467	0.000017	1.231653	0.000931	1.232341	0.000006	1.227146	0.000006	1.269147	0.999645	
1349418660.531640	0.999999	51.137180	37.518438	0.000000	1.250778	0.997522	1.250826	0.997458	1.230770	0.474370	1.230527	0.001074	1.231429	0.000085	1.231532	0.000185	1.232291	0.000015	1.230360	0.000224	1349418660.531979	1.000107	45.644146	31.688289	0.000000	1.269063	0.523736	1.230975	0.003843	1.250876	0.000011	1.235066	0.000056	1.231307	0.000177	1.232141	0.000051	1.231718	0.000120	1.268779	0.995124	
1349418661.531641	1.000001	45.484271	31.876984	0.000000	1.230804	0.235019	1.251069	0.535344	1.259470	0.996888	1.250361	0.006291	1.202742	0.000041	1.232603	0.000036	1.231227	0.000060	1.239469	0.000145	1349418661.532080	1.000101	50.126570	36.131052	0.000000	1.245849	0.765668	1.230873	0.465249	1.225993	0.000092	1.218777	0.000021	1.232669	0.000287	1.240764	0.000011	1.227866	0.000015	1.251306	0.999686	
1349418662.531639	0.999998	46.820203	33.234103	0.000000	1.233521	0.504989	1.230778	0.468838	1.251077	0.999045	1.255425	0.003827	1.229827	0.000124	1.249523	0.000085	1.246739	0.000016	1.244861	0.000210	1349418662.531974	0.999894	48.421428	34.449364	0.000000	1.230761	0.494877	1.233271	0.530455	1.263328	0.004627	1.230771	0.000048	1.227896	0.000151	1.230791	0.000043	1.232683	0.000098	1.250152	0.999518	
1349418663.531640	1.000001	51.661511	38.043528	0.000000	1.230754	0.489273	1.244268	0.992438	1.244268	0.992484	1.230849	0.005747	1.218365	0.000022	1.221295	0.000075	1.169482	0.000072	1.229927	0.000201	1349418663.532006	1.000032	44.342257	30.352973	0.000000	1.269215	0.511909	1.198044	0.000030	1.268871	0.003894	1.210524	0.000023	1.237014	0.000036	1.233220	0.000011	1.229504	0.000015	1.269213	0.999871	
1349418664.531641	1.000001	48.221725	34.605558	0.000000	1.230529	0.003756	1.257645	0.994500	1.257644	0.994495	1.230774	0.001743	1.233975	0.000076	1.236500	0.000097	1.358562	0.000023	1.231249	0.000215	1349418664.531867	0.999861	48.829038	34.789839	0.000000	1.269132	0.999503	1.232581	0.000078	1.230326	0.000066	1.231394	0.000085	1.231727	0.000994	1.230534	0.000074	1.230447	0.000101	1.269131	0.999503	
1349418665.531640	0.999999	47.906830	34.290774	0.000000	1.229998	0.000968	1.268858	0.996575	1.268857	0.996659	1.230489	0.001711	1.211171	0.000026	1.230108	0.000039	1.236876	0.000068	1.230819	0.000158	1349418665.531868	1.000001	48.917327	34.859967	0.000000	1.269204	0.999706	1.222664	0.000073	1.224663	0.000091	1.210326	0.000029	1.230788	0.000096	1.233588	0.000006	1.233045	0.000006	1.269205	0.999826	
1349418666.531641	1.000001	47.871262	34.256407	0.000000	1.230524	0.000728	1.268880	0.996950	1.268879	0.996947	1.230767	0.001642	1.231445	0.000051	1.231754	0.000088	1.195493	0.000012	1.230857	0.000232	1349418666.531871	1.000003	48.886094	34.830184	0.000000	1.269194	0.999692	1.231190	0.000068	1.175832	0.000040	1.228189	0.000049	1.229928	0.000164	1.229170	0.000051	1.230878	0.000086	1.269194	0.999741	
1349418667.531641	1.000000	47.830521	34.264450	0.000000	1.230092	0.000974	1.268874	0.996813	1.268873	0.996895	1.230335	0.001610	1.207880	0.000021	1.232843	0.000043	1.230907	0.000093	1.233047	0.000165	1349418667.531865	0.999994	48.908830	34.851694	0.000000	1.269201	0.999693	1.210035	0.000027	1.248206	0.000099	1.217252	0.000021	1.232276	0.000096	1.231836	0.000011	1.230393	0.000015	1.269201	0.999784	
1349418668.531641	1.000000	47.947006	34.293442	0.000000	1.230501	0.000735	1.268865	0.996885	1.268863	0.996975	1.230787	0.001629	1.233806	0.000052	1.230886	0.000126	1.230453	0.000012	1.229695	0.000224	1349418668.531874	1.000009	48.965773	34.899418	0.000000	1.269198	0.999673	1.232334	0.000069	1.229782	0.000041	1.231230	0.000045	1.225646	0.000179	1.231828	0.000054	1.230515	0.000077	1.269198	0.999774	
1349418669.531641	1.000000	47.927277	34.312012	0.000000	1.230685	0.005760	1.267709	0.991689	1.267707	0.991724	1.230638	0.001437	1.215796	0.000021	1.228165	0.000042	1.230607	0.000061	1.229714	0.000145	1349418669.531876	1.000002	48.942061	34.881678	0.000000	1.269149	0.999629	1.201187	0.000030	1.226274	0.000096	1.212483	0.000024	1.231733	0.000957	1.230598	0.000011	1.232230	0.000015	1.269149	0.999675	
1349418670.531641	1.000000	47.894089	34.283173	0.000000	1.230720	0.005625	1.267870	0.991595	1.267869	0.991591	1.230646	0.001449	1.230646	0.000055	1.230664	0.000079	1.234963	0.000014	1.230998	0.000196	1349418670.531879	1.000003	48.896989	34.842650	0.000000	1.269204	0.999770	1.218882	0.000054	1.230403	0.000038	1.230413	0.000043	1.230780	0.000105	1.230994	0.000052	1.230505	0.000070	1.269204	0.999825	
1349418671.531641	1.000000	47.931198	34.316391	0.000000	1.230645	0.005158	1.267756	0.992260	1.267755	0.992366	1.230869	0.001441	1.222109	0.000033	1.228691	0.000041	1.230094	0.000076	1.230224	0.000132	1349418671.531868	0.999989	48.941989	34.880586	0.000000	1.269090	0.999698	1.231024	0.002005	1.224425	0.000136	1.218955	0.000066	1.220560	0.000087	1.229682	0.000016	1.204798	0.000017	1.269090	0.999728	
1349418672.531641	1.000000	47.837799	34.225815	0.000000	1.230510	0.000738	1.268906	0.997128	1.268906	0.997126	1.230743	0.001397	1.230524	0.000048	1.232804	0.000085	1.229703	0.000013	1.230807	0.000208	1349418672.531890	1.000022	48.874721	34.826079	0.000000	1.269190	0.999739	1.231866	0.000057	1.231296	0.000039	1.230796	0.000132	1.234216	0.000263	1.230903	0.000044	1.231042	0.000080	1.269189	0.999739	
1349418673.531652	1.000011	715764230.538335	715803922.477031	715820034.141029	0.999969	1.000011	0.999971	1.000031	0.999972	1.000032	0.999970	1.000016	0.999971	1.000021	0.999974	1.000020	0.999971	1.000021	0.999972	1.000023	1349418673.531754	0.999864	715864315.280563	715888573.308213	715925177.943910	0.999972	1.000025	0.999967	1.000017	3.894210	0.256793	0.999970	1.000014	0.999971	1.000020	0.999974	1.000020	0.999971	1.000022	0.999971	1.000020	
1349418674.531716	1.000064	0.000000	0.000000	0.000000	-nan	-nan	-nan	-nan	1.000008	inf	-nan	-nan	-nan	0.000000	-nan	-nan	-nan	-nan	-nan	-nan	1349418674.531781	1.000027	0.000000	0.000000	0.000000	-nan	-nan	-nan	-nan	1.345745	inf	-nan	-nan	-nan	-nan	-nan	-nan	-nan	-nan	-nan	-nan	
1349418675.531789	1.000073	0.000000	0.000000	0.000000	-nan	-nan	-nan	-nan	0.000000	inf	-nan	-nan	-nan	0.000000	0.000000	inf	-nan	-nan	-nan	-nan	1349418675.531856	1.000075	0.000000	0.000000	0.000000	-nan	-nan	-nan	-nan	inf	-nan	-nan	-nan	-nan	-nan	-nan	-nan	-nan	-nan	-nan	-nan	
