ts_0	elapsed_0	pkg_0	pp0_0	dram_0	freq_ratio_0_0	c0_ratio_0_0	freq_ratio_0_1	c0_ratio_0_1	freq_ratio_0_2	c0_ratio_0_2	freq_ratio_0_3	c0_ratio_0_3	freq_ratio_0_4	c0_ratio_0_4	freq_ratio_0_5	c0_ratio_0_5	freq_ratio_0_6	c0_ratio_0_6	freq_ratio_0_7	c0_ratio_0_7	ts_1	elapsed_1	pkg_1	pp0_1	dram_1	freq_ratio_1_0	c0_ratio_1_0	freq_ratio_1_1	c0_ratio_1_1	freq_ratio_1_2	c0_ratio_1_2	freq_ratio_1_3	c0_ratio_1_3	freq_ratio_1_4	c0_ratio_1_4	freq_ratio_1_5	c0_ratio_1_5	freq_ratio_1_6	c0_ratio_1_6	freq_ratio_1_7	c0_ratio_1_7	
1349418653.528680	1.001307	47.473200	33.597156	0.000000	1.254151	0.010538	1.268673	0.985667	1.268787	0.985454	1.182151	0.000103	1.217443	0.000346	0.696836	0.000057	1.196373	0.000141	1.078970	0.000188	1349418653.528896	1.000528	46.967094	33.353068	0.000000	1.269097	0.989776	1.257206	0.000034	1.150742	0.000151	1.213144	0.000238	1.243250	0.000082	1.256705	0.000057	1.003327	0.000118	1.269181	0.989251	
1349418654.528671	0.999991	51.193838	37.261400	0.000000	1.161928	0.012769	1.234184	0.996737	1.234184	0.996731	1.155297	0.010597	1.155419	0.013688	1.154339	0.010067	1.153915	0.009641	1.155203	0.010002	1349418654.528861	0.999965	47.961184	34.337065	0.000000	1.265162	0.999498	1.154505	0.010289	1.154759	0.010217	1.154869	0.010277	1.154016	0.009913	1.154235	0.009806	1.155194	0.009762	1.265163	0.999721	
1349418655.528670	0.999999	47.737579	33.810457	0.000000	1.230553	0.001973	1.268881	0.997009	1.268880	0.997005	1.230009	0.000196	1.229873	0.000176	1.207800	0.000007	1.219274	0.000059	1.247782	0.000074	1349418655.528894	1.000033	47.428753	33.822435	0.000000	1.269140	0.999675	1.255205	0.000010	1.230412	0.000099	1.230797	0.000925	1.230660	0.000069	1.230478	0.000006	1.233148	0.000006	1.269140	0.999675	
1349418656.528671	1.000001	47.815369	33.882918	0.000000	1.229624	0.001637	1.268942	0.997386	1.268942	0.997382	1.229777	0.000342	1.228469	0.000162	1.230917	0.000082	1.240584	0.000038	1.228804	0.000007	1349418656.528899	1.000005	47.514761	33.900862	0.000000	1.269191	0.999719	1.224477	0.000093	1.224881	0.000070	1.227807	0.000151	1.230212	0.000006	1.231195	0.000053	1.228709	0.000082	1.269191	0.999719	
1349418657.528671	1.000000	47.770432	33.841629	0.000000	1.230704	0.001628	1.268882	0.996953	1.268883	0.996927	1.231168	0.000286	1.230524	0.000200	1.205318	0.000007	1.230615	0.000152	1.230816	0.000105	1349418657.528896	0.999997	47.474604	33.873045	0.000000	1.269210	0.999819	1.231665	0.000009	1.230085	0.000088	1.231544	0.000048	1.230922	0.000079	1.191193	0.000006	1.231320	0.000006	1.269210	0.999870	
1349418658.528669	0.999998	47.817062	33.884235	0.000000	1.229312	0.002354	1.268860	0.996645	1.268859	0.996651	1.228084	0.000472	1.229172	0.000155	1.231859	0.000143	1.213755	0.000099	1.201624	0.000030	1349418658.528895	0.999999	47.575180	33.953127	0.000000	1.269144	0.999530	1.224592	0.000223	1.223399	0.000318	1.229974	0.000398	1.229712	0.000055	1.218331	0.000126	1.224065	0.000166	1.269144	0.999536	
1349418659.528670	1.000001	47.713822	33.783766	0.000000	1.230801	0.001411	1.268945	0.997233	1.268945	0.997249	1.229197	0.000096	1.231125	0.000178	1.224452	0.000007	1.230605	0.000067	1.230716	0.000083	1349418659.528893	0.999998	47.561370	33.942173	0.000000	1.269211	0.999891	1.230802	0.000066	1.228085	0.000054	1.228143	0.000055	1.231150	0.000065	1.220955	0.000006	1.253984	0.000007	1.269211	0.999891	
1349418660.528669	0.999999	47.652755	33.733629	0.000000	1.204270	0.001579	1.268894	0.995131	1.268910	0.995100	1.229633	0.000312	1.228555	0.000169	1.231285	0.000101	1.228100	0.000008	1.233638	0.000007	1349418660.528890	0.999997	47.484156	33.869825	0.000000	1.269123	0.997539	1.226645	0.000108	1.207022	0.000017	1.229718	0.000952	1.233532	0.000006	1.230178	0.000056	1.221784	0.000078	1.269124	0.999612	
1349418661.528669	1.000000	47.600403	33.679657	0.000000	1.230801	0.001683	1.268902	0.996911	1.268902	0.996909	1.231774	0.000170	1.232918	0.000176	1.229199	0.000007	1.233634	0.000064	1.230693	0.000096	1349418661.528885	0.999995	47.501611	33.888643	0.000000	1.269091	0.999460	1.230287	0.000067	1.230838	0.000057	1.231066	0.002068	1.230973	0.000070	1.203987	0.000006	1.233541	0.000306	1.269091	0.999460	
1349418662.528671	1.000002	47.464494	33.548428	0.000000	1.212940	0.001745	1.268890	0.993270	1.268891	0.993259	1.227594	0.000269	1.226558	0.000161	1.223588	0.000097	1.190945	0.000008	1.231239	0.000007	1349418662.528891	1.000006	47.421623	33.811307	0.000000	1.269201	0.995972	1.226858	0.000100	1.205412	0.000018	1.226935	0.000109	1.226129	0.000006	1.233535	0.000052	1.229311	0.000073	1.269201	0.999805	
1349418663.528669	0.999998	47.548110	33.627185	0.000000	1.230615	0.001462	1.268935	0.997214	1.268934	0.997211	1.228602	0.000050	1.230986	0.000168	1.258154	0.000008	1.223386	0.000073	1.223934	0.000084	1349418663.528896	1.000005	47.448249	33.838438	0.000000	1.269202	0.999805	1.231262	0.000056	1.219151	0.000062	1.230809	0.000111	1.221755	0.000072	1.235543	0.000006	1.230401	0.000053	1.269202	0.999805	
1349418664.528675	1.000006	47.433631	33.528685	0.000000	1.230677	0.001467	1.268945	0.994315	1.268945	0.994291	1.232152	0.000201	1.229034	0.000198	1.235750	0.000095	1.252546	0.000031	1.243540	0.000044	1349418664.528892	0.999996	47.419382	33.809158	0.000000	1.269189	0.996680	1.225940	0.000127	1.236869	0.000046	1.228250	0.000147	1.249931	0.000036	1.216884	0.000055	1.223855	0.000084	1.269190	0.999697	
1349418665.528669	0.999994	47.613214	33.693163	0.000000	1.230858	0.001151	1.268958	0.997468	1.268959	0.997466	1.229594	0.000091	1.230899	0.000193	1.207072	0.000007	1.230890	0.000054	1.231889	0.000070	1349418665.528889	0.999997	47.432505	33.832899	0.000000	1.269127	0.999676	1.233407	0.000063	1.228467	0.000056	1.230587	0.000887	1.228044	0.000056	1.253345	0.000034	1.250381	0.000036	1.269127	0.999677	
1349418666.528669	1.000000	47.544556	33.623001	0.000000	1.230056	0.001763	1.268847	0.997089	1.268847	0.997086	1.229484	0.000225	1.228627	0.000173	1.230651	0.000084	1.230749	0.000007	1.221893	0.000007	1349418666.528900	1.000011	47.453673	33.843470	0.000000	1.269199	0.999784	1.225839	0.000117	1.209496	0.000019	1.228021	0.000114	1.249098	0.000006	1.227393	0.000051	1.228099	0.000087	1.269198	0.999784	
1349418667.528673	1.000004	47.474890	33.550249	0.000000	1.206687	0.001289	1.268922	0.994792	1.268935	0.994773	1.230744	0.000147	1.229826	0.000175	1.255420	0.000007	1.230757	0.000064	1.230704	0.000077	1349418667.528900	1.000000	47.455963	33.841919	0.000000	1.269208	0.997314	1.231267	0.000062	1.230884	0.000057	1.230843	0.000055	1.230802	0.000070	1.252155	0.000006	1.206127	0.000007	1.269208	0.999849	
1349418668.528670	0.999997	47.546076	33.614469	0.000000	1.211380	0.001646	1.268867	0.995417	1.268880	0.995396	1.229316	0.000314	1.230705	0.000169	1.227722	0.000068	1.224790	0.000007	1.212222	0.000007	1349418668.528894	0.999994	47.500436	33.881611	0.000000	1.269195	0.998045	1.226434	0.000111	1.207981	0.000017	1.228349	0.000159	1.233919	0.000006	1.230688	0.000053	1.234230	0.000121	1.269195	0.999762	
1349418669.528669	0.999999	47.503280	33.574739	0.000000	1.230579	0.001311	1.268948	0.997227	1.268948	0.997206	1.231410	0.000159	1.230115	0.000180	1.260672	0.000007	1.231347	0.000059	1.232579	0.000076	1349418669.528897	1.000003	47.474493	33.860842	0.000000	1.269208	0.999849	1.230392	0.000062	1.230036	0.000059	1.230654	0.000046	1.230542	0.000073	1.232354	0.000006	1.199944	0.000007	1.269208	0.999849	
1349418670.528669	1.000000	47.478241	33.553650	0.000000	1.230256	0.001379	1.268953	0.997384	1.268954	0.997380	1.226915	0.000225	1.228888	0.000169	1.230881	0.000099	1.224837	0.000007	1.229807	0.000007	1349418670.528898	1.000001	47.442399	33.830778	0.000000	1.269148	0.999590	1.226754	0.000112	1.207173	0.000016	1.229475	0.000941	1.230853	0.000006	1.231101	0.000049	1.230789	0.000079	1.269148	0.999591	
1349418671.528670	1.000001	47.489243	33.559676	0.000000	1.230687	0.001375	1.268861	0.997325	1.268861	0.997323	1.236293	0.000096	1.230442	0.000181	1.223734	0.000007	1.229782	0.000064	1.230968	0.000071	1349418671.528898	1.000000	47.515045	33.897202	0.000000	1.269086	0.999655	1.231185	0.000061	1.230799	0.000057	1.231164	0.002130	1.230766	0.000077	1.225161	0.000006	1.227515	0.000007	1.269086	0.999654	
1349418672.528670	1.000000	47.430588	33.505234	0.000000	1.230531	0.001923	1.268926	0.997114	1.268926	0.997112	1.228793	0.000171	1.228689	0.000164	1.231434	0.000067	1.244101	0.000007	1.227460	0.000007	1349418672.528924	1.000026	47.449512	33.838827	0.000000	1.269199	0.999785	1.225889	0.000102	1.205129	0.000017	1.227058	0.000108	1.209729	0.000006	1.228243	0.000050	1.231345	0.000080	1.269199	0.999785	
1349418673.528673	1.000003	715800637.383431	715783218.328579	715825666.061822	0.999970	1.000020	0.999973	1.000044	0.999974	1.000043	0.999972	1.000027	0.999973	1.000035	0.999975	1.000027	0.999971	1.000025	0.999975	1.000040	1349418673.528768	0.999844	715884492.861884	715906679.675979	715939518.128462	0.999972	1.000029	0.999970	1.000034	3.894076	0.256806	0.999971	1.000023	0.999973	1.000036	0.999975	1.000025	0.999972	1.000029	0.999974	1.000036	
1349418674.528674	1.000001	0.000000	0.000000	0.000000	-nan	-nan	-nan	-nan	0.000000	inf	-nan	-nan	-nan	0.000000	-nan	-nan	-nan	-nan	-nan	-nan	1349418674.528731	0.999963	0.000000	0.000000	0.000000	-nan	-nan	-nan	-nan	0.000000	inf	-nan	-nan	-nan	-nan	-nan	-nan	-nan	-nan	-nan	-nan	
1349418675.528743	1.000069	0.000000	0.000000	0.000000	-nan	-nan	-nan	-nan	0.000000	inf	-nan	-nan	-nan	0.000000	0.000000	inf	-nan	-nan	-nan	-nan	1349418675.528809	1.000078	0.000000	0.000000	0.000000	-nan	-nan	-nan	-nan	inf	-nan	-nan	-nan	-nan	-nan	-nan	-nan	-nan	-nan	-nan	-nan	
