ts_0	elapsed_0	pkg_0	pp0_0	dram_0	freq_ratio_0_0	c0_ratio_0_0	freq_ratio_0_1	c0_ratio_0_1	freq_ratio_0_2	c0_ratio_0_2	freq_ratio_0_3	c0_ratio_0_3	freq_ratio_0_4	c0_ratio_0_4	freq_ratio_0_5	c0_ratio_0_5	freq_ratio_0_6	c0_ratio_0_6	freq_ratio_0_7	c0_ratio_0_7	ts_1	elapsed_1	pkg_1	pp0_1	dram_1	freq_ratio_1_0	c0_ratio_1_0	freq_ratio_1_1	c0_ratio_1_1	freq_ratio_1_2	c0_ratio_1_2	freq_ratio_1_3	c0_ratio_1_3	freq_ratio_1_4	c0_ratio_1_4	freq_ratio_1_5	c0_ratio_1_5	freq_ratio_1_6	c0_ratio_1_6	freq_ratio_1_7	c0_ratio_1_7	
1350072018.697152	1.000291	64.226481	51.023568	6.113409	1.230442	0.996866	1.191389	0.000681	1.192325	0.001183	1.230442	0.996856	1.230442	0.996853	1.192285	0.000261	1.230442	0.996850	1.192298	0.000247	1350072018.697285	1.000281	63.880954	50.658856	2.148688	1.230586	0.998349	1.190959	0.000431	1.192369	0.000468	1.230586	0.998347	1.230586	0.998346	1.189771	0.000340	1.230586	0.998345	1.191389	0.000851	
1350072019.697149	0.999997	64.447664	51.230032	6.102924	1.230566	0.998766	1.192278	0.000373	1.192239	0.000244	1.230566	0.998764	1.230566	0.998763	1.192186	0.000244	1.230566	0.998763	1.192386	0.000180	1350072019.697279	0.999994	63.808867	50.608288	1.667567	1.230664	0.998945	1.192281	0.000262	1.192315	0.000327	1.230657	0.998944	1.230664	0.998943	1.193061	0.000263	1.230664	0.998921	1.192309	0.000288	
1350072020.697149	1.000000	64.403397	51.178482	6.121399	1.229742	0.991720	1.191983	0.000390	1.192605	0.000241	1.229742	0.991716	1.229742	0.991710	1.192452	0.000181	1.229743	0.991704	1.192289	0.005910	1350072020.697277	0.999998	63.973602	50.750707	3.512336	1.230590	0.998106	1.192324	0.000305	1.192340	0.000314	1.230598	0.998105	1.230591	0.998103	1.192319	0.000360	1.230591	0.998124	1.192482	0.000784	
1350072021.697149	1.000000	64.392792	51.177887	6.127563	1.229607	0.991872	1.192304	0.006040	1.192102	0.000253	1.229607	0.991870	1.229607	0.991864	1.192426	0.000217	1.229607	0.991855	1.192393	0.000178	1350072021.697279	1.000002	64.050964	50.823817	3.557351	1.230533	0.997846	1.192329	0.000230	1.192254	0.000289	1.230533	0.997844	1.230532	0.997844	1.191626	0.000236	1.230533	0.997842	1.192105	0.001043	
1350072022.697149	1.000000	64.460281	51.229584	6.115234	1.228462	0.997668	1.192301	0.000911	1.192396	0.000245	1.228462	0.997668	1.228462	0.997665	1.192360	0.000181	1.228462	0.997663	1.192303	0.000215	1350072022.697274	0.999995	64.138856	50.900279	1.884607	1.230653	0.998842	1.192275	0.000361	1.192335	0.000388	1.230653	0.998853	1.230653	0.998851	1.192897	0.000275	1.230653	0.998851	1.193019	0.000334	
1350072023.697150	1.000001	64.463699	51.230649	6.102899	1.228328	0.998172	1.192271	0.000396	1.192281	0.000300	1.228328	0.998164	1.228328	0.998163	1.192260	0.000261	1.228329	0.998161	1.192330	0.000179	1350072023.697276	1.000002	64.192718	50.953180	1.641537	1.230630	0.998761	1.192308	0.000311	1.192332	0.000343	1.230630	0.998748	1.230629	0.998743	1.193785	0.000280	1.230630	0.998742	1.191973	0.000565	
1350072024.697149	0.999999	64.461075	51.224963	6.127569	1.227571	0.992278	1.192315	0.001479	1.192389	0.000695	1.227571	0.992274	1.227571	0.992269	1.192375	0.003034	1.227571	0.992264	1.192875	0.000229	1350072024.697276	1.000000	64.238174	50.996140	2.679504	1.230637	0.998658	1.192338	0.000296	1.192379	0.000358	1.230637	0.998657	1.230637	0.998657	1.191293	0.000402	1.230637	0.998655	1.195139	0.000322	
1350072025.697149	1.000000	64.464401	51.225540	6.121399	1.227956	0.998086	1.192240	0.000392	1.192200	0.000249	1.227956	0.998082	1.227956	0.998080	1.192227	0.000258	1.227957	0.998079	1.191661	0.000191	1350072025.697277	1.000001	64.320404	51.077710	1.679564	1.230671	0.998984	1.192591	0.000211	1.192220	0.000304	1.230671	0.998985	1.230671	0.998984	1.192253	0.000231	1.230671	0.998983	1.189776	0.000263	
1350072026.697149	1.000000	64.462570	51.225662	6.121399	1.227814	0.998216	1.192357	0.000324	1.192299	0.000214	1.227814	0.998216	1.227814	0.998216	1.192354	0.000197	1.227813	0.998215	1.192360	0.000200	1350072026.697272	0.999995	64.318269	51.074658	1.765054	1.230547	0.998072	1.192206	0.000792	1.192359	0.000380	1.230541	0.998071	1.230547	0.998070	1.192360	0.000312	1.230547	0.998068	1.194231	0.000355	
1350072027.697149	1.000000	64.461349	51.225952	6.115219	1.226815	0.997967	1.192319	0.000352	1.192306	0.001823	1.226815	0.997974	1.226815	0.997972	1.192406	0.000199	1.226815	0.997970	1.195623	0.000194	1350072027.697267	0.999995	64.336626	51.091168	1.613793	1.230666	0.998944	1.192242	0.000195	1.192199	0.000318	1.230666	0.998942	1.230666	0.998941	1.192203	0.000253	1.230666	0.998940	1.190165	0.000324	
1350072028.697149	1.000000	64.462799	51.225266	6.127563	1.226825	0.998011	1.192281	0.000362	1.192434	0.000329	1.226825	0.997998	1.226825	0.997997	1.192306	0.000197	1.226825	0.997997	1.189408	0.000221	1350072028.697272	1.000005	64.286665	51.037907	1.707603	1.230576	0.998481	1.192342	0.000295	1.192377	0.000372	1.230583	0.998481	1.230576	0.998479	1.192396	0.000396	1.230576	0.998478	1.192353	0.000581	
1350072029.697149	1.000000	64.461151	51.222961	6.102905	1.225565	0.997735	1.192261	0.000349	1.192184	0.000210	1.225565	0.997734	1.225565	0.997732	1.192363	0.000222	1.225565	0.997731	1.192342	0.000163	1350072029.697275	1.000003	64.353942	51.104120	1.645777	1.230667	0.998932	1.192213	0.000230	1.192276	0.000311	1.230667	0.998942	1.230667	0.998942	1.192321	0.000250	1.230667	0.998941	1.194028	0.000285	
1350072030.697149	1.000000	64.464096	51.225327	6.096741	1.225465	0.997714	1.191907	0.000337	1.192398	0.000240	1.225465	0.997712	1.225465	0.997710	1.192307	0.000181	1.225465	0.997708	1.192333	0.000239	1350072030.697275	1.000000	64.315857	51.064499	1.648422	1.230655	0.998863	1.192298	0.000281	1.192358	0.000386	1.230655	0.998851	1.230655	0.998850	1.192292	0.000291	1.230655	0.998850	1.190693	0.000298	
1350072031.697149	1.000000	64.041046	50.798492	6.102905	1.229158	0.998395	1.192585	0.000402	1.192253	0.000221	1.229158	0.998394	1.229158	0.998392	1.192284	0.000219	1.229158	0.998391	1.192317	0.000183	1350072031.697271	0.999996	63.629775	50.374243	1.645988	1.230668	0.998985	1.192194	0.000225	1.192360	0.000334	1.230668	0.998991	1.230668	0.998984	1.195056	0.000232	1.230668	0.998983	1.192339	0.000272	
1350072032.697149	1.000000	64.400772	51.173904	6.121399	1.226182	0.997977	1.192277	0.000324	1.192319	0.000219	1.226182	0.997977	1.226182	0.997975	1.192343	0.000181	1.226182	0.997974	1.192323	0.000213	1350072032.697271	1.000000	64.293396	51.053696	1.907745	1.230486	0.997055	1.192289	0.001463	1.192326	0.000383	1.230486	0.997055	1.230486	0.997052	1.190517	0.000342	1.230486	0.997051	1.194483	0.000331	
1350072033.697149	1.000000	64.464417	51.224411	6.102905	1.226302	0.997735	1.192312	0.000386	1.192314	0.000300	1.226302	0.997732	1.226302	0.997730	1.192252	0.000214	1.226302	0.997728	1.195550	0.000197	1350072033.697279	1.000008	64.309492	51.055296	1.865387	1.230478	0.997013	1.192296	0.001460	1.192372	0.000354	1.230478	0.997012	1.230478	0.997009	1.192211	0.000219	1.230478	0.997006	1.192310	0.000558	
1350072034.697149	1.000000	64.458694	51.218643	6.115234	1.226700	0.998000	1.192245	0.000323	1.192363	0.000211	1.226700	0.997999	1.226700	0.997998	1.192394	0.000185	1.226700	0.997997	1.189437	0.000216	1350072034.697272	0.999993	64.308504	51.052996	2.179016	1.230355	0.995998	1.192307	0.000727	1.192310	0.001985	1.230355	0.995999	1.230355	0.995994	1.192308	0.000287	1.230355	0.995992	1.190136	0.000304	
1350072035.697149	1.000000	64.466461	51.226318	6.139893	1.226222	0.994978	1.192302	0.002237	1.192302	0.001048	1.226221	0.994975	1.226222	0.994983	1.192304	0.000210	1.226222	0.994968	1.192305	0.000179	1350072035.697278	1.000006	64.371610	51.118866	2.221285	1.230601	0.998504	1.189947	0.000847	1.188486	0.000370	1.230601	0.998503	1.230601	0.998501	1.191964	0.000548	1.230601	0.998501	1.194663	0.000299	
1350072036.697149	1.000000	64.459305	51.218597	6.127563	1.225192	0.992925	1.192252	0.000390	1.192334	0.000723	1.225191	0.992923	1.225191	0.992917	1.192349	0.000179	1.225192	0.992911	1.192322	0.004207	1350072036.697282	1.000004	64.388228	51.137030	2.661915	1.230659	0.998845	1.192298	0.000247	1.192346	0.000323	1.230659	0.998856	1.230659	0.998855	1.190023	0.000260	1.230659	0.998854	1.190176	0.000317	
1350072037.697149	1.000000	64.463928	51.224442	6.115234	1.224753	0.997508	1.190614	0.000459	1.191958	0.001897	1.224754	0.997507	1.224754	0.997505	1.192356	0.000215	1.224754	0.997502	1.189235	0.000225	1350072037.697314	1.000032	64.379642	51.129546	1.619623	1.230645	0.998957	1.192201	0.000251	1.192344	0.000367	1.230646	0.998945	1.230645	0.998944	1.192294	0.000250	1.230646	0.998943	1.192306	0.000316	
1350072038.697149	1.000000	64.464996	51.223145	6.121399	1.225654	0.997552	1.192308	0.000349	1.192290	0.000319	1.225654	0.997549	1.225654	0.997547	1.192347	0.000180	1.225654	0.997545	1.192310	0.000454	1350072038.697273	0.999959	64.348708	51.095159	1.805448	1.230617	0.998551	1.192268	0.000283	1.192324	0.000381	1.230617	0.998550	1.230617	0.998548	1.192351	0.000403	1.230617	0.998548	1.192546	0.000621	
1350072039.697149	1.000000	64.469543	51.226669	6.120361	1.219448	0.997683	1.135217	0.003569	1.126665	0.002664	1.219447	0.997693	1.219447	0.997690	1.128743	0.002595	1.219448	0.997688	1.126010	0.002465	1350072039.697268	0.999995	64.376253	51.123852	1.657891	1.229743	0.998779	1.156455	0.002568	1.158302	0.002621	1.229743	0.998778	1.229742	0.998778	1.157064	0.002546	1.229743	0.998776	1.153588	0.004129	
1350072040.697149	1.000000	64.462585	51.219498	6.127563	1.224726	0.997659	1.192267	0.000322	1.192337	0.000215	1.224727	0.997648	1.224727	0.997645	1.192100	0.000178	1.224727	0.997643	1.192269	0.000237	1350072040.697275	1.000007	64.376981	51.122663	1.666279	1.230650	0.998792	1.192260	0.000226	1.192745	0.000338	1.230650	0.998789	1.230650	0.998788	1.192636	0.000334	1.230650	0.998787	1.195087	0.000333	
1350072041.697149	1.000000	64.460114	51.217178	6.109070	1.225279	0.997600	1.192250	0.000354	1.192384	0.000211	1.225279	0.997590	1.225279	0.997589	1.192505	0.000221	1.225279	0.997587	1.192373	0.000180	1350072041.697272	0.999997	64.408067	51.154928	1.627706	1.230667	0.998967	1.192258	0.000206	1.192362	0.000369	1.230667	0.998962	1.230667	0.998961	1.191206	0.000214	1.230667	0.998961	1.188921	0.000272	
1350072042.697149	1.000000	64.462234	51.217957	6.109070	1.225503	0.997729	1.192257	0.000318	1.192437	0.000214	1.225503	0.997729	1.225503	0.997727	1.192226	0.000180	1.225503	0.997726	1.192405	0.000199	1350072042.697273	1.000001	64.331710	51.091031	1.673949	1.230653	0.998815	1.192275	0.000236	1.192334	0.000375	1.230653	0.998814	1.230653	0.998812	1.192690	0.000281	1.230653	0.998812	1.195180	0.000328	
1350072043.697149	1.000000	64.463562	51.220139	6.139893	1.226090	0.991880	1.192284	0.000380	1.192317	0.000300	1.226089	0.991875	1.226089	0.991869	1.192364	0.005484	1.226089	0.991864	1.192311	0.000179	1350072043.697283	1.000010	64.407573	51.152442	2.695820	1.230639	0.998771	1.192247	0.000239	1.192168	0.000249	1.230639	0.998770	1.230639	0.998769	1.195457	0.000249	1.230639	0.998768	1.192270	0.000550	
1350072044.697149	1.000000	64.022598	50.790527	6.133698	1.223225	0.987776	1.192298	0.001076	1.192341	0.007209	1.223225	0.987772	1.223225	0.987762	1.192392	0.000864	1.223226	0.987753	1.192331	0.000208	1350072044.697275	0.999992	63.842848	50.584654	3.750824	1.230663	0.998923	1.192558	0.000259	1.192325	0.000314	1.230663	0.998922	1.230662	0.998922	1.189810	0.000271	1.230662	0.998921	1.192351	0.000332	
1350072045.697151	1.000002	715804374.243244	715761943.077471	715782459.355539	0.999989	1.000210	0.999987	1.000217	0.999997	1.000213	0.999989	1.000212	0.999990	1.000216	0.999992	1.000209	0.999989	1.000215	0.999989	1.000212	1350072045.697248	0.999973	715809025.423882	715780662.994402	715793625.420607	0.999989	1.000209	0.999987	1.000214	3.893082	0.256919	0.999990	1.000213	0.999989	1.000215	0.999992	1.000211	0.999989	1.000214	0.999990	1.000214	
1350072046.697178	1.000027	0.000000	0.000000	0.000000	-nan	-nan	-nan	-nan	8.000000	inf	-nan	-nan	-nan	0.000000	-nan	-nan	-nan	-nan	-nan	-nan	1350072046.697254	1.000006	0.000000	0.000000	0.000000	-nan	-nan	-nan	-nan	0.000000	inf	-nan	-nan	-nan	-nan	-nan	-nan	-nan	-nan	-nan	-nan	
