ts_0	elapsed_0	pkg_0	pp0_0	dram_0	freq_ratio_0_0	c0_ratio_0_0	freq_ratio_0_1	c0_ratio_0_1	freq_ratio_0_2	c0_ratio_0_2	freq_ratio_0_3	c0_ratio_0_3	freq_ratio_0_4	c0_ratio_0_4	freq_ratio_0_5	c0_ratio_0_5	freq_ratio_0_6	c0_ratio_0_6	freq_ratio_0_7	c0_ratio_0_7	ts_1	elapsed_1	pkg_1	pp0_1	dram_1	freq_ratio_1_0	c0_ratio_1_0	freq_ratio_1_1	c0_ratio_1_1	freq_ratio_1_2	c0_ratio_1_2	freq_ratio_1_3	c0_ratio_1_3	freq_ratio_1_4	c0_ratio_1_4	freq_ratio_1_5	c0_ratio_1_5	freq_ratio_1_6	c0_ratio_1_6	freq_ratio_1_7	c0_ratio_1_7	
1350068780.259351	1.000256	94.165341	81.014183	6.101343	1.153846	1.000000	1.153846	1.000000	1.153846	1.000000	1.153846	1.000000	1.153846	1.000000	1.153846	1.000000	1.153846	1.000000	1.153846	1.000000	1350068780.259382	1.000245	48.059907	34.863922	2.717138	1.268884	0.997345	1.268884	0.997341	1.230795	0.000992	1.230842	0.001444	1.195881	0.000007	1.191823	0.000007	1.229582	0.000172	1.197783	0.000007	
1350068781.259342	0.999991	94.408692	81.226383	6.127527	1.153478	0.999906	1.153478	0.999906	1.153478	0.999906	1.153478	0.999906	1.153478	0.999906	1.153478	0.999906	1.153478	0.999907	1.153478	0.999906	1350068781.259380	0.999998	48.262970	35.039846	2.730916	1.269033	0.998058	1.269033	0.998055	1.230775	0.000746	1.230859	0.000784	1.234592	0.000067	1.234844	0.000065	1.231939	0.000203	1.233184	0.000108	
1350068782.259341	0.999999	94.372404	81.182405	6.115240	1.151610	0.999450	1.151610	0.999450	1.151610	0.999449	1.151610	0.999448	1.151610	0.999448	1.151610	0.999448	1.151610	0.999448	1.151610	0.999447	1350068782.259370	0.999990	48.305614	35.080002	2.712750	1.269080	0.998550	1.269080	0.998549	1.230736	0.000430	1.230807	0.000700	1.229506	0.000007	1.230669	0.000007	1.230767	0.000156	1.225223	0.000007	
1350068783.259342	1.000001	94.379671	81.186889	6.109049	1.151240	0.999356	1.151240	0.999356	1.151240	0.999357	1.151240	0.999355	1.151240	0.999355	1.151240	0.999355	1.151240	0.999354	1.151240	0.999354	1350068783.259373	1.000003	48.291125	35.064558	2.705451	1.269048	0.998247	1.269048	0.998245	1.230741	0.000536	1.230627	0.000778	1.230672	0.000046	1.230027	0.000059	1.229883	0.000170	1.228844	0.000117	
1350068784.259360	1.000018	87.224774	74.051197	6.108961	1.151127	0.167788	1.153384	0.999885	1.153383	0.999884	1.153383	0.999884	1.153383	0.999884	1.153383	0.999884	1.153383	0.999884	1.153383	0.999884	1350068784.259456	1.000083	53.882172	40.655181	2.706715	1.237164	0.999712	1.237164	0.999712	1.230772	0.832651	1.231168	0.001215	1.316769	0.000006	1.322951	0.000006	1.232984	0.000269	1.257601	0.000028	
1350068785.259348	0.999988	85.857362	72.689328	6.096813	1.153766	0.000720	1.153846	1.000000	1.153846	1.000000	1.153846	1.000000	1.153846	1.000000	1.153847	1.000000	1.153846	1.000000	1.153847	1.000000	1350068785.259433	0.999977	55.333115	42.099017	3.018853	1.230765	0.999957	1.230765	0.999957	1.230765	0.999957	1.230763	0.003492	1.230701	0.000058	1.230558	0.000049	1.230734	0.000176	1.230856	0.000081	
1350068786.259340	0.999992	81.159304	67.982225	6.107822	1.153847	0.003775	1.190018	0.999416	1.190018	0.999415	1.190018	0.999415	1.190018	0.999402	1.153831	0.053741	1.190017	0.999392	1.190018	0.999392	1350068786.259516	1.000083	66.925722	53.694642	2.785108	1.192711	0.998731	1.192711	0.998731	1.192711	0.998729	1.164634	0.003981	1.190669	0.947496	1.154137	0.002208	1.169999	0.003630	1.159312	0.002568	
1350068787.259341	1.000001	78.619218	65.443831	6.121332	1.158146	0.000988	1.191775	0.752447	1.191903	0.995994	1.191904	0.995992	1.191905	0.996001	1.160714	0.002954	1.191905	0.996008	1.191905	0.996005	1350068787.259540	1.000024	65.895645	52.660582	3.304257	1.221033	0.998624	1.221033	0.998623	1.221033	0.998621	1.192304	0.244550	1.221034	0.998629	1.186849	0.000295	1.191455	0.001491	1.192292	0.000128	
1350068788.259340	0.999999	71.778557	58.610194	6.109076	1.188639	0.000803	1.184550	0.000085	1.192303	0.999955	1.192303	0.999955	1.192302	0.999955	1.231375	0.000007	1.192303	0.999955	1.192303	0.999954	1350068788.259540	1.000000	70.785767	57.549194	3.712112	1.192292	0.999815	1.192292	0.999815	1.192292	0.999815	1.192292	0.999815	1.192292	0.999815	1.191279	0.002650	1.191677	0.005324	1.208962	0.000031	
1350068789.259341	1.000001	71.686058	58.524938	6.109064	1.191550	0.000723	1.171592	0.000086	1.192302	0.999931	1.192302	0.999931	1.192302	0.999931	1.191841	0.000110	1.192302	0.999931	1.192302	0.999931	1350068789.259550	1.000010	70.278242	57.038705	2.757449	1.192304	0.999954	1.192304	0.999954	1.192304	0.999954	1.192304	0.999954	1.192304	0.999953	1.191456	0.001032	1.191757	0.003230	1.192109	0.000085	
1350068790.259340	0.999999	71.664924	58.505717	6.102911	1.192466	0.000507	1.197925	0.000098	1.192307	0.999989	1.192307	0.999989	1.192306	0.999988	1.144650	0.000007	1.192305	0.999988	1.192305	0.999989	1350068790.259471	0.999921	70.766708	57.522758	3.824978	1.192300	0.999908	1.192292	0.999908	1.192300	0.999908	1.192300	0.999908	1.192300	0.999908	1.191207	0.001048	1.192175	0.007559	1.199324	0.000006	
1350068791.259341	1.000001	72.167244	59.009892	6.121393	1.192309	0.006188	1.175506	0.000027	1.192301	0.999943	1.192302	0.999943	1.192302	0.999943	1.193609	0.000058	1.192303	0.999943	1.192303	0.999943	1350068791.259538	1.000067	70.283530	57.040490	3.356526	1.192304	0.999954	1.192311	0.999954	1.192304	0.999954	1.192304	0.999953	1.192304	0.999947	1.192312	0.001267	1.192241	0.001486	1.123995	0.000124	
1350068792.259340	0.999999	71.667198	58.514109	6.090582	1.192116	0.000479	1.188490	0.000062	1.192306	0.999976	1.192306	0.999976	1.192306	0.999975	1.190771	0.000007	1.192305	0.999975	1.192306	0.999975	1350068792.259541	1.000003	70.296123	57.051108	2.704505	1.192304	0.999956	1.192304	0.999955	1.192304	0.999956	1.192304	0.999956	1.192304	0.999962	1.191599	0.001155	1.191855	0.002199	2.566592	0.000006	
1350068793.259341	1.000001	71.230843	58.075628	6.109064	1.189781	0.001670	1.176374	0.000043	1.192297	0.999884	1.192297	0.999885	1.192297	0.999888	1.184368	0.000077	1.192297	0.999884	1.192297	0.999884	1350068793.259542	1.000001	68.987514	55.748955	2.827726	1.192304	0.999955	1.192304	0.999954	1.192304	0.999955	1.192304	0.999954	1.192304	0.999954	1.191860	0.001244	1.191291	0.001087	1.191921	0.000056	
1350068794.259340	0.999999	71.598915	58.442973	6.072088	1.192365	0.002668	1.192661	0.000059	1.192304	0.999956	1.192304	0.999955	1.192304	0.999955	1.177036	0.000015	1.192304	0.999955	1.192303	0.999955	1350068794.259542	1.000000	69.865555	56.627151	2.793335	1.192304	0.999952	1.192304	0.999951	1.192304	0.999952	1.192304	0.999951	1.192304	0.999952	1.192095	0.000966	1.192350	0.000629	1.193213	0.000031	
1350068795.259341	1.000001	72.235222	59.095082	6.109064	1.191801	0.004208	1.191713	0.001961	1.192302	0.999932	1.192302	0.999933	1.192302	0.999932	1.192463	0.000046	1.192302	0.999932	1.192302	0.999932	1350068795.259542	1.000000	70.148605	56.910187	3.240280	1.192302	0.999929	1.192302	0.999929	1.192302	0.999929	1.192302	0.999929	1.192302	0.999929	1.191899	0.001108	1.192326	0.000173	1.187351	0.000123	
1350068796.259340	0.999999	72.902306	59.747082	6.115240	1.189536	0.000578	1.191718	0.007046	1.192298	0.999877	1.192297	0.999876	1.192297	0.999877	1.144932	0.000008	1.192295	0.999876	1.192296	0.999876	1350068796.259466	0.999924	70.119194	56.891976	3.645556	1.192306	0.999976	1.192306	0.999976	1.192306	0.999976	1.192306	0.999976	1.192306	0.999976	1.192161	0.001114	1.192360	0.000170	1.196670	0.000006	
1350068797.259341	1.000001	72.375175	59.219136	6.096735	1.191739	0.003021	1.192189	0.002504	1.192284	0.999921	1.192285	0.999921	1.192284	0.999920	1.187885	0.000053	1.192286	0.999915	1.192286	0.999915	1350068797.259537	1.000071	70.254561	57.010644	3.321526	1.192306	0.999975	1.192306	0.999975	1.192306	0.999975	1.192306	0.999975	1.192306	0.999975	1.192436	0.001162	1.191987	0.000184	1.192038	0.000063	
1350068798.259340	0.999999	71.684959	58.528574	6.127569	1.189048	0.000856	1.174629	0.000070	1.192301	0.999930	1.192301	0.999929	1.192301	0.999930	1.145516	0.000008	1.192301	0.999929	1.192301	0.999929	1350068798.259542	1.000005	70.169006	56.934774	2.707079	1.192306	0.999977	1.192306	0.999977	1.192306	0.999977	1.192306	0.999977	1.192306	0.999977	1.192138	0.001137	1.192516	0.000184	1.188477	0.000005	
1350068799.259341	1.000001	71.835381	58.681859	6.096735	1.192271	0.001888	1.204068	0.000034	1.192302	0.999931	1.192302	0.999930	1.192302	0.999930	1.206327	0.000058	1.192302	0.999928	1.192302	0.999928	1350068799.259554	1.000012	70.213091	56.991325	2.992289	1.192302	0.999931	1.192302	0.999931	1.192302	0.999931	1.192302	0.999931	1.192302	0.999931	1.191976	0.002257	1.188886	0.000273	1.187985	0.000124	
1350068800.259341	1.000000	72.393814	59.237473	6.121384	1.192086	0.003585	1.191856	0.002465	1.192296	0.999862	1.192296	0.999861	1.192296	0.999861	1.169635	0.000007	1.192296	0.999861	1.192296	0.999861	1350068800.259537	0.999983	70.195021	56.966922	3.503920	1.192304	0.999953	1.192304	0.999953	1.192304	0.999953	1.192304	0.999953	1.192304	0.999953	1.191379	0.001207	1.190026	0.000175	1.189492	0.000025	
1350068801.259341	1.000000	71.708817	58.557709	6.115234	1.192178	0.002435	1.174005	0.000014	1.192304	0.999955	1.192304	0.999956	1.192304	0.999956	1.195336	0.000042	1.192304	0.999956	1.192304	0.999955	1350068801.259543	1.000006	70.452659	57.217936	3.008847	1.192304	0.999953	1.192304	0.999953	1.192304	0.999953	1.192304	0.999953	1.192304	0.999953	1.192128	0.003166	1.191180	0.000194	1.199849	0.000064	
1350068802.259340	0.999999	71.688163	58.536891	6.115240	1.192314	0.000560	1.188209	0.000047	1.192306	0.999978	1.192306	0.999978	1.192306	0.999978	1.148308	0.000007	1.192305	0.999978	1.192306	0.999978	1350068802.259543	1.000000	70.251587	57.011948	2.774658	1.192304	0.999955	1.192304	0.999955	1.192304	0.999955	1.192304	0.999955	1.192304	0.999955	1.191729	0.001561	1.188292	0.000167	1.218875	0.000006	
1350068803.259341	1.000001	71.734352	58.582082	6.121393	1.189237	0.001054	1.174987	0.000040	1.192301	0.999934	1.192301	0.999934	1.192301	0.999933	1.200170	0.000055	1.192301	0.999931	1.192301	0.999931	1350068803.259543	1.000000	70.418716	57.189743	2.994720	1.192304	0.999955	1.192304	0.999955	1.192304	0.999955	1.192304	0.999955	1.192304	0.999954	1.192089	0.003146	1.190358	0.000176	1.190623	0.000061	
1350068804.259340	0.999999	71.708900	58.553141	6.121405	1.192334	0.000596	1.187731	0.000045	1.192306	0.999978	1.192306	0.999978	1.192306	0.999978	1.157635	0.000007	1.192306	0.999978	1.192306	0.999977	1350068804.259538	0.999995	70.193879	56.957805	2.716048	1.192304	0.999955	1.192304	0.999955	1.192304	0.999955	1.192304	0.999955	1.192304	0.999955	1.191708	0.001233	1.191999	0.000259	1.157796	0.000026	
1350068805.259341	1.000001	71.682350	58.528341	6.090570	1.191741	0.000794	1.189886	0.000037	1.192304	0.999956	1.192304	0.999956	1.192304	0.999956	1.197803	0.000042	1.192304	0.999953	1.192304	0.999953	1350068805.259543	1.000005	70.499403	57.259357	3.000763	1.192302	0.999929	1.192302	0.999929	1.192302	0.999929	1.192302	0.999929	1.192302	0.999929	1.192145	0.003252	1.186360	0.000178	1.192152	0.000055	
1350068806.259341	1.000000	71.669220	58.516342	6.102875	1.192325	0.000625	1.192156	0.001024	1.192306	0.999978	1.192306	0.999978	1.192306	0.999978	1.146290	0.000007	1.192306	0.999978	1.192306	0.999978	1350068806.259544	1.000001	70.694742	57.461478	3.221936	1.192302	0.999930	1.192302	0.999924	1.192302	0.999930	1.192302	0.999930	1.192302	0.999930	1.192077	0.004406	1.183695	0.000164	1.186749	0.000006	
1350068807.259342	1.000001	715788478.995484	715808043.228352	715808664.730628	0.999988	1.000201	0.999985	1.000203	0.999995	1.000200	0.999988	1.000200	0.999988	1.000203	0.999990	1.000198	0.999988	1.000203	0.999988	1.000201	1350068807.259424	0.999880	715862023.653994	715904510.736573	715906112.983928	0.999987	1.000200	0.999985	1.000203	3.893198	0.256908	0.999988	1.000201	0.999988	1.000203	0.999990	1.000198	0.999988	1.000203	0.999988	1.000201	
1350068808.259341	0.999999	0.000000	0.000000	0.000000	-nan	-nan	-nan	-nan	8.000000	inf	-nan	-nan	-nan	0.000000	-nan	-nan	-nan	-nan	-nan	-nan	1350068808.259401	0.999977	0.000000	0.000000	0.000000	-nan	-nan	-nan	-nan	0.000000	inf	-nan	-nan	-nan	-nan	-nan	-nan	-nan	-nan	-nan	-nan	
