ts_0	elapsed_0	pkg_0	pp0_0	dram_0	freq_ratio_0_0	c0_ratio_0_0	freq_ratio_0_1	c0_ratio_0_1	freq_ratio_0_2	c0_ratio_0_2	freq_ratio_0_3	c0_ratio_0_3	freq_ratio_0_4	c0_ratio_0_4	freq_ratio_0_5	c0_ratio_0_5	freq_ratio_0_6	c0_ratio_0_6	freq_ratio_0_7	c0_ratio_0_7	ts_1	elapsed_1	pkg_1	pp0_1	dram_1	freq_ratio_1_0	c0_ratio_1_0	freq_ratio_1_1	c0_ratio_1_1	freq_ratio_1_2	c0_ratio_1_2	freq_ratio_1_3	c0_ratio_1_3	freq_ratio_1_4	c0_ratio_1_4	freq_ratio_1_5	c0_ratio_1_5	freq_ratio_1_6	c0_ratio_1_6	freq_ratio_1_7	c0_ratio_1_7	
1349478500.724539	1.000917	64.583998	50.547507	6.897469	1.185375	0.984658	1.184919	0.979270	1.184877	0.978813	1.182059	0.004992	1.184866	0.978685	1.181732	0.915262	1.205858	0.000034	1.166190	0.000196	1349478500.724695	1.000612	69.408098	55.320589	7.932462	1.150025	0.066160	1.032977	0.978144	1.032987	0.978166	1.032961	0.978027	1.032943	0.978049	1.032917	0.978067	1.032310	0.973086	1.036079	0.991921	
1349478501.724536	0.999997	64.527010	50.334964	7.822183	1.151591	0.998470	1.151591	0.998468	1.151619	0.998416	1.154239	0.000239	1.151592	0.998464	1.151592	0.998460	1.123865	0.000064	1.151703	0.003744	1349478501.724696	1.000001	64.682205	50.350233	9.512610	0.957255	0.002480	0.961411	0.996549	0.961411	0.996433	0.961411	0.996435	0.961411	0.996426	0.961411	0.996445	0.961410	0.996441	0.961410	0.996534	
1349478502.724539	1.000003	64.527739	50.310269	7.809561	1.148579	0.998571	1.148578	0.998569	1.148579	0.998536	1.142983	0.000151	1.148580	0.998603	1.148580	0.998601	1.148954	0.000008	1.148786	0.004400	1349478502.724701	1.000005	64.679867	50.317345	9.956798	0.934934	0.016478	0.956355	0.995808	0.956357	0.995747	0.956358	0.995725	0.956358	0.995737	0.956358	0.995733	0.956358	0.995732	0.956356	0.995801	
1349478503.724536	0.999997	64.531008	50.306003	7.832437	1.149254	0.998674	1.149245	0.998711	1.149287	0.998543	1.155309	0.000225	1.149266	0.998635	1.149267	0.998631	1.154273	0.000083	1.147064	0.002158	1349478503.724697	0.999996	64.684192	50.313314	9.973765	0.955420	0.006053	0.957237	0.995993	0.957224	0.995693	0.957225	0.995702	0.957226	0.995723	0.957226	0.995729	0.957224	0.995680	0.957237	0.995980	
1349478504.724535	0.999999	64.532151	50.303362	7.829964	1.145257	0.997865	1.145257	0.997899	1.145256	0.997823	1.130455	0.000151	1.145254	0.997853	1.145255	0.997856	1.134079	0.000008	1.146442	0.004909	1349478504.724708	1.000011	64.679024	50.305280	9.949140	0.955332	0.006327	0.956560	0.996031	0.956559	0.995921	0.956559	0.995986	0.956559	0.995976	0.956559	0.995975	0.956559	0.995952	0.956560	0.996030	
1349478505.724539	1.000004	64.532102	50.300013	7.790481	1.144241	0.997998	1.144242	0.998032	1.144240	0.997960	1.141676	0.005425	1.144242	0.997993	1.144241	0.997992	1.149846	0.000073	1.143337	0.000279	1349478505.724700	0.999992	64.684820	50.308956	9.964406	0.920842	0.009046	0.956444	0.995986	0.956443	0.995910	0.956443	0.995940	0.956443	0.995890	0.956443	0.995886	0.956443	0.995896	0.956444	0.995973	
1349478506.724536	0.999997	715822355.986878	715817727.397917	715791804.523228	0.999996	1.000170	0.999993	1.000172	0.999996	1.000177	0.999996	1.000170	0.999996	1.000172	0.999999	1.000167	0.999996	1.000172	0.999996	1.000170	1349478506.724641	0.999941	715805543.463704	715841680.121021	715811928.317106	0.999996	1.000170	0.999993	1.000172	3.892615	0.256941	0.999996	1.000170	0.999996	1.000172	0.999999	1.000167	0.999996	1.000172	0.999996	1.000169	
1349478507.724552	1.000016	0.000000	0.000000	0.000000	-nan	-nan	-nan	-nan	1.000008	inf	-nan	-nan	-nan	0.000000	-nan	-nan	-nan	-nan	-nan	-nan	1349478507.724614	0.999973	0.000000	0.000000	0.000000	-nan	-nan	-nan	-nan	1.345745	inf	-nan	-nan	-nan	-nan	-nan	-nan	-nan	-nan	-nan	-nan	
1349478508.724764	1.000212	0.000000	0.000000	0.000000	-nan	-nan	-nan	-nan	0.000000	inf	-nan	-nan	-nan	0.000000	0.000000	inf	-nan	-nan	-nan	-nan	1349478508.724829	1.000215	0.000000	0.000000	0.000000	-nan	-nan	-nan	-nan	inf	-nan	-nan	-nan	-nan	-nan	-nan	-nan	-nan	-nan	-nan	-nan	
