ts_0	elapsed_0	pkg_0	pp0_0	dram_0	freq_ratio_0_0	c0_ratio_0_0	freq_ratio_0_1	c0_ratio_0_1	freq_ratio_0_2	c0_ratio_0_2	freq_ratio_0_3	c0_ratio_0_3	freq_ratio_0_4	c0_ratio_0_4	freq_ratio_0_5	c0_ratio_0_5	freq_ratio_0_6	c0_ratio_0_6	freq_ratio_0_7	c0_ratio_0_7	ts_1	elapsed_1	pkg_1	pp0_1	dram_1	freq_ratio_1_0	c0_ratio_1_0	freq_ratio_1_1	c0_ratio_1_1	freq_ratio_1_2	c0_ratio_1_2	freq_ratio_1_3	c0_ratio_1_3	freq_ratio_1_4	c0_ratio_1_4	freq_ratio_1_5	c0_ratio_1_5	freq_ratio_1_6	c0_ratio_1_6	freq_ratio_1_7	c0_ratio_1_7	
1349477698.407884	1.000733	76.599622	62.602526	6.741733	1.154672	0.941917	1.153801	0.935336	1.153791	0.935263	1.153822	0.934583	1.153786	0.934644	1.153781	0.934554	1.153809	0.934321	1.155207	0.000620	1349477698.407993	1.000604	65.311418	51.469070	5.591152	1.192378	0.935767	1.192312	0.935332	1.192309	0.934636	1.217802	0.000090	1.192319	0.934999	0.657751	0.000059	1.249528	0.000032	1.196688	0.992490	
1349477699.407873	0.999989	80.496107	66.214059	7.683922	1.153822	0.985340	1.153752	0.985493	1.153755	0.985549	1.153773	0.985375	1.153776	0.985371	1.153777	0.985365	1.153819	0.985294	1.155171	0.000879	1349477699.407983	0.999990	67.888116	53.819234	6.748893	1.192314	0.985632	1.192313	0.985581	1.192304	0.985297	1.186097	0.000081	1.192317	0.985689	1.186013	0.000077	1.184688	0.000063	1.193404	0.999843	
1349477700.407883	1.000010	76.133515	61.580469	8.069713	1.153754	0.879972	1.153755	0.879992	1.153631	0.880499	1.153817	0.879893	1.153817	0.879897	1.153798	0.879924	1.153819	0.879888	1.111972	0.001779	1349477700.407997	1.000014	66.605066	52.310070	6.883723	1.192311	0.880012	1.192307	0.879967	1.192303	0.879862	1.191920	0.000078	1.192307	0.879966	1.240873	0.000050	1.245610	0.000049	1.201527	0.999880	
1349477701.407875	0.999992	85.173969	70.336553	9.222838	1.153842	0.999698	1.153835	0.999768	1.153825	0.999784	1.153846	0.999606	1.153846	0.999603	1.153846	0.999601	1.153846	0.999600	1.153875	0.003090	1349477701.407990	0.999993	71.206654	56.677501	7.698753	1.192310	0.999769	1.192309	0.999754	1.192306	0.999628	1.193019	0.000072	1.192307	0.999677	1.192164	0.000064	1.192319	0.000083	1.192320	0.999921	
1349477702.407875	1.000000	85.321960	70.485596	9.239395	1.153852	0.999950	1.153852	0.999949	1.153852	0.999957	1.153852	0.999949	1.153847	0.999790	1.153847	0.999787	1.153846	0.999785	1.153955	0.003217	1349477702.407982	0.999992	71.276640	56.739428	7.670182	1.192308	0.999955	1.192306	0.999867	1.192308	0.999948	1.191470	0.000048	1.192308	0.999955	1.200331	0.000006	1.191956	0.000081	1.192308	0.999955	
1349477703.407882	1.000007	85.539646	70.675369	9.175519	1.153848	0.999804	1.153819	0.999855	1.153820	0.999860	1.153821	0.999844	1.153820	0.999769	1.153821	0.999784	1.153847	0.999767	1.153631	0.002760	1349477703.408000	1.000018	71.722701	57.179413	7.702087	1.192296	0.999859	1.192296	0.999852	1.192290	0.999647	1.192058	0.044097	1.192296	0.999866	1.164145	0.000461	1.182565	0.000113	1.192296	0.999866	
1349477704.407875	0.999993	85.555783	70.688859	9.182894	1.153817	0.997657	1.153864	0.997718	1.153862	0.997709	1.153846	0.997516	1.153846	0.997512	1.153846	0.997509	1.153849	0.997558	1.153587	0.002546	1349477704.407972	0.999972	71.324942	56.779965	7.636306	1.192310	0.997676	1.192309	0.997658	1.192306	0.997558	1.201648	0.000019	1.192313	0.997733	1.195350	0.000254	1.191550	0.000006	1.192475	0.999892	
1349477705.407875	1.000000	85.829391	70.954529	9.173203	1.153820	0.999035	1.153757	0.999132	1.153757	0.999133	1.153799	0.999072	1.153801	0.999070	1.153782	0.999096	1.153831	0.999016	1.154037	0.004975	1349477705.407985	1.000013	71.456125	56.906145	7.652243	1.192312	0.999210	1.192311	0.999196	1.192306	0.999015	1.192846	0.000101	1.192311	0.999201	1.192075	0.000065	1.192405	0.000080	1.192365	0.999922	
1349477706.407875	1.000000	85.852249	70.984619	9.228821	1.153848	0.999954	1.153848	0.999978	1.153848	0.999978	1.153847	0.999962	1.153845	0.999890	1.153847	0.999978	1.153846	0.999897	1.153802	0.002342	1349477706.407988	1.000003	71.432182	56.891761	7.675727	1.192308	0.999955	1.192306	0.999882	1.192306	0.999881	1.185960	0.000019	1.192308	0.999956	1.189521	0.000006	1.189636	0.000006	1.192308	0.999956	
1349477707.407878	1.000003	85.932503	71.071115	9.264299	1.153848	0.999971	1.153848	0.999970	1.153848	0.999977	1.153849	0.999970	1.153847	0.999894	1.153847	0.999898	1.153848	0.999970	1.153716	0.002162	1349477707.407990	1.000002	71.577668	57.022581	7.681046	1.192306	0.999978	1.192306	0.999978	1.192306	0.999970	1.191662	0.000085	1.192306	0.999978	1.192248	0.000065	1.192406	0.000132	1.192306	0.999977	
1349477708.407876	0.999998	85.938808	71.090086	9.228823	1.153850	0.999768	1.153858	0.999926	1.153858	0.999933	1.153846	0.999683	1.153846	0.999679	1.153854	0.999828	1.153853	0.999802	1.153804	0.002292	1349477708.407982	0.999992	71.592743	57.038167	7.686754	1.192308	0.999948	1.192306	0.999865	1.192306	0.999851	1.186944	0.000020	1.192308	0.999941	1.197549	0.000006	1.191809	0.000006	1.192308	0.999956	
1349477709.407880	1.000004	85.878772	71.036013	9.178521	1.153837	0.998466	1.153852	0.998465	1.153853	0.998463	1.153846	0.998352	1.153846	0.998354	1.153846	0.998353	1.153847	0.998377	1.154066	0.002506	1349477709.407992	1.000010	71.563981	57.010583	7.655716	1.192310	0.998418	1.192310	0.998416	1.192306	0.998245	1.195780	0.000079	1.192310	0.998414	1.191447	0.000074	1.192542	0.000074	1.192419	0.999890	
1349477710.407871	0.999991	715779887.524814	715772008.218718	715791906.530983	0.999992	1.000148	0.999990	1.000154	1.000000	1.000148	0.999993	1.000150	0.999993	1.000153	0.999995	1.000147	0.999993	1.000154	0.999993	1.000150	1349477710.407973	0.999981	715780297.803013	715834100.866426	715832210.418885	0.999993	1.000150	0.999990	1.000153	3.892833	0.256921	0.999993	1.000150	0.999993	1.000154	0.999995	1.000148	0.999993	1.000153	0.999993	1.000152	
1349477711.407922	1.000051	0.000000	0.000000	0.000000	-nan	-nan	-nan	-nan	0.000000	inf	-nan	-nan	-nan	0.000000	-nan	-nan	-nan	-nan	-nan	-nan	1349477711.407984	1.000011	0.000000	0.000000	0.000000	-nan	-nan	-nan	-nan	0.000000	inf	-nan	-nan	-nan	-nan	-nan	-nan	-nan	-nan	-nan	-nan	
1349477712.408029	1.000107	0.000000	0.000000	0.000000	-nan	-nan	-nan	-nan	0.000000	inf	-nan	-nan	-nan	0.000000	0.000000	inf	-nan	-nan	-nan	-nan	1349477712.408095	1.000111	0.000000	0.000000	0.000000	-nan	-nan	-nan	-nan	inf	-nan	-nan	-nan	-nan	-nan	-nan	-nan	-nan	-nan	-nan	-nan	
