ts_0	elapsed_0	pkg_0	pp0_0	dram_0	freq_ratio_0_0	c0_ratio_0_0	freq_ratio_0_1	c0_ratio_0_1	freq_ratio_0_2	c0_ratio_0_2	freq_ratio_0_3	c0_ratio_0_3	freq_ratio_0_4	c0_ratio_0_4	freq_ratio_0_5	c0_ratio_0_5	freq_ratio_0_6	c0_ratio_0_6	freq_ratio_0_7	c0_ratio_0_7	ts_1	elapsed_1	pkg_1	pp0_1	dram_1	freq_ratio_1_0	c0_ratio_1_0	freq_ratio_1_1	c0_ratio_1_1	freq_ratio_1_2	c0_ratio_1_2	freq_ratio_1_3	c0_ratio_1_3	freq_ratio_1_4	c0_ratio_1_4	freq_ratio_1_5	c0_ratio_1_5	freq_ratio_1_6	c0_ratio_1_6	freq_ratio_1_7	c0_ratio_1_7	
1350062199.401922	1.000391	35.632857	22.551104	6.143655	1.000000	1.000000	0.999843	0.004331	1.010408	0.000050	1.004845	0.000107	1.000000	1.000000	0.999610	0.000343	1.005632	0.000089	1.006475	0.000082	1350062199.402109	1.000407	35.305852	22.135080	2.908088	1.000000	1.000000	0.999971	0.000404	1.000317	0.000145	1.000630	0.000139	0.999830	0.000393	0.997705	0.000118	0.997966	0.000094	1.000000	1.000000	
1350062200.401912	0.999990	35.658423	22.568433	6.127625	1.000000	1.000000	1.000004	0.006188	1.000520	0.000059	0.999786	0.000032	1.000000	1.000000	0.999976	0.000211	1.002761	0.000011	1.000176	0.000035	1350062200.402097	0.999988	35.344827	22.161855	3.200478	1.000000	1.000000	1.000151	0.000364	1.000031	0.000049	1.013946	0.000008	1.000767	0.000253	1.036542	0.000008	1.009748	0.000021	1.000000	1.000000	
1350062201.401912	1.000000	35.518250	22.427856	6.108963	1.000000	1.000000	1.000005	0.003285	0.998518	0.000021	1.000236	0.000088	1.000000	1.000000	0.999979	0.000263	0.999798	0.000071	0.999912	0.000065	1350062201.402107	1.000010	35.359524	22.174857	2.145746	1.000000	1.000000	1.000006	0.000623	1.000105	0.000073	0.999639	0.000085	0.999609	0.000337	0.997479	0.000085	0.996720	0.000066	1.000000	1.000000	
1350062202.401911	0.999999	35.476230	22.386038	6.109060	1.000000	1.000000	0.999816	0.000726	1.000240	0.000149	0.999974	0.000073	1.000000	1.000000	0.999973	0.000232	1.000100	0.000023	1.000074	0.000052	1350062202.402101	0.999994	35.363370	22.177363	1.816570	1.000000	1.000000	0.999917	0.000401	0.994017	0.000026	0.987005	0.000013	1.000411	0.000239	1.020929	0.000013	1.018682	0.000013	1.000000	1.000000	
1350062203.401912	1.000001	35.441739	22.359918	6.121393	1.000000	1.000000	0.999866	0.000356	0.998466	0.000022	0.999797	0.000091	1.000000	1.000000	0.999975	0.000260	0.999891	0.000177	0.999830	0.000061	1350062203.402107	1.000006	35.344104	22.155889	1.826756	1.000000	1.000000	0.999895	0.000381	1.001952	0.000082	1.001928	0.000092	0.999966	0.000345	0.997978	0.000070	0.996801	0.000067	1.000000	1.000000	
1350062204.401911	0.999999	35.467517	22.374045	6.090582	1.000000	1.000000	0.999979	0.000307	1.000086	0.000049	1.000160	0.000034	1.000000	1.000000	0.999949	0.000214	1.002402	0.000012	0.999432	0.000037	1350062204.402099	0.999992	35.307812	22.133083	1.760894	1.000000	1.000000	1.000075	0.000369	0.998582	0.000013	0.999285	0.000012	0.999560	0.000225	1.010766	0.000013	1.012528	0.000013	1.000000	1.000000	
1350062205.401912	1.000001	35.456845	22.365961	6.121393	1.000000	1.000000	0.999997	0.000257	0.999610	0.000021	1.000150	0.000077	1.000000	1.000000	0.999986	0.000248	0.999645	0.000055	1.000290	0.000072	1350062205.402099	1.000000	35.357208	22.168213	1.825150	1.000000	1.000000	1.000066	0.000338	0.999980	0.000077	0.999988	0.000166	1.000467	0.000330	0.999566	0.000069	0.999921	0.000058	1.000000	1.000000	
1350062206.401911	0.999999	35.463703	22.371634	6.121405	1.000000	1.000000	0.999957	0.000362	0.999825	0.000048	0.998828	0.000034	1.000000	1.000000	0.999864	0.000233	0.995954	0.000011	1.000574	0.000037	1350062206.402097	0.999998	35.356116	22.166821	1.739780	1.000000	1.000000	0.999865	0.000343	0.999900	0.000019	1.000600	0.000019	0.999825	0.000244	1.001073	0.000019	1.000020	0.000020	1.000000	1.000000	
1350062207.401912	1.000001	35.483120	22.392725	6.115229	1.000000	1.000000	0.999981	0.000681	0.999749	0.000020	1.000236	0.000077	1.000000	1.000000	1.000092	0.000234	1.000146	0.000155	0.999599	0.000060	1350062207.402100	1.000003	35.337583	22.147942	1.768076	1.000000	1.000000	0.999947	0.000381	0.949886	0.000111	0.999821	0.000133	1.000093	0.000269	0.999694	0.000066	0.996598	0.000060	1.000000	1.000000	
1350062208.401911	0.999999	35.459857	22.368674	6.115240	1.000000	1.000000	1.000156	0.000373	1.000354	0.000065	0.999818	0.000034	1.000000	1.000000	1.000054	0.000241	1.002214	0.000012	1.000227	0.000037	1350062208.402087	0.999987	35.335119	22.144318	1.753288	1.000000	1.000000	0.999929	0.000393	1.443436	0.000013	1.001074	0.000013	0.999873	0.000237	1.001675	0.000012	1.017436	0.000013	1.000000	1.000000	
1350062209.401912	1.000001	35.442837	22.352045	6.102899	1.000000	1.000000	0.999929	0.000275	0.999595	0.000020	1.000289	0.000073	1.000000	1.000000	1.000513	0.000249	0.989637	0.000050	1.000264	0.000063	1350062209.402103	1.000016	35.339462	22.149655	1.800630	1.000000	1.000000	0.999991	0.000362	1.000137	0.000067	0.999944	0.000158	0.999999	0.000375	0.999503	0.000061	0.998027	0.000058	1.000000	1.000000	
1350062210.401912	1.000000	35.994217	22.903091	6.113800	1.000000	1.000000	1.000035	0.003671	0.999744	0.002766	1.000142	0.002826	1.000000	1.000000	0.999993	0.002791	0.999997	0.002620	0.999839	0.003430	1350062210.402054	0.999951	35.975964	22.782644	1.748591	1.000000	1.000000	1.000019	0.003170	0.999795	0.002710	1.000003	0.002557	0.999959	0.002864	0.999760	0.002618	0.999990	0.002319	1.000000	1.000000	
1350062211.401912	1.000000	35.506531	22.418930	6.121399	1.000000	1.000000	0.999936	0.002911	1.015751	0.000044	0.994906	0.000084	1.000000	1.000000	0.999415	0.000251	1.007449	0.000070	1.006733	0.000077	1350062211.402102	1.000048	35.272541	22.081705	2.150440	1.000000	1.000000	0.999964	0.000413	1.006293	0.000085	0.998982	0.000097	0.999646	0.000307	1.006431	0.000071	0.999843	0.000069	1.000000	1.000000	
1350062212.401912	1.000000	35.486938	22.396606	6.109070	1.000000	1.000000	1.000116	0.001354	1.000151	0.000049	1.000135	0.000034	1.000000	1.000000	0.999955	0.000214	0.999930	0.000011	1.000369	0.000039	1350062212.402106	1.000004	35.317377	22.126055	2.012626	1.000000	1.000000	0.999980	0.000632	1.000059	0.000019	1.011296	0.000008	1.000850	0.000232	1.019510	0.000008	1.023631	0.000008	1.000000	1.000000	
1350062213.401912	1.000000	35.576767	22.499695	6.102905	1.000000	1.000000	0.999958	0.004120	0.999244	0.000020	0.999919	0.000076	1.000000	1.000000	1.000014	0.000253	0.999572	0.000051	0.999871	0.000072	1350062213.402095	0.999989	35.275594	22.097593	2.770157	1.000000	1.000000	0.999907	0.000425	0.999899	0.000069	0.998091	0.000073	1.000002	0.000352	0.998914	0.000084	0.996199	0.000072	1.000000	1.000000	
1350062214.401911	0.999999	35.458927	22.371420	6.109076	1.000000	1.000000	1.000042	0.000352	1.000289	0.000064	0.999417	0.000032	1.000000	1.000000	0.999977	0.000220	1.003775	0.000011	1.000764	0.000035	1350062214.402100	1.000005	35.406576	22.214015	2.625216	1.000000	1.000000	0.999974	0.005399	1.000603	0.000019	1.007436	0.000019	1.000026	0.000223	1.006675	0.000019	1.014413	0.000019	1.000000	1.000000	
1350062215.401912	1.000001	35.371258	22.283838	6.102884	1.000000	1.000000	0.999939	0.000373	0.999179	0.000029	1.000233	0.000086	1.000000	1.000000	0.999971	0.004060	0.999426	0.000064	0.999659	0.000069	1350062215.402100	1.000000	35.090195	21.897049	3.327927	1.000000	1.000000	0.999983	0.001929	0.999686	0.000075	0.999936	0.000085	0.999940	0.000300	0.999980	0.000058	0.999748	0.000066	1.000000	1.000000	
1350062216.401911	0.999999	35.675892	22.588416	6.102911	1.000000	1.000000	1.000011	0.000472	1.000052	0.000044	0.998932	0.000031	1.000000	1.000000	0.999978	0.005883	0.995943	0.000011	0.999785	0.000038	1350062216.402095	0.999995	35.257302	22.063221	3.807865	1.000000	1.000000	0.999991	0.000396	1.001392	0.000012	1.001028	0.000012	1.000045	0.000246	1.000124	0.000012	1.001002	0.000013	1.000000	1.000000	
1350062217.401912	1.000001	35.626675	22.538782	6.109064	1.000000	1.000000	0.999997	0.005712	0.999278	0.000021	1.000222	0.000073	1.000000	1.000000	0.999966	0.000248	1.001044	0.000047	0.999972	0.000069	1350062217.402100	1.000005	35.290168	22.097469	2.947861	1.000000	1.000000	0.999977	0.000423	0.999446	0.000073	0.996816	0.000055	0.999361	0.000290	0.995617	0.000052	0.996742	0.000064	1.000000	1.000000	
1350062218.401911	0.999999	35.671222	22.584204	6.127569	1.000000	1.000000	0.999998	0.005815	1.000256	0.000044	1.000195	0.000032	1.000000	1.000000	0.999977	0.000213	0.998624	0.000012	0.999925	0.000036	1350062218.402144	1.000044	35.319945	22.129929	3.603402	1.000000	1.000000	0.999940	0.000402	1.002864	0.000013	1.012811	0.000013	1.000705	0.000260	1.017645	0.000013	1.016329	0.000013	1.000000	1.000000	
1350062219.401912	1.000001	35.599804	22.513559	6.090570	1.000000	1.000000	0.999996	0.005068	1.000448	0.000020	1.000026	0.000074	1.000000	1.000000	1.000026	0.000248	1.000508	0.000049	1.000443	0.000058	1350062219.402103	0.999959	35.331283	22.139702	2.897732	1.000000	1.000000	1.000020	0.000413	0.999875	0.000074	1.000028	0.000056	0.999988	0.000287	0.999501	0.000056	0.999731	0.000059	1.000000	1.000000	
1350062220.401911	0.999999	35.612003	22.523825	6.109076	1.000000	1.000000	1.000002	0.004143	0.999732	0.000071	1.000191	0.000032	1.000000	1.000000	0.999782	0.000214	0.999549	0.000011	0.999655	0.000037	1350062220.402096	0.999993	35.301941	22.109101	2.768314	1.000000	1.000000	0.999871	0.001437	1.000309	0.000012	0.999751	0.000012	1.000017	0.000249	1.002107	0.000012	0.999456	0.000013	1.000000	1.000000	
1350062221.401912	1.000001	35.468792	22.378748	6.115229	1.000000	1.000000	1.000076	0.002190	0.999542	0.000020	0.999835	0.000070	1.000000	1.000000	1.000596	0.000255	0.987999	0.000045	0.999736	0.000067	1350062221.402098	1.000002	35.414331	22.234424	2.616572	1.000000	1.000000	0.999987	0.007027	0.999941	0.000072	0.999899	0.000065	1.000203	0.000275	0.997660	0.000065	0.995406	0.000056	1.000000	1.000000	
1350062222.401911	0.999999	35.491794	22.402014	6.121405	1.000000	1.000000	0.999974	0.000850	0.988597	0.000047	0.984604	0.000035	1.000000	1.000000	1.000077	0.000231	1.000790	0.000012	0.986058	0.000037	1350062222.402090	0.999992	35.314800	22.122555	2.029619	1.000000	1.000000	0.999967	0.001176	1.000198	0.000019	0.999327	0.000019	0.999851	0.000305	1.003242	0.000020	1.011814	0.000020	1.000000	1.000000	
1350062223.401912	1.000001	35.476269	22.387567	6.127558	1.000000	1.000000	0.999451	0.000354	1.009450	0.000058	1.005871	0.000091	1.000000	1.000000	0.999429	0.000260	1.008441	0.000064	1.006698	0.000080	1350062223.402098	1.000008	35.327625	22.136234	2.111708	1.000000	1.000000	1.000035	0.000523	1.000000	0.000117	1.000050	0.000115	0.999955	0.000351	1.000874	0.000100	0.998413	0.000081	1.000000	1.000000	
1350062224.401911	0.999999	35.433536	22.358359	6.109076	1.000000	1.000000	1.000084	0.000307	1.000173	0.000040	0.999684	0.000059	1.000000	1.000000	0.999840	0.000232	0.999617	0.000011	0.999927	0.000037	1350062224.402091	0.999993	35.297058	22.104538	1.889478	1.000000	1.000000	0.999819	0.000476	0.999099	0.000012	1.000952	0.000008	0.999992	0.000246	0.996739	0.000063	1.001922	0.000057	1.000000	1.000000	
1350062225.401912	1.000001	35.452633	22.366144	6.127558	1.000000	1.000000	0.999931	0.000290	0.999804	0.000022	1.000236	0.000087	1.000000	1.000000	1.000075	0.000262	1.000009	0.000044	1.000029	0.000067	1350062225.402093	1.000002	35.266702	22.073719	1.924755	1.000000	1.000000	0.999986	0.000509	0.999874	0.000074	0.999906	0.000110	0.999992	0.000300	0.992241	0.000058	1.000014	0.000057	1.000000	1.000000	
1350062226.401911	0.999999	35.456897	22.371008	6.102911	1.000000	1.000000	1.000001	0.001068	1.000015	0.000051	0.999138	0.000034	1.000000	1.000000	1.000066	0.000232	0.998579	0.000011	1.000104	0.000037	1350062226.402104	1.000011	35.295557	22.103426	1.885813	1.000000	1.000000	1.000041	0.000440	0.999420	0.000013	0.999014	0.000008	1.000020	0.000307	0.998018	0.000014	0.997772	0.000013	1.000000	1.000000	
1350062227.401912	1.000001	35.466519	22.379251	6.127497	1.000000	1.000000	1.000129	0.000867	0.999700	0.000021	1.000208	0.000076	1.000000	1.000000	0.999909	0.000245	1.000387	0.000049	0.999919	0.000062	1350062227.402100	0.999996	35.263250	22.069746	1.917366	1.000000	1.000000	1.001347	0.000509	0.999959	0.000076	1.000046	0.000075	0.999589	0.000308	1.002037	0.000289	1.000630	0.000060	1.000000	1.000000	
1350062228.401911	0.999999	35.450321	22.365134	6.115240	1.000000	1.000000	0.999697	0.000340	1.000292	0.000045	0.999630	0.000034	1.000000	1.000000	1.000065	0.000212	1.000417	0.000012	1.000118	0.000036	1350062228.402105	1.000005	35.286765	22.095013	1.832297	1.000000	1.000000	0.999875	0.000501	1.001673	0.000012	0.997221	0.000012	1.000556	0.000234	1.007295	0.000012	0.997465	0.000013	1.000000	1.000000	
1350062229.401912	1.000001	35.439694	22.355783	6.127558	1.000000	1.000000	0.999966	0.000272	0.998649	0.000020	1.000052	0.000074	1.000000	1.000000	0.999916	0.000256	0.999202	0.000046	0.999777	0.000066	1350062229.402096	0.999991	35.282043	22.103914	1.829072	1.000000	1.000000	0.998556	0.000416	0.998199	0.000075	0.997536	0.000070	0.999340	0.000341	0.996744	0.000064	0.995826	0.000045	1.000000	1.000000	
1350062230.401911	0.999999	35.431568	22.346167	6.109076	1.000000	1.000000	1.000012	0.000317	0.999898	0.000045	0.999332	0.000034	1.000000	1.000000	0.999830	0.000211	1.000837	0.000011	1.000136	0.000037	1350062230.402097	1.000001	35.269101	22.076227	1.795637	1.000000	1.000000	1.000090	0.000433	0.997470	0.000013	1.017517	0.000013	1.000900	0.000229	1.015333	0.000013	1.014146	0.000013	1.000000	1.000000	
1350062231.401912	1.000001	35.222287	22.134287	6.127558	1.000000	1.000000	0.999983	0.002190	1.000054	0.000022	1.000254	0.000076	1.000000	1.000000	1.000104	0.000249	0.999832	0.000048	0.999806	0.000061	1350062231.402106	1.000009	35.012744	21.819337	1.918485	1.000000	1.000000	0.999954	0.000470	1.002048	0.000076	0.999571	0.000077	1.000146	0.000292	0.995477	0.000058	0.997540	0.000060	1.000000	1.000000	
1350062232.401913	1.000001	715780403.796368	715779286.464380	715781258.972020	0.999988	1.000201	0.999985	1.000202	0.999995	1.000199	0.999988	1.000200	0.999988	1.000202	0.999990	1.000198	0.999988	1.000202	0.999988	1.000200	1350062232.402013	0.999907	715877263.695215	715833051.380033	715838834.889787	0.999987	1.000199	0.999985	1.000202	3.893192	0.256909	0.999988	1.000200	0.999988	1.000202	0.999990	1.000198	0.999988	1.000203	0.999988	1.000201	
1350062233.402031	1.000118	0.000000	0.000000	0.000000	-nan	-nan	-nan	-nan	0.000000	inf	-nan	-nan	-nan	0.000000	-nan	-nan	-nan	-nan	-nan	-nan	1350062233.402107	1.000094	0.000000	0.000000	0.000000	-nan	-nan	-nan	-nan	0.000000	inf	-nan	-nan	-nan	-nan	-nan	-nan	-nan	-nan	-nan	-nan	
