ts_0	elapsed_0	pkg_0	pp0_0	dram_0	freq_ratio_0_0	c0_ratio_0_0	freq_ratio_0_1	c0_ratio_0_1	freq_ratio_0_2	c0_ratio_0_2	freq_ratio_0_3	c0_ratio_0_3	freq_ratio_0_4	c0_ratio_0_4	freq_ratio_0_5	c0_ratio_0_5	freq_ratio_0_6	c0_ratio_0_6	freq_ratio_0_7	c0_ratio_0_7	ts_1	elapsed_1	pkg_1	pp0_1	dram_1	freq_ratio_1_0	c0_ratio_1_0	freq_ratio_1_1	c0_ratio_1_1	freq_ratio_1_2	c0_ratio_1_2	freq_ratio_1_3	c0_ratio_1_3	freq_ratio_1_4	c0_ratio_1_4	freq_ratio_1_5	c0_ratio_1_5	freq_ratio_1_6	c0_ratio_1_6	freq_ratio_1_7	c0_ratio_1_7	
1349418363.294960	1.001085	62.670312	48.761133	0.000000	0.999913	0.957277	0.999756	0.950845	0.999969	0.957721	0.999987	0.949983	0.999986	0.949481	0.999972	0.948710	0.999973	0.949040	0.999974	0.949387	1349418363.295042	1.000285	54.782808	41.068026	0.000000	1.000000	0.951547	0.999999	0.966666	1.000000	0.958417	1.000000	0.946666	0.999396	0.001410	0.999571	0.000192	1.000000	0.950099	0.999899	0.981787	
1349418364.294964	1.000004	65.879967	51.740101	0.000000	1.000000	0.988164	1.000000	0.988146	1.000000	0.988101	1.000000	0.988036	1.000000	0.988021	1.000000	0.988055	1.000000	0.988054	1.000000	0.988052	1349418364.295048	1.000006	56.997997	43.076266	0.000000	1.000000	0.988133	1.000000	0.988110	1.000000	0.988033	1.000000	0.988108	0.999957	0.001058	1.000001	0.002235	1.000000	0.988081	1.000000	1.000000	
1349418365.294960	0.999996	55.763593	41.824831	0.000000	0.999825	0.788443	0.999864	0.788423	0.999915	0.788289	0.999938	0.788263	0.999951	0.788244	0.999953	0.788241	0.999955	0.788238	0.999922	0.788298	1349418365.295041	0.999993	50.974413	37.235609	0.000000	1.000000	0.788464	1.000000	0.788461	1.000000	0.788354	1.000000	0.788458	1.000879	0.000070	0.997727	0.000007	1.000000	0.788205	1.000000	1.000000	
1349418366.294960	1.000000	65.855331	51.723526	0.000000	0.999935	0.986400	0.999952	0.996965	0.999952	0.986310	0.999969	0.986183	0.999981	0.986143	0.999982	0.986179	0.999970	0.986198	0.999970	0.986195	1349418366.295045	1.000004	56.877058	42.963769	0.000000	1.000000	0.986388	1.000000	0.986357	1.000000	0.986220	1.000000	0.986353	1.000374	0.000143	1.000083	0.000333	1.000000	0.996893	1.000000	0.999992	
1349418367.294962	1.000002	67.864220	53.471868	0.000000	0.999961	0.998594	0.999979	0.998602	0.999979	0.998559	0.999980	0.998520	0.999980	0.998517	0.999981	0.998516	0.999981	0.998514	0.999982	0.998512	1349418367.295041	0.999996	58.392143	44.260906	0.000000	1.000000	0.998644	1.000000	0.998628	1.000000	0.998561	1.000000	0.998626	1.010971	0.000062	1.000006	0.001934	1.000000	0.998442	1.000000	1.000000	
1349418368.294958	0.999996	70.561367	55.769147	0.000000	1.000000	0.999981	1.000000	0.999991	1.000000	0.999962	1.000000	0.999925	1.000000	0.999908	1.000000	0.999907	1.000000	0.999924	1.000000	0.999923	1349418368.295038	0.999997	60.761831	46.243033	0.000000	1.000000	0.999959	1.000000	0.999957	1.000000	0.999924	1.000000	0.999956	0.994299	0.000113	0.999990	0.005987	1.000000	0.999874	1.000000	0.999993	
1349418369.294965	1.000007	70.378664	55.449690	0.000000	0.999954	0.999262	0.999978	0.999254	0.999979	0.999211	0.999979	0.999174	0.999988	0.999157	0.999989	0.999147	0.999989	0.999144	0.999980	0.999168	1349418369.295051	1.000013	60.861018	46.337085	0.000000	1.000000	0.999268	1.000000	0.999267	1.000000	0.999188	1.000000	0.999265	1.000464	0.001141	0.999983	0.005946	1.000000	0.999157	1.000000	0.999994	
1349418370.294959	0.999994	70.417915	55.546565	0.000000	1.000000	0.999909	1.000000	0.999945	1.000000	0.999858	1.000000	0.999868	1.000000	0.999865	1.000000	0.999814	1.000000	0.999815	1.000000	0.999850	1349418370.295041	0.999990	60.858291	46.333838	0.000000	1.000000	0.999948	1.000000	0.999946	1.000000	0.999880	1.000000	0.999873	1.000340	0.000177	0.999987	0.005887	1.000000	0.999823	1.000000	0.999990	
1349418371.294955	0.999996	715787393.108449	715822929.318720	715830786.066720	0.999969	1.000011	0.999971	1.000031	0.999980	1.000024	0.999970	1.000016	0.999971	1.000021	0.999974	1.000020	0.999971	1.000021	0.999972	1.000022	1349418371.295057	1.000016	715768781.817101	715788900.335998	715816450.237574	0.999972	1.000025	0.999967	1.000017	3.894210	0.256793	0.999970	1.000014	0.999971	1.000020	0.999974	1.000020	0.999971	1.000022	0.999971	1.000020	
1349418372.295109	1.000154	0.000000	0.000000	0.000000	-nan	-nan	-nan	-nan	0.000000	inf	-nan	-nan	-nan	0.000000	-nan	-nan	-nan	-nan	-nan	-nan	1349418372.295189	1.000132	0.000000	0.000000	0.000000	-nan	-nan	-nan	-nan	0.000000	inf	-nan	-nan	-nan	-nan	-nan	-nan	-nan	-nan	-nan	-nan	
