ts_0	elapsed_0	pkg_0	pp0_0	dram_0	freq_ratio_0_0	c0_ratio_0_0	freq_ratio_0_1	c0_ratio_0_1	freq_ratio_0_2	c0_ratio_0_2	freq_ratio_0_3	c0_ratio_0_3	freq_ratio_0_4	c0_ratio_0_4	freq_ratio_0_5	c0_ratio_0_5	freq_ratio_0_6	c0_ratio_0_6	freq_ratio_0_7	c0_ratio_0_7	ts_1	elapsed_1	pkg_1	pp0_1	dram_1	freq_ratio_1_0	c0_ratio_1_0	freq_ratio_1_1	c0_ratio_1_1	freq_ratio_1_2	c0_ratio_1_2	freq_ratio_1_3	c0_ratio_1_3	freq_ratio_1_4	c0_ratio_1_4	freq_ratio_1_5	c0_ratio_1_5	freq_ratio_1_6	c0_ratio_1_6	freq_ratio_1_7	c0_ratio_1_7	
1350069422.565745	1.000512	47.958407	34.611266	3.791531	1.268751	0.998800	1.230001	0.000835	1.230974	0.000055	1.231620	0.000078	1.268755	0.998812	1.230754	0.000399	1.230815	0.000070	1.230641	0.000056	1350069422.565921	1.000382	46.688390	33.425405	1.992632	1.269120	0.999030	1.229248	0.000376	1.231947	0.000070	1.228879	0.000093	1.269120	0.999029	1.230231	0.000427	1.226838	0.000051	1.227718	0.000057	
1350069423.565735	0.999990	48.093591	34.727887	3.801338	1.269143	0.999203	1.230205	0.000585	1.225008	0.000051	1.212963	0.000016	1.269142	0.999203	1.230645	0.000174	1.227191	0.000009	1.231468	0.000010	1350069423.565921	1.000000	46.828644	33.547791	1.845444	1.269166	0.999377	1.229292	0.000252	1.216206	0.000018	1.229776	0.000045	1.269166	0.999377	1.230790	0.000210	1.230173	0.000011	1.231952	0.000016	
1350069424.565734	0.999999	48.112061	34.742785	3.781742	1.269149	0.999201	1.230849	0.000329	1.230525	0.000010	1.230513	0.000066	1.269149	0.999201	1.230757	0.000238	1.230245	0.000044	1.230692	0.000038	1350069424.565910	0.999989	46.858821	33.574602	1.844274	1.269148	0.999225	1.230778	0.000305	1.230274	0.000056	1.230847	0.000081	1.269148	0.999224	1.231444	0.000260	1.236779	0.000038	1.232540	0.000119	
1350069425.565735	1.000001	48.142074	34.768262	3.793942	1.269118	0.999009	1.231006	0.000708	1.225385	0.000051	1.216138	0.000017	1.269118	0.999007	1.234143	0.000188	1.233019	0.000017	1.230307	0.000010	1350069425.565927	1.000017	46.861878	33.575497	1.915052	1.269152	0.999269	1.229589	0.000289	1.219664	0.000023	1.227350	0.000078	1.269152	0.999268	1.232100	0.000292	1.210453	0.000011	1.210077	0.000011	
1350069426.565734	0.999999	48.103973	34.731280	3.801227	1.269153	0.999226	1.229006	0.000314	1.230707	0.000009	1.230422	0.000044	1.269153	0.999227	1.227692	0.000226	1.229793	0.000039	1.230979	0.000036	1350069426.565911	0.999984	46.874559	33.581637	1.785459	1.269159	0.999322	1.230688	0.000292	1.230879	0.000054	1.230862	0.000084	1.269159	0.999332	1.229018	0.000240	1.235009	0.000044	1.235373	0.000046	
1350069427.565735	1.000001	48.096924	34.725675	3.794003	1.269153	0.999224	1.229691	0.000329	1.224871	0.000047	1.215839	0.000017	1.269153	0.999222	1.230873	0.000173	1.233533	0.000009	1.229861	0.000010	1350069427.565911	1.000000	46.915192	33.620422	1.815857	1.269149	0.999363	1.231685	0.000286	1.212761	0.000018	1.225733	0.000052	1.269163	0.999353	1.230133	0.000210	1.211911	0.000011	1.210818	0.000010	
1350069428.565734	0.999999	48.104553	34.733523	3.805424	1.269134	0.999028	1.230782	0.000318	1.230321	0.000010	1.230553	0.000072	1.269134	0.999028	1.230605	0.000289	1.230714	0.000051	1.231210	0.000038	1350069428.565906	0.999995	46.912085	33.616517	1.813348	1.269164	0.999246	1.228569	0.000274	1.231717	0.000046	1.230652	0.000081	1.269150	0.999246	1.231147	0.000263	1.236640	0.000037	1.232522	0.000121	
1350069429.565734	1.000000	48.149353	34.774216	3.793762	1.269043	0.999054	1.230862	0.002164	1.225455	0.000053	1.213921	0.000018	1.269043	0.999052	1.230863	0.000175	1.232222	0.000009	1.229966	0.000009	1350069429.565911	1.000005	46.872812	33.592422	1.747580	1.269147	0.999349	1.231216	0.000287	1.211522	0.000019	1.224811	0.000052	1.269162	0.999354	1.230768	0.000226	1.228902	0.000011	1.230848	0.000011	
1350069430.565734	1.000000	48.140747	34.769547	3.805389	1.269096	0.999032	1.229770	0.000557	1.232745	0.000010	1.218451	0.000040	1.269096	0.999032	1.231461	0.000226	1.217767	0.000038	1.216492	0.000038	1350069430.565910	0.999999	46.920318	33.626222	1.799928	1.269160	0.999228	1.229292	0.000314	1.231561	0.000052	1.229730	0.000113	1.269146	0.999222	1.230701	0.000332	1.231402	0.000051	1.231035	0.000053	
1350069431.565735	1.000001	48.120438	34.751203	3.801373	1.269142	0.999096	1.228761	0.000336	1.225151	0.000058	1.237005	0.000030	1.269142	0.999097	1.233087	0.000213	1.253987	0.000022	1.255798	0.000022	1350069431.565905	0.999995	46.926993	33.635224	1.821542	1.269163	0.999344	1.229389	0.000263	1.213589	0.000019	1.225511	0.000051	1.269163	0.999354	1.232411	0.000224	1.209415	0.000011	1.210016	0.000011	
1350069432.565734	0.999999	48.160004	34.791690	3.789783	1.269154	0.999224	1.231287	0.000312	1.229648	0.000009	1.230732	0.000044	1.269154	0.999223	1.227402	0.000204	1.230498	0.000037	1.230232	0.000037	1350069432.565912	1.000007	46.953350	33.660641	2.043107	1.269137	0.999127	1.230780	0.000300	1.230191	0.000073	1.231775	0.000104	1.269137	0.999116	1.229340	0.000280	1.234334	0.000063	1.228078	0.000140	
1350069433.565735	1.000001	48.122345	34.754789	3.801541	1.269151	0.999201	1.229820	0.000341	1.225213	0.000050	1.214786	0.000016	1.269151	0.999200	1.230692	0.000174	1.228894	0.000010	1.230959	0.000010	1350069433.565908	0.999996	46.984642	33.684905	1.778144	1.269165	0.999366	1.229387	0.000265	1.215650	0.000018	1.225983	0.000052	1.269165	0.999376	1.230714	0.000207	1.219306	0.000011	1.258959	0.000013	
1350069434.565734	0.999999	47.986572	34.620852	3.801380	1.269141	0.999136	1.230792	0.000353	1.229359	0.000015	1.230676	0.000068	1.269141	0.999136	1.230715	0.000220	1.230673	0.000066	1.230686	0.000042	1350069434.565907	0.999999	46.845778	33.543306	1.827028	1.269153	0.999323	1.230810	0.000282	1.231335	0.000044	1.230283	0.000078	1.269153	0.999313	1.230762	0.000236	1.232964	0.000051	1.234657	0.000052	
1350069435.565735	1.000001	48.127701	34.759946	3.805340	1.269044	0.998535	1.229668	0.000726	1.224326	0.000124	1.228214	0.000501	1.269043	0.998534	1.228989	0.000221	1.200106	0.000045	1.231051	0.000035	1350069435.565901	0.999994	46.956090	33.652361	1.892177	1.269105	0.999009	1.230134	0.000556	1.228619	0.000218	1.228244	0.000091	1.269119	0.999009	1.229984	0.000306	1.209466	0.000011	1.211519	0.000011	
1350069436.565734	0.999999	48.114975	34.750155	3.801472	1.269149	0.999159	1.232761	0.000342	1.232022	0.000006	1.230079	0.000034	1.269150	0.999158	1.230571	0.000219	1.229535	0.000031	1.230973	0.000033	1350069436.565907	1.000006	46.941538	33.642469	1.830205	1.269159	0.999182	1.230683	0.000256	1.233825	0.000062	1.230816	0.000096	1.269146	0.999181	1.231566	0.000254	1.236048	0.000044	1.233081	0.000091	
1350069437.565735	1.000001	48.112244	34.748136	3.782253	1.269148	0.999155	1.227936	0.000348	1.226874	0.000067	1.216900	0.000016	1.269148	0.999154	1.230873	0.000173	1.236704	0.000009	1.230256	0.000010	1350069437.565910	1.000003	46.970893	33.670428	1.740855	1.269163	0.999354	1.231381	0.000281	1.214636	0.000018	1.225387	0.000052	1.269156	0.999353	1.230096	0.000203	1.210326	0.000011	1.210509	0.000011	
1350069438.565734	0.999999	48.105545	34.738223	3.786381	1.269153	0.999204	1.232804	0.000326	1.230132	0.000009	1.230030	0.000042	1.269153	0.999203	1.230761	0.000207	1.230323	0.000035	1.230780	0.000036	1350069438.565905	0.999995	46.963858	33.663789	1.789087	1.269161	0.999355	1.228984	0.000282	1.230700	0.000058	1.230866	0.000078	1.269168	0.999354	1.231229	0.000234	1.235330	0.000044	1.235521	0.000045	
1350069439.565734	1.000000	48.115555	34.749863	3.809219	1.269053	0.999072	1.230249	0.001930	1.224835	0.000046	1.215757	0.000016	1.269053	0.999067	1.230608	0.000189	1.230159	0.000009	1.230733	0.000010	1350069439.565906	1.000001	46.961717	33.661146	1.678175	1.269161	0.999332	1.230963	0.000280	1.213631	0.000018	1.221264	0.000052	1.269161	0.999332	1.230706	0.000240	1.227294	0.000011	1.226878	0.000011	
1350069440.565734	1.000000	48.266022	34.899673	3.792694	1.267578	0.998658	1.171693	0.003446	1.160072	0.002502	1.167258	0.002594	1.267578	0.998649	1.164708	0.002481	1.163009	0.001760	1.160295	0.001974	1350069440.565910	1.000004	47.095039	33.795441	1.969413	1.267602	0.998710	1.173636	0.002771	1.160142	0.002053	1.173583	0.003820	1.267602	0.998709	1.170733	0.002505	1.162135	0.002091	1.158608	0.001968	
1350069441.565734	1.000000	48.142548	34.776566	3.805161	1.269151	0.999198	1.229801	0.000357	1.224031	0.000041	1.209362	0.000013	1.269151	0.999199	1.230707	0.000187	1.227954	0.000010	1.228721	0.000010	1350069441.565943	1.000033	46.957806	33.654639	1.776248	1.269160	0.999429	1.229263	0.000238	1.206534	0.000018	1.363415	0.000049	1.269168	0.999429	1.230718	0.000201	1.216295	0.000011	1.216337	0.000010	
1350069442.565734	1.000000	48.127853	34.760391	3.809143	1.269148	0.999159	1.228579	0.000309	1.231996	0.000010	1.220701	0.000066	1.269149	0.999159	1.231327	0.000214	1.218639	0.000043	1.216029	0.000036	1350069442.565901	0.999958	47.005406	33.698039	1.809448	1.269163	0.999291	1.230790	0.000312	1.230753	0.000052	1.231014	0.000073	1.269155	0.999290	1.230744	0.000249	1.230415	0.000051	1.231330	0.000053	
1350069443.565734	1.000000	48.104126	34.736893	3.797653	1.269142	0.999092	1.231706	0.000352	1.225456	0.000057	1.243709	0.000026	1.269141	0.999094	1.229952	0.000186	1.254587	0.000021	1.256335	0.000021	1350069443.565912	1.000011	46.926884	33.633863	1.803279	1.269166	0.999376	1.229325	0.000259	1.212253	0.000018	1.222548	0.000039	1.269167	0.999375	1.230652	0.000204	1.231228	0.000010	1.229027	0.000010	
1350069444.565735	1.000001	48.065124	34.711499	3.797466	1.269152	0.999202	1.228975	0.000310	1.230640	0.000010	1.215070	0.000042	1.269152	0.999202	1.230727	0.000223	1.230858	0.000037	1.230789	0.000038	1350069444.565905	0.999993	46.968266	33.660694	1.970412	1.269128	0.999184	1.230738	0.000321	1.231086	0.000096	1.230825	0.000121	1.269142	0.999183	1.230717	0.000281	1.229639	0.000085	1.224564	0.000096	
1350069445.565735	1.000000	48.137344	34.758591	3.809387	1.269127	0.999006	1.229676	0.000333	1.225086	0.000045	1.232140	0.000286	1.269127	0.999004	1.230670	0.000175	1.233169	0.000010	1.230565	0.000009	1350069445.565912	1.000007	46.956493	33.649441	1.759174	1.269155	0.999290	1.229657	0.000293	1.213310	0.000018	1.227580	0.000087	1.269154	0.999285	1.230708	0.000273	1.239535	0.000011	1.255802	0.000020	
1350069446.565734	0.999999	48.119415	34.751193	3.797703	1.269152	0.999201	1.230828	0.000312	1.229740	0.000009	1.230442	0.000031	1.269152	0.999201	1.230694	0.000222	1.230170	0.000054	1.230946	0.000037	1350069446.565907	0.999995	46.954550	33.647965	1.803369	1.269170	0.999312	1.230736	0.000310	1.231324	0.000050	1.230821	0.000071	1.269157	0.999311	1.230689	0.000253	1.230866	0.000045	1.232719	0.000046	
1350069447.565735	1.000001	715774072.403083	715775404.699985	715817655.790917	0.999984	1.000176	0.999981	1.000180	0.999992	1.000180	0.999982	1.000171	0.999984	1.000179	0.999986	1.000175	0.999984	1.000182	0.999983	1.000175	1350069447.565822	0.999915	715839387.836873	715836356.124298	715840608.040203	0.999983	1.000175	0.999981	1.000179	3.893429	0.256887	0.999983	1.000176	0.999984	1.000180	0.999986	1.000174	0.999983	1.000177	0.999984	1.000180	
1350069448.565734	0.999999	0.000000	0.000000	0.000000	-nan	-nan	-nan	-nan	0.000000	inf	-nan	-nan	-nan	0.000000	-nan	-nan	-nan	-nan	-nan	-nan	1350069448.565802	0.999980	0.000000	0.000000	0.000000	-nan	-nan	-nan	-nan	0.000000	inf	-nan	-nan	-nan	-nan	-nan	-nan	-nan	-nan	-nan	-nan	
