ts_0	elapsed_0	pkg_0	pp0_0	dram_0	freq_ratio_0_0	c0_ratio_0_0	freq_ratio_0_1	c0_ratio_0_1	freq_ratio_0_2	c0_ratio_0_2	freq_ratio_0_3	c0_ratio_0_3	freq_ratio_0_4	c0_ratio_0_4	freq_ratio_0_5	c0_ratio_0_5	freq_ratio_0_6	c0_ratio_0_6	freq_ratio_0_7	c0_ratio_0_7	ts_1	elapsed_1	pkg_1	pp0_1	dram_1	freq_ratio_1_0	c0_ratio_1_0	freq_ratio_1_1	c0_ratio_1_1	freq_ratio_1_2	c0_ratio_1_2	freq_ratio_1_3	c0_ratio_1_3	freq_ratio_1_4	c0_ratio_1_4	freq_ratio_1_5	c0_ratio_1_5	freq_ratio_1_6	c0_ratio_1_6	freq_ratio_1_7	c0_ratio_1_7	
1350069422.564702	1.000505	48.080030	34.720489	3.779921	1.264552	0.991685	1.230347	0.001819	1.230752	0.004934	1.228438	0.000447	1.264555	0.991690	1.231223	0.000300	1.222682	0.000064	1.218885	0.000044	1350069422.564952	1.000455	47.271556	34.063926	1.606737	1.269123	0.998991	1.228511	0.000390	1.228271	0.000113	1.225292	0.000058	1.269122	0.998990	1.230782	0.000400	1.229989	0.000018	1.230626	0.000093	
1350069423.564699	0.999997	48.559019	35.208147	3.804959	1.266714	0.993246	1.230702	0.004169	1.230286	0.000611	1.270649	0.000017	1.266714	0.993242	1.230026	0.000211	1.254463	0.000022	1.251452	0.000026	1350069423.564871	0.999919	47.317938	34.113575	1.586951	1.269162	0.999355	1.230721	0.000348	1.233448	0.000011	1.225180	0.000037	1.269162	0.999355	1.230614	0.000209	1.219903	0.000037	1.231278	0.000069	
1350069424.564699	1.000000	48.085022	34.743927	3.785858	1.269013	0.998598	1.230602	0.002448	1.226960	0.000069	1.225446	0.000047	1.269013	0.998597	1.230774	0.000236	1.231607	0.000042	1.230639	0.000056	1350069424.564876	1.000005	47.328926	34.124417	1.582374	1.269136	0.999145	1.229876	0.000366	1.227406	0.000081	1.229294	0.000094	1.269136	0.999144	1.230056	0.000307	1.236682	0.000033	1.228674	0.000102	
1350069425.564699	1.000000	48.078018	34.738968	3.793716	1.269157	0.999246	1.232849	0.000334	1.230309	0.000031	1.227836	0.000010	1.269157	0.999246	1.234194	0.000188	1.224035	0.000009	1.229961	0.000010	1350069425.564887	1.000011	47.347991	34.155128	1.587034	1.269159	0.999311	1.232574	0.000274	1.228202	0.000010	1.231634	0.000045	1.269159	0.999311	1.234300	0.000226	1.235236	0.000054	1.232411	0.000096	
1350069426.564699	1.000000	48.099762	34.757782	3.801132	1.269154	0.999266	1.229867	0.000299	1.226578	0.000068	1.214252	0.000056	1.269154	0.999265	1.227730	0.000221	1.231762	0.000045	1.230977	0.000038	1350069426.564877	0.999990	47.435854	34.228675	1.590134	1.266112	0.988311	1.228072	0.000308	1.224866	0.000050	1.225096	0.000049	1.266120	0.988294	1.230650	0.007573	1.225011	0.000017	1.229805	0.000163	
1350069427.564699	1.000000	48.162796	34.826050	3.819870	1.267364	0.989061	1.230728	0.007474	1.231779	0.000028	1.233097	0.000281	1.267364	0.989055	1.230624	0.000173	1.230123	0.000009	1.229053	0.000010	1350069427.564863	0.999986	47.389934	34.185692	1.596244	1.269018	0.998233	1.230647	0.000239	1.230624	0.000036	1.231188	0.000042	1.269010	0.998231	1.230736	0.001016	1.233304	0.000049	1.236991	0.000037	
1350069428.564699	1.000000	48.124100	34.789566	3.824448	1.267958	0.993266	1.230663	0.004561	1.229018	0.000201	1.225703	0.000068	1.267958	0.993262	1.230741	0.000226	1.230395	0.000036	1.231015	0.000039	1350069428.564868	1.000005	47.377525	34.172238	1.582939	1.269147	0.999225	1.229795	0.000383	1.226617	0.000064	1.224841	0.000050	1.269147	0.999223	1.230294	0.000292	1.217447	0.000018	1.228168	0.000090	
1350069429.564699	1.000000	48.060974	34.725342	3.797745	1.268381	0.991269	1.228327	0.000289	1.230767	0.006422	1.235654	0.000005	1.268381	0.991264	1.230776	0.000170	1.230648	0.000009	1.233429	0.000010	1350069429.564870	1.000002	47.364686	34.159618	1.585324	1.269166	0.999376	1.232632	0.000276	1.225943	0.000010	1.230695	0.000036	1.269166	0.999376	1.231256	0.000234	1.235829	0.000043	1.236816	0.000037	
1350069430.564699	1.000000	48.625183	35.289444	3.812744	1.245874	0.994918	1.230651	0.002719	1.230281	0.001870	1.225433	0.000046	1.245873	0.994924	1.230660	0.000227	1.231324	0.000040	1.230242	0.000035	1350069430.564845	0.999975	47.423505	34.217470	1.603632	1.267477	0.993250	1.228994	0.000473	1.224629	0.000044	1.224006	0.000042	1.267478	0.993248	1.230706	0.004259	1.218057	0.000018	1.229253	0.000149	
1350069431.564699	1.000000	48.076477	34.755035	3.797195	1.269156	0.999233	1.230793	0.000338	1.299824	0.000009	1.230645	0.000009	1.269155	0.999222	1.234173	0.000200	1.230704	0.000009	1.231442	0.000010	1350069431.564867	1.000022	47.503490	34.297740	1.592159	1.265009	0.987001	1.230752	0.000262	1.232246	0.000010	1.230863	0.000048	1.265008	0.986993	1.230801	0.008359	1.235995	0.000042	1.234107	0.000036	
1350069432.564699	1.000000	48.184570	34.850952	3.789276	1.267595	0.994028	1.230773	0.003999	1.225696	0.000060	1.229774	0.000287	1.267595	0.994027	1.227549	0.000218	1.230272	0.000036	1.230691	0.000039	1350069432.564874	1.000007	47.435310	34.226890	1.589116	1.267049	0.992355	1.230438	0.001192	1.226849	0.000075	1.226354	0.000061	1.267048	0.992333	1.230572	0.003948	1.230601	0.000017	1.232390	0.000062	
1350069433.564699	1.000000	48.102112	34.768311	3.801514	1.269126	0.999289	1.230793	0.000320	1.229269	0.000010	1.227737	0.000005	1.269126	0.999289	1.230659	0.000173	1.227817	0.000009	1.230678	0.000010	1350069433.564872	0.999998	47.360427	34.149555	1.588687	1.269161	0.999356	1.230714	0.000371	1.229180	0.000010	1.230596	0.000044	1.269161	0.999356	1.230743	0.000183	1.230554	0.000052	1.230808	0.000064	
1350069434.564699	1.000000	48.079895	34.743240	3.797485	1.269045	0.998986	1.230583	0.001962	1.214829	0.000051	1.227132	0.000068	1.269045	0.998985	1.230746	0.000233	1.231485	0.000045	1.231017	0.000043	1350069434.564870	0.999998	47.314498	34.103169	1.588596	1.268611	0.995453	1.230659	0.003075	1.226345	0.000058	1.227100	0.000063	1.268610	0.995450	1.230715	0.000252	1.230768	0.000018	1.230776	0.000086	
1350069435.564699	1.000000	48.100830	34.765549	3.789917	1.269126	0.998975	1.227898	0.000372	1.203238	0.000075	1.187910	0.000059	1.269126	0.998975	1.223080	0.000235	1.189489	0.000064	1.192451	0.000066	1350069435.564872	1.000002	47.390199	34.179592	1.585675	1.268984	0.997675	1.230745	0.001711	1.231743	0.000010	1.230458	0.000069	1.268983	0.997672	1.233654	0.000195	1.220797	0.000044	1.231045	0.000035	
1350069436.564699	1.000000	48.125504	34.787186	3.816803	1.268728	0.995324	1.230493	0.004034	1.225326	0.000050	1.227806	0.000083	1.268728	0.995312	1.227661	0.000215	1.231211	0.000036	1.231559	0.000033	1350069436.564877	1.000005	47.379157	34.170392	1.590919	1.268978	0.997925	1.230336	0.001430	1.222908	0.000088	1.227541	0.000078	1.268978	0.997923	1.228040	0.000311	1.229919	0.000037	1.224273	0.000075	
1350069437.564699	1.000000	48.111908	34.770782	3.809097	1.269075	0.998751	1.231962	0.000591	1.230141	0.000009	1.230707	0.000285	1.269075	0.998750	1.230487	0.000197	1.230229	0.000010	1.229606	0.000010	1350069437.564878	1.000001	47.441437	34.232542	1.582961	1.268742	0.994755	1.230790	0.000285	1.230518	0.000033	1.230999	0.000035	1.268742	0.994751	1.233009	0.000213	1.230404	0.003980	1.236439	0.000049	
1350069438.564699	1.000000	48.124771	34.780548	3.797546	1.269157	0.999284	1.229409	0.000257	1.224686	0.000044	1.226699	0.000077	1.269157	0.999283	1.230914	0.000207	1.230657	0.000038	1.230979	0.000047	1350069438.564871	0.999993	47.390922	34.180473	1.588863	1.269148	0.999245	1.229875	0.000406	1.223111	0.000068	1.224269	0.000050	1.269148	0.999242	1.228362	0.000218	1.436044	0.000006	1.231378	0.000131	
1350069439.564699	1.000000	48.129715	34.783051	3.793976	1.269010	0.997862	1.230751	0.001713	1.229376	0.000010	1.228300	0.000005	1.269010	0.997862	1.230663	0.000179	1.229046	0.000009	1.230898	0.000006	1350069439.564871	1.000000	47.363403	34.154114	1.593323	1.268845	0.996044	1.232913	0.000255	1.250761	0.000010	1.231851	0.000028	1.268844	0.996048	1.230752	0.001678	1.230713	0.001479	1.233094	0.000036	
1350069440.564699	1.000000	48.123489	34.779282	3.797440	1.268485	0.994159	1.230677	0.005077	1.225673	0.000062	1.224173	0.000046	1.268484	0.994154	1.230675	0.000217	1.230542	0.000034	1.230230	0.000037	1350069440.564876	1.000005	47.324699	34.125287	1.590980	1.269124	0.999324	1.227864	0.000293	1.223237	0.000045	1.224163	0.000049	1.269124	0.999311	1.230666	0.000285	1.229126	0.000011	1.231555	0.000055	
1350069441.564699	1.000000	48.097687	34.752930	3.797424	1.268639	0.993769	1.230254	0.005299	1.229314	0.000169	1.209840	0.000020	1.268639	0.993768	1.234316	0.000188	1.231546	0.000010	1.231796	0.000010	1350069441.564899	1.000023	47.355438	34.141766	1.589884	1.269166	0.999376	1.230673	0.000288	1.231836	0.000011	1.229987	0.000029	1.269163	0.999353	1.232914	0.000254	1.230025	0.000050	1.229527	0.000036	
1350069442.564699	1.000000	49.009705	35.667465	3.774170	1.238030	0.997604	1.230501	0.003657	1.230443	0.003171	1.229500	0.000320	1.238029	0.997616	1.224252	0.000198	1.230450	0.000044	1.230652	0.000036	1350069442.564841	0.999942	47.365446	34.151179	1.604875	1.269140	0.999204	1.227728	0.000314	1.226832	0.000084	1.226283	0.000069	1.269143	0.999225	1.228535	0.000295	1.217442	0.000013	1.227939	0.000062	
1350069443.564699	1.000000	48.119858	34.791702	3.809326	1.267784	0.988845	1.230646	0.008154	1.304424	0.000009	1.230774	0.000027	1.267783	0.988829	1.230695	0.000184	1.229374	0.000005	1.231461	0.000010	1350069443.564870	1.000029	47.375590	34.162519	1.594299	1.269145	0.999308	1.231179	0.000305	1.230994	0.000050	1.230507	0.000038	1.269158	0.999308	1.233290	0.000267	1.236587	0.000043	1.232608	0.000071	
1350069444.564699	1.000000	48.990448	35.643967	3.800323	1.237459	0.997850	1.188951	0.005395	1.191630	0.005376	1.158817	0.003255	1.237459	0.997858	1.160199	0.002878	1.155039	0.002599	1.155357	0.002527	1350069444.564847	0.999977	47.469791	34.256552	1.595480	1.268511	0.998773	1.167400	0.002689	1.166936	0.002443	1.158942	0.002155	1.268513	0.998768	1.164797	0.002310	1.158108	0.002221	1.159527	0.002176	
1350069445.564699	1.000000	48.120163	34.783157	3.782303	1.269175	0.999449	1.230411	0.000195	1.297583	0.000009	1.231006	0.000053	1.269174	0.999437	1.230752	0.000174	1.231581	0.000009	1.229698	0.000009	1350069445.564876	1.000029	47.371059	34.158430	1.581009	1.269183	0.999384	1.230838	0.000280	1.233749	0.000011	1.230304	0.000042	1.269169	0.999395	1.230960	0.000179	1.235160	0.000046	1.235826	0.000037	
1350069446.564699	1.000000	48.301208	34.962326	3.797531	1.266418	0.991557	1.229286	0.000181	1.230613	0.005862	1.227166	0.000075	1.266418	0.991551	1.231411	0.000201	1.219011	0.000045	1.219010	0.000044	1350069446.564867	0.999991	47.344988	34.131138	1.589828	1.269139	0.999120	1.229381	0.000280	1.229280	0.000205	1.224174	0.000056	1.269138	0.999108	1.230534	0.000257	1.211942	0.000011	1.227780	0.000068	
1350069447.564700	1.000001	715820127.964493	715782638.952317	715807685.943628	0.999988	1.000205	0.999986	1.000209	0.999996	1.000206	0.999988	1.000205	0.999988	1.000208	0.999991	1.000203	0.999988	1.000208	0.999988	1.000206	1350069447.564786	0.999919	715873820.988617	715830623.330543	715834586.789006	0.999988	1.000205	0.999986	1.000207	3.893145	0.256913	0.999988	1.000205	0.999988	1.000208	0.999991	1.000203	0.999988	1.000208	0.999988	1.000206	
1350069448.564699	0.999999	0.000000	0.000000	0.000000	-nan	-nan	-nan	-nan	0.000000	inf	-nan	-nan	-nan	0.000000	-nan	-nan	-nan	-nan	-nan	-nan	1350069448.564756	0.999970	0.000000	0.000000	0.000000	-nan	-nan	-nan	-nan	0.000000	inf	-nan	-nan	-nan	-nan	-nan	-nan	-nan	-nan	-nan	-nan	
