ts_0	elapsed_0	pkg_0	pp0_0	dram_0	freq_ratio_0_0	c0_ratio_0_0	freq_ratio_0_1	c0_ratio_0_1	freq_ratio_0_2	c0_ratio_0_2	freq_ratio_0_3	c0_ratio_0_3	freq_ratio_0_4	c0_ratio_0_4	freq_ratio_0_5	c0_ratio_0_5	freq_ratio_0_6	c0_ratio_0_6	freq_ratio_0_7	c0_ratio_0_7	ts_1	elapsed_1	pkg_1	pp0_1	dram_1	freq_ratio_1_0	c0_ratio_1_0	freq_ratio_1_1	c0_ratio_1_1	freq_ratio_1_2	c0_ratio_1_2	freq_ratio_1_3	c0_ratio_1_3	freq_ratio_1_4	c0_ratio_1_4	freq_ratio_1_5	c0_ratio_1_5	freq_ratio_1_6	c0_ratio_1_6	freq_ratio_1_7	c0_ratio_1_7	
1350072427.321012	1.000103	84.684851	71.409408	6.114605	1.092565	0.997633	1.092565	0.997631	1.092565	0.997630	1.092565	0.997629	1.092565	0.997628	1.092565	0.997626	1.092564	0.997625	1.092564	0.997624	1350072427.321047	1.000097	84.652903	71.601542	2.757499	1.093368	0.997587	1.093367	0.997584	1.093367	0.997583	1.093366	0.997581	1.093366	0.997581	1.093365	0.997579	1.093365	0.997579	1.093364	0.997577	
1350072428.320995	0.999983	79.540562	66.277413	6.115338	1.051000	0.995873	1.051000	0.995870	1.051000	0.995868	1.051000	0.995865	1.051000	0.995863	1.051000	0.995861	1.051000	0.995859	1.051000	0.995856	1350072428.321026	0.999979	79.543783	66.472052	2.723232	1.048373	0.996170	1.048372	0.996168	1.048373	0.996165	1.048373	0.996163	1.048372	0.996161	1.048372	0.996159	1.048372	0.996156	1.048372	0.996154	
1350072429.321003	1.000008	79.536724	66.270398	6.127514	1.050095	0.995764	1.050095	0.995761	1.050095	0.995759	1.050095	0.995755	1.050095	0.995753	1.050094	0.995750	1.050094	0.995748	1.050094	0.995746	1350072429.321035	1.000009	79.540432	66.492913	2.687537	1.048144	0.996170	1.048144	0.996169	1.048144	0.996166	1.048144	0.996163	1.048144	0.996161	1.048144	0.996158	1.048144	0.996156	1.048144	0.996157	
1350072430.320995	0.999992	79.542667	66.268939	6.096760	1.049651	0.995891	1.049651	0.995888	1.049651	0.995885	1.049651	0.995882	1.049651	0.995881	1.049651	0.995879	1.049651	0.995877	1.049651	0.995874	1350072430.321028	0.999993	79.538163	66.494494	2.719043	1.047982	0.996176	1.047982	0.996173	1.047982	0.996172	1.047982	0.996168	1.047982	0.996165	1.047981	0.996163	1.047982	0.996161	1.047982	0.996159	
1350072431.320996	1.000001	79.535264	66.258604	6.115198	1.048787	0.996054	1.048787	0.996050	1.048787	0.996048	1.048787	0.996045	1.048787	0.996043	1.048787	0.996041	1.048787	0.996039	1.048787	0.996037	1350072431.321028	1.000000	79.458252	66.422974	2.704147	1.050059	0.995981	1.050058	0.995978	1.050059	0.995975	1.050059	0.995974	1.050059	0.995971	1.050059	0.995968	1.050058	0.995967	1.050059	0.995963	
1350072432.320995	0.999999	79.539657	66.259386	6.121390	1.048450	0.996099	1.048450	0.996097	1.048450	0.996093	1.048450	0.996091	1.048450	0.996089	1.048450	0.996088	1.048450	0.996085	1.048450	0.996082	1350072432.321027	0.999999	79.539978	66.487872	2.720950	1.049915	0.995817	1.049916	0.995815	1.049916	0.995813	1.049915	0.995809	1.049915	0.995808	1.049915	0.995804	1.049915	0.995801	1.049915	0.995800	
1350072433.320996	1.000001	79.538437	66.256819	6.121393	1.047650	0.996260	1.047650	0.996260	1.047650	0.996256	1.047650	0.996252	1.047650	0.996252	1.047650	0.996249	1.047650	0.996248	1.047650	0.996246	1350072433.321028	1.000001	79.531785	66.476255	2.701459	1.049697	0.995921	1.049697	0.995917	1.049697	0.995917	1.049697	0.995913	1.049697	0.995912	1.049698	0.995908	1.049698	0.995906	1.049698	0.995902	
1350072434.320995	0.999999	79.545822	66.261477	6.121298	1.047030	0.996233	1.047030	0.996232	1.047030	0.996229	1.047030	0.996226	1.047030	0.996225	1.047030	0.996222	1.047030	0.996220	1.047030	0.996218	1350072434.321027	0.999999	79.538009	66.480273	2.709307	1.049689	0.995872	1.049689	0.995869	1.049689	0.995866	1.049689	0.995865	1.049689	0.995863	1.049689	0.995860	1.049689	0.995856	1.049689	0.995853	
1350072435.320995	1.000000	79.461136	66.187912	6.127563	1.046642	0.996282	1.046642	0.996281	1.046642	0.996279	1.046642	0.996277	1.046642	0.996274	1.046642	0.996273	1.046642	0.996269	1.046642	0.996268	1350072435.321027	1.000000	79.542725	66.482941	2.712326	1.048922	0.996048	1.048921	0.996046	1.048921	0.996044	1.048922	0.996040	1.048921	0.996037	1.048921	0.996035	1.048921	0.996034	1.048921	0.996032	
1350072436.320996	1.000001	79.542176	66.251402	6.115183	1.046317	0.996354	1.046317	0.996351	1.046317	0.996348	1.046317	0.996345	1.046316	0.996342	1.046316	0.996340	1.046317	0.996338	1.046316	0.996337	1350072436.321029	1.000002	79.536881	66.471568	2.711817	1.048695	0.996122	1.048695	0.996120	1.048695	0.996118	1.048695	0.996116	1.048695	0.996114	1.048695	0.996112	1.048695	0.996110	1.048695	0.996108	
1350072437.320996	1.000000	79.538300	66.241821	6.115234	1.045531	0.996330	1.045531	0.996327	1.045531	0.996323	1.045531	0.996322	1.045531	0.996320	1.045531	0.996317	1.045531	0.996317	1.045531	0.996313	1350072437.321026	0.999997	79.539889	66.470680	2.701333	1.048351	0.996146	1.048351	0.996145	1.048351	0.996143	1.048351	0.996141	1.048351	0.996140	1.048351	0.996135	1.048351	0.996133	1.048351	0.996131	
1350072438.320995	0.999999	79.541091	66.243410	6.121405	1.045248	0.996339	1.045248	0.996336	1.045248	0.996331	1.045247	0.996328	1.045247	0.996325	1.045247	0.996323	1.045247	0.996321	1.045247	0.996319	1350072438.321026	1.000000	79.545731	66.475876	2.709412	1.048161	0.996202	1.048161	0.996199	1.048160	0.996196	1.048160	0.996195	1.048160	0.996192	1.048160	0.996191	1.048160	0.996189	1.048160	0.996186	
1350072439.320996	1.000001	79.541092	66.240736	6.089151	1.045322	0.996373	1.045322	0.996368	1.045322	0.996366	1.045322	0.996362	1.045322	0.996360	1.045322	0.996357	1.045322	0.996355	1.045322	0.996355	1350072439.321035	1.000009	79.533673	66.460839	2.713827	1.048171	0.996212	1.048171	0.996210	1.048171	0.996208	1.048171	0.996204	1.048171	0.996202	1.048171	0.996201	1.048171	0.996199	1.048172	0.996196	
1350072440.320995	0.999999	79.548599	66.241396	6.090582	1.044950	0.996329	1.044950	0.996327	1.044950	0.996325	1.044950	0.996322	1.044950	0.996320	1.044949	0.996319	1.044949	0.996316	1.044949	0.996315	1350072440.321026	0.999991	79.546283	66.467781	2.712030	1.047491	0.996293	1.047491	0.996289	1.047491	0.996287	1.047491	0.996285	1.047490	0.996285	1.047490	0.996283	1.047490	0.996280	1.047490	0.996279	
1350072441.320995	1.000000	79.538727	66.231445	6.115219	1.044322	0.996325	1.044322	0.996322	1.044322	0.996320	1.044322	0.996318	1.044322	0.996317	1.044322	0.996316	1.044322	0.996315	1.044322	0.996312	1350072441.321028	1.000002	79.538758	66.458537	2.711924	1.047475	0.996281	1.047475	0.996279	1.047475	0.996276	1.047475	0.996274	1.047474	0.996272	1.047474	0.996271	1.047474	0.996269	1.047474	0.996267	
1350072442.320996	1.000001	79.536972	66.228590	6.121393	1.046727	0.996467	1.046727	0.996464	1.046727	0.996460	1.046727	0.996458	1.046727	0.996456	1.046727	0.996454	1.046727	0.996452	1.046727	0.996449	1350072442.321033	1.000005	79.535582	66.450320	2.711900	1.050596	0.996561	1.050596	0.996559	1.050596	0.996555	1.050597	0.996554	1.050596	0.996553	1.050596	0.996552	1.050596	0.996550	1.050596	0.996547	
1350072443.320996	1.000000	79.542068	66.230972	6.096741	1.043687	0.996284	1.043687	0.996282	1.043687	0.996278	1.043687	0.996277	1.043687	0.996276	1.043687	0.996274	1.043687	0.996271	1.043687	0.996269	1350072443.321028	0.999995	79.543184	66.455945	2.709517	1.047066	0.996356	1.047066	0.996354	1.047066	0.996352	1.047066	0.996349	1.047066	0.996347	1.047066	0.996344	1.047066	0.996342	1.047066	0.996340	
1350072444.320995	0.999999	79.547302	66.236941	6.109076	1.043256	0.996345	1.043256	0.996342	1.043256	0.996340	1.043256	0.996338	1.043256	0.996337	1.043256	0.996334	1.043256	0.996333	1.043256	0.996331	1350072444.321028	1.000000	79.539368	66.449936	2.701202	1.046764	0.996256	1.046764	0.996253	1.046764	0.996250	1.046764	0.996249	1.046764	0.996247	1.046764	0.996244	1.046764	0.996243	1.046764	0.996241	
1350072445.320995	1.000000	79.541443	66.220840	6.102905	1.043105	0.996326	1.043105	0.996323	1.043105	0.996320	1.043105	0.996318	1.043104	0.996318	1.043104	0.996314	1.043105	0.996312	1.043104	0.996312	1350072445.321027	0.999999	79.542434	66.453661	2.695620	1.046972	0.996417	1.046972	0.996415	1.046972	0.996412	1.046972	0.996411	1.046972	0.996409	1.046973	0.996408	1.046972	0.996405	1.046972	0.996402	
1350072446.320995	1.000000	79.543488	66.215256	6.096710	1.042790	0.996422	1.042790	0.996418	1.042790	0.996414	1.042790	0.996413	1.042790	0.996411	1.042790	0.996410	1.042790	0.996410	1.042790	0.996407	1350072446.321038	1.000011	79.456511	66.379368	2.706956	1.046910	0.996414	1.046911	0.996412	1.046911	0.996411	1.046911	0.996409	1.046911	0.996407	1.046911	0.996405	1.046911	0.996402	1.046912	0.996399	
1350072447.320995	1.000000	79.536850	66.207092	6.121399	1.042693	0.996538	1.042693	0.996535	1.042693	0.996533	1.042693	0.996533	1.042693	0.996532	1.042693	0.996530	1.042693	0.996528	1.042693	0.996525	1350072447.321027	0.999989	79.544467	66.451977	2.712432	1.046719	0.996390	1.046718	0.996386	1.046718	0.996384	1.046718	0.996382	1.046717	0.996381	1.046717	0.996378	1.046717	0.996376	1.046717	0.996374	
1350072448.320995	1.000000	79.544861	66.216629	6.109070	1.042503	0.996679	1.042503	0.996676	1.042503	0.996675	1.042502	0.996673	1.042502	0.996672	1.042502	0.996671	1.042502	0.996668	1.042502	0.996667	1350072448.321027	1.000000	79.543594	66.449997	2.709473	1.046576	0.996352	1.046576	0.996350	1.046576	0.996349	1.046576	0.996346	1.046576	0.996344	1.046576	0.996342	1.046576	0.996338	1.046576	0.996338	
1350072449.320995	1.000000	79.539673	66.209198	6.115234	1.042210	0.996603	1.042210	0.996602	1.042210	0.996599	1.042210	0.996597	1.042210	0.996595	1.042210	0.996593	1.042210	0.996592	1.042210	0.996590	1350072449.321035	1.000008	79.536831	66.444072	2.709542	1.046592	0.996357	1.046592	0.996354	1.046592	0.996352	1.046592	0.996351	1.046592	0.996349	1.046593	0.996346	1.046593	0.996345	1.046593	0.996342	
1350072450.320995	1.000000	79.463486	66.145569	6.115234	1.042182	0.996583	1.042182	0.996581	1.042182	0.996578	1.042182	0.996577	1.042182	0.996574	1.042182	0.996573	1.042182	0.996569	1.042182	0.996569	1350072450.321026	0.999991	79.545383	66.451896	2.701364	1.046437	0.996368	1.046437	0.996366	1.046437	0.996364	1.046437	0.996361	1.046436	0.996358	1.046436	0.996355	1.046436	0.996353	1.046436	0.996351	
1350072451.320995	1.000000	79.542572	66.208176	6.109039	1.042245	0.996768	1.042245	0.996764	1.042245	0.996762	1.042245	0.996761	1.042245	0.996761	1.042245	0.996760	1.042245	0.996757	1.042245	0.996755	1350072451.321027	1.000001	79.540177	66.447523	2.709424	1.046306	0.996398	1.046306	0.996396	1.046306	0.996392	1.046306	0.996389	1.046306	0.996389	1.046306	0.996387	1.046306	0.996383	1.046306	0.996380	
1350072452.320995	1.000000	79.544647	66.210190	6.127563	1.042142	0.996655	1.042142	0.996652	1.042142	0.996652	1.042142	0.996650	1.042142	0.996647	1.042142	0.996645	1.042142	0.996642	1.042142	0.996640	1350072452.321026	0.999999	79.545028	66.452837	2.709628	1.045808	0.996446	1.045808	0.996444	1.045808	0.996441	1.045808	0.996440	1.045808	0.996439	1.045808	0.996436	1.045808	0.996433	1.045808	0.996429	
1350072453.320996	1.000001	79.541336	66.205290	6.115229	1.041819	0.996574	1.041819	0.996573	1.041819	0.996570	1.041819	0.996568	1.041819	0.996565	1.041819	0.996562	1.041819	0.996561	1.041819	0.996559	1350072453.321028	1.000002	79.541230	66.449916	2.719248	1.045656	0.996416	1.045656	0.996414	1.045657	0.996412	1.045656	0.996411	1.045656	0.996409	1.045656	0.996407	1.045656	0.996404	1.045656	0.996402	
1350072454.320995	0.999999	79.542892	66.206057	6.096747	1.041862	0.996809	1.041862	0.996806	1.041862	0.996804	1.041862	0.996801	1.041862	0.996800	1.041862	0.996798	1.041862	0.996796	1.041862	0.996795	1350072454.321026	0.999998	79.536559	66.444249	2.714986	1.045242	0.996401	1.045242	0.996398	1.045242	0.996394	1.045242	0.996391	1.045242	0.996388	1.045242	0.996388	1.045242	0.996387	1.045242	0.996386	
1350072455.320995	1.000000	79.542831	66.204514	6.115082	1.041492	0.996958	1.041492	0.996955	1.041492	0.996953	1.041492	0.996951	1.041492	0.996949	1.041492	0.996949	1.041492	0.996947	1.041492	0.996946	1350072455.321027	1.000001	79.547547	66.453413	2.706617	1.045433	0.996396	1.045432	0.996400	1.045432	0.996398	1.045432	0.996395	1.045433	0.996394	1.045432	0.996391	1.045432	0.996388	1.045432	0.996386	
1350072456.320995	1.000000	79.541733	66.199905	6.090576	1.041400	0.997040	1.041400	0.997038	1.041400	0.997036	1.041400	0.997036	1.041399	0.997033	1.041400	0.997031	1.041400	0.997028	1.041399	0.997028	1350072456.321027	1.000000	79.540359	66.445404	2.698532	1.044998	0.996410	1.044998	0.996405	1.044998	0.996403	1.044998	0.996400	1.044998	0.996397	1.044997	0.996396	1.044997	0.996395	1.044998	0.996392	
1350072457.320995	1.000000	79.542480	66.201553	6.102905	1.041129	0.997286	1.041129	0.997282	1.041129	0.997281	1.041130	0.997280	1.041130	0.997280	1.041130	0.997279	1.041130	0.997276	1.041130	0.997275	1350072457.321028	1.000001	79.543213	66.448652	2.706601	1.044862	0.996304	1.044862	0.996302	1.044862	0.996300	1.044862	0.996297	1.044862	0.996296	1.044862	0.996293	1.044862	0.996291	1.044862	0.996290	
1350072458.321011	1.000016	715797217.344057	715771026.632881	715793564.432316	0.999988	1.000201	0.999985	1.000203	0.999995	1.000200	0.999988	1.000200	0.999988	1.000203	0.999990	1.000198	0.999988	1.000203	0.999988	1.000201	1350072458.322336	1.001308	714860706.623293	714850334.131701	714881469.013885	0.999988	1.000200	0.999985	1.000203	3.893203	0.256908	0.999988	1.000200	0.999988	1.000203	0.999990	1.000198	0.999988	1.000203	0.999988	1.000201	
1350072459.320996	0.999985	0.000000	0.000000	0.000000	-nan	-nan	-nan	-nan	8.000000	inf	-nan	-nan	-nan	0.000000	-nan	-nan	-nan	-nan	-nan	-nan	1350072459.321065	0.998729	0.000000	0.000000	0.000000	-nan	-nan	-nan	-nan	0.000000	inf	-nan	-nan	-nan	-nan	-nan	-nan	-nan	-nan	-nan	-nan	
