ts_0	elapsed_0	pkg_0	pp0_0	dram_0	freq_ratio_0_0	c0_ratio_0_0	freq_ratio_0_1	c0_ratio_0_1	freq_ratio_0_2	c0_ratio_0_2	freq_ratio_0_3	c0_ratio_0_3	freq_ratio_0_4	c0_ratio_0_4	freq_ratio_0_5	c0_ratio_0_5	freq_ratio_0_6	c0_ratio_0_6	freq_ratio_0_7	c0_ratio_0_7	ts_1	elapsed_1	pkg_1	pp0_1	dram_1	freq_ratio_1_0	c0_ratio_1_0	freq_ratio_1_1	c0_ratio_1_1	freq_ratio_1_2	c0_ratio_1_2	freq_ratio_1_3	c0_ratio_1_3	freq_ratio_1_4	c0_ratio_1_4	freq_ratio_1_5	c0_ratio_1_5	freq_ratio_1_6	c0_ratio_1_6	freq_ratio_1_7	c0_ratio_1_7	
1350072427.321789	1.000092	84.388596	71.210899	6.102344	1.098159	0.997735	1.098158	0.997734	1.098158	0.997733	1.098158	0.997732	1.098158	0.997730	1.098158	0.997730	1.098158	0.997729	1.098157	0.997727	1350072427.321823	1.000084	84.996971	71.894449	2.847295	1.086626	0.997856	1.086625	0.997854	1.086624	0.997853	1.086624	0.997851	1.086623	0.997850	1.086623	0.997849	1.086623	0.997846	1.086622	0.997846	
1350072428.321785	0.999996	79.533464	66.348291	6.102930	1.053563	0.995913	1.053563	0.995909	1.053563	0.995906	1.053563	0.995905	1.053563	0.995903	1.053563	0.995901	1.053563	0.995896	1.053563	0.995894	1350072428.321819	0.999996	79.538454	66.426798	2.721050	1.041936	0.996720	1.041935	0.996717	1.041936	0.996715	1.041936	0.996713	1.041936	0.996712	1.041935	0.996708	1.041935	0.996705	1.041935	0.996705	
1350072429.321785	1.000000	79.538086	66.347733	6.133606	1.055019	0.995899	1.055019	0.995898	1.055019	0.995894	1.055019	0.995892	1.055018	0.995889	1.055018	0.995887	1.055018	0.995883	1.055018	0.995881	1350072429.321817	0.999998	79.548308	66.417104	2.741277	1.041321	0.997162	1.041321	0.997160	1.041321	0.997158	1.041321	0.997157	1.041321	0.997155	1.041321	0.997153	1.041321	0.997153	1.041321	0.997150	
1350072430.321785	1.000000	79.533188	66.333420	6.127563	1.055307	0.995857	1.055307	0.995853	1.055307	0.995850	1.055307	0.995849	1.055307	0.995849	1.055307	0.995844	1.055307	0.995842	1.055307	0.995839	1350072430.321817	1.000000	79.538376	66.398697	2.718521	1.040873	0.997649	1.040873	0.997647	1.040873	0.997646	1.040873	0.997643	1.040872	0.997641	1.040872	0.997641	1.040872	0.997639	1.040873	0.997638	
1350072431.321785	1.000000	79.533569	66.328995	6.127563	1.056382	0.996073	1.056382	0.996069	1.056382	0.996068	1.056382	0.996065	1.056382	0.996064	1.056382	0.996061	1.056382	0.996059	1.056382	0.996056	1350072431.321817	1.000000	79.546188	66.401611	2.698563	1.040551	0.997898	1.040551	0.997896	1.040551	0.997895	1.040551	0.997894	1.040551	0.997894	1.040551	0.997892	1.040551	0.997891	1.040550	0.997890	
1350072432.321786	1.000001	79.533814	66.328520	6.102899	1.055587	0.995982	1.055587	0.995981	1.055587	0.995978	1.055587	0.995975	1.055587	0.995973	1.055587	0.995970	1.055587	0.995968	1.055587	0.995965	1350072432.321818	1.000001	79.547806	66.399885	2.691587	1.040217	0.998220	1.040217	0.998219	1.040217	0.998217	1.040217	0.998217	1.040216	0.998214	1.040217	0.998215	1.040217	0.998213	1.040217	0.998211	
1350072433.321786	1.000000	79.535431	66.327515	6.102905	1.054958	0.996008	1.054958	0.996004	1.054958	0.996001	1.054958	0.996001	1.054958	0.995999	1.054958	0.995998	1.054958	0.995996	1.054958	0.995992	1350072433.321818	1.000000	79.541260	66.387558	2.706696	1.040619	0.997902	1.040618	0.997899	1.040619	0.997899	1.040619	0.997898	1.040619	0.997896	1.040619	0.997894	1.040619	0.997893	1.040618	0.997893	
1350072434.321786	1.000000	79.534500	66.322754	6.102905	1.054471	0.995972	1.054471	0.995970	1.054471	0.995968	1.054471	0.995963	1.054471	0.995960	1.054471	0.995959	1.054472	0.995956	1.054472	0.995954	1350072434.321820	1.000002	79.545258	66.386790	2.712138	1.041120	0.997341	1.041121	0.997340	1.041120	0.997339	1.041120	0.997337	1.041120	0.997336	1.041120	0.997335	1.041120	0.997334	1.041120	0.997332	
1350072435.321785	0.999999	79.535537	66.320528	6.115240	1.053572	0.995918	1.053572	0.995914	1.053572	0.995913	1.053572	0.995910	1.053572	0.995907	1.053572	0.995904	1.053572	0.995901	1.053572	0.995898	1350072435.321816	0.999996	79.546572	66.386561	2.704174	1.041218	0.997186	1.041218	0.997185	1.041218	0.997184	1.041218	0.997181	1.041218	0.997181	1.041218	0.997177	1.041218	0.997174	1.041218	0.997173	
1350072436.321785	1.000000	79.540070	66.320511	6.102905	1.053438	0.995927	1.053438	0.995924	1.053438	0.995921	1.053437	0.995920	1.053437	0.995916	1.053437	0.995915	1.053437	0.995911	1.053437	0.995910	1350072436.321818	1.000002	79.463243	66.309520	2.719935	1.041216	0.997210	1.041216	0.997207	1.041216	0.997205	1.041216	0.997202	1.041216	0.997200	1.041216	0.997200	1.041216	0.997199	1.041216	0.997197	
1350072437.321785	1.000000	79.535965	66.314911	6.096741	1.052754	0.995894	1.052754	0.995891	1.052754	0.995888	1.052754	0.995886	1.052754	0.995883	1.052754	0.995880	1.052754	0.995878	1.052754	0.995876	1350072437.321818	1.000000	79.546097	66.381439	2.712234	1.041209	0.997302	1.041209	0.997300	1.041209	0.997298	1.041209	0.997297	1.041209	0.997296	1.041209	0.997294	1.041209	0.997293	1.041209	0.997291	
1350072438.321786	1.000001	79.532135	66.305601	6.115229	1.052135	0.995864	1.052135	0.995861	1.052135	0.995860	1.052135	0.995857	1.052135	0.995856	1.052135	0.995853	1.052135	0.995850	1.052135	0.995848	1350072438.321819	1.000001	79.540299	66.377149	2.704191	1.040923	0.997521	1.040923	0.997518	1.040923	0.997517	1.040924	0.997516	1.040924	0.997514	1.040924	0.997512	1.040924	0.997511	1.040924	0.997511	
1350072439.321786	1.000000	79.536621	66.305908	6.126587	1.052123	0.995827	1.052123	0.995825	1.052123	0.995821	1.052123	0.995818	1.052122	0.995816	1.052122	0.995814	1.052122	0.995812	1.052122	0.995809	1350072439.321820	1.000001	79.545533	66.395795	2.692396	1.041151	0.997481	1.041151	0.997478	1.041151	0.997477	1.041151	0.997476	1.041151	0.997474	1.041151	0.997473	1.041151	0.997471	1.041151	0.997470	
1350072440.321785	0.999999	79.539611	66.306307	6.115240	1.051641	0.995847	1.051641	0.995845	1.051641	0.995841	1.051641	0.995838	1.051641	0.995837	1.051641	0.995834	1.051641	0.995831	1.051641	0.995829	1350072440.321818	0.999998	79.546416	66.405751	2.706884	1.041064	0.997499	1.041064	0.997498	1.041064	0.997497	1.041064	0.997495	1.041063	0.997494	1.041063	0.997492	1.041063	0.997489	1.041063	0.997488	
1350072441.321785	1.000000	79.537369	66.305008	6.115234	1.051315	0.995853	1.051315	0.995850	1.051315	0.995847	1.051315	0.995844	1.051315	0.995841	1.051315	0.995838	1.051315	0.995835	1.051315	0.995833	1350072441.321819	1.000001	79.544022	66.408079	2.704084	1.040982	0.997506	1.040982	0.997504	1.040983	0.997504	1.040982	0.997503	1.040982	0.997501	1.040982	0.997500	1.040982	0.997497	1.040982	0.997495	
1350072442.321786	1.000001	79.529908	66.302168	6.115229	1.056145	0.995970	1.056145	0.995969	1.056145	0.995965	1.056146	0.995965	1.056146	0.995962	1.056146	0.995960	1.056146	0.995958	1.056146	0.995955	1350072442.321817	0.999998	79.544936	66.412831	2.704152	1.041471	0.997553	1.041471	0.997551	1.041471	0.997550	1.041471	0.997548	1.041470	0.997546	1.041470	0.997545	1.041471	0.997543	1.041471	0.997543	
1350072443.321786	1.000000	79.535751	66.314529	6.115143	1.050420	0.995791	1.050420	0.995789	1.050420	0.995785	1.050420	0.995782	1.050419	0.995780	1.050419	0.995777	1.050419	0.995776	1.050419	0.995774	1350072443.321819	1.000002	79.540025	66.405757	2.720606	1.040725	0.997661	1.040726	0.997660	1.040726	0.997659	1.040726	0.997657	1.040726	0.997656	1.040726	0.997654	1.040727	0.997653	1.040727	0.997652	
1350072444.321785	0.999999	79.537704	66.339403	6.096747	1.050395	0.995760	1.050395	0.995756	1.050396	0.995755	1.050396	0.995751	1.050396	0.995748	1.050396	0.995746	1.050396	0.995744	1.050396	0.995742	1350072444.321817	0.999998	79.547591	66.409917	2.698614	1.040687	0.997770	1.040687	0.997768	1.040687	0.997767	1.040687	0.997766	1.040686	0.997765	1.040686	0.997763	1.040686	0.997762	1.040686	0.997761	
1350072445.321785	1.000000	79.537994	66.340790	6.109070	1.050089	0.995726	1.050089	0.995724	1.050089	0.995721	1.050089	0.995717	1.050089	0.995714	1.050089	0.995711	1.050089	0.995708	1.050089	0.995707	1350072445.321816	0.999999	79.544143	66.405444	2.701205	1.040588	0.997879	1.040588	0.997877	1.040588	0.997875	1.040588	0.997873	1.040588	0.997873	1.040588	0.997872	1.040588	0.997872	1.040588	0.997871	
1350072446.321785	1.000000	79.538147	66.340073	6.115234	1.049694	0.995810	1.049693	0.995807	1.049693	0.995805	1.049693	0.995801	1.049693	0.995800	1.049693	0.995797	1.049693	0.995795	1.049693	0.995792	1350072446.321856	1.000040	79.545245	66.408351	2.706663	1.040640	0.997854	1.040640	0.997852	1.040640	0.997849	1.040640	0.997849	1.040640	0.997848	1.040640	0.997848	1.040640	0.997847	1.040640	0.997845	
1350072447.321785	1.000000	79.541382	66.341187	6.102905	1.049624	0.995866	1.049624	0.995863	1.049624	0.995862	1.049624	0.995859	1.049624	0.995855	1.049624	0.995853	1.049624	0.995849	1.049623	0.995847	1350072447.321817	0.999961	79.545499	66.405139	2.684935	1.040517	0.997944	1.040517	0.997942	1.040517	0.997941	1.040517	0.997940	1.040516	0.997939	1.040516	0.997937	1.040517	0.997937	1.040517	0.997935	
1350072448.321785	1.000000	79.458740	66.270599	6.102905	1.049069	0.995965	1.049069	0.995960	1.049069	0.995958	1.049069	0.995954	1.049069	0.995952	1.049069	0.995950	1.049069	0.995947	1.049069	0.995945	1350072448.321818	1.000001	79.543641	66.404417	2.712018	1.040314	0.998056	1.040313	0.998055	1.040314	0.998053	1.040314	0.998054	1.040314	0.998041	1.040314	0.998039	1.040314	0.998038	1.040314	0.998037	
1350072449.321785	1.000000	79.539246	66.336929	6.127563	1.048973	0.996009	1.048973	0.996006	1.048973	0.996004	1.048973	0.996000	1.048973	0.995998	1.048973	0.995996	1.048973	0.995995	1.048973	0.995993	1350072449.321817	0.999999	79.545181	66.403826	2.698519	1.040481	0.998017	1.040481	0.998017	1.040481	0.998016	1.040481	0.998014	1.040481	0.998025	1.040481	0.998022	1.040481	0.998021	1.040481	0.998021	
1350072450.321785	1.000000	79.536087	66.333191	6.090576	1.048881	0.996051	1.048880	0.996046	1.048881	0.996045	1.048881	0.996043	1.048881	0.996040	1.048880	0.996038	1.048880	0.996036	1.048880	0.996033	1350072450.321818	1.000001	79.547867	66.402860	2.706754	1.040167	0.998291	1.040167	0.998291	1.040167	0.998289	1.040167	0.998288	1.040167	0.998287	1.040167	0.998286	1.040167	0.998285	1.040167	0.998284	
1350072451.321785	1.000000	79.536087	66.333374	6.102905	1.048877	0.996010	1.048877	0.996006	1.048877	0.996005	1.048877	0.996003	1.048877	0.996001	1.048877	0.995998	1.048877	0.995995	1.048877	0.995991	1350072451.321817	0.999999	79.544479	66.399157	2.704013	1.040058	0.998405	1.040058	0.998403	1.040059	0.998402	1.040058	0.998401	1.040058	0.998400	1.040058	0.998399	1.040058	0.998399	1.040058	0.998397	
1350072452.321785	1.000000	79.545288	66.341187	6.102905	1.048484	0.996181	1.048484	0.996179	1.048484	0.996178	1.048483	0.996175	1.048483	0.996174	1.048483	0.996171	1.048483	0.996169	1.048483	0.996166	1350072452.321818	1.000001	79.548050	66.405042	2.712171	1.040004	0.998428	1.040003	0.998427	1.040003	0.998426	1.040003	0.998424	1.040003	0.998424	1.040003	0.998426	1.040003	0.998425	1.040004	0.998423	
1350072453.321785	1.000000	79.539001	66.336197	6.115173	1.048124	0.996168	1.048124	0.996166	1.048124	0.996164	1.048124	0.996162	1.048124	0.996160	1.048124	0.996156	1.048124	0.996154	1.048124	0.996150	1350072453.321818	1.000000	79.546143	66.402084	2.703873	1.039979	0.998453	1.039979	0.998453	1.039979	0.998453	1.039979	0.998453	1.039979	0.998451	1.039979	0.998449	1.039979	0.998448	1.039979	0.998447	
1350072454.321785	1.000000	79.537262	66.332336	6.090576	1.048164	0.996280	1.048164	0.996277	1.048164	0.996273	1.048164	0.996270	1.048164	0.996269	1.048164	0.996267	1.048164	0.996265	1.048164	0.996265	1350072454.321818	1.000000	79.542542	66.395813	2.701187	1.039805	0.998638	1.039806	0.998637	1.039806	0.998636	1.039805	0.998636	1.039806	0.998636	1.039806	0.998635	1.039805	0.998633	1.039805	0.998632	
1350072455.321785	1.000000	79.538727	66.332413	6.102905	1.048000	0.996297	1.048000	0.996293	1.048000	0.996291	1.048001	0.996288	1.048000	0.996285	1.048001	0.996286	1.048001	0.996285	1.048001	0.996283	1350072455.321818	1.000000	79.547714	66.400238	2.706879	1.039812	0.998662	1.039812	0.998661	1.039812	0.998661	1.039812	0.998660	1.039812	0.998659	1.039812	0.998658	1.039812	0.998658	1.039812	0.998657	
1350072456.321786	1.000001	79.546128	66.337263	6.109064	1.047577	0.996409	1.047577	0.996407	1.047577	0.996405	1.047577	0.996402	1.047577	0.996400	1.047577	0.996398	1.047576	0.996396	1.047576	0.996393	1350072456.321819	1.000001	79.548096	66.404829	2.698575	1.039760	0.998710	1.039760	0.998709	1.039760	0.998708	1.039760	0.998706	1.039760	0.998705	1.039760	0.998705	1.039760	0.998705	1.039760	0.998704	
1350072457.321785	0.999999	79.536209	66.327380	6.109076	1.047603	0.996391	1.047603	0.996389	1.047603	0.996387	1.047603	0.996384	1.047603	0.996383	1.047603	0.996379	1.047603	0.996377	1.047603	0.996375	1350072457.321816	0.999997	79.467104	66.334526	2.706902	1.039775	0.998704	1.039775	0.998705	1.039775	0.998704	1.039775	0.998703	1.039775	0.998702	1.039775	0.998701	1.039775	0.998700	1.039774	0.998698	
1350072458.321787	1.000002	715811473.065321	715796609.298795	715792847.566697	0.999990	1.000217	0.999988	1.000221	0.999998	1.000217	0.999990	1.000218	0.999990	1.000220	0.999993	1.000215	0.999990	1.000220	0.999990	1.000218	1350072458.322933	1.001117	715000386.711769	714991294.030444	714976262.959725	0.999990	1.000218	0.999988	1.000220	3.893024	0.256925	0.999990	1.000219	0.999990	1.000220	0.999993	1.000216	0.999990	1.000220	0.999990	1.000218	
1350072459.321786	0.999999	0.000000	0.000000	0.000000	-nan	-nan	-nan	-nan	8.000000	inf	-nan	-nan	-nan	0.000000	-nan	-nan	-nan	-nan	-nan	-nan	1350072459.321852	0.998919	0.000000	0.000000	0.000000	-nan	-nan	-nan	-nan	0.000000	inf	-nan	-nan	-nan	-nan	-nan	-nan	-nan	-nan	-nan	-nan	
