ts_0	elapsed_0	pkg_0	pp0_0	dram_0	freq_ratio_0_0	c0_ratio_0_0	freq_ratio_0_1	c0_ratio_0_1	freq_ratio_0_2	c0_ratio_0_2	freq_ratio_0_3	c0_ratio_0_3	freq_ratio_0_4	c0_ratio_0_4	freq_ratio_0_5	c0_ratio_0_5	freq_ratio_0_6	c0_ratio_0_6	freq_ratio_0_7	c0_ratio_0_7	ts_1	elapsed_1	pkg_1	pp0_1	dram_1	freq_ratio_1_0	c0_ratio_1_0	freq_ratio_1_1	c0_ratio_1_1	freq_ratio_1_2	c0_ratio_1_2	freq_ratio_1_3	c0_ratio_1_3	freq_ratio_1_4	c0_ratio_1_4	freq_ratio_1_5	c0_ratio_1_5	freq_ratio_1_6	c0_ratio_1_6	freq_ratio_1_7	c0_ratio_1_7	
1350065264.072626	1.000112	68.755067	55.578504	6.136031	0.941781	0.997608	0.941781	0.997602	0.941781	0.997600	0.941781	0.997597	0.941780	0.997596	0.941780	0.997596	0.941780	0.997598	0.941779	0.997595	1350065264.072669	1.000106	68.643154	55.413783	2.518791	0.944697	0.997565	0.944696	0.997551	0.944696	0.997550	0.944695	0.997549	0.944695	0.997548	0.944694	0.997546	0.944693	0.997544	0.944693	0.997543	
1350065265.072616	0.999990	64.711494	51.555890	6.115296	0.901362	0.995878	0.901362	0.995878	0.901362	0.995874	0.901362	0.995869	0.901362	0.995864	0.901362	0.995860	0.901362	0.995858	0.901362	0.995859	1350065265.072664	0.999995	64.708317	51.460463	2.326153	0.903397	0.996030	0.903398	0.996040	0.903397	0.996036	0.903397	0.996033	0.903397	0.996031	0.903397	0.996031	0.903397	0.996028	0.903397	0.996025	
1350065266.072615	0.999999	64.706742	51.548511	6.096747	0.900897	0.995921	0.900897	0.995917	0.900897	0.995914	0.900897	0.995910	0.900897	0.995908	0.900897	0.995907	0.900897	0.995904	0.900897	0.995905	1350065266.072655	0.999991	64.708106	51.448678	2.007144	0.902673	0.996018	0.902672	0.996017	0.902672	0.996014	0.902672	0.996010	0.902672	0.996008	0.902672	0.996005	0.902672	0.996004	0.902672	0.996003	
1350065267.072616	1.000001	64.641921	51.495236	6.127527	0.900100	0.995900	0.900100	0.995899	0.900100	0.995895	0.900100	0.995891	0.900101	0.995888	0.900101	0.995886	0.900101	0.995885	0.900101	0.995883	1350065267.072654	0.999999	64.640183	51.386310	2.027376	0.901582	0.995956	0.901582	0.995953	0.901582	0.995951	0.901582	0.995948	0.901583	0.995946	0.901583	0.995944	0.901583	0.995942	0.901583	0.995940	
1350065268.072616	1.000000	64.712921	51.549988	6.115082	0.899703	0.995893	0.899703	0.995891	0.899703	0.995887	0.899703	0.995886	0.899703	0.995882	0.899703	0.995881	0.899703	0.995879	0.899702	0.995875	1350065268.072661	1.000007	64.707835	51.433223	1.999940	0.899732	0.995899	0.899727	0.995896	0.899732	0.995893	0.899732	0.995891	0.899732	0.995888	0.899732	0.995885	0.899732	0.995884	0.899732	0.995882	
1350065269.072616	1.000000	64.706192	51.542297	6.096741	0.899104	0.995870	0.899103	0.995868	0.899104	0.995865	0.899103	0.995864	0.899103	0.995862	0.899103	0.995858	0.899103	0.995857	0.899103	0.995853	1350065269.072656	0.999995	64.709644	51.430632	2.172756	0.899907	0.995910	0.899912	0.995908	0.899907	0.995906	0.899907	0.995901	0.899907	0.995899	0.899906	0.995898	0.899907	0.995895	0.899906	0.995894	
1350065270.072616	1.000000	64.709839	51.542618	6.109070	0.898701	0.995830	0.898700	0.995828	0.898701	0.995826	0.898701	0.995823	0.898701	0.995820	0.898701	0.995818	0.898701	0.995815	0.898701	0.995814	1350065270.072655	0.999999	64.707123	51.422550	1.898241	0.900914	0.995868	0.900913	0.995865	0.900914	0.995860	0.900914	0.995859	0.900913	0.995858	0.900914	0.995855	0.900913	0.995854	0.900913	0.995851	
1350065271.072616	1.000000	64.712463	51.543411	6.115234	0.898386	0.995847	0.898385	0.995844	0.898386	0.995842	0.898385	0.995840	0.898385	0.995838	0.898385	0.995836	0.898385	0.995831	0.898384	0.995829	1350065271.072655	1.000000	64.708450	51.421906	1.982910	0.901257	0.996033	0.901257	0.996030	0.901257	0.996027	0.901257	0.996026	0.901257	0.996025	0.901257	0.996021	0.901257	0.996020	0.901257	0.996018	
1350065272.072615	0.999999	64.709458	51.537571	6.102911	0.898168	0.995880	0.898168	0.995878	0.898168	0.995875	0.898168	0.995871	0.898168	0.995869	0.898168	0.995866	0.898168	0.995865	0.898168	0.995862	1350065272.072654	0.999999	64.707627	51.417682	1.974947	0.901942	0.996054	0.901942	0.996051	0.901942	0.996048	0.901942	0.996046	0.901942	0.996046	0.901942	0.996043	0.901942	0.996042	0.901942	0.996041	
1350065273.072615	1.000000	64.708221	51.535812	6.127548	0.897672	0.995736	0.897672	0.995735	0.897672	0.995733	0.897672	0.995729	0.897672	0.995727	0.897672	0.995725	0.897672	0.995721	0.897672	0.995721	1350065273.072654	1.000000	64.707565	51.409897	1.923050	0.901486	0.995892	0.901486	0.995891	0.901486	0.995887	0.901485	0.995884	0.901486	0.995881	0.901486	0.995880	0.901486	0.995879	0.901486	0.995877	
1350065274.072615	1.000000	64.713379	51.533813	6.065918	0.897242	0.995672	0.897241	0.995670	0.897241	0.995666	0.897241	0.995664	0.897241	0.995662	0.897241	0.995660	0.897241	0.995658	0.897240	0.995654	1350065274.072653	0.999999	64.712540	51.414752	1.832353	0.901487	0.995902	0.901487	0.995900	0.901487	0.995898	0.901487	0.995895	0.901486	0.995892	0.901486	0.995887	0.901486	0.995885	0.901486	0.995883	
1350065275.072616	1.000001	64.708709	51.525982	6.127558	0.896825	0.995725	0.896825	0.995723	0.896825	0.995720	0.896825	0.995715	0.896825	0.995714	0.896825	0.995712	0.896825	0.995709	0.896825	0.995708	1350065275.072654	1.000001	64.704376	51.404416	1.845564	0.901230	0.995888	0.901230	0.995886	0.901230	0.995884	0.901230	0.995883	0.901231	0.995867	0.901231	0.995865	0.901231	0.995862	0.901231	0.995860	
1350065276.072615	0.999999	64.710480	51.526722	6.127569	0.896365	0.995772	0.896364	0.995771	0.896365	0.995768	0.896365	0.995765	0.896364	0.995764	0.896365	0.995761	0.896365	0.995759	0.896364	0.995756	1350065276.072653	0.999999	64.710709	51.411518	1.774355	0.900739	0.995745	0.900738	0.995743	0.900739	0.995741	0.900738	0.995739	0.900739	0.995750	0.900738	0.995749	0.900738	0.995747	0.900738	0.995743	
1350065277.072616	1.000001	64.706771	51.521527	6.090570	0.896282	0.995836	0.896282	0.995834	0.896282	0.995830	0.896282	0.995829	0.896282	0.995826	0.896282	0.995823	0.896283	0.995822	0.896282	0.995820	1350065277.072653	1.000000	64.711349	51.412308	1.939087	0.900311	0.995881	0.900311	0.995878	0.900311	0.995878	0.900311	0.995876	0.900310	0.995873	0.900311	0.995870	0.900311	0.995867	0.900310	0.995865	
1350065278.072616	1.000000	64.711044	51.519806	6.102905	0.896000	0.995762	0.896000	0.995760	0.896000	0.995757	0.896000	0.995755	0.896000	0.995753	0.896000	0.995751	0.896000	0.995749	0.896000	0.995746	1350065278.072652	0.999999	64.707047	51.406543	1.716158	0.900471	0.995798	0.900467	0.995794	0.900471	0.995791	0.900471	0.995788	0.900471	0.995784	0.900471	0.995783	0.900471	0.995783	0.900471	0.995781	
1350065279.072616	1.000000	64.712845	51.520279	6.102905	0.896205	0.995784	0.896205	0.995780	0.896205	0.995778	0.896205	0.995777	0.896205	0.995774	0.896205	0.995774	0.896204	0.995770	0.896204	0.995768	1350065279.072657	1.000005	64.705700	51.403734	1.897207	0.899606	0.995722	0.899610	0.995720	0.899606	0.995718	0.899606	0.995715	0.899605	0.995711	0.899605	0.995708	0.899606	0.995708	0.899605	0.995705	
1350065280.072616	1.000000	64.707047	51.511017	6.102905	0.896630	0.995804	0.896630	0.995802	0.896630	0.995798	0.896630	0.995797	0.896631	0.995794	0.896631	0.995792	0.896631	0.995791	0.896631	0.995789	1350065280.072653	0.999996	64.711703	51.409083	1.812446	0.899658	0.995767	0.899658	0.995765	0.899658	0.995762	0.899658	0.995759	0.899658	0.995757	0.899658	0.995755	0.899658	0.995752	0.899658	0.995750	
1350065281.072616	1.000000	64.711761	51.514526	6.102905	0.896924	0.995828	0.896923	0.995825	0.896924	0.995822	0.896923	0.995819	0.896923	0.995818	0.896923	0.995815	0.896923	0.995814	0.896922	0.995810	1350065281.072655	1.000002	64.709151	51.407418	1.946285	0.899741	0.995840	0.899741	0.995838	0.899741	0.995834	0.899741	0.995832	0.899741	0.995831	0.899742	0.995827	0.899741	0.995825	0.899741	0.995825	
1350065282.072616	1.000000	64.647614	51.462921	6.096680	0.899385	0.995994	0.899385	0.995992	0.899385	0.995990	0.899385	0.995988	0.899385	0.995985	0.899385	0.995982	0.899385	0.995980	0.899385	0.995979	1350065282.072655	1.000000	64.641617	51.350174	1.993317	0.903592	0.995790	0.903592	0.995786	0.903592	0.995782	0.903591	0.995781	0.903592	0.995778	0.903592	0.995775	0.903592	0.995775	0.903592	0.995772	
1350065283.072616	1.000000	64.706940	51.507034	6.109070	0.897411	0.995780	0.897411	0.995780	0.897412	0.995776	0.897412	0.995772	0.897412	0.995768	0.897412	0.995767	0.897412	0.995764	0.897412	0.995763	1350065283.072670	1.000015	64.710713	51.407095	1.805683	0.899198	0.995812	0.899198	0.995809	0.899198	0.995808	0.899198	0.995804	0.899198	0.995803	0.899198	0.995800	0.899198	0.995797	0.899198	0.995796	
1350065284.072616	1.000000	64.712265	51.513565	6.115234	0.896781	0.995783	0.896781	0.995779	0.896781	0.995777	0.896781	0.995774	0.896781	0.995772	0.896781	0.995769	0.896780	0.995767	0.896780	0.995765	1350065284.072654	0.999984	64.711239	51.408063	1.744565	0.899394	0.995816	0.899393	0.995814	0.899393	0.995811	0.899393	0.995808	0.899393	0.995805	0.899393	0.995804	0.899393	0.995803	0.899393	0.995801	
1350065285.072616	1.000000	64.710678	51.508347	6.102905	0.897660	0.995623	0.897660	0.995621	0.897660	0.995617	0.897660	0.995616	0.897660	0.995613	0.897660	0.995611	0.897660	0.995609	0.897660	0.995607	1350065285.072655	1.000001	64.708465	51.410779	1.879942	0.899612	0.995860	0.899612	0.995858	0.899612	0.995855	0.899612	0.995852	0.899612	0.995850	0.899612	0.995847	0.899612	0.995844	0.899612	0.995842	
1350065286.072615	0.999999	64.711137	51.507251	6.121390	0.898172	0.995861	0.898172	0.995857	0.898172	0.995854	0.898172	0.995852	0.898172	0.995848	0.898172	0.995846	0.898172	0.995844	0.898172	0.995844	1350065286.072653	0.999998	64.708604	51.414115	1.886280	0.899605	0.995896	0.899605	0.995892	0.899606	0.995889	0.899605	0.995887	0.899606	0.995887	0.899606	0.995883	0.899606	0.995880	0.899605	0.995877	
1350065287.072616	1.000001	64.708556	51.504376	6.109064	0.898063	0.995792	0.898063	0.995790	0.898063	0.995787	0.898063	0.995785	0.898063	0.995783	0.898063	0.995780	0.898063	0.995778	0.898063	0.995776	1350065287.072655	1.000002	64.706633	51.418054	1.863507	0.899923	0.995852	0.899922	0.995849	0.899923	0.995847	0.899923	0.995844	0.899923	0.995843	0.899923	0.995842	0.899923	0.995838	0.899922	0.995837	
1350065288.072616	1.000000	64.710556	51.503891	6.101288	0.898557	0.995766	0.898557	0.995765	0.898557	0.995762	0.898557	0.995760	0.898557	0.995757	0.898557	0.995754	0.898557	0.995753	0.898557	0.995750	1350065288.072657	1.000002	64.706740	51.421090	2.063930	0.901839	0.995909	0.901839	0.995907	0.901834	0.995905	0.901839	0.995903	0.901839	0.995901	0.901840	0.995926	0.901840	0.995895	0.901840	0.995893	
1350065289.072616	1.000000	64.708298	51.501526	6.127563	0.898308	0.995845	0.898307	0.995843	0.898308	0.995841	0.898308	0.995839	0.898308	0.995837	0.898308	0.995834	0.898308	0.995831	0.898307	0.995830	1350065289.072655	0.999998	64.711244	51.427771	1.919147	0.900411	0.995852	0.900411	0.995850	0.900416	0.995846	0.900411	0.995846	0.900411	0.995843	0.900410	0.995842	0.900410	0.995841	0.900410	0.995837	
1350065290.072616	1.000000	64.709366	51.502335	6.121384	0.897776	0.995782	0.897776	0.995779	0.897776	0.995777	0.897777	0.995775	0.897777	0.995774	0.897777	0.995770	0.897777	0.995767	0.897777	0.995766	1350065290.072663	1.000008	64.706919	51.423808	1.942916	0.900628	0.995929	0.900629	0.995926	0.900629	0.995923	0.900629	0.995919	0.900629	0.995917	0.900630	0.995915	0.900630	0.995913	0.900630	0.995910	
1350065291.072616	1.000000	64.710464	51.502014	6.109070	0.898103	0.995801	0.898103	0.995799	0.898102	0.995796	0.898102	0.995793	0.898102	0.995790	0.898102	0.995787	0.898102	0.995785	0.898101	0.995784	1350065291.072655	0.999992	64.710806	51.429631	1.909638	0.900983	0.995954	0.900983	0.995950	0.900983	0.995948	0.900983	0.995948	0.900982	0.995946	0.900982	0.995945	0.900982	0.995942	0.900981	0.995938	
1350065292.072615	0.999999	64.707658	51.497272	6.133734	0.898765	0.995862	0.898765	0.995859	0.898765	0.995856	0.898765	0.995853	0.898765	0.995851	0.898765	0.995851	0.898765	0.995847	0.898764	0.995844	1350065292.072655	1.000000	64.702972	51.420776	1.802490	0.900876	0.995978	0.900875	0.995974	0.900875	0.995970	0.900875	0.995967	0.900875	0.995965	0.900876	0.995964	0.900875	0.995963	0.900876	0.995962	
1350065293.072616	1.000001	64.712371	51.500393	6.115229	0.898728	0.995877	0.898728	0.995874	0.898728	0.995870	0.898728	0.995868	0.898728	0.995864	0.898728	0.995863	0.898728	0.995861	0.898728	0.995859	1350065293.072655	1.000000	64.711014	51.428787	1.971024	0.901026	0.995890	0.901026	0.995887	0.901026	0.995886	0.901026	0.995881	0.901026	0.995881	0.901026	0.995878	0.901026	0.995875	0.901026	0.995874	
1350065294.072616	1.000000	64.705933	51.494781	6.096741	0.898388	0.995790	0.898388	0.995790	0.898388	0.995787	0.898388	0.995785	0.898388	0.995782	0.898388	0.995779	0.898388	0.995778	0.898388	0.995777	1350065294.072654	0.999999	64.710465	51.427783	1.910387	0.901022	0.995985	0.901022	0.995982	0.901022	0.995980	0.901022	0.995978	0.901022	0.995977	0.901022	0.995973	0.901022	0.995972	0.901021	0.995969	
1350065295.072616	1.000000	64.644241	51.443314	6.115234	0.898778	0.995922	0.898778	0.995919	0.898778	0.995916	0.898778	0.995913	0.898778	0.995910	0.898778	0.995908	0.898778	0.995906	0.898778	0.995906	1350065295.072653	0.999999	64.707764	51.426532	1.843736	0.901072	0.996042	0.901072	0.996038	0.901072	0.996034	0.901072	0.996032	0.901072	0.996030	0.901072	0.996029	0.901072	0.996030	0.901072	0.996027	
1350065296.072615	0.999999	64.711457	51.496494	6.102911	0.898655	0.995918	0.898655	0.995915	0.898655	0.995911	0.898655	0.995909	0.898654	0.995907	0.898654	0.995905	0.898654	0.995903	0.898654	0.995901	1350065296.072654	1.000001	64.708617	51.426144	1.661360	0.901114	0.995956	0.901113	0.995953	0.901113	0.995950	0.901113	0.995949	0.901114	0.995946	0.901113	0.995945	0.901114	0.995943	0.901113	0.995940	
1350065297.072615	1.000000	64.707901	51.493088	6.109055	0.898869	0.995971	0.898869	0.995969	0.898869	0.995966	0.898869	0.995965	0.898870	0.995963	0.898870	0.995961	0.898870	0.995959	0.898870	0.995956	1350065297.072653	0.999999	64.707627	51.425098	1.840456	0.900882	0.995882	0.900882	0.995878	0.900883	0.995875	0.900882	0.995873	0.900882	0.995873	0.900882	0.995869	0.900882	0.995868	0.900882	0.995864	
1350065298.072615	1.000000	64.711670	51.497910	6.102905	0.898683	0.995823	0.898683	0.995820	0.898683	0.995817	0.898683	0.995815	0.898683	0.995812	0.898682	0.995810	0.898682	0.995808	0.898682	0.995806	1350065298.072654	1.000001	64.705825	51.423443	1.763151	0.900854	0.995944	0.900854	0.995943	0.900854	0.995940	0.900855	0.995938	0.900855	0.995935	0.900855	0.995932	0.900855	0.995929	0.900855	0.995926	
1350065299.072616	1.000001	64.707916	51.492795	6.115229	0.898255	0.995768	0.898255	0.995767	0.898255	0.995764	0.898255	0.995764	0.898255	0.995760	0.898255	0.995756	0.898255	0.995752	0.898254	0.995751	1350065299.072655	1.000001	64.643188	51.371930	1.759566	0.900985	0.995962	0.900984	0.995959	0.900985	0.995957	0.900984	0.995953	0.900985	0.995953	0.900984	0.995952	0.900985	0.995950	0.900984	0.995946	
1350065300.072624	1.000008	715808745.506149	715807483.705403	715765412.629983	0.999982	1.000166	0.999980	1.000170	0.999990	1.000165	0.999983	1.000174	0.999982	1.000168	0.999984	1.000161	0.999982	1.000166	0.999983	1.000168	1350065300.073923	1.001268	714909274.924724	714881680.406536	714902659.512606	0.999982	1.000168	0.999980	1.000170	3.893536	0.256877	0.999982	1.000163	0.999983	1.000171	0.999984	1.000162	0.999982	1.000169	0.999982	1.000164	
1350065301.072616	0.999992	0.000000	0.000000	0.000000	-nan	-nan	-nan	-nan	0.000000	inf	-nan	-nan	-nan	0.000000	-nan	-nan	-nan	-nan	-nan	-nan	1350065301.073907	0.999984	0.000000	0.000000	0.000000	-nan	-nan	-nan	-nan	0.000000	inf	-nan	-nan	-nan	-nan	-nan	-nan	-nan	-nan	-nan	-nan	
