ts_0	elapsed_0	pkg_0	pp0_0	dram_0	freq_ratio_0_0	c0_ratio_0_0	freq_ratio_0_1	c0_ratio_0_1	freq_ratio_0_2	c0_ratio_0_2	freq_ratio_0_3	c0_ratio_0_3	freq_ratio_0_4	c0_ratio_0_4	freq_ratio_0_5	c0_ratio_0_5	freq_ratio_0_6	c0_ratio_0_6	freq_ratio_0_7	c0_ratio_0_7	ts_1	elapsed_1	pkg_1	pp0_1	dram_1	freq_ratio_1_0	c0_ratio_1_0	freq_ratio_1_1	c0_ratio_1_1	freq_ratio_1_2	c0_ratio_1_2	freq_ratio_1_3	c0_ratio_1_3	freq_ratio_1_4	c0_ratio_1_4	freq_ratio_1_5	c0_ratio_1_5	freq_ratio_1_6	c0_ratio_1_6	freq_ratio_1_7	c0_ratio_1_7	
1349416987.559411	1.001238	41.348525	27.404913	0.000000	0.999995	0.997167	0.999959	0.986696	0.999996	0.986602	0.996523	0.001258	0.975113	0.000148	0.969043	0.000116	0.974833	0.000149	0.967267	0.000554	1349416987.559618	1.000460	42.254691	28.472562	0.000000	0.999955	0.987698	0.999982	0.987241	0.999586	0.000351	1.001794	0.000179	0.847880	0.000129	1.000622	0.000508	0.778534	0.000089	0.999874	0.988212	
1349416988.559410	0.999999	41.799845	27.816616	0.000000	1.000000	0.999946	1.000000	0.999933	1.000000	0.999869	1.000047	0.001751	0.999056	0.000065	1.000084	0.000055	0.999128	0.000096	1.000143	0.000237	1349416988.559620	1.000002	42.733561	28.904944	0.000000	1.000000	0.999972	1.000000	1.000000	0.999596	0.000085	0.999769	0.000092	1.000348	0.000057	1.000001	0.001069	1.001661	0.000065	1.000000	1.000000	
1349416989.559409	0.999999	41.716028	27.743435	0.000000	1.000000	1.000000	1.000000	1.000000	1.000000	1.000000	1.000017	0.000616	0.994179	0.000015	0.999028	0.000015	1.004263	0.000015	0.999842	0.000290	1349416989.559614	0.999994	42.709193	28.881855	0.000000	1.000000	1.000000	1.000000	1.000000	1.000171	0.000137	0.998982	0.000013	0.998812	0.000014	1.000266	0.000100	0.998442	0.000016	1.000000	1.000000	
1349416990.559409	1.000000	41.803848	27.816391	0.000000	1.000000	1.000000	1.000000	1.000000	1.000000	1.000000	0.999902	0.001347	1.000054	0.000085	0.999940	0.000058	1.001538	0.000090	1.000044	0.000210	1349416990.559623	1.000009	42.725519	28.898405	0.000000	1.000000	1.000000	1.000000	1.000000	1.000249	0.000085	1.000100	0.000081	1.000228	0.000056	0.998756	0.000118	1.000297	0.000065	1.000000	1.000000	
1349416991.559413	1.000004	41.772932	27.786402	0.000000	1.000000	0.999959	1.000000	0.999955	1.000000	0.999936	1.000237	0.000575	1.000328	0.000014	1.001823	0.000014	0.991552	0.000015	0.999856	0.000347	1349416991.559622	0.999999	42.716044	28.891080	0.000000	1.000000	0.999968	1.000000	1.000000	0.999894	0.000142	1.001308	0.000013	0.997047	0.000012	1.000970	0.000114	0.999551	0.000017	1.000000	1.000000	
1349416992.559415	1.000002	41.803936	27.809807	0.000000	1.000000	0.999988	1.000000	1.000000	1.000000	1.000000	1.000097	0.000712	0.999851	0.000073	0.999878	0.000092	1.000087	0.000111	1.000196	0.000358	1349416992.559626	1.000004	42.736201	28.911199	0.000000	1.000000	1.000000	1.000000	0.999990	0.999650	0.000076	0.999883	0.000083	1.000583	0.000058	1.000078	0.000317	0.999766	0.000074	1.000000	1.000000	
1349416993.559410	0.999995	41.800121	27.811022	0.000000	1.000000	0.999994	1.000000	0.999991	1.000000	0.999990	0.999953	0.000920	1.000601	0.000015	0.986710	0.000009	0.998248	0.000015	0.999960	0.000327	1349416993.559623	0.999997	42.713511	28.901182	0.000000	1.000000	1.000000	1.000000	1.000000	1.000209	0.000127	0.999023	0.000013	0.999571	0.000013	0.999997	0.001163	1.000603	0.000017	1.000000	1.000000	
1349416994.559409	0.999999	41.805704	27.814632	0.000000	1.000000	0.999985	1.000000	0.999991	1.000000	0.999991	1.000050	0.000868	0.995059	0.000068	0.995592	0.000129	0.995340	0.000083	0.999615	0.000227	1349416994.559619	0.999996	42.763632	28.936839	0.000000	1.000000	1.000000	1.000000	0.999991	0.999636	0.000085	1.000005	0.000072	1.000192	0.000058	1.000000	0.002504	0.999975	0.000063	1.000000	1.000000	
1349416995.559409	1.000000	41.804611	27.813431	0.000000	1.000000	1.000000	1.000000	1.000000	0.999999	0.999965	0.999934	0.000887	1.006356	0.000053	0.933235	0.000011	0.997332	0.000016	0.998940	0.000370	1349416995.559626	1.000007	42.731745	28.906203	0.000000	1.000000	1.000000	1.000000	1.000000	0.994007	0.000145	1.001247	0.000013	1.000000	0.000012	0.999972	0.000111	0.999105	0.000017	1.000000	1.000000	
1349416996.559406	0.999997	715773833.780777	715776358.652235	715830103.395168	0.999970	1.000019	0.999972	1.000039	0.999981	1.000031	0.999972	1.000026	0.999972	1.000030	0.999974	1.000022	0.999971	1.000023	0.999974	1.000037	1349416996.559514	0.999888	715889667.000901	715905489.507302	715908107.044634	0.999974	1.000036	0.999968	1.000022	3.894149	0.256799	0.999971	1.000024	0.999971	1.000026	0.999976	1.000031	0.999971	1.000024	0.999974	1.000035	
1349416997.559400	0.999994	0.000000	0.000000	0.000000	-nan	-nan	-nan	-nan	8.000000	inf	-nan	-nan	-nan	0.000000	-nan	-nan	-nan	-nan	-nan	-nan	1349416997.559472	0.999958	0.000000	0.000000	0.000000	-nan	-nan	-nan	-nan	0.000000	inf	-nan	-nan	-nan	-nan	-nan	-nan	-nan	-nan	-nan	-nan	
