ts_0	elapsed_0	pkg_0	pp0_0	dram_0	freq_ratio_0_0	c0_ratio_0_0	freq_ratio_0_1	c0_ratio_0_1	freq_ratio_0_2	c0_ratio_0_2	freq_ratio_0_3	c0_ratio_0_3	freq_ratio_0_4	c0_ratio_0_4	freq_ratio_0_5	c0_ratio_0_5	freq_ratio_0_6	c0_ratio_0_6	freq_ratio_0_7	c0_ratio_0_7	ts_1	elapsed_1	pkg_1	pp0_1	dram_1	freq_ratio_1_0	c0_ratio_1_0	freq_ratio_1_1	c0_ratio_1_1	freq_ratio_1_2	c0_ratio_1_2	freq_ratio_1_3	c0_ratio_1_3	freq_ratio_1_4	c0_ratio_1_4	freq_ratio_1_5	c0_ratio_1_5	freq_ratio_1_6	c0_ratio_1_6	freq_ratio_1_7	c0_ratio_1_7	
1349478249.948572	1.000671	52.631940	39.335380	4.448111	1.064045	0.710577	1.062834	0.706507	1.062957	0.705866	1.059595	0.691948	1.059234	0.690431	1.057217	0.680380	1.055988	0.674423	1.055423	0.670018	1349478249.948654	1.000333	54.974289	41.781418	3.408258	0.985519	0.706033	0.985466	0.705685	0.980291	0.691134	0.980479	0.691591	0.979962	0.690006	0.979929	0.689830	0.979899	0.689757	1.063091	0.992341	
1349478250.948565	0.999993	49.476935	35.751987	6.206830	0.855894	0.866264	0.855902	0.865824	0.855921	0.865844	0.855916	0.865763	0.855931	0.865757	0.855884	0.865870	0.855990	0.865619	0.855993	0.865617	1349478250.948669	1.000015	50.434026	36.912516	5.991319	0.823318	0.865589	0.823256	0.865409	0.824132	0.867170	0.823283	0.865460	0.823221	0.865241	0.823215	0.865216	0.823222	0.865234	0.877432	0.995866	
1349478251.948569	1.000004	47.662984	34.028732	5.789634	0.875512	0.792813	0.875685	0.792716	0.875633	0.792543	0.875641	0.792524	0.875675	0.792447	0.875669	0.792713	0.875761	0.792634	0.875778	0.792582	1349478251.948669	1.000000	49.715530	36.273956	5.519531	0.836268	0.791861	0.836233	0.791667	0.836328	0.791770	0.836231	0.791655	0.836289	0.791739	0.836283	0.791724	0.836287	0.791728	0.922208	0.996230	
1349478252.948565	0.999996	50.800636	37.025388	6.651104	0.823055	0.977598	0.823148	0.977340	0.823150	0.977311	0.823154	0.977359	0.823186	0.977179	0.823135	0.977357	0.823223	0.977082	0.823238	0.977027	1349478252.948660	0.999991	50.814944	37.261141	6.440396	0.811311	0.977416	0.811275	0.977216	0.811226	0.977021	0.811274	0.977202	0.811226	0.977020	0.811220	0.977005	0.811224	0.977025	0.815631	0.995786	
1349478253.948564	0.999999	50.807956	37.075276	6.443808	0.824739	0.982841	0.824770	0.982771	0.824785	0.982686	0.824785	0.982682	0.824793	0.982620	0.824767	0.982686	0.824809	0.982537	0.824811	0.982526	1349478253.948680	1.000020	50.813435	37.298463	5.997103	0.813839	0.982275	0.813814	0.982157	0.813778	0.981975	0.813814	0.982153	0.813782	0.981942	0.813781	0.982084	0.813782	0.981981	0.816934	0.995449	
1349478254.948565	1.000001	50.811933	36.896648	6.869531	0.807564	0.988691	0.807623	0.988586	0.807632	0.988484	0.807634	0.988479	0.807652	0.988404	0.807611	0.988538	0.807666	0.988410	0.807667	0.988333	1349478254.948657	0.999977	50.817615	37.151241	7.042275	0.798125	0.988093	0.798104	0.987937	0.798084	0.987833	0.798104	0.987929	0.798088	0.987839	0.798080	0.987861	0.798087	0.987833	0.798576	0.995000	
1349478255.948564	0.999999	50.805224	37.102788	6.269995	0.826724	0.985870	0.826751	0.985798	0.826760	0.985769	0.826769	0.985747	0.826781	0.985713	0.826762	0.985702	0.826809	0.985566	0.826810	0.985559	1349478255.948649	0.999992	50.811050	37.322736	5.740510	0.815238	0.985322	0.815224	0.985238	0.815214	0.985039	0.815224	0.985231	0.815214	0.985019	0.815203	0.985144	0.815213	0.985043	0.818055	0.995438	
1349478256.948577	1.000013	50.807775	37.015658	6.661442	0.819212	0.984544	0.819245	0.984484	0.819266	0.984364	0.819268	0.984364	0.819280	0.984300	0.819252	0.984398	0.819302	0.984301	0.819302	0.984211	1349478256.948661	1.000012	50.816319	37.258040	6.384751	0.809503	0.984492	0.809479	0.984353	0.809419	0.984151	0.809479	0.984338	0.809424	0.984157	0.809421	0.984213	0.809443	0.984200	0.811346	0.995702	
1349478257.948579	1.000002	715804415.743851	715824112.562667	715816625.052778	0.999997	1.000177	0.999994	1.000179	1.000004	1.000176	0.999997	1.000176	0.999997	1.000179	0.999999	1.000174	0.999997	1.000179	0.999997	1.000177	1349478257.948666	1.000005	715811870.519882	715808886.645829	715805055.912461	0.999997	1.000176	0.999994	1.000179	3.892565	0.256946	0.999997	1.000177	0.999997	1.000179	0.999999	1.000174	0.999997	1.000179	0.999997	1.000177	
1349478258.948561	0.999982	0.000000	0.000000	0.000000	-nan	-nan	-nan	-nan	8.000000	inf	-nan	-nan	-nan	0.000000	-nan	-nan	-nan	-nan	-nan	-nan	1349478258.948621	0.999955	0.000000	0.000000	0.000000	-nan	-nan	-nan	-nan	0.000000	inf	-nan	-nan	-nan	-nan	-nan	-nan	-nan	-nan	-nan	-nan	
