ts_0	elapsed_0	pkg_0	pp0_0	dram_0	freq_ratio_0_0	c0_ratio_0_0	freq_ratio_0_1	c0_ratio_0_1	freq_ratio_0_2	c0_ratio_0_2	freq_ratio_0_3	c0_ratio_0_3	freq_ratio_0_4	c0_ratio_0_4	freq_ratio_0_5	c0_ratio_0_5	freq_ratio_0_6	c0_ratio_0_6	freq_ratio_0_7	c0_ratio_0_7	ts_1	elapsed_1	pkg_1	pp0_1	dram_1	freq_ratio_1_0	c0_ratio_1_0	freq_ratio_1_1	c0_ratio_1_1	freq_ratio_1_2	c0_ratio_1_2	freq_ratio_1_3	c0_ratio_1_3	freq_ratio_1_4	c0_ratio_1_4	freq_ratio_1_5	c0_ratio_1_5	freq_ratio_1_6	c0_ratio_1_6	freq_ratio_1_7	c0_ratio_1_7	
1349476865.464823	1.000470	42.207491	28.556191	6.758466	0.999995	0.979332	0.999978	0.990471	0.999996	0.990502	0.997734	0.001974	0.971235	0.000136	0.958889	0.000094	0.958719	0.000091	0.987509	0.000306	1349476865.465047	1.000487	41.017618	27.321912	6.705535	1.000000	0.990682	0.999981	0.971150	0.995792	0.000122	0.928080	0.000269	1.002130	0.000089	0.835492	0.000112	1.002359	0.000095	0.999986	0.991228	
1349476866.464811	0.999988	42.650289	28.956461	6.908026	1.000000	0.999982	1.000001	0.999956	1.000000	0.999973	0.999990	0.002051	1.001596	0.000055	1.002156	0.000017	0.998212	0.000015	0.999986	0.000200	1349476866.465038	0.999991	41.493586	27.757927	6.944399	1.000000	0.999997	1.000000	0.999928	1.001684	0.000018	0.999953	0.000115	1.000840	0.000012	1.001133	0.000013	1.000000	0.000017	1.000000	1.000000	
1349476867.464811	1.000000	42.679367	28.985168	6.915451	1.000000	0.999941	1.000000	0.999954	1.000000	0.999952	0.999821	0.001693	0.990960	0.000096	0.996987	0.000065	1.000313	0.000057	0.999984	0.000295	1349476867.465033	0.999995	41.498545	27.764681	6.966130	1.000000	0.999936	1.000000	0.999913	1.001254	0.000090	1.000054	0.000164	0.999628	0.000059	1.000411	0.000054	1.000094	0.000057	1.000000	1.000000	
1349476868.464811	1.000000	42.697098	29.002197	6.915161	0.999919	0.998572	0.999982	0.998444	0.999983	0.998429	1.000214	0.002109	1.002043	0.000520	1.025385	0.000016	1.007195	0.000030	0.949950	0.000250	1349476868.465033	1.000000	41.484253	27.750793	6.946304	1.000000	0.998511	1.000000	0.998394	0.996351	0.000071	0.999923	0.000130	0.999969	0.000012	0.997061	0.000013	0.999956	0.000017	1.000000	1.000000	
1349476869.464811	1.000000	42.689713	28.996826	6.918091	1.000000	0.999943	1.000000	0.999912	1.000000	0.999911	0.999775	0.002164	0.998411	0.000134	0.996417	0.000058	0.993955	0.000069	0.999148	0.000256	1349476869.465036	1.000003	41.461663	27.730718	6.947687	1.000000	1.000000	1.000000	0.999888	1.003066	0.000078	1.000062	0.000248	0.999887	0.000062	0.999804	0.000057	0.998817	0.000060	1.000000	1.000000	
1349476870.464810	0.999999	42.580638	28.903455	6.922187	0.999960	0.998762	0.999982	0.998720	0.999983	0.998719	0.992369	0.002273	0.985785	0.000051	1.000022	0.000018	1.005070	0.000015	0.999330	0.000215	1349476870.465040	1.000004	41.344803	27.632945	6.966021	1.000000	0.998775	1.000000	0.998684	0.988696	0.000021	1.000039	0.000108	1.000218	0.000012	1.003108	0.000013	1.003458	0.000016	1.000000	1.000000	
1349476871.464812	1.000002	42.697962	28.997564	6.925585	1.000000	0.999963	1.000000	0.999960	1.000000	0.999937	1.000016	0.002369	1.004428	0.000147	0.999804	0.000065	1.001397	0.000066	1.000051	0.002568	1349476871.465039	0.999999	41.406015	27.679912	6.952781	1.000000	1.000000	1.000000	0.999942	1.000881	0.000099	0.999112	0.000162	0.999497	0.000055	0.999638	0.000052	1.000299	0.000059	1.000000	1.000000	
1349476872.464812	1.000000	42.662735	28.963455	6.924103	1.000000	0.999989	1.000000	0.999982	1.000000	0.999962	0.999964	0.002184	0.993483	0.000094	1.000798	0.000023	1.000221	0.000019	1.000034	0.000226	1349476872.465033	0.999994	41.435687	27.705960	6.966274	1.000000	1.000000	1.000000	0.999963	0.998540	0.000056	1.001139	0.000114	1.000583	0.000013	0.999942	0.000013	0.997112	0.000016	1.000000	1.000000	
1349476873.464815	1.000003	42.682058	28.982942	6.918283	0.999982	0.999877	0.999983	0.999868	0.999984	0.999845	1.000080	0.002513	1.001229	0.000555	0.987478	0.000058	1.000188	0.000059	0.999995	0.000300	1349476873.465043	1.000010	41.421475	27.691327	6.966925	1.000000	0.999910	1.000000	0.999821	1.000390	0.000130	0.999932	0.000158	0.999845	0.000072	1.000106	0.000080	1.000610	0.000054	1.000000	1.000000	
1349476874.464822	1.000007	715788269.762806	715788196.611731	715817933.938716	0.999999	1.000172	0.999996	1.000175	1.000006	1.000172	0.999999	1.000172	0.999999	1.000175	1.000001	1.000170	0.999999	1.000175	0.999999	1.000172	1349476874.464924	0.999881	715884727.390165	715896591.408785	715903910.791328	0.999999	1.000172	0.999996	1.000175	3.892419	0.256956	0.999999	1.000172	0.999999	1.000175	1.000001	1.000170	0.999999	1.000175	0.999999	1.000172	
1349476875.464883	1.000061	0.000000	0.000000	0.000000	-nan	-nan	-nan	-nan	0.000000	inf	-nan	-nan	-nan	0.000000	-nan	-nan	-nan	-nan	-nan	-nan	1349476875.464963	1.000039	0.000000	0.000000	0.000000	-nan	-nan	-nan	-nan	0.000000	inf	-nan	-nan	-nan	-nan	-nan	-nan	-nan	-nan	-nan	-nan	
