ts_0	elapsed_0	pkg_0	pp0_0	dram_0	freq_ratio_0_0	c0_ratio_0_0	freq_ratio_0_1	c0_ratio_0_1	freq_ratio_0_2	c0_ratio_0_2	freq_ratio_0_3	c0_ratio_0_3	freq_ratio_0_4	c0_ratio_0_4	freq_ratio_0_5	c0_ratio_0_5	freq_ratio_0_6	c0_ratio_0_6	freq_ratio_0_7	c0_ratio_0_7	ts_1	elapsed_1	pkg_1	pp0_1	dram_1	freq_ratio_1_0	c0_ratio_1_0	freq_ratio_1_1	c0_ratio_1_1	freq_ratio_1_2	c0_ratio_1_2	freq_ratio_1_3	c0_ratio_1_3	freq_ratio_1_4	c0_ratio_1_4	freq_ratio_1_5	c0_ratio_1_5	freq_ratio_1_6	c0_ratio_1_6	freq_ratio_1_7	c0_ratio_1_7	
1350067897.441434	1.000260	70.899435	57.589390	6.119807	1.000000	1.000000	1.000000	1.000000	1.000000	1.000000	1.000000	1.000000	1.000000	1.000000	1.000000	1.000000	1.000000	1.000000	1.000000	1.000000	1350067897.441476	1.000244	35.543211	22.362420	2.036887	0.999954	0.003030	1.000000	1.000000	1.000000	1.000000	0.998552	0.000547	0.997245	0.000073	1.001413	0.000068	0.998799	0.000062	0.999673	0.000074	
1350067898.441438	1.000004	69.204431	55.884127	6.115194	0.999998	0.720282	0.999999	1.000000	0.999999	0.999999	0.999999	0.999999	0.999999	0.999999	0.999999	0.999999	1.000000	1.000000	0.999999	0.999999	1350067898.441540	1.000064	37.291120	24.101701	1.697706	1.000007	0.281041	1.000001	1.000001	1.000001	1.000001	1.000897	0.000690	1.048524	0.000013	1.020322	0.000013	1.045173	0.000013	1.038293	0.000013	
1350067899.441425	0.999987	65.040236	51.723273	6.102985	0.999814	0.000655	1.000000	1.000000	1.000000	1.000000	1.000000	1.000000	1.000000	1.000000	1.000000	1.000000	1.000000	1.000000	1.000000	1.000000	1350067899.441515	0.999975	41.874232	28.670457	1.909166	1.000000	1.000000	1.000000	1.000000	1.000000	1.000000	1.000035	0.001860	1.000355	0.000098	0.993048	0.000090	0.998982	0.000084	0.993448	0.000085	
1350067900.441424	0.999999	65.121690	51.803211	6.115240	0.999971	0.000508	1.000000	1.000000	1.000000	1.000000	1.000000	1.000000	1.000000	1.000000	1.000000	1.000000	1.000000	1.000000	1.000000	1.000000	1350067900.441514	0.999999	41.952204	28.743207	1.882479	1.000000	1.000000	1.000000	1.000000	1.000000	1.000000	1.000005	0.001829	1.000489	0.000012	1.016526	0.000042	0.999826	0.000013	1.025964	0.000021	
1350067901.441431	1.000007	59.603638	46.285904	6.115177	0.999996	0.000639	0.999996	0.119303	1.000000	1.000000	1.000000	1.000000	1.000000	1.000000	1.000000	1.000000	1.000000	1.000000	1.000000	1.000000	1350067901.441542	1.000028	47.212733	34.017438	1.928123	1.000000	1.000000	1.000000	1.000000	1.000000	1.000000	1.000001	0.881197	0.999640	0.001647	0.995428	0.000051	0.998509	0.000060	0.999935	0.000197	
1350067902.441424	0.999993	58.836329	45.519220	6.121441	0.999960	0.000445	0.999449	0.000013	1.000000	1.000000	1.000000	1.000000	1.000000	1.000000	1.000000	1.000000	1.000000	1.000000	1.000000	1.000000	1350067902.441543	1.000001	48.006882	34.797101	1.818114	1.000000	1.000000	1.000000	1.000000	1.000000	1.000000	1.000000	1.000000	0.999996	0.001886	1.016631	0.000013	1.005143	0.000012	1.002069	0.000011	
1350067903.441424	1.000000	58.809204	45.504501	6.084412	0.999886	0.000934	1.000127	0.000130	1.000000	1.000000	1.000000	1.000000	1.000000	1.000000	1.000000	1.000000	1.000000	1.000000	1.000000	1.000000	1350067903.441542	0.999999	48.009201	34.799151	1.835695	1.000000	1.000000	1.000000	1.000000	1.000000	1.000000	1.000000	1.000000	0.999990	0.001933	0.985751	0.000069	0.999955	0.000068	1.000228	0.000071	
1350067904.441424	1.000000	58.834488	45.517883	6.133728	1.000127	0.000410	0.985831	0.000013	1.000000	1.000000	1.000000	1.000000	1.000000	1.000000	1.000000	1.000000	1.000000	1.000000	1.000000	1.000000	1350067904.441534	0.999992	48.007347	34.795219	1.748031	1.000000	1.000000	1.000000	1.000000	1.000000	1.000000	1.000000	1.000000	0.999990	0.001842	1.084988	0.000012	0.991275	0.000013	0.999012	0.000012	
1350067905.441424	1.000000	58.828079	45.511017	6.078247	0.999959	0.000713	1.001175	0.000148	1.000000	1.000000	1.000000	1.000000	1.000000	1.000000	1.000000	1.000000	1.000000	1.000000	1.000000	1.000000	1350067905.441536	1.000002	48.022491	34.812113	1.837399	1.000000	1.000000	1.000000	1.000000	1.000000	1.000000	1.000000	1.000000	0.999999	0.001836	1.000148	0.000094	1.000229	0.000067	1.000012	0.000187	
1350067906.441424	1.000000	58.882172	45.564682	6.109070	1.000018	0.002507	1.000537	0.000022	1.000000	1.000000	1.000000	1.000000	1.000000	1.000000	1.000000	1.000000	1.000000	1.000000	1.000000	1.000000	1350067906.441546	1.000010	48.019676	34.809176	1.920070	1.000000	1.000000	1.000000	1.000000	1.000000	1.000000	1.000000	1.000000	1.000000	0.001985	0.999726	0.000020	0.992935	0.000012	0.984733	0.000012	
1350067907.441431	1.000007	58.834569	45.518560	6.102863	1.000007	0.000622	0.999169	0.000155	1.000000	1.000000	1.000000	1.000000	1.000000	1.000000	1.000000	1.000000	1.000000	1.000000	1.000000	1.000000	1350067907.441547	1.000001	47.991623	34.795484	1.876295	1.000000	1.000000	1.000000	1.000000	1.000000	1.000000	1.000000	1.000000	0.999910	0.001890	0.999169	0.000066	1.003543	0.000060	1.003141	0.000061	
1350067908.441424	0.999993	58.863932	45.546396	6.108929	0.999966	0.001024	1.002585	0.000048	1.000000	1.000000	1.000000	1.000000	1.000000	1.000000	1.000000	1.000000	1.000000	1.000000	1.000000	1.000000	1350067908.441541	0.999994	48.053082	34.839655	1.835475	1.000000	1.000000	1.000000	1.000000	1.000000	1.000000	1.000000	1.000000	1.000067	0.001876	1.005132	0.000013	0.867228	0.000013	0.999704	0.000012	
1350067909.441424	1.000000	58.814804	45.497208	6.102905	1.000010	0.000628	0.991865	0.000074	1.000000	1.000000	1.000000	1.000000	1.000000	1.000000	1.000000	1.000000	1.000000	1.000000	1.000000	1.000000	1350067909.441548	1.000007	48.068805	34.857593	1.838473	1.000000	1.000000	1.000000	1.000000	1.000000	1.000000	1.000000	1.000000	0.999915	0.001847	0.996538	0.000069	1.025933	0.000065	1.000047	0.000138	
1350067910.441424	1.000000	58.810913	45.492996	6.096741	0.999927	0.000556	1.021161	0.000028	1.000000	1.000000	1.000000	1.000000	1.000000	1.000000	1.000000	1.000000	1.000000	1.000000	1.000000	1.000000	1350067910.441535	0.999987	48.067388	34.855361	1.864008	1.000000	1.000000	1.000000	1.000000	1.000000	1.000000	1.000000	1.000000	1.000072	0.001910	1.003543	0.000060	0.986775	0.000013	0.999143	0.000012	
1350067911.441424	1.000000	58.775711	45.471237	6.102890	0.999969	0.000629	1.000026	0.000060	1.000000	1.000000	1.000000	1.000000	1.000000	1.000000	1.000000	1.000000	1.000000	1.000000	1.000000	1.000000	1350067911.441542	1.000007	48.071811	34.860873	1.938753	1.000000	1.000000	1.000000	1.000000	1.000000	1.000000	1.000000	1.000000	0.999985	0.001953	0.999792	0.000094	1.002500	0.000076	0.994492	0.000097	
1350067912.441424	1.000000	58.839157	45.521317	6.102905	0.999737	0.000439	0.986111	0.000013	1.000000	1.000000	1.000000	1.000000	1.000000	1.000000	1.000000	1.000000	1.000000	1.000000	1.000000	1.000000	1350067912.441539	0.999997	48.059719	34.850343	1.780050	1.000000	1.000000	1.000000	1.000000	1.000000	1.000000	1.000000	1.000000	0.999999	0.001911	1.001751	0.000012	1.000127	0.000012	1.026039	0.000021	
1350067913.441424	1.000000	58.742386	45.425018	6.102905	1.000086	0.001155	1.000134	0.000103	1.000000	1.000000	1.000000	1.000000	1.000000	1.000000	1.000000	1.000000	1.000000	1.000000	1.000000	1.000000	1350067913.441543	1.000004	47.992237	34.782055	2.086097	1.000000	1.000000	1.000000	1.000000	1.000000	1.000000	1.000000	1.000000	0.999998	0.001867	0.999974	0.000074	0.999219	0.000052	0.999771	0.000133	
1350067914.441424	1.000000	58.845642	45.528000	6.090576	0.999976	0.000521	1.012968	0.000013	1.000000	1.000000	1.000000	1.000000	1.000000	1.000000	1.000000	1.000000	1.000000	1.000000	1.000000	1.000000	1350067914.441544	1.000001	48.064789	34.855741	1.910170	1.000000	1.000000	1.000000	1.000000	1.000000	1.000000	1.000000	1.000000	0.999998	0.001792	0.996387	0.000014	1.003493	0.000012	1.003597	0.000011	
1350067915.441424	1.000000	58.852402	45.534439	6.109070	1.000037	0.000860	1.000287	0.000077	1.000000	1.000000	1.000000	1.000000	1.000000	1.000000	1.000000	1.000000	1.000000	1.000000	1.000000	1.000000	1350067915.441542	0.999998	48.063934	34.854437	1.963871	1.000000	1.000000	1.000000	1.000000	1.000000	1.000000	1.000000	1.000000	0.999979	0.001778	1.000289	0.000093	0.974351	0.000068	0.999842	0.000071	
1350067916.441424	1.000000	58.870056	45.552155	6.090576	0.999994	0.002436	0.983781	0.000013	1.000000	1.000000	1.000000	1.000000	1.000000	1.000000	1.000000	1.000000	1.000000	1.000000	1.000000	1.000000	1350067916.441559	1.000017	48.044841	34.833456	1.951414	1.000000	1.000000	1.000000	1.000000	1.000000	1.000000	1.000000	1.000000	1.000006	0.001868	0.986578	0.000019	1.138597	0.000011	0.986494	0.000012	
1350067917.441424	1.000000	59.041229	45.780991	6.120346	0.999988	0.004132	0.999911	0.003622	1.000000	1.000000	1.000000	1.000000	1.000000	1.000000	1.000000	1.000000	1.000000	1.000000	1.000000	1.000000	1350067917.441542	0.999983	49.227518	36.027984	2.036625	1.000000	1.000000	1.000000	1.000000	1.000000	1.000000	1.000000	1.000000	0.999967	0.005428	0.999930	0.003007	0.999892	0.002890	1.000003	0.002856	
1350067918.441424	1.000000	58.862259	45.498947	6.109070	0.999914	0.000658	0.999203	0.000253	1.000000	1.000000	1.000000	1.000000	1.000000	1.000000	1.000000	1.000000	1.000000	1.000000	1.000000	1.000000	1350067918.441535	0.999993	48.037197	34.821820	1.980543	1.000000	1.000000	1.000000	1.000000	1.000000	1.000000	1.000000	1.000000	1.000079	0.001872	1.079774	0.000006	1.043906	0.000008	1.006216	0.000008	
1350067919.441424	1.000000	58.851898	45.534576	6.096725	1.000093	0.000557	1.000726	0.000245	1.000000	1.000000	1.000000	1.000000	1.000000	1.000000	1.000000	1.000000	1.000000	1.000000	1.000000	1.000000	1350067919.441545	1.000010	48.043006	34.829592	2.017115	1.000000	1.000000	1.000000	1.000000	1.000000	1.000000	1.000000	1.000000	0.999986	0.001758	0.995254	0.000073	1.000968	0.000075	1.001204	0.000074	
1350067920.441424	1.000000	58.843689	45.525772	6.096741	0.999922	0.000486	0.999964	0.000224	1.000000	1.000000	1.000000	1.000000	1.000000	1.000000	1.000000	1.000000	1.000000	1.000000	1.000000	1.000000	1350067920.441540	0.999995	48.053662	34.842719	1.924616	1.000000	1.000000	1.000000	1.000000	1.000000	1.000000	1.000000	1.000000	0.999996	0.001743	1.005401	0.000062	1.004088	0.000012	0.999869	0.000012	
1350067921.441424	1.000000	58.824738	45.506882	6.102859	1.000019	0.001286	1.000106	0.000290	1.000000	1.000000	1.000000	1.000000	1.000000	1.000000	1.000000	1.000000	1.000000	1.000000	1.000000	1.000000	1350067921.441543	1.000003	48.060215	34.847564	2.029245	1.000000	1.000000	1.000000	1.000000	1.000000	1.000000	1.000000	1.000000	0.999998	0.002076	0.999939	0.000064	0.999882	0.000069	0.999868	0.000082	
1350067922.441424	1.000000	58.826828	45.508362	6.102890	0.999939	0.000376	0.999002	0.000231	1.000000	1.000000	1.000000	1.000000	1.000000	1.000000	1.000000	1.000000	1.000000	1.000000	1.000000	1.000000	1350067922.441540	0.999997	48.035336	34.825059	1.937598	1.000000	1.000000	1.000000	1.000000	1.000000	1.000000	1.000000	1.000000	0.999991	0.001811	1.000094	0.000012	0.996973	0.000012	1.000981	0.000012	
1350067923.441424	1.000000	58.827911	45.510315	6.078247	0.999957	0.000871	1.000606	0.000312	1.000000	1.000000	1.000000	1.000000	1.000000	1.000000	1.000000	1.000000	1.000000	1.000000	1.000000	1.000000	1350067923.441546	1.000006	48.067691	34.858008	2.066104	1.000000	1.000000	1.000000	1.000000	1.000000	1.000000	1.000000	1.000000	0.999989	0.002865	0.999812	0.000078	1.000599	0.000090	0.999944	0.000083	
1350067924.441424	1.000000	58.822083	45.504517	6.102905	1.000009	0.000369	0.999973	0.000215	1.000000	1.000000	1.000000	1.000000	1.000000	1.000000	1.000000	1.000000	1.000000	1.000000	1.000000	1.000000	1350067924.441542	0.999996	48.061154	34.850987	1.974434	1.000000	1.000000	1.000000	1.000000	1.000000	1.000000	1.000000	1.000000	1.000008	0.001842	0.999842	0.000058	0.999915	0.000055	1.000027	0.000070	
1350067925.441424	1.000000	58.829468	45.512451	6.096710	0.999993	0.000683	0.999976	0.000268	1.000000	1.000000	1.000000	1.000000	1.000000	1.000000	1.000000	1.000000	1.000000	1.000000	1.000000	1.000000	1350067925.441547	1.000005	48.066806	34.856805	1.973043	1.000000	1.000000	1.000000	1.000000	1.000000	1.000000	1.000000	1.000000	1.000004	0.001760	0.999180	0.000091	0.999605	0.000055	0.999984	0.000072	
1350067926.441424	1.000000	58.828445	45.511765	6.121399	0.999994	0.002255	0.999959	0.000216	1.000000	1.000000	1.000000	1.000000	1.000000	1.000000	1.000000	1.000000	1.000000	1.000000	1.000000	1.000000	1350067926.441542	0.999995	48.018688	34.820868	2.018351	1.000000	1.000000	1.000000	1.000000	1.000000	1.000000	1.000000	1.000000	0.999994	0.001875	1.002655	0.000019	0.987275	0.000012	0.985767	0.000012	
1350067927.441431	1.000007	58.739325	45.436255	6.090488	1.000016	0.000564	1.000011	0.000377	1.000000	1.000000	1.000000	1.000000	1.000000	1.000000	1.000000	1.000000	1.000000	1.000000	1.000000	1.000000	1350067927.441547	1.000005	48.083438	34.872582	1.913885	1.000000	1.000000	1.000000	1.000000	1.000000	1.000000	1.000000	1.000000	0.999986	0.001788	0.996768	0.000078	1.001964	0.000083	1.001982	0.000084	
1350067928.441424	0.999993	58.828059	45.510431	6.109082	1.000064	0.000794	0.999451	0.000335	1.000000	1.000000	1.000000	1.000000	1.000000	1.000000	1.000000	1.000000	1.000000	1.000000	1.000000	1.000000	1350067928.441539	0.999992	48.054650	34.845238	1.921845	1.000000	1.000000	1.000000	1.000000	1.000000	1.000000	1.000000	1.000000	0.999998	0.001771	0.964885	0.000021	0.998670	0.000052	0.999990	0.000037	
1350067929.441494	1.000070	715716966.631127	715714178.407851	715719808.309457	0.999985	1.000186	0.999983	1.000191	0.999993	1.000187	0.999986	1.000188	0.999986	1.000190	0.999988	1.000186	0.999986	1.000191	0.999986	1.000189	1350067929.441592	1.000053	715786291.543750	715737533.419982	715786972.896618	0.999986	1.000187	0.999983	1.000190	3.893330	0.256896	0.999986	1.000188	0.999986	1.000191	0.999988	1.000186	0.999986	1.000191	0.999986	1.000189	
1350067930.441528	1.000034	0.000000	0.000000	0.000000	-nan	-nan	-nan	-nan	889354942046.710083	inf	-nan	-nan	-nan	0.000000	0.000000	inf	-nan	-nan	-nan	-nan	1350067930.441615	1.000023	0.000000	0.000000	0.000000	-nan	-nan	-nan	-nan	1.345745	inf	-nan	-nan	-nan	-nan	-nan	-nan	-nan	-nan	-nan	-nan	
