ts_0	elapsed_0	pkg_0	pp0_0	dram_0	freq_ratio_0_0	c0_ratio_0_0	freq_ratio_0_1	c0_ratio_0_1	freq_ratio_0_2	c0_ratio_0_2	freq_ratio_0_3	c0_ratio_0_3	freq_ratio_0_4	c0_ratio_0_4	freq_ratio_0_5	c0_ratio_0_5	freq_ratio_0_6	c0_ratio_0_6	freq_ratio_0_7	c0_ratio_0_7	ts_1	elapsed_1	pkg_1	pp0_1	dram_1	freq_ratio_1_0	c0_ratio_1_0	freq_ratio_1_1	c0_ratio_1_1	freq_ratio_1_2	c0_ratio_1_2	freq_ratio_1_3	c0_ratio_1_3	freq_ratio_1_4	c0_ratio_1_4	freq_ratio_1_5	c0_ratio_1_5	freq_ratio_1_6	c0_ratio_1_6	freq_ratio_1_7	c0_ratio_1_7	
1350071479.982997	1.000514	47.816882	34.595803	6.105885	1.268195	0.997853	1.229800	0.000768	1.230431	0.000960	1.227962	0.000113	1.268198	0.997865	1.230661	0.000263	1.230785	0.000063	1.230778	0.000058	1350071479.983177	1.000390	48.725395	35.590930	3.019284	1.269116	0.998924	1.229994	0.000426	1.228063	0.000104	1.218080	0.000032	1.269116	0.998922	1.230739	0.000451	1.229930	0.000068	1.229750	0.000050	
1350071480.982987	0.999990	47.827673	34.624187	6.115296	1.269160	0.999287	1.230806	0.000319	1.230861	0.000062	1.229442	0.000010	1.269160	0.999287	1.230744	0.000174	1.228820	0.000009	1.230003	0.000010	1350071480.983158	0.999981	48.864534	35.718012	2.716421	1.269162	0.999354	1.230808	0.000282	1.231570	0.000056	1.231649	0.000061	1.269162	0.999354	1.229856	0.000247	1.224047	0.000038	1.229592	0.000011	
1350071481.982987	1.000000	47.839554	34.642212	6.115234	1.269135	0.999102	1.229649	0.000309	1.212763	0.000017	1.225851	0.000059	1.269135	0.999103	1.230695	0.000237	1.231402	0.000039	1.230910	0.000118	1350071481.983164	1.000006	48.928282	35.778550	2.741683	1.269148	0.999244	1.228660	0.000276	1.226963	0.000105	1.220059	0.000018	1.269148	0.999242	1.231428	0.000312	1.235948	0.000073	1.233946	0.000075	
1350071482.982987	1.000000	47.871902	34.674820	6.096466	1.269163	0.999310	1.228208	0.000286	1.231291	0.000042	1.230720	0.000010	1.269163	0.999306	1.230703	0.000159	1.231108	0.000009	1.231238	0.000010	1350071482.983163	0.999999	48.961884	35.806705	2.708041	1.269166	0.999365	1.231508	0.000280	1.231867	0.000044	1.230160	0.000057	1.269166	0.999376	1.230701	0.000226	1.230748	0.000031	1.230196	0.000010	
1350071483.982987	1.000000	48.129822	34.931473	6.152252	1.263370	0.992824	1.232021	0.000558	1.230655	0.004076	1.225110	0.000051	1.263370	0.992810	1.230726	0.000228	1.230847	0.000038	1.230703	0.000044	1350071483.983156	0.999993	48.982013	35.823887	3.772426	1.269033	0.998914	1.230599	0.002169	1.224408	0.000082	1.194840	0.000018	1.269033	0.998901	1.230736	0.000558	1.229192	0.000062	1.230789	0.000053	
1350071484.982987	1.000000	48.315292	35.116379	6.102905	1.246150	0.994356	1.229551	0.000532	1.230732	0.006156	1.227383	0.000009	1.246147	0.994341	1.230531	0.000174	1.223305	0.000009	1.230460	0.000009	1350071484.983271	1.000115	48.971805	35.816532	4.390593	1.269161	0.999358	1.230703	0.000335	1.237329	0.000037	1.234911	0.000053	1.269162	0.999358	1.230723	0.000246	1.232691	0.000038	1.230793	0.000017	
1350071485.982987	1.000000	48.539551	35.342865	6.090576	1.232794	0.998784	1.231823	0.000305	1.230504	0.002540	1.212158	0.000049	1.232796	0.998804	1.231452	0.000231	1.218270	0.000038	1.223818	0.000077	1350071485.983133	0.999862	49.003896	35.843128	3.661058	1.269071	0.998815	1.230940	0.000589	1.225680	0.000194	1.226731	0.000017	1.269070	0.998809	1.230776	0.000264	1.231215	0.000064	1.230722	0.000074	
1350071486.982987	1.000000	47.879440	34.679626	6.096741	1.269159	0.999277	1.228511	0.000313	1.240738	0.000051	1.255216	0.000027	1.269158	0.999267	1.230860	0.000177	1.232606	0.000010	1.234588	0.000010	1350071486.983159	1.000026	49.001488	35.840240	2.729375	1.268769	0.995066	1.230627	0.003534	1.231113	0.000269	1.223492	0.000060	1.268769	0.995063	1.230191	0.000248	1.226162	0.000049	1.210991	0.000011	
1350071487.982987	1.000000	47.835739	34.649216	6.096741	1.269136	0.999075	1.231825	0.000340	1.207519	0.000014	1.225363	0.000056	1.269136	0.999074	1.230006	0.000232	1.241243	0.000048	1.235090	0.000117	1350071487.983159	1.000000	49.005936	35.846069	2.750397	1.268397	0.992734	1.230744	0.004957	1.229166	0.000349	1.226585	0.000028	1.268397	0.992728	1.231138	0.000320	1.233295	0.000086	1.226379	0.000090	
1350071488.982987	1.000000	51.291992	38.079651	6.095490	1.228741	0.999138	1.165890	0.003463	1.157353	0.002566	1.155633	0.002483	1.228738	0.999136	1.158604	0.002604	1.155552	0.002366	1.156010	0.002466	1350071488.983106	0.999947	50.113721	36.950320	2.721641	1.245837	0.998719	1.170821	0.003461	1.161298	0.003029	1.155439	0.002637	1.245833	0.998714	1.162644	0.002979	1.158419	0.003646	1.155280	0.002759	
1350071489.982987	1.000000	47.860565	34.676193	6.065918	1.268942	0.998585	1.230236	0.001023	1.230092	0.000018	1.233012	0.000046	1.268944	0.998585	1.233423	0.000218	1.244151	0.000030	1.241582	0.000043	1350071489.983156	1.000050	49.019091	35.853170	2.840678	1.269118	0.999196	1.223196	0.000085	1.229207	0.000312	1.241369	0.000018	1.269121	0.999196	1.230728	0.000300	1.230663	0.000075	1.230736	0.000102	
1350071490.982987	1.000000	47.865021	34.669342	6.102905	1.269156	0.999268	1.230734	0.000293	1.230706	0.000057	1.211290	0.000030	1.269156	0.999267	1.227002	0.000194	1.210715	0.000029	1.203069	0.000019	1350071490.983158	1.000002	49.001936	35.834938	2.707621	1.269153	0.999255	1.233652	0.000113	1.231521	0.000323	1.230825	0.000084	1.269152	0.999266	1.230788	0.000250	1.230746	0.000037	1.231945	0.000010	
1350071491.982987	1.000000	47.806351	34.608109	6.102921	1.269141	0.999157	1.227725	0.000338	1.218707	0.000022	1.226329	0.000052	1.269141	0.999157	1.230824	0.000228	1.230409	0.000045	1.230665	0.000047	1350071491.983157	0.999999	48.935777	35.768970	2.728350	1.267855	0.993317	1.230443	0.001036	1.229900	0.000330	1.219529	0.000024	1.267855	0.993310	1.230725	0.003405	1.230741	0.000072	1.230701	0.000088	
1350071492.982987	1.000000	47.854385	34.657608	6.096741	1.269154	0.999310	1.230819	0.000299	1.230265	0.000038	1.227666	0.000010	1.269154	0.999309	1.230663	0.000179	1.229444	0.000010	1.229805	0.000010	1350071492.983162	1.000005	48.989837	35.826847	2.716066	1.268771	0.995116	1.230532	0.003481	1.230825	0.000263	1.230881	0.000058	1.268771	0.995102	1.230286	0.000234	1.224361	0.000036	1.211900	0.000010	
1350071493.982987	1.000000	47.853149	34.656906	6.090576	1.269104	0.999118	1.231762	0.000428	1.215245	0.000017	1.226046	0.000051	1.269104	0.999118	1.230784	0.000219	1.230736	0.000037	1.230875	0.000044	1350071493.983170	1.000008	49.015380	35.852142	2.764596	1.268844	0.996867	1.230837	0.003423	1.229027	0.000332	1.213090	0.000017	1.268844	0.996876	1.230983	0.000387	1.233770	0.000075	1.232344	0.000133	
1350071494.982987	1.000000	47.882904	34.686356	6.133728	1.269135	0.999075	1.230738	0.000549	1.231144	0.000038	1.228736	0.000010	1.269135	0.999074	1.230516	0.000175	1.227754	0.000009	1.228193	0.000010	1350071494.983163	0.999993	49.010104	35.844974	2.702076	1.269160	0.999335	1.231909	0.000096	1.231605	0.000295	1.227587	0.000059	1.269159	0.999335	1.229896	0.000249	1.221261	0.000045	1.217641	0.000017	
1350071495.982987	1.000000	47.886078	34.688873	6.084427	1.269154	0.999244	1.229779	0.000324	1.212851	0.000017	1.224405	0.000044	1.269154	0.999246	1.230837	0.000206	1.231621	0.000039	1.231392	0.000037	1350071495.983153	0.999990	49.362845	36.199566	2.702633	1.247786	0.998511	1.223372	0.000084	1.228915	0.000309	1.214001	0.000019	1.247783	0.998485	1.231521	0.000258	1.234495	0.000066	1.230465	0.000904	
1350071496.982987	1.000000	47.861847	34.663498	6.090576	1.269163	0.999308	1.230799	0.000274	1.230516	0.000037	1.227325	0.000010	1.269163	0.999308	1.230711	0.000175	1.229365	0.000009	1.230137	0.000009	1350071496.983157	1.000004	49.007843	35.842430	2.707524	1.269150	0.999270	1.233524	0.000112	1.231591	0.000285	1.231540	0.000057	1.269155	0.999290	1.230730	0.000271	1.235625	0.000037	1.283409	0.000010	
1350071497.982987	1.000000	47.840973	34.644058	6.109070	1.269148	0.999183	1.229883	0.000332	1.216987	0.000017	1.211695	0.000048	1.269148	0.999183	1.231335	0.000228	1.216987	0.000036	1.217511	0.000040	1350071497.983155	0.999998	49.013414	35.849144	2.728033	1.269049	0.998158	1.226368	0.000078	1.229699	0.000298	1.226320	0.000017	1.269049	0.998145	1.230739	0.000285	1.230765	0.000065	1.230766	0.000944	
1350071498.982987	1.000000	47.879471	34.677765	6.109070	1.269156	0.999225	1.228831	0.000316	1.230362	0.000049	1.261077	0.000021	1.269156	0.999224	1.230665	0.000157	1.230811	0.000010	1.233276	0.000010	1350071498.983201	1.000046	49.007251	35.845732	2.713193	1.269157	0.999332	1.225418	0.000116	1.230772	0.000281	1.222455	0.000052	1.269157	0.999332	1.230029	0.000305	1.226428	0.000038	1.218513	0.000017	
1350071499.982987	1.000000	47.902649	34.696548	6.127563	1.269017	0.997823	1.231312	0.000545	1.211048	0.000012	1.224793	0.000041	1.269017	0.997822	1.230100	0.000233	1.241477	0.000046	1.231290	0.000996	1350071499.983163	0.999962	48.969767	35.821365	2.880435	1.269128	0.999020	1.232440	0.000103	1.229147	0.000327	1.227402	0.000026	1.269128	0.999028	1.230707	0.000316	1.231854	0.000131	1.228681	0.000183	
1350071500.982987	1.000000	47.881226	34.682098	6.109070	1.269147	0.999135	1.229119	0.000325	1.230758	0.000079	1.230806	0.000010	1.269147	0.999134	1.230656	0.000188	1.231875	0.000009	1.231529	0.000010	1350071500.983153	0.999990	49.004626	35.842278	2.710553	1.268907	0.996568	1.229920	0.000097	1.231617	0.000278	1.235469	0.000052	1.268907	0.996556	1.231102	0.000256	1.230743	0.002339	1.258799	0.000020	
1350071501.982987	1.000000	47.844467	34.647247	6.090591	1.269152	0.999224	1.231393	0.000310	1.212355	0.000018	1.223423	0.000049	1.269152	0.999224	1.230746	0.000217	1.230178	0.000034	1.230562	0.000047	1350071501.983160	1.000007	48.996838	35.833325	2.710629	1.268916	0.996698	1.227766	0.000070	1.229748	0.000319	1.211216	0.000019	1.268915	0.996695	1.231175	0.000278	1.230730	0.002214	1.231006	0.000060	
1350071502.982987	1.000000	47.866913	34.670151	6.121399	1.269165	0.999333	1.228786	0.000262	1.231450	0.000037	1.228418	0.000009	1.269165	0.999332	1.230760	0.000178	1.229601	0.000009	1.226706	0.000010	1350071502.983163	1.000003	48.995271	35.831859	2.708152	1.268909	0.996543	1.225708	0.000102	1.230743	0.000259	1.228752	0.000048	1.268909	0.996552	1.230726	0.000248	1.230742	0.002364	1.231709	0.000010	
1350071503.982987	1.000000	47.876724	34.677139	6.115234	1.269150	0.999205	1.231512	0.000354	1.212593	0.000018	1.224896	0.000044	1.269150	0.999203	1.230642	0.000229	1.231768	0.000035	1.232083	0.000037	1350071503.983159	0.999996	48.996948	35.834084	2.762615	1.268565	0.993776	1.230909	0.001663	1.229667	0.000309	1.218623	0.000019	1.268565	0.993757	1.230728	0.000369	1.230734	0.004569	1.230671	0.000043	
1350071504.982988	1.000001	715789578.994008	715762125.965715	715798479.802567	0.999990	1.000217	0.999988	1.000221	0.999990	1.000225	0.999990	1.000218	0.999990	1.000220	0.999993	1.000215	0.999990	1.000220	0.999990	1.000218	1350071504.983082	0.999923	715830471.024741	715874382.205272	715832743.834351	0.999990	1.000218	0.999988	1.000220	3.893023	0.256925	0.999990	1.000219	0.999990	1.000220	0.999993	1.000216	0.999990	1.000220	0.999990	1.000218	
1350071505.982987	0.999999	0.000000	0.000000	0.000000	-nan	-nan	-nan	-nan	0.000000	inf	-nan	-nan	-nan	0.000000	-nan	-nan	-nan	-nan	-nan	-nan	1350071505.983044	0.999962	0.000000	0.000000	0.000000	-nan	-nan	-nan	-nan	0.000000	inf	-nan	-nan	-nan	-nan	-nan	-nan	-nan	-nan	-nan	-nan	
