ts_0	elapsed_0	pkg_0	pp0_0	dram_0	freq_ratio_0_0	c0_ratio_0_0	freq_ratio_0_1	c0_ratio_0_1	freq_ratio_0_2	c0_ratio_0_2	freq_ratio_0_3	c0_ratio_0_3	freq_ratio_0_4	c0_ratio_0_4	freq_ratio_0_5	c0_ratio_0_5	freq_ratio_0_6	c0_ratio_0_6	freq_ratio_0_7	c0_ratio_0_7	ts_1	elapsed_1	pkg_1	pp0_1	dram_1	freq_ratio_1_0	c0_ratio_1_0	freq_ratio_1_1	c0_ratio_1_1	freq_ratio_1_2	c0_ratio_1_2	freq_ratio_1_3	c0_ratio_1_3	freq_ratio_1_4	c0_ratio_1_4	freq_ratio_1_5	c0_ratio_1_5	freq_ratio_1_6	c0_ratio_1_6	freq_ratio_1_7	c0_ratio_1_7	
1350070864.750840	1.000674	39.447914	26.248925	3.782851	1.269209	0.999774	1.267329	0.002430	1.258437	0.000080	1.268244	0.003008	1.260462	0.000076	1.269300	0.000054	1.269442	0.000068	1.269445	0.000045	1350070864.751246	1.000632	38.034219	24.843246	1.621717	1.259835	0.000081	1.244220	0.000096	1.231616	0.000072	1.269198	0.999736	1.253857	0.000316	1.232553	0.000056	1.229531	0.000032	1.253521	0.000010	
1350070865.750831	0.999991	39.874720	26.652387	3.800266	1.268794	0.999613	1.203397	0.005050	1.158210	0.002671	1.222154	0.006228	1.156339	0.002370	1.156267	0.002501	1.156976	0.002503	1.155458	0.002319	1350070865.751237	0.999991	37.913155	24.721019	1.608108	1.156598	0.002443	1.167752	0.003594	1.159750	0.002570	1.268851	0.999683	1.167535	0.002566	1.157804	0.002378	1.157468	0.002347	1.157464	0.002280	
1350070866.750831	1.000000	39.356644	26.130386	3.797623	1.269214	0.999850	1.260945	0.000559	1.262246	0.000331	1.264925	0.000122	1.244378	0.000045	1.251524	0.000031	1.254579	0.000037	1.251613	0.000030	1350070866.751232	0.999995	37.727163	24.535447	1.591317	1.264715	0.000063	1.266655	0.000102	1.264716	0.000062	1.269216	0.999912	1.269007	0.000284	1.276558	0.000035	1.244138	0.000048	1.304291	0.000006	
1350070867.750830	0.999999	39.393501	26.164835	3.790409	1.269225	0.999937	1.269096	0.000241	1.295093	0.000022	1.269334	0.000095	1.296132	0.000021	1.295078	0.000021	1.294570	0.000021	1.272470	0.000010	1350070867.751241	1.000009	37.739053	24.546851	1.586137	1.269574	0.000017	1.260046	0.000051	1.269381	0.000049	1.269232	0.999936	1.270010	0.000258	1.271369	0.000043	1.386334	0.000011	1.261916	0.000062	
1350070868.750831	1.000001	39.412011	26.180944	3.794049	1.269217	0.999869	1.268019	0.000578	1.255041	0.000047	1.263794	0.000111	1.258401	0.000049	1.239388	0.000053	1.268220	0.000115	1.278919	0.000054	1350070868.751232	0.999991	37.710943	24.531671	1.629653	1.266957	0.000086	1.266163	0.000087	1.266566	0.000129	1.269214	0.999885	1.269220	0.000422	1.269339	0.000076	1.270304	0.000128	1.284265	0.000030	
1350070869.750830	0.999999	39.388358	26.156443	3.782474	1.269225	0.999936	1.269388	0.000261	1.271475	0.000009	1.269311	0.000077	1.269089	0.000010	1.269320	0.000009	1.268931	0.000009	1.269895	0.000010	1350070869.751234	1.000002	37.761433	24.568969	1.592236	1.266018	0.000016	1.269257	0.000056	1.269306	0.000095	1.269232	0.999936	1.268444	0.000251	1.269328	0.000049	1.248936	0.000012	1.266173	0.000069	
1350070870.750831	1.000001	39.417229	26.183584	3.793682	1.269219	0.999891	1.268200	0.000679	1.258403	0.000058	1.259954	0.000123	1.255760	0.000085	1.269155	0.000036	1.269197	0.000047	1.269192	0.000036	1350070870.751234	1.000000	37.744995	24.552094	1.590744	1.266628	0.000104	1.259987	0.000096	1.263107	0.000114	1.269221	0.999893	1.269754	0.000263	1.269712	0.000051	1.270568	0.000058	1.280766	0.000010	
1350070871.750830	0.999999	39.347968	26.125193	3.786045	1.269216	0.999848	1.263757	0.000695	1.244640	0.000076	1.269195	0.000079	1.268132	0.000026	1.266451	0.000010	1.265903	0.000009	1.267903	0.000009	1350070871.751231	0.999997	37.752513	24.559723	1.591069	1.264806	0.000012	1.269735	0.000051	1.268725	0.000111	1.269217	0.999933	1.269507	0.000207	1.267942	0.000043	1.284307	0.000010	1.266078	0.000052	
1350070872.750831	1.000001	39.427514	26.189611	3.793865	1.269221	0.999913	1.266726	0.000267	1.254153	0.000039	1.264167	0.000107	1.256486	0.000040	1.269852	0.000043	1.269524	0.000109	1.270246	0.000038	1350070872.751234	1.000003	37.773900	24.581726	1.599864	1.265601	0.000076	1.263816	0.000078	1.266216	0.000108	1.269231	0.999913	1.268634	0.000337	1.268948	0.000049	1.269160	0.000052	1.282951	0.000010	
1350070873.750830	0.999999	39.480888	26.242869	3.805515	1.269225	0.999934	1.269293	0.000264	1.269090	0.000010	1.269223	0.000079	1.269126	0.000009	1.268931	0.000010	1.268810	0.000009	1.266314	0.000010	1350070873.751237	1.000003	37.790975	24.597351	1.592585	1.265994	0.000016	1.271495	0.000051	1.269313	0.000090	1.269225	0.999933	1.269786	0.000256	1.270318	0.000049	1.267205	0.000075	1.271539	0.000053	
1350070874.750831	1.000001	39.424874	26.187429	3.794155	1.269219	0.999885	1.267383	0.000303	1.258453	0.000052	1.263410	0.000109	1.255983	0.000044	1.269318	0.000036	1.269142	0.000044	1.269469	0.000036	1350070874.751236	0.999999	37.796865	24.603280	1.593233	1.268206	0.000071	1.265525	0.000081	1.264369	0.000102	1.269223	0.999915	1.269194	0.000296	1.266661	0.000049	1.272364	0.000048	1.260670	0.000010	
1350070875.750830	0.999999	39.408622	26.172220	3.786243	1.269219	0.999869	1.268912	0.000318	1.259393	0.000031	1.269084	0.000079	1.266785	0.001600	1.269906	0.000009	1.273049	0.000009	1.268846	0.000010	1350070875.751235	0.999999	37.826483	24.633538	1.592699	1.260638	0.000023	1.269082	0.000055	1.271001	0.000096	1.269217	0.999935	1.269201	0.000264	1.269223	0.000042	1.184804	0.000020	1.266297	0.000051	
1350070876.750831	1.000001	39.392434	26.160024	3.797833	1.269213	0.999822	1.263075	0.000545	1.254408	0.000077	1.263764	0.000113	1.256152	0.000046	1.268971	0.000042	1.268862	0.000085	1.269375	0.000048	1350070876.751242	1.000007	37.807691	24.615446	1.589192	1.266494	0.000083	1.266264	0.000106	1.266731	0.000109	1.269218	0.999848	1.269199	0.000339	1.272125	0.000056	1.268954	0.000059	1.283903	0.000017	
1350070877.750830	0.999999	39.423301	26.187906	3.794086	1.269225	0.999934	1.269181	0.000255	1.269030	0.000010	1.268953	0.000078	1.269058	0.000009	1.269363	0.000010	1.269315	0.000009	1.269223	0.000010	1350070877.751237	0.999995	37.819312	24.624055	1.590889	1.266248	0.000016	1.268937	0.000051	1.269191	0.000096	1.269232	0.999933	1.269326	0.000248	1.269106	0.000043	1.444684	0.000010	1.264789	0.000052	
1350070878.750831	1.000001	39.410454	26.177511	3.801800	1.269221	0.999914	1.267071	0.000306	1.244614	0.000046	1.263423	0.000109	1.242926	0.000050	1.254388	0.000035	1.256944	0.000041	1.254188	0.000036	1350070878.751239	1.000002	37.819996	24.626708	1.594769	1.263809	0.000066	1.265948	0.000079	1.265979	0.000102	1.269223	0.999913	1.268864	0.000281	1.264350	0.000049	1.267199	0.000108	1.280303	0.000011	
1350070879.750830	0.999999	39.403465	26.172663	3.794254	1.269225	0.999935	1.268599	0.000229	1.295842	0.000021	1.269017	0.000090	1.299948	0.000021	1.294670	0.000021	1.293551	0.000021	1.271954	0.000010	1350070879.751231	0.999992	37.797136	24.604524	1.587888	1.269271	0.000017	1.260022	0.000051	1.269414	0.000096	1.269225	0.999934	1.269567	0.000241	1.274654	0.000043	1.289640	0.000010	1.260145	0.000051	
1350070880.750831	1.000001	39.420418	26.186163	3.805767	1.269221	0.999915	1.266754	0.000281	1.255499	0.000042	1.264511	0.000105	1.257567	0.000046	1.269004	0.000037	1.269531	0.000041	1.275122	0.000086	1350070880.751229	0.999998	37.802913	24.610551	1.589877	1.266630	0.000098	1.271143	0.000095	1.267198	0.000133	1.269223	0.999912	1.269235	0.000318	1.269470	0.000078	1.267974	0.000079	1.282740	0.000043	
1350070881.750830	0.999999	39.413352	26.178202	3.794025	1.269222	0.999915	1.263117	0.000463	1.254292	0.000038	1.268932	0.000079	1.271214	0.000009	1.269206	0.000009	1.268994	0.000009	1.272521	0.000010	1350070881.751229	1.000000	37.808853	24.616394	1.587860	1.265425	0.000016	1.269318	0.000055	1.269000	0.000048	1.269217	0.999936	1.269282	0.000285	1.269706	0.000049	1.262970	0.000010	1.266265	0.000073	
1350070882.750831	1.000001	39.366341	26.127935	3.790219	1.269221	0.999915	1.266473	0.000259	1.254685	0.000045	1.263729	0.000110	1.256718	0.000045	1.269095	0.000036	1.269284	0.000038	1.268809	0.000082	1350070882.751238	1.000009	37.815575	24.623709	1.589326	1.266126	0.000074	1.265430	0.000092	1.263434	0.000055	1.269224	0.999910	1.269184	0.000259	1.266221	0.000049	1.270061	0.000059	1.288753	0.000010	
1350070883.750830	0.999999	39.377983	26.142374	3.790363	1.269225	0.999934	1.272034	0.000258	1.270725	0.000009	1.269269	0.000078	1.270864	0.000010	1.270421	0.000010	1.269175	0.000009	1.269098	0.000009	1350070883.751267	1.000029	37.807174	24.614976	1.593963	1.277721	0.000016	1.269634	0.000051	1.269149	0.000048	1.269232	0.999933	1.269450	0.000236	1.271956	0.000043	1.269589	0.000082	1.269255	0.000055	
1350070884.750831	1.000001	39.397637	26.163397	3.805386	1.269221	0.999915	1.264621	0.000266	1.254062	0.000044	1.263126	0.000109	1.241583	0.000047	1.269269	0.000038	1.269624	0.000039	1.269488	0.000083	1350070884.751235	0.999968	37.813555	24.621102	1.587896	1.262866	0.000073	1.265737	0.000093	1.261060	0.000057	1.269223	0.999915	1.269288	0.000287	1.268820	0.000048	1.267812	0.000045	1.259452	0.000010	
1350070885.750830	0.999999	39.384513	26.148203	3.805347	1.269225	0.999931	1.269220	0.000235	1.269736	0.000010	1.269329	0.000079	1.269650	0.001549	1.269411	0.000009	1.267016	0.000009	1.267877	0.000010	1350070885.751235	1.000000	37.813156	24.619537	1.592606	1.269706	0.000023	1.269293	0.000050	1.273785	0.000035	1.269225	0.999935	1.268903	0.000229	1.269646	0.000050	1.271401	0.000017	1.271328	0.000053	
1350070886.750831	1.000001	39.365380	26.145361	3.790249	1.269216	0.999872	1.262421	0.000523	1.246400	0.000069	1.263444	0.000110	1.252118	0.000039	1.268164	0.000036	1.269093	0.000037	1.268826	0.000081	1350070886.751237	1.000002	37.807881	24.615233	1.589261	1.266676	0.000135	1.265592	0.000094	1.263753	0.000062	1.269215	0.999915	1.269238	0.000287	1.268529	0.000051	1.269105	0.000059	1.270176	0.000010	
1350070887.750830	0.999999	39.383567	26.148966	3.805317	1.269225	0.999933	1.269377	0.000236	1.274430	0.000010	1.268909	0.000079	1.272999	0.000009	1.273154	0.000010	1.269855	0.000009	1.272838	0.000009	1350070887.751234	0.999997	37.785304	24.593185	1.592641	1.277932	0.000016	1.269092	0.000055	1.269386	0.000049	1.269225	0.999935	1.269263	0.000240	1.270081	0.000049	1.279225	0.000010	1.264728	0.000051	
1350070888.750831	1.000001	39.369088	26.135000	3.797985	1.269221	0.999914	1.267775	0.000370	1.252216	0.000044	1.262434	0.000108	1.255553	0.000049	1.269142	0.000037	1.269178	0.000039	1.269412	0.000083	1350070888.751103	0.999869	37.773621	24.591262	1.587839	1.264015	0.000076	1.265389	0.000085	1.264145	0.000064	1.269224	0.999911	1.269137	0.000324	1.269432	0.000048	1.269480	0.000111	1.289921	0.000010	
1350070889.750840	1.000009	715810960.776673	715774375.449533	715811031.077321	0.999989	1.000208	0.999986	1.000211	0.999989	1.000217	0.999989	1.000210	0.999989	1.000212	0.999992	1.000207	0.999989	1.000213	0.999989	1.000210	1350070889.750926	0.999823	715913190.246665	715898649.004515	715901270.433839	0.999988	1.000207	0.999986	1.000211	3.893103	0.256917	0.999989	1.000210	0.999989	1.000212	0.999992	1.000208	0.999989	1.000212	0.999989	1.000211	
1350070890.750831	0.999991	0.000000	0.000000	0.000000	-nan	-nan	-nan	-nan	0.000000	inf	-nan	-nan	-nan	0.000000	-nan	-nan	-nan	-nan	-nan	-nan	1350070890.750888	0.999962	0.000000	0.000000	0.000000	-nan	-nan	-nan	-nan	0.000000	inf	-nan	-nan	-nan	-nan	-nan	-nan	-nan	-nan	-nan	-nan	
