ts_0	elapsed_0	pkg_0	pp0_0	dram_0	freq_ratio_0_0	c0_ratio_0_0	freq_ratio_0_1	c0_ratio_0_1	freq_ratio_0_2	c0_ratio_0_2	freq_ratio_0_3	c0_ratio_0_3	freq_ratio_0_4	c0_ratio_0_4	freq_ratio_0_5	c0_ratio_0_5	freq_ratio_0_6	c0_ratio_0_6	freq_ratio_0_7	c0_ratio_0_7	ts_1	elapsed_1	pkg_1	pp0_1	dram_1	freq_ratio_1_0	c0_ratio_1_0	freq_ratio_1_1	c0_ratio_1_1	freq_ratio_1_2	c0_ratio_1_2	freq_ratio_1_3	c0_ratio_1_3	freq_ratio_1_4	c0_ratio_1_4	freq_ratio_1_5	c0_ratio_1_5	freq_ratio_1_6	c0_ratio_1_6	freq_ratio_1_7	c0_ratio_1_7	
1350071587.527325	1.000164	67.869376	54.502000	3.781011	0.942530	0.996756	0.942529	0.996753	0.942528	0.996752	0.942526	0.996750	0.942525	0.996747	0.942524	0.996748	0.942522	0.996743	0.942521	0.996740	1350071587.527388	1.000158	68.370525	55.164345	1.587029	1.093630	0.995136	1.093629	0.995133	1.093629	0.995127	1.093628	0.995124	1.093628	0.995122	1.093628	0.995119	1.100363	0.003656	1.083671	0.000018	
1350071588.527324	0.999999	64.701798	51.331668	3.792805	0.915093	0.996596	0.915093	0.996594	0.915093	0.996592	0.915092	0.996590	0.915092	0.996589	0.915092	0.996586	0.915091	0.996586	0.915091	0.996583	1350071588.527385	0.999997	64.613466	51.396384	1.593572	1.049941	0.996023	1.049941	0.996018	1.049941	0.996015	1.049941	0.996013	1.049941	0.996010	1.049941	0.996008	1.049983	0.005504	1.038094	0.000054	
1350071589.527318	0.999994	64.702290	51.338715	3.785469	0.914030	0.996176	0.914030	0.996175	0.914030	0.996171	0.914031	0.996169	0.914031	0.996167	0.914031	0.996164	0.914031	0.996163	0.914031	0.996160	1350071589.527378	0.999993	64.614369	51.395390	1.596035	1.049861	0.995918	1.049861	0.995915	1.049860	0.995912	1.049861	0.995911	1.049860	0.995905	1.049860	0.995902	1.050146	0.004030	1.052416	0.001580	
1350071590.527319	1.000001	64.638244	51.302304	3.785382	0.913439	0.996145	0.913439	0.996144	0.913439	0.996140	0.913438	0.996140	0.913438	0.996136	0.913438	0.996134	0.913438	0.996132	0.913438	0.996130	1350071590.527380	1.000002	64.615477	51.394662	1.595990	1.047679	0.996491	1.047679	0.996488	1.047678	0.996484	1.047678	0.996481	1.047679	0.996478	1.047678	0.996476	1.048409	0.006728	1.044509	0.000782	
1350071591.527318	0.999999	64.698334	51.361911	3.793079	0.913410	0.995939	0.913410	0.995935	0.913410	0.995934	0.913410	0.995931	0.913411	0.995929	0.913411	0.995925	0.913411	0.995923	0.913411	0.995922	1350071591.527378	0.999998	64.612962	51.387412	1.595432	1.049417	0.995971	1.049417	0.995968	1.049417	0.995965	1.049417	0.995963	1.049417	0.995959	1.049417	0.995956	1.050559	0.001980	1.052414	0.003759	
1350071592.527319	1.000001	64.707748	51.373623	3.789028	0.914227	0.996568	0.914227	0.996565	0.914227	0.996564	0.914227	0.996562	0.914228	0.996560	0.914228	0.996559	0.914227	0.996556	0.914227	0.996555	1350071592.527379	1.000001	64.612579	51.386685	1.591368	1.049413	0.996037	1.049413	0.996034	1.049413	0.996030	1.049413	0.996027	1.049413	0.996023	1.049413	0.996021	1.047821	0.002040	1.051361	0.003699	
1350071593.527318	0.999999	64.704392	51.368381	3.789402	0.913678	0.996565	0.913678	0.996564	0.913677	0.996562	0.913677	0.996560	0.913677	0.996557	0.913676	0.996554	0.913676	0.996553	0.913676	0.996552	1350071593.527379	1.000000	64.614899	51.388214	1.592178	1.050049	0.995878	1.050049	0.995875	1.050048	0.995871	1.050048	0.995868	1.050048	0.995866	1.050048	0.995862	1.052307	0.004142	1.045570	0.000024	
1350071594.527319	1.000001	64.700469	51.361111	3.799908	0.913372	0.996316	0.913371	0.996314	0.913372	0.996313	0.913372	0.996310	0.913372	0.996309	0.913372	0.996308	0.913372	0.996304	0.913372	0.996302	1350071594.527381	1.000002	64.610991	51.381921	1.583829	1.050562	0.996103	1.050562	0.996099	1.050562	0.996096	1.050562	0.996093	1.050562	0.996092	1.050562	0.996088	1.021499	0.006559	0.997039	0.003083	
1350071595.527318	0.999999	64.703660	51.367008	3.801548	0.914331	0.997524	0.914332	0.997523	0.914332	0.997521	0.914332	0.997519	0.914332	0.997519	0.914332	0.997517	0.914333	0.997516	0.914333	0.997515	1350071595.527376	0.999995	64.545092	51.329114	1.590035	1.051685	0.996130	1.051685	0.996127	1.051685	0.996125	1.051685	0.996121	1.051685	0.996118	1.051685	0.996116	1.051887	0.001426	1.060490	0.000306	
1350071596.527324	1.000006	64.699154	51.364516	3.785988	0.913518	0.997091	0.913518	0.997089	0.913518	0.997087	0.913517	0.997087	0.913518	0.997084	0.913518	0.997082	0.913518	0.997079	0.913518	0.997078	1350071596.527385	1.000009	64.615198	51.384376	1.586289	1.051744	0.996083	1.051744	0.996079	1.051744	0.996077	1.051744	0.996073	1.051744	0.996071	1.051744	0.996068	1.048541	0.001459	1.058369	0.000478	
1350071597.527318	0.999994	64.704701	51.368333	3.774498	0.913662	0.996990	0.913662	0.996988	0.913662	0.996986	0.913662	0.996985	0.913662	0.996983	0.913662	0.996982	0.913662	0.996979	0.913662	0.996978	1350071597.527376	0.999991	64.609487	51.381325	1.583831	1.051550	0.995989	1.051550	0.995985	1.051550	0.995982	1.051550	0.995980	1.051550	0.995978	1.051550	0.995975	1.054506	0.001405	1.047893	0.000327	
1350071598.527319	1.000001	64.706695	51.369397	3.800930	0.913665	0.997017	0.913665	0.997016	0.913665	0.997014	0.913665	0.997012	0.913664	0.997011	0.913664	0.997009	0.913664	0.997006	0.913664	0.997004	1350071598.527380	1.000004	64.615430	51.385137	1.589654	1.049485	0.996071	1.049485	0.996067	1.049485	0.996065	1.049486	0.996060	1.049485	0.996057	1.049485	0.996055	1.050999	0.004442	1.045880	0.000388	
1350071599.527318	0.999999	64.699815	51.362064	3.789295	0.913568	0.996959	0.913568	0.996956	0.913568	0.996952	0.913568	0.996951	0.913569	0.996950	0.913569	0.996950	0.913569	0.996948	0.913569	0.996946	1350071599.527376	0.999996	64.615588	51.385340	1.590842	1.049090	0.996123	1.049090	0.996119	1.049090	0.996116	1.049089	0.996114	1.049089	0.996111	1.049089	0.996109	1.050045	0.005120	1.046024	0.000232	
1350071600.527319	1.000001	64.703689	51.364606	3.785565	0.913649	0.997256	0.913649	0.997254	0.913648	0.997253	0.913649	0.997252	0.913649	0.997250	0.913649	0.997248	0.913649	0.997246	0.913648	0.997244	1350071600.527378	1.000002	64.613143	51.382989	1.596600	1.048496	0.995995	1.048496	0.995991	1.048496	0.995988	1.048496	0.995986	1.048496	0.995982	1.048496	0.995979	1.049419	0.004799	1.050723	0.001651	
1350071601.527318	0.999999	64.704682	51.365344	3.773609	0.913362	0.997132	0.913362	0.997132	0.913362	0.997130	0.913361	0.997127	0.913362	0.997125	0.913362	0.997123	0.913362	0.997121	0.913362	0.997120	1350071601.527379	1.000001	64.615661	51.383206	1.588530	1.047505	0.996406	1.047505	0.996402	1.047505	0.996400	1.047505	0.996396	1.047505	0.996393	1.047505	0.996390	1.047266	0.006914	1.052565	0.000714	
1350071602.527319	1.000001	64.699951	51.362637	3.793072	0.912720	0.996724	0.912719	0.996722	0.912719	0.996719	0.912719	0.996718	0.912719	0.996715	0.912718	0.996715	0.912718	0.996713	0.912718	0.996710	1350071602.527378	0.999999	64.588318	51.353092	1.589281	1.067107	0.996724	1.067107	0.996723	1.067107	0.996721	1.067107	0.996717	1.067107	0.996715	1.067107	0.996714	1.065352	0.003903	1.074830	0.001700	
1350071603.527318	0.999999	64.706879	51.367282	3.801121	0.913941	0.997473	0.913941	0.997470	0.913941	0.997469	0.913942	0.997467	0.913942	0.997466	0.913942	0.997465	0.913942	0.997463	0.913942	0.997460	1350071603.527376	0.999998	64.579286	51.340110	1.589465	1.083426	0.996611	1.083426	0.996608	1.083426	0.996606	1.083426	0.996604	1.083426	0.996602	1.083426	0.996598	1.083321	0.002659	1.085650	0.000864	
1350071604.527319	1.000001	64.671890	51.326962	3.789669	0.950302	0.996889	0.913037	0.474436	0.950305	0.996887	0.950305	0.996886	0.950305	0.996883	0.950306	0.996880	0.950306	0.996878	0.950307	0.996877	1350071604.527406	1.000030	64.565794	51.339736	1.589216	1.044643	0.996584	1.044643	0.996582	1.044643	0.996581	1.044643	0.996577	1.044643	0.996574	1.044643	0.996571	1.011239	0.526696	1.022494	0.001638	
1350071605.527318	0.999999	64.676362	51.330554	3.774448	0.979001	0.996746	0.968331	0.003101	0.978999	0.996746	0.978999	0.996743	0.978998	0.996742	0.978998	0.996739	0.978998	0.996737	0.978998	0.996735	1350071605.527407	1.000001	64.671478	51.433560	1.590025	0.991835	0.996213	0.991835	0.996209	0.991835	0.996207	0.991835	0.996205	0.991835	0.996202	0.991835	0.996200	0.991835	0.996198	0.985799	0.004299	
1350071606.527319	1.000001	64.612060	51.281415	3.801022	0.967376	0.995830	0.963121	0.004469	0.967375	0.995829	0.967375	0.995825	0.967376	0.995823	0.967375	0.995820	0.967375	0.995815	0.967375	0.995813	1350071606.527420	1.000013	64.670829	51.437543	1.586497	0.980467	0.996337	0.980467	0.996334	0.980467	0.996332	0.980467	0.996328	0.980467	0.996327	0.980467	0.996324	0.980467	0.996321	0.973684	0.004138	
1350071607.527318	0.999999	64.676408	51.334079	3.804569	0.968529	0.995675	0.963778	0.003776	0.968530	0.995673	0.968530	0.995671	0.968530	0.995667	0.968530	0.995666	0.968529	0.995665	0.968529	0.995660	1350071607.527404	0.999984	64.671230	51.438093	1.590907	0.980829	0.996328	0.980829	0.996326	0.980829	0.996323	0.980829	0.996320	0.980829	0.996318	0.980829	0.996317	0.980829	0.996314	0.969891	0.003657	
1350071608.527319	1.000001	64.680984	51.339123	3.777844	0.967519	0.995956	0.962512	0.004725	0.967518	0.995956	0.967518	0.995952	0.967517	0.995949	0.967517	0.995948	0.967517	0.995943	0.967517	0.995942	1350071608.527409	1.000005	64.672650	51.439302	1.588676	0.980438	0.996285	0.980438	0.996285	0.980438	0.996282	0.980438	0.996279	0.980438	0.996277	0.980438	0.996274	0.980438	0.996271	0.972537	0.004432	
1350071609.527318	0.999999	64.676102	51.333576	3.804859	0.967941	0.995506	0.964175	0.004107	0.967942	0.995504	0.967942	0.995502	0.967942	0.995501	0.967942	0.995497	0.967942	0.995495	0.967943	0.995491	1350071609.527407	0.999998	64.673433	51.439002	1.595493	0.980987	0.996322	0.980987	0.996318	0.980987	0.996316	0.980987	0.996313	0.980986	0.996312	0.980986	0.996309	0.980986	0.996307	0.971364	0.003778	
1350071610.527319	1.000001	64.674987	51.331494	3.800854	0.968228	0.995483	0.963486	0.003810	0.968230	0.995481	0.968230	0.995477	0.968230	0.995476	0.968231	0.995474	0.968231	0.995470	0.968231	0.995468	1350071610.527423	1.000016	64.670430	51.437426	1.587041	0.980576	0.996215	0.980577	0.996213	0.980577	0.996211	0.980577	0.996208	0.980577	0.996205	0.980577	0.996202	0.980577	0.996200	0.972305	0.004240	
1350071611.527318	0.999999	64.681199	51.340198	3.785480	0.965837	0.995900	0.961413	0.003229	0.965836	0.995901	0.965836	0.995896	0.965836	0.995894	0.965835	0.995890	0.965835	0.995887	0.965835	0.995887	1350071611.527406	0.999983	64.671627	51.438783	1.588162	0.980619	0.996263	0.980619	0.996261	0.980619	0.996258	0.980619	0.996254	0.980619	0.996253	0.980619	0.996250	0.980619	0.996248	0.969240	0.004304	
1350071612.527319	1.000001	64.677398	51.335004	3.801235	0.967634	0.996024	0.962028	0.003528	0.967634	0.996021	0.967634	0.996020	0.967634	0.996016	0.967634	0.996014	0.967634	0.996011	0.967634	0.996008	1350071612.527411	1.000005	64.671490	51.437731	1.587806	0.980251	0.996291	0.980251	0.996287	0.980251	0.996284	0.980251	0.996283	0.980251	0.996279	0.980251	0.996278	0.980251	0.996274	0.972513	0.004254	
1350071613.527319	1.000000	64.614304	51.285248	3.800827	0.966951	0.995914	0.966903	0.006121	0.966951	0.995912	0.966950	0.995910	0.966950	0.995907	0.966950	0.995904	0.966950	0.995902	0.966950	0.995898	1350071613.527410	0.999999	64.674241	51.442356	1.591890	0.980036	0.996290	0.980036	0.996291	0.980036	0.996286	0.980036	0.996285	0.980036	0.996282	0.980036	0.996279	0.980036	0.996276	0.974563	0.004332	
1350071614.527319	1.000000	64.678131	51.334152	3.793076	0.968092	0.995836	0.954546	0.005723	0.968091	0.995835	0.968091	0.995832	0.968091	0.995829	0.968092	0.995826	0.968091	0.995825	0.968091	0.995822	1350071614.527407	0.999997	64.604799	51.385474	1.592244	0.980334	0.996289	0.980334	0.996286	0.980334	0.996285	0.980334	0.996283	0.980334	0.996280	0.980334	0.996277	0.980334	0.996281	0.970961	0.004049	
1350071615.527318	0.999999	64.677521	51.333560	3.797016	0.968293	0.995752	0.964553	0.003800	0.968294	0.995749	0.968293	0.995747	0.968293	0.995743	0.968293	0.995742	0.968293	0.995740	0.968293	0.995736	1350071615.527406	0.999999	64.671403	51.439228	1.592378	0.979858	0.996195	0.979858	0.996192	0.979858	0.996188	0.979858	0.996187	0.979858	0.996184	0.979858	0.996180	0.979858	0.996179	0.971862	0.004435	
1350071616.527319	1.000001	64.675277	51.328717	3.797283	0.968455	0.995735	0.962787	0.003713	0.968456	0.995734	0.968456	0.995731	0.968457	0.995727	0.968456	0.995724	0.968457	0.995721	0.968457	0.995718	1350071616.527410	1.000004	64.672269	51.441686	1.587594	0.980379	0.996214	0.980379	0.996211	0.980379	0.996210	0.980379	0.996208	0.980379	0.996205	0.980379	0.996202	0.980379	0.996199	0.971894	0.004482	
1350071617.527318	0.999999	64.680283	51.335681	3.805149	0.968115	0.995853	0.963064	0.003599	0.968113	0.995853	0.968112	0.995850	0.968112	0.995846	0.968113	0.995844	0.968112	0.995842	0.968112	0.995839	1350071617.527407	0.999997	64.673586	51.442817	1.587545	0.980200	0.996181	0.980200	0.996179	0.980200	0.996176	0.980200	0.996174	0.980200	0.996170	0.980199	0.996168	0.980199	0.996167	0.972606	0.004272	
1350071618.527319	1.000001	64.679977	51.336072	3.804699	0.967334	0.996000	0.964368	0.004791	0.967334	0.995999	0.967334	0.995998	0.967334	0.995994	0.967334	0.995991	0.967334	0.995989	0.967334	0.995985	1350071618.527410	1.000003	64.673063	51.440759	1.590052	0.980318	0.996215	0.980318	0.996213	0.980318	0.996210	0.980318	0.996207	0.980318	0.996204	0.980318	0.996201	0.980318	0.996199	0.972322	0.004258	
1350071619.527318	0.999999	64.675263	51.330386	3.792835	0.965049	0.996336	0.955267	0.009425	0.965049	0.996335	0.965049	0.996331	0.965049	0.996330	0.965049	0.996328	0.965049	0.996325	0.965049	0.996323	1350071619.527405	0.999995	64.670002	51.437086	1.601769	0.980915	0.996334	0.980915	0.996332	0.980915	0.996330	0.980915	0.996328	0.980915	0.996324	0.980915	0.996321	0.980916	0.996320	0.958514	0.007749	
1350071620.527319	1.000001	64.680755	51.336774	3.789349	0.964521	0.996597	0.963693	0.007457	0.964521	0.996596	0.964521	0.996594	0.964521	0.996593	0.964521	0.996591	0.964521	0.996589	0.964521	0.996587	1350071620.527395	0.999990	64.673163	51.441418	1.594010	0.980851	0.996333	0.980851	0.996331	0.980851	0.996328	0.980851	0.996325	0.980851	0.996322	0.980851	0.996319	0.980851	0.996318	0.971422	0.003812	
1350071621.527318	0.999999	64.617768	51.285983	3.797443	0.964812	0.996648	0.965160	0.007761	0.964812	0.996647	0.964812	0.996646	0.964812	0.996644	0.964812	0.996642	0.964812	0.996639	0.964812	0.996636	1350071621.527406	1.000011	64.662758	51.431717	1.582289	0.982593	0.996289	0.982593	0.996286	0.982594	0.996283	0.982594	0.996280	0.982594	0.996278	0.982594	0.996275	0.982594	0.996272	0.973424	0.003784	
1350071622.527319	1.000001	64.659225	51.308575	3.797497	0.991021	0.998667	0.988171	0.005845	0.991023	0.998665	0.991023	0.998664	0.991023	0.998663	0.991023	0.998663	0.991024	0.998662	0.991024	0.998661	1350071622.527405	0.999999	64.582596	51.411518	1.587724	1.013417	0.995891	1.013418	0.995888	1.013417	0.995885	1.013417	0.995880	1.013417	0.995876	1.013417	0.995876	1.013417	0.995872	1.014586	0.001652	
1350071623.527326	1.000007	715799079.484941	715790556.127979	715796978.288043	0.999988	1.000206	0.999986	1.000209	0.999996	1.000206	0.999988	1.000205	0.999988	1.000208	0.999991	1.000203	0.999988	1.000208	0.999988	1.000206	1350071623.527418	1.000013	715791086.597228	715776619.530618	715763671.922279	0.999988	1.000205	0.999986	1.000208	3.893146	0.256913	0.999988	1.000206	0.999988	1.000208	0.999991	1.000204	0.999988	1.000208	0.999989	1.000207	
1350071624.527401	1.000075	0.000000	0.000000	0.000000	-nan	-nan	-nan	-nan	900931785214.215942	inf	-nan	-nan	-nan	0.000000	0.000000	inf	-nan	-nan	-nan	-nan	1350071624.527478	1.000060	0.000000	0.000000	0.000000	-nan	-nan	-nan	-nan	1.345745	inf	-nan	-nan	-nan	-nan	-nan	-nan	-nan	-nan	-nan	-nan	
