ts_0	elapsed_0	pkg_0	pp0_0	dram_0	freq_ratio_0_0	c0_ratio_0_0	freq_ratio_0_1	c0_ratio_0_1	freq_ratio_0_2	c0_ratio_0_2	freq_ratio_0_3	c0_ratio_0_3	freq_ratio_0_4	c0_ratio_0_4	freq_ratio_0_5	c0_ratio_0_5	freq_ratio_0_6	c0_ratio_0_6	freq_ratio_0_7	c0_ratio_0_7	ts_1	elapsed_1	pkg_1	pp0_1	dram_1	freq_ratio_1_0	c0_ratio_1_0	freq_ratio_1_1	c0_ratio_1_1	freq_ratio_1_2	c0_ratio_1_2	freq_ratio_1_3	c0_ratio_1_3	freq_ratio_1_4	c0_ratio_1_4	freq_ratio_1_5	c0_ratio_1_5	freq_ratio_1_6	c0_ratio_1_6	freq_ratio_1_7	c0_ratio_1_7	
1350065801.880992	1.000336	48.332534	35.231481	6.113074	1.000000	1.000000	0.999983	0.008639	1.000000	1.000000	0.999969	0.003136	0.999947	0.000354	1.000000	1.000000	1.000000	1.000000	0.999988	0.000359	1350065801.881132	1.000341	35.186444	21.994775	4.961199	0.999064	0.000484	1.000006	1.000000	0.998165	0.000442	1.000000	1.000000	0.999658	0.000060	1.000257	0.000073	1.000567	0.000063	0.999539	0.000079	
1350065802.880989	0.999997	48.296384	35.180209	6.121403	1.000000	1.000000	0.999901	0.006894	1.000000	1.000000	0.999972	0.001610	0.999992	0.000232	1.000000	1.000000	1.000000	1.000000	1.000074	0.000231	1350065802.881118	0.999986	35.004139	21.814134	3.872125	1.000098	0.000389	1.000000	1.000000	1.003118	0.000278	1.000000	1.000000	1.001453	0.000013	1.001477	0.000044	1.002203	0.000013	1.003738	0.000013	
1350065803.880989	1.000000	47.901489	34.781967	6.102875	1.000000	1.000000	1.001908	0.000287	1.000000	1.000000	1.000003	0.000273	0.999981	0.000259	1.000000	1.000000	1.000000	1.000000	1.000032	0.000244	1350065803.881125	1.000007	35.026613	21.852266	2.744503	0.999991	0.000497	0.999994	1.000000	0.998359	0.000350	1.000000	1.000000	1.000708	0.000052	0.999551	0.000210	0.997808	0.000059	0.997734	0.000139	
1350065804.880989	1.000000	48.082748	34.964035	6.102905	1.000000	1.000000	1.000035	0.000330	1.000000	1.000000	0.999974	0.002316	1.000003	0.000233	1.000000	1.000000	1.000000	1.000000	0.999934	0.000992	1350065804.881125	1.000000	35.079727	21.890335	2.877899	1.000180	0.000417	1.000006	1.000000	0.999986	0.000325	1.000000	1.000000	0.999624	0.000019	1.002180	0.000045	1.007358	0.000020	1.029519	0.000013	
1350065805.880989	1.000000	47.981064	34.865265	6.109055	1.000000	1.000000	0.999907	0.000207	1.000000	1.000000	0.999959	0.000285	0.999927	0.000287	1.000000	1.000000	1.000000	1.000000	0.999944	0.000261	1350065805.881130	1.000005	35.065834	21.874555	2.719911	0.999688	0.000474	1.000000	1.000000	0.999962	0.000383	1.000000	1.000000	0.998737	0.000064	0.997013	0.000085	0.996877	0.000064	0.997685	0.000090	
1350065806.880989	1.000000	47.949432	34.827713	6.090576	1.000000	1.000000	0.999931	0.000250	1.000000	1.000000	0.999966	0.000226	0.999893	0.000231	1.000000	1.000000	1.000000	1.000000	0.999993	0.000212	1350065806.881124	0.999994	35.057719	21.865838	2.707200	1.000124	0.000361	0.999994	1.000000	1.000012	0.000316	1.000000	1.000000	1.006273	0.000013	1.005449	0.000045	1.005327	0.000013	1.013659	0.000013	
1350065807.880989	1.000000	47.931015	34.810043	6.133728	1.000000	1.000000	1.000003	0.000688	1.000000	1.000000	1.000001	0.000317	1.000124	0.000267	1.000000	1.000000	1.000000	1.000000	0.999986	0.000308	1350065807.881128	1.000004	35.051066	21.858996	2.729786	1.000135	0.000530	1.000006	1.000000	0.999984	0.000415	1.000000	1.000000	0.999438	0.000049	0.999456	0.000084	1.001898	0.000062	0.999658	0.000168	
1350065808.880989	1.000000	48.014679	34.896255	6.115234	1.000000	1.000000	1.000058	0.000313	1.000000	1.000000	0.999936	0.000248	0.999875	0.000217	1.000000	1.000000	1.000000	1.000000	0.999969	0.001940	1350065808.881120	0.999992	35.099528	21.906733	2.813805	0.999970	0.002707	0.999994	1.000000	0.999987	0.000290	1.000000	1.000000	1.001636	0.000013	1.000279	0.000146	1.000354	0.000020	1.001701	0.000019	
1350065809.880989	1.000000	47.937546	34.819305	6.115204	1.000000	1.000000	0.999907	0.000215	1.000000	1.000000	1.000045	0.000263	1.000591	0.000260	1.000000	1.000000	1.000000	1.000000	1.000511	0.000245	1350065809.881119	0.999999	35.026263	21.834753	2.764422	0.999883	0.000966	1.000005	1.000000	0.999986	0.000399	1.000000	1.000000	1.000677	0.000058	0.999376	0.000084	1.000085	0.000050	0.998897	0.000069	
1350065810.880996	1.000007	48.230776	35.105943	6.126178	1.000000	1.000000	0.999804	0.003612	1.000000	1.000000	0.999992	0.002998	0.999949	0.002857	1.000000	1.000000	1.000000	1.000000	0.999951	0.002808	1350065810.881126	1.000007	35.177720	21.985169	2.714779	1.000004	0.002943	1.000000	1.000000	0.999908	0.002814	1.000000	1.000000	0.999900	0.002374	0.999950	0.003974	0.999995	0.002274	1.000048	0.002554	
1350065811.880989	0.999993	47.985592	34.879804	6.102947	1.000000	1.000000	1.000229	0.003206	1.000000	1.000000	0.999962	0.000293	0.999996	0.000363	1.000000	1.000000	1.000000	1.000000	0.999965	0.000253	1350065811.881125	0.999999	35.025668	21.845434	2.744799	0.999928	0.000493	1.000000	1.000000	1.000692	0.000354	1.000000	1.000000	1.003180	0.000067	1.001133	0.000112	0.999659	0.000071	0.995524	0.000178	
1350065812.880989	1.000000	47.981827	34.864761	6.121399	1.000000	1.000000	0.999229	0.000995	1.000000	1.000000	1.000008	0.000245	0.999924	0.000252	1.000000	1.000000	1.000000	1.000000	1.000043	0.000217	1350065812.881115	0.999990	35.193285	22.001960	2.723279	0.999967	0.005276	1.000000	1.000000	0.999985	0.000326	1.000000	1.000000	0.999823	0.000020	1.001260	0.000051	1.001267	0.000021	1.043247	0.000016	
1350065813.880989	1.000000	47.957199	34.834534	6.121399	1.000000	1.000000	1.002734	0.000247	1.000000	1.000000	0.999936	0.000265	1.000023	0.000249	1.000000	1.000000	1.000000	1.000000	0.999962	0.000265	1350065813.881127	1.000012	35.224281	22.031842	2.793347	0.999968	0.005958	1.000000	1.000000	0.999986	0.000378	1.000000	1.000000	1.000708	0.000052	1.000130	0.000169	0.998286	0.000046	0.997778	0.000065	
1350065814.880989	1.000000	48.198898	35.078506	6.121399	1.000000	1.000000	0.999993	0.005368	1.000000	1.000000	1.000021	0.000242	0.999888	0.000234	1.000000	1.000000	1.000000	1.000000	0.999914	0.000210	1350065814.881128	1.000001	35.054105	21.862482	3.002515	0.999925	0.001084	1.000000	1.000000	1.000008	0.000275	1.000000	1.000000	0.995099	0.000013	1.000820	0.000050	1.009135	0.000013	1.019184	0.000013	
1350065815.880989	1.000000	47.968643	34.849930	6.127563	1.000000	1.000000	0.999029	0.000770	1.000000	1.000000	0.999953	0.000285	1.000107	0.000280	1.000000	1.000000	1.000000	1.000000	0.999980	0.000266	1350065815.881123	0.999995	35.052223	21.862201	2.776671	1.000576	0.000448	0.999996	1.000000	0.999981	0.000372	1.000000	1.000000	1.000083	0.000047	0.999345	0.000091	0.999363	0.000059	0.999529	0.000061	
1350065816.880989	1.000000	47.939697	34.820312	6.127563	1.000000	1.000000	1.002317	0.000313	1.000000	1.000000	1.000000	0.000226	0.999857	0.000240	1.000000	1.000000	1.000000	1.000000	1.000042	0.000204	1350065816.881122	0.999999	35.039523	21.848074	2.718402	0.999698	0.000418	0.999999	1.000000	0.999980	0.000307	1.000000	1.000000	1.000153	0.000013	1.000897	0.000045	1.000000	0.000013	0.999876	0.000012	
1350065817.880989	1.000000	48.220154	35.104691	6.121399	1.000000	1.000000	0.999963	0.000567	1.000000	1.000000	0.999968	0.005237	1.000118	0.000274	1.000000	1.000000	1.000000	1.000000	1.000012	0.000317	1350065817.881129	1.000007	35.037935	21.845827	3.303215	0.999717	0.000390	0.999999	1.000000	0.999991	0.000348	1.000000	1.000000	0.999752	0.000054	0.998216	0.000093	0.999738	0.000068	0.999358	0.000079	
1350065818.880989	1.000000	47.939651	34.821548	6.133728	1.000000	1.000000	1.000015	0.000275	1.000000	1.000000	1.000005	0.000240	0.999835	0.000215	1.000000	1.000000	1.000000	1.000000	1.002717	0.000228	1350065818.881127	0.999998	35.048605	21.856441	2.714864	0.999996	0.000411	1.000006	1.000000	0.999984	0.000337	1.000000	1.000000	1.000792	0.000013	1.000865	0.000144	1.001242	0.000013	1.003773	0.000013	
1350065819.880989	1.000000	47.958282	34.840240	6.127563	1.000000	1.000000	0.999912	0.000259	1.000000	1.000000	0.999997	0.000259	1.000103	0.000269	1.000000	1.000000	1.000000	1.000000	0.997366	0.000249	1350065819.881122	0.999995	34.995048	21.817370	2.715330	0.999790	0.000473	0.999994	1.000000	0.999997	0.000341	1.000000	1.000000	1.000681	0.000061	1.000010	0.000078	1.000006	0.000061	0.998452	0.000071	
1350065820.880989	1.000000	47.938766	34.823303	6.121399	1.000000	1.000000	0.996522	0.000206	1.000000	1.000000	0.999911	0.000242	0.999903	0.000215	1.000000	1.000000	1.000000	1.000000	0.999929	0.000212	1350065820.881145	1.000023	35.018486	21.828999	2.712584	1.000069	0.000415	1.000006	1.000000	0.999995	0.000289	1.000000	1.000000	0.996423	0.000013	1.000008	0.000045	0.999878	0.000013	1.006196	0.000013	
1350065821.880989	1.000000	47.953323	34.850449	6.115234	1.000000	1.000000	1.000295	0.002387	1.000000	1.000000	1.000015	0.000262	1.000583	0.000265	1.000000	1.000000	1.000000	1.000000	1.000559	0.000246	1350065821.881118	0.999973	35.017423	21.826089	2.723798	1.000103	0.000489	1.000000	1.000000	0.999996	0.000374	1.000000	1.000000	0.998813	0.000052	0.999961	0.000079	0.999193	0.000053	0.996845	0.000061	
1350065822.880989	1.000000	48.194519	35.077591	6.115234	1.000000	1.000000	0.998645	0.000545	1.000000	1.000000	0.999971	0.005006	0.999413	0.000244	1.000000	1.000000	1.000000	1.000000	0.999373	0.000221	1350065822.881119	1.000001	35.015012	21.822489	2.816114	1.000042	0.000415	1.000000	1.000000	0.999983	0.000246	1.000000	1.000000	1.005111	0.000013	1.000525	0.000051	1.003470	0.000013	1.014818	0.000013	
1350065823.880989	1.000000	47.986282	34.866714	6.121399	1.000000	1.000000	1.003052	0.000240	1.000000	1.000000	0.999968	0.000781	1.000029	0.000263	1.000000	1.000000	1.000000	1.000000	1.000115	0.000252	1350065823.881123	1.000004	35.082332	21.890048	2.868366	1.000007	0.001562	0.999994	1.000000	0.999999	0.000365	1.000000	1.000000	0.999851	0.000067	1.000112	0.000257	0.998941	0.000081	0.998541	0.000094	
1350065824.880989	1.000000	47.976028	34.855789	6.109070	1.000000	1.000000	1.000066	0.000211	1.000000	1.000000	0.999957	0.000244	1.000014	0.000251	1.000000	1.000000	1.000000	1.000000	0.999818	0.000212	1350065824.881129	1.000006	35.076131	21.887122	2.709624	0.999760	0.000408	1.000000	1.000000	0.999967	0.000307	1.000000	1.000000	0.999938	0.000012	0.999728	0.000188	1.001749	0.000044	1.002716	0.000059	
1350065825.880989	1.000000	47.991608	34.868271	6.121399	1.000000	1.000000	0.996604	0.000219	1.000000	1.000000	1.000004	0.000275	0.999987	0.000261	1.000000	1.000000	1.000000	1.000000	1.000099	0.000248	1350065825.881122	0.999993	35.050078	21.859816	2.706791	1.000014	0.000427	1.000006	1.000000	0.999814	0.000350	1.000000	1.000000	0.998376	0.000066	0.999249	0.000192	0.996008	0.000051	0.986479	0.000066	
1350065826.880989	1.000000	47.971344	34.848785	6.127533	1.000000	1.000000	1.000973	0.000753	1.000000	1.000000	0.999974	0.000235	0.999834	0.000214	1.000000	1.000000	1.000000	1.000000	0.999998	0.000212	1350065826.881121	0.999999	35.007129	21.816717	2.715167	1.000160	0.000446	1.000000	1.000000	1.002154	0.000326	1.000000	1.000000	1.008774	0.000013	1.002145	0.000093	1.016620	0.000013	1.003766	0.000245	
1350065827.880989	1.000000	47.997818	34.869247	6.127563	1.000000	1.000000	0.999416	0.001290	1.000000	1.000000	1.000007	0.000278	1.000113	0.000267	1.000000	1.000000	1.000000	1.000000	0.999937	0.000233	1350065827.881118	0.999997	35.022920	21.830817	2.725106	1.000234	0.000567	1.000000	1.000000	0.998119	0.000344	0.999995	1.000000	0.999575	0.000054	0.999954	0.000465	0.998166	0.000053	0.996505	0.000063	
1350065828.880989	1.000000	47.974792	34.843414	6.109070	1.000000	1.000000	1.003260	0.000222	1.000000	1.000000	0.999945	0.000243	0.999871	0.000215	1.000000	1.000000	1.000000	1.000000	0.999840	0.000212	1350065828.881122	1.000004	34.981532	21.802844	2.704319	0.999417	0.000398	0.999994	1.000000	0.999994	0.000270	1.000005	1.000000	1.000609	0.000013	1.000121	0.000217	0.997854	0.000013	1.017491	0.000013	
1350065829.880989	1.000000	47.973312	34.844925	6.127563	1.000000	1.000000	1.000272	0.000204	1.000000	1.000000	1.000007	0.000264	1.000021	0.000274	1.000000	1.000000	1.000000	1.000000	0.999992	0.000251	1350065829.881126	1.000004	35.153987	21.961367	2.712376	0.999966	0.004481	1.000006	1.000000	0.999984	0.000356	1.000000	1.000000	0.997704	0.000053	0.998307	0.000121	0.998594	0.000053	0.996493	0.000062	
1350065830.880989	1.000000	47.922913	34.811630	6.096741	1.000000	1.000000	0.999920	0.000639	1.000000	1.000000	1.000115	0.000246	0.999796	0.000217	1.000000	1.000000	1.000000	1.000000	0.999947	0.000212	1350065830.881119	0.999993	35.132506	21.940795	2.893239	0.999960	0.003359	0.999994	1.000000	1.000031	0.000270	1.000000	1.000000	1.010791	0.000013	1.003819	0.000052	1.020823	0.000013	1.017524	0.000013	
1350065831.880989	1.000000	47.970779	34.845230	6.115234	1.000000	1.000000	1.000020	0.002158	1.000000	1.000000	0.999853	0.000264	1.000235	0.000268	1.000000	1.000000	1.000000	1.000000	1.000037	0.000253	1350065831.881120	1.000001	35.158780	21.966974	2.749158	0.999970	0.004594	1.000006	1.000000	0.999975	0.000323	1.000000	1.000000	0.998679	0.000051	1.000037	0.000072	0.997565	0.000044	0.996641	0.000066	
1350065832.880989	1.000000	48.205002	35.077682	6.127563	1.000000	1.000000	0.999992	0.002025	1.000000	1.000000	0.999972	0.003594	0.999988	0.000231	1.000000	1.000000	1.000000	1.000000	0.999991	0.000209	1350065832.881121	1.000001	35.047131	21.853312	3.479199	0.999977	0.001065	1.000000	1.000000	0.999977	0.000220	1.000000	1.000000	1.005270	0.000013	0.998754	0.000045	1.008069	0.000013	1.016777	0.000013	
1350065833.881003	1.000014	715799983.508685	715780548.031514	715816495.565295	0.999988	1.000201	0.999985	1.000203	0.999995	1.000200	0.999988	1.000200	0.999988	1.000203	0.999990	1.000198	0.999988	1.000203	0.999988	1.000201	1350065833.881097	0.999976	715802255.912996	715805517.742717	715779813.698601	0.999987	1.000199	0.999985	1.000202	3.893196	0.256909	0.999988	1.000200	0.999988	1.000203	0.999990	1.000198	0.999988	1.000203	0.999988	1.000201	
1350065834.881024	1.000021	0.000000	0.000000	0.000000	-nan	-nan	-nan	-nan	0.000000	inf	-nan	-nan	-nan	0.000000	-nan	-nan	-nan	-nan	-nan	-nan	1350065834.881099	1.000002	0.000000	0.000000	0.000000	-nan	-nan	-nan	-nan	0.000000	inf	-nan	-nan	-nan	-nan	-nan	-nan	-nan	-nan	-nan	-nan	
