ts_0	elapsed_0	pkg_0	pp0_0	dram_0	freq_ratio_0_0	c0_ratio_0_0	freq_ratio_0_1	c0_ratio_0_1	freq_ratio_0_2	c0_ratio_0_2	freq_ratio_0_3	c0_ratio_0_3	freq_ratio_0_4	c0_ratio_0_4	freq_ratio_0_5	c0_ratio_0_5	freq_ratio_0_6	c0_ratio_0_6	freq_ratio_0_7	c0_ratio_0_7	ts_1	elapsed_1	pkg_1	pp0_1	dram_1	freq_ratio_1_0	c0_ratio_1_0	freq_ratio_1_1	c0_ratio_1_1	freq_ratio_1_2	c0_ratio_1_2	freq_ratio_1_3	c0_ratio_1_3	freq_ratio_1_4	c0_ratio_1_4	freq_ratio_1_5	c0_ratio_1_5	freq_ratio_1_6	c0_ratio_1_6	freq_ratio_1_7	c0_ratio_1_7	
1350065801.881203	1.000328	48.378218	35.241384	4.987866	1.000000	1.000000	0.999590	0.002820	1.000000	1.000000	1.000017	0.000380	1.000000	1.000000	0.999892	0.000311	1.000000	1.000000	0.999957	0.000335	1350065801.881336	1.000327	35.582507	22.323173	2.317998	0.999910	0.005412	1.000000	1.000000	1.000000	1.000000	0.999525	0.000445	0.997411	0.000070	0.991794	0.000021	0.991049	0.000020	0.998644	0.000019	
1350065802.881193	0.999990	48.354824	35.210802	4.957707	1.000000	1.000000	0.999731	0.000205	1.000000	1.000000	0.999967	0.002064	1.000000	1.000000	0.999985	0.000360	1.000000	1.000000	1.000032	0.000267	1350065802.881323	0.999987	35.498436	22.225893	2.137525	0.999982	0.003443	1.000000	0.999996	1.000000	1.000000	1.000895	0.000324	1.012221	0.000020	1.000397	0.002199	1.004260	0.000060	1.000353	0.000189	
1350065803.881193	1.000000	48.320557	35.173721	4.962952	1.000000	1.000000	1.000033	0.000197	1.000000	1.000000	0.999969	0.000236	1.000000	1.000000	1.000000	0.000217	1.000000	1.000000	0.999980	0.000197	1350065803.881323	1.000000	35.542206	22.271347	1.586578	0.999985	0.004546	0.999994	1.000004	1.000000	1.000000	0.999150	0.000280	0.997393	0.000068	0.986673	0.000013	0.984487	0.000013	0.973423	0.000013	
1350065804.881193	1.000000	48.262100	35.112350	4.957870	1.000000	1.000000	0.999921	0.000210	1.000000	1.000000	1.000023	0.000256	1.000000	1.000000	1.000002	0.000326	1.000000	1.000000	0.999943	0.000273	1350065804.881319	0.999996	35.514502	22.242476	1.659095	1.000029	0.003674	1.000006	1.000000	0.999994	1.000000	1.000752	0.000304	1.008175	0.000020	1.002780	0.000059	1.003400	0.000054	1.005659	0.000052	
1350065805.881193	1.000000	48.248276	35.098053	4.962814	1.000000	1.000000	1.000087	0.000209	1.000000	1.000000	1.000002	0.000224	1.000000	1.000000	1.000041	0.000214	1.000000	1.000000	1.000040	0.000211	1350065805.881326	1.000007	35.415603	22.139022	1.586583	1.000051	0.000508	0.999994	1.000000	1.000006	1.000000	0.999975	0.000305	1.000039	0.000059	1.002811	0.000012	1.000768	0.000013	1.004454	0.000013	
1350065806.881193	1.000000	48.154343	35.014725	4.957794	1.000000	1.000000	1.000006	0.000202	1.000000	1.000000	1.000403	0.000280	1.000000	1.000000	0.999957	0.000266	1.000000	1.000000	1.000099	0.001137	1350065806.881322	0.999996	35.468467	22.191084	1.724235	0.999974	0.001729	1.000006	1.000000	1.000000	1.000000	0.999985	0.000393	1.001035	0.000019	1.000054	0.000065	1.000291	0.000061	0.999848	0.000172	
1350065807.881193	1.000000	48.138626	34.983932	4.962967	1.000000	1.000000	1.000021	0.000206	1.000000	1.000000	1.000016	0.000243	1.000000	1.000000	1.000529	0.000292	1.000000	1.000000	0.999944	0.000215	1350065807.881322	1.000000	35.543655	22.282303	1.676025	1.000000	0.005069	0.999995	1.000000	1.000000	1.000000	0.999654	0.000302	0.990743	0.000055	1.000000	0.000012	0.997761	0.000012	0.981749	0.000013	
1350065808.881193	1.000000	48.189453	35.037415	4.952789	1.000000	1.000000	0.999817	0.000210	1.000000	1.000000	0.999452	0.000243	1.000000	1.000000	0.999512	0.000316	1.000000	1.000000	0.999562	0.000268	1350065808.881319	0.999997	35.464145	22.188774	1.610601	0.999987	0.001783	1.000005	1.000000	1.000000	1.000000	1.000197	0.000478	1.020935	0.000025	0.999987	0.000092	1.000128	0.000090	0.994414	0.000061	
1350065809.881193	1.000000	48.174561	35.021866	4.978104	1.000000	1.000000	1.000033	0.000174	1.000000	1.000000	0.999945	0.000240	1.000000	1.000000	0.999997	0.000240	1.000000	1.000000	0.999991	0.000213	1350065809.881321	1.000002	35.410958	22.136600	1.589734	1.000011	0.000540	0.999994	1.000000	1.000000	1.000000	0.999984	0.000318	1.000021	0.000055	0.998955	0.000008	0.999360	0.000008	1.009613	0.000039	
1350065810.881192	0.999999	48.145264	34.990237	4.968099	1.000000	1.000000	1.000044	0.000219	1.000000	1.000000	0.999873	0.000253	1.000000	1.000000	1.000028	0.000264	1.000000	1.000000	1.000012	0.000266	1350065810.881321	1.000000	35.415573	22.142792	1.610748	1.000056	0.000546	1.000000	1.000000	1.000000	1.000000	0.999984	0.000453	1.000138	0.000020	0.990509	0.000067	0.999747	0.000059	1.001393	0.000128	
1350065811.881193	1.000001	48.255890	35.097897	4.970012	1.000000	1.000000	0.999994	0.003532	1.000000	1.000000	1.000004	0.003045	1.000000	1.000000	0.999992	0.003023	1.000000	1.000000	1.000319	0.002935	1350065811.881310	0.999989	35.526101	22.253601	1.613635	0.999990	0.004645	1.000006	1.000000	1.000000	1.000000	0.999990	0.003384	0.999994	0.002853	0.999915	0.002866	0.999935	0.002709	0.999931	0.002681	
1350065812.881193	1.000000	48.231781	35.075623	4.967926	1.000000	1.000000	1.000007	0.000207	1.000000	1.000000	0.999946	0.001422	1.000000	1.000000	1.000001	0.000314	1.000000	1.000000	0.995945	0.000238	1350065812.881322	1.000012	35.431371	22.158214	1.767908	0.999989	0.000551	0.999994	1.000000	1.000000	1.000000	1.000072	0.000349	0.997758	0.000008	1.000440	0.002010	1.003260	0.000055	1.003642	0.000057	
1350065813.881193	1.000000	48.138763	34.982834	4.967880	1.000000	1.000000	1.000199	0.000174	1.000000	1.000000	1.000097	0.000226	1.000000	1.000000	0.999966	0.000213	1.000000	1.000000	1.000101	0.000229	1350065813.881326	1.000004	35.429559	22.154299	1.591668	1.000012	0.000501	1.000006	1.000000	1.000000	1.000000	0.999987	0.000297	1.000500	0.000066	1.000092	0.000013	1.000275	0.000013	0.988324	0.000013	
1350065814.881193	1.000000	48.320114	35.166840	4.953033	1.000000	1.000000	0.999886	0.000199	1.000000	1.000000	0.999961	0.002908	1.000000	1.000000	0.999923	0.000266	1.000000	1.000000	0.999934	0.000240	1350065814.881322	0.999996	35.426383	22.149351	1.963692	0.999961	0.000541	1.000000	1.000000	1.000000	1.000000	0.999907	0.000348	1.000334	0.000013	0.999912	0.000074	1.000179	0.000056	1.001135	0.000078	
1350065815.881193	1.000000	48.372726	35.231689	4.958023	1.000000	1.000000	0.999935	0.000208	1.000000	1.000000	0.999977	0.005125	1.000000	1.000000	1.000051	0.000210	1.000000	1.000000	0.999978	0.000209	1350065815.881327	1.000005	35.403662	22.129482	2.356830	1.000087	0.000506	1.000000	1.000000	0.999995	1.000000	0.999259	0.000289	0.996735	0.000062	0.973500	0.000013	0.984015	0.000013	0.993812	0.000013	
1350065816.881193	1.000000	48.255402	35.101837	4.963333	1.000000	1.000000	0.999928	0.000275	1.000000	1.000000	0.999965	0.001738	1.000000	1.000000	0.999977	0.000256	1.000000	1.000000	0.999946	0.000250	1350065816.881332	1.000005	35.410238	22.136364	1.809103	0.999933	0.000821	1.000000	1.000000	1.000005	1.000000	1.000584	0.000398	1.010026	0.000020	1.005199	0.000066	1.003362	0.000056	1.002193	0.000063	
1350065817.881193	1.000000	48.142639	34.988800	4.978043	1.000000	1.000000	0.999965	0.000317	1.000000	1.000000	1.000056	0.000247	1.000000	1.000000	0.999978	0.000295	1.000000	1.000000	1.000106	0.000199	1350065817.881323	0.999991	35.390396	22.117739	1.589614	0.999957	0.000521	0.999994	1.000000	1.000000	1.000000	0.999994	0.000306	1.000034	0.000056	0.999508	0.000020	1.000188	0.000021	0.997352	0.000021	
1350065818.881192	0.999999	48.218781	35.063739	4.973134	1.000000	1.000000	0.999996	0.000177	1.000000	1.000000	1.000094	0.001347	1.000000	1.000000	1.000690	0.000253	1.000000	1.000000	1.000462	0.000257	1350065818.881323	1.000000	35.405197	22.131424	1.753662	0.999936	0.000551	1.000006	1.000000	1.000000	1.000000	0.999983	0.000382	0.999823	0.000020	1.000307	0.000063	0.999561	0.000058	1.000076	0.000131	
1350065819.881193	1.000001	48.153015	34.997586	4.963328	1.000000	1.000000	1.000146	0.000182	1.000000	1.000000	0.999839	0.000240	1.000000	1.000000	0.999766	0.000193	1.000000	1.000000	0.999854	0.000209	1350065819.881322	0.999999	35.399890	22.127737	1.585191	1.000073	0.000539	1.000000	1.000000	1.000000	1.000000	0.999989	0.000275	0.992526	0.000068	0.998330	0.000012	1.001996	0.000013	0.998952	0.000013	
1350065820.881193	1.000000	48.319351	35.164902	4.968094	1.000000	1.000000	0.999497	0.000214	1.000000	1.000000	0.999920	0.002984	1.000000	1.000000	0.999430	0.000267	1.000000	1.000000	0.999562	0.000264	1350065820.881343	1.000021	35.405553	22.133660	1.989445	1.000004	0.000570	1.000000	1.000000	1.000000	1.000000	0.999918	0.000403	1.019328	0.000026	1.000049	0.000086	1.000146	0.000076	0.991123	0.000061	
1350065821.881193	1.000000	48.590942	35.436005	4.963104	1.000000	1.000000	0.999718	0.000186	1.000000	1.000000	0.999977	0.003363	1.000000	1.000000	0.999965	0.004858	1.000000	1.000000	0.999976	0.000207	1350065821.881323	0.999980	35.379264	22.121949	2.723153	0.999991	0.000949	1.000000	1.000000	1.000000	1.000000	0.999988	0.000313	0.999981	0.000060	0.980115	0.000037	0.994679	0.000036	1.004700	0.000082	
1350065822.881193	1.000000	48.421478	35.265030	4.963089	1.000000	1.000000	0.999907	0.000198	1.000000	1.000000	0.999881	0.000252	1.000000	1.000000	0.999960	0.005231	1.000000	1.000000	0.999975	0.000245	1350065822.881323	1.000000	35.408661	22.133728	2.379349	0.999955	0.000567	1.000000	1.000000	1.000000	1.000000	1.000067	0.000371	0.993930	0.000020	1.000373	0.002002	1.003824	0.000047	1.003148	0.000064	
1350065823.881193	1.000000	48.116714	34.960724	4.953064	1.000000	1.000000	1.000832	0.000191	1.000000	1.000000	1.000099	0.000223	1.000000	1.000000	1.000005	0.000212	1.000000	1.000000	1.000077	0.000211	1350065823.881323	1.000000	35.392868	22.121170	1.589569	1.000007	0.000521	0.999995	1.000000	1.000000	1.000000	0.999985	0.000336	1.002200	0.000062	0.991859	0.000013	0.984973	0.000013	0.983583	0.000013	
1350065824.881193	1.000000	48.131439	34.974167	4.973160	1.000000	1.000000	0.999974	0.000241	1.000000	1.000000	0.999885	0.000257	1.000000	1.000000	0.999977	0.000248	1.000000	1.000000	0.999978	0.000247	1350065824.881320	0.999997	35.396091	22.124916	1.589788	0.999952	0.000487	1.000005	1.000000	1.000000	1.000000	0.999988	0.000434	1.000030	0.000013	1.001276	0.000073	1.003218	0.000060	1.003028	0.000054	
1350065825.881193	1.000000	48.081009	34.938065	4.963058	1.000000	1.000000	0.999955	0.000179	1.000000	1.000000	1.000085	0.000223	1.000000	1.000000	0.999962	0.000213	1.000000	1.000000	0.999951	0.000211	1350065825.881322	1.000002	35.392862	22.121479	1.590024	0.999979	0.000506	1.000000	1.000000	1.000000	1.000000	0.999494	0.000305	0.999856	0.000054	0.999444	0.000012	0.993367	0.000013	0.988776	0.000013	
1350065826.881193	1.000000	48.153549	34.997986	4.968369	1.000000	1.000000	0.999943	0.000436	1.000000	1.000000	0.999875	0.000254	1.000000	1.000000	0.999982	0.000263	1.000000	1.000000	1.000013	0.001046	1350065826.881329	1.000007	35.413512	22.143676	1.709552	1.000005	0.000981	1.000000	1.000000	1.000000	1.000000	1.000367	0.000391	1.000413	0.000020	1.000109	0.000064	1.001245	0.000061	1.001818	0.000078	
1350065827.881193	1.000000	48.311325	35.155380	4.962814	1.000000	1.000000	0.999983	0.001940	1.000000	1.000000	0.999980	0.002344	1.000000	1.000000	0.999952	0.000502	1.000000	1.000000	0.999902	0.000193	1350065827.881323	0.999994	35.488233	22.216304	2.172926	0.999993	0.003145	0.999994	1.000000	1.000000	1.000000	0.999988	0.000300	0.998898	0.000091	0.994861	0.000036	0.990394	0.000020	0.991983	0.000020	
1350065828.881193	1.000000	48.295685	35.139587	4.953033	1.000000	1.000000	1.000010	0.000187	1.000000	1.000000	0.999969	0.003705	1.000000	1.000000	0.999843	0.000262	1.000000	1.000000	0.999933	0.000247	1350065828.881321	0.999998	35.492515	22.219159	2.165852	0.999961	0.002437	1.000006	1.000000	1.000000	1.000000	0.999903	0.000351	1.010755	0.000008	1.003974	0.000047	1.004127	0.000053	1.003632	0.000059	
1350065829.881193	1.000000	48.271835	35.114731	4.957733	1.000000	1.000000	1.000064	0.000175	1.000000	1.000000	0.999982	0.003610	1.000000	1.000000	1.000142	0.000230	1.000000	1.000000	1.000118	0.000212	1350065829.881322	1.000001	35.486706	22.215311	2.103437	1.000049	0.002345	1.000000	1.000000	1.000000	1.000000	1.000102	0.000252	0.998589	0.000057	0.984288	0.000013	0.982712	0.000013	0.982715	0.000012	
1350065830.881193	1.000000	48.127060	34.972137	4.973038	1.000000	1.000000	1.000061	0.000194	1.000000	1.000000	1.000654	0.000254	1.000000	1.000000	1.000662	0.000241	1.000000	1.000000	1.000482	0.000247	1350065830.881328	1.000006	35.464495	22.192586	1.599051	1.000006	0.001988	0.999995	1.000000	1.000000	1.000000	0.999981	0.000437	1.002745	0.000013	0.992567	0.000059	1.003831	0.000050	1.003100	0.000068	
1350065831.881193	1.000000	48.117310	34.959106	4.978119	1.000000	1.000000	0.999943	0.000189	1.000000	1.000000	0.999833	0.000229	1.000000	1.000000	0.999914	0.000211	1.000000	1.000000	0.999865	0.000208	1350065831.881326	0.999998	35.406623	22.132824	1.591525	0.999967	0.000810	1.000005	1.000000	1.000000	1.000000	0.999992	0.000371	0.993240	0.000067	0.999165	0.000021	1.000059	0.000020	0.994149	0.000020	
1350065832.881193	1.000000	48.146027	34.985825	4.973511	1.000000	1.000000	0.999439	0.000229	1.000000	1.000000	0.999457	0.000263	1.000000	1.000000	0.999549	0.000318	1.000000	1.000000	0.999635	0.000278	1350065832.881320	0.999994	35.422803	22.151026	1.596170	1.000061	0.000536	0.999995	1.000000	1.000000	1.000000	0.999986	0.000455	1.013933	0.000037	1.000310	0.002094	0.999996	0.000095	0.992344	0.000055	
1350065833.881194	1.000001	715800781.731493	715764933.961496	715808612.330364	0.999986	1.000192	0.999984	1.000195	0.999994	1.000192	0.999986	1.000192	0.999986	1.000195	0.999989	1.000190	0.999986	1.000195	0.999986	1.000193	1350065833.881299	0.999979	715838592.157413	715840246.390484	715780632.573025	0.999986	1.000192	0.999984	1.000195	3.893276	0.256901	0.999986	1.000193	0.999986	1.000195	0.999989	1.000190	0.999986	1.000195	0.999987	1.000193	
1350065834.881193	0.999999	0.000000	0.000000	0.000000	-nan	-nan	-nan	-nan	0.000000	inf	-nan	-nan	-nan	0.000000	-nan	-nan	-nan	-nan	-nan	-nan	1350065834.881263	0.999964	0.000000	0.000000	0.000000	-nan	-nan	-nan	-nan	0.000000	inf	-nan	-nan	-nan	-nan	-nan	-nan	-nan	-nan	-nan	-nan	
