ts_0	elapsed_0	pkg_0	pp0_0	dram_0	freq_ratio_0_0	c0_ratio_0_0	freq_ratio_0_1	c0_ratio_0_1	freq_ratio_0_2	c0_ratio_0_2	freq_ratio_0_3	c0_ratio_0_3	freq_ratio_0_4	c0_ratio_0_4	freq_ratio_0_5	c0_ratio_0_5	freq_ratio_0_6	c0_ratio_0_6	freq_ratio_0_7	c0_ratio_0_7	ts_1	elapsed_1	pkg_1	pp0_1	dram_1	freq_ratio_1_0	c0_ratio_1_0	freq_ratio_1_1	c0_ratio_1_1	freq_ratio_1_2	c0_ratio_1_2	freq_ratio_1_3	c0_ratio_1_3	freq_ratio_1_4	c0_ratio_1_4	freq_ratio_1_5	c0_ratio_1_5	freq_ratio_1_6	c0_ratio_1_6	freq_ratio_1_7	c0_ratio_1_7	
1350071890.373796	1.000152	66.425397	53.075972	3.788608	0.929633	0.996575	0.929632	0.996574	0.929631	0.996572	0.929630	0.996569	0.929628	0.996567	0.929628	0.996564	0.929626	0.996563	0.929625	0.996562	1350071890.373863	1.000156	67.671974	54.467047	1.589489	1.084957	0.996386	1.084957	0.996382	1.084957	0.996383	1.084956	0.996376	1.084956	0.996372	1.084955	0.996369	1.083481	0.000507	1.059484	0.004682	
1350071891.373792	0.999996	64.704257	51.337061	3.797058	0.915740	0.997077	0.915740	0.997076	0.915740	0.997074	0.915740	0.997074	0.915740	0.997072	0.915740	0.997068	0.915740	0.997067	0.915740	0.997064	1350071891.373853	0.999990	64.613776	51.399975	1.586045	1.050423	0.995864	1.050423	0.995860	1.050423	0.995855	1.050423	0.995854	1.050423	0.995850	1.050423	0.995847	1.047429	0.000462	1.052596	0.004790	
1350071892.373798	1.000006	64.697887	51.325484	3.770028	0.914254	0.996378	0.914254	0.996377	0.914254	0.996372	0.914254	0.996370	0.914254	0.996368	0.914254	0.996367	0.914254	0.996365	0.914254	0.996363	1350071892.373859	1.000006	64.612423	51.395049	1.583166	1.049827	0.996037	1.049827	0.996033	1.049827	0.996031	1.049827	0.996028	1.049827	0.996024	1.049827	0.996022	1.050844	0.000473	1.050009	0.005309	
1350071893.373792	0.999994	64.703801	51.340012	3.778282	0.913445	0.995929	0.913446	0.995927	0.913446	0.995922	0.913447	0.995916	0.913447	0.995919	0.913447	0.995919	0.913447	0.995918	0.913448	0.995914	1350071893.373862	1.000003	64.607695	51.385964	1.589335	1.051513	0.996040	1.051513	0.996037	1.051513	0.996034	1.051513	0.996031	1.051513	0.996027	1.051513	0.996025	1.047744	0.000653	1.051418	0.002513	
1350071894.373793	1.000001	64.688262	51.324200	3.776867	0.934833	0.996127	0.914200	0.631377	0.934836	0.996123	0.934835	0.996125	0.934835	0.996117	0.934835	0.996115	0.934835	0.996114	0.934835	0.996112	1350071894.373883	1.000021	64.653337	51.426533	1.576063	1.023211	0.996186	1.023211	0.996184	1.023211	0.996181	1.023211	0.996178	1.023211	0.996175	1.023210	0.996173	0.997216	0.007283	0.976890	0.371178	
1350071895.373801	1.000008	64.680979	51.325771	3.789535	0.969324	0.995797	0.964376	0.004132	0.969323	0.995796	0.969323	0.995792	0.969323	0.995790	0.969322	0.995788	0.969322	0.995785	0.969322	0.995783	1350071895.373895	1.000012	64.603478	51.394346	1.591961	0.980179	0.996518	0.980179	0.996516	0.980179	0.996514	0.980179	0.996511	0.980179	0.996508	0.980179	0.996507	0.968480	0.002949	0.980179	0.996508	
1350071896.373798	0.999997	64.609941	51.274558	3.789410	0.967311	0.996094	0.967013	0.007230	0.967311	0.996093	0.967311	0.996089	0.967311	0.996085	0.967311	0.996084	0.967310	0.996081	0.967311	0.996079	1350071896.373889	0.999994	64.674595	51.448915	1.620966	0.981872	0.996445	0.981873	0.996442	0.981873	0.996439	0.981873	0.996439	0.981873	0.996436	0.981873	0.996433	0.970322	0.003742	0.981874	0.996432	
1350071897.373792	0.999994	64.676731	51.330079	3.797035	0.970522	0.995746	0.964119	0.003683	0.970524	0.995743	0.970524	0.995739	0.970524	0.995734	0.970525	0.995734	0.970525	0.995731	0.970525	0.995727	1350071897.373886	0.999997	64.669329	51.447425	1.587545	0.980200	0.996322	0.980200	0.996317	0.980200	0.996316	0.980200	0.996313	0.980200	0.996310	0.980200	0.996308	0.971575	0.004685	0.980200	0.996309	
1350071898.373793	1.000001	64.680480	51.340069	3.800945	0.970500	0.995804	0.963893	0.004130	0.970499	0.995803	0.970498	0.995800	0.970498	0.995797	0.970498	0.995794	0.970498	0.995790	0.970497	0.995788	1350071898.373883	0.999997	64.670916	51.447517	1.590581	0.981129	0.996462	0.981129	0.996459	0.981129	0.996456	0.981129	0.996454	0.981129	0.996453	0.981129	0.996449	0.972110	0.004044	0.981129	0.996448	
1350071899.373792	0.999999	64.674775	51.333881	3.782062	0.966104	0.996325	0.964256	0.007105	0.966105	0.996325	0.966106	0.996323	0.966106	0.996319	0.966106	0.996316	0.966106	0.996313	0.966106	0.996311	1350071899.373880	0.999997	64.674959	51.449805	1.651189	0.981938	0.996407	0.981938	0.996406	0.981938	0.996403	0.981938	0.996399	0.981937	0.996398	0.981937	0.996396	0.971119	0.003232	0.981936	0.996396	
1350071900.373798	1.000006	64.676693	51.339416	3.781838	0.966300	0.996163	0.964436	0.006794	0.966300	0.996162	0.966300	0.996159	0.966300	0.996156	0.966300	0.996153	0.966300	0.996152	0.966300	0.996149	1350071900.373903	1.000023	64.667023	51.442747	1.592645	0.981771	0.996339	0.981771	0.996337	0.981771	0.996334	0.981771	0.996331	0.981772	0.996328	0.981772	0.996326	0.970020	0.003201	0.981773	0.996326	
1350071901.373792	0.999994	64.681904	51.344666	3.789695	0.965430	0.996216	0.965938	0.008105	0.965428	0.996213	0.965428	0.996210	0.965428	0.996208	0.965427	0.996204	0.965427	0.996202	0.965427	0.996201	1350071901.373881	0.999978	64.677093	51.451675	1.585820	0.981933	0.996380	0.981933	0.996378	0.981933	0.996374	0.981933	0.996375	0.981933	0.996371	0.981932	0.996368	0.971554	0.003282	0.981931	0.996367	
1350071902.373793	1.000001	64.680389	51.344601	3.801449	0.965316	0.996244	0.964019	0.007949	0.965317	0.996245	0.965317	0.996240	0.965317	0.996239	0.965317	0.996234	0.965316	0.996232	0.965316	0.996230	1350071902.373881	1.000000	64.669434	51.443390	1.623047	0.981527	0.996471	0.981527	0.996469	0.981527	0.996466	0.981527	0.996463	0.981527	0.996460	0.981527	0.996459	0.970461	0.003197	0.981528	0.996458	
1350071903.373792	0.999999	64.610764	51.287906	3.789493	0.968611	0.995889	0.963583	0.004935	0.968613	0.995887	0.968613	0.995884	0.968613	0.995879	0.968614	0.995877	0.968614	0.995874	0.968615	0.995873	1350071903.373884	1.000003	64.669477	51.443765	1.586940	0.979924	0.996307	0.979924	0.996304	0.979924	0.996301	0.979924	0.996301	0.979923	0.996298	0.979923	0.996295	0.971223	0.004887	0.979922	0.996296	
1350071904.373792	1.000000	64.680435	51.343643	3.793121	0.970039	0.995993	0.960402	0.005936	0.970038	0.995991	0.970037	0.995987	0.970037	0.995983	0.970037	0.995982	0.970036	0.995979	0.970036	0.995977	1350071904.373880	0.999996	64.673053	51.448466	1.590415	0.980300	0.996199	0.980300	0.996197	0.980300	0.996195	0.980300	0.996191	0.980300	0.996188	0.980300	0.996186	0.971072	0.003986	0.980301	0.996185	
1350071905.373792	1.000000	64.673920	51.332870	3.793365	0.969985	0.995892	0.965312	0.003689	0.969987	0.995890	0.969987	0.995887	0.969987	0.995885	0.969987	0.995880	0.969988	0.995878	0.969988	0.995877	1350071905.373882	1.000002	64.609114	51.394479	1.590421	0.979701	0.996301	0.979701	0.996299	0.979701	0.996297	0.979701	0.996294	0.979701	0.996292	0.979701	0.996291	0.972292	0.005351	0.979701	0.996288	
1350071906.373793	1.000001	64.680465	51.339520	3.797482	0.969954	0.995886	0.964347	0.003545	0.969953	0.995885	0.969953	0.995882	0.969952	0.995880	0.969951	0.995876	0.969951	0.995875	0.969952	0.995873	1350071906.373882	1.000000	64.652069	51.419052	1.593689	1.000966	0.996448	1.000966	0.996446	1.000966	0.996443	1.000966	0.996441	1.000966	0.996439	1.000966	0.996436	0.994876	0.002698	1.000966	0.996434	
1350071907.373792	0.999999	64.651704	51.310169	3.782017	0.995400	0.997727	0.984590	0.001639	0.995402	0.997727	0.995402	0.997726	0.995402	0.997724	0.995402	0.997722	0.995402	0.997720	0.995402	0.997719	1350071907.373880	0.999998	64.646928	51.413184	1.590152	1.013237	0.995931	1.013238	0.995929	1.013237	0.995926	1.013237	0.995922	1.013237	0.995918	1.013237	0.995917	1.013699	0.001922	1.013237	0.995916	
1350071908.373793	1.000001	64.673477	51.325955	3.797161	0.983513	0.996915	0.974522	0.003004	0.983512	0.996915	0.983511	0.996912	0.983511	0.996910	0.983511	0.996908	0.983511	0.996905	0.983510	0.996904	1350071908.373870	0.999990	64.667640	51.431957	1.583619	0.995075	0.996019	0.995075	0.996016	0.995075	0.996012	0.995075	0.996011	0.995075	0.996007	0.995075	0.996006	0.985859	0.003892	0.995074	0.996005	
1350071909.373792	0.999999	64.678834	51.335529	3.793781	0.969104	0.995638	0.964686	0.003908	0.969104	0.995638	0.969104	0.995635	0.969104	0.995631	0.969104	0.995629	0.969103	0.995626	0.969104	0.995622	1350071909.373896	1.000026	64.670301	51.436926	1.587620	0.980206	0.996382	0.980206	0.996380	0.980206	0.996378	0.980206	0.996374	0.980207	0.996371	0.980207	0.996371	0.971466	0.004202	0.980208	0.996370	
1350071910.373793	1.000001	64.677978	51.333600	3.793392	0.968733	0.995784	0.963665	0.003834	0.968732	0.995783	0.968732	0.995780	0.968733	0.995778	0.968733	0.995774	0.968733	0.995773	0.968732	0.995769	1350071910.373882	0.999986	64.674173	51.440955	1.584632	0.979555	0.996215	0.979555	0.996212	0.979555	0.996211	0.979555	0.996208	0.979554	0.996204	0.979554	0.996203	0.971081	0.004324	0.979553	0.996202	
1350071911.373792	0.999999	64.612305	51.282123	3.789600	0.967483	0.995845	0.964576	0.005192	0.967485	0.995845	0.967485	0.995843	0.967485	0.995839	0.967485	0.995837	0.967486	0.995833	0.967486	0.995819	1350071911.373885	1.000003	64.669432	51.436395	1.582103	0.980472	0.996124	0.980472	0.996122	0.980472	0.996117	0.980472	0.996116	0.980472	0.996114	0.980472	0.996111	0.970520	0.004065	0.980473	0.996111	
1350071912.373793	1.000001	64.676559	51.332303	3.801281	0.968965	0.995572	0.963880	0.003797	0.968966	0.995570	0.968966	0.995566	0.968966	0.995563	0.968966	0.995560	0.968965	0.995556	0.968966	0.995566	1350071912.373884	0.999999	64.669465	51.435794	1.592363	0.980082	0.996258	0.980082	0.996257	0.980082	0.996253	0.980082	0.996252	0.980082	0.996248	0.980082	0.996246	0.972128	0.004177	0.980082	0.996246	
1350071913.373792	0.999999	64.679291	51.336475	3.793461	0.968743	0.995846	0.963712	0.004164	0.968741	0.995845	0.968740	0.995842	0.968740	0.995839	0.968740	0.995835	0.968740	0.995830	0.968740	0.995828	1350071913.373882	0.999998	64.674653	51.441153	1.586963	0.980564	0.996348	0.980564	0.996346	0.980564	0.996343	0.980564	0.996341	0.980564	0.996337	0.980564	0.996335	0.972645	0.004085	0.980564	0.996335	
1350071914.373793	1.000001	64.677001	51.332745	3.805142	0.967437	0.996144	0.959916	0.007977	0.967439	0.996142	0.967440	0.996141	0.967439	0.996136	0.967440	0.996134	0.967440	0.996132	0.967440	0.996130	1350071914.373888	1.000006	64.671474	51.437315	1.587729	0.980739	0.996264	0.980739	0.996263	0.980739	0.996260	0.980738	0.996257	0.980738	0.996256	0.980738	0.996255	0.969974	0.003673	0.980737	0.996251	
1350071915.373792	0.999999	64.680878	51.334094	3.797336	0.969400	0.995579	0.965527	0.003844	0.969398	0.995578	0.969398	0.995578	0.969398	0.995574	0.969397	0.995571	0.969397	0.995567	0.969397	0.995566	1350071915.373882	0.999994	64.609287	51.387788	1.584330	0.978328	0.996138	0.978328	0.996133	0.978327	0.996130	0.978327	0.996127	0.978327	0.996126	0.978327	0.996123	0.971734	0.005831	0.978327	0.996123	
1350071916.373793	1.000001	64.676360	51.332471	3.801281	0.968198	0.995735	0.962181	0.006330	0.968199	0.995733	0.968198	0.995731	0.968199	0.995726	0.968199	0.995725	0.968198	0.995724	0.968199	0.995720	1350071916.373868	0.999986	64.670908	51.438086	1.593391	0.979357	0.996195	0.979357	0.996192	0.979357	0.996190	0.979357	0.996188	0.979357	0.996184	0.979357	0.996183	0.969516	0.003861	0.979358	0.996182	
1350071917.373792	0.999999	64.676087	51.332111	3.789738	0.966834	0.996015	0.963146	0.004633	0.966834	0.996014	0.966834	0.996010	0.966833	0.996007	0.966833	0.996004	0.966833	0.996002	0.966833	0.995999	1350071917.373878	1.000010	64.670648	51.436191	1.587432	0.981036	0.996250	0.981036	0.996248	0.981036	0.996246	0.981036	0.996243	0.981036	0.996239	0.981036	0.996238	0.969257	0.003261	0.981036	0.996238	
1350071918.373793	1.000001	64.679382	51.333798	3.793316	0.968472	0.995734	0.964703	0.004166	0.968472	0.995735	0.968472	0.995732	0.968472	0.995728	0.968472	0.995726	0.968472	0.995722	0.968472	0.995720	1350071918.373875	0.999997	64.674135	51.440101	1.587285	0.979784	0.996274	0.979784	0.996273	0.979785	0.996269	0.979784	0.996266	0.979784	0.996264	0.979784	0.996260	0.970932	0.004505	0.979785	0.996259	
1350071919.373800	1.000007	64.680903	51.335720	3.788441	0.966396	0.996164	0.960350	0.007796	0.966396	0.996164	0.966396	0.996161	0.966396	0.996160	0.966396	0.996157	0.966396	0.996155	0.966396	0.996152	1350071919.373895	1.000020	64.670061	51.433433	1.587050	0.980720	0.996316	0.980720	0.996313	0.980720	0.996309	0.980720	0.996308	0.980720	0.996304	0.980720	0.996303	0.965598	0.006731	0.980719	0.996304	
1350071920.373799	0.999999	64.679063	51.332263	3.793705	0.964354	0.996250	0.963702	0.006522	0.964355	0.996250	0.964354	0.996248	0.964355	0.996244	0.964354	0.996243	0.964354	0.996239	0.964354	0.996238	1350071920.373921	1.000026	64.669309	51.431555	1.585423	0.981209	0.996392	0.981209	0.996390	0.981210	0.996386	0.981210	0.996384	0.981210	0.996383	0.981210	0.996380	0.971161	0.003427	0.981211	0.996379	
1350071921.373792	0.999993	64.610936	51.277225	3.801204	0.968134	0.995629	0.965114	0.003997	0.968136	0.995627	0.968135	0.995624	0.968136	0.995621	0.968136	0.995618	0.968137	0.995616	0.968136	0.995615	1350071921.373890	0.999969	64.676306	51.440849	1.589100	0.980892	0.996321	0.980892	0.996317	0.980892	0.996315	0.980892	0.996312	0.980891	0.996309	0.980891	0.996307	0.969657	0.003520	0.980890	0.996307	
1350071922.373792	1.000000	64.677078	51.332260	3.805115	0.968184	0.995673	0.963706	0.003966	0.968184	0.995673	0.968184	0.995669	0.968185	0.995665	0.968184	0.995663	0.968184	0.995660	0.968184	0.995657	1350071922.373883	0.999993	64.667119	51.433995	1.593364	0.979466	0.996243	0.979466	0.996239	0.979466	0.996237	0.979466	0.996234	0.979466	0.996231	0.979466	0.996229	0.973447	0.004664	0.979467	0.996229	
1350071923.373792	1.000000	64.677216	51.330719	3.793427	0.968247	0.995701	0.964681	0.004176	0.968247	0.995700	0.968247	0.995697	0.968247	0.995694	0.968247	0.995692	0.968246	0.995689	0.968247	0.995685	1350071923.373877	0.999994	64.673725	51.439867	1.582605	0.979779	0.996320	0.979779	0.996319	0.979779	0.996315	0.979779	0.996313	0.979779	0.996310	0.979779	0.996309	0.974475	0.005364	0.979779	0.996307	
1350071924.373792	1.000000	64.679840	51.333801	3.805283	0.968213	0.995718	0.959022	0.005927	0.968211	0.995717	0.968211	0.995714	0.968211	0.995710	0.968211	0.995708	0.968210	0.995705	0.968210	0.995703	1350071924.373883	1.000006	64.672680	51.438597	1.580893	0.979521	0.996233	0.979521	0.996231	0.979521	0.996229	0.979521	0.996228	0.979521	0.996224	0.979521	0.996221	0.971444	0.004765	0.979521	0.996223	
1350071925.373793	1.000001	64.659057	51.311413	3.789532	0.985616	0.997616	0.973251	0.002547	0.985617	0.997617	0.985617	0.997614	0.985617	0.997613	0.985618	0.997610	0.985618	0.997609	0.985619	0.997608	1350071925.373876	0.999993	64.583500	51.362004	1.586971	1.007120	0.995897	1.007120	0.995895	1.007120	0.995892	1.007120	0.995892	1.007120	0.995887	1.007120	0.995886	0.992801	0.003791	1.007120	0.995886	
1350071926.373795	1.000002	715786069.888615	715781588.429587	715799483.430413	0.999988	1.000206	0.999986	1.000209	3.982978	0.251119	0.999988	1.000205	0.999988	1.000208	0.999991	1.000203	0.999988	1.000208	0.999988	1.000206	1350071926.373890	1.000014	715774953.402936	715764489.024455	715762506.965147	0.999988	1.000205	0.999986	1.000208	3.893146	0.256913	0.999988	1.000206	0.999988	1.000208	0.999991	1.000204	0.999988	1.000209	0.999989	1.000207	
1350071927.373793	0.999998	0.000000	0.000000	0.000000	-nan	-nan	-nan	-nan	0.000000	inf	-nan	-nan	-nan	0.000000	0.000000	inf	-nan	-nan	-nan	-nan	1350071927.373863	0.999973	0.000000	0.000000	0.000000	-nan	-nan	-nan	-nan	0.000000	inf	-nan	-nan	-nan	-nan	-nan	-nan	-nan	-nan	-nan	-nan	
1350071928.373792	0.999999	0.000000	0.000000	0.000000	-nan	-nan	-nan	-nan	0.000000	inf	-nan	-nan	-nan	0.000000	0.000000	inf	-nan	-nan	-nan	-nan	1350071928.373875	1.000012	0.000000	0.000000	0.000000	-nan	-nan	-nan	-nan	-nan	-nan	-nan	-nan	-nan	-nan	-nan	-nan	-nan	-nan	-nan	-nan	
