ts_0	elapsed_0	pkg_0	pp0_0	dram_0	freq_ratio_0_0	c0_ratio_0_0	freq_ratio_0_1	c0_ratio_0_1	freq_ratio_0_2	c0_ratio_0_2	freq_ratio_0_3	c0_ratio_0_3	freq_ratio_0_4	c0_ratio_0_4	freq_ratio_0_5	c0_ratio_0_5	freq_ratio_0_6	c0_ratio_0_6	freq_ratio_0_7	c0_ratio_0_7	ts_1	elapsed_1	pkg_1	pp0_1	dram_1	freq_ratio_1_0	c0_ratio_1_0	freq_ratio_1_1	c0_ratio_1_1	freq_ratio_1_2	c0_ratio_1_2	freq_ratio_1_3	c0_ratio_1_3	freq_ratio_1_4	c0_ratio_1_4	freq_ratio_1_5	c0_ratio_1_5	freq_ratio_1_6	c0_ratio_1_6	freq_ratio_1_7	c0_ratio_1_7	
1350074154.524366	1.000237	86.711033	73.541669	4.966078	1.153838	0.232050	1.153845	0.999999	1.153845	0.999999	1.153845	1.000000	1.153846	1.000000	1.153846	1.000000	1.153846	1.000000	1.153845	0.999999	1350074154.524459	1.000277	67.544077	54.252960	1.822508	1.201023	0.998747	1.201023	0.998746	1.201023	0.998745	1.201023	0.998744	1.192301	0.770012	1.190992	0.000988	1.187576	0.000359	1.192142	0.003453	
1350074155.524347	0.999981	84.844697	71.680872	4.977680	1.153901	0.001400	1.153846	1.000000	1.153846	1.000000	1.153846	1.000000	1.153846	1.000000	1.153846	1.000000	1.153846	1.000000	1.153846	1.000000	1350074155.524430	0.999971	69.135296	55.828589	1.676364	1.192306	0.999977	1.192306	0.999977	1.192306	0.999977	1.192306	0.999977	1.192306	0.999977	1.192221	0.000540	1.192321	0.000240	1.192344	0.003200	
1350074156.524345	0.999998	84.982737	71.812652	4.972666	1.153774	0.001670	1.153846	1.000000	1.153846	1.000000	1.153846	1.000000	1.153846	1.000000	1.153846	1.000000	1.153846	1.000000	1.153846	1.000000	1350074156.524422	0.999992	69.297635	55.975857	1.695113	1.192306	0.999977	1.192306	0.999977	1.192306	0.999977	1.192306	0.999977	1.192306	0.999977	1.192442	0.000557	1.192409	0.000304	1.192265	0.004021	
1350074157.524346	1.000001	85.023219	71.845726	4.972850	1.153881	0.001415	1.153846	1.000000	1.153846	1.000000	1.153846	1.000000	1.153846	1.000000	1.153846	1.000000	1.153846	1.000000	1.153846	1.000000	1350074157.524430	1.000008	69.231098	55.905232	1.865555	1.192304	0.999954	1.192304	0.999954	1.192304	0.999954	1.192304	0.999954	1.192304	0.999954	1.191213	0.000654	1.192240	0.000249	1.192169	0.002533	
1350074158.524345	0.999999	85.094731	71.913002	4.962911	1.153767	0.001675	1.153846	1.000000	1.153846	1.000000	1.153847	1.000000	1.153846	1.000000	1.153846	1.000000	1.153846	1.000000	1.153846	1.000000	1350074158.524422	0.999992	69.010737	55.682718	1.605924	1.192302	0.999932	1.192302	0.999932	1.192302	0.999932	1.192302	0.999932	1.192302	0.999932	1.190827	0.000615	1.190477	0.000314	1.190751	0.000328	
1350074159.524346	1.000001	85.020259	71.850105	4.973262	1.154028	0.001375	1.153846	1.000000	1.153846	1.000000	1.153846	1.000000	1.153846	1.000000	1.153846	1.000000	1.153846	1.000000	1.153846	1.000000	1350074159.524431	1.000009	68.848543	55.516419	1.622574	1.192306	0.999978	1.192306	0.999978	1.192306	0.999978	1.192306	0.999978	1.192306	0.999978	1.192296	0.000619	1.192304	0.000260	1.192422	0.000217	
1350074160.524345	0.999999	85.187993	72.004494	4.963002	1.153756	0.001630	1.153846	1.000000	1.153846	1.000000	1.153846	1.000000	1.153846	1.000000	1.153846	1.000000	1.153846	1.000000	1.153846	1.000000	1350074160.524423	0.999992	68.770440	55.437003	1.593900	1.192304	0.999955	1.192304	0.999955	1.192304	0.999955	1.192304	0.999955	1.192304	0.999955	1.191012	0.000649	1.192753	0.000269	1.188254	0.000244	
1350074161.524346	1.000001	85.252742	72.069725	4.957606	1.153809	0.002035	1.153846	1.000000	1.153846	1.000000	1.153846	1.000000	1.153846	1.000000	1.153846	1.000000	1.153846	1.000000	1.153847	1.000000	1350074161.524430	1.000007	69.462975	56.127328	2.432829	1.192300	0.999907	1.192300	0.999907	1.192300	0.999907	1.192300	0.999906	1.192300	0.999906	1.191948	0.005222	1.190421	0.000277	1.191499	0.001023	
1350074162.524346	1.000000	76.654800	63.469650	4.949112	1.160679	0.005145	1.153845	0.338908	1.153845	0.338585	1.179266	0.999932	1.179266	0.999932	1.179266	0.999933	1.179266	0.999933	1.179266	0.999932	1350074162.524572	1.000142	77.665172	64.327544	1.870431	1.166768	0.999965	1.166768	0.999965	1.166768	0.999965	1.166767	0.999965	1.166767	0.999965	1.153858	0.664156	1.153852	0.663878	1.163476	0.007545	
1350074163.524346	1.000000	72.483688	59.303711	4.973038	1.190443	0.001468	1.191979	0.004421	1.155512	0.000047	1.192292	0.999833	1.192292	0.999833	1.192292	0.999833	1.192293	0.999833	1.192293	0.999833	1350074163.524549	0.999977	81.929442	68.589461	3.797206	1.153846	1.000000	1.153846	1.000000	1.153846	1.000000	1.153846	1.000000	1.153846	1.000000	1.153846	1.000000	1.153846	1.000000	1.153622	0.000884	
1350074164.524345	0.999999	72.461541	59.292293	4.953084	1.191717	0.001654	1.192110	0.004535	1.176216	0.000018	1.192298	0.999886	1.192298	0.999886	1.192298	0.999886	1.192298	0.999886	1.192298	0.999886	1350074164.524538	0.999989	81.893675	68.566288	3.812771	1.153846	1.000000	1.153846	1.000000	1.153846	1.000000	1.153846	1.000000	1.153846	1.000000	1.153846	1.000000	1.153846	1.000000	1.154040	0.000831	
1350074165.524346	1.000001	74.500051	61.330584	4.962581	1.192136	0.264446	1.177486	0.001075	1.191348	0.000054	1.192257	0.999445	1.192257	0.999444	1.192256	0.999444	1.192256	0.999444	1.192256	0.999432	1350074165.524473	0.999935	80.894364	67.547014	2.203162	1.153845	0.736415	1.163752	0.998343	1.163752	0.998343	1.163752	0.998341	1.163752	0.998340	1.163752	0.998338	1.163752	0.998337	1.153804	0.002018	
1350074166.524345	0.999999	80.882676	67.698093	4.967381	1.192020	0.997899	1.153896	0.001563	1.142586	0.000019	1.192020	0.997899	1.192020	0.997897	1.192019	0.997896	1.192020	0.997894	1.192020	0.997904	1350074166.524453	0.999980	77.717514	64.386986	1.620836	1.153197	0.000056	1.192025	0.997294	1.192025	0.997290	1.192025	0.997288	1.192026	0.997286	1.192026	0.997283	1.192026	0.997281	1.153775	0.002121	
1350074167.524346	1.000001	80.517654	67.331418	4.971553	1.190239	0.991860	1.153814	0.006381	1.159288	0.000045	1.190239	0.991860	1.190240	0.991845	1.190240	0.991842	1.190239	0.991835	1.190240	0.991819	1350074167.524461	1.000008	77.143631	63.812151	2.540293	1.153871	0.000612	1.192133	0.998763	1.192133	0.998761	1.192134	0.998760	1.192134	0.998759	1.192133	0.998759	1.192133	0.998758	1.153866	0.001205	
1350074168.524346	1.000000	80.085861	66.896729	4.954697	1.191528	0.995511	1.153840	0.003707	1.154190	0.000079	1.191528	0.995511	1.191528	0.995509	1.191528	0.995505	1.191528	0.995501	1.191529	0.995507	1350074168.524461	1.000000	76.996933	63.666946	2.558578	1.153898	0.000074	1.192215	0.999012	1.192215	0.999011	1.192215	0.999010	1.192215	0.999008	1.192215	0.999007	1.192215	0.999006	1.153787	0.000805	
1350074169.524346	1.000000	80.754410	67.564987	4.934784	1.190296	0.992010	1.153837	0.006492	1.153104	0.000065	1.190295	0.992016	1.190296	0.992003	1.190296	0.992002	1.190296	0.991993	1.190296	0.991974	1350074169.524466	1.000005	77.758095	64.428877	2.700319	1.154313	0.000011	1.192213	0.998971	1.192213	0.998970	1.192213	0.998969	1.192213	0.998968	1.192213	0.998966	1.192213	0.998966	1.153623	0.000929	
1350074170.524351	1.000005	80.875892	67.686749	4.949698	1.191301	0.995008	1.153822	0.004050	1.154478	0.000049	1.191301	0.995019	1.191302	0.995011	1.191302	0.995008	1.191302	0.995003	1.191302	0.995011	1350074170.524443	0.999977	77.770762	64.441218	2.591917	1.152180	0.000067	1.192198	0.998812	1.192197	0.998810	1.192198	0.998809	1.192198	0.998808	1.192198	0.998808	1.192198	0.998806	1.153953	0.000965	
1350074171.524346	0.999995	80.791451	67.598956	4.964716	1.190737	0.991683	1.153831	0.006390	1.150369	0.000185	1.190736	0.991683	1.190736	0.991665	1.190737	0.991663	1.190736	0.991660	1.190737	0.991639	1350074171.524466	1.000023	77.766409	64.435613	2.708892	1.151187	0.000012	1.192212	0.998969	1.192212	0.998967	1.192212	0.998967	1.192212	0.998967	1.192212	0.998966	1.192212	0.998965	1.153860	0.000921	
1350074172.524352	1.000006	80.903250	67.707772	4.944703	1.191611	0.995736	1.153715	0.003115	1.152936	0.000273	1.191611	0.995740	1.191611	0.995734	1.191611	0.995735	1.191611	0.995730	1.191611	0.995723	1350074172.524470	1.000004	77.789129	64.461317	2.536977	1.155274	0.000092	1.192094	0.998523	1.192093	0.998521	1.192094	0.998521	1.192094	0.998520	1.192094	0.998518	1.192094	0.998518	1.153850	0.002851	
1350074173.524346	0.999994	80.893838	67.700492	4.964721	1.191322	0.994547	1.153923	0.003954	1.154304	0.000390	1.191321	0.994550	1.191322	0.994543	1.191322	0.994542	1.191322	0.994537	1.191322	0.994543	1350074173.524480	1.000010	77.758941	64.432369	2.663227	1.153394	0.000070	1.191854	0.996886	1.191854	0.996883	1.191854	0.996880	1.191854	0.996878	1.191854	0.996876	1.191854	0.996876	1.153782	0.002284	
1350074174.524346	1.000000	80.876175	67.696747	4.944733	1.192137	0.998131	1.153794	0.000989	1.155471	0.000407	1.192137	0.998130	1.192137	0.998128	1.192137	0.998128	1.192137	0.998127	1.192137	0.998114	1350074174.524463	0.999983	77.729969	64.401984	2.550947	1.153870	0.000058	1.191577	0.996231	1.191577	0.996228	1.191577	0.996228	1.191577	0.996226	1.191577	0.996220	1.191577	0.996218	1.153808	0.002688	
1350074175.524346	1.000000	81.012146	67.820023	4.964691	1.192116	0.998083	1.153839	0.001058	1.152592	0.000453	1.192116	0.998083	1.192116	0.998082	1.192116	0.998082	1.192116	0.998081	1.192116	0.998089	1350074175.524455	0.999992	77.700520	64.371081	2.652304	1.154335	0.000011	1.191612	0.995366	1.191612	0.995361	1.191612	0.995359	1.191613	0.995355	1.191612	0.995351	1.191612	0.995349	1.153815	0.003391	
1350074176.524345	0.999999	81.032990	67.841770	4.949727	1.192103	0.998263	1.153491	0.000924	1.153339	0.000411	1.192103	0.998264	1.192104	0.998261	1.192103	0.998260	1.192104	0.998259	1.192103	0.998258	1350074176.524456	1.000001	77.588427	64.271820	2.642759	1.153719	0.000073	1.191163	0.993838	1.191163	0.993833	1.191163	0.993831	1.191163	0.993823	1.191163	0.993814	1.191163	0.993809	1.153806	0.004278	
1350074177.524352	1.000007	80.826483	67.633413	4.954662	1.190623	0.991796	1.153883	0.006185	1.154242	0.000429	1.190622	0.991799	1.190623	0.991786	1.190623	0.991785	1.190623	0.991775	1.190623	0.991757	1350074177.524467	1.000011	77.921234	64.574273	2.709077	1.154318	0.000012	1.192188	0.998766	1.192188	0.998765	1.192188	0.998766	1.192188	0.998768	1.192188	0.998762	1.192188	0.998761	1.153826	0.001196	
1350074178.524345	0.999993	80.652413	67.460672	4.989750	1.185667	0.986142	1.153805	0.005026	1.153923	0.004340	1.185666	0.986161	1.185668	0.986137	1.185667	0.986139	1.185667	0.986117	1.185668	0.986117	1350074178.524421	0.999954	77.790841	64.471885	2.716891	1.152659	0.000104	1.192202	0.998926	1.192202	0.998924	1.192202	0.998924	1.192202	0.998923	1.192202	0.998922	1.192202	0.998921	1.153622	0.000981	
1350074179.524346	1.000001	80.671874	67.479626	4.964717	1.189671	0.987010	1.153979	0.000914	1.153786	0.007807	1.189670	0.987010	1.189671	0.986988	1.189671	0.986985	1.189670	0.986976	1.189671	0.986962	1350074179.524448	1.000027	77.866219	64.535767	2.708332	1.154216	0.001014	1.192154	0.998899	1.192154	0.998898	1.192154	0.998897	1.192154	0.998896	1.192154	0.998896	1.192154	0.998895	1.153957	0.000938	
1350074180.524346	1.000000	80.736908	67.544174	4.974716	1.189919	0.986710	1.153749	0.000989	1.153892	0.007797	1.189919	0.986717	1.189921	0.986696	1.189920	0.986687	1.189920	0.986675	1.189920	0.986652	1350074180.524455	1.000007	77.853954	64.521176	2.720074	1.151196	0.000099	1.192188	0.998881	1.192188	0.998880	1.192188	0.998880	1.192188	0.998879	1.192188	0.998877	1.192188	0.998877	1.153838	0.000944	
1350074181.524346	1.000000	80.738708	67.543701	4.969727	1.189696	0.987283	1.153844	0.004656	1.153723	0.003974	1.189695	0.987292	1.189696	0.987271	1.189696	0.987271	1.189696	0.987259	1.189696	0.987241	1350074181.524469	1.000014	77.551903	64.217969	2.726234	1.153714	0.000011	1.192196	0.998879	1.192196	0.998877	1.192196	0.998876	1.192196	0.998875	1.192196	0.998874	1.192196	0.998875	1.153846	0.001015	
1350074182.524347	1.000001	715777286.469278	715785529.213584	715780266.767110	0.999986	1.000193	0.999984	1.000196	0.999994	1.000193	0.999986	1.000193	0.999986	1.000196	0.999989	1.000191	0.999986	1.000196	0.999986	1.000194	1350074182.524443	0.999974	715825525.467011	715806964.123806	715835414.682886	0.999986	1.000193	0.999984	1.000196	3.893278	0.256901	0.999986	1.000194	0.999986	1.000196	0.999989	1.000191	0.999986	1.000196	0.999987	1.000194	
1350074183.524346	0.999999	0.000000	0.000000	0.000000	-nan	-nan	-nan	-nan	8.000000	inf	-nan	-nan	-nan	0.000000	-nan	-nan	-nan	-nan	-nan	-nan	1350074183.524427	0.999984	0.000000	0.000000	0.000000	-nan	-nan	-nan	-nan	0.000000	inf	-nan	-nan	-nan	-nan	-nan	-nan	-nan	-nan	-nan	-nan	
