ts_0	elapsed_0	pkg_0	pp0_0	dram_0	freq_ratio_0_0	c0_ratio_0_0	freq_ratio_0_1	c0_ratio_0_1	freq_ratio_0_2	c0_ratio_0_2	freq_ratio_0_3	c0_ratio_0_3	freq_ratio_0_4	c0_ratio_0_4	freq_ratio_0_5	c0_ratio_0_5	freq_ratio_0_6	c0_ratio_0_6	freq_ratio_0_7	c0_ratio_0_7	ts_1	elapsed_1	pkg_1	pp0_1	dram_1	freq_ratio_1_0	c0_ratio_1_0	freq_ratio_1_1	c0_ratio_1_1	freq_ratio_1_2	c0_ratio_1_2	freq_ratio_1_3	c0_ratio_1_3	freq_ratio_1_4	c0_ratio_1_4	freq_ratio_1_5	c0_ratio_1_5	freq_ratio_1_6	c0_ratio_1_6	freq_ratio_1_7	c0_ratio_1_7	
1350074154.517108	1.000205	91.726981	78.353579	3.800185	1.153846	1.000000	1.153846	1.000000	1.153846	1.000000	1.153846	1.000000	1.153846	1.000000	1.153846	1.000000	1.153846	1.000000	1.153846	1.000000	1350074154.517139	1.000195	63.645272	50.360113	1.658826	1.230453	0.996848	1.230453	0.996845	1.230453	0.996841	1.230454	0.996839	1.192144	0.000923	1.192252	0.001445	1.191923	0.000462	1.191946	0.000066	
1350074155.517098	0.999990	92.307534	78.900082	3.797417	1.153846	1.000000	1.153846	1.000000	1.153846	1.000000	1.153846	1.000000	1.153846	1.000000	1.153846	1.000000	1.153846	1.000000	1.153846	1.000000	1350074155.517127	0.999988	63.897933	50.617257	1.587864	1.230547	0.998085	1.230547	0.998083	1.230547	0.998082	1.230546	0.998079	1.192158	0.000684	1.192040	0.000737	1.192143	0.000109	1.177231	0.000011	
1350074156.517116	1.000018	87.141325	73.731912	3.789498	1.153840	0.357585	1.153845	0.999999	1.153846	1.000000	1.153845	0.999999	1.153845	0.999999	1.153845	0.999999	1.153845	0.999999	1.153845	0.999999	1350074156.517220	1.000093	67.519616	54.238884	1.621950	1.205928	0.999102	1.205928	0.999101	1.205928	0.999100	1.205928	0.999098	1.192312	0.643156	1.192866	0.001295	1.194127	0.000301	1.196598	0.000163	
1350074157.517098	0.999982	84.158228	70.764785	3.800987	1.153825	0.000845	1.153846	1.000000	1.153846	1.000000	1.153846	1.000000	1.153846	1.000000	1.153846	1.000000	1.153846	1.000000	1.153846	1.000000	1350074157.517182	0.999962	69.582365	56.294401	1.584868	1.192306	0.999975	1.192306	0.999975	1.192306	0.999975	1.192306	0.999975	1.192306	0.999975	1.192249	0.001504	1.192031	0.000170	1.183026	0.000010	
1350074158.517097	0.999999	84.209843	70.817176	3.805103	1.154051	0.000593	1.153846	1.000000	1.153846	1.000000	1.153846	1.000000	1.153846	1.000000	1.153846	1.000000	1.153846	1.000000	1.153846	1.000000	1350074158.517180	0.999998	69.619914	56.330811	1.589420	1.192306	0.999977	1.192306	0.999977	1.192306	0.999977	1.192306	0.999977	1.192306	0.999977	1.192330	0.001573	1.191378	0.000220	1.188434	0.000055	
1350074159.517097	1.000000	84.245834	70.848816	3.801300	1.153803	0.002770	1.153846	1.000000	1.153846	1.000000	1.153846	1.000000	1.153846	1.000000	1.153846	1.000000	1.153846	1.000000	1.153846	1.000000	1350074159.517181	1.000001	69.656412	56.363655	1.591139	1.192306	0.999975	1.192306	0.999975	1.192306	0.999975	1.192306	0.999975	1.192306	0.999975	1.192225	0.001470	1.192522	0.000185	1.175506	0.000010	
1350074160.517097	1.000000	84.212906	70.823502	3.801239	1.153791	0.000628	1.153846	1.000000	1.153846	1.000000	1.153846	1.000000	1.153846	1.000000	1.153846	1.000000	1.153846	1.000000	1.153847	1.000000	1350074160.517181	1.000000	69.751328	56.458252	1.631332	1.192300	0.999908	1.192300	0.999908	1.192300	0.999908	1.192300	0.999908	1.192300	0.999908	1.190877	0.001627	1.191090	0.000240	1.183299	0.000220	
1350074161.517097	1.000000	84.386749	70.982239	3.804672	1.153824	0.001306	1.153846	1.000000	1.153846	1.000000	1.153846	1.000000	1.153846	1.000000	1.153846	1.000000	1.153846	1.000000	1.153846	1.000000	1350074161.517187	1.000006	69.702954	56.407684	1.588034	1.192306	0.999977	1.192306	0.999977	1.192306	0.999976	1.192306	0.999977	1.192306	0.999976	1.192391	0.001519	1.194457	0.000287	1.229596	0.000019	
1350074162.517097	1.000000	84.359131	70.957397	3.808624	1.153978	0.001082	1.153846	1.000000	1.153846	1.000000	1.153847	1.000000	1.153846	1.000000	1.153846	1.000000	1.153846	1.000000	1.153846	1.000000	1350074162.517186	0.999999	69.734930	56.438500	1.587816	1.192306	0.999977	1.192306	0.999977	1.192306	0.999977	1.192306	0.999977	1.192306	0.999977	1.192203	0.001639	1.189193	0.000200	1.190352	0.000048	
1350074163.517097	1.000000	84.367554	70.965591	3.801163	1.153689	0.001049	1.153846	1.000000	1.153846	1.000000	1.153846	1.000000	1.153846	1.000000	1.153846	1.000000	1.153846	1.000000	1.153846	1.000000	1350074163.517180	0.999994	69.731464	56.432069	1.589136	1.192306	0.999976	1.192306	0.999976	1.192306	0.999976	1.192306	0.999976	1.192306	0.999976	1.192388	0.001538	1.196565	0.000162	1.192227	0.000010	
1350074164.517097	1.000000	84.413559	71.009842	3.805115	1.154112	0.000576	1.153846	1.000000	1.153846	1.000000	1.153846	1.000000	1.153846	1.000000	1.153846	1.000000	1.153846	1.000000	1.153846	1.000000	1350074164.517179	0.999999	69.758184	56.459481	1.591875	1.192304	0.999952	1.192304	0.999951	1.192304	0.999951	1.192304	0.999952	1.192304	0.999951	1.192239	0.001543	1.182992	0.000204	1.190198	0.000120	
1350074165.517097	1.000000	84.479675	71.063675	3.796722	1.153846	0.620795	1.153844	0.383040	1.153846	1.000000	1.153846	1.000000	1.153846	1.000000	1.153846	1.000000	1.153846	1.000000	1.153846	1.000000	1350074165.517174	0.999995	70.368577	57.069057	1.592537	1.188029	0.999687	1.188029	0.999687	1.188029	0.999687	1.188029	0.999687	1.188029	0.999687	1.164451	0.004868	1.156969	0.002358	1.155862	0.002503	
1350074166.517097	1.000000	84.436386	71.011444	3.801468	1.153846	1.000000	1.153999	0.000822	1.153846	1.000000	1.153846	1.000000	1.153846	1.000000	1.153846	1.000000	1.153846	1.000000	1.153846	1.000000	1350074166.517176	1.000002	69.775502	56.472625	1.587659	1.192306	0.999978	1.192306	0.999978	1.192306	0.999978	1.192306	0.999978	1.192306	0.999978	1.192289	0.001384	1.189670	0.000274	1.192352	0.000313	
1350074167.517097	1.000000	84.443222	71.019928	3.793884	1.153846	1.000000	1.153867	0.000638	1.153846	1.000000	1.153846	1.000000	1.153846	1.000000	1.153846	1.000000	1.153846	1.000000	1.153846	1.000000	1350074167.517176	1.000000	68.605667	55.295914	1.588089	1.192306	0.999978	1.192306	0.999978	1.192306	0.999978	1.192306	0.999978	1.192306	0.999978	1.192320	0.001351	1.196293	0.000176	1.192081	0.000279	
1350074168.517097	1.000000	84.196777	70.767395	3.797256	1.153846	1.000000	1.153703	0.000691	1.153846	1.000000	1.153846	1.000000	1.153846	1.000000	1.153846	1.000000	1.153846	1.000000	1.153846	1.000000	1350074168.517175	0.999999	69.099660	55.794960	1.586504	1.192300	0.999908	1.192300	0.999908	1.192300	0.999908	1.192300	0.999908	1.192300	0.999908	1.191764	0.001348	1.182325	0.000193	1.191052	0.000373	
1350074169.517097	1.000000	84.500565	71.070862	3.789841	1.153846	1.000000	1.153896	0.002293	1.153846	1.000000	1.153846	1.000000	1.153846	1.000000	1.153846	1.000000	1.153846	1.000000	1.153846	1.000000	1350074169.517174	0.999999	69.805456	56.489907	1.588289	1.192306	0.999975	1.192306	0.999975	1.192306	0.999975	1.192306	0.999975	1.192306	0.999975	1.192301	0.001357	1.192299	0.000185	1.192386	0.000255	
1350074170.517097	1.000000	84.535156	71.103073	3.789658	1.153846	1.000000	1.154104	0.000594	1.153846	1.000000	1.153846	1.000000	1.153846	1.000000	1.153846	1.000000	1.153846	1.000000	1.153846	1.000000	1350074170.517174	1.000000	69.848297	56.535278	1.586761	1.192306	0.999976	1.192306	0.999976	1.192306	0.999976	1.192306	0.999976	1.192306	0.999976	1.192299	0.001373	1.191883	0.000210	1.192268	0.000306	
1350074171.517097	1.000000	84.546585	71.109253	3.801544	1.153846	1.000000	1.153483	0.000904	1.153846	1.000000	1.153846	1.000000	1.153846	1.000000	1.153846	1.000000	1.153846	1.000000	1.153846	1.000000	1350074171.517174	1.000000	69.839645	56.526932	1.583191	1.192306	0.999977	1.192306	0.999977	1.192306	0.999977	1.192306	0.999977	1.192306	0.999977	1.192297	0.001331	1.192683	0.000272	1.186369	0.000287	
1350074172.517097	1.000000	84.535645	71.097183	3.789780	1.153846	1.000000	1.154117	0.000585	1.153846	1.000000	1.153847	1.000000	1.153846	1.000000	1.153846	1.000000	1.153846	1.000000	1.153846	1.000000	1350074172.517175	1.000001	69.798884	56.486579	1.580122	1.192304	0.999955	1.192304	0.999955	1.192304	0.999955	1.192304	0.999955	1.192304	0.999955	1.192339	0.001409	1.192205	0.000237	1.197139	0.000385	
1350074173.517097	1.000000	84.516678	71.080597	3.789902	1.153846	1.000000	1.153810	0.000598	1.153846	1.000000	1.153846	1.000000	1.153846	1.000000	1.153846	1.000000	1.153846	1.000000	1.153846	1.000000	1350074173.517194	1.000019	69.775189	56.461783	1.589646	1.192304	0.999954	1.192304	0.999954	1.192304	0.999954	1.192304	0.999954	1.192304	0.999954	1.192091	0.001313	1.196132	0.000170	1.189902	0.000267	
1350074174.517097	1.000000	84.457687	71.036926	3.801544	1.153846	1.000000	1.153602	0.000602	1.153846	1.000000	1.153846	1.000000	1.153846	1.000000	1.153846	1.000000	1.153846	1.000000	1.153846	1.000000	1350074174.517173	0.999979	69.767287	56.453012	1.588305	1.192306	0.999977	1.192306	0.999977	1.192306	0.999977	1.192306	0.999977	1.192306	0.999977	1.192282	0.001362	1.189172	0.000207	1.191974	0.000274	
1350074175.517097	1.000000	84.550659	71.112793	3.809143	1.153846	1.000000	1.153852	0.000610	1.153846	1.000000	1.153846	1.000000	1.153846	1.000000	1.153846	1.000000	1.153846	1.000000	1.153846	1.000000	1350074175.517174	1.000001	69.783335	56.465324	1.586668	1.192306	0.999977	1.192306	0.999977	1.192306	0.999977	1.192306	0.999977	1.192306	0.999977	1.192303	0.001343	1.195979	0.000177	1.192302	0.000273	
1350074176.517097	1.000000	84.574188	71.143158	3.793640	1.153846	1.000000	1.154040	0.000911	1.153846	1.000000	1.153846	1.000000	1.153846	1.000000	1.153846	1.000000	1.153846	1.000000	1.153846	1.000000	1350074176.517175	1.000001	69.805216	56.487281	1.585997	1.192306	0.999977	1.192306	0.999977	1.192306	0.999977	1.192306	0.999977	1.192306	0.999977	1.192305	0.001360	1.189953	0.000304	1.192161	0.000328	
1350074177.517097	1.000000	84.559418	71.125137	3.809021	1.153846	1.000000	1.153833	0.000594	1.153846	1.000000	1.153846	1.000000	1.153846	1.000000	1.153846	1.000000	1.153846	1.000000	1.153846	1.000000	1350074177.517174	0.999999	69.789907	56.473702	1.591417	1.192306	0.999977	1.192306	0.999977	1.192306	0.999977	1.192306	0.999977	1.192306	0.999977	1.192278	0.001402	1.194718	0.000193	1.191578	0.000244	
1350074178.517097	1.000000	84.557648	71.116806	3.805176	1.153846	1.000000	1.153895	0.000623	1.153846	1.000000	1.153846	1.000000	1.153846	1.000000	1.153846	1.000000	1.153846	1.000000	1.153846	1.000000	1350074178.517176	1.000002	69.808384	56.489623	1.588132	1.192306	0.999975	1.192306	0.999975	1.192306	0.999975	1.192306	0.999975	1.192306	0.999975	1.192189	0.001321	1.189062	0.000198	1.192355	0.000296	
1350074179.517097	1.000000	84.565292	71.124420	3.805283	1.153846	1.000000	1.153841	0.002418	1.153846	1.000000	1.153846	1.000000	1.153846	1.000000	1.153846	1.000000	1.153846	1.000000	1.153846	1.000000	1350074179.517172	0.999996	69.825616	56.508759	1.589743	1.192306	0.999976	1.192306	0.999976	1.192306	0.999976	1.192306	0.999976	1.192306	0.999976	1.192318	0.001384	1.195065	0.000203	1.192205	0.000257	
1350074180.517098	1.000001	84.560832	71.121011	3.793469	1.153846	1.000000	1.153891	0.001609	1.153846	1.000000	1.153846	1.000000	1.153846	1.000000	1.153846	1.000000	1.153846	1.000000	1.153846	1.000000	1350074180.517174	1.000002	69.873158	56.554747	1.591229	1.192306	0.999977	1.192306	0.999976	1.192306	0.999977	1.192306	0.999977	1.192306	0.999977	1.192299	0.001384	1.189380	0.000182	1.192380	0.000314	
1350074181.517097	0.999999	84.564259	71.125724	3.793735	1.153846	1.000000	1.153672	0.000890	1.153846	1.000000	1.153846	1.000000	1.153846	1.000000	1.153846	1.000000	1.153846	1.000000	1.153846	1.000000	1350074181.517174	1.000000	69.525452	56.206741	1.584793	1.192306	0.999977	1.192306	0.999977	1.192306	0.999977	1.192306	0.999977	1.192306	0.999977	1.192436	0.001315	1.191972	0.000236	1.192412	0.000284	
1350074182.517099	1.000002	715800870.936236	715799598.469455	715804243.031076	0.999984	1.000177	0.999981	1.000181	0.999992	1.000180	0.999982	1.000171	0.999984	1.000179	0.999986	1.000175	0.999984	1.000182	0.999983	1.000176	1350074182.517181	1.000007	715810640.158564	715804881.477235	715766475.642376	0.999983	1.000175	0.999981	1.000180	3.893431	0.256887	0.999983	1.000176	0.999984	1.000181	0.999986	1.000175	0.999983	1.000178	0.999984	1.000181	
1350074183.517098	0.999999	0.000000	0.000000	0.000000	-nan	-nan	-nan	-nan	714287974057.653076	inf	-nan	-nan	-nan	0.000000	0.000000	inf	-nan	-nan	-nan	-nan	1350074183.517158	0.999977	0.000000	0.000000	0.000000	-nan	-nan	-nan	-nan	1.345745	inf	-nan	-nan	-nan	-nan	-nan	-nan	-nan	-nan	-nan	-nan	
