ts_0	elapsed_0	pkg_0	pp0_0	dram_0	freq_ratio_0_0	c0_ratio_0_0	freq_ratio_0_1	c0_ratio_0_1	freq_ratio_0_2	c0_ratio_0_2	freq_ratio_0_3	c0_ratio_0_3	freq_ratio_0_4	c0_ratio_0_4	freq_ratio_0_5	c0_ratio_0_5	freq_ratio_0_6	c0_ratio_0_6	freq_ratio_0_7	c0_ratio_0_7	ts_1	elapsed_1	pkg_1	pp0_1	dram_1	freq_ratio_1_0	c0_ratio_1_0	freq_ratio_1_1	c0_ratio_1_1	freq_ratio_1_2	c0_ratio_1_2	freq_ratio_1_3	c0_ratio_1_3	freq_ratio_1_4	c0_ratio_1_4	freq_ratio_1_5	c0_ratio_1_5	freq_ratio_1_6	c0_ratio_1_6	freq_ratio_1_7	c0_ratio_1_7	
1350071630.959146	1.000197	68.873735	55.681463	6.101688	0.952258	0.997356	0.952258	0.997355	0.952257	0.997352	0.952257	0.997351	0.952256	0.997350	0.952256	0.997348	0.952255	0.997344	0.952254	0.997343	1350071630.959187	1.000196	64.311295	51.059238	1.769932	1.230613	0.998392	1.230612	0.998385	1.230613	0.998385	1.230612	0.998382	1.192063	0.001051	1.191217	0.000346	1.193616	0.000042	1.183347	0.000042	
1350071631.959143	0.999997	64.705523	51.501640	6.109089	0.914724	0.997021	0.914724	0.997020	0.914723	0.997019	0.914723	0.997018	0.914723	0.997015	0.914723	0.997012	0.914723	0.997011	0.914723	0.997008	1350071631.959182	0.999995	64.315767	51.045177	1.808038	1.230247	0.996913	1.230247	0.996916	1.230247	0.996912	1.230248	0.996908	1.192325	0.002048	1.192602	0.000377	1.191728	0.000054	1.199446	0.000056	
1350071632.959143	1.000000	64.680069	51.471863	6.102905	0.949806	0.996321	0.949807	0.996319	0.915693	0.368356	0.949807	0.996318	0.949808	0.996314	0.949808	0.996312	0.949808	0.996310	0.949808	0.996308	1350071632.959203	1.000021	64.559833	51.316138	2.610648	1.160543	0.995362	1.160541	0.995353	1.160541	0.995349	1.160540	0.995345	1.148038	0.005548	1.121313	0.631790	1.195187	0.000007	1.055101	0.000012	
1350071633.959142	0.999999	64.676377	51.464939	6.127569	0.969468	0.995862	0.969468	0.995859	0.964055	0.004882	0.969468	0.995858	0.969468	0.995856	0.969468	0.995852	0.969468	0.995850	0.969468	0.995848	1350071633.959201	0.999998	64.541703	51.311133	2.281758	1.124116	0.996548	1.124116	0.996545	1.124117	0.996542	1.124117	0.996540	1.129660	0.001368	1.124119	0.996537	1.118468	0.000059	1.172498	0.000054	
1350071634.959157	1.000015	64.550514	51.357490	6.071991	0.970618	0.162246	1.029198	0.997428	1.024619	0.004313	1.029201	0.997426	1.029201	0.997424	1.029201	0.997423	1.029201	0.997421	1.029202	0.997418	1350071634.959298	1.000097	64.616243	51.388522	2.427560	1.055840	0.996779	1.055840	0.996777	1.055839	0.996775	1.055839	0.996773	1.042621	0.834973	1.055835	0.996767	1.048375	0.000822	1.187278	0.000007	
1350071635.959143	0.999986	64.623269	51.419577	6.115320	1.041478	0.004935	1.039900	0.998684	1.040122	0.002353	1.039900	0.998683	1.039900	0.998683	1.039900	0.998682	1.039900	0.998680	1.039900	0.998680	1350071635.959258	0.999960	64.554710	51.339398	2.844352	1.042118	0.996904	1.042118	0.996900	1.042118	0.996898	1.042118	0.996896	1.042118	0.996893	1.042118	0.996891	1.039015	0.001890	1.031443	0.000911	
1350071636.959142	0.999999	64.615357	51.409763	6.090582	1.040984	0.000261	1.040693	0.997915	1.039976	0.003663	1.040693	0.997914	1.040693	0.997912	1.040693	0.997912	1.040693	0.997910	1.040693	0.997908	1350071636.959253	0.999995	64.620792	51.385908	2.376065	1.042437	0.996931	1.042437	0.996928	1.042437	0.996926	1.042437	0.996923	1.042437	0.996921	1.042436	0.996917	1.045622	0.001058	1.063194	0.000006	
1350071637.959143	1.000001	64.634460	51.429852	6.121286	1.037429	0.004520	1.037644	0.999385	1.034439	0.006102	1.037644	0.999384	1.037644	0.999384	1.037644	0.999384	1.037644	0.999383	1.037644	0.999383	1350071637.959255	1.000002	64.617720	51.380105	3.524423	1.042059	0.996971	1.042059	0.996968	1.042059	0.996966	1.042059	0.996963	1.042059	0.996962	1.042059	0.996961	1.040057	0.001449	1.037915	0.000062	
1350071638.959143	1.000000	64.623413	51.416397	6.101837	1.027975	0.202975	1.038310	0.800408	1.019111	0.009449	1.036409	0.998798	1.036409	0.998797	1.036409	0.998797	1.036409	0.998796	1.036409	0.998795	1350071638.959252	0.999997	64.614931	51.374885	2.974374	1.041526	0.996813	1.041526	0.996811	1.041526	0.996807	1.041526	0.996805	1.041526	0.996804	1.041526	0.996802	0.994557	0.005446	0.982549	0.002944	
1350071639.959142	0.999999	64.619691	51.406513	6.065924	1.040192	0.998165	1.037006	0.000395	1.039975	0.004072	1.040191	0.998165	1.040191	0.998162	1.040191	0.998161	1.040191	0.998160	1.040191	0.998158	1350071639.959253	1.000001	64.626708	51.389737	2.542921	1.041563	0.997381	1.041562	0.997379	1.041562	0.997377	1.041562	0.997375	1.041562	0.997373	1.041562	0.997371	1.040883	0.002471	1.041045	0.000048	
1350071640.959142	1.000000	64.618378	51.401016	6.115234	1.041462	0.997282	1.043133	0.000281	1.040067	0.001547	1.041462	0.997281	1.041462	0.997280	1.041462	0.997279	1.041462	0.997276	1.041462	0.997273	1350071640.959255	1.000002	64.626158	51.386193	2.704554	1.038671	0.999141	1.038671	0.999140	1.038671	0.999140	1.038671	0.999140	1.038671	0.999139	1.038671	0.999138	1.038862	0.007601	1.038628	0.000006	
1350071641.959143	1.000001	64.624816	51.406918	6.115229	1.039510	0.998771	1.040621	0.000444	1.038886	0.005304	1.039509	0.998770	1.039509	0.998769	1.039509	0.998768	1.039509	0.998767	1.039509	0.998767	1350071641.959252	0.999997	64.609880	51.370185	2.685998	1.041726	0.997099	1.041726	0.997097	1.041720	0.997097	1.041726	0.997099	1.041726	0.997092	1.041726	0.997090	1.040076	0.001530	1.030103	0.000064	
1350071642.959142	0.999999	64.617600	51.401355	6.109076	1.039772	0.998685	1.040022	0.002673	1.040026	0.003706	1.039772	0.998687	1.039772	0.998685	1.039772	0.998684	1.039772	0.998683	1.039772	0.998682	1350071642.959253	1.000001	64.617477	51.377469	2.687314	1.042170	0.996805	1.042170	0.996802	1.042176	0.996800	1.042170	0.996798	1.042170	0.996795	1.042170	0.996793	1.042402	0.001113	1.030843	0.000028	
1350071643.959142	1.000000	64.626694	51.408020	6.109009	1.039006	0.998660	1.041175	0.001340	1.037503	0.004903	1.039006	0.998660	1.039006	0.998659	1.039006	0.998658	1.039007	0.998657	1.039006	0.998656	1350071643.959250	0.999997	64.616472	51.375678	2.704125	1.042063	0.996900	1.042063	0.996897	1.042063	0.996894	1.042063	0.996892	1.042063	0.996890	1.042063	0.996888	1.041604	0.001543	1.049845	0.000066	
1350071644.959142	1.000000	64.552994	51.345551	6.090576	1.039244	0.998638	1.037632	0.000712	1.037422	0.004340	1.039244	0.998638	1.039244	0.998637	1.039244	0.998636	1.039244	0.998635	1.039244	0.998634	1350071644.959254	1.000004	64.618284	51.377142	2.658742	1.042114	0.996833	1.042114	0.996831	1.042114	0.996829	1.042114	0.996827	1.042114	0.996824	1.042114	0.996821	1.044914	0.001071	1.042457	0.000007	
1350071645.959143	1.000001	64.617385	51.394604	6.115229	1.040899	0.997842	1.038219	0.000554	1.039387	0.002150	1.040899	0.997841	1.040898	0.997840	1.040898	0.997839	1.040898	0.997836	1.040898	0.997835	1350071645.959249	0.999995	64.608859	51.363279	2.119090	1.060114	0.996869	1.060114	0.996867	1.060114	0.996866	1.060115	0.996863	1.060115	0.996860	1.060115	0.996859	1.062966	0.001002	1.066719	0.000070	
1350071646.959142	0.999999	64.604828	51.378681	6.096747	1.066667	0.997710	1.065274	0.000571	1.065881	0.003971	1.066667	0.997712	1.066667	0.997710	1.066666	0.997709	1.066667	0.997707	1.066667	0.997705	1350071646.959251	1.000002	64.534301	51.294870	2.523311	1.068999	0.998176	1.068999	0.998174	1.068999	0.998172	1.068999	0.998171	1.068999	0.998170	1.068999	0.998169	1.068759	0.001652	1.057796	0.000007	
1350071647.959142	1.000000	64.627014	51.398926	6.102905	1.041628	0.998272	1.040231	0.000608	1.041761	0.004205	1.041628	0.998272	1.041628	0.998271	1.041629	0.998269	1.041628	0.998268	1.041628	0.998267	1350071647.959257	1.000006	64.625546	51.376494	2.830168	1.042214	0.998326	1.042214	0.998325	1.042214	0.998322	1.042214	0.998322	1.042214	0.998320	1.042214	0.998318	1.043422	0.004837	1.043169	0.000069	
1350071648.959142	1.000000	64.626068	51.400162	6.127563	1.038048	0.998703	1.036455	0.000811	1.036851	0.004627	1.038047	0.998702	1.038047	0.998701	1.038047	0.998701	1.038048	0.998700	1.038048	0.998700	1350071648.959249	0.999992	64.617086	51.367055	2.507695	1.041836	0.997057	1.041836	0.997055	1.041836	0.997053	1.041836	0.997051	1.041836	0.997048	1.041836	0.997045	1.041397	0.001313	1.040662	0.000013	
1350071649.959142	1.000000	64.620605	51.396042	6.096741	1.038967	0.999387	1.037811	0.000791	1.038738	0.005303	1.038967	0.999387	1.038967	0.999386	1.038967	0.999386	1.038967	0.999386	1.038967	0.999385	1350071649.959273	1.000024	64.612458	51.364303	2.586577	1.042027	0.997025	1.042027	0.997022	1.042027	0.997019	1.042027	0.997018	1.042027	0.997015	1.042027	0.997012	1.039401	0.000980	1.040281	0.000054	
1350071650.959142	1.000000	64.626312	51.401123	6.109070	1.038880	0.999568	1.038625	0.003784	1.039238	0.003095	1.038881	0.999568	1.038880	0.999567	1.038881	0.999567	1.038880	0.999567	1.038880	0.999566	1350071650.959252	0.999979	64.622404	51.374842	2.760525	1.042137	0.996956	1.042137	0.996956	1.042137	0.996952	1.042136	0.996948	1.042136	0.996945	1.042136	0.996944	1.040595	0.001024	1.054848	0.000006	
1350071651.959142	1.000000	64.615433	51.388794	6.127563	1.040739	0.997980	1.038850	0.000597	1.039492	0.001203	1.040738	0.997979	1.040738	0.997979	1.040739	0.997978	1.040738	0.997975	1.040738	0.997975	1350071651.959251	0.999999	64.616990	51.369296	2.010653	1.041869	0.996875	1.041869	0.996872	1.041869	0.996870	1.041869	0.996868	1.041869	0.996867	1.041869	0.996864	1.040332	0.000932	1.038478	0.000069	
1350071652.959142	1.000000	64.619385	51.394928	6.096619	1.040574	0.997840	1.039203	0.000958	1.039970	0.001153	1.040574	0.997842	1.040574	0.997840	1.040574	0.997839	1.040574	0.997838	1.040574	0.997835	1350071652.959255	1.000004	64.623197	51.375295	2.178351	1.041465	0.997353	1.041465	0.997351	1.041465	0.997349	1.041465	0.997346	1.041465	0.997345	1.041465	0.997343	1.041427	0.002605	1.037558	0.000007	
1350071653.959142	1.000000	64.565369	51.352707	6.096741	1.038931	0.998724	1.038852	0.000634	1.037016	0.004686	1.038931	0.998725	1.038931	0.998723	1.038930	0.998722	1.038931	0.998722	1.038931	0.998721	1350071653.959247	0.999992	64.611562	51.363530	2.767204	1.041581	0.997319	1.041581	0.997317	1.041581	0.997314	1.041581	0.997314	1.041581	0.997311	1.041581	0.997308	1.043719	0.002276	1.029006	0.000058	
1350071654.959142	1.000000	64.615982	51.389969	6.084412	1.039235	0.998432	1.037250	0.000652	1.037479	0.003600	1.039235	0.998433	1.039235	0.998431	1.039235	0.998430	1.039235	0.998429	1.039235	0.998428	1350071654.959249	1.000002	64.617522	51.367959	2.447520	1.041837	0.997078	1.041837	0.997075	1.041837	0.997073	1.041837	0.997070	1.041837	0.997068	1.041837	0.997066	1.043363	0.001019	1.034202	0.000021	
1350071655.959142	1.000000	64.623489	51.397049	6.084412	1.040018	0.998478	1.040628	0.000626	1.038633	0.002970	1.040018	0.998479	1.040017	0.998477	1.040017	0.998475	1.040018	0.998474	1.040018	0.998473	1350071655.959259	1.000010	64.617120	51.368443	2.207467	1.041836	0.996993	1.041836	0.996990	1.041836	0.996988	1.041836	0.996987	1.041836	0.996985	1.041836	0.996983	1.043452	0.001000	1.048816	0.000063	
1350071656.959142	1.000000	64.624496	51.400177	6.102890	1.039014	0.999274	1.037462	0.001942	1.038770	0.004802	1.039014	0.999274	1.039014	0.999273	1.039014	0.999273	1.039014	0.999272	1.039014	0.999271	1350071656.959250	0.999991	64.552877	51.314262	2.677225	1.041423	0.997326	1.041423	0.997324	1.041423	0.997321	1.041423	0.997319	1.041423	0.997318	1.041423	0.997316	1.042896	0.002163	1.034798	0.000013	
1350071657.959143	1.000001	64.620101	51.393948	6.102899	1.039523	0.998679	1.038545	0.003370	1.032625	0.002972	1.039523	0.998679	1.039523	0.998678	1.039524	0.998677	1.039523	0.998676	1.039523	0.998675	1350071657.959252	1.000002	64.616393	51.363305	2.516139	1.041286	0.997386	1.041286	0.997384	1.041286	0.997382	1.041286	0.997380	1.041287	0.997377	1.041286	0.997376	1.041182	0.001836	1.040696	0.000069	
1350071658.959142	0.999999	64.619996	51.393665	6.121405	1.040417	0.998270	1.039787	0.001368	1.038945	0.001321	1.040417	0.998271	1.040417	0.998268	1.040417	0.998267	1.040417	0.998266	1.040417	0.998265	1350071658.959251	0.999999	64.618119	51.368015	2.075014	1.041764	0.997202	1.041764	0.997198	1.041763	0.997196	1.041763	0.997194	1.041763	0.997192	1.041763	0.997190	1.042051	0.001281	1.052005	0.000007	
1350071659.959142	1.000000	64.623016	51.397400	6.102905	1.037656	0.998250	1.036762	0.000651	1.034455	0.004697	1.037656	0.998251	1.037656	0.998250	1.037656	0.998248	1.037656	0.998247	1.037656	0.998246	1350071659.959254	1.000003	64.626966	51.373513	2.694587	1.041082	0.997523	1.041082	0.997522	1.041082	0.997519	1.041082	0.997518	1.041082	0.997516	1.041082	0.997513	1.038808	0.002462	1.039274	0.000056	
1350071660.959142	1.000000	64.622879	51.396072	6.121399	1.040569	0.998142	1.038879	0.001410	1.038194	0.001181	1.040569	0.998143	1.040570	0.998142	1.040569	0.998140	1.040569	0.998138	1.040569	0.998136	1350071660.959249	0.999995	64.618839	51.367384	2.407391	1.039404	0.998178	1.039404	0.998177	1.039404	0.998175	1.039404	0.998173	1.039404	0.998172	1.039404	0.998171	1.037053	0.004464	1.041119	0.000007	
1350071661.959142	1.000000	64.622437	51.393433	6.115234	1.038433	0.999796	1.038519	0.005779	1.039091	0.001290	1.038433	0.999796	1.038433	0.999796	1.038433	0.999796	1.038433	0.999796	1.038433	0.999795	1350071661.959248	0.999999	64.618210	51.366657	2.779986	1.041896	0.997011	1.041896	0.997009	1.041896	0.997007	1.041896	0.997004	1.041896	0.997002	1.041896	0.996999	1.040252	0.001023	1.038181	0.000054	
1350071662.959142	1.000000	64.610916	51.381180	6.102905	1.048356	0.998558	1.043112	0.001381	1.043320	0.001544	1.048358	0.998558	1.048358	0.998557	1.048358	0.998556	1.048358	0.998555	1.048359	0.998554	1350071662.959249	1.000001	64.609542	51.354565	2.130247	1.050628	0.997476	1.050628	0.997474	1.050628	0.997471	1.050628	0.997469	1.050628	0.997468	1.050628	0.997467	1.050533	0.000868	1.056209	0.000007	
1350071663.959144	1.000002	715760107.284952	715778166.954561	715784653.904377	0.999989	1.000210	0.999987	1.000217	0.999990	1.000220	0.999989	1.000212	0.999990	1.000216	0.999992	1.000209	0.999989	1.000215	0.999989	1.000212	1350071663.959234	0.999985	715821042.239845	715787625.579253	715785860.715021	0.999989	1.000209	0.999987	1.000214	3.893082	0.256919	0.999990	1.000213	0.999989	1.000215	0.999992	1.000211	0.999989	1.000214	0.999990	1.000213	
1350071664.959142	0.999998	0.000000	0.000000	0.000000	-nan	-nan	-nan	-nan	0.000000	inf	-nan	-nan	-nan	0.000000	-nan	-nan	-nan	-nan	-nan	-nan	1350071664.959225	0.999991	0.000000	0.000000	0.000000	-nan	-nan	-nan	-nan	0.000000	inf	-nan	-nan	-nan	-nan	-nan	-nan	-nan	-nan	-nan	-nan	
1350071665.959190	1.000048	0.000000	0.000000	0.000000	-nan	-nan	-nan	-nan	1.345745	inf	-nan	-nan	-nan	0.000000	-nan	-nan	-nan	-nan	-nan	-nan	1350071665.959251	1.000026	0.000000	0.000000	0.000000	-nan	-nan	-nan	-nan	inf	-nan	-nan	-nan	-nan	-nan	-nan	-nan	-nan	-nan	-nan	-nan	
