ts_0	elapsed_0	pkg_0	pp0_0	dram_0	freq_ratio_0_0	c0_ratio_0_0	freq_ratio_0_1	c0_ratio_0_1	freq_ratio_0_2	c0_ratio_0_2	freq_ratio_0_3	c0_ratio_0_3	freq_ratio_0_4	c0_ratio_0_4	freq_ratio_0_5	c0_ratio_0_5	freq_ratio_0_6	c0_ratio_0_6	freq_ratio_0_7	c0_ratio_0_7	ts_1	elapsed_1	pkg_1	pp0_1	dram_1	freq_ratio_1_0	c0_ratio_1_0	freq_ratio_1_1	c0_ratio_1_1	freq_ratio_1_2	c0_ratio_1_2	freq_ratio_1_3	c0_ratio_1_3	freq_ratio_1_4	c0_ratio_1_4	freq_ratio_1_5	c0_ratio_1_5	freq_ratio_1_6	c0_ratio_1_6	freq_ratio_1_7	c0_ratio_1_7	
1350066804.041181	1.000456	29.823403	16.448873	6.118608	1.000000	1.000000	0.999988	0.008117	0.998805	0.000577	0.994435	0.000025	0.996357	0.000034	0.980168	0.000007	0.980516	0.000006	0.982264	0.000007	1350066804.041392	1.000470	29.588604	16.376170	2.795592	1.000000	1.000000	1.000139	0.002581	0.988805	0.000009	1.000065	0.000077	0.997838	0.000009	0.999484	0.000043	1.000130	0.000074	1.000033	0.000140	
1350066805.041164	0.999983	29.782273	16.398242	6.121503	1.000000	1.000000	0.999996	0.006277	1.000457	0.000325	0.994226	0.000068	0.995966	0.000102	0.993412	0.000060	0.994668	0.000070	0.992945	0.000057	1350066805.041373	0.999981	29.591583	16.365012	2.391373	1.000000	1.000000	0.999167	0.000416	1.002278	0.000139	0.999746	0.000094	1.000316	0.000079	1.000114	0.000061	0.999551	0.000009	0.998890	0.000151	
1350066806.041164	1.000000	29.806030	16.423172	6.109070	1.000000	1.000000	0.999911	0.007470	1.000124	0.000193	1.003751	0.000007	1.003350	0.000007	1.005276	0.000007	1.001871	0.000007	0.999316	0.000007	1350066806.041366	0.999993	29.588751	16.364478	2.624454	1.000000	1.000000	1.000635	0.000328	0.977402	0.000010	0.981390	0.000009	0.976509	0.000009	0.994966	0.000036	0.989938	0.000066	0.999796	0.000085	
1350066807.041164	1.000000	29.763702	16.381165	6.121399	1.000000	1.000000	1.000065	0.006045	0.999370	0.000303	1.006447	0.000077	1.004981	0.000100	1.006478	0.000076	1.007339	0.000066	1.002477	0.000213	1350066807.041378	1.000012	29.602186	16.375156	2.529190	1.000000	1.000000	0.993689	0.000451	1.000020	0.000114	0.995900	0.000083	0.995386	0.000071	0.994220	0.000059	1.012154	0.000009	0.997544	0.000143	
1350066808.041164	1.000000	29.595016	16.211609	6.121399	1.000000	1.000000	1.000051	0.000114	1.000018	0.000218	0.995731	0.000007	0.999824	0.000044	0.999411	0.000007	0.999451	0.000006	0.999624	0.000007	1350066808.041379	1.000001	29.613131	16.384216	1.642363	1.000000	1.000000	1.004777	0.000584	0.975202	0.000009	1.007556	0.000038	1.009060	0.000038	1.004314	0.000079	1.004143	0.000081	1.004242	0.000130	
1350066809.041164	1.000000	29.601700	16.218735	6.115234	1.000000	1.000000	1.000015	0.000263	1.000021	0.000253	1.000326	0.000089	1.000273	0.000066	1.000021	0.000055	1.000065	0.000065	1.000040	0.000096	1350066809.041375	0.999996	29.612593	16.383001	1.681159	1.000000	1.000000	0.999853	0.000368	1.005268	0.000079	1.002481	0.000078	1.002581	0.000069	1.003248	0.000053	1.020049	0.000009	1.000017	0.000268	
1350066810.041164	1.000000	29.590302	16.207794	6.121399	1.000000	1.000000	1.000090	0.000099	0.999995	0.000218	0.996902	0.000007	0.996703	0.000006	1.002818	0.000007	0.995918	0.000006	0.998688	0.000007	1350066810.041365	0.999990	29.601294	16.374325	1.593018	1.000000	1.000000	1.000034	0.000308	1.001452	0.000008	0.991277	0.000008	0.977664	0.000009	0.996533	0.000058	0.997472	0.000074	0.997769	0.000104	
1350066811.041164	1.000000	29.609894	16.226379	6.109070	1.000000	1.000000	0.999811	0.000143	0.999939	0.000267	1.000347	0.000061	1.000022	0.000072	0.999733	0.000056	1.000544	0.000052	0.999982	0.000277	1350066811.041378	1.000013	29.611749	16.381591	1.683144	1.000000	1.000000	1.000293	0.000370	0.994814	0.000085	0.998382	0.000084	1.003022	0.000067	1.004468	0.000051	1.019804	0.000009	1.001510	0.000146	
1350066812.041164	1.000000	30.683212	17.298401	6.120178	1.000000	1.000000	0.999998	0.005353	0.999995	0.002993	0.999997	0.002822	0.999999	0.002625	0.999997	0.002733	0.999994	0.002610	0.999807	0.002618	1350066812.041353	0.999975	30.648045	17.417718	1.811889	1.000000	1.000000	0.999966	0.003028	1.000105	0.002734	1.000084	0.002570	1.000005	0.002396	0.999995	0.002723	1.000012	0.002653	1.000005	0.003991	
1350066813.041164	1.000000	29.825424	16.441727	6.127563	1.000000	1.000000	0.999983	0.008345	1.000032	0.000263	0.999960	0.000058	0.999942	0.000107	0.999953	0.000058	1.000142	0.000052	1.010912	0.000046	1350066813.041377	1.000024	29.595097	16.378054	2.246421	1.000000	1.000000	0.998280	0.000745	1.001950	0.000068	1.000121	0.000067	0.999789	0.000055	1.000073	0.000053	0.998420	0.000009	0.999615	0.000267	
1350066814.041164	1.000000	29.583023	16.199844	6.102905	1.000000	1.000000	1.000034	0.000453	0.999984	0.000219	0.994042	0.000031	0.973836	0.000006	0.975860	0.000007	0.977522	0.000006	0.980863	0.000007	1350066814.041383	1.000006	29.623038	16.394662	1.685415	1.000000	1.000000	1.000501	0.002413	0.975181	0.000009	1.002070	0.000008	1.001537	0.000009	0.999118	0.000058	0.998720	0.000077	0.998302	0.000157	
1350066815.041164	1.000000	29.606339	16.236206	6.121399	1.000000	1.000000	0.999973	0.001520	0.999943	0.000276	1.002953	0.000062	1.002604	0.000063	1.003485	0.000051	1.002693	0.000051	1.002815	0.000052	1350066815.041379	0.999996	29.607038	16.379812	1.928276	1.000000	1.000000	1.000210	0.000519	1.001590	0.000125	0.999712	0.000088	0.999916	0.000074	1.000764	0.000067	1.009822	0.000009	1.002512	0.000134	
1350066816.041164	1.000000	29.592499	16.208450	6.115234	1.000000	1.000000	0.999811	0.000086	0.999966	0.000218	1.000054	0.000007	1.003437	0.000006	0.999946	0.000007	1.000486	0.000007	0.998527	0.000007	1350066816.041382	1.000003	29.604919	16.375071	1.624522	1.000000	1.000000	0.999951	0.000352	0.977339	0.000008	0.999681	0.000008	1.000362	0.000009	1.000327	0.000044	0.999984	0.000073	0.999933	0.000097	
1350066817.041164	1.000000	29.591248	16.207718	6.121399	1.000000	1.000000	1.000092	0.000142	1.000505	0.000249	0.999975	0.000062	0.991236	0.000062	0.989976	0.000052	0.990100	0.000052	0.989715	0.000051	1350066817.041381	0.999999	29.606748	16.380585	1.676256	1.000000	1.000000	0.999991	0.000536	0.999921	0.000083	0.999715	0.000062	0.999969	0.000074	1.000222	0.000047	1.002562	0.000009	1.000139	0.000185	
1350066818.041164	1.000000	29.597366	16.213837	6.127563	1.000000	1.000000	0.999963	0.000946	1.000145	0.000215	0.992431	0.000007	0.999474	0.000047	0.997061	0.000007	0.999116	0.000007	0.998117	0.000007	1350066818.041369	0.999988	29.608019	16.381238	1.724340	1.000000	1.000000	1.000258	0.000654	1.000880	0.000010	1.026018	0.000008	1.024106	0.000008	0.996934	0.000043	0.989539	0.000062	0.997265	0.000084	
1350066819.041164	1.000000	29.630615	16.247345	6.121399	1.000000	1.000000	1.000060	0.000435	0.999446	0.000297	1.000032	0.001132	1.005250	0.000103	1.008040	0.000066	1.007807	0.000066	1.008035	0.000068	1350066819.041386	1.000017	29.609316	16.382718	1.908857	1.000000	1.000000	0.999657	0.000514	0.999242	0.000125	0.991830	0.000082	0.989864	0.000073	0.993638	0.000066	1.014951	0.000009	0.998193	0.000188	
1350066820.041164	1.000000	29.563644	16.181259	6.102905	1.000000	1.000000	0.999889	0.000101	0.999984	0.000329	1.000000	0.000014	1.001308	0.000014	1.000163	0.000014	0.999769	0.000013	0.999153	0.000013	1350066820.041378	0.999992	29.605098	16.376323	1.654249	1.000000	1.000000	0.999541	0.000389	1.017169	0.000017	1.008957	0.000052	1.011613	0.000045	1.005258	0.000080	1.005001	0.000096	0.998902	0.000132	
1350066821.041164	1.000000	29.554230	16.172485	6.121399	1.000000	1.000000	0.999979	0.000129	0.999979	0.000187	0.999957	0.000062	0.999730	0.000062	1.000007	0.000053	1.000036	0.000053	1.000188	0.000051	1350066821.041387	1.000009	29.604239	16.375904	1.690048	1.000000	1.000000	1.000351	0.000508	0.997499	0.000084	1.000183	0.000089	1.000276	0.000061	1.001871	0.000055	0.996822	0.000009	1.003299	0.000207	
1350066822.041164	1.000000	29.538437	16.157379	6.127563	1.000000	1.000000	1.000196	0.000086	1.000030	0.000140	0.997072	0.000007	1.002185	0.000007	0.996111	0.000007	0.999689	0.000006	0.994243	0.000007	1350066822.041383	0.999996	29.586530	16.358785	1.619285	1.000000	1.000000	0.999778	0.000397	0.999863	0.000008	0.999863	0.000008	0.999865	0.000009	0.995873	0.000044	0.997220	0.000060	0.997614	0.000090	
1350066823.041164	1.000000	29.578613	16.195892	6.127563	1.000000	1.000000	1.000035	0.001027	0.999986	0.000169	1.000284	0.000065	0.999802	0.000103	1.000403	0.000050	1.000136	0.000051	1.000631	0.000052	1350066823.041401	1.000018	29.583257	16.370206	1.769545	1.000000	1.000000	1.000118	0.000715	1.000077	0.000060	0.999726	0.000080	1.000230	0.000050	1.001869	0.000049	1.024663	0.000009	1.001668	0.000135	
1350066824.041164	1.000000	29.761108	16.378006	6.109070	1.000000	1.000000	0.999979	0.007929	0.999975	0.000157	0.994731	0.000030	0.990921	0.000016	0.981279	0.000007	0.976962	0.000006	0.979088	0.000007	1350066824.041381	0.999980	29.613401	16.386437	2.658165	1.000000	1.000000	0.999993	0.002480	0.990321	0.000009	0.989716	0.000009	0.970612	0.000009	0.996818	0.000042	0.996955	0.000058	0.998449	0.000137	
1350066825.041164	1.000000	29.683792	16.313080	6.127563	1.000000	1.000000	0.999996	0.006641	0.999857	0.000170	1.002431	0.000060	1.002114	0.000069	1.002720	0.000050	1.002847	0.000050	1.003189	0.000048	1350066825.041369	0.999988	29.599703	16.374142	2.669145	1.000000	1.000000	0.999144	0.000372	1.002383	0.000076	1.001916	0.000061	1.003887	0.000058	1.004342	0.000053	1.017106	0.000009	1.001249	0.000155	
1350066826.041164	1.000000	29.712769	16.328659	6.102905	1.000000	1.000000	0.999989	0.006175	1.000140	0.000157	1.001527	0.000007	1.000188	0.000006	0.999782	0.000007	1.000062	0.000006	1.000695	0.000006	1350066826.041375	1.000006	29.594321	16.369089	2.593994	1.000000	1.000000	1.000250	0.000339	1.010007	0.000008	0.998415	0.000009	0.989818	0.000009	0.999373	0.000040	1.000432	0.000068	0.999886	0.000084	
1350066827.041164	1.000000	29.611313	16.227295	6.102905	1.000000	1.000000	0.999951	0.001698	0.999845	0.000169	1.000029	0.000066	0.999873	0.000064	1.000099	0.000051	1.000109	0.000050	0.999962	0.000051	1350066827.041387	1.000012	29.608381	16.383472	1.928306	1.000000	1.000000	1.000275	0.000524	0.997808	0.000082	1.000058	0.000086	1.001637	0.000071	1.000392	0.000065	0.999233	0.000009	1.000150	0.000131	
1350066828.041164	1.000000	29.575211	16.191879	6.102905	1.000000	1.000000	1.000075	0.000870	1.000215	0.000140	0.993365	0.000007	0.999074	0.000044	0.999731	0.000007	0.998081	0.000007	0.997371	0.000007	1350066828.041394	1.000007	29.599008	16.372628	1.736011	1.000000	1.000000	1.000008	0.000661	0.974300	0.000009	0.972477	0.000009	0.975330	0.000009	0.993749	0.000036	0.997002	0.000064	0.999727	0.000090	
1350066829.041164	1.000000	29.583542	16.200790	6.133728	1.000000	1.000000	0.999948	0.001505	1.000556	0.000188	0.994161	0.000082	0.992105	0.000061	0.990215	0.000053	0.990024	0.000050	0.989783	0.000050	1350066829.041369	0.999975	29.614496	16.388060	1.885347	1.000000	1.000000	0.998127	0.001554	1.002016	0.000111	1.002861	0.000076	1.003041	0.000066	1.003486	0.000059	1.018909	0.000009	0.999989	0.000184	
1350066830.041164	1.000000	29.541824	16.158371	6.109070	1.000000	1.000000	0.995863	0.000127	1.000243	0.000138	1.004647	0.000007	0.999606	0.000007	1.002142	0.000007	1.002199	0.000007	1.002839	0.000007	1350066830.041363	0.999994	29.594171	16.367316	1.605021	1.000000	1.000000	1.007848	0.000370	1.004554	0.000009	0.999636	0.000008	0.999955	0.000009	1.000140	0.000044	0.992523	0.000068	0.999979	0.000091	
1350066831.041171	1.000007	29.558222	16.174525	6.127521	1.000000	1.000000	1.003796	0.000136	0.999180	0.000202	1.006328	0.000077	1.005509	0.000094	1.007626	0.000065	1.007438	0.000066	1.007532	0.000067	1350066831.041374	1.000011	29.611721	16.384220	1.728008	1.000000	1.000000	0.999783	0.000611	0.997856	0.000120	0.998500	0.000482	0.992459	0.000072	0.991549	0.000059	0.999540	0.000009	0.996322	0.000148	
1350066832.041164	0.999993	29.542975	16.160558	6.121441	1.000000	1.000000	1.000174	0.000100	1.000044	0.000148	0.997769	0.000007	0.999564	0.000006	1.002341	0.000007	0.999567	0.000006	0.999455	0.000007	1350066832.041370	0.999996	29.605894	16.378683	1.618827	1.000000	1.000000	0.997249	0.000406	1.048831	0.000008	1.020828	0.000044	1.012515	0.000043	1.008871	0.000079	1.009566	0.000075	1.001525	0.000125	
1350066833.041164	1.000000	29.563080	16.180023	6.121399	1.000000	1.000000	0.999971	0.000898	0.999923	0.000184	1.000248	0.000059	0.999968	0.000097	0.999688	0.000052	1.000039	0.000050	1.000078	0.000049	1350066833.041375	1.000005	29.574437	16.363291	1.792014	1.000000	1.000000	1.001536	0.000708	0.991256	0.000062	0.997338	0.000079	0.999670	0.000051	0.995186	0.000045	0.980854	0.000008	1.002208	0.000159	
1350066834.041164	1.000000	29.579819	16.197510	6.139893	1.000000	1.000000	0.999714	0.001897	0.999991	0.000165	0.992902	0.000029	0.971583	0.000006	0.983031	0.000007	0.979127	0.000006	0.981041	0.000007	1350066834.041375	1.000000	29.610886	16.384277	1.901443	1.000000	1.000000	0.999511	0.002391	1.009493	0.000056	1.002209	0.000008	0.999635	0.000008	1.000381	0.000058	1.000167	0.000067	1.000139	0.000111	
1350066835.041164	1.000000	29.711502	16.328888	6.102905	1.000000	1.000000	1.000066	0.006595	0.999983	0.000182	1.003227	0.000062	1.002402	0.000076	1.002517	0.000050	1.002848	0.000049	1.002782	0.000051	1350066835.041382	1.000007	29.596887	16.370263	2.719738	1.000000	1.000000	1.003298	0.000413	0.994631	0.000077	0.997157	0.000069	1.000323	0.000050	0.999645	0.000050	0.995094	0.000008	1.000063	0.000128	
1350066836.041172	1.000008	715808511.062386	715817771.420043	715782010.807324	0.999987	1.000197	0.999985	1.000200	0.999995	1.000197	0.999987	1.000198	0.999987	1.000200	0.999990	1.000196	0.999987	1.000201	0.999987	1.000198	1350066836.041262	0.999880	715883751.450135	715856943.637396	715908171.654886	0.999987	1.000198	0.999985	1.000200	3.893223	0.256906	0.999987	1.000198	0.999987	1.000201	0.999990	1.000195	0.999987	1.000201	0.999987	1.000198	
1350066837.041164	0.999992	0.000000	0.000000	0.000000	-nan	-nan	-nan	-nan	0.000000	inf	-nan	-nan	-nan	0.000000	-nan	-nan	-nan	-nan	-nan	-nan	1350066837.041249	0.999987	0.000000	0.000000	0.000000	-nan	-nan	-nan	-nan	0.000000	inf	-nan	-nan	-nan	-nan	-nan	-nan	-nan	-nan	-nan	-nan	
