ts_0	elapsed_0	pkg_0	pp0_0	dram_0	freq_ratio_0_0	c0_ratio_0_0	freq_ratio_0_1	c0_ratio_0_1	freq_ratio_0_2	c0_ratio_0_2	freq_ratio_0_3	c0_ratio_0_3	freq_ratio_0_4	c0_ratio_0_4	freq_ratio_0_5	c0_ratio_0_5	freq_ratio_0_6	c0_ratio_0_6	freq_ratio_0_7	c0_ratio_0_7	ts_1	elapsed_1	pkg_1	pp0_1	dram_1	freq_ratio_1_0	c0_ratio_1_0	freq_ratio_1_1	c0_ratio_1_1	freq_ratio_1_2	c0_ratio_1_2	freq_ratio_1_3	c0_ratio_1_3	freq_ratio_1_4	c0_ratio_1_4	freq_ratio_1_5	c0_ratio_1_5	freq_ratio_1_6	c0_ratio_1_6	freq_ratio_1_7	c0_ratio_1_7	
1350064331.766513	1.000149	53.323658	40.055463	5.878412	0.796426	0.999752	0.796426	0.999751	0.796424	0.999751	0.796423	0.999751	0.796423	0.999751	0.796421	0.999751	0.796420	0.999750	0.796419	0.999750	1350064331.766575	1.000155	53.700205	40.616646	3.146821	0.909927	0.997906	0.909926	0.997904	0.909926	0.997903	0.909926	0.997901	0.933234	0.002834	0.909922	0.997900	0.909922	0.997898	0.950097	0.002370	
1350064332.766511	0.999998	50.840749	37.568980	5.851940	0.769418	0.999787	0.769418	0.999787	0.769418	0.999787	0.769419	0.999786	0.769418	0.999786	0.769418	0.999786	0.769418	0.999786	0.769418	0.999786	1350064332.766572	0.999997	50.794484	37.705454	2.768655	0.872622	0.997102	0.872622	0.997099	0.872622	0.997098	0.872622	0.997095	0.872571	0.001422	0.872623	0.997093	0.872623	0.997092	0.872640	0.000926	
1350064333.766505	0.999994	50.841093	37.568736	5.838963	0.769323	0.999905	0.769323	0.999905	0.769322	0.999905	0.769323	0.999905	0.769323	0.999905	0.769323	0.999905	0.769323	0.999905	0.769322	0.999905	1350064333.766577	1.000005	50.789907	37.700449	2.816285	0.872433	0.997158	0.872433	0.997155	0.872433	0.997154	0.872433	0.997152	0.871474	0.004388	0.872433	0.997149	0.872433	0.997147	0.871993	0.001127	
1350064334.766511	1.000006	50.759784	37.495977	5.826686	0.814564	0.996197	0.814564	0.996193	0.814565	0.996189	0.814565	0.996189	0.814565	0.996183	0.814565	0.996181	0.770064	0.085309	0.814565	0.996182	1350064334.766607	1.000030	50.827529	37.738094	2.825034	0.815342	0.997647	0.815342	0.997645	0.815342	0.997644	0.815342	0.997642	0.810021	0.917432	0.815339	0.997638	0.815339	0.997637	0.812313	0.005135	
1350064335.766505	0.999994	50.815794	37.541285	5.840230	0.818479	0.995864	0.818479	0.995860	0.818479	0.995856	0.818479	0.995854	0.818480	0.995851	0.818480	0.995850	0.823977	0.001728	0.818481	0.995848	1350064335.766603	0.999996	50.819481	37.728669	2.844494	0.809827	0.997835	0.809827	0.997833	0.809827	0.997832	0.809827	0.997832	0.809827	0.997830	0.809827	0.997829	0.809827	0.997827	0.809578	0.003365	
1350064336.766511	1.000006	50.819949	37.542135	5.771572	0.818371	0.995860	0.818371	0.995856	0.818370	0.995851	0.818370	0.995848	0.818370	0.995846	0.818370	0.995845	0.815094	0.001801	0.818368	0.995842	1350064336.766607	1.000004	50.821846	37.731643	2.780522	0.809060	0.998372	0.809060	0.998372	0.809060	0.998370	0.809060	0.998368	0.809060	0.998368	0.809060	0.998367	0.809060	0.998365	0.808512	0.005245	
1350064337.766505	0.999994	50.817030	37.535395	5.910115	0.818049	0.995987	0.818050	0.995984	0.818049	0.995980	0.818049	0.995978	0.818049	0.995976	0.818049	0.995974	0.816493	0.002891	0.818050	0.995973	1350064337.766604	0.999997	50.821004	37.730067	3.055628	0.809540	0.997977	0.809540	0.997976	0.809540	0.997973	0.809540	0.997972	0.809540	0.997972	0.809540	0.997969	0.809540	0.997969	0.808721	0.002777	
1350064338.766505	1.000000	50.815613	37.534012	5.888275	0.817009	0.995976	0.817009	0.995973	0.817009	0.995969	0.817009	0.995968	0.817010	0.995963	0.817010	0.995962	0.819046	0.005700	0.817011	0.995962	1350064338.766603	0.999999	50.818682	37.726644	3.662388	0.809590	0.998067	0.809589	0.998065	0.809589	0.998064	0.809589	0.998062	0.809590	0.998061	0.809589	0.998061	0.809589	0.998059	0.811567	0.002290	
1350064339.766505	1.000000	50.817703	37.534897	5.860260	0.817866	0.996008	0.817866	0.996003	0.817865	0.996002	0.817865	0.995999	0.817865	0.995997	0.817865	0.995982	0.809017	0.005250	0.817865	0.995980	1350064339.766618	1.000015	50.822326	37.728208	3.135054	0.809403	0.998233	0.809403	0.998232	0.809403	0.998230	0.809403	0.998229	0.809403	0.998228	0.809403	0.998227	0.809402	0.998226	0.809112	0.002903	
1350064340.766505	1.000000	50.819153	37.538223	5.874146	0.818283	0.995823	0.818283	0.995820	0.818284	0.995816	0.818283	0.995813	0.818283	0.995810	0.818283	0.995821	0.825759	0.001606	0.818282	0.995821	1350064340.766603	0.999985	50.775100	37.692812	3.768367	0.805624	0.999050	0.805624	0.999050	0.805624	0.999048	0.805624	0.999049	0.805624	0.999049	0.805624	0.999048	0.805624	0.999047	0.805715	0.010516	
1350064341.766505	1.000000	50.818695	37.535980	5.879562	0.817134	0.996195	0.817135	0.996192	0.817134	0.996187	0.817134	0.996187	0.817134	0.996183	0.817134	0.996181	0.817471	0.005344	0.817134	0.996180	1350064341.766604	1.000001	50.820340	37.725413	3.808499	0.809343	0.998210	0.809343	0.998210	0.809343	0.998208	0.809343	0.998207	0.809343	0.998205	0.809343	0.998204	0.809343	0.998203	0.809571	0.002513	
1350064342.766505	1.000000	50.763168	37.494080	5.905777	0.818238	0.995877	0.818237	0.995875	0.818238	0.995873	0.818238	0.995869	0.818238	0.995866	0.818238	0.995864	0.818580	0.001788	0.818240	0.995864	1350064342.766597	0.999993	50.820740	37.725664	2.879033	0.809312	0.998360	0.809312	0.998358	0.809312	0.998357	0.809312	0.998356	0.809312	0.998355	0.809312	0.998353	0.809312	0.998354	0.808278	0.002201	
1350064343.766505	1.000000	50.818878	37.534836	5.923447	0.818251	0.995998	0.818251	0.995995	0.818250	0.995995	0.818250	0.995990	0.818250	0.995987	0.818249	0.995986	0.816451	0.001768	0.818248	0.995983	1350064343.766598	1.000001	50.826291	37.728937	2.986203	0.807386	0.999209	0.807386	0.999208	0.807386	0.999208	0.807386	0.999207	0.807386	0.999206	0.807386	0.999206	0.807386	0.999205	0.807038	0.007388	
1350064344.766505	1.000000	50.818680	37.535187	5.903168	0.817204	0.996081	0.817204	0.996080	0.817204	0.996075	0.817204	0.996073	0.817204	0.996071	0.817204	0.996068	0.817854	0.005668	0.817204	0.996067	1350064344.766602	1.000004	50.822411	37.725113	3.540284	0.809041	0.998606	0.809041	0.998607	0.809041	0.998605	0.809041	0.998604	0.809041	0.998603	0.809041	0.998602	0.809041	0.998602	0.808853	0.003471	
1350064345.766505	1.000000	50.816574	37.530609	5.843475	0.817775	0.995917	0.817775	0.995915	0.817775	0.995912	0.817775	0.995909	0.817775	0.995906	0.817776	0.995903	0.821450	0.003142	0.817775	0.995903	1350064345.766605	1.000003	50.820445	37.723699	3.078741	0.809287	0.998328	0.809287	0.998326	0.809287	0.998325	0.809287	0.998323	0.809287	0.998322	0.809287	0.998321	0.809287	0.998320	0.809189	0.002301	
1350064346.766505	1.000000	50.818604	37.530319	5.817688	0.817679	0.996110	0.817679	0.996107	0.817679	0.996103	0.817679	0.996100	0.817679	0.996097	0.817679	0.996095	0.817596	0.003614	0.817679	0.996095	1350064346.766602	0.999997	50.819631	37.722010	3.230998	0.809288	0.998328	0.809287	0.998326	0.809287	0.998325	0.809287	0.998323	0.809287	0.998322	0.809287	0.998322	0.809287	0.998321	0.808543	0.002245	
1350064347.766505	1.000000	50.816803	37.529327	5.861511	0.817288	0.996007	0.817288	0.996005	0.817288	0.996001	0.817288	0.995998	0.817288	0.995995	0.817288	0.995991	0.817978	0.004713	0.817288	0.995991	1350064347.766597	0.999995	50.822047	37.725805	3.409777	0.809211	0.998358	0.809211	0.998358	0.809211	0.998357	0.809211	0.998355	0.809211	0.998354	0.809211	0.998353	0.809210	0.998351	0.809489	0.002193	
1350064348.766505	1.000000	50.817444	37.530563	5.780487	0.817111	0.996056	0.817111	0.996054	0.817112	0.996051	0.817112	0.996047	0.817111	0.996046	0.817111	0.996041	0.817096	0.005033	0.817111	0.996043	1350064348.766602	1.000005	50.819936	37.723459	3.486738	0.809242	0.998375	0.809242	0.998374	0.809242	0.998372	0.809242	0.998372	0.809242	0.998370	0.809242	0.998370	0.809242	0.998370	0.809444	0.002374	
1350064349.766505	1.000000	50.818207	37.530045	5.874619	0.817730	0.995980	0.817729	0.995979	0.817729	0.995976	0.817729	0.995972	0.817729	0.995969	0.817729	0.995968	0.810576	0.004347	0.817730	0.995967	1350064349.766604	1.000002	50.822260	37.724324	2.907587	0.807642	0.999163	0.807642	0.999162	0.807642	0.999162	0.807642	0.999161	0.807642	0.999160	0.807642	0.999160	0.807642	0.999159	0.807413	0.006522	
1350064350.766505	1.000000	50.815689	37.527924	5.795502	0.818066	0.995994	0.818065	0.995991	0.818066	0.995987	0.818065	0.995985	0.818066	0.995982	0.818065	0.995979	0.820216	0.001592	0.818065	0.995978	1350064350.766620	1.000016	50.818768	37.721871	2.754305	0.813275	0.998801	0.813275	0.998800	0.813275	0.998798	0.813275	0.998797	0.813275	0.998797	0.813275	0.998796	0.813275	0.998796	0.809607	0.004959	
1350064351.766511	1.000006	50.808596	37.520528	5.743237	0.837868	0.998252	0.837868	0.998253	0.837868	0.998250	0.837868	0.998249	0.837869	0.998249	0.837869	0.998247	0.839834	0.002929	0.837870	0.998247	1350064351.766606	0.999986	50.756756	37.665737	3.115141	0.837553	0.997881	0.837553	0.997879	0.837553	0.997877	0.837553	0.997875	0.837553	0.997873	0.837553	0.997873	0.837553	0.997871	0.838009	0.001769	
1350064352.766505	0.999994	50.805936	37.514414	5.800007	0.844825	0.998964	0.844825	0.998963	0.844825	0.998963	0.844825	0.998962	0.844825	0.998962	0.844825	0.998960	0.844153	0.004196	0.844825	0.998961	1350064352.766600	0.999994	50.814848	37.707500	3.409719	0.837393	0.997829	0.837393	0.997827	0.837393	0.997825	0.837393	0.997824	0.837393	0.997822	0.837393	0.997822	0.837392	0.997820	0.837071	0.004029	
1350064353.766505	1.000000	50.767868	37.489517	5.791367	0.825554	0.997059	0.825554	0.997055	0.825553	0.997053	0.825553	0.997054	0.825553	0.997051	0.825553	0.997050	0.822372	0.002018	0.825551	0.997049	1350064353.766606	1.000006	50.817263	37.713642	2.962827	0.816354	0.998406	0.816354	0.998405	0.816354	0.998404	0.816354	0.998403	0.816354	0.998402	0.816354	0.998400	0.816354	0.998400	0.824381	0.003564	
1350064354.766505	1.000000	50.817459	37.526108	5.886841	0.817118	0.996057	0.817118	0.996056	0.817118	0.996051	0.817118	0.996049	0.817118	0.996049	0.817118	0.996046	0.817784	0.004711	0.817118	0.996043	1350064354.766593	0.999987	50.822093	37.719535	3.419921	0.808917	0.998744	0.808917	0.998742	0.808917	0.998742	0.808917	0.998741	0.808917	0.998740	0.808917	0.998740	0.808917	0.998739	0.809122	0.002164	
1350064355.766505	1.000000	50.817291	37.526093	5.865875	0.817950	0.996040	0.817950	0.996036	0.817950	0.996034	0.817950	0.996031	0.817950	0.996030	0.817950	0.996027	0.815474	0.002102	0.817951	0.996027	1350064355.766602	1.000009	50.825421	37.724237	2.862904	0.807570	0.999592	0.807570	0.999592	0.807570	0.999592	0.807570	0.999592	0.807570	0.999591	0.807570	0.999591	0.807570	0.999591	0.807450	0.006403	
1350064356.766505	1.000000	50.815628	37.527451	5.857254	0.817163	0.996110	0.817163	0.996107	0.817164	0.996103	0.817164	0.996100	0.817164	0.996097	0.817164	0.996095	0.817547	0.005045	0.817165	0.996096	1350064356.766607	1.000005	50.821950	37.721430	3.518384	0.808258	0.999092	0.808258	0.999091	0.808258	0.999090	0.808258	0.999089	0.808258	0.999088	0.808258	0.999088	0.808258	0.999088	0.812168	0.005343	
1350064357.766505	1.000000	50.820099	37.532013	5.879684	0.816659	0.996258	0.816659	0.996255	0.816659	0.996252	0.816659	0.996250	0.816658	0.996246	0.816658	0.996244	0.816931	0.005799	0.816659	0.996243	1350064357.766591	0.999984	50.821857	37.721748	3.909685	0.808875	0.998733	0.808875	0.998732	0.808875	0.998731	0.808875	0.998729	0.808875	0.998728	0.808875	0.998727	0.808875	0.998726	0.809141	0.002264	
1350064358.766505	1.000000	50.817444	37.526031	5.863159	0.817535	0.996035	0.817535	0.996032	0.817535	0.996028	0.817535	0.996024	0.817535	0.996023	0.817535	0.996020	0.817284	0.002424	0.817535	0.996020	1350064358.766602	1.000011	50.821495	37.718764	3.029828	0.808628	0.998883	0.808628	0.998883	0.808629	0.998881	0.808628	0.998880	0.808628	0.998880	0.808628	0.998879	0.808628	0.998878	0.808765	0.002787	
1350064359.766505	1.000000	50.817108	37.527039	5.928238	0.817819	0.995994	0.817818	0.995992	0.817818	0.995989	0.817819	0.995987	0.817818	0.995986	0.817818	0.995981	0.805060	0.006803	0.817819	0.995984	1350064359.766608	1.000006	50.823397	37.721302	2.843794	0.807801	0.999300	0.807801	0.999300	0.807801	0.999299	0.807801	0.999299	0.807801	0.999299	0.807801	0.999298	0.807801	0.999298	0.800911	0.008022	
1350064360.766505	1.000000	50.818176	37.529800	5.855637	0.817336	0.996103	0.817336	0.996101	0.817336	0.996097	0.817336	0.996095	0.817336	0.996091	0.817336	0.996087	0.817037	0.002961	0.817336	0.996088	1350064360.766606	0.999998	50.771520	37.684078	3.241644	0.807901	0.998812	0.807901	0.998812	0.807901	0.998810	0.807901	0.998809	0.807901	0.998810	0.807901	0.998808	0.807901	0.998808	0.805576	0.003780	
1350064361.766505	1.000000	50.817673	37.531143	5.881882	0.817717	0.995997	0.817717	0.995996	0.817717	0.995991	0.817716	0.995990	0.817716	0.995987	0.817716	0.995984	0.815764	0.002148	0.817715	0.995984	1350064361.766601	0.999995	50.820964	37.720327	2.933486	0.808754	0.998908	0.808754	0.998907	0.808754	0.998906	0.808754	0.998905	0.808754	0.998905	0.808754	0.998905	0.808754	0.998904	0.808482	0.002339	
1350064362.766505	1.000000	50.816849	37.527603	5.867783	0.817978	0.996061	0.817978	0.996058	0.817978	0.996055	0.817977	0.996053	0.817978	0.996049	0.817977	0.996044	0.816470	0.001214	0.817977	0.996045	1350064362.766603	1.000002	50.827891	37.726216	2.756373	0.807170	0.999742	0.807170	0.999743	0.807170	0.999742	0.807170	0.999742	0.807170	0.999742	0.807170	0.999742	0.807170	0.999742	0.807490	0.007181	
1350064363.766505	1.000000	50.818436	37.528732	5.934921	0.817831	0.996072	0.817831	0.996070	0.817831	0.996067	0.817831	0.996063	0.817831	0.996060	0.817832	0.996056	0.815628	0.001364	0.817833	0.996060	1350064363.766600	0.999997	50.825444	37.722972	2.748193	0.807635	0.999195	0.807635	0.999195	0.807635	0.999193	0.807635	0.999193	0.807635	0.999192	0.807635	0.999193	0.807635	0.999191	0.807828	0.005176	
1350064364.766505	1.000000	50.817459	37.527100	5.890701	0.817696	0.996029	0.817696	0.996028	0.817696	0.996026	0.817695	0.996025	0.817695	0.996021	0.817695	0.996017	0.816424	0.001241	0.817693	0.996016	1350064364.766599	0.999999	50.819506	37.718221	2.715136	0.807222	0.999210	0.807222	0.999210	0.807222	0.999210	0.807222	0.999209	0.807222	0.999208	0.807222	0.999208	0.807222	0.999207	0.806900	0.005512	
1350064365.766505	1.000000	50.819397	37.526367	5.870209	0.817958	0.995917	0.817958	0.995915	0.817958	0.995913	0.817958	0.995909	0.817958	0.995906	0.817958	0.995904	0.815472	0.001598	0.817958	0.995904	1350064365.766601	1.000002	50.830439	37.726857	2.761683	0.807276	0.999245	0.807276	0.999244	0.807276	0.999243	0.807276	0.999242	0.807276	0.999242	0.807276	0.999242	0.807276	0.999241	0.807100	0.006348	
1350064366.766505	1.000000	50.763718	37.487396	5.953903	0.817680	0.996087	0.817679	0.996083	0.817680	0.996082	0.817680	0.996079	0.817680	0.996076	0.817680	0.996073	0.818382	0.001288	0.817679	0.996071	1350064366.766606	1.000005	50.819051	37.716104	2.724977	0.808169	0.998927	0.808169	0.998927	0.808169	0.998926	0.808169	0.998925	0.808169	0.998924	0.808169	0.998924	0.808169	0.998923	0.807790	0.004020	
1350064367.766505	1.000000	50.817093	37.526871	5.965546	0.817646	0.996061	0.817646	0.996058	0.817646	0.996053	0.817646	0.996052	0.817646	0.996049	0.817646	0.996047	0.818119	0.001233	0.817646	0.996048	1350064367.766607	1.000001	50.825620	37.722529	2.700422	0.808302	0.999164	0.808302	0.999164	0.808302	0.999162	0.808302	0.999162	0.808302	0.999161	0.808302	0.999161	0.808302	0.999161	0.807867	0.004443	
1350064368.766505	1.000000	50.818954	37.525192	5.925659	0.816154	0.996255	0.816154	0.996252	0.816154	0.996250	0.816155	0.996249	0.816155	0.996246	0.816155	0.996243	0.818486	0.005383	0.816156	0.996244	1350064368.766601	0.999994	50.819242	37.715999	3.500128	0.808518	0.999039	0.808518	0.999038	0.808518	0.999037	0.808518	0.999036	0.808518	0.999035	0.808517	0.999038	0.808517	0.999035	0.808663	0.002645	
1350064369.766505	1.000000	50.822021	37.528473	5.951782	0.816373	0.996122	0.816373	0.996120	0.816373	0.996115	0.816373	0.996114	0.816373	0.996110	0.816372	0.996108	0.810846	0.006165	0.816371	0.996107	1350064369.766601	1.000000	50.822571	37.720444	3.258392	0.808459	0.998953	0.808459	0.998952	0.808459	0.998952	0.808459	0.998950	0.808459	0.998950	0.808459	0.998949	0.808459	0.998949	0.808494	0.003193	
1350064370.766505	1.000000	50.814377	37.520065	5.886139	0.817069	0.996213	0.817068	0.996208	0.817069	0.996207	0.817069	0.996205	0.817069	0.996203	0.817070	0.996201	0.817175	0.003714	0.817061	0.996199	1350064370.766614	1.000013	50.820745	37.718103	3.190663	0.808710	0.998954	0.808710	0.998953	0.808710	0.998952	0.808711	0.998957	0.808710	0.998950	0.808710	0.998949	0.808710	0.998949	0.808972	0.002418	
1350064371.766505	1.000000	50.819168	37.529617	5.935974	0.816373	0.996175	0.816373	0.996172	0.816373	0.996168	0.816373	0.996165	0.816373	0.996164	0.816373	0.996162	0.818140	0.005282	0.816383	0.996162	1350064371.766604	0.999990	50.770421	37.682720	3.596517	0.808680	0.998978	0.808680	0.998978	0.808680	0.998976	0.808680	0.998975	0.808680	0.998975	0.808680	0.998974	0.808680	0.998973	0.808047	0.002443	
1350064372.766505	1.000000	50.817551	37.528076	5.922424	0.816064	0.996198	0.816064	0.996192	0.816064	0.996188	0.816064	0.996186	0.816064	0.996182	0.816064	0.996181	0.818058	0.006832	0.816064	0.996181	1350064372.766614	1.000010	50.822077	37.718311	3.845771	0.808717	0.998954	0.808717	0.998953	0.808717	0.998952	0.808716	0.998951	0.808716	0.998950	0.808716	0.998949	0.808717	0.998949	0.807700	0.002421	
1350064373.766505	1.000000	50.816055	37.525574	5.879074	0.829702	0.997317	0.829702	0.997317	0.829702	0.997314	0.829702	0.997312	0.829701	0.997310	0.829701	0.997310	0.829460	0.007661	0.829700	0.997311	1350064373.766604	0.999990	50.811819	37.705974	4.286130	0.826872	0.998351	0.826872	0.998350	0.826872	0.998348	0.826872	0.998347	0.826873	0.998345	0.826873	0.998344	0.826873	0.998343	0.824649	0.002262	
1350064374.766505	1.000000	50.805710	37.508118	5.731674	0.845063	0.999176	0.845063	0.999176	0.845063	0.999176	0.845063	0.999174	0.845064	0.999175	0.845063	0.999174	0.841780	0.002564	0.845065	0.999174	1350064374.766602	0.999998	50.812780	37.704631	3.082068	0.835931	0.997504	0.835931	0.997500	0.835931	0.997500	0.835931	0.997497	0.835931	0.997497	0.835931	0.997495	0.835931	0.997493	0.836864	0.004739	
1350064375.766519	1.000014	715775279.398381	715751590.198361	715812831.705487	0.999990	1.000214	0.999987	1.000217	0.999997	1.000214	0.999990	1.000215	0.999990	1.000218	0.999992	1.000212	0.999990	1.000218	0.999990	1.000216	1350064375.766630	1.000028	715795684.269542	715796020.033796	715764610.086047	0.999989	1.000213	0.999987	1.000216	3.893035	0.256923	0.999990	1.000215	0.999990	1.000218	0.999992	1.000213	0.999990	1.000218	0.999990	1.000216	
1350064376.766505	0.999986	0.000000	0.000000	0.000000	-nan	-nan	-nan	-nan	8.000000	inf	-nan	-nan	-nan	0.000000	-nan	-nan	-nan	-nan	-nan	-nan	1350064376.766590	0.999960	0.000000	0.000000	0.000000	-nan	-nan	-nan	-nan	0.000000	inf	-nan	-nan	-nan	-nan	-nan	-nan	-nan	-nan	-nan	-nan	
