ts_0	elapsed_0	pkg_0	pp0_0	dram_0	freq_ratio_0_0	c0_ratio_0_0	freq_ratio_0_1	c0_ratio_0_1	freq_ratio_0_2	c0_ratio_0_2	freq_ratio_0_3	c0_ratio_0_3	freq_ratio_0_4	c0_ratio_0_4	freq_ratio_0_5	c0_ratio_0_5	freq_ratio_0_6	c0_ratio_0_6	freq_ratio_0_7	c0_ratio_0_7	ts_1	elapsed_1	pkg_1	pp0_1	dram_1	freq_ratio_1_0	c0_ratio_1_0	freq_ratio_1_1	c0_ratio_1_1	freq_ratio_1_2	c0_ratio_1_2	freq_ratio_1_3	c0_ratio_1_3	freq_ratio_1_4	c0_ratio_1_4	freq_ratio_1_5	c0_ratio_1_5	freq_ratio_1_6	c0_ratio_1_6	freq_ratio_1_7	c0_ratio_1_7	
1350064331.761525	1.000155	53.366394	40.072540	3.792091	0.790247	0.998599	0.790247	0.998597	0.790245	0.998595	0.790244	0.998595	0.790244	0.998592	0.790242	0.998592	0.790241	0.998590	0.790240	0.998590	1350064331.761592	1.000161	53.610513	40.422785	1.599901	0.923338	0.998532	0.923337	0.998531	0.923337	0.998530	0.923337	0.998529	0.923336	0.998528	0.923336	0.998526	0.931065	0.003818	0.950465	0.001020	
1350064332.761517	0.999992	50.842804	37.546279	3.793457	0.762942	0.998363	0.762942	0.998361	0.762942	0.998361	0.762942	0.998359	0.762941	0.998359	0.762942	0.998357	0.762942	0.998357	0.762942	0.998356	1350064332.761582	0.999990	50.785161	37.590022	1.589768	0.886395	0.998232	0.886395	0.998232	0.886395	0.998230	0.886395	0.998228	0.886395	0.998228	0.886396	0.998227	0.887062	0.003290	0.886931	0.000418	
1350064333.761517	1.000000	50.845306	37.541580	3.800858	0.762342	0.998253	0.762342	0.998252	0.762341	0.998251	0.762341	0.998251	0.762341	0.998247	0.762341	0.998247	0.762341	0.998247	0.762340	0.998232	1350064333.761605	1.000023	50.785047	37.587458	1.582010	0.886132	0.998345	0.886132	0.998344	0.886132	0.998343	0.886132	0.998341	0.886131	0.998340	0.886131	0.998338	0.886653	0.002780	0.884856	0.001153	
1350064334.761524	1.000007	50.847579	37.540222	3.781514	0.761634	0.998041	0.761635	0.998040	0.761635	0.998038	0.761635	0.998036	0.761636	0.998035	0.761636	0.998033	0.761636	0.998032	0.761636	0.998044	1350064334.761592	0.999987	50.786616	37.586613	1.588659	0.885749	0.998833	0.885749	0.998833	0.885749	0.998832	0.885749	0.998830	0.885749	0.998829	0.885749	0.998828	0.885037	0.001805	0.885896	0.001634	
1350064335.761517	0.999993	50.847230	37.536835	3.800670	0.761066	0.997911	0.761067	0.997911	0.761066	0.997909	0.761067	0.997908	0.761066	0.997906	0.761067	0.997903	0.761067	0.997902	0.761067	0.997901	1350064335.761587	0.999995	50.787486	37.586477	1.587670	0.885732	0.998876	0.885732	0.998875	0.885732	0.998874	0.885732	0.998873	0.885732	0.998872	0.885732	0.998871	0.885816	0.001736	0.884619	0.000909	
1350064336.761517	1.000000	50.843246	37.528290	3.793015	0.760766	0.997848	0.760765	0.997848	0.760765	0.997846	0.760765	0.997843	0.760764	0.997841	0.760765	0.997841	0.760764	0.997839	0.760764	0.997838	1350064336.761589	1.000002	50.786555	37.586324	1.589978	0.885105	0.999014	0.885105	0.999012	0.885104	0.999012	0.885104	0.999011	0.885105	0.999011	0.885105	0.999010	0.884517	0.002252	0.886422	0.002361	
1350064337.761523	1.000006	50.846132	37.531270	3.797173	0.760865	0.997849	0.760865	0.997849	0.760865	0.997848	0.760866	0.997847	0.760866	0.997845	0.760866	0.997844	0.760866	0.997843	0.760866	0.997843	1350064337.761588	0.999999	50.784884	37.582952	1.579683	0.885439	0.999177	0.885439	0.999176	0.885439	0.999176	0.885439	0.999175	0.885439	0.999175	0.885439	0.999173	0.885742	0.003219	0.884620	0.000677	
1350064338.761517	0.999994	50.796278	37.494059	3.796928	0.760268	0.997706	0.760268	0.997704	0.760267	0.997703	0.760267	0.997702	0.760267	0.997700	0.760267	0.997699	0.760267	0.997698	0.760267	0.997696	1350064338.761587	0.999999	50.787722	37.585378	1.587221	0.884908	0.999464	0.884908	0.999463	0.884908	0.999463	0.884908	0.999462	0.884908	0.999462	0.884908	0.999461	0.884589	0.004286	0.887350	0.000473	
1350064339.761517	1.000000	50.848083	37.533005	3.789398	0.760250	0.997700	0.760250	0.997698	0.760250	0.997697	0.760250	0.997696	0.760250	0.997694	0.760250	0.997693	0.760250	0.997692	0.760250	0.997690	1350064339.761595	1.000008	50.787018	37.584839	1.585940	0.885146	0.999447	0.885146	0.999447	0.885146	0.999446	0.885146	0.999446	0.885146	0.999446	0.885146	0.999445	0.884983	0.004142	0.884749	0.000510	
1350064340.761517	1.000000	50.842529	37.525497	3.804993	0.760456	0.997750	0.760456	0.997748	0.760456	0.997746	0.760457	0.997746	0.760457	0.997744	0.760457	0.997742	0.760457	0.997741	0.760458	0.997741	1350064340.761584	0.999989	50.737449	37.549148	1.585528	0.884554	0.999485	0.884554	0.999484	0.884554	0.999483	0.884554	0.999484	0.884554	0.999483	0.884554	0.999483	0.885151	0.004777	0.882422	0.000419	
1350064341.761523	1.000006	50.848131	37.530065	3.797081	0.760333	0.997709	0.760333	0.997706	0.760333	0.997704	0.760332	0.997703	0.760332	0.997702	0.760332	0.997701	0.760332	0.997700	0.760331	0.997699	1350064341.761593	1.000009	50.838101	37.622706	1.587495	0.884933	0.999442	0.884933	0.999442	0.884933	0.999441	0.884933	0.999440	0.884933	0.999440	0.884933	0.999439	0.885428	0.003798	0.882676	0.000625	
1350064342.761517	0.999994	50.843107	37.525981	3.800636	0.760274	0.997729	0.760275	0.997729	0.760275	0.997726	0.760275	0.997726	0.760276	0.997724	0.760276	0.997722	0.760276	0.997722	0.760277	0.997720	1350064342.761590	0.999997	50.787374	37.585886	1.585805	0.885016	0.999372	0.885016	0.999371	0.885016	0.999371	0.885016	0.999370	0.885016	0.999370	0.885016	0.999369	0.885893	0.004328	0.884643	0.000413	
1350064343.761517	1.000000	50.848083	37.527847	3.797241	0.760153	0.997687	0.760153	0.997686	0.760152	0.997684	0.760152	0.997683	0.760152	0.997680	0.760152	0.997679	0.760151	0.997678	0.760151	0.997677	1350064343.761598	1.000008	50.734803	37.546296	1.580401	0.884680	0.999403	0.884680	0.999403	0.884680	0.999402	0.884680	0.999401	0.884680	0.999401	0.884680	0.999401	0.885439	0.004675	0.884707	0.000536	
1350064344.761517	1.000000	50.847137	37.524872	3.792587	0.759991	0.997564	0.759991	0.997563	0.759992	0.997562	0.759991	0.997561	0.759992	0.997559	0.759992	0.997558	0.759992	0.997556	0.759991	0.997554	1350064344.761595	0.999997	50.786443	37.583292	1.588689	0.885183	0.999028	0.885182	0.999026	0.885182	0.999026	0.885182	0.999025	0.885182	0.999024	0.885182	0.999024	0.854812	0.006288	0.841032	0.003689	
1350064345.761517	1.000000	50.843445	37.522507	3.793320	0.759712	0.997553	0.759712	0.997550	0.759713	0.997548	0.759713	0.997548	0.759713	0.997546	0.759713	0.997544	0.759713	0.997542	0.759714	0.997541	1350064345.761585	0.999990	50.792440	37.589060	1.587464	0.884450	0.999394	0.884450	0.999393	0.884450	0.999392	0.884450	0.999392	0.884450	0.999392	0.884450	0.999391	0.884717	0.001658	0.884518	0.003371	
1350064346.761523	1.000006	50.848131	37.526067	3.804848	0.759800	0.997589	0.759800	0.997588	0.759800	0.997586	0.759800	0.997584	0.759799	0.997583	0.759799	0.997582	0.759799	0.997579	0.759799	0.997578	1350064346.761599	1.000014	50.788318	37.585943	1.581536	0.884570	0.999281	0.884570	0.999280	0.884570	0.999280	0.884570	0.999279	0.884570	0.999278	0.884570	0.999278	0.885961	0.001711	0.883906	0.002489	
1350064347.761517	0.999994	50.845976	37.525858	3.804741	0.760459	0.997764	0.760458	0.997763	0.760458	0.997762	0.760458	0.997760	0.760459	0.997759	0.760458	0.997759	0.760458	0.997758	0.760458	0.997755	1350064347.761600	1.000001	50.787427	37.584803	1.579359	0.884417	0.999400	0.884417	0.999400	0.884417	0.999400	0.884417	0.999400	0.884417	0.999399	0.884417	0.999399	0.885129	0.001648	0.885425	0.003272	
1350064348.761517	1.000000	50.844894	37.522873	3.793152	0.759966	0.997639	0.759967	0.997636	0.759967	0.997634	0.759967	0.997633	0.759967	0.997630	0.759968	0.997628	0.759968	0.997627	0.759968	0.997626	1350064348.761587	0.999987	50.793436	37.591298	1.578176	0.883751	0.999531	0.883751	0.999530	0.883751	0.999530	0.883751	0.999530	0.883751	0.999529	0.883751	0.999529	0.884474	0.004968	0.884183	0.001711	
1350064349.761517	1.000000	50.845764	37.524796	3.774124	0.759901	0.997595	0.759901	0.997594	0.759900	0.997592	0.759900	0.997592	0.759901	0.997589	0.759900	0.997588	0.759901	0.997587	0.759901	0.997586	1350064349.761587	1.000000	50.775436	37.571823	1.583038	0.903253	0.997954	0.903253	0.997953	0.903254	0.997951	0.903254	0.997950	0.903254	0.997948	0.903254	0.997946	0.905777	0.005305	0.898288	0.000629	
1350064350.761517	1.000000	50.845734	37.524155	3.785675	0.759903	0.997625	0.759903	0.997623	0.759904	0.997622	0.759903	0.997621	0.759903	0.997618	0.759904	0.997618	0.759904	0.997616	0.759904	0.997614	1350064350.761598	1.000011	50.775765	37.566681	1.587339	0.912306	0.997532	0.912306	0.997530	0.912306	0.997526	0.912306	0.997524	0.912306	0.997523	0.912306	0.997521	0.913329	0.003977	0.911610	0.000389	
1350064351.761517	1.000000	50.795410	37.487701	3.789108	0.759677	0.997519	0.759677	0.997516	0.759677	0.997515	0.759678	0.997514	0.759678	0.997512	0.759677	0.997511	0.759678	0.997510	0.759677	0.997507	1350064351.761586	0.999988	50.774913	37.563695	1.580127	0.911320	0.997362	0.911320	0.997359	0.911320	0.997358	0.911320	0.997355	0.911320	0.997353	0.911320	0.997350	0.911910	0.005380	0.916583	0.000421	
1350064352.761517	1.000000	50.835770	37.552689	3.785217	0.769537	0.996868	0.769537	0.996866	0.769538	0.996864	0.769538	0.996862	0.769538	0.996861	0.769538	0.996858	0.769538	0.996857	0.769538	0.996854	1350064352.761584	0.999998	50.778783	37.566356	1.584598	0.910538	0.997144	0.910538	0.997142	0.910538	0.997138	0.910538	0.997136	0.910537	0.997135	0.910538	0.997133	0.911302	0.006945	0.916473	0.000366	
1350064353.761517	1.000000	50.848953	37.487061	3.793167	0.765955	0.996897	0.765955	0.996896	0.765954	0.996893	0.765954	0.996891	0.765953	0.996889	0.765953	0.996888	0.765953	0.996887	0.765952	0.996885	1350064353.761595	1.000011	50.784157	37.570023	1.584333	0.891576	0.998754	0.891576	0.998752	0.891576	0.998752	0.891576	0.998751	0.891576	0.998750	0.891576	0.998749	0.895415	0.005479	0.894384	0.000648	
1350064354.761517	1.000000	50.843048	37.518478	3.785553	0.759659	0.997542	0.759660	0.997540	0.759660	0.997539	0.759660	0.997536	0.759661	0.997534	0.759661	0.997533	0.759661	0.997531	0.759662	0.997531	1350064354.761584	0.999989	50.741233	37.543258	1.586275	0.884497	0.999575	0.884497	0.999575	0.884497	0.999574	0.884497	0.999574	0.884497	0.999574	0.884497	0.999574	0.885156	0.003304	0.885651	0.001537	
1350064355.761517	1.000000	50.847733	37.526001	3.804916	0.759107	0.997422	0.759107	0.997421	0.759106	0.997418	0.759106	0.997419	0.759106	0.997416	0.759106	0.997414	0.759106	0.997413	0.759105	0.997413	1350064355.761591	1.000007	50.790664	37.579803	1.581669	0.883989	0.999506	0.883989	0.999505	0.883989	0.999505	0.883990	0.999505	0.883989	0.999505	0.883990	0.999504	0.884428	0.005461	0.883456	0.000628	
1350064356.761522	1.000005	50.835256	37.511378	3.804180	0.762332	0.997258	0.762333	0.997256	0.762333	0.997255	0.759002	0.932163	0.762337	0.997251	0.762338	0.997251	0.762338	0.997249	0.762339	0.997248	1350064356.761619	1.000028	50.798479	37.587910	1.584657	0.879682	0.999286	0.879682	0.999285	0.879682	0.999285	0.879681	0.999284	0.879681	0.999284	0.879681	0.999283	0.825703	0.071116	0.860062	0.001005	
1350064357.761517	0.999995	50.821025	37.493077	3.796802	0.811983	0.996853	0.811983	0.996852	0.811983	0.996852	0.812657	0.002429	0.811981	0.996850	0.811981	0.996848	0.811980	0.996846	0.811981	0.996844	1350064357.761608	0.999989	50.814980	37.603272	1.584719	0.819654	0.995773	0.819654	0.995769	0.819654	0.995766	0.819654	0.995764	0.819655	0.995762	0.819655	0.995758	0.819655	0.995754	0.820960	0.005961	
1350064358.761517	1.000000	50.819778	37.491562	3.797241	0.810967	0.997350	0.810967	0.997347	0.810967	0.997346	0.811764	0.006360	0.810967	0.997345	0.810967	0.997344	0.810967	0.997341	0.810966	0.997339	1350064358.761618	1.000010	50.814036	37.605001	1.589095	0.820975	0.995855	0.820975	0.995851	0.820975	0.995849	0.820975	0.995845	0.820974	0.995830	0.820975	0.995831	0.820975	0.995828	0.817863	0.002467	
1350064359.761517	1.000000	50.820908	37.489899	3.778168	0.812137	0.996688	0.812137	0.996686	0.812137	0.996683	0.812857	0.002162	0.812137	0.996682	0.812137	0.996680	0.812137	0.996679	0.812137	0.996677	1350064359.761622	1.000004	50.817833	37.612198	1.592889	0.819048	0.995784	0.819048	0.995782	0.819048	0.995779	0.819048	0.995775	0.819048	0.995785	0.819048	0.995782	0.819048	0.995779	0.818257	0.004060	
1350064360.761517	1.000000	50.818878	37.488861	3.789307	0.812643	0.996361	0.812643	0.996359	0.812643	0.996355	0.810976	0.001236	0.812643	0.996355	0.812643	0.996352	0.812643	0.996351	0.812643	0.996349	1350064360.761623	1.000001	50.816373	37.607890	1.580870	0.818676	0.995862	0.818676	0.995860	0.818676	0.995858	0.818676	0.995854	0.818676	0.995851	0.818676	0.995848	0.818676	0.995845	0.820469	0.006467	
1350064361.761517	1.000000	50.819778	37.487549	3.785706	0.812669	0.996415	0.812669	0.996410	0.812669	0.996408	0.812453	0.001175	0.812669	0.996408	0.812669	0.996404	0.812669	0.996402	0.812669	0.996400	1350064361.761623	1.000000	50.817780	37.611313	1.588608	0.819709	0.995838	0.819709	0.995833	0.819709	0.995830	0.819708	0.995827	0.819709	0.995825	0.819709	0.995822	0.819708	0.995819	0.820628	0.003431	
1350064362.761517	1.000000	50.819580	37.485886	3.789734	0.811905	0.996742	0.811904	0.996740	0.811904	0.996737	0.812309	0.003589	0.811905	0.996736	0.811904	0.996735	0.811904	0.996731	0.811904	0.996730	1350064362.761619	0.999996	50.813911	37.607483	1.584830	0.819927	0.995744	0.819927	0.995740	0.819927	0.995735	0.819927	0.995734	0.819927	0.995730	0.819927	0.995727	0.819927	0.995724	0.820908	0.002616	
1350064363.761517	1.000000	50.819641	37.484894	3.785599	0.810779	0.997090	0.810779	0.997089	0.810779	0.997088	0.811482	0.006137	0.810779	0.997088	0.810779	0.997087	0.810779	0.997083	0.810779	0.997083	1350064363.761625	1.000006	50.815783	37.609548	1.590017	0.819682	0.995789	0.819682	0.995786	0.819682	0.995783	0.819682	0.995780	0.819682	0.995776	0.819682	0.995774	0.819682	0.995772	0.817419	0.002681	
1350064364.761517	1.000000	50.821472	37.487473	3.770081	0.811531	0.996823	0.811531	0.996821	0.811531	0.996820	0.807380	0.005718	0.811531	0.996818	0.811531	0.996816	0.811531	0.996813	0.811531	0.996813	1350064364.761617	0.999992	50.818268	37.612564	1.585401	0.818535	0.995886	0.818535	0.995883	0.818535	0.995880	0.818535	0.995877	0.818535	0.995874	0.818535	0.995872	0.818535	0.995869	0.817702	0.004710	
1350064365.761517	1.000000	50.817581	37.483017	3.785599	0.810737	0.997282	0.810737	0.997279	0.810737	0.997277	0.811906	0.005709	0.810737	0.997277	0.810737	0.997275	0.810737	0.997275	0.810737	0.997272	1350064365.761624	1.000007	50.766647	37.574539	1.589863	0.819826	0.995803	0.819826	0.995804	0.819826	0.995797	0.819826	0.995794	0.819826	0.995791	0.819826	0.995788	0.819826	0.995786	0.820092	0.002514	
1350064366.761517	1.000000	50.823730	37.490585	3.789612	0.812266	0.996530	0.812266	0.996529	0.812266	0.996526	0.810776	0.001715	0.812266	0.996526	0.812266	0.996524	0.812266	0.996521	0.812266	0.996520	1350064366.761614	0.999990	50.815832	37.610057	1.587784	0.818890	0.995808	0.818890	0.995806	0.818890	0.995804	0.818890	0.995798	0.818890	0.995798	0.818890	0.995796	0.818890	0.995796	0.820025	0.004126	
1350064367.761517	1.000000	50.818695	37.483170	3.793396	0.811345	0.996917	0.811345	0.996915	0.811345	0.996912	0.811165	0.004483	0.811345	0.996912	0.811345	0.996909	0.811345	0.996908	0.811345	0.996906	1350064367.761624	1.000010	50.818507	37.610448	1.592773	0.819523	0.995741	0.819522	0.995740	0.819522	0.995736	0.819522	0.995732	0.819523	0.995731	0.819522	0.995727	0.819522	0.995723	0.820829	0.004016	
1350064368.761517	1.000000	50.770416	37.448318	3.758789	0.811993	0.996916	0.811993	0.996914	0.811993	0.996912	0.812772	0.002839	0.811993	0.996912	0.811993	0.996910	0.811993	0.996908	0.811993	0.996906	1350064368.761615	0.999991	50.815844	37.607000	1.587493	0.819006	0.995929	0.819006	0.995926	0.819006	0.995924	0.819006	0.995921	0.819006	0.995918	0.819006	0.995915	0.819006	0.995911	0.818168	0.005292	
1350064369.761517	1.000000	50.817612	37.479080	3.788895	0.810804	0.996775	0.810804	0.996771	0.810804	0.996769	0.807366	0.007797	0.810804	0.996769	0.810804	0.996767	0.810804	0.996763	0.810804	0.996762	1350064369.761622	1.000007	50.815780	37.606368	1.584858	0.820181	0.995745	0.820181	0.995742	0.820181	0.995738	0.820181	0.995736	0.820181	0.995734	0.820181	0.995732	0.820181	0.995730	0.802087	0.006871	
1350064370.761517	1.000000	50.820694	37.485123	3.793884	0.812458	0.996368	0.812458	0.996366	0.812458	0.996363	0.811465	0.001142	0.812458	0.996363	0.812458	0.996360	0.812458	0.996358	0.812458	0.996355	1350064370.761619	0.999997	50.815099	37.603541	1.586965	0.821060	0.995690	0.821060	0.995688	0.821060	0.995686	0.821060	0.995680	0.821060	0.995679	0.821060	0.995675	0.821060	0.995673	0.820762	0.003071	
1350064371.761523	1.000006	50.819765	37.484228	3.785973	0.812217	0.996590	0.812217	0.996588	0.812217	0.996586	0.811644	0.002320	0.812217	0.996584	0.812217	0.996581	0.812217	0.996578	0.812217	0.996578	1350064371.761624	1.000005	50.818059	37.605128	1.588539	0.820625	0.995784	0.820625	0.995780	0.820625	0.995777	0.820624	0.995772	0.820624	0.995771	0.820624	0.995767	0.820624	0.995766	0.821090	0.004154	
1350064372.761517	0.999994	50.820814	37.485178	3.763282	0.812087	0.996714	0.812087	0.996712	0.812087	0.996710	0.810197	0.002945	0.812087	0.996710	0.812087	0.996707	0.812086	0.996704	0.812086	0.996702	1350064372.761621	0.999997	50.810063	37.596461	1.584447	0.824950	0.996060	0.824950	0.996058	0.824950	0.996055	0.824950	0.996052	0.824950	0.996049	0.824950	0.996047	0.824950	0.996044	0.821492	0.002817	
1350064373.761517	1.000000	50.815445	37.476746	3.789291	0.817918	0.996730	0.817918	0.996729	0.817918	0.996725	0.820218	0.001052	0.817920	0.996724	0.817920	0.996723	0.817920	0.996721	0.817921	0.996719	1350064373.761620	0.999999	50.801745	37.586111	1.582841	0.847802	0.998264	0.847802	0.998264	0.847802	0.998263	0.847802	0.998261	0.847802	0.998260	0.847802	0.998260	0.847802	0.998259	0.848206	0.005792	
1350064374.761517	1.000000	50.805725	37.461990	3.789719	0.839508	0.998237	0.839507	0.998234	0.839507	0.998233	0.819180	0.003306	0.839506	0.998232	0.839505	0.998232	0.839506	0.998230	0.839505	0.998230	1350064374.761612	0.999992	50.806488	37.591064	1.584058	0.850296	0.996922	0.850296	0.996920	0.850296	0.996917	0.850296	0.996916	0.850296	0.996914	0.850296	0.996911	0.850296	0.996909	0.851578	0.005825	
1350064375.761526	1.000009	715770816.833473	715796845.886486	715817812.875497	0.999988	1.000205	0.999986	1.000208	0.999996	1.000205	0.999988	1.000205	0.999988	1.000208	0.999991	1.000203	0.999988	1.000208	0.999988	1.000205	1350064375.761642	1.000030	715799961.867890	715755352.300890	715763209.389977	0.999988	1.000204	0.999986	1.000207	3.893140	0.256914	0.999988	1.000205	0.999988	1.000207	0.999991	1.000203	0.999988	1.000208	0.999988	1.000206	
1350064376.761518	0.999992	0.000000	0.000000	0.000000	-nan	-nan	-nan	-nan	8.000000	inf	-nan	-nan	-nan	0.000000	-nan	-nan	-nan	-nan	-nan	-nan	1350064376.761613	0.999971	0.000000	0.000000	0.000000	-nan	-nan	-nan	-nan	0.000000	inf	-nan	-nan	-nan	-nan	-nan	-nan	-nan	-nan	-nan	-nan	
