ts_0	elapsed_0	pkg_0	pp0_0	dram_0	freq_ratio_0_0	c0_ratio_0_0	freq_ratio_0_1	c0_ratio_0_1	freq_ratio_0_2	c0_ratio_0_2	freq_ratio_0_3	c0_ratio_0_3	freq_ratio_0_4	c0_ratio_0_4	freq_ratio_0_5	c0_ratio_0_5	freq_ratio_0_6	c0_ratio_0_6	freq_ratio_0_7	c0_ratio_0_7	ts_1	elapsed_1	pkg_1	pp0_1	dram_1	freq_ratio_1_0	c0_ratio_1_0	freq_ratio_1_1	c0_ratio_1_1	freq_ratio_1_2	c0_ratio_1_2	freq_ratio_1_3	c0_ratio_1_3	freq_ratio_1_4	c0_ratio_1_4	freq_ratio_1_5	c0_ratio_1_5	freq_ratio_1_6	c0_ratio_1_6	freq_ratio_1_7	c0_ratio_1_7	
1350064331.761815	1.000159	53.425418	40.206070	6.120410	0.782927	0.997138	0.782926	0.997136	0.782925	0.997133	0.782925	0.997131	0.782924	0.997130	0.782923	0.997127	0.782922	0.997126	0.782921	0.997124	1350064331.761869	1.000165	53.803486	40.647957	1.966656	0.910689	0.997896	0.910689	0.997895	0.910688	0.997894	0.910687	0.997891	0.910687	0.997882	0.910686	0.997888	0.935167	0.005055	0.978442	0.000109	
1350064332.761811	0.999996	50.846886	37.620392	6.133753	0.755641	0.996830	0.755641	0.996829	0.755641	0.996827	0.755641	0.996825	0.755641	0.996821	0.755641	0.996818	0.755642	0.996817	0.755642	0.996815	1350064332.761857	0.999988	50.795100	37.625784	1.635197	0.871234	0.996956	0.871234	0.996954	0.871234	0.996951	0.871234	0.996948	0.871234	0.996953	0.871234	0.996944	0.870946	0.003191	0.867948	0.000116	
1350064333.761811	1.000000	50.846008	37.623871	6.096649	0.755686	0.996784	0.755686	0.996781	0.755686	0.996766	0.755686	0.996764	0.755686	0.996762	0.755686	0.996763	0.755686	0.996759	0.755686	0.996757	1350064333.761872	1.000015	50.794159	37.616989	1.625540	0.870828	0.996899	0.870828	0.996896	0.870828	0.996892	0.870828	0.996891	0.870828	0.996887	0.870828	0.996885	0.874450	0.002843	0.850033	0.000059	
1350064334.761811	1.000000	50.850052	37.632629	6.084412	0.755841	0.996735	0.755841	0.996731	0.755841	0.996742	0.755841	0.996741	0.755841	0.996739	0.755840	0.996738	0.755840	0.996736	0.755840	0.996735	1350064334.761859	0.999987	50.797434	37.615697	1.643622	0.871417	0.997015	0.871417	0.997014	0.871417	0.997011	0.871416	0.997009	0.871416	0.997006	0.871416	0.997003	0.873105	0.002996	0.875551	0.000240	
1350064335.761811	1.000000	50.846176	37.631775	6.109070	0.755121	0.996680	0.755121	0.996678	0.755121	0.996675	0.755121	0.996673	0.755121	0.996671	0.755121	0.996668	0.755122	0.996665	0.755122	0.996665	1350064335.761857	0.999998	50.791631	37.609477	1.580035	0.871944	0.997097	0.871945	0.997095	0.871945	0.997093	0.871945	0.997091	0.871945	0.997088	0.871946	0.997087	0.873932	0.002947	0.849390	0.000053	
1350064336.761811	1.000000	50.846390	37.630768	6.109070	0.755058	0.996668	0.755058	0.996667	0.755058	0.996665	0.755058	0.996662	0.755058	0.996659	0.755058	0.996659	0.755058	0.996656	0.755057	0.996655	1350064336.761856	0.999999	50.792346	37.607519	1.640703	0.872303	0.997178	0.872302	0.997175	0.872303	0.997172	0.872302	0.997170	0.872302	0.997169	0.872303	0.997168	0.873486	0.002903	0.864230	0.000105	
1350064337.761811	1.000000	50.850739	37.639572	6.109070	0.755037	0.996493	0.755037	0.996490	0.755037	0.996488	0.755037	0.996488	0.755036	0.996486	0.755036	0.996484	0.755036	0.996483	0.755036	0.996480	1350064337.761861	1.000005	50.795751	37.611537	1.586052	0.873058	0.997340	0.873058	0.997337	0.873058	0.997336	0.873058	0.997334	0.873057	0.997332	0.873057	0.997331	0.875940	0.002893	0.853258	0.000039	
1350064338.761811	1.000000	50.820724	37.604416	6.096710	0.795296	0.998669	0.754687	0.240334	0.795297	0.998669	0.795297	0.998668	0.795298	0.998666	0.795298	0.998665	0.795298	0.998664	0.795299	0.998662	1350064338.761878	1.000017	50.818125	37.634586	1.700548	0.824327	0.998212	0.824327	0.998211	0.824327	0.998209	0.824326	0.998207	0.824326	0.998206	0.824326	0.998205	0.809080	0.760433	0.809939	0.002488	
1350064339.761811	1.000000	50.822296	37.610382	6.096741	0.808423	0.999255	0.812460	0.000354	0.808422	0.999256	0.808422	0.999255	0.808422	0.999254	0.808422	0.999253	0.808422	0.999253	0.808423	0.999253	1350064339.761879	1.000001	50.825040	37.640391	1.640837	0.809004	0.998672	0.809004	0.998671	0.809004	0.998670	0.809004	0.998669	0.809004	0.998668	0.809004	0.998666	0.809004	0.998665	0.809376	0.003079	
1350064340.761812	1.000001	50.770261	37.570597	6.089289	0.807986	0.999416	0.788761	0.005364	0.807987	0.999416	0.807987	0.999416	0.807986	0.999416	0.807987	0.999415	0.807986	0.999415	0.807986	0.999415	1350064340.761884	1.000005	50.770116	37.598872	1.652946	0.808571	0.998852	0.808571	0.998851	0.808571	0.998850	0.808571	0.998849	0.808571	0.998849	0.808571	0.998848	0.808571	0.998847	0.789000	0.006971	
1350064341.761811	0.999999	50.823214	37.618673	6.121405	0.808326	0.999373	0.807632	0.000377	0.808326	0.999374	0.808326	0.999374	0.808326	0.999373	0.808326	0.999373	0.808326	0.999372	0.808325	0.999372	1350064341.761881	0.999997	50.825093	37.640116	1.651052	0.808692	0.998875	0.808691	0.998874	0.808692	0.998873	0.808692	0.998872	0.808692	0.998871	0.808692	0.998870	0.808691	0.998870	0.808949	0.003014	
1350064342.761811	1.000000	50.822205	37.616852	6.115234	0.808007	0.999674	0.807756	0.000367	0.808007	0.999674	0.808007	0.999674	0.808007	0.999673	0.808007	0.999673	0.808007	0.999673	0.808007	0.999673	1350064342.761879	0.999998	50.821539	37.637050	1.651431	0.808545	0.999002	0.808546	0.999002	0.808545	0.999001	0.808545	0.999000	0.808545	0.999000	0.808545	0.998998	0.808546	0.998998	0.807667	0.003213	
1350064343.761811	1.000000	50.824371	37.619583	6.121399	0.808175	0.999513	0.807653	0.000362	0.808175	0.999514	0.808175	0.999513	0.808175	0.999513	0.808175	0.999513	0.808175	0.999512	0.808175	0.999512	1350064343.761886	1.000007	50.822448	37.639083	1.600911	0.808574	0.998994	0.808574	0.998994	0.808574	0.998993	0.808574	0.998991	0.808574	0.998990	0.808574	0.998991	0.808574	0.998989	0.808583	0.003085	
1350064344.761810	0.999999	50.822909	37.619222	6.109076	0.807654	0.999559	0.804284	0.000405	0.807654	0.999559	0.807654	0.999559	0.807654	0.999559	0.807654	0.999558	0.807654	0.999558	0.807654	0.999558	1350064344.761879	0.999993	50.823227	37.640412	1.656948	0.808893	0.998791	0.808893	0.998789	0.808893	0.998789	0.808893	0.998788	0.808893	0.998787	0.808893	0.998786	0.808893	0.998785	0.808727	0.003130	
1350064345.761811	1.000001	50.821561	37.617731	6.096735	0.808268	0.999281	0.806748	0.000801	0.808268	0.999280	0.808268	0.999280	0.808268	0.999280	0.808268	0.999279	0.808268	0.999279	0.808268	0.999278	1350064345.761882	1.000003	50.822322	37.639105	1.602168	0.809142	0.998465	0.809142	0.998465	0.809142	0.998463	0.809142	0.998461	0.809142	0.998460	0.809142	0.998461	0.809142	0.998459	0.809538	0.003031	
1350064346.761810	0.999999	50.822940	37.619405	6.102911	0.808118	0.999531	0.807749	0.000393	0.808118	0.999531	0.808118	0.999531	0.808118	0.999530	0.808118	0.999531	0.808118	0.999530	0.808118	0.999530	1350064346.761880	0.999998	50.821493	37.637798	1.624164	0.808919	0.998767	0.808919	0.998767	0.808919	0.998766	0.808919	0.998764	0.808919	0.998764	0.808919	0.998763	0.808919	0.998762	0.809078	0.003133	
1350064347.761811	1.000001	50.822904	37.619730	6.127558	0.808056	0.999511	0.807675	0.000344	0.808056	0.999511	0.808056	0.999511	0.808056	0.999510	0.808056	0.999510	0.808056	0.999510	0.808056	0.999509	1350064347.761881	1.000001	50.823346	37.640299	1.604399	0.808974	0.998673	0.808974	0.998671	0.808974	0.998670	0.808974	0.998669	0.808974	0.998668	0.808974	0.998668	0.808974	0.998668	0.808509	0.002935	
1350064348.761810	0.999999	50.821856	37.616857	6.096747	0.808160	0.999326	0.798519	0.002840	0.808160	0.999325	0.808160	0.999326	0.808158	0.999325	0.808160	0.999324	0.808160	0.999324	0.808160	0.999323	1350064348.761881	1.000000	50.821716	37.637283	1.655350	0.808979	0.998702	0.808980	0.998702	0.808980	0.998700	0.808979	0.998700	0.808979	0.998699	0.808979	0.998698	0.808979	0.998698	0.808439	0.003112	
1350064349.761811	1.000001	50.822889	37.616846	6.127558	0.808837	0.998789	0.807709	0.000387	0.808837	0.998788	0.808837	0.998786	0.808838	0.998786	0.808837	0.998785	0.808837	0.998784	0.808837	0.998784	1350064349.761882	1.000001	50.770917	37.600291	1.613036	0.808988	0.998677	0.808988	0.998671	0.808988	0.998675	0.808988	0.998673	0.808988	0.998672	0.808988	0.998672	0.808988	0.998671	0.809742	0.003042	
1350064350.761810	0.999999	50.822848	37.617803	6.102911	0.808342	0.998998	0.804018	0.001197	0.808342	0.998996	0.808342	0.998997	0.808342	0.998996	0.808342	0.998994	0.808342	0.998994	0.808342	0.998993	1350064350.761897	1.000015	50.816620	37.637008	1.645712	0.816741	0.997675	0.816741	0.997680	0.816741	0.997672	0.816741	0.997671	0.816741	0.997669	0.816741	0.997666	0.816741	0.997664	0.815454	0.003087	
1350064351.761811	1.000001	50.819043	37.614161	6.096735	0.814926	0.998661	0.813619	0.000495	0.814927	0.998660	0.814927	0.998658	0.814927	0.998658	0.814927	0.998645	0.814927	0.998645	0.814927	0.998645	1350064351.761891	0.999994	50.810438	37.648738	1.621454	0.831004	0.996704	0.831004	0.996699	0.831004	0.996698	0.831005	0.996696	0.831005	0.996693	0.831005	0.996691	0.831005	0.996688	0.829758	0.002668	
1350064352.761810	0.999999	50.759341	37.563329	6.096686	0.834661	0.997212	0.841952	0.000557	0.834659	0.997209	0.834659	0.997206	0.834659	0.997204	0.834659	0.997214	0.834659	0.997213	0.834659	0.997211	1350064352.761880	0.999989	50.813515	37.654878	1.607760	0.833761	0.997171	0.833761	0.997169	0.833761	0.997166	0.833761	0.997166	0.833761	0.997164	0.833761	0.997162	0.833761	0.997160	0.828947	0.002469	
1350064353.761811	1.000001	50.820401	37.607783	6.121393	0.816822	0.997825	0.816067	0.000369	0.816822	0.997825	0.816822	0.997824	0.816822	0.997821	0.816822	0.997820	0.816822	0.997819	0.816822	0.997818	1350064353.761883	1.000003	50.819224	37.653555	1.601817	0.815692	0.998444	0.815687	0.998442	0.815691	0.998442	0.815691	0.998440	0.815691	0.998440	0.815690	0.998437	0.815691	0.998426	0.815721	0.002645	
1350064354.761810	0.999999	50.820712	37.611715	6.096747	0.809269	0.998347	0.809976	0.000367	0.809269	0.998346	0.809269	0.998346	0.809269	0.998344	0.809269	0.998342	0.809269	0.998343	0.809269	0.998341	1350064354.761881	0.999998	50.824926	37.652644	1.598544	0.808632	0.999043	0.808636	0.999043	0.808632	0.999041	0.808632	0.999041	0.808632	0.999040	0.808632	0.999039	0.808632	0.999051	0.807949	0.003122	
1350064355.761811	1.000001	50.822950	37.612437	6.109064	0.809560	0.997950	0.807716	0.000856	0.809560	0.997950	0.809560	0.997949	0.809560	0.997948	0.809560	0.997947	0.809560	0.997945	0.809560	0.997944	1350064355.761882	1.000001	50.820844	37.651163	1.603957	0.808861	0.998837	0.808861	0.998836	0.808861	0.998834	0.808861	0.998834	0.808861	0.998834	0.808861	0.998832	0.808861	0.998831	0.807976	0.002881	
1350064356.761810	0.999999	50.818927	37.608129	6.115240	0.809318	0.998055	0.800732	0.002108	0.809319	0.998056	0.809320	0.998054	0.809320	0.998053	0.809320	0.998052	0.809320	0.998051	0.809320	0.998050	1350064356.761878	0.999996	50.825371	37.651764	1.613120	0.808782	0.998768	0.808782	0.998767	0.808782	0.998765	0.808782	0.998765	0.808782	0.998764	0.808782	0.998764	0.808782	0.998762	0.809303	0.003137	
1350064357.761811	1.000001	50.822232	37.609522	6.121393	0.809690	0.997934	0.814655	0.000384	0.809689	0.997934	0.809689	0.997933	0.809689	0.997933	0.809689	0.997931	0.809688	0.997930	0.809688	0.997928	1350064357.761880	1.000002	50.769770	37.615300	1.608350	0.808721	0.998928	0.808721	0.998926	0.808721	0.998926	0.808721	0.998925	0.808721	0.998924	0.808722	0.998923	0.808721	0.998922	0.808829	0.003099	
1350064358.761810	0.999999	50.823321	37.613760	6.102911	0.809245	0.998104	0.795580	0.002770	0.809245	0.998103	0.809245	0.998102	0.809245	0.998100	0.809245	0.998100	0.809245	0.998098	0.809245	0.998097	1350064358.761879	0.999999	50.821322	37.655630	1.615556	0.808781	0.998905	0.808782	0.998904	0.808782	0.998904	0.808782	0.998902	0.808782	0.998902	0.808782	0.998901	0.808781	0.998901	0.809540	0.003088	
1350064359.761811	1.000001	50.820829	37.610423	6.127558	0.809540	0.998092	0.813237	0.000390	0.809540	0.998091	0.809540	0.998091	0.809540	0.998090	0.809540	0.998089	0.809540	0.998087	0.809540	0.998087	1350064359.761880	1.000001	50.823758	37.653178	1.600935	0.808648	0.998858	0.808648	0.998857	0.808648	0.998856	0.808648	0.998856	0.808648	0.998854	0.808648	0.998855	0.808648	0.998853	0.808158	0.003009	
1350064360.761810	0.999999	50.818591	37.605077	6.109076	0.809619	0.997841	0.813726	0.000791	0.809619	0.997841	0.809619	0.997839	0.809619	0.997838	0.809619	0.997837	0.809619	0.997835	0.809619	0.997833	1350064360.761878	0.999998	50.822805	37.647884	1.596683	0.808573	0.999094	0.808573	0.999094	0.808574	0.999093	0.808573	0.999092	0.808573	0.999091	0.808573	0.999090	0.808573	0.999090	0.808411	0.003220	
1350064361.761811	1.000001	50.821134	37.607859	6.109064	0.809769	0.997817	0.810099	0.000410	0.809769	0.997815	0.809769	0.997813	0.809769	0.997813	0.809769	0.997811	0.809769	0.997809	0.809769	0.997808	1350064361.761882	1.000004	50.823997	37.650055	1.614389	0.808612	0.999049	0.808611	0.999048	0.808611	0.999048	0.808612	0.999047	0.808612	0.999047	0.808611	0.999048	0.808612	0.999046	0.807934	0.003051	
1350064362.761810	0.999999	50.821200	37.609579	6.109076	0.809999	0.997649	0.810073	0.000352	0.809999	0.997649	0.809999	0.997646	0.809999	0.997645	0.809999	0.997644	0.809999	0.997642	0.809999	0.997641	1350064362.761880	0.999998	50.822866	37.646495	1.628513	0.808523	0.999058	0.808524	0.999057	0.808524	0.999056	0.808523	0.999056	0.808523	0.999055	0.808524	0.999053	0.808524	0.999053	0.808640	0.003050	
1350064363.761811	1.000001	50.771726	37.571604	6.115229	0.810103	0.997509	0.809824	0.000368	0.810103	0.997508	0.810103	0.997507	0.810103	0.997505	0.810103	0.997503	0.810103	0.997502	0.810103	0.997501	1350064363.761881	1.000001	50.822736	37.652186	1.610777	0.808511	0.999138	0.808510	0.999138	0.808511	0.999138	0.808511	0.999137	0.808511	0.999136	0.808511	0.999136	0.808510	0.999135	0.808020	0.002884	
1350064364.761810	0.999999	50.819491	37.605260	6.072088	0.810029	0.997572	0.807786	0.000372	0.810030	0.997571	0.810029	0.997570	0.810030	0.997569	0.810030	0.997568	0.810030	0.997566	0.810029	0.997564	1350064364.761878	0.999997	50.823873	37.655344	1.641866	0.808521	0.999162	0.808521	0.999158	0.808521	0.999160	0.808521	0.999160	0.808521	0.999160	0.808521	0.999159	0.808521	0.999157	0.808533	0.002910	
1350064365.761812	1.000002	50.822016	37.606221	6.114414	0.809650	0.997637	0.786734	0.004827	0.809650	0.997635	0.809650	0.997634	0.809649	0.997631	0.809649	0.997630	0.809649	0.997627	0.809650	0.997626	1350064365.761885	1.000007	50.821655	37.649169	1.612263	0.808148	0.999023	0.808148	0.999026	0.808147	0.999022	0.808147	0.999021	0.808148	0.999021	0.808147	0.999020	0.808148	0.999019	0.787433	0.007350	
1350064366.761810	0.999998	50.821355	37.608348	6.127575	0.809680	0.997995	0.808825	0.000543	0.809680	0.997994	0.809680	0.997992	0.809680	0.997992	0.809680	0.997991	0.809680	0.997989	0.809679	0.997990	1350064366.761881	0.999996	50.771766	37.603027	1.690559	0.808118	0.999078	0.808118	0.999078	0.808118	0.999077	0.808118	0.999077	0.808118	0.999076	0.808118	0.999075	0.808118	0.999074	0.809753	0.002764	
1350064367.761811	1.000001	50.822019	37.611124	6.109064	0.809551	0.998073	0.812341	0.000558	0.809551	0.998073	0.809551	0.998071	0.809551	0.998069	0.809551	0.998070	0.809551	0.998068	0.809551	0.998066	1350064367.761881	1.000000	50.823349	37.647858	1.595367	0.808440	0.999259	0.808440	0.999258	0.808440	0.999258	0.808440	0.999257	0.808440	0.999257	0.808440	0.999257	0.808440	0.999256	0.808546	0.002728	
1350064368.761810	0.999999	50.820193	37.606771	6.109076	0.809532	0.997824	0.799141	0.002947	0.809532	0.997823	0.809532	0.997821	0.809532	0.997820	0.809532	0.997818	0.809532	0.997817	0.809532	0.997816	1350064368.761883	1.000002	50.825602	37.645848	1.668194	0.808312	0.999291	0.808313	0.999291	0.808313	0.999290	0.808312	0.999289	0.808313	0.999288	0.808313	0.999288	0.808313	0.999288	0.808323	0.002776	
1350064369.761811	1.000001	50.821942	37.607767	6.115229	0.809543	0.998092	0.813111	0.000531	0.809543	0.998092	0.809543	0.998090	0.809543	0.998090	0.809543	0.998089	0.809543	0.998087	0.809543	0.998086	1350064369.761880	0.999997	50.821599	37.639353	1.600743	0.808358	0.999198	0.808358	0.999198	0.808358	0.999197	0.808358	0.999196	0.808358	0.999195	0.808358	0.999195	0.808358	0.999194	0.808385	0.002763	
1350064370.761810	0.999999	50.822070	37.605444	6.127569	0.809405	0.998041	0.807334	0.000966	0.809405	0.998042	0.809405	0.998040	0.809405	0.998037	0.809405	0.998036	0.809405	0.998035	0.809405	0.998034	1350064370.761881	1.000001	50.821942	37.649561	1.613493	0.808530	0.999163	0.808530	0.999162	0.808530	0.999162	0.808530	0.999162	0.808530	0.999161	0.808530	0.999160	0.808530	0.999159	0.808305	0.002735	
1350064371.761811	1.000001	50.821592	37.603678	6.121393	0.809590	0.998046	0.810654	0.000596	0.809590	0.998046	0.809590	0.998044	0.809590	0.998043	0.809590	0.998040	0.809590	0.998040	0.809590	0.998039	1350064371.761887	1.000006	50.823077	37.650059	1.606787	0.808497	0.998953	0.808498	0.998952	0.808497	0.998951	0.808497	0.998950	0.808498	0.998949	0.808498	0.998949	0.808498	0.998949	0.809690	0.002668	
1350064372.761811	1.000000	50.821884	37.604996	6.109070	0.809597	0.998025	0.809284	0.000530	0.809597	0.998025	0.809597	0.998024	0.809597	0.998022	0.809597	0.998021	0.809597	0.998020	0.809597	0.998019	1350064372.761894	1.000007	50.823028	37.650023	1.613453	0.808557	0.999117	0.808556	0.999117	0.808557	0.999116	0.808557	0.999115	0.808557	0.999115	0.808556	0.999114	0.808556	0.999114	0.808533	0.002822	
1350064373.761811	1.000000	50.813889	37.596466	6.102905	0.820358	0.997572	0.815265	0.000507	0.820358	0.997570	0.820358	0.997568	0.820358	0.997568	0.820358	0.997565	0.820358	0.997564	0.820358	0.997561	1350064373.761883	0.999989	50.814690	37.637467	1.595553	0.818737	0.997624	0.818736	0.997621	0.818736	0.997618	0.818736	0.997618	0.818736	0.997615	0.818736	0.997615	0.818737	0.997613	0.816994	0.002472	
1350064374.761810	0.999999	50.763781	37.556432	6.115240	0.833780	0.996979	0.835987	0.000419	0.833780	0.996976	0.833780	0.996974	0.833780	0.996972	0.833780	0.996971	0.833780	0.996969	0.833780	0.996968	1350064374.761881	0.999998	50.810567	37.652461	1.613879	0.833184	0.997032	0.833184	0.997030	0.833180	0.997028	0.833184	0.997026	0.833184	0.997023	0.833184	0.997022	0.833184	0.997019	0.832782	0.002219	
1350064375.761819	1.000009	715778941.442620	715793827.590177	715782563.936473	0.999985	1.000183	0.999983	1.000189	0.999985	1.000194	0.999982	1.000171	0.999985	1.000188	0.999987	1.000180	0.999984	1.000184	0.999985	1.000186	1350064375.761932	1.000051	715773149.457100	715738223.017575	715758913.939995	0.999985	1.000186	0.999982	1.000185	3.893350	0.256894	0.999984	1.000182	0.999984	1.000183	0.999988	1.000184	0.999985	1.000188	0.999985	1.000183	
1350064376.761810	0.999991	0.000000	0.000000	0.000000	-nan	-nan	-nan	-nan	1.000008	inf	-nan	-nan	-nan	0.000000	-nan	-nan	-nan	-nan	-nan	-nan	1350064376.761886	0.999954	0.000000	0.000000	0.000000	-nan	-nan	-nan	-nan	1.345745	inf	-nan	-nan	-nan	-nan	-nan	-nan	-nan	-nan	-nan	-nan	
