ts_0	elapsed_0	pkg_0	pp0_0	dram_0	freq_ratio_0_0	c0_ratio_0_0	freq_ratio_0_1	c0_ratio_0_1	freq_ratio_0_2	c0_ratio_0_2	freq_ratio_0_3	c0_ratio_0_3	freq_ratio_0_4	c0_ratio_0_4	freq_ratio_0_5	c0_ratio_0_5	freq_ratio_0_6	c0_ratio_0_6	freq_ratio_0_7	c0_ratio_0_7	ts_1	elapsed_1	pkg_1	pp0_1	dram_1	freq_ratio_1_0	c0_ratio_1_0	freq_ratio_1_1	c0_ratio_1_1	freq_ratio_1_2	c0_ratio_1_2	freq_ratio_1_3	c0_ratio_1_3	freq_ratio_1_4	c0_ratio_1_4	freq_ratio_1_5	c0_ratio_1_5	freq_ratio_1_6	c0_ratio_1_6	freq_ratio_1_7	c0_ratio_1_7	
1350064331.765828	1.000180	53.425747	40.238896	6.107986	0.809165	0.996330	0.809164	0.996327	0.809163	0.996323	0.809163	0.996322	0.809162	0.996320	0.809161	0.996319	0.809161	0.996317	0.809160	0.996315	1350064331.765878	1.000181	53.773335	40.565886	2.900308	0.917615	0.998909	0.917615	0.998908	0.917615	0.998907	0.917613	0.998906	0.917613	0.998905	0.917612	0.998904	0.936768	0.004180	0.914577	0.000841	
1350064332.765820	0.999992	50.834641	37.639252	6.090626	0.779725	0.995999	0.779725	0.995996	0.779725	0.995993	0.779725	0.995991	0.779725	0.995990	0.779725	0.995987	0.779725	0.995985	0.779725	0.995983	1350064332.765873	0.999995	50.794627	37.579152	2.715071	0.879944	0.998409	0.879944	0.998408	0.879943	0.998406	0.879944	0.998405	0.879943	0.998404	0.879944	0.998404	0.880649	0.002480	0.883501	0.000917	
1350064333.765819	0.999999	50.836047	37.636663	6.133734	0.779411	0.995993	0.779411	0.995990	0.779411	0.995988	0.779411	0.995985	0.779411	0.995983	0.779411	0.995979	0.779411	0.995978	0.779411	0.995977	1350064333.765865	0.999992	50.787643	37.569167	2.705894	0.879345	0.998396	0.879344	0.998395	0.879346	0.998394	0.879345	0.998393	0.879346	0.998392	0.879345	0.998391	0.879798	0.002322	0.878473	0.000743	
1350064334.765813	0.999994	50.833204	37.630458	6.121435	0.779269	0.996031	0.779269	0.996029	0.779269	0.996026	0.779269	0.996024	0.779269	0.996020	0.779269	0.996018	0.779270	0.996017	0.779269	0.996014	1350064334.765857	0.999992	50.795807	37.578048	2.731727	0.879443	0.998349	0.879443	0.998347	0.879443	0.998346	0.879443	0.998344	0.879442	0.998343	0.879442	0.998343	0.878018	0.002423	0.882999	0.001039	
1350064335.765812	0.999999	50.836322	37.632620	6.121405	0.778915	0.996066	0.778915	0.996065	0.778915	0.996062	0.778915	0.996061	0.778915	0.996059	0.778915	0.996056	0.778915	0.996054	0.778915	0.996050	1350064335.765855	0.999998	50.790166	37.577480	2.696523	0.878762	0.998381	0.878762	0.998380	0.878762	0.998378	0.878762	0.998377	0.878762	0.998375	0.878762	0.998374	0.879819	0.002433	0.880567	0.000827	
1350064336.765820	1.000008	50.823181	37.617920	6.120159	0.794906	0.996382	0.779307	0.714980	0.794908	0.996379	0.794908	0.996376	0.794908	0.996374	0.794908	0.996372	0.794908	0.996371	0.794908	0.996369	1350064336.765889	1.000034	50.805153	37.600754	2.720717	0.859970	0.997971	0.859970	0.997969	0.859970	0.997968	0.859969	0.997965	0.859968	0.997965	0.859968	0.997963	0.814526	0.287833	0.826084	0.005096	
1350064337.765812	0.999992	50.812836	37.607208	6.121342	0.834217	0.997145	0.822126	0.003036	0.834217	0.997144	0.834217	0.997143	0.834217	0.997140	0.834217	0.997138	0.834217	0.997136	0.834217	0.997135	1350064337.765878	0.999989	50.818352	37.614060	2.707259	0.813795	0.996455	0.813795	0.996453	0.813795	0.996450	0.813796	0.996448	0.813795	0.996444	0.813795	0.996444	0.813795	0.996442	0.814238	0.003145	
1350064338.765818	1.000006	50.758609	37.567678	6.115198	0.834103	0.997051	0.831230	0.000473	0.834102	0.997051	0.834102	0.997048	0.834102	0.997047	0.834103	0.997045	0.834103	0.997043	0.834103	0.997041	1350064338.765886	1.000008	50.819168	37.611496	2.711938	0.813403	0.996483	0.813403	0.996482	0.813403	0.996479	0.813403	0.996477	0.813403	0.996474	0.813403	0.996472	0.813403	0.996469	0.812630	0.003243	
1350064339.765812	0.999994	50.816129	37.611125	6.109106	0.833686	0.997005	0.833300	0.000521	0.833685	0.997003	0.833685	0.997002	0.833682	0.996999	0.833684	0.996999	0.833684	0.996996	0.833684	0.996994	1350064339.765881	0.999995	50.822612	37.611913	2.712630	0.813272	0.996564	0.813271	0.996563	0.813271	0.996560	0.813271	0.996558	0.813271	0.996556	0.813271	0.996554	0.813271	0.996552	0.812974	0.003194	
1350064340.765812	1.000000	50.808838	37.604401	6.096741	0.832968	0.996894	0.835786	0.000852	0.832969	0.996893	0.832970	0.996891	0.832972	0.996890	0.832970	0.996889	0.832970	0.996884	0.832970	0.996884	1350064340.765877	0.999996	50.766044	37.583465	2.693508	0.814201	0.996461	0.814201	0.996457	0.814201	0.996456	0.814201	0.996455	0.814201	0.996452	0.814201	0.996450	0.814201	0.996447	0.812486	0.003203	
1350064341.765812	1.000000	50.813263	37.603775	6.115234	0.833644	0.996980	0.836252	0.000493	0.833644	0.996980	0.833644	0.996978	0.833644	0.996975	0.833644	0.996974	0.833644	0.996973	0.833644	0.996969	1350064341.765878	1.000001	50.821622	37.612421	2.707319	0.813393	0.996391	0.813393	0.996389	0.813392	0.996385	0.813393	0.996383	0.813393	0.996380	0.813393	0.996378	0.813393	0.996376	0.813104	0.003143	
1350064342.765812	1.000000	50.813171	37.600449	6.102905	0.833668	0.996965	0.832504	0.000514	0.833667	0.996964	0.833667	0.996961	0.833666	0.996960	0.833666	0.996958	0.833666	0.996956	0.833666	0.996955	1350064342.765883	1.000005	50.817876	37.604456	2.712404	0.812883	0.996424	0.812883	0.996421	0.812884	0.996417	0.812883	0.996414	0.812884	0.996414	0.812884	0.996411	0.812883	0.996407	0.813618	0.003373	
1350064343.765812	1.000000	50.808563	37.594559	6.115234	0.833622	0.996925	0.838274	0.000537	0.833623	0.996924	0.833623	0.996922	0.833624	0.996921	0.833624	0.996918	0.833624	0.996916	0.833624	0.996914	1350064343.765880	0.999997	50.818181	37.628351	2.707345	0.813869	0.996334	0.813869	0.996332	0.813868	0.996330	0.813869	0.996327	0.813868	0.996324	0.813868	0.996323	0.813869	0.996322	0.815124	0.003012	
1350064344.765812	1.000000	50.814819	37.600983	6.090576	0.833515	0.997009	0.836050	0.000450	0.833513	0.997008	0.833513	0.997006	0.833513	0.997003	0.833513	0.997002	0.833513	0.996999	0.833513	0.996997	1350064344.765882	1.000002	50.820856	37.625035	2.709895	0.813366	0.996588	0.813366	0.996585	0.813367	0.996582	0.813366	0.996581	0.813366	0.996579	0.813367	0.996577	0.813366	0.996575	0.815143	0.003147	
1350064345.765812	1.000000	50.812683	37.600693	6.115234	0.833261	0.996903	0.824503	0.001024	0.833260	0.996902	0.833261	0.996899	0.833260	0.996897	0.833260	0.996896	0.833261	0.996893	0.833261	0.996893	1350064345.765883	1.000001	50.818204	37.622797	2.709958	0.813359	0.996378	0.813359	0.996376	0.813358	0.996373	0.813359	0.996370	0.813358	0.996368	0.813358	0.996364	0.813358	0.996363	0.813096	0.003154	
1350064346.765812	1.000000	50.807617	37.594543	6.096741	0.832959	0.996904	0.837817	0.000532	0.832961	0.996902	0.832961	0.996902	0.832961	0.996899	0.832961	0.996896	0.832961	0.996896	0.832961	0.996892	1350064346.765880	0.999997	50.820012	37.631846	2.707131	0.813631	0.996534	0.813630	0.996531	0.813630	0.996528	0.813631	0.996525	0.813631	0.996523	0.813631	0.996522	0.813630	0.996519	0.811878	0.003136	
1350064347.765818	1.000006	50.763339	37.561589	6.096704	0.832991	0.996992	0.812019	0.002863	0.832990	0.996992	0.832989	0.996989	0.832989	0.996988	0.832989	0.996985	0.832989	0.996983	0.832989	0.996982	1350064347.765886	1.000006	50.821276	37.634908	2.704482	0.814259	0.996678	0.814259	0.996677	0.814259	0.996673	0.814259	0.996671	0.814259	0.996668	0.814258	0.996666	0.814259	0.996664	0.816279	0.003041	
1350064348.765812	0.999994	50.808988	37.587916	6.127600	0.833704	0.996977	0.829302	0.000471	0.833706	0.996976	0.833706	0.996974	0.833706	0.996973	0.833706	0.996971	0.833706	0.996969	0.833706	0.996967	1350064348.765879	0.999993	50.818131	37.628281	2.709995	0.813894	0.996481	0.813894	0.996479	0.813894	0.996477	0.813893	0.996475	0.813894	0.996472	0.813894	0.996471	0.813893	0.996468	0.815004	0.003137	
1350064349.765812	1.000000	50.811661	37.592834	6.109070	0.833466	0.996885	0.830115	0.000509	0.833466	0.996886	0.833466	0.996884	0.833466	0.996880	0.833466	0.996879	0.833466	0.996877	0.833466	0.996875	1350064349.765884	1.000005	50.819905	37.634791	2.705004	0.813900	0.996528	0.813900	0.996524	0.813900	0.996523	0.813900	0.996519	0.813899	0.996517	0.813900	0.996516	0.813899	0.996511	0.815298	0.002985	
1350064350.765812	1.000000	50.813263	37.595123	6.121399	0.833209	0.996823	0.820928	0.000910	0.833209	0.996824	0.833209	0.996821	0.833209	0.996817	0.833209	0.996817	0.833209	0.996814	0.833209	0.996812	1350064350.765907	1.000023	50.813305	37.625573	2.704253	0.827420	0.997594	0.827419	0.997592	0.827419	0.997591	0.827419	0.997590	0.827420	0.997588	0.827420	0.997586	0.827420	0.997584	0.825934	0.002999	
1350064351.765813	1.000001	50.795331	37.570307	6.084406	0.859103	0.995992	0.853744	0.000580	0.859103	0.995988	0.859104	0.995986	0.859104	0.995985	0.859103	0.995981	0.859103	0.995980	0.859104	0.995977	1350064351.765895	0.999988	50.756922	37.581213	2.707476	0.843141	0.998720	0.843142	0.998721	0.843142	0.998720	0.843142	0.998718	0.843143	0.998717	0.843142	0.998716	0.843143	0.998715	0.843534	0.002589	
1350064352.765812	0.999999	50.796878	37.568090	6.102911	0.861306	0.995839	0.856613	0.000402	0.861308	0.995837	0.861308	0.995832	0.861308	0.995828	0.861308	0.995827	0.861308	0.995824	0.861308	0.995822	1350064352.765882	0.999987	50.810771	37.619832	2.717931	0.843685	0.998632	0.843685	0.998629	0.843684	0.998628	0.843685	0.998629	0.843685	0.998627	0.843685	0.998627	0.843685	0.998626	0.843856	0.002514	
1350064353.765812	1.000000	50.811249	37.586929	6.084412	0.840714	0.996398	0.845415	0.000473	0.840713	0.996397	0.840713	0.996393	0.840712	0.996390	0.840712	0.996387	0.840712	0.996385	0.840712	0.996384	1350064353.765875	0.999993	50.816864	37.628877	2.707142	0.822002	0.997049	0.822002	0.997046	0.822002	0.997045	0.822001	0.997040	0.822001	0.997041	0.822001	0.997038	0.822001	0.997036	0.821354	0.003110	
1350064354.765812	1.000000	50.810516	37.586105	6.127563	0.832276	0.996776	0.828684	0.000470	0.832275	0.996774	0.832275	0.996773	0.832275	0.996769	0.832274	0.996769	0.832274	0.996767	0.832274	0.996765	1350064354.765881	1.000006	50.819140	37.634389	2.715453	0.813587	0.996492	0.813587	0.996490	0.813587	0.996488	0.813587	0.996485	0.813587	0.996483	0.813586	0.996482	0.813586	0.996480	0.815220	0.003079	
1350064355.765812	1.000000	50.812408	37.588226	6.096741	0.832444	0.996867	0.838325	0.000983	0.832444	0.996866	0.832444	0.996865	0.832444	0.996862	0.832444	0.996860	0.832444	0.996858	0.832444	0.996856	1350064355.765887	1.000006	50.818560	37.628728	2.693557	0.813397	0.996619	0.813397	0.996617	0.813398	0.996614	0.813397	0.996612	0.813398	0.996610	0.813398	0.996607	0.813398	0.996605	0.813010	0.003387	
1350064356.765812	1.000000	50.813324	37.591583	6.102905	0.832854	0.996976	0.824405	0.002056	0.832855	0.996977	0.832855	0.996973	0.832855	0.996971	0.832855	0.996969	0.832856	0.996967	0.832856	0.996966	1350064356.765880	0.999993	50.820603	37.626908	2.707447	0.813130	0.996482	0.813129	0.996480	0.813129	0.996476	0.813128	0.996475	0.813128	0.996474	0.813128	0.996472	0.813128	0.996470	0.814386	0.003100	
1350064357.765812	1.000000	50.759628	37.547974	6.109070	0.832770	0.996873	0.822061	0.002869	0.832770	0.996877	0.832770	0.996869	0.832770	0.996868	0.832770	0.996866	0.832770	0.996864	0.832770	0.996863	1350064357.765882	1.000002	50.820170	37.633733	2.696360	0.813858	0.996579	0.813859	0.996578	0.813858	0.996574	0.813859	0.996573	0.813859	0.996570	0.813858	0.996568	0.813858	0.996567	0.815468	0.003200	
1350064358.765812	1.000000	50.811401	37.584854	6.115234	0.832541	0.996743	0.836742	0.000467	0.832541	0.996743	0.832541	0.996739	0.832541	0.996738	0.832541	0.996736	0.832541	0.996734	0.832541	0.996731	1350064358.765882	1.000000	50.818710	37.634003	2.712875	0.813631	0.996514	0.813631	0.996512	0.813631	0.996510	0.813631	0.996507	0.813631	0.996506	0.813631	0.996504	0.813631	0.996504	0.814668	0.003309	
1350064359.765812	1.000000	50.813065	37.590103	6.127563	0.832388	0.996762	0.828318	0.000510	0.832388	0.996761	0.832388	0.996759	0.832388	0.996758	0.832388	0.996755	0.832389	0.996754	0.832388	0.996751	1350064359.765876	0.999994	50.820509	37.635265	2.702119	0.813869	0.996769	0.813869	0.996764	0.813869	0.996762	0.813869	0.996761	0.813869	0.996759	0.813868	0.996756	0.813868	0.996754	0.812647	0.003155	
1350064360.765812	1.000000	50.809860	37.588974	6.109070	0.832399	0.996811	0.825966	0.000871	0.832399	0.996810	0.832399	0.996808	0.832399	0.996805	0.832399	0.996804	0.832399	0.996802	0.832399	0.996800	1350064360.765879	1.000003	50.817637	37.631597	2.707496	0.813584	0.996309	0.813585	0.996307	0.813584	0.996304	0.813585	0.996301	0.813585	0.996298	0.813585	0.996296	0.813585	0.996294	0.812962	0.003166	
1350064361.765827	1.000015	50.811096	37.588135	6.114654	0.832747	0.996822	0.814361	0.005101	0.832747	0.996821	0.832746	0.996820	0.832747	0.996815	0.832747	0.996813	0.832747	0.996812	0.832747	0.996810	1350064361.765896	1.000017	50.820490	37.635090	2.707062	0.813716	0.996628	0.813716	0.996624	0.813716	0.996622	0.813716	0.996620	0.813716	0.996617	0.813715	0.996615	0.813715	0.996613	0.799045	0.005856	
1350064362.765813	0.999986	50.815626	37.592600	6.102991	0.832719	0.996881	0.831908	0.000469	0.832718	0.996880	0.832718	0.996877	0.832718	0.996874	0.832718	0.996873	0.832717	0.996871	0.832717	0.996869	1350064362.765885	0.999989	50.767067	37.593415	2.710036	0.813569	0.996615	0.813570	0.996614	0.813571	0.996610	0.813570	0.996607	0.813571	0.996606	0.813571	0.996604	0.813572	0.996602	0.812585	0.003120	
1350064363.765812	0.999999	50.807452	37.586675	6.121405	0.831804	0.996801	0.836879	0.000502	0.831806	0.996799	0.831806	0.996797	0.831806	0.996794	0.831806	0.996792	0.831806	0.996790	0.831806	0.996788	1350064363.765876	0.999991	50.822207	37.636770	2.710321	0.813591	0.996428	0.813590	0.996426	0.813590	0.996425	0.813590	0.996421	0.813589	0.996419	0.813589	0.996417	0.813589	0.996415	0.814836	0.003123	
1350064364.765812	1.000000	50.763885	37.559418	6.121399	0.831745	0.996771	0.835023	0.000460	0.831744	0.996772	0.831744	0.996769	0.831744	0.996766	0.831744	0.996764	0.831744	0.996762	0.831744	0.996760	1350064364.765880	1.000004	50.818672	37.630600	2.704579	0.813771	0.996612	0.813771	0.996611	0.813771	0.996607	0.813771	0.996605	0.813771	0.996601	0.813771	0.996599	0.813771	0.996597	0.814098	0.003146	
1350064365.765812	1.000000	50.809677	37.588242	6.102905	0.831784	0.996761	0.828612	0.000918	0.831786	0.996760	0.831786	0.996757	0.831786	0.996755	0.831786	0.996754	0.831786	0.996751	0.831786	0.996749	1350064365.765882	1.000002	50.819758	37.629231	2.691126	0.813538	0.996478	0.813537	0.996475	0.813538	0.996472	0.813537	0.996470	0.813538	0.996467	0.813537	0.996465	0.813537	0.996463	0.813247	0.003265	
1350064366.765812	1.000000	50.812668	37.592636	6.109070	0.832176	0.996777	0.829238	0.000440	0.832176	0.996777	0.832176	0.996777	0.832176	0.996773	0.832176	0.996771	0.832176	0.996770	0.832176	0.996767	1350064366.765879	0.999997	50.817739	37.628336	2.707269	0.813659	0.996595	0.813659	0.996592	0.813660	0.996589	0.813660	0.996587	0.813661	0.996584	0.813661	0.996582	0.813661	0.996581	0.812249	0.003218	
1350064367.765812	1.000000	50.814713	37.595627	6.096741	0.831661	0.996759	0.813807	0.002900	0.831660	0.996759	0.831659	0.996756	0.831659	0.996752	0.831659	0.996751	0.831659	0.996749	0.831659	0.996748	1350064367.765885	1.000006	50.818957	37.627995	2.698882	0.813154	0.996405	0.813154	0.996402	0.813153	0.996400	0.813154	0.996398	0.813153	0.996396	0.813153	0.996393	0.813152	0.996391	0.813982	0.003136	
1350064368.765812	1.000000	50.808685	37.589935	6.133728	0.831803	0.996657	0.833506	0.000455	0.831805	0.996655	0.831805	0.996653	0.831805	0.996650	0.831805	0.996647	0.831805	0.996646	0.831806	0.996644	1350064368.765881	0.999996	50.820992	37.628082	2.710125	0.813112	0.996789	0.813112	0.996786	0.813112	0.996785	0.813112	0.996782	0.813111	0.996779	0.813112	0.996778	0.813112	0.996775	0.814473	0.003205	
1350064369.765812	1.000000	50.813248	37.593399	6.121399	0.832340	0.996732	0.828113	0.000509	0.832339	0.996731	0.832339	0.996729	0.832339	0.996726	0.832339	0.996725	0.832338	0.996723	0.832338	0.996720	1350064369.765877	0.999996	50.820763	37.635193	2.715419	0.813719	0.996603	0.813719	0.996600	0.813719	0.996597	0.813718	0.996594	0.813719	0.996592	0.813719	0.996590	0.813718	0.996587	0.813457	0.003119	
1350064370.765812	1.000000	50.811523	37.590652	6.115234	0.831897	0.996816	0.835805	0.000856	0.831896	0.996815	0.831897	0.996813	0.831896	0.996811	0.831896	0.996809	0.831896	0.996808	0.831896	0.996804	1350064370.765885	1.000008	50.817902	37.631912	2.701776	0.813338	0.996509	0.813339	0.996506	0.813339	0.996505	0.813339	0.996502	0.813338	0.996499	0.813338	0.996496	0.813339	0.996496	0.813740	0.003254	
1350064371.765812	1.000000	50.810501	37.586182	6.127563	0.831506	0.996702	0.824524	0.000497	0.831507	0.996702	0.831507	0.996698	0.831507	0.996696	0.831508	0.996695	0.831508	0.996693	0.831508	0.996692	1350064371.765878	0.999993	50.820191	37.633164	2.701969	0.813580	0.996657	0.813580	0.996643	0.813580	0.996640	0.813580	0.996638	0.813580	0.996636	0.813580	0.996635	0.813580	0.996633	0.814300	0.003184	
1350064372.765812	1.000000	50.810455	37.584366	6.084366	0.832032	0.996800	0.833173	0.000771	0.832032	0.996799	0.832032	0.996797	0.832032	0.996794	0.832032	0.996795	0.832032	0.996791	0.832032	0.996790	1350064372.765878	1.000000	50.767029	37.591934	2.694138	0.813258	0.996350	0.813259	0.996360	0.813259	0.996357	0.813259	0.996353	0.813259	0.996352	0.813259	0.996349	0.813259	0.996347	0.811877	0.003256	
1350064373.765812	1.000000	50.745209	37.530441	6.096741	0.857564	0.995923	0.852945	0.000427	0.857565	0.995922	0.857565	0.995917	0.857565	0.995915	0.857565	0.995913	0.857566	0.995911	0.857566	0.995909	1350064373.765880	1.000002	50.808527	37.620168	2.707057	0.834832	0.998138	0.834832	0.998137	0.834832	0.998134	0.834832	0.998133	0.834833	0.998133	0.834833	0.998132	0.834833	0.998130	0.834888	0.002554	
1350064374.765812	1.000000	50.799393	37.569290	6.102905	0.858803	0.995842	0.861378	0.000460	0.858802	0.995841	0.858802	0.995836	0.858802	0.995833	0.858802	0.995830	0.858802	0.995828	0.858802	0.995825	1350064374.765878	0.999998	50.812887	37.623790	2.696126	0.844163	0.998956	0.844163	0.998956	0.844163	0.998956	0.844163	0.998955	0.844163	0.998955	0.844163	0.998955	0.844163	0.998954	0.845744	0.002409	
1350064375.765846	1.000034	715768180.273792	715758734.840345	715757857.089097	0.999987	1.000194	0.999984	1.000198	0.999995	1.000200	0.999985	1.000190	0.999987	1.000197	0.999989	1.000192	0.999987	1.000197	0.999987	1.000194	1350064375.765969	1.000091	715716398.380786	715758537.237791	715697605.643087	0.999987	1.000197	0.999984	1.000196	3.893266	0.256902	0.999986	1.000193	0.999987	1.000197	0.999989	1.000193	0.999987	1.000197	0.999987	1.000195	
1350064376.765817	0.999971	0.000000	0.000000	0.000000	-nan	-nan	-nan	-nan	0.000000	inf	-nan	-nan	-nan	0.000000	0.000000	inf	-nan	-nan	-nan	-nan	1350064376.765894	0.999925	0.000000	0.000000	0.000000	-nan	-nan	-nan	-nan	0.000000	inf	-nan	-nan	-nan	-nan	-nan	-nan	-nan	-nan	-nan	-nan	
