ts_0	elapsed_0	pkg_0	pp0_0	dram_0	freq_ratio_0_0	c0_ratio_0_0	freq_ratio_0_1	c0_ratio_0_1	freq_ratio_0_2	c0_ratio_0_2	freq_ratio_0_3	c0_ratio_0_3	freq_ratio_0_4	c0_ratio_0_4	freq_ratio_0_5	c0_ratio_0_5	freq_ratio_0_6	c0_ratio_0_6	freq_ratio_0_7	c0_ratio_0_7	ts_1	elapsed_1	pkg_1	pp0_1	dram_1	freq_ratio_1_0	c0_ratio_1_0	freq_ratio_1_1	c0_ratio_1_1	freq_ratio_1_2	c0_ratio_1_2	freq_ratio_1_3	c0_ratio_1_3	freq_ratio_1_4	c0_ratio_1_4	freq_ratio_1_5	c0_ratio_1_5	freq_ratio_1_6	c0_ratio_1_6	freq_ratio_1_7	c0_ratio_1_7	
1349476812.280907	1.000520	65.242945	51.587113	6.762749	0.983150	0.963318	0.983100	0.957264	0.983058	0.957268	0.983092	0.956565	0.983089	0.956447	0.983085	0.956389	0.983084	0.956178	0.983022	0.952865	1349476812.281002	1.000354	53.831588	40.258207	5.817414	1.000000	0.958573	1.000001	0.958226	0.999777	0.004838	1.000001	0.957848	1.000001	0.957773	1.000001	0.953949	1.001960	0.000092	0.999974	0.993243	
1349476813.280905	0.999998	64.499269	50.725576	7.089415	0.954599	0.972463	0.954650	0.972316	0.954642	0.972358	0.954651	0.972287	0.954650	0.972268	0.954633	0.972366	0.954670	0.972228	0.954652	0.972272	1349476813.281001	0.999999	54.777686	41.141748	6.465048	1.000000	0.975158	1.000000	0.975154	0.999775	0.000688	1.000000	0.975044	1.000000	0.975039	1.000000	0.975152	1.001343	0.000030	1.000000	1.000000	
1349476814.280905	1.000000	64.633041	50.310364	9.284485	0.909567	0.981698	0.909601	0.981761	0.909583	0.981657	0.909603	0.981663	0.909607	0.981572	0.909584	0.981661	0.909625	0.981480	0.909606	0.981590	1349476814.281001	1.000000	57.798691	43.787064	8.343704	1.000000	0.986408	1.000000	0.986410	1.000347	0.002666	1.000000	0.986226	1.000000	0.986187	1.000000	0.986314	0.999676	0.001444	1.000000	0.999988	
1349476815.280904	0.999999	64.711091	50.247896	9.812616	0.894868	0.994962	0.894865	0.994902	0.894866	0.994950	0.894865	0.994796	0.894865	0.994910	0.894864	0.994732	0.894863	0.994604	0.894864	0.994786	1349476815.281002	1.000001	58.936910	44.831744	8.934302	1.000000	0.999998	1.000000	0.999946	0.999970	0.003609	1.000000	0.999860	1.000000	0.999873	1.000000	1.000000	1.000107	0.003440	1.000000	1.000000	
1349476816.280904	1.000000	64.708008	50.240707	9.810486	0.892758	0.994643	0.892760	0.994530	0.892759	0.994632	0.892765	0.994432	0.892766	0.994412	0.892765	0.994437	0.892772	0.994251	0.892762	0.994451	1349476816.281045	1.000043	58.848930	44.744753	8.903640	1.000000	0.999863	1.000000	0.999905	0.999998	0.003764	1.000000	0.999738	1.000000	0.999744	1.000000	0.999897	0.999993	0.000526	1.000000	0.999970	
1349476817.280913	1.000009	64.709222	50.231738	9.868273	0.891709	0.994542	0.891707	0.994589	0.891709	0.994530	0.891711	0.994427	0.891712	0.994401	0.891712	0.994435	0.891715	0.994319	0.891710	0.994479	1349476817.281007	0.999962	58.839099	44.732576	8.937183	1.000000	0.999918	1.000000	0.999984	0.999861	0.003580	1.000000	0.999910	1.000000	0.999867	1.000000	0.999888	0.999305	0.000054	1.000000	0.999984	
1349476818.280909	0.999996	64.710300	50.226659	9.819513	0.891718	0.994730	0.891718	0.994730	0.891719	0.994680	0.891719	0.994684	0.891719	0.994681	0.891723	0.994578	0.891728	0.994463	0.891720	0.994650	1349476818.281005	0.999998	58.923513	44.812021	8.941637	1.000000	0.999982	1.000000	0.999991	1.000126	0.004026	1.000000	0.999951	1.000000	0.999958	1.000000	0.999960	1.000038	0.001560	1.000000	1.000000	
1349476819.280915	1.000006	715793479.696426	715808889.783927	715789806.856502	0.999997	1.000163	0.999995	1.000165	1.000005	1.000163	0.999997	1.000163	0.999997	1.000166	1.000000	1.000161	0.999997	1.000166	0.999997	1.000164	1349476819.281016	1.000011	715813296.618943	715766611.653456	715802272.218900	0.999997	1.000162	0.999995	1.000165	3.892517	0.256946	0.999997	1.000163	0.999997	1.000166	1.000000	1.000161	0.999997	1.000166	0.999997	1.000164	
1349476820.280997	1.000082	0.000000	0.000000	0.000000	-nan	-nan	-nan	-nan	0.000000	inf	-nan	-nan	-nan	0.000000	-nan	-nan	-nan	-nan	-nan	-nan	1349476820.281077	1.000061	0.000000	0.000000	0.000000	-nan	-nan	-nan	-nan	0.000000	inf	-nan	-nan	-nan	-nan	-nan	-nan	-nan	-nan	-nan	-nan	
