ts_0	elapsed_0	pkg_0	pp0_0	dram_0	freq_ratio_0_0	c0_ratio_0_0	freq_ratio_0_1	c0_ratio_0_1	freq_ratio_0_2	c0_ratio_0_2	freq_ratio_0_3	c0_ratio_0_3	freq_ratio_0_4	c0_ratio_0_4	freq_ratio_0_5	c0_ratio_0_5	freq_ratio_0_6	c0_ratio_0_6	freq_ratio_0_7	c0_ratio_0_7	ts_1	elapsed_1	pkg_1	pp0_1	dram_1	freq_ratio_1_0	c0_ratio_1_0	freq_ratio_1_1	c0_ratio_1_1	freq_ratio_1_2	c0_ratio_1_2	freq_ratio_1_3	c0_ratio_1_3	freq_ratio_1_4	c0_ratio_1_4	freq_ratio_1_5	c0_ratio_1_5	freq_ratio_1_6	c0_ratio_1_6	freq_ratio_1_7	c0_ratio_1_7	
1350066649.262485	1.000249	64.607240	51.379469	6.119845	0.999887	0.003472	0.999999	1.000000	1.000000	1.000000	1.000000	1.000000	1.000000	1.000000	1.000000	1.000000	1.000000	1.000000	1.000000	1.000000	1350066649.262563	1.000264	41.298808	28.104262	2.776382	0.999214	0.000080	1.000000	1.000000	1.006607	0.000093	1.000000	1.000000	1.007009	0.000038	1.011242	0.000025	1.012865	0.000038	1.000000	1.000000	
1350066650.262475	0.999990	64.654212	51.436367	6.121460	1.000013	0.002561	1.000001	1.000000	1.000000	1.000000	1.000000	1.000000	1.000000	1.000000	1.000000	1.000000	1.000000	0.999999	1.000000	1.000000	1350066650.262544	0.999981	41.246194	28.043900	2.737281	1.000784	0.000151	1.000000	1.000000	0.999597	0.000075	1.000000	1.000000	1.003350	0.000065	1.001248	0.000066	0.999760	0.000064	1.000000	1.000000	
1350066651.262474	0.999999	59.951000	46.710952	6.090582	0.999941	0.002389	1.000000	1.000000	1.000000	1.000000	0.999998	0.225055	1.000000	1.000000	1.000000	1.000000	1.000000	1.000001	1.000000	1.000000	1350066651.262568	1.000024	45.997717	32.783711	2.733836	1.000000	0.775042	1.000000	1.000000	1.000602	0.000065	1.000000	1.000000	1.003768	0.000008	1.017834	0.000008	0.987313	0.000033	1.000000	1.000000	
1350066652.262475	1.000001	58.616063	45.377963	6.133722	0.999984	0.002071	1.000000	1.000000	1.000000	1.000000	0.999771	0.000057	1.000000	1.000000	1.000000	1.000000	1.000000	1.000000	1.000000	1.000000	1350066652.262567	0.999999	47.424026	34.203234	2.726275	1.000000	1.000000	1.000000	1.000000	0.999859	0.000425	1.000000	1.000000	0.999512	0.000082	0.998418	0.000067	1.004779	0.000133	1.000000	1.000000	
1350066653.262474	0.999999	58.645960	45.407789	6.102911	1.000023	0.002373	1.000000	1.000000	1.000000	1.000000	0.999127	0.000066	1.000000	1.000000	1.000000	1.000000	1.000000	1.000000	1.000000	1.000000	1350066653.262567	1.000000	47.414032	34.206207	2.730301	1.000000	1.000000	1.000000	1.000000	1.000382	0.000091	1.000000	1.000000	1.007442	0.000008	1.000000	0.000008	1.019481	0.000008	1.000000	1.000000	
1350066654.262475	1.000001	58.643651	45.403201	6.121393	0.999937	0.001992	1.000000	1.000000	1.000000	1.000000	1.005506	0.000011	1.000000	1.000000	1.000000	1.000000	1.000000	1.000000	1.000000	1.000000	1350066654.262568	1.000001	47.506623	34.292249	2.734342	1.000000	1.000000	1.000000	1.000000	1.000020	0.000135	1.000000	1.000000	0.998945	0.000057	0.999918	0.000066	0.996972	0.000062	1.000000	1.000000	
1350066655.262474	0.999999	58.681101	45.435529	6.115240	1.000025	0.002311	1.000000	1.000000	1.000000	1.000000	0.999968	0.000408	1.000000	1.000000	1.000000	1.000000	1.000000	1.000000	1.000000	1.000000	1350066655.262566	0.999998	47.495009	34.287617	2.729986	1.000000	1.000000	1.000000	1.000000	0.999909	0.000097	1.000000	1.000000	1.007545	0.000008	0.986737	0.000008	0.998033	0.000008	1.000000	1.000000	
1350066656.262475	1.000001	58.679540	45.426699	6.121393	0.999898	0.002057	1.000000	1.000000	1.000000	1.000000	1.001392	0.000007	1.000000	1.000000	1.000000	1.000000	1.000000	1.000000	1.000000	1.000000	1350066656.262568	1.000002	47.482972	34.283901	2.709849	1.000000	1.000000	1.000000	1.000000	1.000020	0.000196	1.000000	1.000000	0.998712	0.000054	1.001885	0.000059	1.000005	0.000073	1.000000	1.000000	
1350066657.262474	0.999999	58.698558	45.446485	6.115118	1.000011	0.007082	1.000000	1.000000	1.000000	1.000000	0.999951	0.000063	1.000000	1.000000	1.000000	1.000000	1.000000	1.000000	1.000000	1.000000	1350066657.262568	1.000000	47.493301	34.288589	2.735825	1.000000	1.000000	1.000000	1.000000	1.000121	0.000086	1.000000	1.000000	0.995901	0.000008	0.992536	0.000008	0.984626	0.000009	1.000000	1.000000	
1350066658.262474	1.000000	58.618774	45.386642	6.115234	0.999898	0.002039	1.000000	1.000000	1.000000	1.000000	0.999498	0.000012	1.000000	1.000000	1.000000	1.000000	1.000000	1.000000	1.000000	1.000000	1350066658.262567	0.999999	47.493850	34.296389	2.718219	1.000000	1.000000	1.000000	1.000000	0.999946	0.000136	1.000000	1.000000	1.000184	0.000090	0.999393	0.000067	0.999512	0.000055	1.000000	1.000000	
1350066659.262474	1.000000	58.710541	45.464294	6.109070	1.000032	0.002218	1.000000	1.000000	1.000000	1.000000	0.992845	0.000072	1.000000	1.000000	1.000000	1.000000	1.000000	1.000000	1.000000	1.000000	1350066659.262565	0.999998	47.504973	34.311848	2.707555	1.000000	1.000000	1.000000	1.000000	0.999090	0.000098	1.000000	1.000000	1.008130	0.000008	1.022519	0.000008	1.024368	0.000008	1.000000	1.000000	
1350066660.262474	1.000000	58.711182	45.468185	6.109070	1.000013	0.002006	1.000000	1.000000	1.000000	1.000000	1.001441	0.000355	1.000000	1.000000	1.000000	1.000000	1.000000	1.000000	1.000000	1.000000	1350066660.262567	1.000002	47.534364	34.332988	2.709651	1.000000	1.000000	1.000000	1.000000	0.996778	0.000131	1.000000	1.000000	0.992528	0.000068	0.989399	0.000064	0.996662	0.000061	1.000000	1.000000	
1350066661.262474	1.000000	58.724289	45.477097	6.096741	1.000101	0.002218	1.000000	1.000000	1.000000	1.000000	0.998858	0.000071	1.000000	1.000000	1.000000	1.000000	1.000000	1.000000	1.000000	1.000000	1350066661.262561	0.999994	47.548593	34.355597	2.707139	1.000000	1.000000	1.000000	1.000000	1.003360	0.000189	1.000000	1.000000	1.012729	0.000031	1.022333	0.000031	1.000770	0.000062	1.000000	1.000000	
1350066662.262475	1.000001	58.793660	45.543459	6.132303	0.999939	0.006069	1.000000	1.000000	1.000000	1.000000	1.000016	0.003159	1.000000	1.000000	1.000000	1.000000	1.000000	1.000000	1.000000	1.000000	1350066662.262569	1.000008	47.862100	34.687936	2.703607	1.000000	1.000000	1.000000	1.000000	0.999968	0.004002	1.000000	1.000000	1.000036	0.003003	1.000000	0.002958	1.000049	0.002903	1.000000	1.000000	
1350066663.262474	0.999999	58.734187	45.483793	6.121405	1.000032	0.002228	1.000000	1.000000	1.000000	1.000000	1.000304	0.000080	1.000000	1.000000	1.000000	1.000000	1.000000	1.000000	1.000000	1.000000	1350066663.262564	0.999995	47.508295	34.322636	2.715910	1.000000	1.000000	1.000000	1.000000	1.000406	0.000311	1.000000	1.000000	1.002668	0.000008	1.000721	0.000008	1.001049	0.000008	1.000000	1.000000	
1350066664.262474	1.000000	58.726776	45.473633	6.109070	1.000017	0.001958	1.000000	1.000000	1.000000	1.000000	0.999877	0.000038	1.000000	1.000000	1.000000	1.000000	1.000000	1.000000	1.000000	1.000000	1350066664.262568	1.000004	47.488470	34.299635	2.712864	1.000000	1.000000	1.000000	1.000000	0.999038	0.000141	1.000000	1.000000	0.999696	0.000055	0.999389	0.000061	0.999973	0.000056	1.000000	1.000000	
1350066665.262481	1.000007	58.539985	45.304466	6.127521	1.000102	0.002171	1.000000	1.000000	1.000000	1.000000	0.999965	0.000384	1.000000	1.000000	1.000000	1.000000	1.000000	1.000000	1.000000	1.000000	1350066665.262566	0.999998	47.401656	34.215580	2.707204	1.000000	1.000000	1.000000	1.000000	0.999210	0.000101	1.000000	1.000000	0.998068	0.000016	0.999455	0.000016	0.994620	0.000016	1.000000	1.000000	
1350066666.262474	0.999993	58.726434	45.475412	6.102947	0.999777	0.001952	1.000000	1.000000	1.000000	1.000000	1.000031	0.000049	1.000000	1.000000	1.000000	1.000000	1.000000	1.000000	1.000000	1.000000	1350066666.262565	0.999999	47.502700	34.316851	2.699374	1.000000	1.000000	1.000000	1.000000	1.000399	0.000196	1.000000	1.000000	0.999756	0.000063	0.998936	0.000067	1.000992	0.000080	1.000000	1.000000	
1350066667.262474	1.000000	58.758438	45.511230	6.121399	1.000031	0.004044	1.000000	1.000000	1.000000	1.000000	0.997003	0.000178	1.000000	1.000000	1.000000	1.000000	1.000000	1.000000	1.000000	1.000000	1350066667.262567	1.000002	47.502595	34.316875	2.699122	1.000000	1.000000	1.000000	1.000000	0.998807	0.000098	1.000000	1.000000	0.995581	0.000008	0.994167	0.000008	0.992046	0.000008	1.000000	1.000000	
1350066668.262474	1.000000	58.746048	45.497375	6.121399	0.999897	0.001712	1.000000	1.000000	1.000000	1.000000	1.002168	0.000250	1.000000	1.000000	1.000000	1.000000	1.000000	1.000000	1.000000	1.000000	1350066668.262586	1.000019	47.488779	34.303087	2.710138	1.000000	1.000000	1.000000	1.000000	1.000857	0.000139	1.000000	1.000000	1.001284	0.000060	1.000732	0.000067	1.001123	0.000061	1.000000	1.000000	
1350066669.262474	1.000000	58.727570	45.480484	6.127563	1.000053	0.001943	1.000000	1.000000	1.000000	1.000000	0.997601	0.000310	1.000000	1.000000	1.000000	1.000000	1.000000	1.000000	1.000000	1.000000	1350066669.262568	0.999982	47.500773	34.314838	2.696536	1.000000	1.000000	1.000000	1.000000	0.999885	0.000077	1.000000	1.000000	0.995938	0.000008	1.012481	0.000008	1.000190	0.000008	1.000000	1.000000	
1350066670.262474	1.000000	58.734161	45.483047	6.121399	0.999915	0.001711	1.000000	1.000000	1.000000	1.000000	1.001369	0.000535	1.000000	1.000000	1.000000	1.000000	1.000000	1.000000	1.000000	1.000000	1350066670.262566	0.999998	47.460372	34.288273	2.710073	1.000000	1.000000	1.000000	1.000000	0.999889	0.000132	1.000000	1.000000	1.000537	0.000062	0.998351	0.000062	0.999981	0.000061	1.000000	1.000000	
1350066671.262474	1.000000	58.763733	45.506729	6.115234	0.999985	0.001951	1.000000	1.000000	1.000000	1.000000	0.997982	0.000299	1.000000	1.000000	1.000000	1.000000	1.000000	1.000000	1.000000	1.000000	1350066671.262561	0.999995	47.533655	34.347172	2.698958	1.000000	1.000000	1.000000	1.000000	0.999686	0.000156	1.000000	1.000000	0.997059	0.000008	0.999905	0.000008	1.000248	0.000033	1.000000	1.000000	
1350066672.262475	1.000001	58.744222	45.484454	6.115229	1.000050	0.001690	1.000000	1.000000	1.000000	1.000000	1.002023	0.000294	1.000000	1.000000	1.000000	1.000000	1.000000	1.000000	1.000000	1.000000	1350066672.262570	1.000009	47.545529	34.360269	2.699301	1.000000	1.000000	1.000000	1.000000	0.996209	0.000117	1.000000	1.000000	0.992019	0.000067	0.992130	0.000065	0.989264	0.000060	1.000000	1.000000	
1350066673.262474	0.999999	58.666773	45.421171	6.127569	0.999923	0.001906	1.000000	1.000000	1.000000	1.000000	0.998119	0.000290	1.000000	1.000000	1.000000	1.000000	1.000000	1.000000	1.000000	1.000000	1350066673.262565	0.999995	47.554544	34.368504	2.709395	1.000000	1.000000	1.000000	1.000000	1.003945	0.000127	1.000000	1.000000	1.018083	0.000031	1.026305	0.000024	1.020569	0.000031	1.000000	1.000000	
1350066674.262474	1.000000	58.756958	45.495361	6.109055	0.999989	0.001709	1.000000	1.000000	1.000000	1.000000	1.000395	0.001313	1.000000	1.000000	1.000000	1.000000	1.000000	1.000000	1.000000	1.000000	1350066674.262564	0.999999	47.558517	34.367770	2.712908	1.000000	1.000000	1.000000	1.000000	0.999998	0.000175	1.000000	1.000000	0.999981	0.000061	0.999894	0.000069	0.998747	0.000067	1.000000	1.000000	
1350066675.262474	1.000000	58.751740	45.490753	6.121399	0.999971	0.001880	1.000000	1.000000	1.000000	1.000000	0.998832	0.000593	1.000000	1.000000	1.000000	1.000000	1.000000	1.000000	1.000000	1.000000	1350066675.262565	1.000001	47.554627	34.366865	2.712858	1.000000	1.000000	1.000000	1.000000	0.999234	0.000120	1.000000	1.000000	0.996767	0.000008	0.984972	0.000008	1.000724	0.000009	1.000000	1.000000	
1350066676.262474	1.000000	58.743347	45.483505	6.121399	0.999962	0.001726	1.000000	1.000000	1.000000	1.000000	1.002987	0.000231	1.000000	1.000000	1.000000	1.000000	1.000000	1.000000	1.000000	1.000000	1350066676.262568	1.000003	47.550344	34.364090	2.707710	1.000000	1.000000	1.000000	1.000000	1.000232	0.000168	1.000000	1.000000	1.000461	0.000059	1.000254	0.000059	1.001097	0.000078	1.000000	1.000000	
1350066677.262474	1.000000	58.766861	45.507294	6.096741	1.000194	0.003825	1.000000	1.000000	1.000000	1.000000	0.997607	0.000301	1.000000	1.000000	1.000000	1.000000	1.000000	1.000000	1.000000	1.000000	1350066677.262564	0.999996	47.522287	34.336122	2.712886	1.000000	1.000000	1.000000	1.000000	1.000496	0.000105	1.000000	1.000000	0.991721	0.000008	0.995289	0.000008	0.989804	0.000008	1.000000	1.000000	
1350066678.262474	1.000000	58.737930	45.478012	6.121399	0.999626	0.001685	1.000000	1.000000	1.000000	1.000000	1.002690	0.000264	1.000000	1.000000	1.000000	1.000000	1.000000	1.000000	1.000000	1.000000	1350066678.262567	1.000003	47.484747	34.310944	2.699226	1.000000	1.000000	1.000000	1.000000	0.999981	0.000139	1.000000	1.000000	1.001158	0.000061	1.002436	0.000063	1.001163	0.000066	1.000000	1.000000	
1350066679.262474	1.000000	58.742020	45.484085	6.121399	0.999875	0.001787	1.000000	1.000000	1.000000	1.000000	0.997568	0.000288	1.000000	1.000000	1.000000	1.000000	1.000000	1.000000	1.000000	1.000000	1350066679.262564	0.999997	47.539454	34.353820	2.702081	1.000000	1.000000	1.000000	1.000000	0.999960	0.000097	1.000000	1.000000	0.996303	0.000008	0.999952	0.000008	1.001146	0.000008	1.000000	1.000000	
1350066680.262474	1.000000	58.761551	45.505020	6.109070	1.000232	0.001625	1.000000	1.000000	1.000000	1.000000	1.001142	0.000544	1.000000	1.000000	1.000000	1.000000	1.000000	1.000000	1.000000	1.000000	1350066680.262560	0.999996	47.543711	34.353792	2.707378	1.000000	1.000000	1.000000	1.000000	1.000008	0.000138	1.000000	1.000000	1.000549	0.000058	0.999941	0.000059	0.999883	0.000060	1.000000	1.000000	
1350066681.262476	1.000002	715765011.280862	715786009.452939	715769318.240970	0.999987	1.000194	0.999984	1.000198	0.999995	1.000200	0.999985	1.000190	0.999987	1.000197	0.999989	1.000192	0.999987	1.000197	0.999987	1.000194	1350066681.262571	1.000011	715754654.963467	715761670.829576	715814185.321126	0.999987	1.000197	0.999984	1.000196	3.893268	0.256902	0.999986	1.000193	0.999987	1.000197	0.999989	1.000193	0.999987	1.000197	0.999987	1.000195	
1350066682.262498	1.000022	0.000000	0.000000	0.000000	-nan	-nan	-nan	-nan	0.000000	inf	-nan	-nan	-nan	0.000000	-nan	-nan	-nan	-nan	-nan	-nan	1350066682.262579	1.000008	0.000000	0.000000	0.000000	-nan	-nan	-nan	-nan	0.000000	inf	-nan	-nan	-nan	-nan	-nan	-nan	-nan	-nan	-nan	-nan	
