ts_0	elapsed_0	pkg_0	pp0_0	dram_0	freq_ratio_0_0	c0_ratio_0_0	freq_ratio_0_1	c0_ratio_0_1	freq_ratio_0_2	c0_ratio_0_2	freq_ratio_0_3	c0_ratio_0_3	freq_ratio_0_4	c0_ratio_0_4	freq_ratio_0_5	c0_ratio_0_5	freq_ratio_0_6	c0_ratio_0_6	freq_ratio_0_7	c0_ratio_0_7	ts_1	elapsed_1	pkg_1	pp0_1	dram_1	freq_ratio_1_0	c0_ratio_1_0	freq_ratio_1_1	c0_ratio_1_1	freq_ratio_1_2	c0_ratio_1_2	freq_ratio_1_3	c0_ratio_1_3	freq_ratio_1_4	c0_ratio_1_4	freq_ratio_1_5	c0_ratio_1_5	freq_ratio_1_6	c0_ratio_1_6	freq_ratio_1_7	c0_ratio_1_7	
1350062717.035455	1.000252	73.929840	60.500516	6.119826	1.000000	1.000000	1.000000	1.000000	1.000000	1.000000	1.000000	1.000000	1.000000	1.000000	0.999999	1.000000	1.000000	1.000000	1.000000	1.000000	1350062717.035521	1.000250	35.934403	22.686160	2.161142	1.000000	1.000000	1.000000	1.000000	0.999995	0.003674	0.999988	0.000821	0.999841	0.000073	0.999931	0.000078	0.999930	0.000128	1.008862	0.000082	
1350062718.035444	0.999989	74.050937	60.641275	6.109137	1.000000	1.000000	1.000000	1.000000	1.000000	1.000000	1.000000	1.000000	1.000000	1.000000	1.000001	1.000000	1.000000	1.000000	1.000000	1.000000	1350062718.035508	0.999987	35.922193	22.661888	1.728493	1.000000	1.000000	1.000000	1.000000	0.999941	0.001861	0.999973	0.000723	1.001163	0.000006	1.002287	0.000006	1.000040	0.000239	0.999706	0.000050	
1350062719.035444	1.000000	74.151321	60.744095	6.121399	1.000001	1.000000	1.000000	1.000000	1.000000	1.000000	1.000000	1.000000	1.000000	1.000000	1.000000	1.000000	1.000000	1.000000	1.000001	1.000000	1350062719.035506	0.999998	35.929237	22.663358	1.701999	1.000000	1.000000	1.000000	1.000000	1.000035	0.001968	0.999987	0.000428	0.999837	0.000069	0.999850	0.000075	0.999714	0.000135	1.000182	0.000053	
1350062720.035444	1.000000	74.113266	60.714096	6.096741	0.999999	1.000000	1.000000	1.000000	1.000000	1.000000	1.000000	1.000000	1.000000	1.000000	1.000000	1.000000	1.000000	1.000000	1.000000	1.000000	1350062720.035507	1.000001	35.931484	22.665140	1.653654	1.000000	1.000000	1.000000	1.000000	0.999936	0.001877	0.999963	0.000470	1.002554	0.000006	0.998970	0.000007	1.000189	0.000182	0.999578	0.000051	
1350062721.035444	1.000000	74.223282	60.809509	6.127563	1.000000	1.000000	1.000000	1.000000	1.000000	1.000000	1.000000	1.000000	1.000000	1.000000	1.000000	1.000000	1.000000	1.000000	1.000000	1.000000	1350062721.035512	1.000005	35.935443	22.669061	1.745414	1.000000	1.000000	1.000000	1.000000	0.999976	0.001967	1.000004	0.000525	0.999826	0.000057	1.000161	0.000067	0.999931	0.000140	0.999756	0.000134	
1350062722.035444	1.000000	74.255249	60.837494	6.109070	1.000000	1.000000	1.000000	1.000000	1.000000	1.000000	1.000000	1.000000	1.000000	1.000000	1.000000	1.000000	1.000000	1.000000	1.000000	1.000000	1350062722.035505	0.999993	35.919575	22.658741	1.671795	1.000000	1.000000	1.000000	1.000000	0.999996	0.001423	0.999977	0.000492	1.000436	0.000007	0.997233	0.000006	1.000026	0.000177	1.000743	0.000051	
1350062723.035444	1.000000	74.324570	60.906677	6.102905	1.000000	1.000000	1.000000	1.000000	1.000000	1.000000	1.000000	1.000000	1.000000	1.000000	1.000000	1.000000	1.000000	1.000000	1.000000	1.000000	1350062723.035506	1.000001	35.937878	22.671380	1.708342	1.000000	1.000000	1.000000	1.000000	0.999978	0.001905	0.999987	0.000823	1.000190	0.000063	0.991991	0.000066	0.999928	0.000172	1.000111	0.000056	
1350062724.035444	1.000000	74.304733	60.887970	6.121399	1.000000	1.000000	1.000000	1.000000	1.000000	1.000000	1.000000	1.000000	1.000000	1.000000	1.000000	1.000000	1.000000	1.000000	1.000000	1.000000	1350062724.035506	1.000000	35.903961	22.653580	1.682053	1.000000	1.000000	1.000000	1.000000	1.000002	0.001865	0.999908	0.000439	0.994973	0.000007	1.000262	0.002011	0.999965	0.000165	0.999736	0.000057	
1350062725.035444	1.000000	74.391556	60.971939	6.109070	1.000000	1.000000	1.000000	1.000000	1.000000	1.000000	1.000000	1.000000	1.000000	1.000000	1.000000	1.000000	1.000000	1.000000	1.000000	1.000000	1350062725.035505	0.999999	35.932270	22.668860	1.740160	1.000000	1.000000	1.000000	1.000000	0.999990	0.002037	1.000028	0.000484	1.000622	0.000051	1.000234	0.000048	1.000091	0.000135	1.000055	0.000174	
1350062726.035451	1.000007	74.363652	60.941153	6.102863	1.000000	1.000000	1.000000	1.000000	1.000000	1.000000	1.000000	1.000000	1.000000	1.000000	1.000000	1.000000	1.000000	1.000000	1.000000	1.000000	1350062726.035511	1.000006	35.938049	22.681856	1.690282	1.000000	1.000000	1.000000	1.000000	1.000034	0.002053	0.999991	0.000427	0.999946	0.000007	0.999875	0.000006	1.000025	0.000167	0.999701	0.000048	
1350062727.035444	0.999993	74.357066	60.934259	6.109112	1.000000	1.000000	1.000000	1.000000	1.000000	1.000000	1.000000	1.000000	1.000000	1.000000	1.000000	1.000000	1.000000	1.000000	1.000000	1.000000	1350062727.035506	0.999995	35.942364	22.685355	1.705560	1.000000	1.000000	1.000000	1.000000	0.999980	0.002078	1.000045	0.000489	0.992234	0.000068	0.992274	0.000071	0.999913	0.000128	0.991024	0.000057	
1350062728.035444	1.000000	74.368546	60.947052	6.121399	1.000000	1.000000	1.000000	1.000000	1.000000	1.000000	1.000000	1.000000	1.000000	1.000000	1.000000	1.000000	1.000000	1.000000	1.000000	1.000000	1350062728.035505	0.999999	35.943272	22.689780	1.711702	1.000000	1.000000	1.000000	1.000000	0.999995	0.001957	0.999923	0.000721	1.014656	0.000035	1.018849	0.000028	0.999990	0.000239	0.998506	0.000078	
1350062729.035444	1.000000	74.310028	60.888275	6.115234	1.000000	1.000000	1.000000	1.000000	1.000000	1.000000	1.000000	1.000000	1.000000	1.000000	1.000000	1.000000	1.000000	1.000000	1.000000	1.000000	1350062729.035505	1.000000	35.948776	22.697388	1.687332	1.000000	1.000000	1.000000	1.000000	0.999936	0.001990	1.000044	0.000422	0.999611	0.000051	0.999993	0.000059	0.999834	0.000128	1.004193	0.000145	
1350062730.035444	1.000000	74.351028	60.925903	6.109070	1.000000	1.000000	1.000000	1.000000	1.000000	1.000000	1.000000	1.000000	1.000000	1.000000	1.000000	1.000000	1.000000	1.000000	1.000000	1.000000	1350062730.035506	1.000001	35.931316	22.679223	1.676466	1.000000	1.000000	1.000000	1.000000	1.000044	0.001837	0.999915	0.000488	1.003318	0.000007	1.000442	0.000006	1.000074	0.000172	1.000832	0.000050	
1350062731.035444	1.000000	71.848206	58.439926	6.102905	0.999999	0.626670	1.000000	1.000000	1.000000	1.000000	1.000000	1.000000	1.000000	1.000000	1.000000	1.000000	1.000000	1.000000	1.000000	1.000000	1350062731.035542	1.000036	38.240261	24.985062	2.097169	1.000000	1.000000	1.000000	1.000000	1.000003	0.376260	1.000000	0.001086	1.000153	0.000061	1.000015	0.000052	1.000038	0.000143	0.999301	0.000044	
1350062732.035444	1.000000	67.519836	54.114563	6.115234	0.999223	0.000186	1.000000	1.000000	1.000000	1.000000	1.000000	1.000000	1.000000	1.000000	1.000000	1.000000	0.999999	1.000000	1.000000	1.000000	1350062732.035538	0.999996	42.116595	28.856867	1.741004	1.000000	1.000000	1.000000	1.000000	1.000000	1.000000	0.999978	0.002367	0.997982	0.000007	0.999836	0.000007	1.000023	0.000206	1.000067	0.000057	
1350062733.035444	1.000000	61.233856	47.812668	6.109070	0.999981	0.002593	1.000000	0.069051	1.000000	1.000000	1.000000	1.000000	1.000000	1.000000	1.000000	1.000000	1.000001	1.000000	1.000000	1.000000	1350062733.035562	1.000024	47.707286	34.446543	2.321859	1.000000	1.000000	1.000000	1.000000	1.000000	1.000000	0.999981	0.003430	1.000001	0.931101	0.993015	0.000073	0.999805	0.000176	1.000153	0.000118	
1350062734.035444	1.000000	61.052261	47.623367	6.109070	0.999654	0.006507	0.987737	0.000009	1.000000	1.000000	1.000000	1.000000	1.000000	1.000000	1.000000	1.000000	1.000000	1.000000	1.000000	1.000000	1350062734.035543	0.999981	48.125521	34.876153	3.390034	1.000000	1.000000	1.000000	1.000000	1.000000	1.000000	0.999980	0.001852	1.000000	1.000000	1.000255	0.001994	1.000028	0.000166	0.999026	0.000036	
1350062735.035444	1.000000	60.971497	47.537598	6.109070	1.000387	0.004975	1.001760	0.000061	1.000000	1.000000	1.000000	1.000000	1.000000	1.000000	1.000000	1.000000	1.000000	1.000000	1.000000	1.000000	1350062735.035563	1.000020	48.186184	34.917392	2.836171	1.000000	1.000000	1.000000	1.000000	1.000000	1.000000	0.999985	0.002392	1.000000	1.000000	0.999898	0.000061	0.999997	0.000154	1.000284	0.000052	
1350062736.035444	1.000000	56.887665	43.451309	6.121323	0.999967	0.000673	0.999989	0.002963	0.999999	0.342122	1.000000	1.000000	1.000000	1.000000	1.000000	1.000000	1.000000	1.000000	1.000000	1.000000	1350062736.035620	1.000057	52.433871	39.160336	2.840506	1.000000	1.000000	1.000000	1.000000	1.000000	1.000000	1.000002	0.658949	1.000000	1.000000	0.999411	0.001311	1.000055	0.000369	1.000016	0.000049	
1350062737.035444	1.000000	56.627655	43.190842	6.107895	1.000004	0.003900	0.999836	0.003849	0.999885	0.003046	1.000000	1.000000	1.000000	1.000000	1.000000	1.000000	1.000000	1.000000	1.000000	1.000000	1350062737.035593	0.999973	54.739161	41.461734	1.847859	1.000000	1.000000	1.000000	1.000000	1.000000	1.000000	1.000000	1.000000	1.000000	1.000000	0.999998	0.004796	1.000000	0.004131	1.000006	0.002756	
1350062738.035444	1.000000	54.920944	41.484451	6.102905	0.999925	0.000318	0.999975	0.007380	0.973170	0.000009	1.000000	1.000000	1.000000	1.000000	1.000000	1.000000	1.000000	1.000000	1.000000	1.000000	1350062738.035588	0.999995	54.723831	41.446146	3.776020	1.000000	1.000000	1.000000	1.000000	1.000000	1.000000	1.000000	1.000000	1.000000	1.000000	1.000038	0.002217	0.999987	0.000172	0.999967	0.000035	
1350062739.035444	1.000000	54.778534	41.342316	6.115234	0.999954	0.000443	1.000192	0.003852	1.000078	0.004099	1.000000	1.000000	1.000000	1.000000	1.000000	1.000000	1.000000	1.000000	1.000000	1.000000	1350062739.035564	0.999976	54.746771	41.467429	3.908068	1.000000	1.000000	1.000000	1.000000	1.000000	1.000000	1.000000	1.000000	1.000000	1.000000	1.000033	0.001786	0.999797	0.000112	0.988539	0.000046	
1350062740.035444	1.000000	56.507324	43.085831	6.115234	0.999978	0.000299	0.976719	0.000008	0.999257	0.000784	1.000000	1.000000	1.000000	1.000000	1.000000	1.000000	1.000000	1.000000	1.000000	1.000000	1350062740.035564	1.000000	54.762939	41.484360	2.129456	1.000000	1.000000	1.000000	1.000000	1.000000	1.000000	1.000000	1.000000	1.000000	1.000000	0.999863	0.001744	1.000045	0.000407	0.998116	0.000071	
1350062741.035444	1.000000	54.449036	41.012848	6.115234	1.000041	0.000450	1.002808	0.000063	1.011441	0.000060	1.000000	1.000000	1.000000	1.000000	1.000000	1.000000	1.000000	1.000000	1.000000	1.000000	1350062741.035590	1.000026	54.777156	41.497258	1.813185	1.000000	1.000000	1.000000	1.000000	1.000000	1.000000	1.000000	1.000000	1.000000	1.000000	1.000061	0.001707	1.000000	0.000302	1.007279	0.000087	
1350062742.035444	1.000000	54.426727	40.990952	6.121399	1.000004	0.000280	1.001259	0.000008	0.999817	0.000008	0.999999	0.999999	1.000000	1.000000	1.000000	1.000000	1.000000	1.000000	1.000000	1.000000	1350062742.035585	0.999995	54.773101	41.491312	1.729333	1.000000	1.000000	1.000000	1.000000	1.000000	1.000000	1.000000	1.000000	1.000000	1.000000	0.999991	0.001757	0.999985	0.000354	0.999897	0.000049	
1350062743.035444	1.000000	54.416107	40.982056	6.121399	0.999957	0.000524	0.991316	0.000062	0.999955	0.000060	1.000001	1.000000	1.000000	1.000000	1.000000	1.000000	1.000000	1.000000	1.000000	1.000000	1350062743.035595	1.000010	54.807694	41.527355	1.858578	1.000000	1.000000	1.000000	1.000000	1.000000	1.000000	1.000000	1.000000	1.000000	1.000000	1.000024	0.001992	1.000028	0.000387	1.000007	0.000056	
1350062744.035444	1.000000	54.404922	40.970383	6.115204	0.999838	0.000262	1.000445	0.001144	0.994303	0.000009	1.000000	1.000000	1.000000	1.000000	1.000000	1.000000	1.000000	1.000000	1.000000	1.000000	1350062744.035591	0.999996	54.785394	41.515717	1.750740	1.000000	1.000000	1.000000	1.000000	1.000000	1.000000	1.000000	1.000000	1.000000	1.000000	0.999985	0.003684	0.999892	0.000320	0.954833	0.000051	
1350062745.035444	1.000000	54.395584	40.960800	6.121399	1.000080	0.000460	1.000668	0.000061	0.998359	0.000062	1.000000	1.000000	1.000000	1.000000	1.000000	1.000000	1.000000	1.000000	1.000000	1.000000	1350062745.035590	0.999999	54.821021	41.538370	1.739076	1.000000	1.000000	1.000000	1.000000	1.000000	1.000000	1.000000	1.000000	1.000000	1.000000	0.999870	0.001647	1.000068	0.000296	1.032799	0.000071	
1350062746.035444	1.000000	54.393417	40.958572	6.121399	0.999566	0.000271	1.000838	0.000008	1.017573	0.000008	1.000000	1.000000	1.000000	1.000000	1.000000	1.000000	1.000000	1.000000	1.000000	1.000000	1350062746.035583	0.999993	54.838270	41.555219	1.697552	1.000000	1.000000	1.000000	1.000000	1.000000	1.000000	1.000000	1.000000	1.000000	1.000000	1.000018	0.001736	0.999942	0.000348	0.999856	0.000048	
1350062747.035452	1.000008	54.387453	40.953937	6.115185	1.000211	0.000478	0.999732	0.000066	0.999817	0.000059	1.000000	1.000000	1.000000	1.000000	1.000000	1.000000	1.000000	1.000000	1.000000	1.000000	1350062747.035596	1.000013	54.848646	41.562153	1.698617	1.000000	1.000000	1.000000	1.000000	1.000000	1.000000	1.000000	1.000000	1.000000	1.000000	1.000051	0.001665	0.999971	0.000303	1.000296	0.000063	
1350062748.035444	0.999992	54.390684	40.957775	6.127613	1.000010	0.000348	1.000548	0.000026	1.000628	0.000026	1.000000	1.000000	1.000000	1.000000	1.000000	1.000000	1.000000	1.000000	1.000000	1.000000	1350062748.035584	0.999988	54.862333	41.574394	1.774038	1.000000	1.000000	1.000000	1.000000	1.000000	1.000000	1.000000	1.000000	1.000000	1.000000	1.000006	0.002036	1.000044	0.000423	0.999899	0.000050	
1350062749.035462	1.000018	715803535.770470	715758097.756946	715793169.997939	0.999987	1.000197	0.999985	1.000200	0.999995	1.000197	0.999987	1.000198	0.999987	1.000199	0.999990	1.000195	0.999987	1.000200	0.999987	1.000197	1350062749.035558	0.999974	715812670.763487	715797305.519668	715783425.676557	0.999987	1.000197	0.999985	1.000199	3.893222	0.256906	0.999987	1.000198	0.999987	1.000200	0.999990	1.000195	0.999987	1.000200	0.999987	1.000197	
1350062750.035555	1.000093	0.000000	0.000000	0.000000	-nan	-nan	-nan	-nan	0.000000	inf	-nan	-nan	-nan	0.000000	-nan	-nan	-nan	-nan	-nan	-nan	1350062750.035633	1.000075	0.000000	0.000000	0.000000	-nan	-nan	-nan	-nan	0.000000	inf	-nan	-nan	-nan	-nan	-nan	-nan	-nan	-nan	-nan	-nan	
