ts_0	elapsed_0	pkg_0	pp0_0	dram_0	freq_ratio_0_0	c0_ratio_0_0	freq_ratio_0_1	c0_ratio_0_1	freq_ratio_0_2	c0_ratio_0_2	freq_ratio_0_3	c0_ratio_0_3	freq_ratio_0_4	c0_ratio_0_4	freq_ratio_0_5	c0_ratio_0_5	freq_ratio_0_6	c0_ratio_0_6	freq_ratio_0_7	c0_ratio_0_7	ts_1	elapsed_1	pkg_1	pp0_1	dram_1	freq_ratio_1_0	c0_ratio_1_0	freq_ratio_1_1	c0_ratio_1_1	freq_ratio_1_2	c0_ratio_1_2	freq_ratio_1_3	c0_ratio_1_3	freq_ratio_1_4	c0_ratio_1_4	freq_ratio_1_5	c0_ratio_1_5	freq_ratio_1_6	c0_ratio_1_6	freq_ratio_1_7	c0_ratio_1_7	
1350062717.038035	1.000288	75.405696	62.182729	6.131352	1.000000	1.000000	1.000000	1.000000	1.000000	1.000000	1.000000	1.000000	1.000000	1.000000	1.000000	1.000000	1.000000	1.000000	1.000000	1.000000	1350062717.038072	1.000273	36.104936	22.836844	2.401337	1.000000	1.000000	0.999981	0.003752	1.000000	1.000000	0.999586	0.000843	0.996896	0.000068	0.997095	0.000070	0.997870	0.000084	0.979995	0.000150	
1350062718.038018	0.999983	75.230369	62.007260	6.127545	1.000000	1.000000	0.999999	0.964134	1.000000	1.000000	1.000000	1.000000	1.000000	1.000000	1.000000	1.000000	1.000000	1.000000	1.000000	1.000000	1350062718.038078	1.000006	36.302884	23.023590	1.977649	1.000000	1.000000	1.000018	0.038305	1.000000	1.000000	1.000325	0.000750	1.011917	0.000013	1.012152	0.000013	1.002497	0.000053	1.229507	0.000013	
1350062719.038018	1.000000	68.750122	55.513794	6.096741	1.000000	1.000000	0.999928	0.000237	1.000000	1.000000	1.000000	1.000000	1.000000	1.000000	1.000000	1.000000	1.000000	1.000000	1.000000	1.000000	1350062719.038080	1.000002	42.190792	28.904059	2.148388	1.000000	1.000000	1.000000	1.000001	1.000000	1.000000	1.000015	0.002593	1.000789	0.000067	1.000998	0.000063	0.998536	0.000099	0.997330	0.000063	
1350062720.038017	0.999999	68.768636	55.530571	6.133734	1.000000	1.000000	1.000088	0.000285	1.000000	1.000000	1.000000	1.000000	1.000000	1.000000	1.000000	1.000000	1.000000	1.000000	1.000000	1.000000	1350062720.038078	0.999998	42.221302	28.929605	2.116642	1.000000	1.000000	1.000000	1.000000	1.000000	1.000000	0.999993	0.002248	0.997976	0.000013	0.997565	0.000013	1.004465	0.000051	1.015447	0.000013	
1350062721.038086	1.000069	66.401568	53.167784	6.114813	0.999997	0.646305	0.998859	0.000295	0.999999	0.999999	0.999999	0.999999	0.999999	0.999999	1.000000	1.000000	1.000000	1.000000	0.999999	1.000000	1350062721.038189	1.000111	44.532070	31.239968	2.262719	1.000001	1.000001	1.000001	1.000001	1.000001	1.000001	1.000006	0.355621	0.999422	0.000606	1.008764	0.000049	1.001918	0.000100	1.001687	0.000150	
1350062722.038018	0.999932	62.410567	49.190293	6.127980	1.000302	0.000421	1.000043	0.002431	1.000000	1.000000	1.000000	1.000000	1.000000	1.000000	1.000000	1.000000	1.000000	1.000000	1.000000	1.000000	1350062722.038130	0.999941	48.762729	35.463407	2.927861	1.000000	1.000000	1.000000	1.000000	1.000000	1.000000	1.000000	1.000000	1.000025	0.002200	0.998112	0.000018	1.005702	0.000037	1.009987	0.000017	
1350062723.038018	1.000000	62.210968	48.989929	6.127563	0.999813	0.000269	0.999864	0.000213	1.000000	1.000000	1.000000	1.000000	1.000000	1.000000	1.000000	1.000000	1.000000	1.000000	1.000000	1.000000	1350062723.038133	1.000003	48.757829	35.472226	2.035180	1.000000	1.000000	1.000000	1.000000	1.000000	1.000000	1.000000	1.000000	1.000019	0.002372	1.000556	0.000063	0.999843	0.000101	0.999236	0.000062	
1350062724.038017	0.999999	62.320509	49.100801	6.115240	0.999377	0.000153	1.000011	0.000207	1.000000	1.000000	1.000000	1.000000	1.000000	1.000000	1.000000	1.000000	1.000000	1.000000	1.000000	1.000000	1350062724.038133	1.000000	48.806992	35.504089	2.226608	1.000000	1.000000	1.000000	1.000000	1.000000	1.000000	1.000000	1.000000	1.000041	0.002119	0.999772	0.000012	1.000256	0.000045	1.003579	0.000012	
1350062725.038018	1.000001	62.607088	49.388213	6.115229	1.000018	0.005591	0.999922	0.000249	1.000000	1.000000	1.000000	1.000000	1.000000	1.000000	1.000000	1.000000	1.000000	1.000000	1.000000	1.000000	1350062725.038134	1.000001	48.820205	35.517544	3.461300	1.000000	1.000000	1.000000	1.000000	1.000000	1.000000	1.000000	1.000000	0.999880	0.002165	0.999913	0.000076	1.000066	0.000088	0.996532	0.000196	
1350062726.038017	0.999999	60.728635	47.507339	6.121405	0.999887	0.003216	0.999372	0.000320	0.999999	0.737217	1.000000	1.000000	1.000000	1.000000	1.000000	1.000000	1.000000	1.000000	1.000000	1.000000	1350062726.038159	1.000025	50.484088	37.182388	2.865727	1.000000	1.000000	1.000000	1.000000	1.000000	1.000000	1.000000	1.000000	1.000005	0.264416	0.998773	0.000489	0.999580	0.000056	1.031285	0.000021	
1350062727.038017	1.000000	55.925339	42.721725	6.115234	1.000087	0.001310	1.001063	0.000200	1.003752	0.000050	1.000000	1.000000	1.000000	1.000000	1.000000	1.000000	1.000000	1.000000	1.000000	1.000000	1350062727.038158	0.999999	55.259467	41.956263	2.390856	1.000000	1.000000	1.000000	1.000000	1.000000	1.000000	1.000000	1.000000	1.000000	1.000000	0.999921	0.002243	1.000171	0.000086	1.000462	0.000066	
1350062728.038017	1.000000	55.941483	42.727463	6.109070	0.999480	0.000112	0.999910	0.002136	0.986297	0.000013	1.000000	1.000000	1.000000	1.000000	1.000000	1.000000	1.000000	1.000000	1.000000	1.000000	1350062728.038161	1.000003	55.288540	41.983116	2.147180	1.000000	1.000000	1.000000	1.000000	1.000000	1.000000	1.000000	1.000000	1.000000	1.000000	1.000074	0.002030	0.997148	0.000057	0.985884	0.000012	
1350062729.038018	1.000001	55.934151	42.722066	6.109064	1.000934	0.000297	1.000962	0.000200	1.002260	0.000077	1.000000	1.000000	1.000000	1.000000	1.000000	1.000000	1.000000	1.000000	1.000000	1.000000	1350062729.038161	1.000000	55.263992	41.961121	2.107590	1.000000	1.000000	1.000000	1.000000	1.000000	1.000000	1.000000	1.000000	1.000000	1.000000	0.999991	0.001991	1.001865	0.000091	1.000921	0.000127	
1350062730.038017	0.999999	55.935280	42.725505	6.096747	0.998029	0.000067	0.999297	0.000283	0.982635	0.000013	1.000000	1.000000	1.000000	1.000000	1.000000	1.000000	1.000000	1.000000	1.000000	1.000000	1350062730.038160	0.999999	55.309516	42.005442	2.066088	1.000000	1.000000	1.000000	1.000000	1.000000	1.000000	1.000000	1.000000	1.000000	1.000000	0.999991	0.001999	1.000000	0.000037	1.004141	0.000012	
1350062731.038017	1.000000	55.918091	42.710190	6.121399	0.999621	0.000266	1.001001	0.000210	1.003848	0.000054	1.000000	1.000000	1.000000	1.000000	1.000000	1.000000	1.000000	1.000000	1.000000	1.000000	1350062731.038161	1.000001	55.298547	41.995153	2.026365	1.000000	1.000000	1.000000	1.000000	1.000000	1.000000	1.000000	1.000000	1.000000	1.000000	0.999979	0.002153	0.999923	0.000091	1.000000	0.000058	
1350062732.038017	1.000000	55.921722	42.715652	6.115051	0.999996	0.000658	0.998852	0.000185	0.985426	0.000013	1.000000	1.000000	1.000000	1.000000	1.000000	1.000000	1.000000	1.000000	1.000000	1.000000	1350062732.038157	0.999996	55.289699	41.987429	2.189142	1.000000	1.000000	1.000000	1.000000	1.000000	1.000000	1.000000	1.000000	1.000000	1.000000	0.999937	0.002005	0.999714	0.000051	0.999139	0.000012	
1350062733.038018	1.000001	55.805077	42.598867	6.133722	1.000509	0.000530	1.000960	0.000212	1.002772	0.000078	1.000000	1.000000	1.000000	1.000000	1.000000	1.000000	1.000000	1.000000	1.000000	1.000000	1350062733.038150	0.999993	55.226899	41.923431	2.361573	1.000000	1.000000	1.000000	1.000000	1.000000	1.000000	1.000000	1.000000	1.000000	1.000000	0.999984	0.002009	1.000155	0.000097	0.999903	0.000131	
1350062734.038017	0.999999	55.880394	42.687236	6.115240	0.998303	0.000227	0.998839	0.000187	0.996399	0.000062	1.000000	1.000000	1.000000	1.000000	1.000000	1.000000	1.000000	1.000000	1.000000	1.000000	1350062734.038159	1.000009	55.138096	41.856875	2.259974	1.000000	1.000000	1.000000	1.000000	1.000000	1.000000	1.000000	1.000000	1.000000	1.000000	0.999990	0.001870	1.000000	0.000051	1.001809	0.000012	
1350062735.038018	1.000001	55.927345	42.761312	6.115229	1.000351	0.000394	1.000833	0.000251	0.994409	0.000047	1.000000	1.000000	1.000000	1.000000	0.999999	1.000000	1.000000	1.000000	1.000000	1.000000	1350062735.038157	0.999998	55.135039	41.846119	2.260899	1.000000	1.000000	1.000000	1.000000	1.000000	1.000000	1.000000	1.000000	1.000000	1.000000	0.999992	0.001994	0.999712	0.000083	1.000000	0.000059	
1350062736.038017	0.999999	55.931190	42.682688	6.090460	0.999959	0.000428	0.999952	0.000352	1.001046	0.000443	1.000000	1.000000	1.000000	1.000000	1.000001	1.000000	1.000000	1.000000	1.000000	1.000000	1350062736.038181	1.000024	55.253705	41.958523	2.336675	1.000000	1.000000	1.000000	1.000000	1.000000	1.000000	1.000000	1.000000	1.000000	1.000000	1.000047	0.001815	1.000009	0.000260	0.997902	0.000018	
1350062737.038018	1.000001	57.579642	44.375675	6.096735	1.000014	0.000710	0.999949	0.000195	0.999953	0.003922	1.000000	1.000000	1.000000	1.000000	1.000000	1.000000	1.000000	1.000000	1.000000	1.000000	1350062737.038137	0.999956	55.162193	41.872010	3.600043	1.000000	1.000000	1.000000	1.000000	1.000000	1.000000	1.000000	1.000000	1.000000	1.000000	0.999899	0.001630	1.000150	0.000123	0.993114	0.000090	
1350062738.038017	0.999999	58.335566	45.127942	6.126150	0.999993	0.003942	0.999983	0.008204	0.999953	0.003431	1.000000	1.000000	1.000000	1.000000	1.000000	1.000000	1.000000	1.000000	1.000000	1.000000	1350062738.038158	1.000021	55.623558	42.330945	3.311668	1.000000	1.000000	1.000000	1.000000	1.000000	1.000000	1.000000	1.000000	1.000000	1.000000	1.000012	0.004868	0.999957	0.003711	1.000148	0.003115	
1350062739.038017	1.000000	55.984436	42.779434	6.115234	1.000002	0.001793	1.000259	0.000324	1.002517	0.000078	1.000000	1.000000	1.000000	1.000000	1.000000	1.000000	1.000000	1.000000	1.000000	1.000000	1350062739.038159	1.000001	55.201470	41.907950	2.622434	1.000000	1.000000	1.000000	1.000000	1.000000	1.000000	1.000000	1.000000	1.000000	1.000000	1.000040	0.001929	1.001512	0.000083	1.001776	0.000080	
1350062740.038017	1.000000	55.900253	42.697922	6.115234	0.999994	0.000252	0.999332	0.000230	0.987992	0.000013	1.000000	1.000000	1.000000	1.000000	1.000000	1.000000	1.000000	1.000000	1.000000	1.000000	1350062740.038161	1.000002	55.121584	41.832608	2.327068	1.000000	1.000000	1.000000	1.000000	1.000000	1.000000	1.000000	1.000000	1.000000	1.000000	0.999980	0.001927	1.000134	0.000052	1.002206	0.000012	
1350062741.038018	1.000001	55.896431	42.695150	6.115229	0.999970	0.000460	1.000708	0.000205	1.002657	0.000062	1.000000	1.000000	1.000000	1.000000	1.000000	1.000000	1.000000	1.000000	1.000000	1.000000	1350062741.038159	0.999998	55.044676	41.758564	2.373143	1.000000	1.000000	1.000000	1.000000	1.000000	1.000000	1.000000	1.000000	1.000000	1.000000	0.999979	0.001895	0.999908	0.000104	1.000045	0.000077	
1350062742.038017	0.999999	55.913933	42.711344	6.090582	1.000110	0.000529	0.999587	0.000185	0.984687	0.000013	1.000000	1.000000	1.000000	1.000000	1.000000	1.000000	1.000000	1.000000	1.000000	1.000000	1350062742.038162	1.000003	54.945386	41.676735	2.226891	1.000000	1.000000	1.000000	1.000000	1.000000	1.000000	1.000000	1.000000	1.000000	1.000000	0.999992	0.002011	1.000041	0.000038	1.001628	0.000012	
1350062743.038018	1.000001	55.882088	42.680181	6.096735	0.999834	0.000431	1.000481	0.000204	1.003886	0.000058	1.000000	1.000000	1.000000	1.000000	1.000000	1.000000	1.000000	1.000000	1.000000	1.000000	1350062743.038156	0.999994	55.010444	41.728108	2.331877	1.000000	1.000000	1.000000	1.000000	1.000000	1.000000	1.000000	1.000000	1.000000	1.000000	0.999997	0.001803	0.999964	0.000106	0.999910	0.000060	
1350062744.038024	1.000006	56.197495	42.994617	6.115198	0.999999	0.005700	1.000051	0.000190	0.999754	0.000039	1.000000	1.000000	1.000000	1.000000	1.000000	1.000000	1.000000	1.000000	1.000000	1.000000	1350062744.038155	0.999999	54.973441	41.691904	3.457431	1.000000	1.000000	1.000000	1.000000	1.000000	1.000000	1.000000	1.000000	1.000000	1.000000	0.999985	0.005353	0.999675	0.000036	0.998622	0.000012	
1350062745.038018	0.999994	56.164977	42.975751	6.115271	1.000004	0.006246	0.999846	0.000237	0.999330	0.000055	1.000000	1.000000	1.000000	1.000000	1.000000	1.000000	1.000000	1.000000	1.000000	1.000000	1350062745.038162	1.000007	55.027711	41.744142	3.415687	1.000000	1.000000	1.000000	1.000000	1.000000	1.000000	1.000000	1.000000	1.000000	1.000000	1.000002	0.001637	1.000478	0.000076	1.000329	0.000057	
1350062746.038017	0.999999	56.231331	43.028972	6.109076	0.999988	0.005934	1.000119	0.000174	1.000182	0.000013	1.000000	1.000000	1.000000	1.000000	1.000000	1.000000	1.000000	1.000000	1.000000	1.000000	1350062746.038163	1.000001	55.130303	41.841604	3.544568	1.000000	1.000000	1.000000	1.000000	1.000000	1.000000	1.000000	1.000000	1.000000	1.000000	0.999991	0.001651	0.999850	0.000049	0.998343	0.000012	
1350062747.038018	1.000001	56.232231	43.029286	6.115229	0.999946	0.001452	0.999995	0.005151	0.991375	0.000053	1.000000	1.000000	1.000000	1.000000	1.000000	1.000000	1.000000	1.000000	1.000000	1.000000	1350062747.038159	0.999996	55.108469	41.821336	3.528594	1.000000	1.000000	1.000000	1.000000	1.000000	1.000000	1.000000	1.000000	1.000000	1.000000	1.000009	0.001763	0.999587	0.000070	0.999106	0.000044	
1350062748.038017	0.999999	56.077507	42.876536	6.121405	1.000011	0.002989	0.999924	0.002611	1.004830	0.000058	1.000000	1.000000	1.000000	1.000000	1.000000	1.000000	1.000000	1.000000	1.000000	1.000000	1350062748.038160	1.000001	55.017648	41.734900	3.174054	1.000000	1.000000	1.000000	1.000000	1.000000	1.000000	1.000000	1.000000	1.000000	1.000000	1.000000	0.001846	0.997774	0.000051	0.994613	0.000020	
1350062749.038027	1.000010	715773763.205443	715804452.674041	715777235.768937	0.999982	1.000166	0.999980	1.000170	0.999990	1.000165	0.999983	1.000173	0.999982	1.000167	0.999984	1.000161	0.999982	1.000166	0.999983	1.000168	1350062749.038127	0.999967	715800613.709264	715804700.601207	715839264.719155	0.999982	1.000168	0.999980	1.000170	3.893534	0.256877	0.999981	1.000163	0.999983	1.000170	0.999984	1.000161	0.999982	1.000169	0.999982	1.000164	
1350062750.038115	1.000088	0.000000	0.000000	0.000000	-nan	-nan	-nan	-nan	8.000000	inf	-nan	-nan	-nan	0.000000	-nan	-nan	-nan	-nan	-nan	-nan	1350062750.038194	1.000067	0.000000	0.000000	0.000000	-nan	-nan	-nan	-nan	0.000000	inf	-nan	-nan	-nan	-nan	-nan	-nan	-nan	-nan	-nan	-nan	
