ts_0	elapsed_0	pkg_0	pp0_0	dram_0	freq_ratio_0_0	c0_ratio_0_0	freq_ratio_0_1	c0_ratio_0_1	freq_ratio_0_2	c0_ratio_0_2	freq_ratio_0_3	c0_ratio_0_3	freq_ratio_0_4	c0_ratio_0_4	freq_ratio_0_5	c0_ratio_0_5	freq_ratio_0_6	c0_ratio_0_6	freq_ratio_0_7	c0_ratio_0_7	ts_1	elapsed_1	pkg_1	pp0_1	dram_1	freq_ratio_1_0	c0_ratio_1_0	freq_ratio_1_1	c0_ratio_1_1	freq_ratio_1_2	c0_ratio_1_2	freq_ratio_1_3	c0_ratio_1_3	freq_ratio_1_4	c0_ratio_1_4	freq_ratio_1_5	c0_ratio_1_5	freq_ratio_1_6	c0_ratio_1_6	freq_ratio_1_7	c0_ratio_1_7	
1350068253.594004	1.000299	49.076163	35.879974	6.113407	1.000000	1.000000	0.998536	0.000390	1.000000	1.000000	0.999951	0.000298	1.000000	1.000000	0.999904	0.000260	1.000000	1.000000	0.999974	0.000500	1350068253.594141	1.000313	48.557630	35.285509	2.750985	1.000000	1.000000	1.000004	0.001548	1.000000	1.000000	0.999575	0.000526	1.000000	0.999999	0.999948	0.004583	1.000000	1.000000	1.000009	0.000337	
1350068254.593987	0.999983	49.080939	35.868848	6.115185	1.000000	1.000000	1.000022	0.000319	1.000000	1.000000	1.000442	0.000312	1.000000	1.000000	1.000551	0.000278	1.000000	1.000000	1.000040	0.000444	1350068254.594124	0.999983	48.431270	35.167526	2.756806	1.000000	1.000000	0.999485	0.000459	1.000000	1.000000	0.999991	0.001400	1.000000	1.000000	0.999939	0.002766	1.000000	1.000000	1.000126	0.000452	
1350068255.593987	1.000000	49.081879	35.870392	6.133728	1.000000	1.000000	0.999952	0.000351	1.000000	1.000000	1.000116	0.000195	1.000000	1.000000	0.999947	0.000218	1.000000	1.000000	0.999977	0.000373	1350068255.594121	0.999997	48.343213	35.062349	2.697503	1.000000	1.000000	1.000585	0.000372	1.000000	1.000000	1.000247	0.000357	1.000000	1.000000	1.000598	0.000380	1.000000	1.000000	0.999293	0.000318	
1350068256.593987	1.000000	49.096741	35.887192	6.127563	1.000000	1.000000	0.999944	0.000331	1.000000	1.000000	0.999555	0.000379	1.000000	1.000000	0.999632	0.000386	1.000000	1.000000	1.001494	0.000626	1350068256.594122	1.000001	48.376907	35.088773	2.745404	1.000000	1.000000	0.999993	0.000453	1.000000	1.000000	0.999779	0.000452	1.000000	1.000000	0.999495	0.000455	1.000000	1.000000	1.000399	0.000502	
1350068257.593987	1.000000	49.085434	35.873032	6.121399	1.000000	1.000000	1.000030	0.000280	1.000000	1.000000	0.999814	0.000217	1.000000	1.000000	0.999819	0.000237	1.000000	1.000000	0.997805	0.000435	1350068257.594120	0.999998	48.480500	35.188650	2.680929	1.000000	0.999995	0.999970	0.000362	1.000000	1.000000	1.000544	0.000382	1.000000	1.000000	1.000551	0.000375	1.000000	1.000000	0.993731	0.000397	
1350068258.593987	1.000000	49.081802	35.881241	6.121201	1.000000	1.000000	0.999997	0.005166	1.000000	1.000000	1.000073	0.000352	1.000000	1.000000	1.000091	0.000258	1.000000	1.000000	0.999986	0.000406	1350068258.594128	1.000008	48.533512	35.242299	2.724068	1.000000	1.000005	1.000029	0.000446	1.000000	1.000000	0.999702	0.000448	1.000000	1.000000	0.999732	0.000420	1.000000	1.000000	1.005430	0.000418	
1350068259.593987	1.000000	49.080902	35.865875	6.121399	1.000000	1.000000	1.000102	0.000269	1.000000	1.000000	1.000066	0.000218	1.000000	1.000000	0.999934	0.000234	1.000000	1.000000	1.000005	0.000374	1350068259.594115	0.999987	48.686399	35.392157	2.668309	1.000000	1.000000	0.999980	0.000375	0.999995	1.000000	1.000384	0.000333	1.000000	1.000000	1.000004	0.003012	1.000000	1.000000	1.000565	0.000322	
1350068260.593987	1.000000	49.098831	35.883194	6.121399	1.000000	1.000000	0.999925	0.000431	1.000000	1.000000	0.999891	0.000278	1.000000	1.000000	1.000008	0.000349	1.000000	1.000000	0.999979	0.000400	1350068260.594115	1.000000	48.867950	35.573074	2.716354	1.000000	0.999995	0.999986	0.000439	1.000005	1.000000	0.999755	0.000475	1.000000	1.000000	0.999912	0.003700	1.000000	1.000000	0.999994	0.002813	
1350068261.593987	1.000000	49.084122	35.870209	6.121399	1.000000	1.000000	1.000178	0.000268	1.000000	1.000000	0.999911	0.000261	1.000000	1.000000	1.000013	0.000246	1.000000	1.000000	1.001561	0.000629	1350068261.594116	1.000001	48.935226	35.639599	2.669492	1.000000	1.000005	0.999989	0.000352	1.000000	1.000000	1.000307	0.000344	1.000000	1.000000	1.000603	0.000357	1.000000	1.000000	1.000021	0.007094	
1350068262.593987	1.000000	49.271759	36.058594	6.120361	1.000000	1.000000	0.999986	0.003444	1.000000	1.000000	1.000005	0.003023	1.000000	1.000000	0.999995	0.002781	1.000000	1.000000	0.999732	0.003721	1350068262.594114	0.999998	49.273287	35.974052	2.681997	1.000000	1.000000	0.999998	0.003085	1.000000	1.000000	0.999991	0.003047	1.000000	1.000000	0.999929	0.002950	1.000000	1.000000	0.999971	0.008430	
1350068263.593987	1.000000	49.066742	35.856720	6.127563	1.000000	1.000000	0.999988	0.000314	1.000000	1.000000	0.999989	0.000217	1.000000	1.000000	1.000021	0.000201	1.000000	1.000000	1.000000	0.000388	1350068263.594116	1.000002	48.551207	35.265726	2.688349	1.000000	1.000000	1.000020	0.000391	1.000000	1.000000	1.000031	0.000391	1.000000	1.000000	1.000204	0.000372	1.000000	1.000000	1.000663	0.000329	
1350068264.593987	1.000000	49.077835	35.867538	6.121399	1.000000	1.000000	0.999991	0.000388	1.000000	1.000000	0.999986	0.000303	1.000000	1.000000	0.999987	0.000330	1.000000	1.000000	0.999957	0.000406	1350068264.594122	1.000006	48.601105	35.300510	2.741011	1.000000	1.000000	0.999675	0.000453	1.000000	1.000000	0.999720	0.000400	1.000000	1.000000	0.999802	0.000431	1.000000	1.000000	0.999536	0.000491	
1350068265.593987	1.000000	49.052994	35.840790	6.115234	1.000000	1.000000	1.000086	0.000336	1.000000	1.000000	0.999833	0.000207	1.000000	1.000000	0.999764	0.000220	1.000000	1.000000	0.999998	0.000411	1350068265.594115	0.999993	48.595749	35.294540	2.707966	1.000000	1.000000	0.999720	0.000369	1.000000	1.000000	1.000293	0.000358	1.000000	1.000000	1.000480	0.000427	1.000000	1.000000	1.000690	0.000306	
1350068266.593987	1.000000	49.044357	35.830414	6.109070	1.000000	1.000000	1.000048	0.000289	1.000000	1.000000	1.000425	0.000375	1.000000	1.000000	1.000716	0.000259	1.000000	1.000000	1.001535	0.000619	1350068266.594120	1.000005	48.740753	35.439672	2.666246	1.000000	1.000000	1.000083	0.002717	1.000000	1.000000	0.999996	0.000407	1.000000	1.000000	0.999987	0.000420	1.000000	1.000000	1.000009	0.000450	
1350068267.593987	1.000000	49.006348	35.810532	6.115234	1.000000	1.000000	0.999881	0.000247	1.000000	1.000000	1.000000	0.000228	1.000000	1.000000	0.999925	0.000225	1.000000	1.000000	0.997873	0.000457	1350068267.594116	0.999996	49.372774	36.073526	2.639034	1.000000	1.000000	0.999988	0.009504	1.000000	1.000000	0.999989	0.000378	1.000000	1.000000	0.999654	0.000406	1.000000	1.000000	0.999921	0.000345	
1350068268.593987	1.000000	49.579163	36.368210	6.115234	1.000000	1.000000	0.999993	0.003221	1.000000	1.000000	0.999962	0.006234	1.000000	1.000000	0.999475	0.000273	1.000000	1.000000	0.999956	0.000404	1350068268.594117	1.000001	48.826080	35.524472	4.536006	1.000000	0.999994	0.999991	0.001019	1.000000	1.000000	0.999981	0.000318	1.000000	1.000000	1.000355	0.000381	1.000000	1.000000	0.999955	0.002419	
1350068269.593987	1.000000	49.017761	35.808823	6.133728	1.000000	1.000000	1.000008	0.000376	1.000000	1.000000	0.999924	0.000229	1.000000	1.000000	0.999989	0.000235	1.000000	1.000000	0.999998	0.000389	1350068269.594123	1.000006	49.321605	36.019545	2.700317	1.000000	1.000006	0.999982	0.000390	0.999994	1.000000	0.999993	0.000394	1.000000	1.000000	0.999992	0.000370	1.000000	1.000000	0.999731	0.009566	
1350068270.593987	1.000000	49.240204	36.030579	6.121399	1.000000	1.000000	0.999981	0.003083	1.000000	1.000000	1.000013	0.000271	1.000000	1.000000	1.000048	0.000256	1.000000	1.000000	0.999991	0.000388	1350068270.594121	0.999998	49.088732	35.788017	3.443778	1.000000	1.000000	1.000001	0.000363	1.000006	1.000000	0.999993	0.000384	1.000000	1.000000	1.000052	0.000371	1.000000	1.000000	1.000452	0.006246	
1350068271.593986	0.999999	49.280580	36.069660	6.084417	1.000000	1.000000	1.000004	0.004974	1.000000	1.000000	0.999928	0.000268	1.000000	1.000000	1.000004	0.000194	1.000000	1.000000	1.001661	0.000589	1350068271.594120	0.999999	48.535676	35.247287	3.433826	1.000000	1.000000	0.999063	0.000312	1.000000	1.000000	0.999255	0.000310	1.000000	1.000000	0.999807	0.000318	1.000000	1.000000	0.999939	0.000274	
1350068272.593987	1.000001	49.326628	36.116451	6.127558	1.000000	1.000000	0.999996	0.002151	1.000000	1.000000	1.000194	0.002422	1.000000	1.000000	0.999951	0.000254	1.000000	1.000000	0.997722	0.000440	1350068272.594127	1.000007	48.713683	35.413497	3.759068	1.000000	1.000000	1.000791	0.000361	1.000000	1.000000	1.000609	0.000354	1.000000	1.000000	0.999968	0.002276	1.000000	1.000000	0.999993	0.000355	
1350068273.593987	1.000000	50.013458	36.803894	6.090561	1.000000	1.000000	0.999750	0.000568	1.000000	1.000000	0.999978	0.009987	1.000000	1.000000	0.999967	0.000211	1.000000	1.000000	0.999961	0.000365	1350068273.594112	0.999985	48.605878	35.301479	5.620873	1.000000	1.000000	0.999983	0.000278	1.000000	1.000000	0.999514	0.000268	1.000000	1.000000	1.000012	0.000258	1.000000	1.000000	0.999978	0.000229	
1350068274.593987	1.000000	49.677567	36.472488	6.133728	1.000000	1.000000	0.999986	0.000285	1.000000	1.000000	0.999894	0.006576	1.000000	1.000000	0.999956	0.000252	1.000000	1.000000	1.000033	0.000377	1350068274.594121	1.000009	48.927123	35.625883	4.555165	1.000000	1.000000	0.999966	0.000308	1.000000	1.000000	1.000364	0.000323	1.000000	1.000000	1.000089	0.000356	1.000000	1.000000	0.999953	0.003610	
1350068275.593987	1.000000	48.969803	35.777908	6.133728	1.000000	1.000000	1.000014	0.000357	1.000000	1.000000	0.999978	0.000211	1.000000	1.000000	1.000026	0.000222	1.000000	1.000000	0.999991	0.000400	1350068275.594116	0.999995	48.931443	35.631770	2.697600	1.000000	1.000000	1.000012	0.000355	1.000000	1.000000	1.000000	0.000383	1.000000	1.000000	0.999974	0.002909	1.000000	1.000000	1.000085	0.002449	
1350068276.593987	1.000000	49.016327	35.809982	6.115234	1.000000	1.000000	0.999968	0.000317	1.000000	1.000000	0.999943	0.000292	1.000000	1.000000	0.999948	0.000259	1.000000	1.000000	0.999803	0.000443	1350068276.594114	0.999998	48.844942	35.545829	2.667318	1.000000	1.000000	0.999946	0.000430	1.000000	1.000000	0.999815	0.000414	1.000000	1.000000	0.999966	0.005041	1.000000	1.000000	1.000065	0.000414	
1350068277.593987	1.000000	48.998734	35.795685	6.109070	1.000000	1.000000	1.000337	0.000270	1.000000	1.000000	1.000110	0.000261	1.000000	1.000000	0.999976	0.000220	1.000000	1.000000	1.000092	0.000687	1350068277.594117	1.000003	48.872743	35.574307	2.674156	0.999994	1.000000	1.000035	0.000346	1.000000	1.000000	1.000163	0.000360	1.000000	1.000000	0.999940	0.005087	1.000000	1.000000	0.997248	0.000349	
1350068278.593987	1.000000	49.025787	35.824478	6.102905	1.000000	1.000000	0.999948	0.002320	1.000000	1.000000	1.000346	0.000269	1.000000	1.000000	1.000482	0.000258	1.000000	1.000000	0.999997	0.000374	1350068278.594116	0.999999	48.883454	35.586368	2.733233	1.000006	0.999994	1.000011	0.000383	1.000000	1.000000	1.000009	0.000419	1.000000	1.000000	0.999947	0.005174	1.000000	1.000000	1.001768	0.000410	
1350068279.593987	1.000000	49.026093	35.822968	6.127563	1.000000	1.000000	1.000127	0.001135	1.000000	1.000000	1.000098	0.000220	1.000000	1.000000	1.000286	0.000198	1.000000	1.000000	0.999970	0.000396	1350068279.594116	1.000000	48.845154	35.549042	2.662170	1.000000	1.000006	0.999974	0.000362	1.000000	1.000000	0.999966	0.000371	1.000000	1.000000	1.000013	0.005079	1.000000	1.000000	1.000620	0.000321	
1350068280.593987	1.000000	49.061356	35.860199	6.115234	1.000000	1.000000	0.999817	0.000417	1.000000	1.000000	0.999474	0.000289	1.000000	1.000000	0.999361	0.000294	1.000000	1.000000	0.999956	0.000406	1350068280.594121	1.000005	48.873413	35.576802	2.703356	1.000000	1.000000	0.999997	0.000391	1.000000	1.000000	0.999709	0.000428	1.000000	1.000000	0.999967	0.005119	1.000000	1.000000	0.999939	0.000390	
1350068281.593987	1.000000	49.050323	35.844757	6.127563	1.000000	1.000000	0.999999	0.000501	1.000000	1.000000	0.999839	0.000220	1.000000	1.000000	1.000014	0.000219	1.000000	1.000000	1.000100	0.000375	1350068281.594119	0.999998	48.694612	35.408759	2.702123	1.000000	1.000000	0.999968	0.000360	1.000000	1.000000	1.000293	0.000397	1.000000	1.000000	0.999973	0.002436	1.000000	1.000000	1.000001	0.000647	
1350068282.593987	1.000000	49.068787	35.861313	6.121338	1.000000	1.000000	0.999998	0.000809	1.000000	1.000000	1.000082	0.000309	1.000000	1.000000	0.999967	0.000236	1.000000	1.000000	0.999931	0.000665	1350068282.594120	1.000001	48.645599	35.347867	2.681806	1.000000	0.999995	1.000040	0.000414	1.000000	1.000000	0.999995	0.000464	1.000000	1.000000	0.999976	0.000927	1.000000	1.000000	0.999811	0.000398	
1350068283.593987	1.000000	48.939224	35.745544	6.121399	1.000000	1.000000	1.000065	0.000261	1.000000	1.000000	0.999775	0.000226	1.000000	1.000000	0.999937	0.000219	1.000000	1.000000	1.000003	0.000375	1350068283.594114	0.999994	48.862138	35.563429	2.634781	1.000000	1.000005	0.999995	0.003852	1.000000	1.000000	0.999991	0.001409	1.000000	1.000000	0.999990	0.000384	1.000000	1.000000	1.000175	0.000334	
1350068284.593987	1.000000	49.030685	35.828217	6.127563	1.000000	1.000000	1.000005	0.000339	1.000000	1.000000	1.000103	0.000292	1.000000	1.000000	0.999970	0.000261	1.000000	1.000000	0.999987	0.000385	1350068284.594123	1.000009	48.990187	35.692532	2.672629	1.000000	1.000000	0.999977	0.006943	1.000000	1.000000	0.999986	0.000385	1.000000	1.000000	0.999732	0.000421	1.000000	1.000000	0.999554	0.000444	
1350068285.593996	1.000009	715809370.102623	715781934.049632	715814422.656335	0.999982	1.000166	0.999980	1.000171	0.999990	1.000165	0.999983	1.000174	0.999982	1.000168	0.999984	1.000161	0.999982	1.000166	0.999983	1.000168	1350068285.594087	0.999964	715786636.424733	715798611.590030	715827021.461315	0.999982	1.000168	0.999980	1.000170	3.893538	0.256876	0.999982	1.000164	0.999983	1.000171	0.999984	1.000162	0.999982	1.000170	0.999982	1.000165	
1350068286.594055	1.000059	0.000000	0.000000	0.000000	-nan	-nan	-nan	-nan	0.000000	inf	-nan	-nan	-nan	0.000000	-nan	-nan	-nan	-nan	-nan	-nan	1350068286.594132	1.000045	0.000000	0.000000	0.000000	-nan	-nan	-nan	-nan	0.000000	inf	-nan	-nan	-nan	-nan	-nan	-nan	-nan	-nan	-nan	-nan	
