ts_0	elapsed_0	pkg_0	pp0_0	dram_0	freq_ratio_0_0	c0_ratio_0_0	freq_ratio_0_1	c0_ratio_0_1	freq_ratio_0_2	c0_ratio_0_2	freq_ratio_0_3	c0_ratio_0_3	freq_ratio_0_4	c0_ratio_0_4	freq_ratio_0_5	c0_ratio_0_5	freq_ratio_0_6	c0_ratio_0_6	freq_ratio_0_7	c0_ratio_0_7	ts_1	elapsed_1	pkg_1	pp0_1	dram_1	freq_ratio_1_0	c0_ratio_1_0	freq_ratio_1_1	c0_ratio_1_1	freq_ratio_1_2	c0_ratio_1_2	freq_ratio_1_3	c0_ratio_1_3	freq_ratio_1_4	c0_ratio_1_4	freq_ratio_1_5	c0_ratio_1_5	freq_ratio_1_6	c0_ratio_1_6	freq_ratio_1_7	c0_ratio_1_7	
1350068253.595418	1.000310	46.445825	33.190427	3.796126	1.000000	1.000000	0.998109	0.000469	1.000000	1.000000	0.999973	0.000419	1.000000	1.000000	0.999966	0.000331	1.000000	1.000000	1.000045	0.000442	1350068253.595553	1.000293	46.152172	32.948750	1.698370	0.999204	0.000654	1.000000	1.000000	1.000000	1.000000	0.999700	0.000605	1.000000	1.000000	0.999531	0.000446	1.000000	1.000000	0.999618	0.000586	
1350068254.595401	0.999983	46.401664	33.134136	3.797565	1.000000	1.000000	1.001572	0.000366	1.000000	1.000000	0.999928	0.000219	1.000000	1.000000	0.999984	0.000238	1.000000	1.000000	0.999976	0.000213	1350068254.595537	0.999984	46.107151	32.909782	1.588740	1.000002	0.000453	1.000000	1.000000	1.000000	1.000000	1.000708	0.000236	1.000000	1.000000	1.000769	0.000304	1.000000	1.000000	1.000603	0.000378	
1350068255.595401	1.000000	46.375763	33.120102	3.805008	1.000000	1.000000	0.998290	0.000332	1.000000	1.000000	1.000027	0.000305	1.000000	1.000000	1.000572	0.000242	1.000000	1.000000	1.000331	0.000282	1350068255.595532	0.999995	46.104830	32.918881	1.639824	0.999894	0.000899	1.000000	1.000000	1.000000	1.000000	0.999941	0.000337	1.000000	1.000000	0.999944	0.000509	1.000000	1.000000	0.999443	0.000400	
1350068256.595401	1.000000	46.473206	33.186523	3.805054	1.000000	1.000000	1.001510	0.000367	1.000000	1.000000	1.000524	0.000307	1.000000	1.000000	1.000027	0.000217	1.000000	1.000000	1.000049	0.000212	1350068256.595540	1.000008	46.158241	32.955330	1.590197	1.000102	0.000436	1.000000	1.000000	1.000000	1.000000	1.000049	0.000230	1.000000	1.000000	0.999963	0.000334	1.000000	1.000000	1.000602	0.000369	
1350068257.595402	1.000001	46.420869	33.148925	3.805264	1.000000	1.000000	0.998298	0.000338	1.000000	1.000000	0.999422	0.000292	1.000000	1.000000	0.999473	0.000307	1.000000	1.000000	0.999597	0.000324	1350068257.595532	0.999992	46.174080	32.971703	1.648878	0.999980	0.000652	1.000000	1.000000	1.000000	1.000000	1.000408	0.000283	1.000000	1.000000	1.000061	0.000356	1.000000	1.000000	0.999989	0.000399	
1350068258.595402	1.000000	46.784378	33.522034	3.796661	1.000000	1.000000	1.000010	0.003503	1.000000	1.000000	0.999990	0.002981	1.000000	1.000000	0.999999	0.002885	1.000000	1.000000	1.000004	0.002852	1350068258.595533	1.000001	46.387727	33.182296	1.609496	1.000002	0.004229	1.000000	1.000000	1.000000	1.000000	0.999958	0.002970	1.000000	1.000000	0.999989	0.003197	1.000000	1.000000	1.000004	0.002860	
1350068259.595402	1.000000	46.432495	33.159958	3.801163	1.000000	1.000000	0.999462	0.000356	1.000000	1.000000	1.000022	0.000298	1.000000	1.000000	0.999986	0.000275	1.000000	1.000000	0.999906	0.000284	1350068259.595533	1.000000	46.181061	32.974533	1.632339	1.000028	0.000475	1.000000	1.000000	1.000000	1.000000	0.999967	0.000311	1.000000	1.000000	1.000076	0.000355	1.000000	1.000000	0.999407	0.000450	
1350068260.595401	0.999999	46.434615	33.162233	3.789829	1.000000	1.000000	1.000028	0.000361	1.000000	1.000000	0.999872	0.000269	1.000000	1.000000	0.999820	0.000219	1.000000	1.000000	1.000031	0.000214	1350068260.595546	1.000013	46.200261	32.993357	1.594629	0.999777	0.000694	1.000000	1.000000	1.000000	1.000000	0.999866	0.000277	1.000000	1.000000	0.999979	0.000406	1.000000	1.000000	1.000627	0.000381	
1350068261.595402	1.000001	46.441850	33.167952	3.805172	1.000000	1.000000	0.999925	0.000325	1.000000	1.000000	1.000093	0.000266	1.000000	1.000000	1.000189	0.000261	1.000000	1.000000	0.999990	0.000259	1350068261.595534	0.999988	46.191087	32.983624	1.620869	1.000185	0.000627	1.000000	1.000000	1.000000	1.000000	1.000160	0.000260	1.000000	1.000000	1.000399	0.000383	1.000000	1.000000	0.999372	0.000399	
1350068262.595401	0.999999	46.442503	33.167848	3.805027	1.000000	1.000000	0.999982	0.000347	1.000000	1.000000	0.999989	0.000292	1.000000	1.000000	0.999867	0.000220	1.000000	1.000000	1.000030	0.000233	1350068262.595531	0.999997	46.211035	33.004161	1.600698	0.999988	0.000410	1.000000	1.000000	1.000000	1.000000	0.999943	0.000259	1.000000	1.000000	0.999971	0.005103	1.000000	1.000000	1.000594	0.000396	
1350068263.595402	1.000001	46.444124	33.169997	3.797528	1.000000	1.000000	0.999990	0.000319	1.000000	1.000000	0.999983	0.000265	1.000000	1.000000	1.000010	0.000279	1.000000	1.000000	0.999910	0.000283	1350068263.595528	0.999997	46.193075	32.984843	1.625448	0.999990	0.000463	1.000000	1.000000	1.000000	1.000000	1.000017	0.000254	1.000000	1.000000	0.999682	0.000401	1.000000	1.000000	0.999407	0.000408	
1350068264.595402	1.000000	46.444122	33.169357	3.801193	1.000000	1.000000	1.000013	0.000349	1.000000	1.000000	0.999849	0.000268	1.000000	1.000000	0.999803	0.000219	1.000000	1.000000	1.000010	0.000230	1350068264.595531	1.000003	46.172220	32.962270	1.599284	1.000091	0.000396	1.000000	1.000000	1.000000	1.000000	0.999993	0.000257	1.000000	1.000000	1.000339	0.000292	1.000000	1.000000	1.000556	0.000400	
1350068265.595408	1.000006	46.445936	33.169877	3.785881	1.000000	1.000000	0.999954	0.000348	1.000000	1.000000	1.000115	0.000284	1.000000	1.000000	1.000156	0.000269	1.000000	1.000000	1.000043	0.000269	1350068265.595540	1.000009	46.095972	32.898231	1.619202	0.999939	0.000918	1.000000	1.000000	1.000000	1.000000	0.999984	0.000306	1.000000	1.000000	0.999982	0.000454	1.000000	1.000000	0.999339	0.000395	
1350068266.595402	0.999994	46.387178	33.125670	3.781868	1.000000	1.000000	0.999941	0.000334	1.000000	1.000000	0.999873	0.000267	1.000000	1.000000	0.999687	0.000218	1.000000	1.000000	0.999948	0.000214	1350068266.595533	0.999993	46.168776	32.960006	1.587123	0.999859	0.000403	1.000000	1.000000	1.000000	1.000000	0.999968	0.000252	1.000000	1.000000	1.000021	0.000317	1.000000	1.000000	1.000667	0.000384	
1350068267.595402	1.000000	46.432129	33.157242	3.793549	1.000000	1.000000	1.000016	0.000330	1.000000	1.000000	1.000088	0.000266	1.000000	1.000000	1.000719	0.000277	1.000000	1.000000	1.000346	0.000294	1350068267.595527	0.999994	46.164506	32.954969	1.608316	1.000105	0.000483	1.000000	1.000000	1.000000	1.000000	1.000011	0.000270	1.000000	1.000000	0.999972	0.000360	1.000000	1.000000	1.000009	0.000418	
1350068268.595402	1.000000	46.426285	33.151001	3.801407	1.000000	1.000000	1.000001	0.000306	1.000000	1.000000	0.999883	0.000306	1.000000	1.000000	1.000085	0.000196	1.000000	1.000000	1.000092	0.000230	1350068268.595533	1.000006	46.177612	32.969133	1.590155	1.000060	0.000448	1.000000	1.000000	1.000000	1.000000	0.999998	0.000238	1.000000	1.000000	0.999989	0.000317	1.000000	1.000000	0.999977	0.000384	
1350068269.595408	1.000006	46.409361	33.137971	3.793724	1.000000	1.000000	0.999949	0.000431	1.000000	1.000000	1.002041	0.000331	1.000000	1.000000	0.999500	0.000312	1.000000	1.000000	0.999475	0.000272	1350068269.595537	1.000004	46.145611	32.935596	1.611215	0.999967	0.000571	1.000000	1.000000	1.000000	1.000000	1.000382	0.000294	1.000000	1.000000	1.000421	0.000308	1.000000	1.000000	0.999984	0.000424	
1350068270.595402	0.999994	46.423830	33.148894	3.801338	1.000000	1.000000	1.000090	0.000280	1.000000	1.000000	0.997479	0.000272	1.000000	1.000000	0.999776	0.000214	1.000000	1.000000	1.000045	0.000214	1350068270.595537	1.000000	46.179611	32.970779	1.591812	0.999926	0.000738	1.000000	1.000000	1.000000	1.000000	0.999574	0.000287	1.000000	1.000000	0.999583	0.000321	1.000000	1.000000	1.000263	0.000361	
1350068271.595402	1.000000	46.422012	33.149689	3.789749	1.000000	1.000000	0.999852	0.000223	1.000000	1.000000	1.000089	0.000283	1.000000	1.000000	1.000121	0.000255	1.000000	1.000000	1.000006	0.000271	1350068271.595538	1.000001	46.195162	32.988372	1.605162	1.000262	0.000466	1.000000	1.000000	1.000000	1.000000	0.999935	0.000289	1.000000	1.000000	1.000214	0.000257	1.000000	1.000000	0.999204	0.000409	
1350068272.595408	1.000006	46.425505	33.150925	3.797478	1.000000	1.000000	1.000118	0.000255	1.000000	1.000000	0.999988	0.000290	1.000000	1.000000	0.999937	0.000214	1.000000	1.000000	0.999995	0.000233	1350068272.595561	1.000023	46.203822	32.995506	1.586862	0.999712	0.000437	1.000000	1.000000	1.000000	1.000000	0.999921	0.000243	1.000000	1.000000	0.999971	0.002200	1.000000	1.000000	1.000647	0.000380	
1350068273.595402	0.999994	46.426928	33.152953	3.801002	1.000000	1.000000	0.999850	0.000242	1.000000	1.000000	0.999987	0.000287	1.000000	1.000000	1.000003	0.000253	1.000000	1.000000	0.999913	0.000274	1350068273.595532	0.999971	46.204133	32.994749	1.592682	1.000003	0.000508	1.000000	1.000000	1.000000	1.000000	1.000037	0.000280	1.000000	1.000000	0.999979	0.000274	1.000000	1.000000	0.999685	0.000377	
1350068274.595401	0.999999	46.371275	33.113298	3.797870	1.000000	1.000000	1.000121	0.000265	1.000000	1.000000	0.999901	0.000292	1.000000	1.000000	1.000002	0.000224	1.000000	1.000000	0.999987	0.000234	1350068274.595527	0.999995	46.147433	32.950864	1.598015	1.000101	0.000396	1.000000	1.000000	1.000000	1.000000	1.000000	0.000225	1.000000	1.000000	0.999981	0.000221	1.000000	1.000000	1.000243	0.000382	
1350068275.595402	1.000001	46.428239	33.154647	3.797390	1.000000	1.000000	0.999891	0.000248	1.000000	1.000000	1.002171	0.000312	1.000000	1.000000	0.999987	0.000276	1.000000	1.000000	1.000043	0.000253	1350068275.595533	1.000006	46.190765	32.980379	1.606573	0.999875	0.000765	1.000000	1.000000	1.000000	1.000000	0.999930	0.000360	1.000000	1.000000	0.999683	0.000351	1.000000	1.000000	0.999482	0.000449	
1350068276.595402	1.000000	46.431244	33.155914	3.801437	1.000000	1.000000	0.999948	0.000268	1.000000	1.000000	0.997587	0.000272	1.000000	1.000000	1.000005	0.000214	1.000000	1.000000	1.000004	0.000213	1350068276.595534	1.000001	46.183672	32.974044	1.590315	1.000107	0.000432	1.000000	1.000000	1.000000	1.000000	0.999988	0.000231	1.000000	1.000000	1.000432	0.000222	1.000000	1.000000	1.000553	0.000337	
1350068277.595408	1.000006	46.430601	33.155793	3.789681	1.000000	1.000000	1.001311	0.000526	1.000000	1.000000	0.999988	0.000289	1.000000	1.000000	1.000031	0.000272	1.000000	1.000000	1.000012	0.000268	1350068277.595543	1.000009	46.135233	32.923774	1.594209	0.999972	0.000501	1.000000	1.000000	1.000000	1.000000	0.999300	0.000291	1.000000	1.000000	0.999304	0.000300	1.000000	1.000000	1.000151	0.000386	
1350068278.595402	0.999994	46.409807	33.137832	3.801506	1.000000	1.000000	0.997259	0.000244	1.000000	1.000000	0.999876	0.000290	1.000000	1.000000	0.999715	0.000195	1.000000	1.000000	0.999824	0.000233	1350068278.595535	0.999992	46.090431	32.877449	1.590086	0.999881	0.000392	1.000000	1.000000	1.000000	1.000000	1.001001	0.000225	1.000000	1.000000	1.001061	0.000202	1.000000	1.000000	0.999940	0.000383	
1350068279.595409	1.000007	46.412704	33.138550	3.793751	1.000000	1.000000	1.002932	0.000224	1.000000	1.000000	1.002207	0.000307	1.000000	1.000000	1.000644	0.000275	1.000000	1.000000	1.000453	0.000273	1350068279.595547	1.000012	46.157805	32.947804	1.613018	1.000037	0.001303	1.000000	1.000000	1.000000	1.000000	0.999994	0.000319	1.000000	1.000000	1.000016	0.000292	1.000000	1.000000	0.999988	0.000405	
1350068280.595401	0.999992	46.408732	33.136621	3.786392	1.000000	1.000000	0.997520	0.000275	1.000000	1.000000	0.997479	0.000272	1.000000	1.000000	0.999980	0.000213	1.000000	1.000000	1.000095	0.000231	1350068280.595533	0.999986	46.216089	33.008445	1.590003	0.999942	0.000713	1.000000	1.000000	1.000000	1.000000	0.999887	0.000264	1.000000	1.000000	1.000668	0.000299	1.000000	1.000000	1.000044	0.000350	
1350068281.595402	1.000001	46.418855	33.145705	3.782482	1.000000	1.000000	1.002851	0.000243	1.000000	1.000000	1.000069	0.000318	1.000000	1.000000	0.999478	0.000281	1.000000	1.000000	0.999536	0.000283	1350068281.595534	1.000001	46.132601	32.920684	1.591124	1.000035	0.000514	1.000000	1.000000	1.000000	1.000000	1.000495	0.000275	1.000000	1.000000	0.999744	0.000257	1.000000	1.000000	0.999993	0.000436	
1350068282.595401	0.999999	46.421477	33.146684	3.785984	1.000000	1.000000	0.997433	0.000269	1.000000	1.000000	0.999876	0.000277	1.000000	1.000000	0.999968	0.000214	1.000000	1.000000	1.000014	0.000213	1350068282.595531	0.999997	46.120016	32.907573	1.588521	0.999963	0.000394	1.000000	0.999999	1.000000	1.000000	0.999602	0.000306	1.000000	1.000000	0.999936	0.002453	1.000000	1.000000	1.000187	0.000380	
1350068283.595402	1.000001	46.778947	33.518279	3.796475	1.000000	1.000000	1.000202	0.003285	1.000000	1.000000	1.000004	0.002944	1.000000	1.000000	0.999995	0.002841	1.000000	1.000000	0.999992	0.002731	1350068283.595534	1.000003	46.399820	33.201893	1.617045	1.000007	0.003973	1.000000	1.000001	1.000000	1.000000	0.999989	0.002818	1.000000	1.000000	0.999997	0.002781	1.000000	1.000000	1.000077	0.002851	
1350068284.595401	0.999999	46.415114	33.142793	3.800937	1.000000	1.000000	0.996894	0.000224	1.000000	1.000000	0.999983	0.000290	1.000000	1.000000	0.999995	0.000215	1.000000	1.000000	0.999985	0.000233	1350068284.595535	1.000001	46.196214	32.987533	1.591917	0.999989	0.000475	1.000000	1.000000	1.000000	1.000000	0.999989	0.000241	1.000000	1.000000	1.000793	0.000222	1.000000	1.000000	0.999031	0.000358	
1350068285.595415	1.000014	715789644.126218	715801603.867316	715808137.991818	0.999988	1.000204	0.999986	1.000206	0.999996	1.000204	0.999988	1.000204	0.999988	1.000206	0.999991	1.000202	0.999988	1.000206	0.999988	1.000204	1350068285.595513	0.999978	715797777.665045	715826712.571706	715801076.345539	0.999988	1.000203	0.999985	1.000205	3.893155	0.256912	0.999988	1.000204	0.999988	1.000206	0.999991	1.000202	0.999988	1.000207	0.999988	1.000204	
1350068286.595428	1.000013	0.000000	0.000000	0.000000	-nan	-nan	-nan	-nan	0.000000	inf	-nan	-nan	-nan	0.000000	-nan	-nan	-nan	-nan	-nan	-nan	1350068286.595511	0.999998	0.000000	0.000000	0.000000	-nan	-nan	-nan	-nan	0.000000	inf	-nan	-nan	-nan	-nan	-nan	-nan	-nan	-nan	-nan	-nan	
