ts_0	elapsed_0	pkg_0	pp0_0	dram_0	freq_ratio_0_0	c0_ratio_0_0	freq_ratio_0_1	c0_ratio_0_1	freq_ratio_0_2	c0_ratio_0_2	freq_ratio_0_3	c0_ratio_0_3	freq_ratio_0_4	c0_ratio_0_4	freq_ratio_0_5	c0_ratio_0_5	freq_ratio_0_6	c0_ratio_0_6	freq_ratio_0_7	c0_ratio_0_7	ts_1	elapsed_1	pkg_1	pp0_1	dram_1	freq_ratio_1_0	c0_ratio_1_0	freq_ratio_1_1	c0_ratio_1_1	freq_ratio_1_2	c0_ratio_1_2	freq_ratio_1_3	c0_ratio_1_3	freq_ratio_1_4	c0_ratio_1_4	freq_ratio_1_5	c0_ratio_1_5	freq_ratio_1_6	c0_ratio_1_6	freq_ratio_1_7	c0_ratio_1_7	
1349418043.656424	1.001156	53.021054	39.033578	0.000000	0.999996	0.986600	0.999949	0.997145	0.999997	0.985960	0.999968	0.974994	0.999996	0.974793	0.998810	0.003747	0.973913	0.000145	0.916348	0.000045	1349418043.656598	1.000478	51.781567	37.891280	0.000000	0.999997	0.976872	1.000001	0.986583	0.999982	0.986466	1.000001	0.976208	0.997205	0.000150	0.819221	0.000110	1.002105	0.000134	0.999984	0.987825	
1349418044.656423	0.999999	53.919012	39.853599	0.000000	1.000001	0.999991	0.999999	0.999990	1.000000	0.999991	1.000000	0.999990	1.000000	0.999889	1.000035	0.004271	0.999968	0.000120	0.992172	0.000084	1349418044.656590	0.999992	52.547133	38.598991	0.000000	1.000000	0.999995	1.000000	1.000000	1.000000	0.999991	1.000000	0.999948	1.000606	0.000215	1.001707	0.000013	0.999048	0.000019	1.000000	1.000000	
1349418045.656423	1.000000	53.977432	39.900116	0.000000	1.000000	1.000000	1.000001	0.999990	1.000000	1.000000	1.000000	0.999961	1.000000	0.999913	0.999974	0.004250	0.998340	0.000105	1.011391	0.000016	1349418045.656584	0.999994	52.591500	38.637422	0.000000	1.000000	0.999960	1.000000	1.000000	1.000000	0.999941	1.000000	0.999949	1.000052	0.001078	0.993150	0.000073	0.994400	0.000087	1.000000	1.000000	
1349418046.656423	1.000000	54.022888	39.941147	0.000000	0.999999	0.999700	1.000000	0.999707	1.000000	0.999609	1.000000	0.999682	1.000000	0.999576	0.999965	0.004278	1.000230	0.000168	1.004607	0.000102	1349418046.656591	1.000007	52.592211	38.636391	0.000000	1.000000	0.999652	1.000000	0.999695	1.000000	0.999609	1.000000	0.999653	1.000163	0.000220	1.013859	0.000035	1.014758	0.000035	1.000000	1.000000	
1349418047.656423	1.000000	51.978104	38.095657	0.000000	0.999962	0.978502	0.999959	0.978524	0.999982	0.978434	0.999970	0.978444	0.999983	0.978427	1.000071	0.004486	0.999678	0.000075	1.000858	0.000014	1349418047.656589	0.999998	50.955236	37.203822	0.000000	1.000000	0.978425	1.000000	0.978530	1.000000	0.978370	1.000000	0.978525	0.999997	0.000150	0.999838	0.000059	0.999437	0.000082	1.000000	1.000000	
1349418048.656423	1.000000	54.024109	39.946014	0.000000	1.000000	0.999992	1.000000	1.000000	1.000000	0.999991	1.000000	0.999991	1.000000	0.999955	0.999989	0.004032	1.000012	0.000128	0.997354	0.000099	1349418048.656588	0.999999	52.607792	38.650641	0.000000	1.000000	0.999958	1.000000	1.000000	1.000000	0.999957	1.000000	0.999991	0.999677	0.000223	1.000327	0.000013	1.001579	0.000016	1.000000	1.000000	
1349418049.656424	1.000001	53.928385	39.868355	0.000000	0.999951	0.998877	0.999982	0.998811	0.999990	0.998802	0.999982	0.998779	0.999991	0.998803	0.999937	0.004242	1.001923	0.000081	1.015003	0.000015	1349418049.656591	1.000003	52.568959	38.613467	0.000000	1.000000	0.998834	1.000000	0.998875	1.000000	0.998835	1.000000	0.998874	0.995581	0.000175	0.999854	0.000053	0.999603	0.000080	1.000000	1.000000	
1349418050.656420	0.999996	715771506.047917	715809043.711826	715830786.066720	0.999984	1.000024	0.999982	1.000027	0.999983	1.000027	0.999984	1.000024	0.999984	1.000027	0.999987	1.000022	0.999984	1.000027	0.999984	1.000025	1349418050.656537	0.999946	715806056.948755	715863582.104573	715866457.466796	0.999984	1.000025	0.999982	1.000026	3.893415	0.256848	0.999984	1.000024	0.999984	1.000027	0.999987	1.000022	0.999984	1.000027	0.999985	1.000025	
1349418051.656413	0.999993	0.000000	0.000000	0.000000	-nan	-nan	-nan	-nan	1.000008	inf	-nan	-nan	-nan	0.000000	-nan	-nan	-nan	-nan	-nan	-nan	1349418051.656484	0.999947	0.000000	0.000000	0.000000	-nan	-nan	-nan	-nan	1.345745	inf	-nan	-nan	-nan	-nan	-nan	-nan	-nan	-nan	-nan	-nan	
