ts_0	elapsed_0	pkg_0	pp0_0	dram_0	freq_ratio_0_0	c0_ratio_0_0	freq_ratio_0_1	c0_ratio_0_1	freq_ratio_0_2	c0_ratio_0_2	freq_ratio_0_3	c0_ratio_0_3	freq_ratio_0_4	c0_ratio_0_4	freq_ratio_0_5	c0_ratio_0_5	freq_ratio_0_6	c0_ratio_0_6	freq_ratio_0_7	c0_ratio_0_7	ts_1	elapsed_1	pkg_1	pp0_1	dram_1	freq_ratio_1_0	c0_ratio_1_0	freq_ratio_1_1	c0_ratio_1_1	freq_ratio_1_2	c0_ratio_1_2	freq_ratio_1_3	c0_ratio_1_3	freq_ratio_1_4	c0_ratio_1_4	freq_ratio_1_5	c0_ratio_1_5	freq_ratio_1_6	c0_ratio_1_6	freq_ratio_1_7	c0_ratio_1_7	
1349418043.653790	1.001306	54.467985	40.174657	0.000000	0.999995	0.982497	0.999936	0.997230	0.999987	0.982547	0.999996	0.971595	0.999997	0.967133	0.998721	0.003831	0.992587	0.000444	0.979938	0.000174	1349418043.653968	1.000532	54.642169	40.433205	0.000000	0.999982	0.983678	1.000001	0.983010	0.999981	0.972467	1.000001	0.965574	0.996742	0.000318	0.991110	0.002462	1.001523	0.000160	0.999930	0.984732	
1349418044.653786	0.999996	55.455089	41.094298	0.000000	1.000000	1.000001	1.000000	0.999992	1.000000	1.000000	1.000001	0.999964	1.000000	1.000000	0.999996	0.004278	0.998364	0.000127	1.002252	0.000018	1349418044.653951	0.999983	55.801192	41.507493	0.000000	1.000000	1.000000	1.000000	0.999955	1.000000	0.999991	1.000000	0.999991	0.988538	0.000075	0.999956	0.000078	1.001348	0.000007	1.000000	1.000000	
1349418045.653788	1.000002	55.485490	41.116743	0.000000	1.000000	1.000000	1.000000	1.000000	1.000000	1.000000	1.000000	1.000000	1.000000	1.000000	1.000030	0.004413	1.005649	0.000042	0.999547	0.000101	1349418045.653954	1.000003	55.684184	41.388025	0.000000	1.000000	1.000000	1.000000	0.999955	1.000000	1.000000	1.000000	1.000000	1.002736	0.000340	0.999698	0.000015	1.000013	0.000118	1.000000	1.000000	
1349418046.653806	1.000018	55.540267	41.168743	0.000000	1.000000	0.999934	1.000000	0.999929	1.000000	0.999896	1.000000	0.999830	1.000000	0.999894	0.999946	0.004566	0.999769	0.000140	1.028678	0.000015	1349418046.653969	1.000015	55.602131	41.303762	0.000000	1.000000	0.999931	1.000000	0.999865	1.000000	0.999830	1.000000	0.999948	0.999845	0.001147	0.999760	0.000091	1.000041	0.000019	1.000000	1.000000	
1349418047.653786	0.999980	53.568028	39.427746	0.000000	0.999999	0.979170	0.999997	0.979179	0.999998	0.979171	1.000000	0.979105	1.000000	0.979152	1.000003	0.001996	0.995035	0.000040	0.996958	0.000079	1349418047.653978	1.000009	53.869522	39.781469	0.000000	1.000000	0.979151	1.000000	0.979141	1.000000	0.979090	1.000000	0.979160	1.011808	0.000010	1.001091	0.000016	0.999497	0.000098	1.000000	1.000000	
1349418048.653787	1.000001	55.604546	41.228522	0.000000	1.000002	1.000001	1.000003	0.999918	1.000002	0.999992	1.000000	0.999962	1.000000	0.999998	0.999993	0.003983	1.001931	0.000105	0.997848	0.000015	1349418048.653950	0.999972	55.617976	41.316735	0.000000	1.000000	0.999992	1.000000	0.999861	1.000000	0.999998	1.000000	1.000000	0.993144	0.000093	1.000092	0.000076	1.002660	0.000017	1.000000	1.000000	
1349418049.653793	1.000006	55.544453	41.170607	0.000000	0.999945	0.999091	0.999977	0.998995	0.999979	0.999028	1.000000	0.998930	0.999979	0.999028	1.000054	0.003985	0.999903	0.000040	1.000247	0.000098	1349418049.653959	1.000009	55.589477	41.286827	0.000000	1.000000	0.998997	1.000000	0.998938	1.000000	0.998955	1.000000	0.999069	1.003750	0.000197	0.999347	0.000018	0.999719	0.000084	1.000000	1.000000	
1349418050.653782	0.999989	715781121.116269	715813449.460248	715835735.474409	0.999971	1.000019	0.999971	1.000032	0.999973	1.000035	0.999971	1.000021	0.999973	1.000030	0.999974	1.000020	0.999973	1.000030	0.999971	1.000021	1349418050.653899	0.999940	715841174.202903	715857166.330878	715870895.305882	0.999973	1.000027	0.999969	1.000024	3.894270	0.256787	0.999973	1.000029	0.999971	1.000023	0.999976	1.000026	0.999971	1.000024	0.999972	1.000023	
1349418051.653776	0.999994	0.000000	0.000000	0.000000	-nan	-nan	-nan	-nan	1.000008	inf	-nan	-nan	-nan	0.000000	-nan	-nan	-nan	-nan	-nan	-nan	1349418051.653852	0.999953	0.000000	0.000000	0.000000	-nan	-nan	-nan	-nan	1.345745	inf	-nan	-nan	-nan	-nan	-nan	-nan	-nan	-nan	-nan	-nan	
