ts_0	elapsed_0	pkg_0	pp0_0	dram_0	freq_ratio_0_0	c0_ratio_0_0	freq_ratio_0_1	c0_ratio_0_1	freq_ratio_0_2	c0_ratio_0_2	freq_ratio_0_3	c0_ratio_0_3	freq_ratio_0_4	c0_ratio_0_4	freq_ratio_0_5	c0_ratio_0_5	freq_ratio_0_6	c0_ratio_0_6	freq_ratio_0_7	c0_ratio_0_7	ts_1	elapsed_1	pkg_1	pp0_1	dram_1	freq_ratio_1_0	c0_ratio_1_0	freq_ratio_1_1	c0_ratio_1_1	freq_ratio_1_2	c0_ratio_1_2	freq_ratio_1_3	c0_ratio_1_3	freq_ratio_1_4	c0_ratio_1_4	freq_ratio_1_5	c0_ratio_1_5	freq_ratio_1_6	c0_ratio_1_6	freq_ratio_1_7	c0_ratio_1_7	
1349419026.297841	1.001331	50.226829	36.754132	0.000000	1.003992	0.680216	1.012539	0.703361	1.004961	0.682417	1.003664	0.679797	1.003919	0.680039	0.999743	0.665497	0.967162	0.569117	0.946902	0.513851	1349419026.297935	1.000595	54.070240	40.616119	0.000000	0.957087	0.681730	0.956911	0.681198	0.956642	0.680517	0.956724	0.680685	0.956412	0.680050	0.956264	0.679543	0.956399	0.680140	1.045458	0.969483	
1349419027.297842	1.000001	50.816831	37.076014	0.000000	0.811102	0.982696	0.811103	0.982806	0.811127	0.982536	0.811086	0.982733	0.811107	0.982754	0.811104	0.982729	0.811108	0.982646	0.811104	0.982718	1349419027.297976	1.000041	50.820655	37.088872	0.000000	0.814008	0.982697	0.813946	0.982399	0.814010	0.982668	0.813938	0.982386	0.813941	0.982292	0.813940	0.982319	0.814015	0.982743	0.817342	0.996495	
1349419028.297840	0.999998	47.447020	33.775699	0.000000	0.857930	0.785720	0.857789	0.785661	0.857861	0.785330	0.857839	0.785372	0.857820	0.785453	0.857812	0.785575	0.857845	0.785433	0.857822	0.785376	1349419028.297932	0.999956	49.576161	35.909634	0.000000	0.836055	0.785294	0.836050	0.785440	0.836060	0.785323	0.836014	0.785244	0.836016	0.785179	0.836045	0.785226	0.836061	0.785376	0.926834	0.997616	
1349419029.297846	1.000006	50.754702	36.932138	0.000000	0.804653	0.977989	0.804664	0.978070	0.804667	0.977820	0.804669	0.978006	0.804661	0.978021	0.804662	0.978016	0.804675	0.977775	0.804675	0.977759	1349419029.297940	1.000008	50.813919	36.985098	0.000000	0.807356	0.978245	0.807304	0.978196	0.807373	0.978444	0.807299	0.978172	0.807305	0.978110	0.807304	0.978124	0.807385	0.978415	0.812320	0.996795	
1349419030.297842	0.999996	48.265515	34.490832	0.000000	0.847578	0.778572	0.847631	0.778646	0.847657	0.778382	0.847620	0.778548	0.847595	0.778591	0.847606	0.778562	0.847626	0.778546	0.847606	0.778606	1349419030.297947	1.000007	49.638497	35.869869	0.000000	0.828414	0.778704	0.828318	0.778504	0.828441	0.778753	0.828316	0.778495	0.828314	0.778490	0.828313	0.778486	0.828459	0.778786	0.921423	0.997328	
1349419031.297842	1.000000	50.815933	36.901657	0.000000	0.794831	0.988351	0.794853	0.988544	0.794881	0.988164	0.794859	0.988432	0.794860	0.988423	0.794861	0.988402	0.794862	0.988331	0.794863	0.988363	1349419031.297945	0.999998	50.820043	36.908457	0.000000	0.798721	0.989056	0.798682	0.988809	0.798728	0.989156	0.798682	0.988764	0.798682	0.988793	0.798682	0.988823	0.798735	0.989234	0.799679	0.996523	
1349419032.297842	1.000000	50.799255	36.989136	0.000000	0.807985	0.963761	0.808012	0.963972	0.808037	0.963546	0.808013	0.963862	0.808005	0.963878	0.808014	0.963852	0.808025	0.963744	0.808032	0.963716	1349419032.297949	1.000004	50.804833	36.988101	0.000000	0.809204	0.964358	0.809156	0.964142	0.809222	0.964464	0.809155	0.964116	0.809154	0.964123	0.809154	0.964113	0.809231	0.964519	0.821031	0.996445	
1349419033.297840	0.999998	50.806738	36.911264	0.000000	0.796480	0.985118	0.796519	0.985156	0.796523	0.984976	0.796521	0.985130	0.796513	0.985165	0.796522	0.985136	0.796515	0.984953	0.796520	0.984955	1349419033.297936	0.999987	50.812174	36.900829	0.000000	0.797908	0.985541	0.797886	0.985457	0.797925	0.985659	0.797890	0.985448	0.797889	0.985453	0.797894	0.985467	0.797934	0.985659	0.800499	0.996337	
1349419034.297842	1.000002	50.832438	36.900442	0.000000	0.791923	0.987932	0.791928	0.987991	0.791943	0.987759	0.791930	0.987923	0.791923	0.987958	0.791923	0.987954	0.791936	0.987841	0.791935	0.987785	1349419034.297947	1.000011	50.836921	36.875038	0.000000	0.794463	0.988630	0.794432	0.988483	0.794474	0.988715	0.794430	0.988472	0.794429	0.988466	0.794428	0.988479	0.794482	0.988733	0.795990	0.996343	
1349419035.297842	1.000000	50.847076	36.580978	0.000000	0.761426	0.994878	0.761429	0.994979	0.761424	0.994878	0.761425	0.994920	0.761426	0.994939	0.761424	0.994917	0.761423	0.994743	0.761421	0.994696	1349419035.297949	1.000002	50.837473	36.540687	0.000000	0.765980	0.994846	0.765980	0.994919	0.765985	0.994963	0.765982	0.994864	0.765982	0.994879	0.765982	0.994847	0.765984	0.994904	0.765988	0.995001	
1349419036.297842	1.000000	50.839890	36.575684	0.000000	0.761574	0.994753	0.761564	0.994956	0.761579	0.994633	0.761569	0.994788	0.761560	0.994829	0.761568	0.994814	0.761572	0.994709	0.761570	0.994749	1349419036.297986	1.000037	50.841917	36.554222	0.000000	0.767141	0.994695	0.767137	0.994519	0.767140	0.994731	0.767141	0.994521	0.767140	0.994503	0.767140	0.994589	0.767140	0.994797	0.767149	0.995036	
1349419037.297841	0.999999	50.826709	36.655965	0.000000	0.769579	0.995022	0.769575	0.995201	0.769580	0.994998	0.769579	0.995072	0.769580	0.995067	0.769581	0.995084	0.769584	0.994879	0.769584	0.994921	1349419037.297937	0.999951	50.776465	36.585522	0.000000	0.773953	0.995382	0.773955	0.995445	0.773952	0.995543	0.773956	0.995421	0.773959	0.995337	0.773959	0.995367	0.773954	0.995494	0.773953	0.995625	
1349419038.297837	0.999996	715814400.599276	715765329.806682	715830786.066720	0.999971	1.000018	0.999971	1.000031	0.999972	1.000033	0.999972	1.000022	0.999973	1.000030	0.999974	1.000019	0.999972	1.000027	0.999972	1.000025	1349419038.297914	0.999977	715808912.352593	715788993.065591	715844269.096674	0.999973	1.000026	0.999970	1.000026	3.894192	0.256795	0.999972	1.000021	0.999971	1.000023	0.999976	1.000026	0.999971	1.000023	0.999973	1.000028	
1349419039.297911	1.000074	0.000000	0.000000	0.000000	-nan	-nan	-nan	-nan	1.000008	inf	-nan	-nan	-nan	0.000000	-nan	-nan	-nan	-nan	-nan	-nan	1349419039.297989	1.000075	0.000000	0.000000	0.000000	-nan	-nan	-nan	-nan	1.345745	inf	-nan	-nan	-nan	-nan	-nan	-nan	-nan	-nan	-nan	-nan	
