ts_0	elapsed_0	pkg_0	pp0_0	dram_0	freq_ratio_0_0	c0_ratio_0_0	freq_ratio_0_1	c0_ratio_0_1	freq_ratio_0_2	c0_ratio_0_2	freq_ratio_0_3	c0_ratio_0_3	freq_ratio_0_4	c0_ratio_0_4	freq_ratio_0_5	c0_ratio_0_5	freq_ratio_0_6	c0_ratio_0_6	freq_ratio_0_7	c0_ratio_0_7	ts_1	elapsed_1	pkg_1	pp0_1	dram_1	freq_ratio_1_0	c0_ratio_1_0	freq_ratio_1_1	c0_ratio_1_1	freq_ratio_1_2	c0_ratio_1_2	freq_ratio_1_3	c0_ratio_1_3	freq_ratio_1_4	c0_ratio_1_4	freq_ratio_1_5	c0_ratio_1_5	freq_ratio_1_6	c0_ratio_1_6	freq_ratio_1_7	c0_ratio_1_7	
1349419026.302465	1.001434	53.452321	40.066458	0.000000	1.040870	0.691979	1.039317	0.680236	1.049131	0.711630	1.040097	0.683156	1.038987	0.678548	1.033853	0.657139	1.013213	0.582387	1.005567	0.551266	1349419026.302598	1.000582	57.261383	43.937793	0.000000	1.068594	0.973419	0.989884	0.688120	0.989732	0.687870	0.990307	0.690439	0.988207	0.683283	0.986700	0.678431	0.986943	0.679182	0.988533	0.684660	
1349419027.302462	0.999997	50.813680	37.135918	0.000000	0.803740	0.987729	0.803816	0.987484	0.803788	0.987502	0.803789	0.987496	0.803823	0.987323	0.803822	0.987271	0.803791	0.987458	0.803826	0.987291	1349419027.302570	0.999972	50.825377	37.220689	0.000000	0.794950	0.996022	0.792488	0.986915	0.792457	0.986797	0.792488	0.986906	0.792436	0.986620	0.792434	0.986625	0.792437	0.986575	0.792436	0.986609	
1349419028.302470	1.000008	47.637797	34.046263	0.000000	0.850297	0.787499	0.850322	0.787465	0.850349	0.787311	0.850338	0.787354	0.850369	0.787196	0.850389	0.787037	0.850363	0.787203	0.850364	0.787241	1349419028.302579	1.000009	49.758064	36.230644	0.000000	0.907358	0.997051	0.812258	0.786551	0.812195	0.786423	0.812257	0.786542	0.812213	0.786247	0.812207	0.786292	0.812217	0.786194	0.812228	0.786206	
1349419029.302467	0.999997	50.811452	37.036354	0.000000	0.795790	0.983299	0.795827	0.983095	0.795815	0.983256	0.795815	0.983248	0.795829	0.983076	0.795820	0.983098	0.795807	0.983270	0.795829	0.983064	1349419029.302584	1.000005	50.826818	37.124066	0.000000	0.787949	0.995830	0.784285	0.982882	0.784245	0.982719	0.784284	0.982877	0.784244	0.982691	0.784244	0.982699	0.784243	0.982679	0.784249	0.982700	
1349419030.302459	0.999992	47.676259	33.975419	0.000000	0.841167	0.784154	0.841306	0.783935	0.841255	0.783932	0.841258	0.783924	0.841332	0.783685	0.841310	0.783740	0.841249	0.783949	0.841328	0.783731	1349419030.302547	0.999963	49.788858	36.148888	0.000000	0.898760	0.996826	0.802568	0.783514	0.802445	0.783241	0.802567	0.783504	0.802436	0.783150	0.802447	0.783193	0.802442	0.783149	0.802452	0.783161	
1349419031.302468	1.000009	50.832364	36.975907	0.000000	0.786997	0.993585	0.787014	0.993479	0.786996	0.993463	0.786996	0.993462	0.787002	0.993279	0.787001	0.993337	0.786996	0.993483	0.787006	0.993335	1349419031.302560	1.000013	50.838674	37.053286	0.000000	0.776301	0.995786	0.776186	0.993222	0.776153	0.993071	0.776186	0.993200	0.776148	0.992977	0.776151	0.993026	0.776147	0.993018	0.776146	0.993027	
1349419032.302459	0.999991	50.724398	36.971633	0.000000	0.802850	0.968659	0.802860	0.968479	0.802861	0.968628	0.802862	0.968618	0.802863	0.968418	0.802872	0.968287	0.802866	0.968541	0.802858	0.968454	1349419032.302547	0.999987	50.812464	37.119215	0.000000	0.797429	0.996004	0.786603	0.968109	0.786482	0.967849	0.786602	0.968116	0.786487	0.967741	0.786485	0.967750	0.786490	0.967665	0.786490	0.967639	
1349419033.302472	1.000013	50.837911	36.969944	0.000000	0.788389	0.979067	0.788398	0.978787	0.788404	0.978828	0.788404	0.978802	0.788401	0.978546	0.788399	0.978582	0.788402	0.978813	0.788394	0.978688	1349419033.302583	1.000036	50.840943	37.049661	0.000000	0.782005	0.995753	0.777534	0.978779	0.777458	0.978627	0.777530	0.978812	0.777460	0.978473	0.777458	0.978482	0.777456	0.978480	0.777454	0.978473	
1349419034.302462	0.999990	50.825979	36.905002	0.000000	0.783202	0.987019	0.783260	0.986825	0.783221	0.986959	0.783222	0.986950	0.783275	0.986760	0.783258	0.986712	0.783212	0.986919	0.783277	0.986754	1349419034.302570	0.999987	50.833980	36.986355	0.000000	0.774235	0.995624	0.772655	0.986828	0.772604	0.986625	0.772654	0.986819	0.772607	0.986526	0.772606	0.986534	0.772621	0.986524	0.772622	0.986533	
1349419035.302462	1.000000	50.844696	36.567459	0.000000	0.754466	0.994857	0.754480	0.994815	0.754470	0.994770	0.754469	0.994764	0.754481	0.994529	0.754476	0.994606	0.754468	0.994713	0.754480	0.994604	1349419035.302570	1.000000	50.852432	36.658752	0.000000	0.745772	0.995770	0.745767	0.995460	0.745766	0.995455	0.745767	0.995385	0.745767	0.995410	0.745766	0.995288	0.745764	0.995251	0.745764	0.995187	
1349419036.302464	1.000002	50.844889	36.580970	0.000000	0.755306	0.994794	0.755306	0.994760	0.755307	0.994725	0.755308	0.994686	0.755309	0.994592	0.755309	0.994642	0.755309	0.994722	0.755309	0.994675	1349419036.302565	0.999995	50.797602	36.623444	0.000000	0.747448	0.995562	0.747442	0.995180	0.747443	0.995123	0.747443	0.995118	0.747440	0.995006	0.747441	0.995020	0.747443	0.995074	0.747442	0.995049	
1349419037.302465	1.000001	50.823713	36.653789	0.000000	0.764192	0.983133	0.764159	0.983022	0.764158	0.982862	0.764158	0.982853	0.764139	0.982666	0.764138	0.982742	0.764159	0.982903	0.764159	0.982848	1349419037.302557	0.999992	50.830856	36.737679	0.000000	0.760133	0.995362	0.755670	0.983039	0.755670	0.983020	0.755670	0.983018	0.755611	0.982736	0.755610	0.982725	0.755611	0.982799	0.755610	0.982786	
1349419038.302456	0.999991	715817116.116283	715814053.542348	715834370.113728	0.999972	1.000031	0.999974	1.000050	0.999980	1.000031	0.999974	1.000038	0.999974	1.000039	0.999978	1.000040	0.999973	1.000037	0.999975	1.000044	1349419038.302549	0.999992	715775629.571704	715776115.088579	715833687.435340	0.999976	1.000048	0.999970	1.000034	3.894025	0.256810	0.999974	1.000036	0.999974	1.000041	0.999977	1.000038	0.999973	1.000038	0.999975	1.000044	
1349419039.302455	0.999999	0.000000	0.000000	0.000000	-nan	-nan	-nan	-nan	0.000000	inf	-nan	-nan	-nan	0.000000	-nan	-nan	-nan	-nan	-nan	-nan	1349419039.302512	0.999963	0.000000	0.000000	0.000000	-nan	-nan	-nan	-nan	0.000000	inf	-nan	-nan	-nan	-nan	-nan	-nan	-nan	-nan	-nan	-nan	
