ts_0	elapsed_0	pkg_0	pp0_0	dram_0	freq_ratio_0_0	c0_ratio_0_0	freq_ratio_0_1	c0_ratio_0_1	freq_ratio_0_2	c0_ratio_0_2	freq_ratio_0_3	c0_ratio_0_3	freq_ratio_0_4	c0_ratio_0_4	freq_ratio_0_5	c0_ratio_0_5	freq_ratio_0_6	c0_ratio_0_6	freq_ratio_0_7	c0_ratio_0_7	ts_1	elapsed_1	pkg_1	pp0_1	dram_1	freq_ratio_1_0	c0_ratio_1_0	freq_ratio_1_1	c0_ratio_1_1	freq_ratio_1_2	c0_ratio_1_2	freq_ratio_1_3	c0_ratio_1_3	freq_ratio_1_4	c0_ratio_1_4	freq_ratio_1_5	c0_ratio_1_5	freq_ratio_1_6	c0_ratio_1_6	freq_ratio_1_7	c0_ratio_1_7	
1349476089.043467	1.000531	61.738643	47.974451	7.287604	0.999889	0.920135	0.999857	0.911763	0.999936	0.900850	0.999947	0.910606	0.999949	0.910274	0.999969	0.894076	0.999942	0.892122	0.999918	0.904144	1349476089.043560	1.000346	61.333656	47.710774	6.671734	0.999955	0.911322	1.000001	0.910792	0.999981	0.910307	1.000001	0.910364	1.000001	0.910792	0.999979	0.906202	1.000001	0.906214	0.999943	0.988606	
1349476090.043468	1.000001	66.314665	52.309063	8.140266	0.999985	0.981037	1.000000	0.981198	0.999985	0.981055	1.000000	0.981016	1.000000	0.980983	1.000000	0.980912	1.000000	0.981113	1.000000	0.981127	1349476090.043562	1.000002	64.589873	50.755290	8.028397	1.000000	0.981140	1.000000	0.981136	1.000000	0.980950	1.000000	0.980984	1.000000	0.980916	1.000000	0.980979	1.000000	0.981087	1.000000	1.000000	
1349476091.043468	1.000000	70.613571	55.997391	9.910980	0.999986	0.997795	1.000000	0.997835	1.000000	0.997767	1.000000	0.997765	1.000000	0.997792	1.000000	0.997639	1.000000	0.997790	1.000000	0.997787	1349476091.043561	0.999999	67.911594	53.581197	9.534280	1.000000	0.997850	1.000000	0.997849	1.000000	0.997636	1.000000	0.997709	1.000000	0.997632	1.000000	0.997696	1.000000	0.997760	1.000000	0.999999	
1349476092.043469	1.000001	72.183388	57.302405	10.749898	1.000000	0.999869	1.000000	1.000000	1.000000	0.999922	1.000000	0.999911	1.000000	0.999867	1.000000	0.999730	1.000000	0.999956	1.000000	0.999946	1349476092.043563	1.000002	69.241659	54.713809	10.222301	1.000000	0.999957	1.000000	0.999956	1.000000	0.999784	1.000000	0.999787	1.000000	0.999754	1.000000	0.999792	1.000000	0.999893	1.000000	1.000000	
1349476093.043468	0.999999	71.874000	56.990518	10.750544	1.000000	0.999960	1.000000	1.000000	1.000000	1.000000	1.000000	0.999958	1.000000	1.000000	1.000000	0.999790	1.000000	1.000000	1.000000	0.999957	1349476093.043562	0.999999	69.428518	54.876746	10.259012	1.000000	1.000000	1.000000	1.000000	1.000000	0.999796	1.000000	0.999878	1.000000	0.999779	1.000000	0.999875	1.000000	0.999907	1.000000	1.000000	
1349476094.043467	0.999999	71.865562	56.998971	10.805934	1.000000	0.999920	1.000000	1.000000	1.000000	0.999944	0.999999	0.999918	1.000000	0.999917	0.999999	0.999793	1.000000	0.999954	1.000000	0.999953	1349476094.043564	1.000002	69.495885	54.936770	10.360179	1.000000	0.999961	1.000000	0.999960	1.000000	0.999831	1.000000	0.999701	1.000000	0.999787	1.000000	0.999692	1.000000	0.999929	1.000000	1.000000	
1349476095.043468	1.000001	71.979195	57.115378	10.810430	1.000001	0.999844	1.000000	1.000000	1.000000	1.000000	1.000001	0.999949	1.000000	0.999992	1.000000	0.999877	1.000000	0.999948	1.000000	0.999888	1349476095.043566	1.000002	69.547933	54.983904	10.289256	1.000000	1.000000	1.000000	1.000000	1.000000	0.999896	1.000000	0.999865	1.000000	0.999909	1.000000	0.999893	1.000000	0.999974	1.000000	0.999999	
1349476096.043475	1.000007	715806028.243018	715763838.171201	715794404.291970	0.999989	1.000124	0.999986	1.000127	0.999989	1.000132	0.999989	1.000125	0.999989	1.000127	0.999991	1.000123	0.999989	1.000128	0.999989	1.000125	1349476096.043582	1.000016	715778323.083115	715753344.566901	715756165.712250	0.999989	1.000124	0.999986	1.000127	3.893111	0.256895	0.999989	1.000125	0.999989	1.000127	0.999991	1.000122	0.999989	1.000128	0.999989	1.000125	
1349476097.043611	1.000136	0.000000	0.000000	0.000000	-nan	-nan	-nan	-nan	1.000008	inf	-nan	-nan	-nan	0.000000	-nan	-nan	-nan	-nan	-nan	-nan	1349476097.043692	1.000110	0.000000	0.000000	0.000000	-nan	-nan	-nan	-nan	1.345745	inf	-nan	-nan	-nan	-nan	-nan	-nan	-nan	-nan	-nan	-nan	
