ts_0	elapsed_0	pkg_0	pp0_0	dram_0	freq_ratio_0_0	c0_ratio_0_0	freq_ratio_0_1	c0_ratio_0_1	freq_ratio_0_2	c0_ratio_0_2	freq_ratio_0_3	c0_ratio_0_3	freq_ratio_0_4	c0_ratio_0_4	freq_ratio_0_5	c0_ratio_0_5	freq_ratio_0_6	c0_ratio_0_6	freq_ratio_0_7	c0_ratio_0_7	ts_1	elapsed_1	pkg_1	pp0_1	dram_1	freq_ratio_1_0	c0_ratio_1_0	freq_ratio_1_1	c0_ratio_1_1	freq_ratio_1_2	c0_ratio_1_2	freq_ratio_1_3	c0_ratio_1_3	freq_ratio_1_4	c0_ratio_1_4	freq_ratio_1_5	c0_ratio_1_5	freq_ratio_1_6	c0_ratio_1_6	freq_ratio_1_7	c0_ratio_1_7	
1349476088.042961	1.000480	33.338751	20.152529	3.609931	1.000000	1.000000	0.999837	0.002700	0.999816	0.002766	1.000169	0.003369	0.997993	0.002751	0.999818	0.002780	0.999823	0.002694	0.999815	0.002730	1349476088.043063	1.000345	26.187026	13.096007	2.735522	0.993128	0.003758	0.979855	0.003101	0.996552	0.002847	0.996635	0.002993	0.999759	0.002797	0.999852	0.002814	0.999846	0.002892	0.999836	0.002787	
1349476089.042968	1.000007	62.566492	48.839979	7.405054	0.999935	0.914784	0.999776	0.908857	0.999974	0.908068	1.000000	0.901666	0.999979	0.902631	0.999974	0.885593	1.000000	0.886376	0.999983	0.885416	1349476089.043059	0.999996	64.235246	50.590629	6.956220	0.999865	0.887755	0.999998	0.908284	1.000001	0.891979	0.999981	0.884744	1.000001	0.884519	1.000001	0.884607	1.000001	0.883812	0.999764	0.985835	
1349476090.042968	1.000000	66.692322	52.758957	8.222061	0.999944	0.981172	0.999974	0.981169	0.999989	0.981067	0.999989	0.981094	0.999958	0.981160	0.999946	0.981221	0.999990	0.981064	0.999975	0.981089	1349476090.043063	1.000004	69.108515	55.232320	8.546138	1.000000	0.981090	1.000000	0.981177	1.000000	0.981192	1.000000	0.981119	1.000000	0.981139	1.000000	0.981117	1.000000	0.981189	1.000000	0.999998	
1349476091.042967	0.999999	70.666495	56.156639	10.084681	0.999992	0.998099	1.000000	0.998012	1.000000	0.998047	1.000000	0.997994	1.000000	0.998083	1.000000	0.998091	1.000000	0.998046	1.000000	0.998026	1349476091.043062	0.999999	72.753731	58.287516	10.777613	1.000000	0.998049	1.000000	0.998088	1.000000	0.998102	1.000000	0.998027	1.000000	0.998024	1.000000	0.998063	1.000000	0.998087	1.000000	1.000000	
1349476092.042972	1.000005	72.230229	57.475085	10.913657	1.000001	1.000000	1.000000	0.999992	1.000000	1.000000	1.000000	0.999962	1.000000	1.000000	1.000000	0.999998	1.000000	1.000000	1.000000	0.999949	1349476092.043065	1.000003	74.333495	59.615309	11.839120	1.000000	1.000000	1.000000	1.000000	1.000000	1.000000	1.000000	0.999947	1.000000	0.999946	1.000000	1.000000	1.000000	1.000000	1.000000	1.000000	
1349476093.042967	0.999995	72.344662	57.595305	10.920114	1.000000	1.000000	1.000000	0.999956	1.000000	0.999992	1.000000	0.999909	1.000000	1.000000	1.000000	0.999982	1.000000	0.999954	1.000000	0.999944	1349476093.043061	0.999996	74.466336	59.729048	11.908404	1.000000	1.000000	1.000000	0.999992	1.000000	1.000000	1.000000	0.999921	1.000000	0.999905	1.000000	0.999956	1.000000	1.000000	1.000000	1.000000	
1349476094.042976	1.000009	72.249879	57.540174	10.905907	1.000000	0.999922	1.000000	0.999992	0.999999	0.999839	1.000000	0.999808	1.000000	0.999903	1.000000	1.000000	1.000000	0.999825	1.000000	0.999892	1349476094.043082	1.000021	74.538063	59.814129	11.887171	1.000000	0.999839	1.000000	0.999912	1.000000	0.999983	1.000000	0.999897	1.000000	0.999895	1.000000	0.999845	1.000000	0.999906	1.000000	1.000000	
1349476095.042967	0.999991	72.406341	57.681766	10.908561	1.000000	0.999963	0.999999	0.999893	1.000000	0.999992	1.000000	0.999920	1.000000	1.000000	1.000000	0.999947	1.000000	0.999992	1.000000	0.999962	1349476095.043063	0.999981	74.562442	59.857587	11.887922	1.000000	1.000000	1.000000	0.999959	1.000000	0.999992	1.000000	0.999957	1.000000	0.999926	1.000000	0.999911	1.000000	0.999992	1.000000	0.999992	
1349476096.042971	1.000004	715813061.488595	715803179.155038	715785504.981510	0.999992	1.000146	0.999990	1.000150	0.999992	1.000154	0.999992	1.000147	0.999992	1.000149	0.999995	1.000144	0.999992	1.000149	0.999992	1.000147	1349476096.043080	1.000017	715770929.682753	715811140.112403	715773661.164240	0.999992	1.000147	0.999989	1.000149	3.892887	0.256916	0.999992	1.000147	0.999992	1.000148	0.999995	1.000144	0.999992	1.000149	0.999992	1.000147	
1349476097.042964	0.999993	0.000000	0.000000	0.000000	-nan	-nan	-nan	-nan	1.000008	inf	-nan	-nan	-nan	0.000000	-nan	-nan	-nan	-nan	-nan	-nan	1349476097.043034	0.999954	0.000000	0.000000	0.000000	-nan	-nan	-nan	-nan	1.345745	inf	-nan	-nan	-nan	-nan	-nan	-nan	-nan	-nan	-nan	-nan	
