ts_0	elapsed_0	pkg_0	pp0_0	dram_0	freq_ratio_0_0	c0_ratio_0_0	freq_ratio_0_1	c0_ratio_0_1	freq_ratio_0_2	c0_ratio_0_2	freq_ratio_0_3	c0_ratio_0_3	freq_ratio_0_4	c0_ratio_0_4	freq_ratio_0_5	c0_ratio_0_5	freq_ratio_0_6	c0_ratio_0_6	freq_ratio_0_7	c0_ratio_0_7	ts_1	elapsed_1	pkg_1	pp0_1	dram_1	freq_ratio_1_0	c0_ratio_1_0	freq_ratio_1_1	c0_ratio_1_1	freq_ratio_1_2	c0_ratio_1_2	freq_ratio_1_3	c0_ratio_1_3	freq_ratio_1_4	c0_ratio_1_4	freq_ratio_1_5	c0_ratio_1_5	freq_ratio_1_6	c0_ratio_1_6	freq_ratio_1_7	c0_ratio_1_7	
1350073206.074383	1.000418	48.715006	35.479022	6.112695	1.269106	0.998759	1.229969	0.000517	1.222258	0.000038	1.224853	0.000057	1.269106	0.998748	1.230745	0.000312	1.230654	0.000010	1.231077	0.000056	1350073206.074566	1.000381	47.780273	34.569166	2.613582	1.226808	0.000089	1.269148	0.999246	1.229542	0.000269	1.219172	0.000020	1.269148	0.999245	1.231897	0.000425	1.206821	0.000011	1.211203	0.000011	
1350073207.074373	0.999990	48.848618	35.611776	6.115296	1.269151	0.999202	1.228414	0.000294	1.230915	0.000045	1.230933	0.000073	1.269151	0.999201	1.230708	0.000222	1.230888	0.000045	1.230323	0.000037	1350073207.074544	0.999978	47.845791	34.634884	2.595760	1.223350	0.000021	1.269158	0.999463	1.230769	0.000362	1.232577	0.000053	1.269166	0.999463	1.228759	0.000245	1.235980	0.000052	1.235115	0.000053	
1350073208.074374	1.000001	48.864013	35.624630	6.020899	1.269144	0.999211	1.230106	0.000517	1.214060	0.000016	1.226883	0.000068	1.269140	0.999189	1.230701	0.000173	1.229219	0.000010	1.230493	0.000010	1350073208.074698	1.000154	47.894921	34.682082	2.466280	1.223235	0.000061	1.269176	0.999461	1.229778	0.000306	1.201132	0.000018	1.269168	0.999460	1.232604	0.000221	1.208726	0.000011	1.217276	0.000016	
1350073209.074373	0.999999	48.858353	35.618564	5.971167	1.269107	0.998966	1.230818	0.000739	1.230782	0.000112	1.230428	0.000074	1.269111	0.998988	1.230576	0.000235	1.230257	0.000060	1.231016	0.000045	1350073209.074538	0.999840	47.951305	34.731661	2.575775	1.233499	0.000066	1.269149	0.999398	1.230775	0.000374	1.236828	0.000040	1.269156	0.999397	1.229059	0.000237	1.237200	0.000037	1.232570	0.000113	
1350073210.074374	1.000001	48.832015	35.605160	5.279978	1.269124	0.998974	1.230133	0.000587	1.213978	0.000016	1.226652	0.000053	1.269124	0.998974	1.230881	0.000188	1.234833	0.000010	1.230839	0.000010	1350073210.074540	1.000002	47.909149	34.705042	2.509944	1.228923	0.000065	1.269174	0.999442	1.229770	0.000307	1.214522	0.000017	1.269167	0.999442	1.232836	0.000229	1.211090	0.000011	1.217309	0.000016	
1350073211.074374	1.000000	49.090012	35.847122	5.922302	1.266232	0.998932	1.171497	0.003480	1.160415	0.002588	1.158240	0.002479	1.266232	0.998931	1.163505	0.002678	1.159884	0.002555	1.156697	0.002183	1350073211.074546	1.000006	48.097110	34.874426	2.629043	1.156533	0.002590	1.267461	0.999291	1.165453	0.002873	1.158062	0.002656	1.267461	0.999290	1.166931	0.003909	1.158364	0.002536	1.157779	0.002375	
1350073212.074374	1.000000	48.891724	35.651215	6.030426	1.269064	0.999159	1.230337	0.002049	1.217416	0.000020	1.225832	0.000054	1.269064	0.999159	1.230649	0.000176	1.228606	0.000005	1.231840	0.000005	1350073212.074559	1.000013	47.957455	34.735979	2.589856	1.223623	0.000070	1.269160	0.999482	1.229996	0.000314	1.215513	0.000013	1.269167	0.999478	1.230790	0.000206	1.231360	0.000007	1.230892	0.000007	
1350073213.074374	1.000000	48.915405	35.677597	5.790024	1.269124	0.998955	1.232521	0.000307	1.225159	0.000126	1.230688	0.000072	1.269125	0.998955	1.231327	0.000240	1.218356	0.000055	1.215580	0.000058	1350073213.074539	0.999980	47.952376	34.729181	2.546895	1.238551	0.000023	1.269157	0.999309	1.230554	0.000314	1.230585	0.000057	1.269151	0.999308	1.229996	0.000263	1.230991	0.000055	1.230050	0.000146	
1350073214.074373	0.999999	48.921830	35.682392	5.981756	1.269142	0.999096	1.229760	0.000350	1.240252	0.000025	1.226838	0.000066	1.269142	0.999096	1.230020	0.000199	1.254248	0.000022	1.255213	0.000022	1350073214.074554	1.000015	47.967648	34.742368	2.613532	1.225308	0.000104	1.269168	0.999463	1.229329	0.000305	1.215529	0.000017	1.269161	0.999461	1.231564	0.000214	1.231610	0.000011	1.228634	0.000011	
1350073215.074373	1.000000	48.924728	35.684570	5.911026	1.269128	0.999013	1.229473	0.000546	1.230744	0.000035	1.230667	0.000068	1.269128	0.999013	1.230701	0.000212	1.230814	0.000037	1.230852	0.000037	1350073215.074541	0.999987	47.968204	34.742521	2.602939	1.237284	0.000034	1.269148	0.999334	1.231144	0.000363	1.230784	0.000070	1.269162	0.999334	1.230708	0.000282	1.230548	0.000071	1.224937	0.000080	
1350073216.074374	1.000001	48.901748	35.660244	6.069239	1.269152	0.999199	1.231969	0.000314	1.214691	0.000017	1.225241	0.000056	1.269152	0.999199	1.230731	0.000201	1.231737	0.000009	1.232534	0.000009	1350073216.074543	1.000002	47.972687	34.744303	2.492824	1.226169	0.000067	1.269176	0.999457	1.229657	0.000303	1.215337	0.000018	1.269168	0.999461	1.230737	0.000209	1.231556	0.000010	1.248905	0.000022	
1350073217.074373	0.999999	48.886338	35.644840	5.944265	1.269154	0.999228	1.228302	0.000284	1.231397	0.000039	1.230613	0.000070	1.269154	0.999227	1.230573	0.000211	1.230929	0.000044	1.230050	0.000039	1350073217.074543	1.000000	47.973572	34.746811	2.534958	1.219739	0.000017	1.269164	0.999445	1.230800	0.000327	1.230794	0.000053	1.269165	0.999441	1.230782	0.000264	1.230419	0.000051	1.230087	0.000077	
1350073218.074374	1.000001	48.695571	35.453930	5.275950	1.269127	0.999032	1.229030	0.000423	1.218410	0.000083	1.226852	0.000078	1.269127	0.999031	1.229211	0.000219	1.222085	0.000044	1.231596	0.000035	1350073218.074545	1.000002	47.779892	34.551539	2.594981	1.227955	0.000116	1.269159	0.999421	1.229585	0.000295	1.218081	0.000025	1.269158	0.999421	1.230662	0.000228	1.231812	0.000017	1.242568	0.000018	
1350073219.074373	0.999999	48.876832	35.635273	5.032781	1.269139	0.999052	1.230730	0.000415	1.230753	0.000029	1.230767	0.000067	1.269139	0.999052	1.230716	0.000215	1.230487	0.000031	1.230100	0.000030	1350073219.074555	1.000010	47.981896	34.754672	2.592534	1.233799	0.000058	1.269166	0.999464	1.230736	0.000331	1.230486	0.000058	1.269166	0.999464	1.230796	0.000269	1.230013	0.000051	1.231935	0.000052	
1350073220.074374	1.000001	48.850097	35.610440	5.082759	1.269134	0.999076	1.231507	0.000483	1.224961	0.000049	1.225426	0.000055	1.269134	0.999073	1.230689	0.000190	1.234522	0.000009	1.233642	0.000010	1350073220.074552	0.999997	47.973766	34.747926	2.551491	1.225270	0.000049	1.269162	0.999464	1.229608	0.000282	1.217888	0.000024	1.269170	0.999463	1.230632	0.000229	1.233917	0.000011	1.230421	0.000010	
1350073221.074373	0.999999	48.840226	35.599521	4.953099	1.269154	0.999222	1.228626	0.000237	1.230837	0.000033	1.230451	0.000067	1.269154	0.999222	1.230580	0.000209	1.230310	0.000039	1.230484	0.000069	1350073221.074540	0.999988	47.987999	34.762484	2.548492	1.208710	0.000016	1.269166	0.999440	1.230766	0.000347	1.231017	0.000054	1.269165	0.999439	1.230689	0.000255	1.230355	0.000051	1.230975	0.000065	
1350073222.074374	1.000001	48.879592	35.640683	5.480723	1.269060	0.999111	1.230865	0.001946	1.217693	0.000024	1.225133	0.000055	1.269059	0.999114	1.230799	0.000193	1.231292	0.000009	1.230585	0.000010	1350073222.074558	1.000018	47.973935	34.749089	2.475603	1.228030	0.000066	1.269170	0.999484	1.229650	0.000316	1.211726	0.000019	1.269170	0.999481	1.229464	0.000199	1.210096	0.000011	1.211470	0.000011	
1350073223.074373	0.999999	48.868668	35.631214	5.750738	1.269162	0.999309	1.230808	0.000220	1.230782	0.000036	1.230721	0.000068	1.269162	0.999309	1.230773	0.000205	1.230386	0.000036	1.231141	0.000037	1350073223.074553	0.999995	47.977672	34.750937	2.471845	1.243302	0.000017	1.269170	0.999419	1.230743	0.000317	1.231602	0.000051	1.269157	0.999418	1.231674	0.000283	1.236601	0.000039	1.234828	0.000053	
1350073224.074374	1.000001	48.857391	35.619076	5.725092	1.269152	0.999224	1.229539	0.000298	1.213792	0.000017	1.225208	0.000056	1.269152	0.999224	1.230661	0.000188	1.231698	0.000010	1.230587	0.000053	1350073224.074552	0.999999	47.966797	34.741183	2.558276	1.227386	0.000102	1.269169	0.999461	1.229633	0.000304	1.212280	0.000018	1.269169	0.999458	1.230176	0.000204	1.210929	0.000011	1.206506	0.000011	
1350073225.074373	0.999999	48.857880	35.620533	5.175328	1.269134	0.999094	1.230786	0.000482	1.218138	0.000040	1.230550	0.000067	1.269134	0.999094	1.231389	0.000204	1.217305	0.000038	1.214109	0.000032	1350073225.074591	1.000039	47.972093	34.745849	2.458293	1.221154	0.000016	1.269164	0.999418	1.230748	0.000303	1.231355	0.000058	1.269171	0.999417	1.231169	0.000273	1.234747	0.000050	1.234496	0.000065	
1350073226.074374	1.000001	48.877013	35.640118	4.977946	1.269150	0.999181	1.229342	0.000259	1.236404	0.000030	1.226318	0.000067	1.269150	0.999180	1.230056	0.000199	1.253824	0.000021	1.256010	0.000021	1350073226.074546	0.999955	47.983470	34.755213	2.494894	1.225058	0.000064	1.269164	0.999485	1.229685	0.000307	1.213932	0.000019	1.269171	0.999485	1.230711	0.000198	1.232293	0.000011	1.220045	0.000010	
1350073227.074373	0.999999	48.863191	35.626300	5.521795	1.269165	0.999356	1.227482	0.000208	1.231490	0.000035	1.230652	0.000067	1.269165	0.999355	1.230563	0.000206	1.231328	0.000036	1.231244	0.000037	1350073227.074545	0.999999	47.976532	34.748645	2.522585	1.237189	0.000039	1.269165	0.999356	1.230789	0.000307	1.230677	0.000078	1.269157	0.999356	1.230692	0.000281	1.230738	0.000076	1.226113	0.000084	
1350073228.074374	1.000001	48.831405	35.593029	5.729197	1.269150	0.999180	1.231481	0.000335	1.214421	0.000017	1.226327	0.000054	1.269150	0.999179	1.230839	0.000189	1.231904	0.000010	1.230848	0.000009	1350073228.074547	1.000002	47.927445	34.713618	2.491374	1.226182	0.000070	1.269160	0.999449	1.229731	0.000284	1.216436	0.000017	1.269168	0.999449	1.229615	0.000207	1.211657	0.000011	1.244763	0.000021	
1350073229.074373	0.999999	48.781998	35.544315	5.144780	1.269159	0.999289	1.228493	0.000251	1.230766	0.000038	1.230802	0.000067	1.269159	0.999289	1.230776	0.000222	1.230736	0.000038	1.230494	0.000040	1350073229.074537	0.999990	47.976219	34.750180	2.477671	1.227623	0.000055	1.269163	0.999444	1.230758	0.000363	1.230581	0.000059	1.269163	0.999443	1.231665	0.000249	1.234653	0.000051	1.234458	0.000061	
1350073230.074374	1.000001	48.750655	35.526867	5.477610	1.269131	0.999048	1.231392	0.000573	1.212063	0.000017	1.225757	0.000053	1.269131	0.999048	1.230643	0.000174	1.226706	0.000009	1.230687	0.000009	1350073230.074553	1.000016	47.978649	34.753107	2.506079	1.228108	0.000061	1.269168	0.999461	1.229838	0.000298	1.216088	0.000017	1.269168	0.999457	1.229824	0.000246	1.209994	0.000011	1.210078	0.000011	
1350073231.074374	1.000000	715826461.248672	715764905.884445	715785795.232849	0.999991	1.000220	0.999989	1.000225	0.999998	1.000220	0.999991	1.000221	0.999991	1.000224	0.999993	1.000218	0.999991	1.000224	0.999991	1.000221	1350073231.074465	0.999912	715855988.302651	715842682.465120	715862170.540039	0.999991	1.000221	0.999988	1.000223	3.892987	0.256928	0.999991	1.000221	0.999991	1.000224	0.999993	1.000219	0.999990	1.000223	0.999991	1.000221	
1350073232.074388	1.000014	0.000000	0.000000	0.000000	-nan	-nan	-nan	-nan	0.000000	inf	-nan	-nan	-nan	0.000000	-nan	-nan	-nan	-nan	-nan	-nan	1350073232.074462	0.999997	0.000000	0.000000	0.000000	-nan	-nan	-nan	-nan	0.000000	inf	-nan	-nan	-nan	-nan	-nan	-nan	-nan	-nan	-nan	-nan	
1350073233.074408	1.000020	0.000000	0.000000	0.000000	-nan	-nan	-nan	-nan	0.000000	inf	-nan	-nan	-nan	-nan	-nan	-nan	-nan	-nan	-nan	-nan	1350073233.074483	1.000021	0.000000	0.000000	0.000000	-nan	-nan	-nan	-nan	-nan	-nan	-nan	-nan	-nan	-nan	-nan	-nan	-nan	-nan	-nan	-nan	
