ts_0	elapsed_0	pkg_0	pp0_0	dram_0	freq_ratio_0_0	c0_ratio_0_0	freq_ratio_0_1	c0_ratio_0_1	freq_ratio_0_2	c0_ratio_0_2	freq_ratio_0_3	c0_ratio_0_3	freq_ratio_0_4	c0_ratio_0_4	freq_ratio_0_5	c0_ratio_0_5	freq_ratio_0_6	c0_ratio_0_6	freq_ratio_0_7	c0_ratio_0_7	ts_1	elapsed_1	pkg_1	pp0_1	dram_1	freq_ratio_1_0	c0_ratio_1_0	freq_ratio_1_1	c0_ratio_1_1	freq_ratio_1_2	c0_ratio_1_2	freq_ratio_1_3	c0_ratio_1_3	freq_ratio_1_4	c0_ratio_1_4	freq_ratio_1_5	c0_ratio_1_5	freq_ratio_1_6	c0_ratio_1_6	freq_ratio_1_7	c0_ratio_1_7	
1349477886.094783	1.000796	38.701734	25.318041	3.649759	1.267022	0.006510	1.269055	0.993663	1.206199	0.000104	1.183758	0.000090	1.207505	0.000124	1.183994	0.000073	1.227945	0.000135	1.205449	0.000086	1349477886.095229	1.000815	55.742218	41.984783	5.526899	1.230698	0.993855	1.230762	0.993778	1.009476	0.000146	1.236289	0.000102	1.022131	0.000089	1.212487	0.000246	1.181155	0.000089	1.230607	0.994441	
1349477887.094778	0.999995	38.759410	25.367940	3.691593	1.269057	0.001300	1.269225	0.999934	1.267380	0.000007	1.549763	0.000006	1.245918	0.000007	1.273208	0.000007	1.269087	0.000115	1.269072	0.000007	1349477887.095223	0.999994	56.119979	42.358422	5.739612	1.230765	0.999954	1.230765	0.999954	1.239151	0.000066	1.230284	0.000013	1.227628	0.000011	1.230742	0.000249	1.230788	0.000016	1.230765	0.999952	
1349477888.094778	1.000000	38.720291	25.361908	3.670364	1.266656	0.001511	1.269157	0.999713	1.258302	0.000060	1.258885	0.000055	1.254803	0.000056	1.269891	0.000044	1.269445	0.000117	1.269150	0.000050	1349477888.095220	0.999997	56.057196	42.312204	5.740527	1.230760	0.999864	1.230758	0.999784	1.212220	0.000148	1.222244	0.000066	1.231337	0.000051	1.229079	0.002624	1.230696	0.000074	1.230760	0.999858	
1349477889.094781	1.000003	40.784831	27.330726	3.663273	1.269198	0.202052	1.269219	0.999842	1.215496	0.000083	1.241475	0.000007	1.273977	0.000039	1.255951	0.000007	1.266966	0.000067	1.257324	0.000007	1349477889.095022	0.999802	54.919132	41.117725	5.722019	1.230763	0.798625	1.230765	0.999946	1.245660	0.000061	1.237604	0.000010	1.240421	0.000011	1.231412	0.000179	1.232874	0.000014	1.230769	1.000000	
1349477890.094780	0.999999	48.644669	35.113406	3.655368	1.269150	0.999357	1.269150	0.999356	1.230634	0.000562	1.220647	0.000071	1.212812	0.000067	1.215646	0.000057	1.230699	0.000138	1.223144	0.000064	1349477890.095025	1.000003	48.734804	34.867491	5.669401	1.230984	0.000086	1.269189	0.999730	1.224379	0.000074	1.223017	0.000061	1.228549	0.000045	1.230700	0.000197	1.230186	0.000068	1.269189	0.999730	
1349477891.094779	0.999999	52.032307	38.500311	3.653736	1.206383	0.999731	1.206383	0.999731	1.163894	0.003500	1.156135	0.002619	1.156934	0.002726	1.157613	0.002718	1.157138	0.002723	1.155814	0.002498	1349477891.094947	0.999922	49.371357	35.517402	5.693666	1.155787	0.002878	1.237848	0.999814	1.156704	0.002863	1.161072	0.003033	1.154436	0.002751	1.163045	0.003682	1.154933	0.002740	1.237848	0.999865	
1349477892.094778	0.999999	48.741181	35.196399	3.648609	1.269046	0.998380	1.269047	0.998386	1.229736	0.000614	1.225356	0.000077	1.223302	0.000081	1.240207	0.000059	1.230859	0.000252	1.230004	0.000181	1349477892.095004	1.000057	48.722291	34.859784	5.653212	1.210658	0.000135	1.269164	0.998743	1.225877	0.000093	1.226658	0.000109	1.230826	0.000095	1.230676	0.000331	1.230859	0.000106	1.269167	0.999543	
1349477893.094779	1.000001	48.844955	35.295911	3.645596	1.269165	0.999467	1.269165	0.999466	1.231758	0.000674	1.231829	0.000007	1.267116	0.000007	1.209757	0.000007	1.230751	0.000093	1.256913	0.000007	1349477893.095008	1.000004	48.812836	34.937419	5.657799	1.229990	0.000074	1.269141	0.999653	1.230203	0.000102	1.232243	0.000006	1.234622	0.000006	1.230806	0.000620	1.227821	0.000006	1.269141	0.999653	
1349477894.094779	1.000000	48.883743	35.345703	3.646744	1.269147	0.999362	1.269147	0.999361	1.228754	0.000570	1.225697	0.000069	1.222857	0.000063	1.233326	0.000052	1.230886	0.000153	1.229132	0.000101	1349477894.095011	1.000003	48.800981	34.925139	5.672376	1.224640	0.000072	1.269186	0.999675	1.226233	0.000086	1.224474	0.000070	1.230768	0.000056	1.230555	0.000209	1.231035	0.000076	1.269185	0.999674	
1349477895.094779	1.000000	48.876633	35.335052	3.639740	1.269176	0.999574	1.269177	0.999521	1.230473	0.000551	1.231385	0.000007	1.227689	0.000007	1.230017	0.000007	1.230157	0.000085	1.208409	0.000007	1349477895.095006	0.999995	48.789780	34.917091	5.669996	1.369962	0.000012	1.269204	0.999668	1.231026	0.000055	1.248488	0.000010	1.235024	0.000011	1.230710	0.000172	1.231458	0.000014	1.269204	0.999806	
1349477896.094781	1.000002	715785971.317697	715788836.255241	715805114.344417	0.999992	1.000146	0.999990	1.000152	0.999992	1.000155	0.999992	1.000146	0.999992	1.000150	0.999994	1.000144	0.999992	1.000150	0.999992	1.000147	1349477896.094873	0.999867	715912550.352286	715900990.063616	715905013.834005	0.999992	1.000147	0.999990	1.000150	3.892874	0.256917	0.999992	1.000147	0.999992	1.000148	0.999995	1.000146	0.999992	1.000150	0.999992	1.000148	
1349477897.094893	1.000112	0.000000	0.000000	0.000000	-nan	-nan	-nan	-nan	1.000008	inf	-nan	-nan	-nan	0.000000	-nan	-nan	-nan	-nan	-nan	-nan	1349477897.094968	1.000095	0.000000	0.000000	0.000000	-nan	-nan	-nan	-nan	1.345745	inf	-nan	-nan	-nan	-nan	-nan	-nan	-nan	-nan	-nan	-nan	
