ts_0	elapsed_0	pkg_0	pp0_0	dram_0	freq_ratio_0_0	c0_ratio_0_0	freq_ratio_0_1	c0_ratio_0_1	freq_ratio_0_2	c0_ratio_0_2	freq_ratio_0_3	c0_ratio_0_3	freq_ratio_0_4	c0_ratio_0_4	freq_ratio_0_5	c0_ratio_0_5	freq_ratio_0_6	c0_ratio_0_6	freq_ratio_0_7	c0_ratio_0_7	ts_1	elapsed_1	pkg_1	pp0_1	dram_1	freq_ratio_1_0	c0_ratio_1_0	freq_ratio_1_1	c0_ratio_1_1	freq_ratio_1_2	c0_ratio_1_2	freq_ratio_1_3	c0_ratio_1_3	freq_ratio_1_4	c0_ratio_1_4	freq_ratio_1_5	c0_ratio_1_5	freq_ratio_1_6	c0_ratio_1_6	freq_ratio_1_7	c0_ratio_1_7	
1349417966.294764	1.002182	31.087242	17.717109	0.000000	0.999930	0.059739	0.999945	0.997349	0.978960	0.000211	0.972121	0.000131	0.942206	0.000067	0.914577	0.000224	0.935034	0.000055	0.984779	0.000246	1349417966.295009	1.000492	42.372352	28.802477	0.000000	0.999957	0.927988	1.000001	0.985913	0.887476	0.000171	1.003857	0.000041	0.799505	0.000096	1.004592	0.000039	0.658952	0.000078	0.999980	0.986403	
1349417967.294762	0.999998	37.425746	23.993912	0.000000	1.000000	1.000000	1.000000	1.000000	1.000068	0.000806	0.998420	0.000150	1.002084	0.000101	1.000148	0.000125	1.000402	0.000074	0.997246	0.000277	1349417967.295010	1.000001	36.781642	23.014398	0.000000	1.007893	0.000091	1.000000	1.000000	1.002315	0.000032	0.992207	0.000081	0.988411	0.000059	0.991427	0.000055	0.992184	0.000062	1.000000	1.000000	
1349417968.294761	0.999999	37.416128	23.996300	0.000000	1.000000	1.000000	1.000001	1.000001	0.999911	0.000823	0.998786	0.000009	0.978473	0.000009	0.999829	0.000067	0.984732	0.000009	1.003236	0.000232	1349417968.295007	0.999997	36.833976	23.065028	0.000000	0.958812	0.000048	1.000000	1.000000	1.000030	0.000142	1.015242	0.000042	1.017266	0.000040	1.011262	0.000042	1.013949	0.000040	1.000000	1.000000	
1349417969.294761	1.000000	37.450912	24.037292	0.000000	1.000000	1.000000	1.000000	1.000000	1.000232	0.000819	1.000285	0.000093	0.999848	0.000071	1.000012	0.000099	1.000138	0.000059	1.000012	0.000248	1349417969.295007	1.000000	36.870575	23.103821	0.000000	0.998454	0.000105	1.000000	0.999998	0.999164	0.000031	1.000176	0.000088	0.988429	0.000068	0.999938	0.000056	1.000054	0.000065	1.000000	1.000000	
1349417970.294761	1.000000	37.390778	23.989212	0.000000	1.000000	1.000000	0.999999	0.999998	0.999790	0.000921	1.001371	0.000141	1.000078	0.000064	0.999720	0.000062	0.991091	0.000015	0.999993	0.000287	1349417970.295008	1.000001	36.893962	23.125314	0.000000	0.990898	0.000022	1.000000	1.000000	1.000306	0.000096	0.999072	0.000014	1.000976	0.000846	0.999081	0.000014	0.998479	0.000020	1.000000	1.000000	
1349417971.294762	1.000001	37.445048	24.028252	0.000000	1.000000	1.000000	1.000000	0.999950	1.000091	0.000987	1.000298	0.000072	1.002737	0.000070	1.000273	0.000089	1.004804	0.000055	1.000028	0.000244	1349417971.295014	1.000006	36.874429	23.121078	0.000000	1.003014	0.000094	1.000000	0.999951	0.999400	0.000031	0.999929	0.000076	0.999139	0.000053	1.000340	0.000054	1.000433	0.000061	1.000000	1.000000	
1349417972.294761	0.999999	38.686591	25.268670	0.000000	1.000000	1.000000	1.000000	1.000000	0.999913	0.007361	0.999994	0.006493	0.999990	0.006099	0.999975	0.008199	1.000001	0.006055	1.000013	0.006428	1349417972.294948	0.999934	38.701210	24.933058	0.000000	1.000217	0.006225	1.000000	1.000000	1.000024	0.006403	1.000018	0.006000	1.000031	0.005968	1.000023	0.005976	0.999990	0.005835	1.000000	1.000000	
1349417973.294762	1.000001	37.433344	24.018715	0.000000	1.000000	1.000000	1.000000	1.000000	0.999799	0.000622	1.000012	0.000480	1.000535	0.000096	1.000240	0.000096	0.999794	0.000135	0.999713	0.000383	1349417973.295006	1.000058	36.908216	23.141390	0.000000	0.988721	0.000123	1.000000	1.000000	0.992048	0.000021	0.999947	0.002509	0.985523	0.000071	0.996600	0.000043	1.000803	0.000053	1.000000	1.000000	
1349417974.294762	1.000000	37.425095	24.008362	0.000000	1.000000	1.000000	1.000000	0.999962	1.000045	0.000617	1.000057	0.000424	1.000131	0.000018	1.003419	0.000051	0.999229	0.000015	1.000047	0.000205	1349417974.295011	1.000005	36.907988	23.141165	0.000000	1.014269	0.000103	1.000000	0.999963	1.000150	0.000103	0.984865	0.000007	1.009101	0.000015	1.000406	0.000155	0.998691	0.000017	1.000000	1.000000	
1349417975.294762	1.000000	37.445663	24.029785	0.000000	1.000000	0.999999	0.999999	1.000000	1.000044	0.000576	0.999373	0.000364	1.000000	0.000123	0.999832	0.000099	0.999393	0.000058	0.999958	0.000328	1349417975.295004	0.999993	36.916362	23.149925	0.000000	0.984623	0.000092	1.000000	1.000000	0.999513	0.000037	1.001174	0.000065	1.000858	0.000871	0.998241	0.000047	1.000536	0.000065	1.000000	1.000000	
1349417976.294762	1.000000	37.453278	24.039764	0.000000	1.000000	1.000001	1.000000	1.000000	0.999917	0.000642	1.001167	0.000175	0.997853	0.000015	0.999754	0.000072	1.003363	0.000016	0.999980	0.000192	1349417976.295010	1.000006	36.909677	23.143340	0.000000	0.999457	0.000022	1.000000	1.000000	0.999982	0.000088	1.002788	0.000013	1.000111	0.000014	1.002598	0.000013	0.999592	0.000017	1.000000	1.000000	
1349417977.294762	1.000000	37.400238	24.002258	0.000000	1.000000	1.000000	1.000000	1.000000	1.000332	0.000550	1.000027	0.000212	0.997688	0.000066	1.000016	0.000095	0.999687	0.000058	1.000004	0.000267	1349417977.295007	0.999997	36.900749	23.132915	0.000000	0.999399	0.000084	1.000000	1.000000	0.999711	0.000031	0.999980	0.000079	0.999883	0.000066	0.999653	0.000053	0.999963	0.000063	1.000000	1.000000	
1349417978.294762	1.000000	37.443573	24.032013	0.000000	1.000000	1.000000	1.000000	0.999990	0.999850	0.000663	0.999036	0.000213	0.986679	0.000015	1.000353	0.000060	0.992459	0.000017	0.999984	0.000193	1349417978.295014	1.000007	36.873936	23.121865	0.000000	1.000273	0.000023	1.000000	0.999991	1.000184	0.000088	0.999970	0.000013	0.999576	0.000013	0.998888	0.000012	0.998856	0.000017	1.000000	1.000000	
1349417979.294763	1.000001	37.465312	24.050072	0.000000	1.000000	0.999998	1.000000	0.999999	0.999924	0.000669	1.000350	0.000474	1.001126	0.000153	0.999914	0.000178	1.000919	0.000153	0.997457	0.000319	1349417979.295011	0.999997	36.922081	23.156764	0.000000	1.014989	0.000137	1.000000	1.000000	0.999981	0.000101	0.994926	0.000142	0.992869	0.000077	0.995261	0.000102	0.995821	0.000130	1.000000	1.000000	
1349417980.294762	0.999999	37.466741	24.046059	0.000000	1.000000	1.000000	1.000000	1.000000	0.999502	0.000646	1.000061	0.000377	1.000206	0.000092	1.000068	0.000126	0.998826	0.000051	1.001588	0.000378	1349417980.295018	1.000007	36.924717	23.158501	0.000000	0.979064	0.000094	1.000000	1.000000	0.999943	0.000197	1.005114	0.000140	1.000572	0.000942	1.003629	0.000132	1.010322	0.000055	1.000000	1.000000	
1349417981.294762	1.000000	37.463028	24.045868	0.000000	1.000000	1.000000	1.000000	1.000000	1.000508	0.000698	0.999975	0.000326	1.001625	0.000124	0.999806	0.000121	1.000997	0.000056	1.000647	0.000324	1349417981.295013	0.999995	36.918321	23.151422	0.000000	0.999590	0.000107	1.000000	1.000000	0.999835	0.000035	0.999677	0.000135	0.988945	0.000067	1.000097	0.000064	0.999884	0.000060	1.000000	1.000000	
1349417982.294764	1.000002	37.456426	24.038986	0.000000	1.000000	1.000000	1.000001	0.999996	0.999928	0.000630	0.999951	0.000332	0.990093	0.000023	0.995425	0.000056	0.999143	0.000024	0.999887	0.000233	1349417982.295011	0.999998	36.915659	23.147993	0.000000	0.995244	0.000031	1.000000	0.999998	0.999987	0.000088	1.000610	0.000061	1.000415	0.000015	1.000871	0.000017	0.999734	0.000059	1.000000	1.000000	
1349417983.294762	0.999998	37.457774	24.040634	0.000000	1.000000	1.000000	0.999999	1.000000	0.999957	0.000707	1.000047	0.000421	1.001226	0.000194	1.001234	0.000214	1.000054	0.000121	1.000052	0.000387	1349417983.295015	1.000004	36.948718	23.181715	0.000000	1.000235	0.000210	1.000000	0.999947	0.999996	0.000104	1.000000	0.002530	0.999954	0.000227	0.999852	0.000161	1.000136	0.000147	1.000000	1.000000	
1349417984.294763	1.000001	37.420634	24.012199	0.000000	1.000000	1.000000	1.000000	1.000000	1.000015	0.000679	0.998760	0.000285	0.992524	0.000019	0.995357	0.000053	0.986515	0.000015	1.000020	0.000211	1349417984.295007	0.999992	36.886575	23.132649	0.000000	1.001906	0.000026	1.000000	1.000000	1.000125	0.000136	0.996672	0.000007	0.996799	0.000025	0.999613	0.000018	0.999754	0.000017	1.000000	1.000000	
1349417985.294763	1.000000	37.462677	24.043716	0.000000	1.000000	1.000000	1.000001	0.999999	1.000371	0.000578	1.000387	0.000343	0.999386	0.000111	1.003223	0.000084	1.003874	0.000054	1.000004	0.000322	1349417985.295034	1.000027	36.915448	23.148867	0.000000	1.016554	0.000085	1.000000	1.000000	0.999714	0.000031	1.000210	0.000081	1.000874	0.000925	1.000328	0.000056	0.999910	0.000064	1.000000	1.000000	
1349417986.294761	0.999998	37.469188	24.047516	0.000000	1.000000	1.000000	1.000000	0.999982	1.000605	0.000640	0.999395	0.000242	1.014819	0.000015	0.999777	0.000052	0.990302	0.000017	0.998862	0.000209	1349417986.295009	0.999975	36.918328	23.150833	0.000000	0.929105	0.000023	1.000000	0.999964	0.999959	0.000103	0.994544	0.000013	0.998914	0.000013	0.999362	0.000013	1.000735	0.000017	1.000000	1.000000	
1349417987.294762	1.000001	37.459696	24.046104	0.000000	1.000000	1.000001	1.000000	0.999905	0.999049	0.000608	1.001270	0.000267	0.996661	0.000065	0.994645	0.000116	1.002422	0.000052	1.001027	0.000224	1349417987.295005	0.999996	36.883069	23.113314	0.000000	1.002413	0.000087	1.000000	0.999862	0.999451	0.000034	1.000801	0.000083	1.000182	0.000061	0.986827	0.000055	0.999875	0.000065	1.000000	0.999991	
1349417988.294762	1.000000	37.456421	24.042313	0.000000	1.000000	1.000000	1.000000	1.000000	1.000273	0.000593	0.998208	0.000098	0.999136	0.000015	1.001659	0.000274	1.001111	0.000017	0.999493	0.000238	1349417988.295010	1.000005	36.839858	23.068656	0.000000	0.987703	0.000025	1.000000	1.000000	1.000187	0.000091	1.000299	0.000013	1.001535	0.000013	1.001305	0.000561	0.998689	0.000017	1.000000	1.000000	
1349417989.294762	1.000000	37.459473	24.041336	0.000000	1.000000	1.000000	1.000000	1.000000	0.999530	0.000571	1.000845	0.000228	1.003363	0.000065	1.001770	0.000089	1.000086	0.000085	1.000450	0.000238	1349417989.295013	1.000003	36.833779	23.063527	0.000000	1.002271	0.000116	1.000000	1.000000	0.999811	0.000035	0.999976	0.000079	0.988277	0.000064	0.998944	0.000077	1.000360	0.000062	1.000000	1.000000	
1349417990.294762	1.000000	37.448334	24.034668	0.000000	1.000000	1.000000	1.000000	0.999961	1.000089	0.000643	0.999979	0.000148	0.999399	0.000061	0.999689	0.000060	0.999503	0.000017	1.000398	0.000282	1349417990.295009	0.999996	36.841397	23.068941	0.000000	1.001485	0.000025	1.000000	0.999940	0.999991	0.000088	0.999827	0.000013	1.000896	0.000839	1.004835	0.000016	0.999339	0.000018	1.000000	1.000000	
1349417991.294759	0.999997	715823589.277276	715766309.520746	715830103.395168	0.999970	1.000025	0.999975	1.000060	0.999976	1.000059	0.999972	1.000032	0.999974	1.000046	0.999976	1.000037	0.999973	1.000042	0.999974	1.000043	1349417991.294875	0.999866	715880369.088685	715872034.692469	715923812.242008	0.999974	1.000041	0.999971	1.000042	3.893960	0.256816	0.999971	1.000031	0.999975	1.000047	0.999976	1.000035	0.999976	1.000052	0.999972	1.000034	
1349417992.294758	0.999999	0.000000	0.000000	0.000000	-nan	-nan	-nan	-nan	0.000000	inf	-nan	-nan	-nan	0.000000	-nan	-nan	-nan	-nan	-nan	-nan	1349417992.294830	0.999955	0.000000	0.000000	0.000000	-nan	-nan	-nan	-nan	0.000000	inf	-nan	-nan	-nan	-nan	-nan	-nan	-nan	-nan	-nan	-nan	
