ts_0	elapsed_0	pkg_0	pp0_0	dram_0	freq_ratio_0_0	c0_ratio_0_0	freq_ratio_0_1	c0_ratio_0_1	freq_ratio_0_2	c0_ratio_0_2	freq_ratio_0_3	c0_ratio_0_3	freq_ratio_0_4	c0_ratio_0_4	freq_ratio_0_5	c0_ratio_0_5	freq_ratio_0_6	c0_ratio_0_6	freq_ratio_0_7	c0_ratio_0_7	ts_1	elapsed_1	pkg_1	pp0_1	dram_1	freq_ratio_1_0	c0_ratio_1_0	freq_ratio_1_1	c0_ratio_1_1	freq_ratio_1_2	c0_ratio_1_2	freq_ratio_1_3	c0_ratio_1_3	freq_ratio_1_4	c0_ratio_1_4	freq_ratio_1_5	c0_ratio_1_5	freq_ratio_1_6	c0_ratio_1_6	freq_ratio_1_7	c0_ratio_1_7	
1349476505.439425	1.000510	47.166727	33.479432	7.714922	0.999959	0.977075	0.999888	0.987633	0.999889	0.987393	0.999954	0.970880	0.997665	0.000672	0.995974	0.000095	0.987510	0.000041	0.998231	0.000303	1349476505.439615	1.000457	47.040847	33.442281	7.295951	0.999967	0.987694	0.999983	0.987579	1.000001	0.987387	0.900881	0.000247	1.009522	0.000039	0.678807	0.000057	1.010890	0.000039	0.999902	0.989668	
1349476506.439423	0.999998	47.911819	34.255543	7.915039	1.000000	1.000000	1.000000	1.000000	1.000000	1.000000	1.000000	1.000000	1.000173	0.000676	1.000014	0.000085	0.999040	0.000058	1.000426	0.000357	1349476506.439608	0.999993	47.611551	33.960867	7.835366	1.000000	1.000000	1.000000	1.000000	1.000000	1.000000	1.001034	0.000791	0.999361	0.000066	0.999986	0.000054	0.999806	0.000062	1.000000	1.000000	
1349476507.439422	0.999999	48.082047	34.333117	7.933113	1.000000	0.999992	1.000000	1.000000	1.000000	0.999923	1.000000	0.999998	0.999876	0.000611	0.997397	0.000017	1.005336	0.000016	1.000016	0.000286	1349476507.439620	1.000012	47.683239	34.030127	7.850431	1.000000	1.000000	1.000000	1.000000	1.000000	1.000000	0.999221	0.000188	1.000048	0.000016	1.000920	0.000013	1.001498	0.000018	1.000000	1.000000	
1349476508.439421	0.999999	48.181778	34.465762	7.916878	0.999958	0.998062	0.999955	0.998066	0.999965	0.998050	0.999982	0.998007	0.999797	0.000582	1.001132	0.000053	0.999098	0.000105	0.999556	0.000282	1349476508.439613	0.999993	47.676355	34.023184	7.812752	1.000000	0.998085	1.000000	0.998122	1.000000	0.998093	1.000281	0.000209	1.000690	0.000058	1.000020	0.000058	0.999598	0.000063	1.000000	1.000000	
1349476509.439422	1.000001	48.306930	34.581693	7.896721	0.999980	0.999882	0.999960	0.999921	0.999969	0.999904	0.999982	0.999879	0.999684	0.000596	1.000253	0.000046	1.000498	0.000016	1.000456	0.000251	1349476509.439622	1.000009	47.766199	34.105785	7.870336	1.000000	0.999927	1.000000	0.999946	1.000000	1.000000	0.999904	0.000189	0.997736	0.000013	1.000371	0.000015	1.000442	0.000017	1.000000	1.000000	
1349476510.439421	0.999999	48.386322	34.651644	7.916038	1.000001	1.000000	1.000001	1.000001	1.000000	1.000000	1.000000	1.000000	1.001260	0.000632	0.998754	0.000060	0.999793	0.000060	0.999965	0.000289	1349476510.439606	0.999984	47.847597	34.176953	7.963521	1.000000	1.000000	1.000000	1.000000	1.000000	1.000000	0.995618	0.000216	0.999704	0.000060	0.999904	0.000068	1.000174	0.000066	1.000000	1.000000	
1349476511.439422	1.000001	48.472290	34.724469	7.913216	0.999993	0.999852	0.999968	0.999928	0.999968	0.999928	0.999982	0.999901	0.999218	0.000693	1.001213	0.000056	1.004064	0.000016	1.000004	0.005275	1349476511.439611	1.000005	47.932560	34.252224	7.987814	1.000000	0.999927	1.000000	0.999961	1.000000	1.000000	1.001205	0.000742	1.001189	0.000012	0.993668	0.000013	0.999710	0.000020	1.000000	1.000000	
1349476512.439422	1.000000	48.540070	34.781708	7.932159	0.999992	0.999886	0.999970	0.999929	0.999971	0.999852	0.999982	0.999908	0.999467	0.000574	0.989849	0.000050	0.996275	0.000107	0.999926	0.000287	1349476512.439616	1.000005	47.981281	34.296734	7.972479	1.000000	0.999943	1.000000	0.999962	1.000000	0.999944	0.999914	0.000207	0.999980	0.000076	1.001488	0.000057	0.999168	0.000070	1.000000	1.000000	
1349476513.439423	1.000001	715784660.220577	715780780.056522	715789207.488793	0.999994	1.000148	0.999994	1.000163	0.999996	1.000166	0.999997	1.000160	0.999997	1.000163	0.999999	1.000158	0.999997	1.000163	0.999997	1.000161	1349476513.439528	0.999912	715831662.885610	715859196.262351	715841842.969252	0.999997	1.000161	0.999994	1.000163	3.892545	0.256944	0.999997	1.000161	0.999997	1.000163	0.999999	1.000158	0.999997	1.000163	0.999997	1.000161	
1349476514.439515	1.000092	0.000000	0.000000	0.000000	-nan	-nan	-nan	-nan	1.000008	inf	-nan	-nan	-nan	0.000000	-nan	-nan	-nan	-nan	-nan	-nan	1349476514.439595	1.000067	0.000000	0.000000	0.000000	-nan	-nan	-nan	-nan	1.345745	inf	-nan	-nan	-nan	-nan	-nan	-nan	-nan	-nan	-nan	-nan	
