ts_0	elapsed_0	pkg_0	pp0_0	dram_0	freq_ratio_0_0	c0_ratio_0_0	freq_ratio_0_1	c0_ratio_0_1	freq_ratio_0_2	c0_ratio_0_2	freq_ratio_0_3	c0_ratio_0_3	freq_ratio_0_4	c0_ratio_0_4	freq_ratio_0_5	c0_ratio_0_5	freq_ratio_0_6	c0_ratio_0_6	freq_ratio_0_7	c0_ratio_0_7	ts_1	elapsed_1	pkg_1	pp0_1	dram_1	freq_ratio_1_0	c0_ratio_1_0	freq_ratio_1_1	c0_ratio_1_1	freq_ratio_1_2	c0_ratio_1_2	freq_ratio_1_3	c0_ratio_1_3	freq_ratio_1_4	c0_ratio_1_4	freq_ratio_1_5	c0_ratio_1_5	freq_ratio_1_6	c0_ratio_1_6	freq_ratio_1_7	c0_ratio_1_7	
1350071977.504177	1.000268	68.255238	55.044041	4.956802	0.935535	0.996425	0.935534	0.996421	0.935534	0.996418	0.935533	0.996417	0.935532	0.996415	0.935532	0.996412	0.935531	0.996411	0.935530	0.996408	1350071977.504220	1.000268	47.585972	34.324618	1.631216	1.268718	0.998311	1.268718	0.998309	1.230721	0.001293	1.237109	0.000026	1.204774	0.000019	1.219237	0.000047	1.227528	0.000068	1.219663	0.000018	
1350071978.504168	0.999991	64.704566	51.478829	4.958083	0.903983	0.996306	0.903983	0.996303	0.903983	0.996301	0.903983	0.996298	0.903983	0.996296	0.903983	0.996292	0.903983	0.996291	0.903983	0.996289	1350071978.504206	0.999986	47.585783	34.351283	1.620125	1.269108	0.998862	1.269108	0.998860	1.230809	0.000710	1.233620	0.000088	1.234282	0.000080	1.233598	0.000111	1.230093	0.000162	1.223629	0.000089	
1350071979.504174	1.000006	64.709026	51.478682	4.962907	0.903545	0.996181	0.903545	0.996178	0.903545	0.996174	0.903545	0.996172	0.903545	0.996169	0.903545	0.996168	0.903545	0.996165	0.903545	0.996165	1350071979.504213	1.000007	47.562232	34.343467	1.601017	1.269119	0.998864	1.269119	0.998863	1.230849	0.000729	1.230229	0.000018	1.231384	0.000011	1.230120	0.000047	1.231408	0.000152	1.256035	0.000025	
1350071980.504174	1.000000	64.704453	51.469391	4.972855	0.903475	0.996146	0.903475	0.996147	0.903475	0.996143	0.903475	0.996140	0.903475	0.996137	0.903475	0.996133	0.903475	0.996129	0.903475	0.996129	1350071980.504212	0.999999	47.616134	34.382037	1.582765	1.269096	0.998718	1.269095	0.998716	1.230661	0.000743	1.230758	0.000055	1.230441	0.000055	1.230934	0.000062	1.230744	0.000357	1.232125	0.000047	
1350071981.504167	0.999993	64.705175	51.465001	4.933124	0.904981	0.996283	0.904981	0.996280	0.904981	0.996278	0.904981	0.996276	0.904982	0.996272	0.904982	0.996270	0.904982	0.996269	0.904982	0.996266	1350071981.504207	0.999995	47.632868	34.401219	1.584603	1.269124	0.998990	1.269125	0.998989	1.230912	0.000662	1.234837	0.000018	1.235741	0.000011	1.231575	0.000053	1.230988	0.000103	1.228753	0.000011	
1350071982.504167	1.000000	64.708054	51.467941	4.958420	0.904969	0.996179	0.904969	0.996176	0.904969	0.996173	0.904969	0.996171	0.904969	0.996169	0.904969	0.996165	0.904969	0.996163	0.904969	0.996163	1350071982.504212	1.000005	47.639822	34.407207	1.618049	1.269120	0.998931	1.269119	0.998929	1.230776	0.000732	1.230367	0.000059	1.228116	0.000061	1.227119	0.000062	1.229287	0.000139	1.224881	0.000063	
1350071983.504168	1.000001	64.707748	51.463528	4.968394	0.906484	0.996334	0.906484	0.996332	0.906484	0.996329	0.906484	0.996328	0.906484	0.996326	0.906484	0.996324	0.906484	0.996322	0.906484	0.996319	1350071983.504205	0.999993	47.658853	34.425836	1.587841	1.269126	0.998930	1.269127	0.998929	1.230604	0.000702	1.224006	0.000018	1.234477	0.000011	1.230245	0.000045	1.230635	0.000065	1.244075	0.000011	
1350071984.504174	1.000006	64.707119	51.464644	4.942903	0.905777	0.996147	0.905777	0.996145	0.905777	0.996143	0.905777	0.996140	0.905777	0.996138	0.905777	0.996134	0.905777	0.996133	0.905776	0.996131	1350071984.504212	1.000007	47.663870	34.432028	1.589299	1.269116	0.998885	1.269117	0.998883	1.230951	0.000720	1.232261	0.000053	1.232092	0.000055	1.233240	0.000067	1.231872	0.000169	1.234629	0.000047	
1350071985.504173	0.999999	64.705735	51.461902	4.962956	0.906298	0.996251	0.906298	0.996249	0.906298	0.996246	0.906298	0.996243	0.906298	0.996241	0.906299	0.996238	0.906299	0.996237	0.906299	0.996234	1350071985.504211	0.999999	47.660919	34.428454	1.592043	1.268993	0.998715	1.268993	0.998714	1.230748	0.000690	1.233289	0.000025	1.233054	0.000018	1.232085	0.000048	1.230650	0.001930	1.219290	0.000018	
1350071986.504185	1.000012	64.677986	51.442960	4.958071	0.906151	0.283728	0.946925	0.997801	0.946925	0.997801	0.946925	0.997799	0.946925	0.997797	0.946926	0.997796	0.946926	0.997795	0.946926	0.997793	1350071986.504282	1.000071	52.742316	39.510453	1.634497	1.241595	0.999690	1.241595	0.999690	1.230770	0.717669	1.229060	0.000658	1.246811	0.000050	1.232754	0.000054	1.236621	0.000158	1.251209	0.000046	
1350071987.504167	0.999982	64.682813	51.450429	4.953168	0.961798	0.003226	0.962898	0.998305	0.962898	0.998304	0.962898	0.998303	0.962898	0.998301	0.962898	0.998299	0.962898	0.998299	0.962898	0.998297	1350071987.504240	0.999958	54.813350	41.578832	1.601691	1.230765	0.999956	1.230765	0.999956	1.230765	0.999956	1.230583	0.000799	1.219078	0.000010	1.227309	0.000038	1.228183	0.000068	1.210845	0.000010	
1350071988.504167	1.000000	64.680054	51.448380	4.953094	0.961907	0.002983	0.962840	0.998514	0.962840	0.998513	0.962840	0.998512	0.962840	0.998510	0.962840	0.998510	0.962840	0.998508	0.962840	0.998507	1350071988.504248	1.000008	54.847471	41.612532	1.638262	1.230763	0.999956	1.230762	0.999956	1.230763	0.999956	1.229229	0.000798	1.227646	0.000038	1.218259	0.000065	1.229446	0.000110	1.227566	0.000048	
1350071989.504166	0.999999	64.617768	51.394367	4.962392	0.949304	0.006411	0.962252	0.998408	0.962252	0.998407	0.962252	0.998407	0.962252	0.998403	0.962251	0.998404	0.962252	0.998403	0.962252	0.998402	1350071989.504249	1.000001	54.881082	41.643347	1.634291	1.230529	0.999682	1.230529	0.999681	1.230529	0.999681	1.176277	0.003240	1.155540	0.002396	1.161987	0.003414	1.164421	0.002729	1.157408	0.002245	
1350071990.504167	1.000001	64.677429	51.443829	4.953029	0.961116	0.003015	0.962756	0.998501	0.962756	0.998499	0.962756	0.998499	0.962756	0.998498	0.962756	0.998496	0.962756	0.998495	0.962756	0.998494	1350071990.504255	1.000006	53.849822	40.602968	1.646108	1.230763	0.999934	1.230763	0.999934	1.230763	0.999934	1.229181	0.000838	1.230697	0.000072	1.221835	0.000081	1.230621	0.000481	1.221869	0.000071	
1350071991.504180	1.000013	64.681403	51.444516	4.952755	0.961380	0.003025	0.963070	0.998057	0.963070	0.998055	0.963070	0.998054	0.963070	0.998051	0.963070	0.998050	0.963070	0.998050	0.963070	0.998048	1350071991.504261	1.000006	53.863738	40.613497	1.589468	1.230765	0.999956	1.230765	0.999956	1.230765	0.999956	1.230770	0.000737	1.230941	0.000010	1.230713	0.000038	1.231188	0.000058	1.261524	0.000022	
1350071992.504167	0.999987	64.680475	51.443927	4.967594	0.962281	0.002892	0.962859	0.998509	0.962859	0.998508	0.962859	0.998506	0.962859	0.998506	0.962859	0.998504	0.962859	0.998504	0.962859	0.998502	1350071992.504259	0.999998	53.767879	40.516633	1.601871	1.230763	0.999934	1.230763	0.999934	1.230763	0.999934	1.228814	0.000806	1.230921	0.000053	1.217412	0.000066	1.230465	0.000104	1.230088	0.000050	
1350071993.504166	0.999999	64.681443	51.445438	4.937734	0.961699	0.003325	0.962727	0.998732	0.962727	0.998731	0.962727	0.998730	0.962727	0.998730	0.962727	0.998728	0.962727	0.998728	0.962727	0.998727	1350071993.504254	0.999995	53.322502	40.068621	1.589699	1.230765	0.999957	1.230765	0.999956	1.230765	0.999956	1.230598	0.000756	1.230431	0.000010	1.230741	0.000038	1.230734	0.000058	1.230818	0.000010	
1350071994.504167	1.000001	64.680587	51.445355	4.942851	0.964333	0.002904	0.966707	0.998501	0.966707	0.998500	0.966707	0.998500	0.966707	0.998499	0.966707	0.998498	0.966707	0.998498	0.966707	0.998496	1350071994.504255	1.000001	53.835703	40.580635	1.612364	1.230760	0.999888	1.230760	0.999888	1.230760	0.999888	1.228918	0.000791	1.230783	0.000051	1.221241	0.000074	1.230889	0.000212	1.231192	0.000066	
1350071995.504167	1.000000	64.678772	51.439499	4.927826	0.964769	0.003421	0.962652	0.998717	0.962652	0.998716	0.962652	0.998714	0.962652	0.998712	0.962652	0.998712	0.962652	0.998711	0.962652	0.998710	1350071995.504254	0.999999	55.052192	41.802866	1.598726	1.230763	0.999934	1.230763	0.999934	1.230763	0.999934	1.230081	0.000875	1.230746	0.000017	1.230001	0.000039	1.230546	0.001919	1.230771	0.000016	
1350071996.504167	1.000000	64.678268	51.439163	4.953339	0.962271	0.003183	0.962680	0.998626	0.962680	0.998625	0.962680	0.998624	0.962680	0.998623	0.962680	0.998622	0.962680	0.998622	0.962680	0.998621	1350071996.504273	1.000019	54.944646	41.758527	1.594879	1.230763	0.999931	1.230763	0.999930	1.230763	0.999930	1.229033	0.000857	1.230823	0.000050	1.220076	0.000062	1.230468	0.000092	1.231295	0.000046	
1350071997.504167	1.000000	64.679764	51.438354	4.957977	0.961757	0.003425	0.962857	0.998672	0.962857	0.998671	0.962856	0.998670	0.962857	0.998669	0.962856	0.998667	0.962856	0.998666	0.962856	0.998667	1350071997.504255	0.999982	54.987906	41.698835	1.590834	1.230765	0.999956	1.230765	0.999956	1.230765	0.999956	1.230833	0.000855	1.231285	0.000010	1.230512	0.000031	1.230906	0.000098	1.228126	0.000010	
1350071998.504167	1.000000	64.614883	51.386002	4.958145	0.961779	0.003275	0.962851	0.998669	0.962851	0.998668	0.962851	0.998667	0.962851	0.998666	0.962851	0.998666	0.962851	0.998664	0.962851	0.998663	1350071998.504254	0.999999	54.977271	41.733026	1.651827	1.230763	0.999933	1.230763	0.999933	1.230763	0.999933	1.228879	0.000927	1.219714	0.000061	1.216752	0.000075	1.230423	0.000121	1.230324	0.000048	
1350071999.504166	0.999999	64.682313	51.444385	4.948277	0.961801	0.003241	0.962504	0.998753	0.962504	0.998753	0.962505	0.998753	0.962505	0.998751	0.962505	0.998750	0.962504	0.998750	0.962504	0.998748	1350071999.504254	1.000000	54.977509	41.734787	1.583633	1.230765	0.999953	1.230765	0.999953	1.230765	0.999953	1.230928	0.000803	1.231156	0.000010	1.230482	0.000045	1.231089	0.000136	1.234318	0.000010	
1350072000.504167	1.000001	64.676666	51.440381	4.972697	0.961863	0.003259	0.962619	0.998741	0.962619	0.998739	0.962619	0.998738	0.962619	0.998737	0.962619	0.998737	0.962619	0.998736	0.962619	0.998735	1350072000.504253	0.999999	55.002524	41.763620	1.602327	1.230763	0.999933	1.230763	0.999933	1.230763	0.999933	1.229181	0.000863	1.230817	0.000461	1.214286	0.000071	1.230745	0.000354	1.230009	0.000045	
1350072001.504166	0.999999	64.638749	51.406543	4.917806	0.983320	0.002281	0.962627	0.484072	1.001724	0.999242	1.001724	0.999242	1.001724	0.999241	1.001725	0.999241	1.001725	0.999240	1.001726	0.999240	1350072001.504270	1.000017	59.777659	46.534201	1.602314	1.230715	0.999431	1.230715	0.999431	1.230715	0.999430	1.230673	0.515413	1.192762	0.000439	1.226104	0.000046	1.209352	0.000067	1.195284	0.000051	
1350072002.504181	1.000015	64.626455	51.395178	4.946795	1.037694	0.001297	1.044685	0.000041	1.038174	0.999795	1.038173	0.999794	1.038173	0.999794	1.038174	0.999794	1.038174	0.999794	1.038173	0.999793	1350072002.504288	1.000018	64.506049	51.251296	1.904675	1.225361	0.997559	1.225360	0.997556	1.225361	0.997554	1.225361	0.997553	1.142924	0.046051	1.188736	0.015648	1.180082	0.000396	1.183485	0.001398	
1350072003.504166	0.999985	64.628900	51.395959	4.958204	1.038513	0.001424	1.028262	0.000021	1.038517	0.999729	1.038517	0.999729	1.038517	0.999728	1.038517	0.999728	1.038517	0.999728	1.038517	0.999728	1350072003.504270	0.999982	64.425087	51.171188	1.608442	1.230665	0.998975	1.230665	0.998974	1.230665	0.998973	1.230665	0.998972	1.192191	0.000450	1.191355	0.000598	1.192456	0.000072	1.220832	0.000023	
1350072004.504167	1.000001	64.637618	51.406094	4.952968	1.037959	0.001283	1.040872	0.000067	1.037172	0.999681	1.037172	0.999680	1.037172	0.999681	1.037172	0.999680	1.037172	0.999680	1.037172	0.999680	1350072004.504270	1.000000	64.461807	51.206573	1.638428	1.230647	0.998831	1.230647	0.998830	1.230647	0.998828	1.230647	0.998827	1.192294	0.000496	1.192331	0.000637	1.192135	0.000187	1.192016	0.000083	
1350072005.504167	1.000000	64.634735	51.405121	4.967957	1.038489	0.001570	1.038538	0.000149	1.037464	0.999750	1.037464	0.999750	1.037464	0.999750	1.037464	0.999750	1.037464	0.999750	1.037464	0.999749	1350072005.504271	1.000001	64.456573	51.201489	1.634901	1.230086	0.998661	1.230086	0.998660	1.230086	0.998659	1.230086	0.998657	1.190833	0.000481	1.191459	0.000574	1.192010	0.002083	1.184858	0.000049	
1350072006.504180	1.000013	64.635688	51.406751	4.967952	1.035194	0.001298	1.037931	0.000038	1.036406	0.999477	1.036406	0.999477	1.036406	0.999476	1.036406	0.999476	1.036406	0.999476	1.036406	0.999475	1350072006.504285	1.000014	64.459268	51.201306	1.644768	1.229831	0.998787	1.229831	0.998785	1.229831	0.998784	1.229831	0.998783	1.192314	0.000521	1.192302	0.000623	1.192261	0.000125	1.191826	0.000051	
1350072007.504166	0.999986	64.633325	51.403570	4.953057	1.036965	0.001393	1.040638	0.000021	1.034737	0.999093	1.034737	0.999092	1.034737	0.999091	1.034737	0.999090	1.034737	0.999090	1.034737	0.999089	1350072007.504279	0.999994	64.341860	51.081878	1.602091	1.229484	0.998828	1.229484	0.998826	1.229484	0.998825	1.229484	0.998824	1.192260	0.000389	1.192292	0.000499	1.192854	0.000059	1.191901	0.000010	
1350072008.504167	1.000001	64.639083	51.406994	4.942943	1.035949	0.001303	1.038612	0.000078	1.037825	0.999814	1.037825	0.999814	1.037826	0.999813	1.037825	0.999813	1.037825	0.999814	1.037825	0.999813	1350072008.504282	1.000003	62.935092	49.672804	1.632975	1.230661	0.998984	1.230661	0.998983	1.230661	0.998982	1.230661	0.998980	1.192304	0.000459	1.192293	0.000587	1.192248	0.000099	1.192851	0.000059	
1350072009.504167	1.000000	64.628204	51.395355	4.923325	1.037866	0.001420	1.036543	0.000029	1.037941	0.999819	1.037941	0.999819	1.037941	0.999819	1.037941	0.999819	1.037941	0.999819	1.037941	0.999818	1350072009.504269	0.999987	62.596402	49.333090	1.598669	1.230672	0.999047	1.230672	0.999047	1.230672	0.999045	1.230672	0.999044	1.192362	0.000395	1.192336	0.000486	1.192343	0.000130	1.191688	0.000010	
1350072010.504167	1.000000	64.559494	51.336716	4.952881	1.038532	0.001193	1.038253	0.000067	1.039037	0.999819	1.039037	0.999819	1.039037	0.999819	1.039037	0.999819	1.039037	0.999819	1.039037	0.999819	1350072010.504282	1.000013	62.268959	49.016508	1.685937	1.230637	0.998768	1.230637	0.998767	1.230637	0.998766	1.230637	0.998764	1.192257	0.000437	1.192286	0.000521	1.192250	0.000411	1.192074	0.000049	
1350072011.504176	1.000009	715767231.949173	715791095.196705	715805586.927822	0.999988	1.000204	0.999986	1.000207	0.999996	1.000205	0.999988	1.000204	0.999988	1.000207	0.999991	1.000202	0.999988	1.000207	0.999988	1.000205	1350072011.504272	0.999990	715828325.001576	715775817.431872	715819765.400986	0.999988	1.000204	0.999986	1.000207	3.893154	0.256913	0.999988	1.000204	0.999988	1.000207	0.999991	1.000203	0.999988	1.000207	0.999988	1.000205	
1350072012.504167	0.999991	0.000000	0.000000	0.000000	-nan	-nan	-nan	-nan	896843878337.409668	inf	-nan	-nan	-nan	0.000000	0.000000	inf	-nan	-nan	-nan	-nan	1350072012.504247	0.999975	0.000000	0.000000	0.000000	-nan	-nan	-nan	-nan	1.345745	inf	-nan	-nan	-nan	-nan	-nan	-nan	-nan	-nan	-nan	-nan	
