ts_0	elapsed_0	pkg_0	pp0_0	dram_0	freq_ratio_0_0	c0_ratio_0_0	freq_ratio_0_1	c0_ratio_0_1	freq_ratio_0_2	c0_ratio_0_2	freq_ratio_0_3	c0_ratio_0_3	freq_ratio_0_4	c0_ratio_0_4	freq_ratio_0_5	c0_ratio_0_5	freq_ratio_0_6	c0_ratio_0_6	freq_ratio_0_7	c0_ratio_0_7	ts_1	elapsed_1	pkg_1	pp0_1	dram_1	freq_ratio_1_0	c0_ratio_1_0	freq_ratio_1_1	c0_ratio_1_1	freq_ratio_1_2	c0_ratio_1_2	freq_ratio_1_3	c0_ratio_1_3	freq_ratio_1_4	c0_ratio_1_4	freq_ratio_1_5	c0_ratio_1_5	freq_ratio_1_6	c0_ratio_1_6	freq_ratio_1_7	c0_ratio_1_7	
1350071977.503817	1.000275	68.288784	54.977013	6.119686	0.965086	0.996730	0.965086	0.996728	0.965085	0.996726	0.965085	0.996725	0.965085	0.996723	0.965084	0.996722	0.965084	0.996719	0.965083	0.996718	1350071977.503858	1.000274	48.529446	35.321257	1.827319	1.269123	0.998940	1.269123	0.998939	1.230942	0.000745	1.228849	0.000053	1.227333	0.000061	1.225049	0.000055	1.226649	0.000083	1.222043	0.000058	
1350071978.503808	0.999991	64.700186	51.379555	6.102930	0.931934	0.996331	0.931934	0.996329	0.931934	0.996329	0.931934	0.996324	0.931934	0.996324	0.931933	0.996319	0.931933	0.996318	0.931933	0.996316	1350071978.503847	0.999989	48.699005	35.473915	1.747578	1.269149	0.999164	1.269149	0.999162	1.230974	0.000559	1.097027	0.000012	1.226706	0.000011	1.227140	0.000011	1.230088	0.000047	1.262493	0.000011	
1350071979.503807	0.999999	64.697541	51.374011	6.121405	0.931594	0.996323	0.931594	0.996319	0.931594	0.996317	0.931594	0.996316	0.931594	0.996313	0.931594	0.996311	0.931594	0.996309	0.931593	0.996306	1350071979.503846	0.999999	48.736603	35.510150	1.778658	1.269124	0.998972	1.269124	0.998971	1.230591	0.000643	1.246824	0.000098	1.232033	0.000088	1.233573	0.000081	1.231782	0.000088	1.225112	0.000071	
1350071980.503807	1.000000	64.691635	51.363770	6.109070	0.931250	0.996333	0.931251	0.996332	0.931251	0.996328	0.931251	0.996325	0.931251	0.996322	0.931251	0.996320	0.931251	0.996320	0.931251	0.996318	1350071980.503844	0.999998	48.738145	35.509498	1.659610	1.269153	0.999210	1.269153	0.999208	1.230770	0.000523	1.210122	0.000011	1.212063	0.000011	1.235236	0.000010	1.235804	0.000032	1.247798	0.000026	
1350071981.503807	1.000000	64.695541	51.366241	6.115234	0.931048	0.996176	0.931048	0.996173	0.931048	0.996169	0.931048	0.996168	0.931048	0.996166	0.931047	0.996163	0.931047	0.996159	0.931047	0.996157	1350071981.503844	1.000000	48.746124	35.516785	1.705566	1.269136	0.999101	1.269136	0.999100	1.230746	0.000617	1.232670	0.000068	1.233393	0.000054	1.225594	0.000047	1.228745	0.000111	1.226709	0.000056	
1350071982.503807	1.000000	64.699158	51.365601	6.102905	0.931808	0.996300	0.931808	0.996298	0.931808	0.996295	0.931808	0.996291	0.931808	0.996289	0.931808	0.996288	0.931807	0.996285	0.931807	0.996283	1350071982.503847	1.000003	48.758684	35.528729	1.678767	1.269149	0.999164	1.269142	0.999163	1.230763	0.000552	1.238693	0.000011	1.237278	0.000011	1.249838	0.000011	1.235629	0.000040	1.123307	0.000012	
1350071983.503808	1.000001	64.694183	51.360638	6.109064	0.931998	0.996293	0.931998	0.996292	0.931998	0.996290	0.931998	0.996287	0.931998	0.996286	0.931998	0.996285	0.931998	0.996282	0.931998	0.996280	1350071983.503846	0.999999	48.754182	35.523990	1.727922	1.269137	0.999101	1.269144	0.999099	1.230757	0.000604	1.230754	0.000068	1.231131	0.000058	1.230965	0.000052	1.230820	0.000075	1.258687	0.000054	
1350071984.503807	0.999999	64.691941	51.358035	6.096747	0.931952	0.996294	0.931952	0.996291	0.931952	0.996288	0.931952	0.996285	0.931952	0.996285	0.931952	0.996282	0.931952	0.996280	0.931952	0.996278	1350071984.503844	0.999998	48.737154	35.506125	1.587894	1.269149	0.999165	1.269150	0.999165	1.231067	0.000483	1.230992	0.000011	1.228489	0.000011	1.231276	0.000011	1.227979	0.000040	1.207432	0.000011	
1350071985.503820	1.000013	64.666739	51.337401	6.102825	0.934795	0.062554	0.986796	0.997547	0.986796	0.997546	0.986796	0.997544	0.986796	0.997542	0.986796	0.997539	0.986796	0.997538	0.986796	0.997536	1350071985.503897	1.000053	55.552968	42.323169	2.609451	1.233014	0.999647	1.233014	0.999646	1.230772	0.940327	1.230610	0.000524	1.244139	0.000051	1.247823	0.000038	1.234936	0.000174	1.248305	0.000053	
1350071986.503813	0.999993	64.603444	51.288593	6.121411	0.971090	0.004917	0.989924	0.997585	0.989925	0.997583	0.989925	0.997581	0.989925	0.997580	0.989925	0.997577	0.989926	0.997576	0.989926	0.997574	1350071986.503901	1.000004	55.955431	42.736582	2.643132	1.230765	0.999956	1.230765	0.999956	1.230765	0.999956	1.230923	0.000504	1.208931	0.000010	1.224932	0.000010	1.231389	0.000039	1.214164	0.000009	
1350071987.503806	0.999993	64.672124	51.344624	6.096783	0.976277	0.003103	0.989705	0.997513	0.989705	0.997510	0.989705	0.997508	0.989705	0.997507	0.989704	0.997505	0.989704	0.997504	0.989704	0.997501	1350071987.503894	0.999993	56.032431	42.799322	2.613772	1.230765	0.999957	1.230765	0.999957	1.230765	0.999957	1.231079	0.000545	1.231615	0.000052	1.230940	0.000050	1.230956	0.000073	1.232712	0.000052	
1350071988.503806	1.000000	64.670731	51.343613	6.096741	0.979978	0.003151	0.989532	0.997462	0.989533	0.997460	0.989532	0.997458	0.989532	0.997458	0.989532	0.997456	0.989532	0.997454	0.989533	0.997452	1350071988.503896	1.000002	56.055191	42.820719	2.632579	1.230765	0.999956	1.230765	0.999956	1.230765	0.999956	1.229265	0.000477	1.224539	0.000017	1.232788	0.000010	1.230436	0.000044	1.236903	0.000010	
1350071989.503806	1.000000	64.668472	51.337830	6.090576	0.976199	0.003029	0.989778	0.997536	0.989778	0.997535	0.989778	0.997533	0.989778	0.997532	0.989779	0.997531	0.989779	0.997529	0.989779	0.997527	1350071989.503893	0.999997	55.978521	42.743632	2.669610	1.230765	0.999957	1.230765	0.999957	1.230765	0.999957	1.231076	0.000597	1.230464	0.000048	1.230337	0.000044	1.230642	0.000161	1.229825	0.000038	
1350071990.503806	1.000000	64.670624	51.339523	6.102905	0.978445	0.002961	0.989645	0.997511	0.989645	0.997510	0.989645	0.997508	0.989645	0.997505	0.989644	0.997504	0.989644	0.997503	0.989644	0.997502	1350071990.503894	1.000001	55.057046	41.816122	2.647657	1.230765	0.999956	1.230765	0.999956	1.230765	0.999956	1.230362	0.000481	1.234705	0.000010	1.234314	0.000009	1.231081	0.000032	1.232665	0.000010	
1350071991.503806	1.000000	64.667480	51.339249	6.108917	0.978182	0.003250	0.989473	0.997510	0.989473	0.997509	0.989474	0.997506	0.989474	0.997505	0.989474	0.997503	0.989474	0.997501	0.989475	0.997499	1350071991.503891	0.999997	55.109073	41.863426	2.649209	1.230765	0.999956	1.230765	0.999956	1.230765	0.999956	1.231080	0.000500	1.230706	0.000085	1.230799	0.000075	1.230432	0.000093	1.221180	0.000066	
1350071992.503807	1.000001	64.667083	51.335034	6.101877	0.968077	0.006454	0.988789	0.997414	0.988789	0.997413	0.988790	0.997411	0.988789	0.997408	0.988789	0.997409	0.988789	0.997407	0.988789	0.997404	1350071992.503895	1.000004	54.713600	41.464493	2.659001	1.230544	0.999818	1.230544	0.999817	1.230544	0.999817	1.166373	0.003049	1.155395	0.002093	1.155414	0.002618	1.169979	0.003561	1.155249	0.002443	
1350071993.503807	1.000000	64.660629	51.330307	6.109070	0.982094	0.003119	0.992963	0.997317	0.992963	0.997314	0.992962	0.997311	0.992963	0.997309	0.992963	0.997308	0.992963	0.997306	0.992963	0.997305	1350071993.503893	0.999998	54.518399	41.269503	2.591069	1.230765	0.999956	1.230765	0.999955	1.230765	0.999955	1.230791	0.000516	1.230753	0.000046	1.231115	0.000047	1.230423	0.000088	1.230549	0.000042	
1350071994.503806	0.999999	64.660355	51.326785	6.096747	0.999605	0.001832	1.009723	0.996547	1.009724	0.996543	1.009724	0.996542	1.009724	0.996539	1.009723	0.996537	1.009724	0.996535	1.009724	0.996533	1350071994.503901	1.000008	54.907911	41.658781	2.587275	1.230754	0.999872	1.230755	0.999872	1.230754	0.999872	1.224390	0.000495	1.175579	0.000056	1.175085	0.000055	1.206012	0.000054	1.172812	0.000064	
1350071995.503813	1.000007	64.668422	51.334530	6.109028	0.975340	0.003210	0.989198	0.997456	0.989198	0.997455	0.989198	0.997452	0.989198	0.997451	0.989198	0.997449	0.989198	0.997447	0.989198	0.997446	1350071995.503898	0.999997	56.196158	42.952755	2.657067	1.230765	0.999953	1.230765	0.999953	1.230765	0.999953	1.230773	0.000558	1.230805	0.000056	1.230394	0.000046	1.230739	0.000068	1.230652	0.000046	
1350071996.503806	0.999993	64.604817	51.283863	6.121441	0.970844	0.004879	0.989128	0.997425	0.989128	0.997424	0.989128	0.997421	0.989128	0.997419	0.989128	0.997418	0.989128	0.997417	0.989128	0.997415	1350071996.503917	1.000019	56.150800	42.906683	2.601253	1.230765	0.999957	1.230765	0.999957	1.230765	0.999957	1.230747	0.000513	1.211558	0.000010	1.211432	0.000010	1.230691	0.000039	1.213468	0.000010	
1350071997.503806	1.000000	64.670593	51.334198	6.109070	0.976500	0.003015	0.989764	0.997612	0.989764	0.997609	0.989764	0.997608	0.989764	0.997606	0.989764	0.997605	0.989764	0.997603	0.989763	0.997601	1350071997.503894	0.999977	56.148502	42.909521	2.646560	1.230765	0.999956	1.230765	0.999956	1.230765	0.999956	1.230792	0.000552	1.234458	0.000053	1.234630	0.000053	1.230720	0.000081	1.233508	0.000053	
1350071998.503806	1.000000	64.668304	51.332291	6.115234	0.979816	0.003068	0.990052	0.997649	0.990052	0.997648	0.990053	0.997645	0.990053	0.997642	0.990053	0.997642	0.990053	0.997641	0.990053	0.997639	1350071998.503891	0.999997	56.082388	42.857204	2.650429	1.230765	0.999956	1.230765	0.999956	1.230765	0.999956	1.230408	0.000514	1.231446	0.000009	1.231007	0.000009	1.231317	0.000046	1.234285	0.000010	
1350071999.503806	1.000000	64.667862	51.332626	6.109070	0.975269	0.003007	0.990085	0.997641	0.990085	0.997639	0.990085	0.997636	0.990085	0.997635	0.990085	0.997634	0.990085	0.997632	0.990085	0.997631	1350071999.503892	1.000001	56.107551	42.866674	2.557081	1.230765	0.999954	1.230765	0.999954	1.230765	0.999954	1.231137	0.000566	1.231052	0.000047	1.230502	0.000044	1.230389	0.000080	1.230314	0.000045	
1350072000.503806	1.000000	64.670410	51.335419	6.115234	0.978919	0.003015	0.989739	0.997546	0.989739	0.997544	0.989739	0.997542	0.989739	0.997541	0.989739	0.997539	0.989739	0.997538	0.989739	0.997535	1350072000.503891	0.999999	56.111458	42.867564	2.614367	1.230763	0.999931	1.230763	0.999932	1.230763	0.999932	1.228966	0.000520	1.229593	0.000010	1.229481	0.000009	1.231456	0.000038	1.216737	0.000010	
1350072001.503813	1.000007	64.641048	51.305828	6.121051	0.983739	0.003770	0.988836	0.821625	1.000843	0.997240	1.000844	0.997239	1.000844	0.997238	1.000844	0.997236	1.000844	0.997233	1.000844	0.997232	1350072001.503922	1.000031	57.899298	44.655003	2.687554	1.230550	0.999031	1.230550	0.999030	1.230550	0.999029	1.230309	0.179597	1.226767	0.011737	1.204568	0.000550	1.210014	0.001330	1.191066	0.001260	
1350072002.503807	0.999994	64.612949	51.282670	6.115103	1.057230	0.002555	1.069454	0.000022	1.057255	0.996421	1.057255	0.996418	1.057255	0.996415	1.057255	0.996414	1.057255	0.996411	1.057255	0.996408	1350072002.503920	0.999998	64.824709	51.582267	2.780294	1.218391	0.997925	1.218391	0.997924	1.218391	0.997921	1.218391	0.997919	1.125184	0.045752	1.164160	0.000311	1.192545	0.000041	1.198426	0.000006	
1350072003.503806	0.999999	64.607270	51.278034	6.096747	1.059951	0.002042	1.059528	0.000093	1.056832	0.996367	1.056832	0.996363	1.056833	0.996361	1.056832	0.996358	1.056832	0.996354	1.056833	0.996352	1350072003.503926	1.000006	64.463697	51.219467	2.637786	1.216961	0.996806	1.216961	0.996798	1.216961	0.996794	1.216961	0.996790	1.192299	0.000323	1.190770	0.000360	1.192178	0.000090	1.192145	0.000091	
1350072004.503806	1.000000	64.544815	51.230652	6.121399	1.060046	0.001505	1.064981	0.000064	1.057416	0.996524	1.057416	0.996522	1.057416	0.996518	1.057416	0.996518	1.057416	0.996514	1.057417	0.996510	1350072004.503916	0.999990	64.469975	51.222803	2.643764	1.216548	0.996757	1.216548	0.996753	1.216548	0.996750	1.216548	0.996746	1.194122	0.000334	1.192206	0.000283	1.192799	0.000056	1.192659	0.000038	
1350072005.503806	1.000000	64.611618	51.283066	6.115234	1.061792	0.001870	1.045403	0.000099	1.057116	0.996369	1.057116	0.996366	1.057115	0.996363	1.057115	0.996360	1.057115	0.996357	1.057114	0.996354	1350072005.503927	1.000011	64.459346	51.214953	2.681596	1.215858	0.996832	1.215850	0.996829	1.215858	0.996827	1.215858	0.996824	1.190472	0.000348	1.192385	0.000335	1.192167	0.000085	1.191709	0.000060	
1350072006.503806	1.000000	64.607086	51.277191	6.121399	1.046343	0.003353	1.046955	0.000049	1.056956	0.996431	1.056957	0.996428	1.056957	0.996427	1.056956	0.996424	1.056957	0.996421	1.056958	0.996419	1350072006.503915	0.999988	64.469320	51.223557	2.628236	1.216140	0.996739	1.216147	0.996736	1.216139	0.996733	1.216140	0.996729	1.194416	0.000306	1.194100	0.000302	1.192512	0.000046	1.185472	0.000015	
1350072007.503807	1.000001	64.608901	51.278180	6.096735	1.055315	0.001640	1.046304	0.000157	1.057076	0.996410	1.057076	0.996406	1.057076	0.996404	1.057076	0.996402	1.057076	0.996399	1.057075	0.996396	1350072007.503909	0.999994	64.451938	51.207520	2.639344	1.215922	0.996788	1.215922	0.996785	1.215922	0.996782	1.215922	0.996778	1.190360	0.000330	1.190837	0.000351	1.191819	0.000073	1.194403	0.000058	
1350072008.503806	0.999999	64.609986	51.279895	6.115240	1.053725	0.001766	1.041938	0.000135	1.057422	0.996451	1.057422	0.996448	1.057422	0.996445	1.057422	0.996443	1.057423	0.996440	1.057423	0.996438	1350072008.503915	1.000006	63.770418	50.535603	2.632156	1.230714	0.999478	1.230714	0.999478	1.230714	0.999477	1.230714	0.999476	1.194886	0.000249	1.194034	0.000303	1.192854	0.000041	1.192167	0.000017	
1350072009.503806	1.000000	64.609497	51.280106	6.102905	1.055419	0.001603	1.043890	0.000093	1.057321	0.996470	1.057321	0.996467	1.057321	0.996466	1.057321	0.996465	1.057321	0.996462	1.057321	0.996459	1350072009.503922	1.000007	63.459400	50.224445	2.660245	1.230695	0.999327	1.230695	0.999327	1.230695	0.999326	1.230695	0.999325	1.190001	0.000281	1.190935	0.000375	1.192232	0.000139	1.192684	0.000062	
1350072010.503806	1.000000	64.588257	51.255066	6.109070	1.071013	0.001657	1.076670	0.000060	1.069550	0.996446	1.069550	0.996443	1.069550	0.996429	1.069550	0.996426	1.069551	0.996423	1.069551	0.996420	1350072010.503927	1.000005	63.213474	49.981134	2.673555	1.230714	0.999477	1.230714	0.999477	1.230714	0.999476	1.230714	0.999476	1.195150	0.000229	1.193996	0.000319	1.192282	0.000047	1.193652	0.000010	
1350072011.503808	1.000002	715816222.212528	715802257.638974	715811024.884077	0.999985	1.000187	0.999983	1.000191	0.999993	1.000187	0.999986	1.000188	0.999986	1.000190	0.999988	1.000186	0.999986	1.000191	0.999986	1.000189	1350072011.503891	0.999964	715845812.570023	715850952.528917	715842524.586936	0.999986	1.000188	0.999983	1.000190	3.893333	0.256896	0.999986	1.000188	0.999986	1.000191	0.999988	1.000187	0.999986	1.000191	0.999986	1.000190	
1350072012.503806	0.999998	0.000000	0.000000	0.000000	-nan	-nan	-nan	-nan	0.000000	inf	-nan	-nan	-nan	0.000000	-nan	-nan	-nan	-nan	-nan	-nan	1350072012.503866	0.999975	0.000000	0.000000	0.000000	-nan	-nan	-nan	-nan	0.000000	inf	-nan	-nan	-nan	-nan	-nan	-nan	-nan	-nan	-nan	-nan	
