ts_0	elapsed_0	pkg_0	pp0_0	dram_0	freq_ratio_0_0	c0_ratio_0_0	freq_ratio_0_1	c0_ratio_0_1	freq_ratio_0_2	c0_ratio_0_2	freq_ratio_0_3	c0_ratio_0_3	freq_ratio_0_4	c0_ratio_0_4	freq_ratio_0_5	c0_ratio_0_5	freq_ratio_0_6	c0_ratio_0_6	freq_ratio_0_7	c0_ratio_0_7	ts_1	elapsed_1	pkg_1	pp0_1	dram_1	freq_ratio_1_0	c0_ratio_1_0	freq_ratio_1_1	c0_ratio_1_1	freq_ratio_1_2	c0_ratio_1_2	freq_ratio_1_3	c0_ratio_1_3	freq_ratio_1_4	c0_ratio_1_4	freq_ratio_1_5	c0_ratio_1_5	freq_ratio_1_6	c0_ratio_1_6	freq_ratio_1_7	c0_ratio_1_7	
1350065224.764212	1.000436	29.118055	15.815034	6.093122	1.000000	1.000000	0.997455	0.000469	0.999925	0.000093	0.999989	0.000137	1.000229	0.000093	1.000034	0.000056	0.999804	0.000067	1.000045	0.000077	1350065224.764429	1.000442	29.985281	16.829872	1.979975	0.996347	0.000120	0.999863	0.000096	1.000000	1.000000	0.999180	0.000441	0.997587	0.000080	0.996847	0.000064	0.998065	0.000065	1.003093	0.000210	
1350065225.764209	0.999997	29.082091	15.770969	6.084400	1.000000	1.000000	1.001772	0.000405	0.999913	0.000089	0.999895	0.000118	1.000009	0.000043	1.000043	0.000035	1.001243	0.000006	0.999015	0.000007	1350065225.764424	0.999995	29.295633	16.133702	1.802652	1.000088	0.000088	1.000291	0.000042	1.000000	1.000000	0.984981	0.000291	1.025514	0.000008	1.025283	0.000008	0.988746	0.000009	0.999647	0.000056	
1350065226.764209	1.000000	29.101517	15.790161	6.121307	1.000000	1.000000	0.999717	0.002508	1.000782	0.000017	1.000042	0.000156	0.999784	0.000077	1.000178	0.000046	0.999970	0.000051	0.999929	0.000060	1350065226.764419	0.999995	29.341471	16.177693	1.879602	0.999969	0.000126	1.000024	0.000082	1.000000	1.000000	1.012866	0.000368	0.999645	0.000083	0.999714	0.000071	1.001815	0.000072	0.999862	0.000064	
1350065227.764209	1.000000	29.089127	15.776962	6.102798	1.000000	1.000000	0.999994	0.000714	1.000184	0.000094	0.999710	0.000084	0.996366	0.000006	0.997151	0.000006	1.001391	0.000007	0.999838	0.000007	1350065227.764411	0.999992	29.324350	16.160257	1.855819	0.999866	0.000060	1.000804	0.000008	1.000000	1.000000	0.999978	0.000285	1.002431	0.000008	1.001781	0.000008	0.744143	0.000011	1.000409	0.000050	
1350065228.764209	1.000000	29.090912	15.778778	6.102875	1.000000	1.000000	0.999918	0.000379	0.998741	0.000015	1.000138	0.000123	1.000113	0.000150	1.000072	0.000059	0.999764	0.000049	1.000090	0.000108	1350065228.764424	1.000013	29.339444	16.176866	1.809333	1.000048	0.000081	0.999895	0.000088	1.000000	1.000000	0.999992	0.000379	0.998657	0.000075	0.997099	0.000066	1.038164	0.000071	0.999707	0.000097	
1350065229.764209	1.000000	29.076553	15.763565	6.084274	1.000000	1.000000	1.000080	0.000345	1.000340	0.000059	0.999745	0.000083	0.998560	0.000006	1.000871	0.000007	0.997489	0.000006	0.996730	0.000007	1350065229.764426	1.000002	29.345189	16.180298	1.796688	0.999979	0.000056	1.000000	0.000008	1.000000	0.999994	0.999978	0.000284	1.007322	0.000013	1.024844	0.000008	0.999616	0.000009	1.000230	0.000142	
1350065230.764209	1.000000	29.081085	15.769485	6.059723	1.000000	1.000000	0.999856	0.000374	0.998782	0.000016	1.000127	0.000124	1.000089	0.000078	1.000231	0.000052	1.000365	0.000051	1.000279	0.000058	1350065230.764426	1.000000	29.349289	16.187164	1.836914	0.999808	0.000082	0.999987	0.000090	1.000000	1.000006	0.999983	0.000359	0.999279	0.000068	0.999958	0.000064	1.000077	0.000065	0.999564	0.000057	
1350065231.764209	1.000000	29.082703	15.772736	6.115082	1.000000	1.000000	1.000161	0.000328	1.000350	0.000055	0.999737	0.000084	0.997932	0.000006	0.998203	0.000007	0.997462	0.000007	1.004200	0.000006	1350065231.764424	0.999998	29.360026	16.195450	1.800968	1.000155	0.000060	0.999899	0.000008	1.000000	1.000000	0.999960	0.000337	1.008297	0.000008	0.998112	0.000008	0.989241	0.000009	1.000116	0.000050	
1350065232.764209	1.000000	29.099289	15.787674	6.109039	1.000000	1.000000	0.999992	0.000705	0.998820	0.000017	1.000159	0.000121	0.996553	0.000147	0.989624	0.000052	0.990269	0.000050	0.993787	0.000087	1350065232.764418	0.999994	29.333228	16.166890	1.830043	1.000042	0.000083	0.994047	0.000084	1.000000	1.000000	0.999995	0.000341	0.997537	0.000052	0.996782	0.000065	1.001091	0.000058	0.999983	0.000156	
1350065233.764209	1.000000	29.071075	15.760223	6.109039	1.000000	1.000000	1.000016	0.000328	0.992931	0.000073	0.999704	0.000083	0.998587	0.000007	1.002152	0.000007	0.998423	0.000007	0.994815	0.000008	1350065233.764412	0.999994	29.325935	16.160192	1.748759	0.998622	0.000063	0.998139	0.000008	1.000000	1.000000	0.999991	0.000331	1.008958	0.000013	1.026247	0.000008	0.992788	0.000009	0.996032	0.000051	
1350065234.764209	1.000000	29.048798	15.749985	6.096695	1.000000	1.000000	0.999912	0.000454	1.017299	0.000029	1.000049	0.000135	1.006968	0.000075	1.008115	0.000066	1.008100	0.000065	1.007599	0.000072	1350065234.764422	1.000010	29.359691	16.194754	2.001765	1.000699	0.000096	1.004071	0.000072	1.000000	1.000000	0.999435	0.000399	0.997952	0.000095	0.990219	0.000065	0.995248	0.000067	0.997944	0.000156	
1350065235.764209	1.000000	29.064972	15.753571	6.078217	1.000000	1.000000	0.999981	0.000339	1.000200	0.000052	1.000131	0.000091	1.000568	0.000006	0.997555	0.000006	0.996389	0.000006	0.999671	0.000007	1350065235.764426	1.000004	29.333118	16.168590	1.818703	1.000031	0.000063	1.028073	0.000008	1.000000	1.000000	1.000702	0.000302	1.026206	0.000008	1.022543	0.000029	1.013067	0.000031	0.998372	0.000076	
1350065236.764209	1.000000	29.089920	15.778168	6.108978	1.000000	1.000000	0.999990	0.002281	0.999358	0.000017	0.999987	0.000121	1.000010	0.000079	1.000286	0.000051	1.000063	0.000049	0.999905	0.000073	1350065236.764422	0.999996	29.380948	16.215428	1.895958	1.000048	0.000073	0.999712	0.000074	0.999994	1.000000	0.999974	0.000329	0.999828	0.000078	0.999489	0.000071	1.000223	0.000073	1.005004	0.000126	
1350065237.764209	1.000000	29.075958	15.763824	6.090485	1.000000	1.000000	1.000035	0.000618	1.000511	0.000057	0.999733	0.000084	0.995650	0.000006	0.993793	0.000007	1.002695	0.000006	1.000270	0.000007	1350065237.764406	0.999984	29.350246	16.197173	1.813002	1.000230	0.000062	0.973910	0.000008	1.000006	1.000000	0.999297	0.000313	1.000544	0.000008	1.004658	0.000008	1.009860	0.000009	1.000176	0.000050	
1350065238.764209	1.000000	29.081192	15.770142	6.109039	1.000000	1.000000	0.999915	0.000363	0.998524	0.000016	1.000091	0.000119	1.000375	0.000060	1.000825	0.000049	1.000069	0.000050	1.000378	0.000056	1350065238.764422	1.000016	29.375675	16.210251	1.797579	0.999817	0.000072	1.003243	0.000073	1.000000	1.000000	1.000593	0.000353	0.999867	0.000073	0.996464	0.000065	0.998540	0.000065	0.999724	0.000057	
1350065239.764209	1.000000	29.071686	15.758133	6.096710	1.000000	1.000000	1.001937	0.000372	1.000315	0.000070	0.999866	0.000083	0.998808	0.000006	0.998118	0.000006	0.994637	0.000006	0.994558	0.000006	1350065239.764431	1.000009	29.354760	16.188971	1.792693	0.999944	0.000062	0.999444	0.000008	1.000000	1.000000	0.999975	0.000278	0.995216	0.000008	1.028394	0.000008	0.991007	0.000009	0.998502	0.000146	
1350065240.764209	1.000000	29.074493	15.762527	6.096619	1.000000	1.000000	0.998278	0.000416	0.999189	0.000022	1.000153	0.000124	1.000128	0.000066	1.000269	0.000059	1.000325	0.000057	1.000090	0.000068	1350065240.764419	0.999988	29.313384	16.148172	1.923866	1.000052	0.000089	0.999873	0.000088	1.000000	1.000000	0.999686	0.000365	0.997277	0.000078	0.997079	0.000073	1.001129	0.000075	1.002897	0.000078	
1350065241.764209	1.000000	29.066650	15.753525	6.108948	1.000000	1.000000	0.999986	0.000356	0.999952	0.000056	0.999982	0.000083	1.002077	0.000007	0.997692	0.000006	0.998697	0.000006	0.998745	0.000007	1350065241.764423	1.000004	29.319431	16.154109	1.820671	0.999880	0.000064	0.999899	0.000008	0.999994	1.000000	1.000301	0.000338	1.033659	0.000008	1.026369	0.000008	1.001368	0.000009	0.999799	0.000050	
1350065242.764210	1.000001	31.781769	18.469785	6.113932	1.000000	1.000000	0.999999	0.003862	0.999997	0.002690	0.999999	0.003420	0.999994	0.002718	1.000001	0.002650	1.000002	0.002671	0.999998	0.002561	1350065242.764422	0.999999	32.924500	19.758793	1.900606	0.999998	0.002761	0.999998	0.002753	1.000006	1.000000	0.999931	0.002886	0.999917	0.002573	0.999919	0.002637	0.999992	0.002571	1.000003	0.002763	
1350065243.764209	0.999999	29.073911	15.763763	6.115149	1.000000	1.000000	0.999988	0.000343	0.999625	0.000043	0.999848	0.000084	0.997941	0.000006	0.998371	0.000006	0.997266	0.000006	1.000438	0.000007	1350065243.764454	1.000032	29.338235	16.173388	1.810016	0.999993	0.000056	0.985564	0.000008	1.000000	1.000000	1.000566	0.000330	1.026474	0.000008	1.008175	0.000009	1.011703	0.000008	1.000101	0.000050	
1350065244.764209	1.000000	29.055695	15.759277	6.108932	1.000000	1.000000	1.000015	0.000388	1.001285	0.000017	1.000072	0.000123	0.992011	0.000063	0.990527	0.000053	0.990260	0.000052	0.991840	0.000065	1350065244.764427	0.999973	29.361875	16.195917	1.892171	0.999872	0.000081	0.995217	0.000085	1.000000	1.000000	1.000012	0.000361	0.998337	0.000065	0.998815	0.000066	0.998551	0.000053	0.999884	0.000173	
1350065245.764209	1.000000	29.077194	15.767685	6.108963	1.000000	1.000000	0.999957	0.000323	0.992377	0.000072	0.999982	0.000084	0.997909	0.000007	0.999887	0.000007	1.002945	0.000007	1.004892	0.000007	1350065245.764413	0.999986	29.322800	16.158491	1.755945	0.998794	0.000057	0.999954	0.000008	1.000000	1.000000	0.999987	0.000298	1.011544	0.000008	1.026447	0.000008	0.998083	0.000009	1.000213	0.000049	
1350065246.764209	1.000000	29.085678	15.775772	6.127472	1.000000	1.000000	0.999999	0.002296	1.014635	0.000036	0.999978	0.000138	1.007220	0.000075	1.007719	0.000067	1.007280	0.000067	1.007031	0.000070	1350065246.764425	1.000012	29.354600	16.192770	1.972556	1.000539	0.000100	1.006204	0.000083	0.999994	1.000000	0.999990	0.000371	0.999814	0.000095	0.989881	0.000066	0.991663	0.000052	0.990801	0.000058	
1350065247.764209	1.000000	29.095032	15.787064	6.102844	1.000000	1.000000	1.000025	0.000665	1.000603	0.000053	0.999743	0.000084	0.993417	0.000007	0.996241	0.000007	1.002458	0.000006	1.000000	0.000007	1350065247.764414	0.999989	29.377367	16.214274	1.857915	0.999951	0.000063	0.999599	0.000008	1.000006	1.000000	0.999965	0.000307	1.001834	0.000008	1.017300	0.000037	1.011782	0.000037	0.998621	0.000079	
1350065248.764209	1.000000	29.111221	15.803925	6.102875	1.000000	1.000000	0.999902	0.000400	0.998775	0.000015	1.000145	0.000120	1.000482	0.000079	1.000551	0.000052	0.999812	0.000049	0.999958	0.000065	1350065248.764427	1.000013	29.406810	16.242448	1.851981	1.000138	0.000076	1.000057	0.000088	1.000000	1.000000	0.999689	0.000347	0.997207	0.000071	0.997038	0.000065	1.000016	0.000073	1.008397	0.000075	
1350065249.764209	1.000000	29.122620	15.816101	6.096725	1.000000	1.000000	1.000003	0.000353	0.999993	0.000053	1.000000	0.000083	1.002632	0.000006	0.997663	0.000007	0.997619	0.000007	0.998416	0.000007	1350065249.764405	0.999978	29.375202	16.210820	1.828791	1.000373	0.000062	0.970655	0.000008	1.000000	1.000000	0.999163	0.000296	1.024053	0.000008	1.028558	0.000008	1.011064	0.000008	1.000075	0.000148	
1350065250.764209	1.000000	29.121399	15.814575	6.096695	1.000000	1.000000	0.999951	0.000371	0.999947	0.000014	0.999980	0.000119	0.999869	0.000059	1.000245	0.000050	1.000485	0.000051	1.000139	0.000053	1350065250.764421	1.000016	29.320943	16.169770	1.857011	0.999700	0.000072	1.003048	0.000074	1.000000	1.000000	1.000998	0.000345	0.999983	0.000067	0.999508	0.000064	0.998624	0.000067	1.001325	0.000056	
1350065251.764209	1.000000	29.147766	15.843079	6.084305	1.000000	1.000000	1.000381	0.000413	0.999694	0.000052	0.999411	0.000083	0.999865	0.000406	0.995499	0.000007	1.000742	0.000006	1.000323	0.000007	1350065251.764425	1.000004	29.367786	16.202037	1.858833	0.999924	0.000086	1.000050	0.000008	0.999994	1.000000	0.999984	0.000318	0.993813	0.000008	1.001932	0.000008	1.001151	0.000009	0.998612	0.000051	
1350065252.764209	1.000000	29.124084	15.817749	6.108932	1.000000	1.000000	0.999785	0.000666	1.001111	0.000016	1.000385	0.000121	1.000891	0.000053	1.000587	0.000059	0.999816	0.000050	0.999969	0.000062	1350065252.764428	1.000003	29.380448	16.219325	1.859735	0.999776	0.000074	0.997997	0.000083	1.000006	1.000000	0.999646	0.000328	0.997462	0.000064	0.995870	0.000052	1.000017	0.000067	0.999789	0.000068	
1350065253.764209	1.000000	29.065750	15.770477	6.102844	1.000000	1.000000	0.999958	0.000354	1.000000	0.000052	0.999931	0.000083	0.997628	0.000006	0.997126	0.000006	0.997728	0.000007	0.998525	0.000007	1350065253.764425	0.999997	29.374755	16.211949	1.749899	1.000277	0.000056	1.020686	0.000008	0.999994	1.000000	1.000320	0.000323	1.026402	0.000008	1.025433	0.000008	0.990035	0.000009	0.995988	0.000050	
1350065254.764209	1.000000	29.100204	15.793381	6.121399	1.000000	1.000000	0.999981	0.000389	1.000000	0.000016	0.999981	0.000120	1.000391	0.000063	1.000296	0.000050	1.000226	0.000051	1.000301	0.000055	1350065254.764422	0.999997	29.382446	16.220662	1.887274	1.000027	0.000071	1.000000	0.000081	1.000006	1.000000	0.999973	0.000369	0.999953	0.000066	0.999946	0.000050	1.001191	0.000067	1.001465	0.000133	
1350065255.764209	1.000000	29.075531	15.766708	6.096573	1.000000	1.000000	1.000082	0.000400	1.000272	0.000069	0.999732	0.000083	0.996194	0.000006	0.997240	0.000006	0.995983	0.000007	1.000440	0.000006	1350065255.764424	1.000002	29.365514	16.204040	1.791226	0.999932	0.000102	1.000759	0.000008	0.999994	1.000000	0.999981	0.000306	0.988206	0.000008	1.000137	0.000020	1.000601	0.000009	0.999973	0.000056	
1350065256.764232	1.000023	715750980.910914	715778146.826382	715769023.336227	0.999985	1.000186	0.999983	1.000191	0.999993	1.000187	0.999986	1.000187	0.999986	1.000190	0.999988	1.000185	0.999986	1.000191	0.999986	1.000188	1350065256.764327	0.999903	715882304.670658	715863816.125056	715834299.892820	0.999986	1.000187	0.999983	1.000190	3.893327	0.256896	0.999986	1.000188	0.999986	1.000190	0.999988	1.000186	0.999986	1.000191	0.999986	1.000189	
1350065257.764216	0.999984	0.000000	0.000000	0.000000	-nan	-nan	-nan	-nan	896850157178.710083	inf	-nan	-nan	-nan	0.000000	0.000000	inf	-nan	-nan	-nan	-nan	1350065257.764288	0.999961	0.000000	0.000000	0.000000	-nan	-nan	-nan	-nan	1.345745	inf	-nan	-nan	-nan	-nan	-nan	-nan	-nan	-nan	-nan	-nan	
