ts_0	elapsed_0	pkg_0	pp0_0	dram_0	freq_ratio_0_0	c0_ratio_0_0	freq_ratio_0_1	c0_ratio_0_1	freq_ratio_0_2	c0_ratio_0_2	freq_ratio_0_3	c0_ratio_0_3	freq_ratio_0_4	c0_ratio_0_4	freq_ratio_0_5	c0_ratio_0_5	freq_ratio_0_6	c0_ratio_0_6	freq_ratio_0_7	c0_ratio_0_7	ts_1	elapsed_1	pkg_1	pp0_1	dram_1	freq_ratio_1_0	c0_ratio_1_0	freq_ratio_1_1	c0_ratio_1_1	freq_ratio_1_2	c0_ratio_1_2	freq_ratio_1_3	c0_ratio_1_3	freq_ratio_1_4	c0_ratio_1_4	freq_ratio_1_5	c0_ratio_1_5	freq_ratio_1_6	c0_ratio_1_6	freq_ratio_1_7	c0_ratio_1_7	
1350073173.049751	1.000366	63.586867	50.304451	3.885297	1.230605	0.998214	1.191000	0.000484	1.230606	0.998202	1.192332	0.000309	1.230606	0.998201	1.192361	0.000349	1.230606	0.998200	1.192329	0.000273	1350073173.049881	1.000366	46.427513	33.239483	2.454363	1.269108	0.998867	1.230782	0.000579	1.269109	0.998866	1.234642	0.000470	1.217971	0.000011	1.225925	0.000016	1.211833	0.000011	1.229689	0.000250	
1350073174.049728	0.999977	63.773936	50.496715	3.816341	1.230635	0.998700	1.193683	0.000401	1.230635	0.998699	1.191840	0.000262	1.230635	0.998699	1.191393	0.000280	1.230635	0.998697	1.189848	0.000272	1350073174.049863	0.999982	46.552056	33.353349	2.240107	1.269018	0.998982	1.230577	0.002158	1.269018	0.998980	1.229534	0.000353	1.230338	0.000085	1.225835	0.000094	1.233073	0.000079	1.231383	0.000178	
1350073175.049735	1.000007	63.741014	50.493898	3.820454	1.230658	0.998836	1.190650	0.000337	1.230658	0.998833	1.192290	0.000207	1.230658	0.998833	1.192885	0.000205	1.230658	0.998832	1.192385	0.000163	1350073175.049872	1.000009	46.539022	33.357120	2.147029	1.269124	0.999188	1.230543	0.000664	1.269124	0.999188	1.230966	0.000296	1.234157	0.000007	1.222519	0.000007	1.204720	0.000007	1.230199	0.000171	
1350073176.049728	0.999993	63.820082	50.568953	3.816936	1.230650	0.998728	1.192311	0.000243	1.230650	0.998726	1.192485	0.000217	1.230650	0.998726	1.192314	0.000264	1.230651	0.998725	1.192315	0.000236	1350073176.049855	0.999983	46.570613	33.385514	2.141699	1.269133	0.999146	1.230894	0.000356	1.269133	0.999146	1.230573	0.000329	1.230731	0.000064	1.232144	0.000047	1.231979	0.000149	1.232052	0.000167	
1350073177.049734	1.000006	63.824784	50.577732	3.791725	1.230664	0.998859	1.192271	0.000308	1.230664	0.998849	1.192435	0.000201	1.230664	0.998848	1.192169	0.000194	1.230664	0.998848	1.192249	0.000180	1350073177.049861	1.000006	46.572247	33.390212	2.061954	1.269155	0.999314	1.230601	0.000373	1.269155	0.999313	1.230502	0.000251	1.212653	0.000011	1.214564	0.000011	1.213877	0.000011	1.229429	0.000155	
1350073178.049728	0.999994	63.854949	50.604397	3.803489	1.230663	0.998874	1.194380	0.000262	1.230663	0.998874	1.192102	0.000216	1.230663	0.998874	1.192503	0.000225	1.230663	0.998872	1.192257	0.000225	1350073178.049850	0.999989	46.559532	33.388672	2.108895	1.269145	0.999251	1.230701	0.000328	1.269144	0.999251	1.231054	0.000381	1.233915	0.000055	1.233523	0.000039	1.234367	0.000056	1.231607	0.000227	
1350073179.049735	1.000007	63.880204	50.628816	3.821324	1.230668	0.998897	1.190195	0.000276	1.230669	0.998892	1.192519	0.000187	1.230669	0.998892	1.192153	0.000179	1.230668	0.998891	1.192306	0.000178	1350073179.049859	1.000009	46.565221	33.393222	2.063351	1.269154	0.999295	1.230925	0.000329	1.269155	0.999294	1.230905	0.000281	1.234240	0.000011	1.241290	0.000011	1.231455	0.000011	1.231283	0.000162	
1350073180.049734	0.999999	63.885696	50.631671	3.792789	1.230635	0.998588	1.191348	0.000302	1.230635	0.998587	1.187152	0.000258	1.230635	0.998587	1.192377	0.000318	1.230635	0.998585	1.186547	0.000248	1350073180.049862	1.000003	46.532311	33.372089	2.064340	1.269071	0.998933	1.230933	0.000611	1.269071	0.998931	1.230782	0.000356	1.230826	0.000057	1.230112	0.000052	1.230898	0.000168	1.230271	0.000135	
1350073181.049728	0.999994	63.940780	50.682858	3.789299	1.230664	0.998858	1.190584	0.000317	1.230665	0.998854	1.192377	0.000196	1.230664	0.998853	1.192274	0.000180	1.230664	0.998852	1.192280	0.000178	1350073181.049862	1.000000	46.568832	33.398178	2.036713	1.269152	0.999292	1.230815	0.000382	1.269152	0.999291	1.230742	0.000293	1.229679	0.000011	1.232555	0.000011	1.230418	0.000011	1.230340	0.000147	
1350073182.049728	1.000000	63.929688	50.665665	3.806519	1.230662	0.998857	1.192287	0.000246	1.230662	0.998856	1.192337	0.000225	1.230662	0.998856	1.192292	0.000213	1.230663	0.998855	1.192430	0.000229	1350073182.049850	0.999988	46.578146	33.404665	2.068781	1.269149	0.999283	1.230727	0.000363	1.269149	0.999293	1.230786	0.000322	1.231277	0.000057	1.230790	0.000052	1.230474	0.000040	1.231579	0.000146	
1350073183.049728	1.000000	63.933609	50.670135	3.806656	1.230661	0.998859	1.192246	0.000392	1.230661	0.998858	1.192471	0.000190	1.230661	0.998857	1.192315	0.000178	1.230661	0.998857	1.192185	0.000189	1350073183.049857	1.000007	46.562483	33.393370	2.037050	1.269147	0.999256	1.230809	0.000354	1.269147	0.999244	1.230775	0.000336	1.231808	0.000011	1.230483	0.000011	1.231513	0.000011	1.230781	0.000244	
1350073184.049728	1.000000	63.971725	50.709000	3.817841	1.230654	0.998769	1.194505	0.000256	1.230654	0.998768	1.192910	0.000212	1.230654	0.998767	1.192459	0.000244	1.230654	0.998767	1.192897	0.000216	1350073184.049853	0.999996	46.578711	33.406950	2.077905	1.269068	0.999061	1.230694	0.001960	1.269068	0.999061	1.230760	0.000314	1.230528	0.000041	1.229864	0.000038	1.230427	0.000114	1.230715	0.000133	
1350073185.049728	1.000000	64.062180	50.796295	3.936813	1.228643	0.998694	1.160829	0.003600	1.228643	0.998694	1.158054	0.003065	1.228643	0.998694	1.157841	0.002912	1.228643	0.998692	1.156641	0.002737	1350073185.049857	1.000004	46.468653	33.297045	2.133048	1.267089	0.998783	1.178719	0.003115	1.267090	0.998782	1.168298	0.002520	1.161984	0.002110	1.158776	0.001765	1.160054	0.001426	1.172898	0.003826	
1350073186.049728	1.000000	63.727081	50.463654	3.803131	1.230631	0.998546	1.192312	0.000387	1.230631	0.998545	1.191720	0.000229	1.230631	0.998544	1.191802	0.000233	1.230632	0.998543	1.192009	0.000266	1350073186.049851	0.999994	46.293702	33.127181	2.317198	1.269125	0.999177	1.230496	0.000371	1.269125	0.999184	1.230771	0.000360	1.231042	0.000090	1.233265	0.000079	1.233321	0.000071	1.233207	0.000175	
1350073187.049728	1.000000	63.894562	50.644547	3.818542	1.230665	0.998859	1.194087	0.000303	1.230665	0.998853	1.192365	0.000189	1.230665	0.998853	1.192408	0.000180	1.230665	0.998852	1.192326	0.000178	1350073187.049852	1.000001	46.574480	33.408110	2.106245	1.269158	0.999355	1.230757	0.000333	1.269158	0.999355	1.230752	0.000286	1.230669	0.000007	1.230006	0.000007	1.199874	0.000007	1.229617	0.000186	
1350073188.049728	1.000000	63.964798	50.701538	3.833084	1.230665	0.998909	1.190236	0.000241	1.230665	0.998919	1.192332	0.000213	1.230665	0.998918	1.192421	0.000216	1.230665	0.998918	1.192230	0.000213	1350073188.049857	1.000005	46.560390	33.396058	2.077535	1.269126	0.999083	1.230663	0.000315	1.269125	0.999082	1.231454	0.000359	1.234669	0.000062	1.230122	0.000043	1.232104	0.000147	1.231607	0.000234	
1350073189.049728	1.000000	63.968994	50.705811	3.823441	1.230667	0.998915	1.194054	0.000285	1.230667	0.998902	1.192314	0.000190	1.230667	0.998902	1.192178	0.000179	1.230667	0.998901	1.192273	0.000177	1350073189.049857	1.000000	46.559662	33.392517	2.029251	1.269143	0.999253	1.231153	0.000354	1.269142	0.999252	1.229754	0.000369	1.208954	0.000011	1.232302	0.000011	1.232765	0.000011	1.230319	0.000174	
1350073190.049727	0.999999	63.982498	50.722430	3.817539	1.230663	0.998853	1.190161	0.000246	1.230663	0.998852	1.192396	0.000229	1.230663	0.998851	1.192342	0.000212	1.230663	0.998850	1.192397	0.000216	1350073190.049850	0.999993	46.520143	33.366854	2.091232	1.269128	0.999144	1.230681	0.000594	1.269128	0.999144	1.230641	0.000322	1.230681	0.000054	1.229941	0.000053	1.230443	0.000053	1.231212	0.000163	
1350073191.049728	1.000001	63.999023	50.734281	3.857281	1.230670	0.998921	1.192252	0.000269	1.230670	0.998920	1.192350	0.000172	1.230670	0.998920	1.192343	0.000205	1.230670	0.998919	1.192197	0.000169	1350073191.049858	1.000008	46.560826	33.394611	1.985320	1.269149	0.999275	1.230555	0.000348	1.269149	0.999274	1.230890	0.000364	1.233049	0.000011	1.235509	0.000011	1.231568	0.000011	1.230875	0.000167	
1350073192.049728	1.000000	64.021851	50.758133	3.814133	1.230665	0.998878	1.192293	0.000263	1.230665	0.998878	1.192405	0.000218	1.230665	0.998877	1.192473	0.000193	1.230665	0.998876	1.192330	0.000224	1350073192.049865	1.000007	46.564833	33.396192	2.060166	1.269150	0.999320	1.230778	0.000294	1.269150	0.999319	1.230781	0.000391	1.230555	0.000054	1.230540	0.000052	1.230762	0.000077	1.230743	0.000163	
1350073193.049728	1.000000	64.000793	50.737091	3.819122	1.230663	0.998840	1.194063	0.000297	1.230663	0.998837	1.192354	0.000188	1.230662	0.998837	1.192297	0.000197	1.230662	0.998836	1.192413	0.000178	1350073193.049860	0.999995	46.558522	33.389327	2.097316	1.269144	0.999250	1.231063	0.000380	1.269144	0.999249	1.230765	0.000356	1.230592	0.000011	1.218945	0.000011	1.210562	0.000011	1.229952	0.000246	
1350073194.049728	1.000000	64.028046	50.763626	3.820465	1.230666	0.998897	1.189350	0.000242	1.230667	0.998897	1.191713	0.000205	1.230667	0.998896	1.192387	0.000212	1.230667	0.998896	1.191716	0.000215	1350073194.049846	0.999986	46.563674	33.396466	2.068419	1.269075	0.999143	1.230690	0.001908	1.269075	0.999141	1.230669	0.000371	1.230374	0.000058	1.232672	0.000053	1.234736	0.000053	1.231932	0.000156	
1350073195.049728	1.000000	64.015762	50.753174	3.824112	1.230666	0.998903	1.194713	0.000290	1.230666	0.998903	1.192880	0.000201	1.230666	0.998902	1.192230	0.000188	1.230666	0.998901	1.192933	0.000179	1350073195.049859	1.000013	46.560180	33.386708	1.995061	1.269130	0.999125	1.230976	0.000586	1.269130	0.999124	1.230752	0.000350	1.232966	0.000011	1.232948	0.000011	1.231286	0.000011	1.230979	0.000163	
1350073196.049728	1.000000	64.027405	50.765396	3.830612	1.230665	0.998879	1.190044	0.000243	1.230665	0.998879	1.193066	0.000212	1.230665	0.998878	1.193109	0.000208	1.230665	0.998877	1.193056	0.000211	1350073196.049851	0.999992	46.562069	33.382839	2.105852	1.269148	0.999296	1.230461	0.000337	1.269147	0.999296	1.230809	0.000374	1.231395	0.000053	1.234247	0.000052	1.230759	0.000066	1.230953	0.000161	
1350073197.049728	1.000000	64.029160	50.766129	3.852509	1.230667	0.998882	1.192242	0.000287	1.230667	0.998881	1.192115	0.000186	1.230667	0.998880	1.192225	0.000178	1.230667	0.998879	1.192213	0.000177	1350073197.049856	1.000005	46.567226	33.385239	2.098531	1.269152	0.999285	1.231168	0.000361	1.269152	0.999295	1.230863	0.000329	1.228633	0.000011	1.204047	0.000011	1.211491	0.000011	1.228991	0.000154	
1350073198.049728	1.000000	64.008530	50.744888	3.875198	1.230656	0.998793	1.192400	0.000263	1.230656	0.998792	1.191557	0.000227	1.230656	0.998792	1.191795	0.000222	1.230656	0.998791	1.191827	0.000229	1350073198.049853	0.999997	46.569679	33.396161	2.224159	1.269131	0.999144	1.230288	0.000348	1.269132	0.999143	1.230776	0.000415	1.230759	0.000085	1.232265	0.000079	1.233537	0.000080	1.231643	0.000273	
1350073199.049736	1.000008	715763157.895101	715818757.158665	715795121.336514	0.999987	1.000197	0.999984	1.000199	0.999995	1.000197	0.999987	1.000196	0.999987	1.000199	0.999989	1.000194	0.999987	1.000199	0.999987	1.000197	1350073199.049834	0.999981	715778198.218136	715821598.368942	715802036.826127	0.999987	1.000196	0.999984	1.000199	3.893236	0.256905	0.999987	1.000197	0.999987	1.000199	0.999989	1.000194	0.999987	1.000199	0.999987	1.000198	
1350073200.049735	0.999999	0.000000	0.000000	0.000000	-nan	-nan	-nan	-nan	0.000000	inf	-nan	-nan	-nan	0.000000	-nan	-nan	-nan	-nan	-nan	-nan	1350073200.049806	0.999972	0.000000	0.000000	0.000000	-nan	-nan	-nan	-nan	0.000000	inf	-nan	-nan	-nan	-nan	-nan	-nan	-nan	-nan	-nan	-nan	
