ts_0	elapsed_0	pkg_0	pp0_0	dram_0	freq_ratio_0_0	c0_ratio_0_0	freq_ratio_0_1	c0_ratio_0_1	freq_ratio_0_2	c0_ratio_0_2	freq_ratio_0_3	c0_ratio_0_3	freq_ratio_0_4	c0_ratio_0_4	freq_ratio_0_5	c0_ratio_0_5	freq_ratio_0_6	c0_ratio_0_6	freq_ratio_0_7	c0_ratio_0_7	ts_1	elapsed_1	pkg_1	pp0_1	dram_1	freq_ratio_1_0	c0_ratio_1_0	freq_ratio_1_1	c0_ratio_1_1	freq_ratio_1_2	c0_ratio_1_2	freq_ratio_1_3	c0_ratio_1_3	freq_ratio_1_4	c0_ratio_1_4	freq_ratio_1_5	c0_ratio_1_5	freq_ratio_1_6	c0_ratio_1_6	freq_ratio_1_7	c0_ratio_1_7	
1350073173.050278	1.000346	65.580325	52.351366	4.566871	1.229934	0.994335	1.192117	0.003422	1.229934	0.994322	1.192317	0.000342	1.229934	0.994319	1.192314	0.000210	1.229934	0.994314	1.192325	0.002653	1350073173.050410	1.000335	48.203961	35.054694	2.452349	1.269140	0.999100	1.230671	0.000387	1.231166	0.000397	1.269140	0.999098	1.228430	0.000016	1.236009	0.000016	1.230601	0.000011	1.230049	0.000016	
1350073174.050275	0.999997	65.794241	52.570109	4.616317	1.230424	0.996619	1.192171	0.000375	1.230424	0.996616	1.192393	0.000244	1.230424	0.996615	1.192349	0.000243	1.230424	0.996612	1.192322	0.002193	1350073174.050400	0.999990	48.252909	35.113419	2.111929	1.269143	0.999358	1.231808	0.000341	1.229960	0.000306	1.269157	0.999357	1.231369	0.000049	1.231082	0.000092	1.231045	0.000046	1.230749	0.000039	
1350073175.050275	1.000000	65.865372	52.639435	4.626144	1.230642	0.998725	1.192348	0.000282	1.230642	0.998720	1.192342	0.000533	1.230642	0.998720	1.192373	0.000179	1.230642	0.998719	1.192317	0.000173	1350073175.050396	0.999996	48.342054	35.183569	1.593985	1.269174	0.999337	1.229677	0.000350	1.231579	0.000296	1.269159	0.999336	1.222022	0.000011	1.229487	0.000011	1.228306	0.000011	1.230593	0.000011	
1350073176.050275	1.000000	65.866791	52.638992	4.591995	1.230659	0.998811	1.192252	0.000295	1.230659	0.998810	1.192360	0.000217	1.230659	0.998810	1.192324	0.000217	1.230659	0.998809	1.192358	0.000229	1350073176.050404	1.000008	48.339620	35.183156	1.647509	1.269139	0.999216	1.230879	0.000311	1.230003	0.000353	1.269139	0.999226	1.233177	0.000042	1.231364	0.000047	1.230884	0.000060	1.230749	0.000178	
1350073177.050282	1.000007	65.886416	52.654696	4.624785	1.230669	0.998903	1.192237	0.000275	1.230669	0.998902	1.192202	0.000195	1.230669	0.998901	1.192402	0.000181	1.230669	0.998901	1.192343	0.000172	1350073177.050404	1.000000	48.349030	35.191833	1.600952	1.269165	0.999411	1.230683	0.000367	1.230249	0.000259	1.269165	0.999400	1.203262	0.000011	1.210830	0.000011	1.211146	0.000011	1.229945	0.000011	
1350073178.050275	0.999993	65.847227	52.614027	4.655473	1.229877	0.993589	1.192509	0.000283	1.229877	0.993583	1.192374	0.000210	1.229877	0.993579	1.192184	0.000214	1.229877	0.993575	1.192326	0.004250	1350073178.050401	0.999997	48.350476	35.196047	2.294593	1.269158	0.999356	1.230673	0.000333	1.231762	0.000300	1.269158	0.999354	1.233907	0.000056	1.234414	0.000039	1.234287	0.000055	1.230991	0.000054	
1350073179.050275	1.000000	65.803467	52.567307	4.604538	1.229706	0.991310	1.191684	0.000301	1.229706	0.991307	1.192276	0.000193	1.229706	0.991301	1.192375	0.002999	1.229706	0.991297	1.192334	0.003453	1350073179.050406	1.000005	48.346468	35.190986	2.703569	1.269169	0.999387	1.230411	0.000261	1.229105	0.000224	1.269169	0.999397	1.243095	0.000011	1.235394	0.000054	1.235250	0.000011	1.234801	0.000011	
1350073180.050276	1.000001	65.902998	52.666408	4.665172	1.230458	0.997591	1.190609	0.000317	1.230458	0.997588	1.192339	0.000557	1.230458	0.997589	1.191967	0.001000	1.230458	0.997587	1.192262	0.000240	1350073180.050411	1.000005	48.328295	35.169837	1.809317	1.269112	0.998935	1.231062	0.000457	1.231718	0.000390	1.269111	0.998927	1.231097	0.000067	1.227997	0.000076	1.230393	0.000074	1.227563	0.000184	
1350073181.050275	0.999999	65.867525	52.643529	4.685811	1.230668	0.998904	1.192375	0.000293	1.230669	0.998900	1.192264	0.000182	1.230669	0.998899	1.192388	0.000178	1.230669	0.998899	1.192437	0.000173	1350073181.050403	0.999992	48.342967	35.186793	1.590253	1.269167	0.999408	1.230697	0.000353	1.230256	0.000272	1.269167	0.999419	1.210209	0.000011	1.204952	0.000007	1.201983	0.000007	1.248015	0.000021	
1350073182.050281	1.000006	65.921757	52.686515	4.593128	1.230662	0.998856	1.192165	0.000258	1.230662	0.998855	1.192447	0.000220	1.230661	0.998855	1.192189	0.000212	1.230662	0.998855	1.192286	0.000243	1350073182.050410	1.000007	48.357408	35.200883	1.621022	1.269155	0.999346	1.230747	0.000317	1.231564	0.000316	1.269155	0.999333	1.234888	0.000054	1.234158	0.000056	1.234484	0.000060	1.234103	0.000053	
1350073183.050275	0.999994	65.934338	52.698037	4.751951	1.230561	0.998749	1.192300	0.001992	1.230561	0.998748	1.192309	0.000180	1.230562	0.998748	1.192302	0.000179	1.230562	0.998747	1.192238	0.000173	1350073183.050399	0.999989	48.366772	35.208226	1.591814	1.269160	0.999347	1.230888	0.000342	1.230015	0.000336	1.269160	0.999358	1.230319	0.000011	1.231155	0.000011	1.229892	0.000011	1.235193	0.000011	
1350073184.050283	1.000008	66.009231	52.770919	4.701378	1.229896	0.998681	1.163904	0.003363	1.229896	0.998680	1.163023	0.003583	1.229896	0.998678	1.157012	0.002582	1.229896	0.998677	1.157234	0.002494	1350073184.050408	1.000009	48.962493	35.815685	1.677445	1.241700	0.998607	1.169074	0.002523	1.166829	0.002475	1.241697	0.998593	1.161166	0.002192	1.203826	0.005715	1.158385	0.001756	1.162509	0.002151	
1350073185.050275	0.999992	65.947144	52.709885	4.714256	1.230645	0.998725	1.192308	0.000268	1.230645	0.998724	1.192317	0.000488	1.230645	0.998724	1.192329	0.000196	1.230645	0.998723	1.192425	0.000172	1350073185.050400	0.999992	49.007889	35.850068	1.583341	1.230801	0.999910	1.230380	0.001204	1.230114	0.000320	1.230801	0.999911	1.231733	0.000017	1.230353	0.002085	1.229820	0.000011	1.230831	0.000011	
1350073186.050276	1.000001	65.768400	52.529994	4.615749	1.230503	0.997577	1.192183	0.000402	1.230502	0.997577	1.192358	0.001290	1.230503	0.997575	1.192331	0.000197	1.230503	0.997574	1.192343	0.000216	1350073186.050403	1.000003	48.067951	34.907683	1.837610	1.269147	0.999348	1.231374	0.000354	1.230070	0.000359	1.269152	0.999358	1.230672	0.000047	1.241229	0.000046	1.230981	0.000055	1.230859	0.000045	
1350073187.050275	0.999999	65.945406	52.708440	4.736470	1.230669	0.998924	1.192473	0.000243	1.230669	0.998919	1.192244	0.000216	1.230669	0.998918	1.192029	0.000179	1.230669	0.998918	1.192149	0.000172	1350073187.050402	0.999999	48.373673	35.217212	1.587022	1.269163	0.999399	1.230817	0.000292	1.230779	0.000378	1.269163	0.999398	1.212191	0.000011	1.213098	0.000011	1.210059	0.000011	1.233119	0.000011	
1350073188.050282	1.000007	65.963838	52.726579	4.682921	1.230659	0.998816	1.192166	0.000305	1.230659	0.998815	1.192377	0.000230	1.230659	0.998814	1.192447	0.000228	1.230659	0.998813	1.192361	0.000207	1350073188.050415	1.000013	48.371299	35.213009	1.656945	1.268679	0.995920	1.230705	0.003016	1.230759	0.000398	1.268680	0.995916	1.235007	0.000053	1.234866	0.000053	1.235662	0.000044	1.230508	0.000075	
1350073189.050275	0.999993	65.969664	52.732573	4.653963	1.230663	0.998855	1.192714	0.000309	1.230663	0.998855	1.192260	0.000229	1.230663	0.998854	1.192391	0.000192	1.230663	0.998853	1.192164	0.000174	1350073189.050410	0.999995	48.370634	35.209634	1.590996	1.268510	0.994049	1.230712	0.004743	1.230022	0.000344	1.268509	0.994030	1.210758	0.000011	1.227483	0.000068	1.212064	0.000011	1.231515	0.000011	
1350073190.050275	1.000000	65.978683	52.741898	4.619766	1.230628	0.998641	1.192330	0.000277	1.230628	0.998640	1.192403	0.000509	1.230628	0.998640	1.192981	0.000214	1.230628	0.998638	1.192925	0.000220	1350073190.050398	0.999988	48.368741	35.207543	1.636235	1.268864	0.996139	1.229962	0.002990	1.230881	0.000388	1.268864	0.996148	1.235524	0.000052	1.235327	0.000047	1.234992	0.000051	1.230510	0.000050	
1350073191.050275	1.000000	65.935287	52.697540	4.640366	1.230527	0.997329	1.191998	0.000243	1.230527	0.997327	1.192329	0.001576	1.230527	0.997324	1.192398	0.000177	1.230527	0.997324	1.192357	0.000169	1350073191.050405	1.000007	48.360673	35.194688	1.897341	1.269162	0.999392	1.238507	0.000314	1.231415	0.000346	1.269162	0.999379	1.229279	0.000011	1.229550	0.000011	1.231059	0.000011	1.232371	0.000011	
1350073192.050275	1.000000	65.831085	52.593643	4.717804	1.229528	0.990160	1.192243	0.000285	1.229528	0.990139	1.192361	0.006689	1.229528	0.990137	1.191605	0.000228	1.229528	0.990132	1.191713	0.000224	1350073192.050497	1.000092	48.356771	35.190563	3.269444	1.269145	0.999185	1.230267	0.000284	1.231091	0.000288	1.269145	0.999184	1.230758	0.000060	1.230868	0.000052	1.230318	0.000057	1.224815	0.000100	
1350073193.050276	1.000001	65.937330	52.699825	4.716518	1.230143	0.996251	1.192337	0.001920	1.230143	0.996258	1.192355	0.002021	1.230143	0.996255	1.192203	0.000171	1.230143	0.996252	1.192774	0.000157	1350073193.050409	0.999912	48.379348	35.209793	2.164375	1.269167	0.999399	1.230831	0.000259	1.230122	0.000331	1.269167	0.999398	1.222303	0.000011	1.215215	0.000007	1.229725	0.000007	1.257888	0.000021	
1350073194.050275	0.999999	65.856600	52.631810	4.617680	1.230194	0.995126	1.191574	0.000303	1.230194	0.995123	1.192335	0.003149	1.230194	0.995121	1.192305	0.000209	1.230194	0.995113	1.192318	0.000216	1350073194.050407	0.999998	48.353532	35.190283	2.245091	1.269140	0.999315	1.230017	0.000310	1.230328	0.000280	1.269154	0.999315	1.228343	0.000053	1.229794	0.000113	1.231287	0.000060	1.231217	0.000039	
1350073195.050275	1.000000	65.857193	52.620636	4.680908	1.229937	0.992277	1.192334	0.002984	1.229937	0.992267	1.192328	0.000666	1.229937	0.992260	1.192411	0.000178	1.229937	0.992259	1.192340	0.002444	1350073195.050401	0.999994	48.295225	35.146953	2.696259	1.269177	0.999333	1.231533	0.000270	1.231567	0.000276	1.269163	0.999333	1.242914	0.000011	1.271708	0.000011	1.229816	0.000011	1.228728	0.000011	
1350073196.050282	1.000007	65.927141	52.687410	4.705732	1.230384	0.996353	1.192136	0.000281	1.230384	0.996347	1.192317	0.000233	1.230384	0.996348	1.192202	0.000224	1.230384	0.996344	1.192331	0.002227	1350073196.050409	1.000008	48.346776	35.186665	2.103483	1.268795	0.995367	1.230187	0.000328	1.230868	0.000347	1.268795	0.995372	1.233103	0.000037	1.230652	0.003279	1.230635	0.000051	1.231191	0.000046	
1350073197.050275	0.999993	65.968504	52.727949	4.743014	1.230663	0.998835	1.192323	0.000271	1.230663	0.998834	1.192401	0.000225	1.230663	0.998834	1.192389	0.000193	1.230663	0.998833	1.192199	0.000174	1350073197.050401	0.999992	48.356196	35.196407	1.593320	1.269035	0.997994	1.230493	0.000261	1.231313	0.000383	1.269035	0.997979	1.222326	0.000011	1.230734	0.001166	1.230178	0.000011	1.210226	0.000011	
1350073198.050276	1.000001	65.905378	52.664501	4.721050	1.230082	0.994098	1.192217	0.000259	1.230083	0.994092	1.192420	0.000242	1.230083	0.994088	1.192362	0.003604	1.230083	0.994085	1.192475	0.000209	1350073198.050400	0.999999	48.341400	35.181873	2.211626	1.269141	0.999336	1.231432	0.000316	1.229473	0.000352	1.269155	0.999335	1.232808	0.000052	1.230678	0.000052	1.231195	0.000059	1.235272	0.000053	
1350073199.050276	1.000000	715791736.473373	715784486.343231	715819309.070175	0.999989	1.000211	0.999987	1.000217	0.999997	1.000213	0.999989	1.000212	0.999989	1.000215	0.999992	1.000210	0.999990	1.000216	0.999989	1.000212	1350073199.050366	0.999966	715842120.058258	715797911.535867	715848887.873182	0.999988	1.000209	0.999987	1.000214	3.893067	0.256921	0.999989	1.000212	0.999989	1.000216	0.999992	1.000210	0.999989	1.000215	0.999989	1.000213	
1350073200.050283	1.000007	0.000000	0.000000	0.000000	-nan	-nan	-nan	-nan	0.000000	inf	-nan	-nan	-nan	0.000000	-nan	-nan	-nan	-nan	-nan	-nan	1350073200.050353	0.999987	0.000000	0.000000	0.000000	-nan	-nan	-nan	-nan	0.000000	inf	-nan	-nan	-nan	-nan	-nan	-nan	-nan	-nan	-nan	-nan	
