ts_0	elapsed_0	pkg_0	pp0_0	dram_0	freq_ratio_0_0	c0_ratio_0_0	freq_ratio_0_1	c0_ratio_0_1	freq_ratio_0_2	c0_ratio_0_2	freq_ratio_0_3	c0_ratio_0_3	freq_ratio_0_4	c0_ratio_0_4	freq_ratio_0_5	c0_ratio_0_5	freq_ratio_0_6	c0_ratio_0_6	freq_ratio_0_7	c0_ratio_0_7	ts_1	elapsed_1	pkg_1	pp0_1	dram_1	freq_ratio_1_0	c0_ratio_1_0	freq_ratio_1_1	c0_ratio_1_1	freq_ratio_1_2	c0_ratio_1_2	freq_ratio_1_3	c0_ratio_1_3	freq_ratio_1_4	c0_ratio_1_4	freq_ratio_1_5	c0_ratio_1_5	freq_ratio_1_6	c0_ratio_1_6	freq_ratio_1_7	c0_ratio_1_7	
1350073173.050138	1.000407	64.667438	51.498405	6.112747	1.230163	0.997468	1.191562	0.000892	1.230163	0.997452	1.192346	0.000358	1.230163	0.997451	1.192306	0.000489	1.230167	0.997472	1.192309	0.000293	1350073173.050265	1.000357	47.197663	33.983873	3.229194	1.269047	0.998093	1.230674	0.000471	1.269048	0.998092	1.231106	0.001425	1.233490	0.000016	1.230979	0.000012	1.232763	0.000011	1.231552	0.000033	
1350073174.050115	0.999977	64.794604	51.628455	6.090700	1.230662	0.998881	1.192700	0.000235	1.230662	0.998871	1.194782	0.000273	1.230662	0.998870	1.193140	0.000168	1.230662	0.998870	1.192815	0.000245	1350073174.050243	0.999978	47.268523	34.042342	2.785523	1.269100	0.998848	1.230971	0.000387	1.269099	0.998842	1.230812	0.000622	1.230614	0.000056	1.232158	0.000447	1.228794	0.000060	1.228034	0.000085	
1350073175.050115	1.000000	64.916260	51.746048	6.090576	1.230687	0.999122	1.192256	0.000241	1.230687	0.999122	1.189349	0.000186	1.230687	0.999121	1.192394	0.000116	1.230684	0.999099	1.189095	0.000192	1350073175.050305	1.000062	47.296568	34.068460	2.721084	1.269120	0.998908	1.230545	0.000410	1.269120	0.998907	1.230767	0.000765	1.229988	0.000011	1.229488	0.000011	1.239625	0.000011	1.234946	0.000046	
1350073176.050115	1.000000	64.871704	51.707840	6.127533	1.230598	0.998187	1.192222	0.000213	1.230598	0.998185	1.192206	0.000821	1.230598	0.998183	1.191442	0.000165	1.230601	0.998204	1.191966	0.000315	1350073176.050244	0.999939	47.353278	34.119392	3.032442	1.269098	0.998704	1.229187	0.000385	1.269098	0.998713	1.230759	0.000695	1.231184	0.000070	1.229101	0.000066	1.227884	0.000070	1.227062	0.000215	
1350073177.050115	1.000000	64.991653	51.810974	6.115234	1.230683	0.999164	1.192417	0.000190	1.230683	0.999161	1.191983	0.000147	1.230683	0.999161	1.192060	0.000118	1.230683	0.999160	1.192392	0.000195	1350073177.050239	0.999995	47.376076	34.141956	2.727080	1.269113	0.998834	1.232380	0.000352	1.269113	0.998821	1.230764	0.000872	1.229288	0.000011	1.240357	0.000011	1.259616	0.000007	1.245596	0.000059	
1350073178.050115	1.000000	64.970825	51.788101	6.121399	1.230376	0.995886	1.192301	0.001948	1.230376	0.995882	1.192513	0.000282	1.230376	0.995886	1.192484	0.000148	1.230376	0.995881	1.192282	0.001004	1350073178.050242	1.000003	47.366995	34.134004	3.743915	1.269139	0.999133	1.229088	0.000363	1.269139	0.999143	1.229744	0.000466	1.230562	0.000054	1.218808	0.000056	1.230632	0.000059	1.230697	0.000089	
1350073179.050115	1.000000	64.965897	51.781250	6.121414	1.230154	0.994657	1.192298	0.003535	1.230155	0.994651	1.192108	0.000162	1.230155	0.994650	1.197840	0.000126	1.230154	0.994646	1.192340	0.000193	1350073179.050241	0.999999	47.351318	34.118425	3.736561	1.269144	0.999220	1.232739	0.000317	1.269144	0.999209	1.232447	0.000302	1.233675	0.000011	1.233206	0.000267	1.233851	0.000011	1.231010	0.000032	
1350073180.050115	1.000000	64.951965	51.764450	6.133698	1.230006	0.992592	1.192237	0.002489	1.230006	0.992587	1.192378	0.002882	1.230006	0.992584	1.188112	0.000181	1.230006	0.992577	1.192306	0.000229	1350073180.050242	1.000001	47.309800	34.088896	4.235622	1.269005	0.998735	1.230470	0.002117	1.269005	0.998734	1.229827	0.000558	1.229217	0.000060	1.214862	0.000041	1.227085	0.000070	1.229425	0.000170	
1350073181.050115	1.000000	65.045364	51.859955	6.115234	1.230688	0.999144	1.193324	0.000172	1.230688	0.999144	1.192359	0.000157	1.230688	0.999143	1.192742	0.000165	1.230688	0.999143	1.192337	0.000201	1350073181.050238	0.999996	47.361413	34.126313	2.705867	1.269143	0.999163	1.232399	0.000376	1.269142	0.999162	1.231757	0.000532	1.240987	0.000011	1.234829	0.000012	1.252947	0.000011	1.233239	0.000046	
1350073182.050115	1.000000	65.054214	51.867722	6.115234	1.230669	0.998924	1.192135	0.000174	1.230669	0.998923	1.192348	0.000281	1.230669	0.998922	1.192357	0.000147	1.230669	0.998922	1.192408	0.000212	1350073182.050240	1.000002	47.374376	34.137706	2.737971	1.269124	0.999006	1.231002	0.000389	1.269124	0.999009	1.230079	0.000654	1.230643	0.000053	1.230727	0.000105	1.230807	0.000054	1.234997	0.000082	
1350073183.050114	0.999999	65.052949	51.867390	6.127585	1.230684	0.999098	1.192411	0.000191	1.230684	0.999094	1.192152	0.000182	1.230684	0.999093	1.192127	0.000180	1.230684	0.999093	1.192354	0.000195	1350073183.050240	1.000000	47.348495	34.116913	2.721375	1.269068	0.998339	1.230502	0.000377	1.269068	0.998326	1.230763	0.001369	1.231795	0.000011	1.230659	0.000012	1.230200	0.000011	1.223198	0.000032	
1350073184.050115	1.000001	65.058501	51.872692	6.096735	1.230677	0.999012	1.194895	0.000205	1.230677	0.999011	1.192534	0.000229	1.230677	0.999011	1.192638	0.000146	1.230677	0.999010	1.192265	0.000234	1350073184.050238	0.999998	47.355406	34.122883	2.760351	1.269115	0.998961	1.231017	0.000401	1.269115	0.998971	1.231717	0.000454	1.230445	0.000040	1.232428	0.000312	1.225893	0.000053	1.229216	0.000134	
1350073185.050115	1.000000	65.225983	52.040680	6.101959	1.224841	0.998324	1.158005	0.003197	1.224841	0.998319	1.164378	0.003483	1.224841	0.998318	1.155562	0.002604	1.224841	0.998316	1.156679	0.002542	1350073185.050241	1.000003	50.805034	37.573126	2.900900	1.197322	0.999783	1.181362	0.003084	1.197319	0.999772	1.179084	0.003650	1.161970	0.002111	1.160798	0.002043	1.155368	0.001674	1.156126	0.001647	
1350073186.050115	1.000000	64.808899	51.635696	6.115265	1.230372	0.996728	1.192276	0.000263	1.230372	0.996725	1.192345	0.002234	1.230372	0.996725	1.192632	0.000166	1.230372	0.996722	1.192899	0.000247	1350073186.050239	0.999998	47.054091	33.817417	3.495566	1.269144	0.999382	1.228914	0.000329	1.269159	0.999381	1.229961	0.000246	1.236461	0.000042	1.236130	0.000068	1.233287	0.000043	1.230835	0.000078	
1350073187.050115	1.000000	65.014191	51.828949	6.102921	1.230384	0.996378	1.192297	0.000151	1.230384	0.996374	1.192433	0.001162	1.230384	0.996374	1.192439	0.001543	1.230384	0.996370	1.192347	0.000173	1350073187.050241	1.000002	47.357606	34.124065	3.416192	1.269185	0.999444	1.232048	0.000330	1.269171	0.999443	1.228550	0.000214	1.231622	0.000011	1.230828	0.000049	1.238521	0.000011	1.236542	0.000037	
1350073188.050115	1.000000	64.990356	51.803940	6.109039	1.230160	0.995081	1.192261	0.000669	1.230161	0.995079	1.192318	0.002558	1.230160	0.995077	1.191915	0.000370	1.230161	0.995073	1.191877	0.000222	1350073188.050247	1.000006	47.351280	34.119288	3.821785	1.269144	0.999189	1.229403	0.000344	1.269145	0.999188	1.232309	0.000282	1.230704	0.000075	1.220460	0.000062	1.230848	0.000061	1.226194	0.000163	
1350073189.050114	0.999999	65.048081	51.861820	6.121405	1.230597	0.998108	1.194866	0.000208	1.230597	0.998103	1.193006	0.000949	1.230597	0.998105	1.192026	0.000126	1.230597	0.998103	1.192155	0.000193	1350073189.050239	0.999992	47.362536	34.127993	2.980340	1.269144	0.999217	1.233088	0.000345	1.269144	0.999227	1.230667	0.000236	1.230801	0.000011	1.232846	0.000299	1.228173	0.000007	1.248494	0.000043	
1350073190.050115	1.000001	64.978316	51.791561	6.133646	1.230032	0.993261	1.191966	0.001990	1.230032	0.993248	1.191972	0.001648	1.230032	0.993255	1.192315	0.001754	1.230032	0.993250	1.192364	0.000226	1350073190.050241	1.000002	47.365175	34.129696	4.618857	1.269057	0.999240	1.230362	0.001930	1.269056	0.999228	1.231082	0.000227	1.230059	0.000039	1.229864	0.000037	1.231303	0.000042	1.230783	0.000075	
1350073191.050114	0.999999	65.043611	51.856647	6.109091	1.230376	0.996425	1.193327	0.000152	1.230376	0.996422	1.192320	0.001110	1.230376	0.996422	1.192373	0.001594	1.230376	0.996419	1.192372	0.000178	1350073191.050242	1.000001	47.353913	34.120832	3.511929	1.269170	0.999421	1.231975	0.000364	1.269170	0.999420	1.230695	0.000223	1.233316	0.000011	1.231569	0.000045	1.231124	0.000011	1.230518	0.000032	
1350073192.050115	1.000001	65.038375	51.851788	6.115244	1.230473	0.996757	1.192212	0.000200	1.230473	0.996755	1.192497	0.000217	1.230473	0.996754	1.192354	0.002086	1.230473	0.996750	1.192457	0.000223	1350073192.050278	1.000036	47.356495	34.123558	3.443342	1.269159	0.999336	1.230942	0.000346	1.269159	0.999336	1.230660	0.000234	1.229776	0.000067	1.230269	0.000085	1.230216	0.000039	1.230508	0.000088	
1350073193.050115	1.000000	65.009415	51.822067	6.096771	1.230346	0.995855	1.192192	0.002445	1.230346	0.995852	1.192316	0.000189	1.230346	0.995852	1.188349	0.000181	1.230346	0.995848	1.188723	0.000194	1350073193.050235	0.999957	47.309602	34.088636	3.385109	1.269171	0.999445	1.230531	0.000361	1.269170	0.999444	1.230892	0.000227	1.239019	0.000007	1.217679	0.000046	1.230689	0.000011	1.229005	0.000061	
1350073194.050115	1.000000	64.940811	51.753387	6.139893	1.229922	0.992386	1.192208	0.005034	1.229922	0.992377	1.192228	0.000194	1.229922	0.992374	1.192357	0.000188	1.229922	0.992366	1.192274	0.000212	1350073194.050241	1.000006	47.325157	34.093593	4.522892	1.269136	0.999166	1.231082	0.000306	1.269136	0.999164	1.230786	0.000212	1.230865	0.000088	1.232847	0.000302	1.226333	0.000046	1.229258	0.000066	
1350073195.050114	0.999999	64.982118	51.795719	6.146063	1.230101	0.994003	1.192308	0.003451	1.230101	0.993994	1.192333	0.000996	1.230101	0.993988	1.192289	0.000139	1.230101	0.993984	1.192331	0.000192	1350073195.050246	1.000005	47.341270	34.106351	4.256845	1.269174	0.999453	1.230748	0.000324	1.269175	0.999464	1.228258	0.000191	1.229865	0.000007	1.230786	0.000030	1.250178	0.000011	1.237885	0.000031	
1350073196.050115	1.000001	64.998626	51.812130	6.127558	1.230184	0.993548	1.192313	0.002067	1.230184	0.993542	1.192343	0.002860	1.230184	0.993540	1.192268	0.000147	1.230184	0.993534	1.192351	0.000224	1350073196.050245	0.999999	47.334335	34.098803	4.345204	1.269160	0.999339	1.229053	0.000310	1.269160	0.999339	1.232671	0.000253	1.230969	0.000060	1.230419	0.000040	1.225049	0.000038	1.227673	0.000072	
1350073197.050115	1.000000	64.954056	51.779892	6.109070	1.230265	0.994581	1.192337	0.000141	1.230265	0.994576	1.192335	0.003884	1.230265	0.994574	1.192306	0.000138	1.230265	0.994568	1.192249	0.000178	1350073197.050245	1.000000	47.349655	34.111740	4.090378	1.269173	0.999477	1.232020	0.000331	1.269172	0.999466	1.228195	0.000187	1.233477	0.000011	1.231324	0.000031	1.243294	0.000011	1.235573	0.000046	
1350073198.050115	1.000000	65.084061	51.896759	6.115234	1.230602	0.998178	1.191524	0.000172	1.230602	0.998176	1.192396	0.000911	1.230602	0.998175	1.192232	0.000162	1.230602	0.998174	1.192836	0.000225	1350073198.050241	0.999996	47.334634	34.098741	2.907605	1.269157	0.999358	1.229662	0.000379	1.269158	0.999358	1.232294	0.000325	1.230290	0.000046	1.219796	0.000059	1.231887	0.000052	1.229286	0.000066	
1350073199.050123	1.000008	715793518.697711	715765061.830428	715762644.901427	0.999987	1.000197	0.999984	1.000200	0.999995	1.000198	0.999987	1.000198	0.999987	1.000201	0.999990	1.000196	0.999987	1.000201	0.999987	1.000198	1350073199.050218	0.999977	715818351.523427	715814298.335121	715823257.492954	0.999987	1.000197	0.999984	1.000200	3.893227	0.256906	0.999987	1.000198	0.999987	1.000201	0.999990	1.000196	0.999987	1.000201	0.999987	1.000198	
1350073200.050122	0.999999	0.000000	0.000000	0.000000	-nan	-nan	-nan	-nan	0.000000	inf	-nan	-nan	-nan	0.000000	-nan	-nan	-nan	-nan	-nan	-nan	1350073200.050199	0.999981	0.000000	0.000000	0.000000	-nan	-nan	-nan	-nan	0.000000	inf	-nan	-nan	-nan	-nan	-nan	-nan	-nan	-nan	-nan	-nan	
