ts_0	elapsed_0	pkg_0	pp0_0	dram_0	freq_ratio_0_0	c0_ratio_0_0	freq_ratio_0_1	c0_ratio_0_1	freq_ratio_0_2	c0_ratio_0_2	freq_ratio_0_3	c0_ratio_0_3	freq_ratio_0_4	c0_ratio_0_4	freq_ratio_0_5	c0_ratio_0_5	freq_ratio_0_6	c0_ratio_0_6	freq_ratio_0_7	c0_ratio_0_7	ts_1	elapsed_1	pkg_1	pp0_1	dram_1	freq_ratio_1_0	c0_ratio_1_0	freq_ratio_1_1	c0_ratio_1_1	freq_ratio_1_2	c0_ratio_1_2	freq_ratio_1_3	c0_ratio_1_3	freq_ratio_1_4	c0_ratio_1_4	freq_ratio_1_5	c0_ratio_1_5	freq_ratio_1_6	c0_ratio_1_6	freq_ratio_1_7	c0_ratio_1_7	
1350073173.048989	1.000452	65.214646	51.973988	3.829598	1.229728	0.993572	1.192197	0.004541	1.229729	0.993555	1.192388	0.000418	1.229729	0.993554	1.192280	0.000281	1.229729	0.993549	1.192291	0.000342	1350073173.049118	1.000449	46.736937	33.461266	2.851320	1.269102	0.998782	1.230832	0.000531	1.269101	0.998780	1.230864	0.000480	1.231498	0.000065	1.230008	0.000259	1.226970	0.000054	1.226570	0.000050	
1350073174.048986	0.999997	65.298802	52.051553	3.801449	1.230663	0.998906	1.192079	0.000266	1.230664	0.998905	1.192475	0.000242	1.230663	0.998904	1.192343	0.000220	1.230663	0.998903	1.192380	0.000190	1350073174.049115	0.999997	46.850228	33.574231	1.635045	1.269106	0.998801	1.230436	0.000409	1.269105	0.998800	1.230345	0.000306	1.223100	0.000011	1.230742	0.000615	1.230961	0.000011	1.231004	0.000011	
1350073175.048986	1.000000	65.282913	52.040085	3.801437	1.230614	0.998862	1.192269	0.000498	1.230614	0.998859	1.192319	0.000253	1.230614	0.998859	1.192302	0.000210	1.230614	0.998858	1.192229	0.000245	1350073175.049114	0.999999	46.878295	33.600771	1.678178	1.269089	0.999102	1.230994	0.000396	1.269089	0.999101	1.231112	0.000367	1.234524	0.000056	1.230922	0.001391	1.236225	0.000043	1.235066	0.000051	
1350073176.048986	1.000000	65.378326	52.113037	3.789978	1.230674	0.998962	1.192322	0.000235	1.230674	0.998966	1.192274	0.000223	1.230674	0.998965	1.192322	0.000163	1.230674	0.998961	1.192378	0.000179	1350073176.049113	0.999999	46.895324	33.616838	1.616304	1.269151	0.999295	1.230763	0.000361	1.269151	0.999295	1.230789	0.000326	1.220703	0.000010	1.229447	0.000187	1.206672	0.000011	1.210444	0.000011	
1350073177.048986	1.000000	65.419922	52.157349	3.805267	1.230666	0.998878	1.192157	0.000121	1.230666	0.998877	1.190535	0.000298	1.230665	0.998876	1.192901	0.000214	1.230665	0.998875	1.192880	0.000214	1350073177.049120	1.000007	46.906170	33.626080	1.673649	1.269127	0.999094	1.230746	0.000413	1.269127	0.999099	1.230752	0.000334	1.232914	0.000047	1.231569	0.000284	1.235069	0.000055	1.235325	0.000052	
1350073178.048987	1.000001	65.439925	52.167858	3.774609	1.230673	0.998984	1.192344	0.000238	1.230673	0.998984	1.194747	0.000225	1.230673	0.998983	1.192328	0.000178	1.230674	0.998982	1.192439	0.000176	1350073178.049117	0.999997	46.865944	33.599424	1.608861	1.269150	0.999280	1.230816	0.000335	1.269150	0.999273	1.230852	0.000338	1.233904	0.000010	1.230748	0.000167	1.225201	0.000011	1.212877	0.000011	
1350073179.048986	0.999999	65.427858	52.153629	3.786030	1.230529	0.998535	1.192213	0.001955	1.230529	0.998535	1.190180	0.000262	1.230529	0.998534	1.192002	0.000447	1.230529	0.998533	1.191893	0.000255	1350073179.049116	0.999999	46.917724	33.637453	1.765688	1.269114	0.998952	1.230828	0.000474	1.269114	0.998951	1.230729	0.000342	1.230618	0.000084	1.230765	0.000343	1.231994	0.000074	1.226271	0.000076	
1350073180.048986	1.000000	65.492371	52.211777	3.786285	1.230620	0.998498	1.191857	0.000668	1.230620	0.998494	1.192862	0.000246	1.230620	0.998493	1.192179	0.000180	1.230620	0.998493	1.189487	0.000177	1350073180.049113	0.999997	46.906258	33.622571	1.658651	1.269116	0.998921	1.230711	0.000370	1.269116	0.998931	1.230832	0.000339	1.231898	0.000007	1.230719	0.000546	1.222680	0.000007	1.257646	0.000020	
1350073181.048986	1.000000	65.471710	52.190720	3.789536	1.230556	0.997677	1.192325	0.001087	1.230556	0.997675	1.190248	0.000276	1.230556	0.997673	1.192387	0.000340	1.230556	0.997671	1.192336	0.000233	1350073181.049117	1.000004	46.892953	33.610841	1.928383	1.269115	0.998937	1.230713	0.000365	1.269115	0.998930	1.230776	0.000299	1.230028	0.000041	1.230752	0.000435	1.231572	0.000041	1.230637	0.000037	
1350073182.048986	1.000000	65.481506	52.200226	3.789749	1.230666	0.998988	1.192151	0.000199	1.230666	0.998987	1.194879	0.000233	1.230666	0.998987	1.192289	0.000178	1.230666	0.998986	1.192394	0.000181	1350073182.049116	0.999999	46.901854	33.620454	1.630113	1.269083	0.998977	1.230692	0.000288	1.269083	0.998971	1.230729	0.000321	1.232590	0.000011	1.230744	0.000522	1.229464	0.000010	1.231934	0.000010	
1350073183.048986	1.000000	65.490280	52.211487	3.793961	1.230660	0.998855	1.192567	0.000145	1.230660	0.998855	1.192345	0.000342	1.230660	0.998854	1.192351	0.000212	1.230660	0.998853	1.192366	0.000260	1350073183.049119	1.000003	46.893425	33.612063	1.685374	1.269130	0.999125	1.230437	0.000415	1.269130	0.999124	1.230755	0.000345	1.231119	0.000053	1.230772	0.000309	1.230977	0.000053	1.230953	0.000052	
1350073184.048986	1.000000	65.481705	52.204529	3.774597	1.230678	0.999013	1.191317	0.000200	1.230678	0.999013	1.192277	0.000223	1.230678	0.999012	1.192164	0.000164	1.230678	0.999011	1.192292	0.000177	1350073184.049110	0.999991	46.921217	33.635711	1.605361	1.269151	0.999296	1.231110	0.000367	1.269151	0.999294	1.230827	0.000343	1.230637	0.000011	1.230688	0.000188	1.209166	0.000011	1.208934	0.000011	
1350073185.048986	1.000000	65.516129	52.237732	3.778687	1.230646	0.998749	1.192304	0.000450	1.230646	0.998748	1.192334	0.000250	1.230646	0.998748	1.192464	0.000212	1.230646	0.998747	1.192334	0.000222	1350073185.049113	1.000003	46.644905	33.359867	1.671977	1.269115	0.999144	1.230791	0.000399	1.269129	0.999144	1.230722	0.000381	1.230442	0.000052	1.230733	0.000309	1.234942	0.000052	1.235004	0.000051	
1350073186.048987	1.000001	65.347792	52.073437	3.805248	1.230652	0.998745	1.192271	0.000347	1.230652	0.998748	1.192421	0.000230	1.230652	0.998748	1.192318	0.000186	1.230652	0.998741	1.192325	0.000185	1350073186.049116	1.000003	46.588936	33.302601	1.606059	1.269150	0.999313	1.230799	0.000324	1.269149	0.999312	1.230783	0.000286	1.224694	0.000017	1.229619	0.000201	1.218612	0.000017	1.218597	0.000017	
1350073187.048986	0.999999	65.715013	52.435658	3.830250	1.228726	0.998821	1.162174	0.003714	1.228726	0.998821	1.157991	0.002863	1.228726	0.998820	1.156997	0.002651	1.228726	0.998819	1.157713	0.002620	1350073187.049112	0.999996	46.998588	33.716277	1.704292	1.268726	0.998776	1.172671	0.002646	1.268712	0.998774	1.170382	0.002394	1.160336	0.001868	1.177592	0.003913	1.161461	0.001806	1.163598	0.002119	
1350073188.048986	1.000000	65.504105	52.221085	3.774841	1.230678	0.999010	1.192391	0.000167	1.230678	0.999009	1.194777	0.000226	1.230678	0.999008	1.192348	0.000178	1.230678	0.999007	1.192310	0.000180	1350073188.049114	1.000002	46.912371	33.630093	1.604016	1.269154	0.999329	1.230840	0.000352	1.269154	0.999339	1.230747	0.000338	1.243143	0.000007	1.231861	0.000188	1.270887	0.000007	1.234950	0.000007	
1350073189.048986	1.000000	65.516327	52.234283	3.778610	1.228963	0.997167	1.192315	0.001815	1.228963	0.997165	1.190049	0.000248	1.228963	0.997164	1.192442	0.001343	1.228963	0.997162	1.192693	0.000314	1350073189.049112	0.999998	46.893736	33.612857	1.917942	1.269146	0.999282	1.230557	0.000305	1.269146	0.999270	1.230753	0.000308	1.231397	0.000056	1.230865	0.000203	1.230062	0.000057	1.231485	0.000057	
1350073190.048986	1.000000	65.507690	52.221939	3.778259	1.230648	0.998836	1.192669	0.000426	1.230648	0.998834	1.194549	0.000251	1.230648	0.998834	1.192253	0.000177	1.230648	0.998834	1.192380	0.000162	1350073190.049110	0.999998	46.891844	33.610782	1.608707	1.269133	0.999254	1.230899	0.000322	1.269148	0.999253	1.230784	0.000350	1.219976	0.000011	1.229842	0.000236	1.214560	0.000011	1.216769	0.000011	
1350073191.048986	1.000000	65.380554	52.108994	3.786148	1.230372	0.996134	1.192316	0.000173	1.230372	0.996131	1.190085	0.000242	1.230372	0.996128	1.192313	0.002496	1.230372	0.996127	1.191858	0.000243	1350073191.049110	1.000000	46.881989	33.602341	2.412720	1.269149	0.999120	1.230738	0.000347	1.269134	0.999119	1.230288	0.000356	1.230265	0.000081	1.231971	0.000169	1.233586	0.000068	1.227555	0.000077	
1350073192.048986	1.000000	65.453629	52.173401	3.789856	1.229938	0.993679	1.192294	0.001707	1.229938	0.993671	1.194581	0.000255	1.229938	0.993668	1.192372	0.002791	1.229938	0.993661	1.192332	0.000178	1350073192.049163	1.000053	46.816812	33.549204	3.007394	1.269162	0.999358	1.230675	0.000261	1.269162	0.999358	1.231387	0.000282	1.256065	0.000007	1.230878	0.000154	1.229976	0.000007	1.261348	0.000019	
1350073193.048986	1.000000	65.484100	52.207840	3.791000	1.230552	0.997627	1.192317	0.001304	1.230552	0.997626	1.192328	0.000248	1.230552	0.997626	1.192327	0.000228	1.230552	0.997623	1.192391	0.000213	1350073193.049111	0.999948	46.865290	33.582190	2.010084	1.269051	0.998660	1.230757	0.000862	1.269051	0.998670	1.230772	0.000356	1.230583	0.000054	1.230718	0.000204	1.230982	0.000041	1.223937	0.000038	
1350073194.048986	1.000000	65.464417	52.181595	3.786392	1.230079	0.993660	1.192316	0.004836	1.230080	0.993652	1.192357	0.000219	1.230080	0.993652	1.192343	0.000177	1.230080	0.993645	1.192320	0.000176	1350073194.049116	1.000005	46.823801	33.544876	2.869538	1.269158	0.999308	1.230700	0.000259	1.269158	0.999296	1.230770	0.000283	1.210239	0.000011	1.229070	0.000132	1.212504	0.000011	1.232151	0.000011	
1350073195.048986	1.000000	65.521622	52.237991	3.797699	1.230496	0.997570	1.192174	0.000749	1.230496	0.997567	1.192318	0.000901	1.230496	0.997566	1.192004	0.000195	1.230496	0.997564	1.192355	0.000235	1350073195.049117	1.000001	46.868745	33.586974	1.988066	1.269141	0.999211	1.230761	0.000355	1.269141	0.999210	1.230789	0.000399	1.236965	0.000039	1.231593	0.000234	1.231830	0.000039	1.233585	0.000040	
1350073196.048986	1.000000	65.535385	52.251999	3.786102	1.230672	0.998967	1.192272	0.000196	1.230672	0.998966	1.192395	0.000235	1.230673	0.998965	1.192576	0.000179	1.230673	0.998965	1.192414	0.000198	1350073196.049111	0.999994	46.879842	33.599962	1.591364	1.269149	0.999262	1.230801	0.000346	1.269149	0.999272	1.230749	0.000351	1.229125	0.000011	1.230752	0.000211	1.244435	0.000010	1.244269	0.000010	
1350073197.048986	1.000000	65.527664	52.242065	3.785873	1.230669	0.998929	1.196145	0.000185	1.230669	0.998928	1.189982	0.000247	1.230669	0.998927	1.192235	0.000210	1.230669	0.998926	1.192183	0.000213	1350073197.049114	1.000003	46.863258	33.584231	1.637934	1.269130	0.999155	1.230839	0.000343	1.269130	0.999143	1.230788	0.000566	1.230744	0.000058	1.230751	0.000191	1.231105	0.000059	1.230485	0.000053	
1350073198.048986	1.000000	65.532959	52.251831	3.785965	1.230670	0.998923	1.188942	0.000226	1.230670	0.998921	1.194866	0.000226	1.230670	0.998920	1.192444	0.000179	1.230670	0.998920	1.192469	0.000179	1350073198.049114	1.000000	46.866745	33.585602	1.605438	1.269149	0.999275	1.230687	0.000330	1.269149	0.999274	1.230768	0.000374	1.231816	0.000011	1.230249	0.000175	1.209941	0.000011	1.209844	0.000011	
1350073199.048987	1.000001	715796586.933400	715765323.750752	715789571.945904	0.999980	1.000154	0.999978	1.000158	0.999988	1.000156	0.999981	1.000159	0.999980	1.000156	0.999982	1.000151	0.999981	1.000159	0.999980	1.000154	1350073199.049076	0.999962	715829110.414874	715811186.927208	715819665.939736	0.999980	1.000158	0.999978	1.000157	3.893669	0.256864	0.999980	1.000152	0.999980	1.000155	0.999983	1.000155	0.999979	1.000154	0.999981	1.000158	
1350073200.048986	0.999999	0.000000	0.000000	0.000000	-nan	-nan	-nan	-nan	0.000000	inf	-nan	-nan	-nan	0.000000	-nan	-nan	-nan	-nan	-nan	-nan	1350073200.049059	0.999983	0.000000	0.000000	0.000000	-nan	-nan	-nan	-nan	0.000000	inf	-nan	-nan	-nan	-nan	-nan	-nan	-nan	-nan	-nan	-nan	
