ts_0	elapsed_0	pkg_0	pp0_0	dram_0	freq_ratio_0_0	c0_ratio_0_0	freq_ratio_0_1	c0_ratio_0_1	freq_ratio_0_2	c0_ratio_0_2	freq_ratio_0_3	c0_ratio_0_3	freq_ratio_0_4	c0_ratio_0_4	freq_ratio_0_5	c0_ratio_0_5	freq_ratio_0_6	c0_ratio_0_6	freq_ratio_0_7	c0_ratio_0_7	ts_1	elapsed_1	pkg_1	pp0_1	dram_1	freq_ratio_1_0	c0_ratio_1_0	freq_ratio_1_1	c0_ratio_1_1	freq_ratio_1_2	c0_ratio_1_2	freq_ratio_1_3	c0_ratio_1_3	freq_ratio_1_4	c0_ratio_1_4	freq_ratio_1_5	c0_ratio_1_5	freq_ratio_1_6	c0_ratio_1_6	freq_ratio_1_7	c0_ratio_1_7	
1350072607.864064	1.000404	65.133331	52.002572	6.118928	1.229531	0.993130	1.192194	0.004513	1.229531	0.993114	1.192301	0.000406	1.229531	0.993113	1.192373	0.000318	1.229534	0.993131	1.192317	0.000331	1350072607.864194	1.000350	47.968761	34.783938	3.351564	1.269115	0.998931	1.230782	0.000524	1.269115	0.998929	1.230355	0.000490	1.227409	0.000055	1.227551	0.000050	1.229951	0.000152	1.228386	0.000077	
1350072608.864054	0.999990	65.325178	52.197208	6.102905	1.230474	0.997870	1.192749	0.001300	1.230474	0.997870	1.192384	0.000393	1.230474	0.997867	1.197267	0.000136	1.230474	0.997867	1.192177	0.000116	1350072608.864186	0.999992	48.028664	34.841927	2.764869	1.268657	0.995137	1.230750	0.003595	1.268656	0.995129	1.231505	0.000309	1.245393	0.000018	1.243949	0.000017	1.244049	0.000018	1.246767	0.000017	
1350072609.864061	1.000007	65.441442	52.298100	6.109028	1.230694	0.999250	1.189663	0.000197	1.230694	0.999249	1.192324	0.000192	1.230694	0.999248	1.188181	0.000166	1.230694	0.999248	1.192334	0.000177	1350072609.864197	1.000011	48.049125	34.856353	2.552310	1.268717	0.996064	1.230741	0.002999	1.268717	0.996059	1.230489	0.000343	1.227343	0.000070	1.226328	0.000050	1.225567	0.000042	1.227604	0.000072	
1350072610.864054	0.999993	65.606823	52.460720	6.095364	1.227270	0.999017	1.162361	0.003712	1.227271	0.999009	1.156982	0.002949	1.227271	0.999009	1.156416	0.002676	1.227271	0.999008	1.156709	0.002719	1350072610.864182	0.999985	48.254997	35.054894	2.323323	1.266008	0.996304	1.197921	0.006305	1.266008	0.996299	1.172614	0.002146	1.161415	0.001863	1.165448	0.002119	1.161041	0.001625	1.161809	0.001852	
1350072611.864054	1.000000	65.491776	52.346680	6.121292	1.230578	0.999097	1.192301	0.002004	1.230578	0.999090	1.192170	0.000166	1.230578	0.999089	1.192227	0.000166	1.230578	0.999089	1.192304	0.000172	1350072611.864184	1.000002	48.123382	34.919504	1.982906	1.269051	0.998268	1.230726	0.001087	1.269051	0.998267	1.230751	0.000378	1.233422	0.000043	1.230960	0.000047	1.230850	0.000148	1.230797	0.000110	
1350072612.864053	0.999999	65.546327	52.401509	6.096747	1.230707	0.999339	1.192457	0.000186	1.230707	0.999339	1.191962	0.000104	1.230707	0.999339	1.192223	0.000121	1.230707	0.999339	1.192479	0.000116	1350072612.864181	0.999997	48.070156	34.876634	1.778387	1.269151	0.999273	1.230782	0.000486	1.269151	0.999275	1.230771	0.000329	1.242567	0.000011	1.252234	0.000011	1.250144	0.000011	1.250225	0.000011	
1350072613.864054	1.000001	65.566481	52.419399	6.102899	1.230669	0.999013	1.192215	0.000420	1.230669	0.999012	1.193414	0.000182	1.230669	0.999011	1.193324	0.000152	1.230669	0.999011	1.192996	0.000167	1350072613.864181	1.000000	48.125290	34.921509	1.850052	1.269127	0.999145	1.231427	0.000675	1.269128	0.999144	1.230774	0.000393	1.230301	0.000063	1.230163	0.000047	1.230606	0.000062	1.229644	0.000081	
1350072614.864054	1.000000	65.600449	52.454147	6.090576	1.230692	0.999219	1.192235	0.000224	1.230693	0.999219	1.189263	0.000151	1.230693	0.999219	1.188061	0.000142	1.230693	0.999218	1.188743	0.000137	1350072614.864182	1.000001	48.131851	34.933377	1.870131	1.269154	0.999315	1.229781	0.000456	1.269154	0.999314	1.230773	0.000340	1.232038	0.000011	1.232181	0.000021	1.229873	0.000020	1.247464	0.000011	
1350072615.864054	1.000000	65.574600	52.423569	6.096710	1.230613	0.998351	1.189521	0.000260	1.230613	0.998349	1.192363	0.000755	1.230613	0.998348	1.192256	0.000166	1.230613	0.998347	1.192376	0.000163	1350072615.864175	0.999993	48.123151	34.922773	2.505984	1.268820	0.996937	1.230952	0.002036	1.268820	0.996934	1.230773	0.000323	1.230770	0.000072	1.230763	0.000080	1.228073	0.000075	1.224852	0.000153	
1350072616.864054	1.000000	65.593048	52.442474	6.090576	1.230701	0.999275	1.195254	0.000245	1.230700	0.999275	1.192096	0.000107	1.230700	0.999275	1.192341	0.000120	1.230700	0.999274	1.197926	0.000118	1350072616.864183	1.000008	48.111869	34.909080	2.363293	1.268927	0.996780	1.230544	0.002353	1.268927	0.996777	1.230759	0.000298	1.230386	0.000010	1.231035	0.000010	1.252069	0.000011	1.274533	0.000019	
1350072617.864054	1.000000	65.644272	52.492401	6.072083	1.230571	0.997850	1.189752	0.000295	1.230572	0.997848	1.192474	0.000162	1.230572	0.997847	1.192347	0.001040	1.230572	0.997846	1.187901	0.000148	1350072617.864247	1.000064	48.125938	34.925884	2.586978	1.268733	0.995798	1.230741	0.002934	1.268733	0.995793	1.230743	0.000411	1.230528	0.000072	1.229805	0.000067	1.228535	0.000059	1.227010	0.000073	
1350072618.864054	1.000000	65.576157	52.426208	6.109070	1.230659	0.998985	1.193811	0.000528	1.230659	0.998984	1.192108	0.000131	1.230659	0.998983	1.192233	0.000130	1.230659	0.998983	1.197258	0.000133	1350072618.864183	0.999936	48.133386	34.930165	2.603880	1.268538	0.993967	1.230745	0.004332	1.268538	0.993960	1.230770	0.000421	1.231313	0.000028	1.233188	0.000017	1.237229	0.000018	1.246268	0.000018	
1350072619.864054	1.000000	65.596420	52.445084	6.102905	1.230700	0.999269	1.188301	0.000156	1.230700	0.999273	1.192566	0.000173	1.230699	0.999272	1.192364	0.000156	1.230700	0.999268	1.187497	0.000135	1350072619.864188	1.000005	47.877537	34.676599	2.320743	1.268890	0.996853	1.230929	0.002278	1.268890	0.996850	1.230151	0.000354	1.226194	0.000041	1.226486	0.000051	1.226925	0.000058	1.231751	0.000070	
1350072620.864054	1.000000	65.428116	52.290771	6.109070	1.230694	0.999232	1.194713	0.000234	1.230694	0.999231	1.197600	0.000127	1.230694	0.999231	1.192155	0.000109	1.230694	0.999230	1.197146	0.000139	1350072620.864189	1.000001	47.874008	34.674238	2.347257	1.268807	0.996909	1.230530	0.002236	1.268807	0.996906	1.231422	0.000345	1.243395	0.000017	1.243795	0.000017	1.243450	0.000017	1.221596	0.000017	
1350072621.864054	1.000000	65.562027	52.411438	6.109070	1.229290	0.991204	1.192042	0.002838	1.229290	0.991195	1.192204	0.004304	1.229290	0.991195	1.192322	0.000166	1.229290	0.991186	1.187785	0.000143	1350072621.864181	0.999992	48.150476	34.953027	3.158900	1.269131	0.999078	1.230764	0.000539	1.269131	0.999077	1.230797	0.000321	1.230511	0.000064	1.228965	0.000060	1.227237	0.000059	1.229047	0.000064	
1350072622.864054	1.000000	65.611206	52.464066	6.102905	1.230697	0.999275	1.195398	0.000226	1.230697	0.999274	1.196553	0.000151	1.230697	0.999274	1.192332	0.000118	1.230697	0.999273	1.192265	0.000115	1350072622.864181	1.000000	48.107666	34.912903	1.795883	1.269149	0.999253	1.230748	0.000452	1.269149	0.999252	1.230755	0.000373	1.232758	0.000011	1.240025	0.000011	1.251547	0.000011	1.250315	0.000011	
1350072623.864054	1.000000	65.577560	52.430176	6.078247	1.230498	0.997141	1.190720	0.000454	1.230498	0.997137	1.191924	0.001479	1.230498	0.997138	1.192238	0.000176	1.230498	0.997135	1.192206	0.000152	1350072623.864179	0.999998	48.123993	34.928396	2.737524	1.268919	0.996872	1.230965	0.002009	1.268919	0.996869	1.230773	0.000717	1.230332	0.000046	1.230278	0.000052	1.230242	0.000045	1.230862	0.000102	
1350072624.864054	1.000000	65.564392	52.415237	6.115234	1.230705	0.999320	1.196157	0.000198	1.230705	0.999320	1.192079	0.000123	1.230705	0.999319	1.192346	0.000102	1.230705	0.999319	1.192396	0.000117	1350072624.864180	1.000001	48.115524	34.918164	2.439283	1.268829	0.995921	1.230585	0.002987	1.268829	0.995916	1.230760	0.000279	1.239439	0.000010	1.233415	0.000010	1.230270	0.000011	1.228304	0.000010	
1350072625.864054	1.000000	65.623215	52.477249	6.102905	1.230696	0.999232	1.191923	0.000155	1.230696	0.999232	1.193411	0.000160	1.230696	0.999231	1.193072	0.000178	1.230696	0.999231	1.193145	0.000151	1350072625.864178	0.999998	48.119629	34.922766	2.336491	1.268814	0.996439	1.230919	0.002569	1.268814	0.996437	1.230782	0.000400	1.228216	0.000043	1.230913	0.000050	1.230462	0.000056	1.228860	0.000063	
1350072626.864054	1.000000	65.649887	52.502304	6.115234	1.230695	0.999207	1.192121	0.000225	1.230695	0.999207	1.191147	0.000132	1.230695	0.999206	1.190870	0.000128	1.230695	0.999206	1.191281	0.000127	1350072626.864228	1.000050	48.120119	34.923865	1.815583	1.269148	0.999231	1.229806	0.000455	1.269147	0.999229	1.230770	0.000364	1.232440	0.000011	1.230288	0.000010	1.233178	0.000010	1.243871	0.000010	
1350072627.864054	1.000000	65.487381	52.337006	6.102905	1.230028	0.994128	1.192489	0.000148	1.230028	0.994122	1.192483	0.000161	1.230028	0.994128	1.192363	0.003954	1.230029	0.994118	1.192544	0.000150	1350072627.864188	0.999960	48.117436	34.921458	3.122363	1.269135	0.999103	1.230689	0.000448	1.269135	0.999102	1.230749	0.000298	1.230943	0.000077	1.227804	0.000071	1.230568	0.000072	1.224509	0.000092	
1350072628.864054	1.000000	65.629227	52.477875	6.102905	1.230573	0.998527	1.192470	0.000473	1.230573	0.998526	1.192456	0.000122	1.230573	0.998525	1.192273	0.000518	1.230573	0.998523	1.192113	0.000117	1350072628.864178	0.999990	48.059762	34.876784	2.452677	1.268935	0.997177	1.230743	0.002075	1.268935	0.997173	1.230768	0.000511	1.231171	0.000017	1.233026	0.000017	1.230603	0.000017	1.261088	0.000019	
1350072629.864054	1.000000	65.659164	52.505585	6.109070	1.230700	0.999274	1.187478	0.000131	1.230700	0.999273	1.192241	0.000161	1.230700	0.999273	1.192286	0.000152	1.230701	0.999272	1.192404	0.000155	1350072629.864177	0.999999	48.166001	34.958789	2.484927	1.268801	0.995497	1.230737	0.003228	1.268801	0.995491	1.230774	0.000372	1.230902	0.000050	1.233761	0.000050	1.229066	0.000056	1.227324	0.000064	
1350072630.864054	1.000000	65.603760	52.450272	6.108765	1.230704	0.999295	1.195335	0.000184	1.230704	0.999295	1.192297	0.000123	1.230704	0.999295	1.192375	0.000118	1.230703	0.999294	1.192319	0.000116	1350072630.864185	1.000008	48.118690	34.925590	2.317639	1.268933	0.996840	1.230729	0.002281	1.268932	0.996841	1.230100	0.000336	1.218055	0.000018	1.218436	0.000017	1.223398	0.000018	1.243289	0.000017	
1350072631.864054	1.000000	65.500519	52.360535	6.115250	1.229088	0.988736	1.191943	0.001833	1.229088	0.988725	1.192395	0.000156	1.229089	0.988723	1.192351	0.007020	1.229089	0.988714	1.192407	0.000147	1350072631.864185	1.000000	48.111694	34.916595	3.623489	1.269138	0.999129	1.230723	0.000505	1.269138	0.999124	1.231587	0.000288	1.234296	0.000058	1.234758	0.000057	1.234869	0.000058	1.230879	0.000057	
1350072632.864054	1.000000	65.627777	52.473999	6.109085	1.229843	0.993644	1.195061	0.000252	1.229844	0.993641	1.192048	0.000120	1.229843	0.993638	1.192362	0.003838	1.229844	0.993633	1.192288	0.000116	1350072632.864176	0.999991	48.067025	34.883907	3.141874	1.268896	0.996868	1.230754	0.002147	1.268895	0.996865	1.230759	0.000335	1.231827	0.000011	1.229081	0.000011	1.229970	0.000011	1.230422	0.000010	
1350072633.864055	1.000001	715784903.956383	715789160.091225	715786944.922973	0.999988	1.000201	0.999985	1.000204	0.999987	1.000208	0.999988	1.000201	0.999988	1.000203	0.999990	1.000198	0.999988	1.000203	0.999988	1.000201	1350072633.864142	0.999966	715805155.890735	715832578.462288	715834723.708584	0.999987	1.000200	0.999985	1.000203	3.893202	0.256908	0.999988	1.000201	0.999988	1.000203	0.999990	1.000199	0.999988	1.000204	0.999988	1.000202	
1350072634.864054	0.999999	0.000000	0.000000	0.000000	-nan	-nan	-nan	-nan	0.000000	inf	-nan	-nan	-nan	0.000000	-nan	-nan	-nan	-nan	-nan	-nan	1350072634.864124	0.999982	0.000000	0.000000	0.000000	-nan	-nan	-nan	-nan	0.000000	inf	-nan	-nan	-nan	-nan	-nan	-nan	-nan	-nan	-nan	-nan	
