ts_0	elapsed_0	pkg_0	pp0_0	dram_0	freq_ratio_0_0	c0_ratio_0_0	freq_ratio_0_1	c0_ratio_0_1	freq_ratio_0_2	c0_ratio_0_2	freq_ratio_0_3	c0_ratio_0_3	freq_ratio_0_4	c0_ratio_0_4	freq_ratio_0_5	c0_ratio_0_5	freq_ratio_0_6	c0_ratio_0_6	freq_ratio_0_7	c0_ratio_0_7	ts_1	elapsed_1	pkg_1	pp0_1	dram_1	freq_ratio_1_0	c0_ratio_1_0	freq_ratio_1_1	c0_ratio_1_1	freq_ratio_1_2	c0_ratio_1_2	freq_ratio_1_3	c0_ratio_1_3	freq_ratio_1_4	c0_ratio_1_4	freq_ratio_1_5	c0_ratio_1_5	freq_ratio_1_6	c0_ratio_1_6	freq_ratio_1_7	c0_ratio_1_7	
1350067662.041215	1.000376	47.817348	34.513406	3.799765	1.000000	1.000000	0.999957	0.001532	1.000000	1.000000	0.999969	0.002801	1.000000	1.000000	0.999669	0.002119	1.000000	1.000000	1.000016	0.000394	1350067662.041357	1.000357	35.141510	21.946467	1.646309	1.000000	1.000000	1.000040	0.000603	1.000000	1.000000	0.999964	0.000518	1.000189	0.000086	0.998680	0.000081	0.994215	0.000020	0.998431	0.000072	
1350067663.041212	0.999997	47.554667	34.238204	3.793713	1.000000	1.000000	1.000686	0.000782	1.000000	1.000000	0.999959	0.000743	1.000000	1.000000	0.999970	0.000142	1.000000	1.000000	0.999884	0.000140	1350067663.041347	0.999990	35.241121	22.046348	1.591965	1.000000	0.999999	0.999996	0.004972	1.000000	1.000000	1.000109	0.000202	1.003399	0.000020	1.008494	0.000020	1.006097	0.000065	1.006141	0.000020	
1350067664.041212	1.000000	47.778076	34.453201	3.785873	1.000000	1.000000	0.999906	0.006014	1.000000	1.000000	1.000015	0.000353	1.000000	1.000000	0.999997	0.000250	1.000000	1.000000	0.999984	0.000197	1350067664.041344	0.999997	35.137697	21.957389	1.789175	1.000000	1.000001	0.999989	0.000610	1.000000	1.000000	0.999800	0.000279	0.999639	0.000071	0.999467	0.000052	0.997880	0.000020	1.000711	0.000054	
1350067665.041212	1.000000	47.536972	34.210709	3.786179	1.000000	1.000000	1.000178	0.000281	1.000000	1.000000	0.999773	0.000287	1.000000	1.000000	0.999864	0.000139	1.000000	1.000000	0.999893	0.000137	1350067665.041347	1.000003	35.222349	22.025658	1.589396	1.000000	1.000000	0.999990	0.002429	1.000000	1.000000	1.000211	0.000249	1.000061	0.000013	1.002564	0.000013	1.000589	0.000072	1.015668	0.000012	
1350067666.041212	1.000000	47.550262	34.221954	3.774612	1.000000	1.000000	0.999187	0.000278	1.000000	1.000000	1.000111	0.000370	1.000000	1.000000	1.000077	0.000201	1.000000	1.000000	1.000184	0.000181	1350067666.041343	0.999996	35.239401	22.041578	1.586509	1.000000	1.000000	0.999985	0.003477	1.000000	1.000000	0.999227	0.000291	0.996568	0.000055	0.996906	0.000065	0.989388	0.000020	0.999808	0.000153	
1350067667.041212	1.000000	47.715942	34.387924	3.782074	1.000000	1.000000	0.999988	0.002902	1.000000	1.000000	0.999977	0.000263	1.000000	1.000000	1.000044	0.000140	1.000000	1.000000	0.999887	0.000137	1350067667.041345	1.000002	35.173532	21.974949	1.591824	0.999994	1.000000	0.999979	0.001164	1.000000	1.000000	1.000994	0.000196	1.016038	0.000013	1.014164	0.000013	1.002759	0.000068	1.000679	0.000012	
1350067668.041212	1.000000	47.673706	34.346375	3.786133	1.000000	1.000000	1.000035	0.001133	1.000000	1.000000	0.999995	0.000314	1.000000	1.000000	0.999948	0.000261	1.000000	1.000000	0.999959	0.000161	1350067668.041342	0.999997	35.194613	21.993293	1.585912	1.000006	1.000000	1.000411	0.001577	1.000000	1.000000	1.000042	0.000306	1.000017	0.000070	0.998600	0.000060	0.989950	0.000020	0.996689	0.000063	
1350067669.041212	1.000000	47.878494	34.564224	3.789963	1.000000	1.000000	1.002434	0.000285	1.000000	1.000000	0.999965	0.006648	1.000000	1.000000	0.999897	0.000138	1.000000	1.000000	1.000020	0.000155	1350067669.041343	1.000001	35.163907	21.963312	1.672606	1.000000	1.000001	0.998391	0.000416	1.000000	1.000000	0.999854	0.000148	1.000393	0.000013	1.008119	0.000013	1.004333	0.000053	1.016685	0.000013	
1350067670.041212	1.000000	47.936661	34.606003	3.769867	1.000000	1.000000	0.999806	0.003602	1.000000	1.000000	1.000003	0.003914	1.000000	1.000000	1.000051	0.002977	1.000000	1.000000	1.000000	0.002876	1350067670.041349	1.000006	36.269742	23.068374	1.603155	1.000000	1.000000	0.999998	0.004346	1.000000	1.000000	0.999967	0.003110	0.999920	0.002754	0.999928	0.002676	0.999906	0.002577	0.999905	0.002772	
1350067671.041219	1.000007	47.621390	34.293083	3.782231	1.000000	1.000000	1.000301	0.000285	1.000000	1.000000	1.000414	0.000263	1.000000	1.000000	1.000076	0.000137	1.000000	1.000000	1.000002	0.000158	1350067671.041351	1.000002	35.152048	21.953144	1.591580	1.000000	1.000000	0.999950	0.000424	1.000000	1.000000	1.000481	0.000203	1.015209	0.000013	1.013178	0.000013	0.997396	0.000117	1.021170	0.000013	
1350067672.041212	0.999993	47.606561	34.279549	3.793804	1.000000	1.000000	1.000029	0.000254	1.000000	1.000000	0.999635	0.000332	1.000000	1.000000	0.999402	0.000270	1.000000	1.000000	0.999814	0.000172	1350067672.041342	0.999991	35.165266	21.965653	1.586318	1.000000	1.000000	0.999776	0.000472	1.000000	1.000000	0.999985	0.000351	0.999047	0.000099	0.997709	0.000086	1.008745	0.000036	0.988216	0.000087	
1350067673.041211	0.999999	47.602050	34.274447	3.782429	1.000000	1.000000	0.999801	0.000615	1.000000	1.000000	0.999820	0.000265	1.000000	1.000000	0.999892	0.000139	1.000000	1.000000	1.000045	0.000137	1350067673.041344	1.000002	35.151117	21.952519	1.588147	1.000000	1.000000	1.000288	0.000427	1.000000	1.000000	0.999994	0.000189	1.014492	0.000008	1.026306	0.000008	1.001886	0.000108	1.043808	0.000023	
1350067674.041212	1.000001	47.604508	34.273252	3.778332	1.000000	1.000000	1.000058	0.002215	1.000000	1.000000	1.000099	0.000346	1.000000	1.000000	0.999996	0.000190	1.000000	1.000000	0.999888	0.000179	1350067674.041343	0.999999	35.168079	21.970327	1.585207	1.000000	1.000000	0.999977	0.000607	1.000000	1.000000	0.999828	0.000306	0.994862	0.000061	0.996332	0.000072	0.987500	0.000020	0.996765	0.000107	
1350067675.041211	0.999999	47.603378	34.273333	3.786075	1.000000	1.000000	0.999988	0.000251	1.000000	1.000000	0.999772	0.000245	1.000000	1.000000	0.999849	0.000120	1.000000	1.000000	1.000025	0.000137	1350067675.041342	0.999999	35.099078	21.913427	1.592973	1.000000	0.999995	0.999984	0.000409	1.000000	1.000000	1.000219	0.000212	1.022341	0.000013	1.020927	0.000013	1.002050	0.000119	1.015018	0.000013	
1350067676.041212	1.000001	47.648545	34.318433	3.793896	1.000000	1.000000	1.000011	0.000250	1.000000	1.000000	1.000128	0.000347	1.000000	1.000000	1.000099	0.000217	1.000000	1.000000	1.000052	0.000177	1350067676.041344	1.000002	35.143457	21.944859	1.593167	1.000000	1.000005	0.999688	0.000490	1.000000	1.000000	1.000003	0.000285	0.998788	0.000069	0.996898	0.000068	0.983953	0.000013	0.999404	0.000069	
1350067677.041211	0.999999	47.608810	34.278460	3.793995	1.000000	1.000000	0.999978	0.000302	1.000000	1.000000	0.999828	0.000264	1.000000	1.000000	0.999923	0.000120	1.000000	1.000000	0.999944	0.000137	1350067677.041345	1.000001	35.146161	21.947474	1.594862	1.000000	1.000000	1.000384	0.000413	1.000000	1.000000	0.999976	0.000228	1.007530	0.000013	1.015405	0.000013	1.001711	0.000122	1.015931	0.000013	
1350067678.041212	1.000001	47.553116	34.236341	3.785702	1.000000	1.000000	0.999650	0.000452	1.000000	1.000000	1.000146	0.000641	1.000000	1.000000	1.000055	0.000211	1.000000	1.000000	1.000030	0.000164	1350067678.041343	0.999998	35.149756	21.949230	1.593097	1.000000	1.000000	1.001376	0.000481	1.000000	1.000000	0.999703	0.000354	0.996724	0.000064	0.997383	0.000068	0.992230	0.000028	0.998232	0.000128	
1350067679.041212	1.000000	47.598846	34.269257	3.774582	1.000000	1.000000	1.000571	0.000313	1.000000	1.000000	0.999980	0.000284	1.000000	1.000000	1.000015	0.000150	1.000000	1.000000	0.999958	0.000158	1350067679.041346	1.000003	35.161390	21.961526	1.594432	1.000000	1.000000	0.998645	0.000506	1.000000	1.000000	1.000408	0.000229	1.003559	0.000059	1.013780	0.000013	1.001860	0.000112	1.003270	0.000033	
1350067680.041212	1.000000	47.610046	34.280014	3.778244	1.000000	1.000000	0.999517	0.000341	1.000000	1.000000	0.999674	0.000542	1.000000	1.000000	0.999924	0.000176	1.000000	1.000000	0.999991	0.000174	1350067680.041344	0.999998	35.150870	21.954922	1.591342	1.000000	1.000000	0.999994	0.000501	1.000000	1.000000	0.999984	0.000332	0.999923	0.000060	1.000019	0.000060	0.992600	0.000020	1.001613	0.000062	
1350067681.041211	0.999999	47.591598	34.259447	3.793522	1.000000	1.000000	0.999957	0.000244	1.000000	1.000000	1.000006	0.000265	1.000000	1.000000	0.999956	0.000139	1.000000	1.000000	0.999997	0.000135	1350067681.041386	1.000042	35.152639	21.955500	1.588312	1.000000	1.000000	0.999977	0.000396	1.000000	1.000000	0.999990	0.000236	1.000061	0.000013	1.000740	0.000012	1.001291	0.000117	0.999969	0.000012	
1350067682.041212	1.000001	47.635331	34.303480	3.782177	1.000000	1.000000	0.999986	0.000252	1.000000	1.000000	1.000535	0.000319	1.000000	1.000000	1.000741	0.000196	1.000000	1.000000	1.000032	0.000396	1350067682.041343	0.999957	35.160338	21.963406	1.589866	1.000000	0.999999	0.999996	0.000435	1.000000	1.000000	0.999977	0.000305	0.999686	0.000075	0.998521	0.000064	0.989133	0.000020	0.997459	0.000080	
1350067683.041212	1.000000	47.638641	34.306793	3.786072	1.000000	1.000000	1.000515	0.000278	1.000000	1.000000	0.999701	0.000560	1.000000	1.000000	1.000233	0.000151	1.000000	1.000000	0.999921	0.000137	1350067683.041344	1.000001	35.162793	21.962870	1.586684	1.000000	1.000001	0.999992	0.000428	1.000000	1.000000	0.999924	0.000260	1.000318	0.000034	1.004140	0.000020	0.997194	0.000112	1.010085	0.000020	
1350067684.041212	1.000000	47.660110	34.328262	3.778442	1.000000	1.000000	0.999920	0.002213	1.000000	1.000000	0.999936	0.000349	1.000000	1.000000	0.999006	0.000195	1.000000	1.000000	0.999917	0.000200	1350067684.041342	0.999998	35.156378	21.958767	1.592822	1.000000	1.000000	1.000002	0.000580	1.000000	1.000000	1.000038	0.000335	0.999273	0.000102	0.999504	0.000096	1.010622	0.000044	0.991968	0.000092	
1350067685.041212	1.000000	47.639816	34.308411	3.797455	1.000000	1.000000	0.999959	0.000266	1.000000	1.000000	1.000129	0.000266	1.000000	1.000000	0.999829	0.000140	1.000000	1.000000	1.000066	0.000147	1350067685.041343	1.000001	35.144070	21.961237	1.589003	1.000000	1.000000	0.999976	0.000411	1.000000	1.000000	0.999951	0.000250	1.010597	0.000008	1.008090	0.000008	1.000046	0.001316	1.033901	0.000022	
1350067686.041212	1.000000	47.628052	34.298950	3.785889	1.000000	1.000000	1.000031	0.000282	1.000000	1.000000	0.999867	0.000303	1.000000	1.000000	1.000144	0.000180	1.000000	1.000000	0.999993	0.000171	1350067686.041347	1.000004	35.177592	21.979403	1.594629	1.000000	1.000000	0.999983	0.000466	1.000000	1.000000	0.999989	0.000272	0.999853	0.000074	0.999998	0.000178	1.000039	0.000020	1.000136	0.000079	
1350067687.041211	0.999999	47.637161	34.309008	3.770801	1.000000	1.000000	0.999989	0.000271	1.000000	1.000000	1.000651	0.000265	1.000000	1.000000	1.000003	0.000138	1.000000	1.000000	0.999927	0.000138	1350067687.041348	1.000001	35.164426	21.964472	1.589857	1.000000	1.000000	1.000001	0.000414	1.000000	1.000000	0.999983	0.000255	1.000214	0.000013	1.000093	0.000012	0.998974	0.000059	0.990777	0.000013	
1350067688.041212	1.000001	47.641770	34.312666	3.797634	1.000000	1.000000	0.999959	0.000271	1.000000	1.000000	1.000875	0.000620	1.000000	1.000000	0.999996	0.000177	1.000000	1.000000	0.999985	0.000175	1350067688.041339	0.999991	35.168516	21.969590	1.588241	1.000000	1.000000	0.999983	0.000446	1.000000	1.000000	0.999975	0.000273	0.998502	0.000060	0.998216	0.000111	0.992063	0.000020	0.998504	0.000062	
1350067689.041212	1.000000	47.575607	34.261261	3.785843	1.000000	1.000000	1.000015	0.000369	1.000000	1.000000	0.999279	0.001027	1.000000	1.000000	0.999986	0.000139	1.000000	1.000000	0.999977	0.000136	1350067689.041345	1.000006	35.155934	21.960440	1.588324	1.000000	0.999995	0.999988	0.000492	1.000000	1.000000	1.000001	0.000299	1.003510	0.000020	1.009299	0.000020	1.002852	0.000061	1.010153	0.000020	
1350067690.041212	1.000000	47.641022	34.315811	3.797180	1.000000	1.000000	0.999967	0.000824	1.000000	1.000000	0.999980	0.000309	1.000000	1.000000	1.000022	0.000160	1.000000	1.000000	1.000030	0.000155	1350067690.041348	1.000003	35.159147	21.964623	1.589869	1.000000	1.000005	0.999986	0.000504	1.000000	1.000000	0.999963	0.000275	1.000227	0.000061	1.000147	0.000113	0.986640	0.000013	0.987788	0.000071	
1350067691.041212	1.000000	47.624130	34.298615	3.770844	1.000000	1.000000	1.000178	0.000274	1.000000	1.000000	1.000120	0.000263	1.000000	1.000000	0.999868	0.000158	1.000000	1.000000	0.999935	0.000154	1350067691.041342	0.999994	35.155208	21.958581	1.591639	1.000000	1.000000	0.999978	0.000380	1.000000	1.000000	0.999979	0.000237	1.000000	0.000013	0.999969	0.000013	1.003500	0.000059	1.003369	0.000240	
1350067692.041212	1.000000	47.615906	34.288040	3.790115	1.000000	1.000000	0.999813	0.000222	1.000000	1.000000	1.000430	0.000313	1.000000	1.000000	1.000120	0.000157	1.000000	1.000000	0.999978	0.000156	1350067692.041346	1.000004	35.153926	21.957934	1.588357	1.000000	1.000000	0.999995	0.000466	1.000000	1.000000	0.999986	0.000282	1.000311	0.000059	0.999891	0.000117	0.983363	0.000013	0.997476	0.000065	
1350067693.041212	1.000000	47.634537	34.307190	3.786362	1.000000	1.000000	1.000107	0.000267	1.000000	1.000000	0.999633	0.000559	1.000000	1.000000	0.999922	0.000158	1.000000	1.000000	0.999985	0.000155	1350067693.041348	1.000002	35.167230	21.971226	1.589978	1.000000	1.000000	1.001483	0.000443	1.000000	1.000000	0.999981	0.000243	0.998675	0.000020	1.000139	0.000019	1.003886	0.000055	1.010309	0.000020	
1350067694.041213	1.000001	715776789.218837	715781445.743006	715813441.904783	0.999988	1.000205	0.999986	1.000208	0.999988	1.000213	0.999988	1.000205	0.999988	1.000208	0.999991	1.000203	0.999988	1.000208	0.999988	1.000206	1350067694.041318	0.999970	715786235.220407	715785419.992426	715800869.268972	0.999988	1.000204	0.999986	1.000207	3.893143	0.256913	0.999988	1.000205	0.999988	1.000208	0.999991	1.000203	0.999988	1.000208	0.999988	1.000206	
1350067695.041212	0.999999	0.000000	0.000000	0.000000	-nan	-nan	-nan	-nan	1.000008	inf	-nan	-nan	-nan	0.000000	-nan	-nan	-nan	-nan	-nan	-nan	1350067695.041281	0.999963	0.000000	0.000000	0.000000	-nan	-nan	-nan	-nan	1.345745	inf	-nan	-nan	-nan	-nan	-nan	-nan	-nan	-nan	-nan	-nan	
