ts_0	elapsed_0	pkg_0	pp0_0	dram_0	freq_ratio_0_0	c0_ratio_0_0	freq_ratio_0_1	c0_ratio_0_1	freq_ratio_0_2	c0_ratio_0_2	freq_ratio_0_3	c0_ratio_0_3	freq_ratio_0_4	c0_ratio_0_4	freq_ratio_0_5	c0_ratio_0_5	freq_ratio_0_6	c0_ratio_0_6	freq_ratio_0_7	c0_ratio_0_7	ts_1	elapsed_1	pkg_1	pp0_1	dram_1	freq_ratio_1_0	c0_ratio_1_0	freq_ratio_1_1	c0_ratio_1_1	freq_ratio_1_2	c0_ratio_1_2	freq_ratio_1_3	c0_ratio_1_3	freq_ratio_1_4	c0_ratio_1_4	freq_ratio_1_5	c0_ratio_1_5	freq_ratio_1_6	c0_ratio_1_6	freq_ratio_1_7	c0_ratio_1_7	
1350072920.495877	1.000549	48.444653	35.112587	3.784025	1.269062	0.999107	1.228013	0.000410	1.227969	0.000105	1.225114	0.000050	1.269063	0.999095	1.230608	0.000239	1.233824	0.000005	1.230523	0.000009	1350072920.496057	1.000514	45.547525	32.304363	1.620871	1.229691	0.000345	1.224637	0.000060	1.213973	0.000019	1.264937	0.999335	1.264938	0.999335	1.230067	0.000384	1.209192	0.000011	1.226395	0.000045	
1350072921.495867	0.999990	48.576078	35.227434	3.793800	1.269147	0.999178	1.230759	0.000386	1.235263	0.000006	1.230770	0.000086	1.269147	0.999177	1.231626	0.000217	1.221766	0.000055	1.218812	0.000042	1350072921.496037	0.999980	45.541134	32.301550	1.618196	1.230862	0.000353	1.230692	0.000145	1.230677	0.000060	1.269149	0.999335	1.269149	0.999334	1.215396	0.000390	1.233586	0.000072	1.234822	0.000051	
1350072922.495867	1.000000	48.622330	35.269867	3.793777	1.269148	0.999202	1.230454	0.000419	1.216832	0.000063	1.212615	0.000046	1.269148	0.999201	1.230521	0.000189	1.225025	0.000006	1.228287	0.000010	1350072922.496039	1.000002	45.547276	32.307357	1.592572	1.229656	0.000306	1.225250	0.000061	1.214725	0.000019	1.269155	0.999401	1.269162	0.999400	1.251279	0.000303	1.234430	0.000011	1.231249	0.000030	
1350072923.495867	1.000000	48.614227	35.260162	3.816849	1.269139	0.999074	1.232284	0.000349	1.242846	0.000045	1.237739	0.000072	1.269139	0.999073	1.229885	0.000213	1.238536	0.000064	1.240474	0.000053	1350072923.496045	1.000006	45.504932	32.284918	1.614508	1.230668	0.000370	1.231075	0.000094	1.230980	0.000073	1.269145	0.999145	1.269138	0.999143	1.230743	0.000381	1.230739	0.000060	1.225567	0.000097	
1350072924.495867	1.000000	48.611633	35.260956	3.805222	1.269123	0.999034	1.229241	0.000652	1.225603	0.000059	1.225608	0.000053	1.269123	0.999034	1.230863	0.000191	1.237884	0.000005	1.233121	0.000010	1350072924.496046	1.000001	45.558993	32.333831	1.586104	1.229722	0.000302	1.225381	0.000060	1.208948	0.000015	1.269153	0.999375	1.269160	0.999374	1.230738	0.000322	1.227299	0.000007	1.237215	0.000077	
1350072925.495867	1.000000	48.633041	35.280502	3.793808	1.269135	0.999044	1.232879	0.000320	1.229322	0.000006	1.230380	0.000054	1.269135	0.999042	1.229075	0.000222	1.227592	0.000085	1.228280	0.000095	1350072925.496033	0.999987	45.569888	32.346814	1.620215	1.230555	0.000366	1.230807	0.000083	1.230854	0.000057	1.269151	0.999336	1.269150	0.999335	1.230714	0.000325	1.230589	0.000086	1.230687	0.000055	
1350072926.495867	1.000000	48.616104	35.262482	3.793365	1.269040	0.999063	1.230605	0.002126	1.227025	0.000075	1.226817	0.000064	1.269039	0.999055	1.230791	0.000176	1.232584	0.000005	1.227467	0.000006	1350072926.496041	1.000008	45.580090	32.347364	1.603320	1.229711	0.000327	1.227782	0.000097	1.215260	0.000017	1.269166	0.999357	1.269152	0.999356	1.230326	0.000278	1.220459	0.000018	1.225766	0.000037	
1350072927.495867	1.000000	48.610321	35.255951	3.789932	1.269154	0.999223	1.228938	0.000305	1.229160	0.000006	1.230680	0.000051	1.269154	0.999223	1.230537	0.000214	1.229695	0.000046	1.230399	0.000041	1350072927.496044	1.000003	45.578884	32.348807	1.610911	1.230967	0.000365	1.227682	0.000074	1.230330	0.000054	1.269140	0.999184	1.269147	0.999182	1.231044	0.000363	1.234656	0.000053	1.231145	0.000119	
1350072928.495867	1.000000	48.598755	35.247116	3.812805	1.269152	0.999223	1.231315	0.000350	1.224880	0.000051	1.224130	0.000045	1.269152	0.999222	1.231002	0.000176	1.233225	0.000006	1.232402	0.000010	1350072928.496035	0.999991	45.590730	32.360553	1.581557	1.229624	0.000314	1.229718	0.000053	1.213788	0.000019	1.269162	0.999400	1.269162	0.999399	1.230729	0.000317	1.231872	0.000011	1.234515	0.000044	
1350072929.495867	1.000000	48.600113	35.249359	3.801392	1.269084	0.998881	1.229515	0.000561	1.233621	0.000006	1.230798	0.000054	1.269084	0.998880	1.230741	0.000214	1.231066	0.000051	1.230866	0.000096	1350072929.496046	1.000011	45.601703	32.368541	1.614637	1.230735	0.000276	1.230664	0.000080	1.231692	0.000051	1.269155	0.999355	1.269148	0.999355	1.230716	0.000380	1.230666	0.000078	1.231082	0.000051	
1350072930.495867	1.000000	48.600571	35.249969	3.797791	1.269153	0.999221	1.229748	0.000344	1.224897	0.000049	1.224973	0.000044	1.269153	0.999221	1.230627	0.000175	1.227916	0.000005	1.231164	0.000006	1350072930.496040	0.999994	45.608426	32.382777	1.589746	1.229730	0.000317	1.225890	0.000058	1.213549	0.000017	1.269161	0.999367	1.269161	0.999366	1.230761	0.000273	1.231443	0.000011	1.227386	0.000045	
1350072931.495867	1.000000	48.597733	35.247498	3.793884	1.269147	0.999160	1.230784	0.000364	1.231167	0.000005	1.230706	0.000075	1.269147	0.999159	1.230572	0.000210	1.230463	0.000044	1.231036	0.000041	1350072931.496049	1.000009	45.592467	32.378735	1.630860	1.230783	0.000358	1.228904	0.000124	1.230524	0.000053	1.269142	0.999205	1.269149	0.999204	1.230714	0.000361	1.230028	0.000053	1.232080	0.000089	
1350072932.495867	1.000000	48.311737	34.958008	3.808990	1.269128	0.999126	1.230405	0.000372	1.220420	0.000073	1.210852	0.000067	1.269128	0.999128	1.227197	0.000193	1.199159	0.000033	1.207128	0.000042	1350072932.496043	0.999994	45.314876	32.097893	1.582727	1.229782	0.000344	1.229151	0.000051	1.223514	0.000046	1.269159	0.999379	1.269158	0.999376	1.229967	0.000273	1.224523	0.000031	1.225642	0.000044	
1350072933.495867	1.000000	48.573807	35.219849	3.782288	1.269140	0.999119	1.230744	0.000348	1.230787	0.000025	1.230808	0.000071	1.269140	0.999118	1.231313	0.000209	1.219438	0.000045	1.219748	0.000048	1350072933.496034	0.999991	45.588746	32.376636	1.610977	1.230872	0.000326	1.230714	0.000099	1.230826	0.000080	1.269146	0.999312	1.269148	0.999312	1.231321	0.000355	1.233600	0.000072	1.233531	0.000057	
1350072934.495867	1.000000	48.605347	35.256104	3.797485	1.269125	0.998987	1.230180	0.000602	1.213315	0.000048	1.212817	0.000044	1.269125	0.998987	1.230707	0.000174	1.229357	0.000006	1.230236	0.000010	1350072934.496036	1.000002	45.596562	32.380630	1.591214	1.229742	0.000319	1.224688	0.000046	1.217701	0.000017	1.269162	0.999403	1.269154	0.999402	1.230713	0.000316	1.223595	0.000011	1.224768	0.000044	
1350072935.495867	1.000000	48.601730	35.253342	3.786133	1.269143	0.999097	1.230738	0.000313	1.263667	0.000017	1.238555	0.000069	1.269143	0.999096	1.230039	0.000217	1.240111	0.000056	1.241727	0.000047	1350072935.496042	1.000006	45.604495	32.382574	1.617742	1.230657	0.000340	1.230649	0.000089	1.230213	0.000078	1.269137	0.999118	1.269137	0.999117	1.230463	0.000383	1.232121	0.000063	1.228574	0.000082	
1350072936.495867	1.000000	48.620438	35.270538	3.793915	1.269040	0.999053	1.230299	0.001976	1.225170	0.000056	1.225050	0.000056	1.269040	0.999053	1.230700	0.000175	1.232322	0.000005	1.232773	0.000010	1350072936.496037	0.999995	45.606567	32.384760	1.602959	1.229833	0.000313	1.227814	0.000091	1.209912	0.000015	1.269159	0.999357	1.269165	0.999356	1.231112	0.000294	1.229533	0.000007	1.237365	0.000084	
1350072937.495867	1.000000	48.589996	35.241043	3.778656	1.269154	0.999225	1.232526	0.000306	1.229752	0.000006	1.231098	0.000058	1.269154	0.999225	1.230628	0.000208	1.230685	0.000042	1.231232	0.000037	1350072937.496039	1.000002	45.581090	32.368453	1.610608	1.230803	0.000314	1.230903	0.000091	1.230735	0.000041	1.269145	0.999312	1.269152	0.999312	1.230714	0.000365	1.230825	0.000067	1.230574	0.000049	
1350072938.495867	1.000000	48.550842	35.202133	3.797760	1.269151	0.999220	1.228019	0.000338	1.226447	0.000069	1.223413	0.000046	1.269151	0.999222	1.230793	0.000191	1.226232	0.000005	1.228733	0.000010	1350072938.496044	1.000005	45.625092	32.395269	1.590995	1.230626	0.000323	1.225884	0.000065	1.214620	0.000018	1.269165	0.999352	1.269158	0.999351	1.230735	0.000289	1.229463	0.000010	1.230461	0.000043	
1350072939.495867	1.000000	48.483841	35.147110	3.797592	1.269128	0.999009	1.231745	0.000571	1.232946	0.000006	1.230986	0.000059	1.269128	0.999009	1.230687	0.000191	1.230978	0.000041	1.231189	0.000037	1350072939.496089	1.000045	45.618397	32.392400	1.610172	1.229876	0.000358	1.230435	0.000079	1.228938	0.000045	1.269117	0.999335	1.269118	0.999334	1.230728	0.000341	1.231182	0.000052	1.231132	0.000051	
1350072940.495868	1.000001	48.688064	35.338208	3.796917	1.268134	0.999030	1.168200	0.003274	1.159582	0.002520	1.156905	0.002414	1.268134	0.999043	1.162874	0.002711	1.156462	0.002473	1.156930	0.002347	1350072940.496015	0.999926	45.789029	32.565075	1.596035	1.164632	0.002680	1.167723	0.003603	1.156118	0.002263	1.267445	0.999174	1.267445	0.999168	1.164384	0.002502	1.158230	0.002417	1.167612	0.002567	
1350072941.495867	0.999999	48.568574	35.220813	3.790195	1.269150	0.999192	1.229584	0.000378	1.233552	0.000006	1.230532	0.000075	1.269149	0.999180	1.230544	0.000204	1.229697	0.000031	1.229985	0.000039	1350072941.496044	1.000029	45.635925	32.415286	1.620452	1.230381	0.000357	1.229520	0.000126	1.225735	0.000039	1.269153	0.999322	1.269154	0.999321	1.231270	0.000325	1.240622	0.000053	1.241594	0.000049	
1350072942.495867	1.000000	48.542252	35.195221	3.801163	1.269154	0.999245	1.229850	0.000327	1.224213	0.000048	1.224311	0.000045	1.269154	0.999245	1.230951	0.000175	1.237515	0.000005	1.233107	0.000010	1350072942.496051	1.000007	45.619039	32.405370	1.581547	1.229730	0.000311	1.225359	0.000060	1.213925	0.000019	1.269160	0.999376	1.269160	0.999375	1.230697	0.000322	1.228460	0.000010	1.229958	0.000043	
1350072943.495867	1.000000	48.514984	35.168579	3.797668	1.269154	0.999222	1.230758	0.000306	1.232616	0.000006	1.230600	0.000058	1.269154	0.999222	1.230519	0.000206	1.230978	0.000041	1.231208	0.000038	1350072943.496038	0.999987	45.623920	32.404020	1.612036	1.230761	0.000374	1.230725	0.000094	1.230790	0.000058	1.269153	0.999356	1.269153	0.999356	1.230709	0.000320	1.230790	0.000060	1.231209	0.000058	
1350072944.495867	1.000000	48.503555	35.154099	3.797501	1.269129	0.999049	1.230092	0.000568	1.226121	0.000068	1.224024	0.000045	1.269128	0.999045	1.230959	0.000174	1.227467	0.000005	1.228607	0.000010	1350072944.496043	1.000005	45.611222	32.392340	1.591118	1.229655	0.000309	1.225357	0.000059	1.214328	0.000018	1.269161	0.999399	1.269161	0.999399	1.230756	0.000310	1.232185	0.000011	1.230818	0.000044	
1350072945.495868	1.000001	715773517.689028	715770370.616392	715798759.394295	0.999986	1.000192	0.999984	1.000197	0.999992	1.000185	0.999986	1.000190	0.999986	1.000194	0.999989	1.000191	0.999986	1.000194	0.999986	1.000193	1350072945.495958	0.999915	715865046.698755	715826661.345006	715846510.794999	0.999986	1.000191	0.999984	1.000196	3.893305	0.256898	0.999986	1.000193	0.999985	1.000192	0.999989	1.000192	0.999987	1.000198	0.999986	1.000191	
1350072946.495868	1.000000	0.000000	0.000000	0.000000	-nan	-nan	-nan	-nan	0.000000	inf	-nan	-nan	-nan	0.000000	-nan	-nan	-nan	-nan	-nan	-nan	1350072946.495937	0.999979	0.000000	0.000000	0.000000	-nan	-nan	-nan	-nan	0.000000	inf	-nan	-nan	-nan	-nan	-nan	-nan	-nan	-nan	-nan	-nan	
