ts_0	elapsed_0	pkg_0	pp0_0	dram_0	freq_ratio_0_0	c0_ratio_0_0	freq_ratio_0_1	c0_ratio_0_1	freq_ratio_0_2	c0_ratio_0_2	freq_ratio_0_3	c0_ratio_0_3	freq_ratio_0_4	c0_ratio_0_4	freq_ratio_0_5	c0_ratio_0_5	freq_ratio_0_6	c0_ratio_0_6	freq_ratio_0_7	c0_ratio_0_7	ts_1	elapsed_1	pkg_1	pp0_1	dram_1	freq_ratio_1_0	c0_ratio_1_0	freq_ratio_1_1	c0_ratio_1_1	freq_ratio_1_2	c0_ratio_1_2	freq_ratio_1_3	c0_ratio_1_3	freq_ratio_1_4	c0_ratio_1_4	freq_ratio_1_5	c0_ratio_1_5	freq_ratio_1_6	c0_ratio_1_6	freq_ratio_1_7	c0_ratio_1_7	
1350070254.099466	1.000262	52.034141	38.761969	6.101215	0.839302	0.010141	0.803153	0.671941	0.819317	0.996319	0.819315	0.996315	0.819313	0.996312	0.819312	0.996311	0.819311	0.996309	0.819309	0.996306	1350070254.099601	1.000326	54.662986	41.607365	3.578180	0.975415	0.998192	0.975414	0.998191	0.975413	0.998190	0.975416	0.998188	0.975410	0.998186	0.876664	0.326747	0.934173	0.000140	0.908769	0.000083	
1350070255.099462	0.999996	50.803520	37.525054	6.102930	0.853124	0.006462	0.853433	0.002424	0.852728	0.996495	0.852728	0.996492	0.852727	0.996490	0.852727	0.996488	0.852726	0.996485	0.852726	0.996482	1350070255.099597	0.999996	50.790871	37.725861	3.368605	0.874894	0.997601	0.874894	0.997600	0.874894	0.997598	0.874895	0.997596	0.874895	0.997595	0.874895	0.997593	0.872629	0.000108	0.884719	0.000007	
1350070256.099463	1.000001	50.751111	37.484583	6.096689	0.851991	0.003457	0.853094	0.005562	0.851315	0.996768	0.851315	0.996764	0.851316	0.996763	0.851315	0.996761	0.851316	0.996758	0.851315	0.996756	1350070256.099596	0.999999	50.793750	37.724340	3.323108	0.874780	0.997560	0.874780	0.997559	0.874780	0.997556	0.874780	0.997554	0.874780	0.997553	0.874780	0.997550	0.876021	0.000139	0.858620	0.000278	
1350070257.099463	1.000000	50.800461	37.519806	6.109070	0.852732	0.003509	0.852263	0.005338	0.851515	0.996690	0.851514	0.996687	0.851514	0.996685	0.851515	0.996683	0.851514	0.996680	0.851514	0.996679	1350070257.099595	0.999999	50.790057	37.717214	3.241412	0.877227	0.998079	0.877227	0.998078	0.877227	0.998075	0.877227	0.998076	0.877227	0.998075	0.877227	0.998071	0.875333	0.000146	0.872579	0.000007	
1350070258.099468	1.000005	50.800130	37.517863	6.084381	0.851598	0.002669	0.852332	0.005677	0.852030	0.996487	0.852030	0.996483	0.852031	0.996481	0.852030	0.996480	0.852031	0.996476	0.852030	0.996475	1350070258.099602	1.000007	50.792190	37.719512	3.161584	0.877403	0.998191	0.877403	0.998189	0.877403	0.998188	0.877403	0.998186	0.877403	0.998191	0.877403	0.998183	0.877436	0.000134	0.884438	0.000064	
1350070259.099462	0.999994	50.803525	37.521067	6.139868	0.853470	0.003766	0.852816	0.004490	0.852022	0.996840	0.852022	0.996836	0.852022	0.996835	0.852021	0.996834	0.852021	0.996831	0.852021	0.996829	1350070259.099598	0.999996	50.792015	37.726014	2.997296	0.880331	0.998898	0.880331	0.998897	0.880331	0.998896	0.880331	0.998895	0.880331	0.998895	0.880331	0.998894	0.871896	0.000646	0.885998	0.000008	
1350070260.099468	1.000006	50.799929	37.517278	6.102854	0.851497	0.003548	0.850355	0.000157	0.853004	0.996452	0.853004	0.996449	0.853003	0.996446	0.853004	0.996444	0.853004	0.996440	0.853004	0.996439	1350070260.099611	1.000013	50.790014	37.723642	2.850884	0.879820	0.998815	0.879820	0.998814	0.879820	0.998813	0.879819	0.998800	0.879819	0.998800	0.879819	0.998800	0.861032	0.000180	0.870409	0.000230	
1350070261.099462	0.999994	50.801801	37.517359	6.115240	0.851382	0.005739	0.845190	0.000020	0.852234	0.996804	0.852234	0.996802	0.852234	0.996798	0.852234	0.996798	0.852234	0.996795	0.852234	0.996793	1350070261.099562	0.999951	50.796639	37.736991	2.962792	0.880335	0.998934	0.880335	0.998934	0.880335	0.998933	0.880335	0.998943	0.880335	0.998943	0.880335	0.998942	0.881490	0.000181	0.882391	0.000041	
1350070262.099463	1.000001	50.803312	37.520136	6.096735	0.850248	0.005883	0.846163	0.000338	0.851522	0.996996	0.851522	0.996993	0.851521	0.996989	0.851522	0.996987	0.851521	0.996985	0.851521	0.996982	1350070262.099598	1.000036	50.789065	37.724304	3.281773	0.879917	0.998825	0.879917	0.998823	0.879917	0.998823	0.879917	0.998821	0.879917	0.998821	0.879917	0.998820	0.873588	0.000159	0.888296	0.000066	
1350070263.099463	1.000000	50.800262	37.515442	6.096741	0.851699	0.004699	0.851561	0.002069	0.851539	0.996869	0.851539	0.996867	0.851538	0.996864	0.851538	0.996862	0.851538	0.996860	0.851538	0.996858	1350070263.099596	0.999998	50.790609	37.725551	2.909674	0.880059	0.998865	0.880059	0.998863	0.880059	0.998862	0.880060	0.998862	0.880059	0.998861	0.880059	0.998861	0.884718	0.000141	0.889045	0.000007	
1350070264.099469	1.000006	50.804049	37.514562	6.113947	0.815360	0.009822	0.811993	0.007977	0.844750	0.996687	0.844750	0.996686	0.844751	0.996684	0.844751	0.996681	0.844750	0.996678	0.844750	0.996677	1350070264.099604	1.000008	50.792954	37.724365	3.189855	0.874487	0.998304	0.874487	0.998304	0.874487	0.998303	0.874487	0.998301	0.874487	0.998299	0.874487	0.998299	0.807520	0.005042	0.807378	0.003055	
1350070265.099463	0.999994	50.802167	37.518275	6.115271	0.849769	0.003150	0.853056	0.005665	0.851154	0.996771	0.851154	0.996770	0.851154	0.996768	0.851154	0.996764	0.851154	0.996761	0.851153	0.996759	1350070265.099605	1.000001	50.794690	37.726542	3.483349	0.879752	0.998706	0.879751	0.998704	0.879751	0.998704	0.879751	0.998703	0.879751	0.998702	0.879751	0.998700	0.882320	0.000154	0.877518	0.000007	
1350070266.099463	1.000000	50.750839	37.480026	6.090561	0.850100	0.003429	0.854508	0.005220	0.851206	0.996919	0.851206	0.996916	0.851205	0.996914	0.851206	0.996912	0.851205	0.996909	0.851206	0.996907	1350070266.099594	0.999989	50.791145	37.730745	3.496147	0.880213	0.998888	0.880213	0.998886	0.880213	0.998885	0.880213	0.998885	0.880213	0.998884	0.880213	0.998883	0.883992	0.000172	0.882870	0.000066	
1350070267.099462	0.999999	50.801623	37.516637	6.115240	0.852505	0.007888	0.847742	0.000322	0.850597	0.997034	0.850597	0.997032	0.850597	0.997031	0.850598	0.997028	0.850598	0.997025	0.850598	0.997025	1350070267.099594	1.000000	50.790405	37.731369	3.441574	0.880356	0.998942	0.880356	0.998941	0.880356	0.998940	0.880356	0.998939	0.880356	0.998939	0.880356	0.998938	0.884668	0.000146	0.884325	0.000007	
1350070268.099463	1.000001	50.804486	37.519648	6.127558	0.850337	0.004229	0.850394	0.004453	0.850214	0.997051	0.850215	0.997048	0.850214	0.997047	0.850214	0.997044	0.850213	0.997042	0.850213	0.997040	1350070268.099587	0.999993	50.792359	37.737749	3.593012	0.879953	0.998782	0.879953	0.998781	0.879953	0.998780	0.879953	0.998780	0.879953	0.998778	0.879953	0.998777	0.873272	0.000147	0.872014	0.000233	
1350070269.099463	1.000000	50.798737	37.515854	6.121399	0.849043	0.002760	0.850697	0.006065	0.850426	0.996929	0.850426	0.996925	0.850426	0.996923	0.850426	0.996922	0.850427	0.996920	0.850426	0.996918	1350070269.099606	1.000019	50.739312	37.697554	3.609566	0.880380	0.998946	0.880380	0.998946	0.880380	0.998944	0.880380	0.998944	0.880380	0.998943	0.880380	0.998942	0.884570	0.000095	0.888207	0.000007	
1350070270.099463	1.000000	50.803574	37.519745	6.109070	0.849499	0.002924	0.850916	0.006590	0.850163	0.997068	0.850163	0.997065	0.850163	0.997062	0.850163	0.997061	0.850162	0.997058	0.850162	0.997057	1350070270.099597	0.999991	50.791033	37.746543	3.861211	0.880535	0.998970	0.880535	0.998969	0.880535	0.998969	0.880535	0.998967	0.880535	0.998967	0.880535	0.998966	0.884473	0.000154	0.884248	0.000077	
1350070271.099462	0.999999	50.803225	37.516759	6.133734	0.848911	0.002886	0.849361	0.007420	0.849622	0.997335	0.849622	0.997333	0.849622	0.997331	0.849622	0.997330	0.849622	0.997327	0.849622	0.997325	1350070271.099594	0.999997	50.794042	37.745692	4.336287	0.880270	0.998884	0.880270	0.998882	0.880270	0.998882	0.880270	0.998883	0.880270	0.998881	0.880270	0.998879	0.883316	0.000116	0.863706	0.000007	
1350070272.099463	1.000001	50.801023	37.514750	6.133722	0.850286	0.003487	0.850022	0.004937	0.850043	0.997259	0.850042	0.997256	0.850042	0.997254	0.850043	0.997253	0.850043	0.997251	0.850043	0.997248	1350070272.099587	0.999993	50.779419	37.730623	3.614008	0.892664	0.997069	0.892664	0.997068	0.892664	0.997065	0.892664	0.997063	0.892664	0.997059	0.892665	0.997056	0.896954	0.000145	0.899435	0.000214	
1350070273.099463	1.000000	50.791687	37.505844	6.090576	0.874790	0.006162	0.879510	0.000634	0.874281	0.998161	0.874282	0.998161	0.874281	0.998160	0.874282	0.998158	0.874282	0.998157	0.874282	0.998157	1350070273.099610	1.000023	50.776060	37.731101	3.153340	0.902071	0.996154	0.902071	0.996151	0.902071	0.996147	0.902071	0.996145	0.902071	0.996144	0.902072	0.996141	0.901910	0.000148	0.912845	0.000024	
1350070274.099471	1.000008	50.800019	37.517610	6.109020	0.853646	0.006493	0.850735	0.001703	0.859034	0.997337	0.859033	0.997335	0.859034	0.997333	0.859033	0.997331	0.859032	0.997328	0.859032	0.997326	1350070274.099611	1.000001	50.793378	37.746958	3.252927	0.886334	0.997817	0.886334	0.997816	0.886334	0.997814	0.886334	0.997813	0.886334	0.997813	0.886334	0.997810	0.885784	0.000170	0.872749	0.000081	
1350070275.099462	0.999991	50.750734	37.482960	6.109125	0.849040	0.003592	0.851782	0.005825	0.850642	0.997014	0.850643	0.997012	0.850642	0.997009	0.850643	0.997009	0.850643	0.997005	0.850643	0.997004	1350070275.099600	0.999989	50.790337	37.742601	3.578637	0.879533	0.998739	0.879533	0.998738	0.879533	0.998737	0.879533	0.998737	0.879533	0.998736	0.879533	0.998734	0.886008	0.000120	0.904823	0.000007	
1350070276.099463	1.000001	50.801099	37.518534	6.115198	0.853826	0.002911	0.853876	0.000357	0.852116	0.996742	0.852116	0.996739	0.852117	0.996736	0.852117	0.996733	0.852116	0.996732	0.852117	0.996731	1350070276.099593	0.999993	50.794251	37.737138	2.704364	0.879422	0.998710	0.879422	0.998710	0.879422	0.998709	0.879421	0.998708	0.879422	0.998707	0.879422	0.998706	0.861761	0.000169	0.874703	0.000157	
1350070277.099462	0.999999	50.801730	37.515203	6.127569	0.851282	0.002738	0.852687	0.001290	0.851470	0.996631	0.851470	0.996628	0.851469	0.996625	0.851469	0.996622	0.851469	0.996621	0.851468	0.996619	1350070277.099597	1.000004	50.791802	37.729782	2.761372	0.879048	0.998623	0.879048	0.998621	0.879048	0.998620	0.879048	0.998619	0.879048	0.998618	0.879048	0.998617	0.875494	0.000121	0.885290	0.000007	
1350070278.099463	1.000001	50.801938	37.521113	6.102899	0.852069	0.006006	0.850115	0.001921	0.850435	0.997207	0.850435	0.997203	0.850436	0.997202	0.850436	0.997200	0.850436	0.997198	0.850436	0.997195	1350070278.099594	0.999997	50.793004	37.741267	3.040262	0.878948	0.998600	0.878948	0.998599	0.878948	0.998598	0.878948	0.998596	0.878948	0.998596	0.878948	0.998594	0.875627	0.000149	0.884024	0.000061	
1350070279.099462	0.999999	50.801623	37.515462	6.102911	0.850377	0.006428	0.852100	0.000329	0.850159	0.996905	0.850159	0.996902	0.850158	0.996900	0.850158	0.996898	0.850158	0.996895	0.850158	0.996893	1350070279.099598	1.000004	50.789360	37.735214	3.020099	0.878964	0.998575	0.878964	0.998574	0.878964	0.998572	0.878964	0.998571	0.878964	0.998570	0.878964	0.998570	0.884485	0.000107	0.889152	0.000007	
1350070280.099463	1.000001	50.803968	37.517878	6.121393	0.848688	0.006349	0.846799	0.003640	0.849072	0.997299	0.849072	0.997296	0.849072	0.997295	0.849071	0.997293	0.849071	0.997292	0.849072	0.997290	1350070280.099594	0.999996	50.792518	37.742020	3.825745	0.878640	0.998534	0.878640	0.998533	0.878640	0.998531	0.878640	0.998530	0.878640	0.998530	0.878640	0.998529	0.872617	0.000148	0.873966	0.000126	
1350070281.099462	0.999999	50.803286	37.517293	6.115240	0.848949	0.005014	0.849421	0.002947	0.849265	0.997370	0.849265	0.997370	0.849265	0.997367	0.849265	0.997364	0.849264	0.997362	0.849264	0.997362	1350070281.099598	1.000004	50.792381	37.740661	3.277590	0.878942	0.998601	0.878942	0.998599	0.878942	0.998598	0.878942	0.998597	0.878942	0.998596	0.878942	0.998596	0.874296	0.000114	0.889114	0.000007	
1350070282.099463	1.000001	50.802198	37.516886	6.090570	0.850009	0.007386	0.846546	0.000492	0.849094	0.997599	0.849094	0.997598	0.849094	0.997596	0.849094	0.997595	0.849094	0.997593	0.849094	0.997593	1350070282.099589	0.999991	50.791033	37.741553	3.418229	0.878448	0.998473	0.878448	0.998472	0.878448	0.998471	0.878448	0.998470	0.878448	0.998469	0.878448	0.998468	0.876275	0.000171	0.884160	0.000062	
1350070283.099462	0.999999	50.801486	37.514669	6.096747	0.850235	0.007719	0.852186	0.000523	0.849579	0.997349	0.849579	0.997347	0.849579	0.997344	0.849579	0.997342	0.849579	0.997339	0.849579	0.997337	1350070283.099592	1.000003	50.742885	37.703786	2.839911	0.879108	0.998644	0.879108	0.998643	0.879108	0.998641	0.879108	0.998639	0.879108	0.998639	0.879109	0.998638	0.880005	0.000117	0.889114	0.000007	
1350070284.099463	1.000001	50.803144	37.517497	6.090570	0.840806	0.006870	0.845773	0.001426	0.849849	0.997206	0.849849	0.997204	0.849848	0.997202	0.849849	0.997201	0.849849	0.997197	0.849848	0.997196	1350070284.099602	1.000010	50.793391	37.746662	3.007431	0.878875	0.998566	0.878875	0.998565	0.878875	0.998564	0.878875	0.998563	0.878875	0.998562	0.878875	0.998561	0.869155	0.000158	0.873296	0.000075	
1350070285.099462	0.999999	50.751773	37.482122	6.115240	0.856440	0.002060	0.849381	0.006770	0.849578	0.997232	0.849578	0.997229	0.849578	0.997227	0.849577	0.997225	0.849578	0.997223	0.849577	0.997221	1350070285.099593	0.999991	50.791949	37.744162	3.216414	0.878870	0.998588	0.878870	0.998586	0.878870	0.998585	0.878870	0.998584	0.878870	0.998583	0.878870	0.998581	0.876916	0.000148	0.880283	0.000032	
1350070286.099462	1.000000	50.801468	37.516983	6.096741	0.852351	0.003313	0.848988	0.006302	0.848917	0.997329	0.848917	0.997329	0.848918	0.997327	0.848917	0.997325	0.848917	0.997322	0.848917	0.997320	1350070286.099595	1.000002	50.791575	37.740483	3.711052	0.879028	0.998616	0.879028	0.998614	0.879028	0.998614	0.879028	0.998612	0.879028	0.998614	0.879028	0.998613	0.874772	0.000132	0.893929	0.000071	
1350070287.099462	1.000000	50.801941	37.527496	6.084412	0.852748	0.001782	0.849776	0.003727	0.851391	0.996966	0.851391	0.996964	0.851391	0.996961	0.851391	0.996961	0.851391	0.996957	0.851391	0.996956	1350070287.099595	1.000000	50.792221	37.746445	3.381653	0.879375	0.998705	0.879375	0.998704	0.879375	0.998703	0.879375	0.998702	0.879375	0.998701	0.879375	0.998700	0.871954	0.000142	0.862464	0.000007	
1350070288.099462	1.000000	50.802139	37.524261	6.090576	0.851044	0.001577	0.850579	0.003879	0.850772	0.997000	0.850771	0.996998	0.850771	0.996997	0.850772	0.996993	0.850771	0.996991	0.850771	0.996989	1350070288.099599	1.000004	50.789513	37.737686	3.323534	0.878955	0.998614	0.878955	0.998612	0.878955	0.998611	0.878955	0.998610	0.878955	0.998610	0.878955	0.998608	0.864174	0.000175	0.875627	0.000131	
1350070289.099462	1.000000	50.800888	37.520859	6.089508	0.796461	0.005683	0.803454	0.006953	0.849783	0.996847	0.849783	0.996844	0.849783	0.996842	0.849782	0.996840	0.849783	0.996838	0.849783	0.996836	1350070289.099595	0.999996	50.795753	37.744553	2.957776	0.878418	0.998561	0.878418	0.998561	0.878418	0.998559	0.878418	0.998557	0.878418	0.998557	0.878418	0.998556	0.785392	0.004668	0.787043	0.003665	
1350070290.099463	1.000001	50.801755	37.516444	6.127558	0.851324	0.001920	0.850993	0.004185	0.850536	0.996962	0.850537	0.996960	0.850537	0.996957	0.850536	0.996954	0.850536	0.996950	0.850536	0.996950	1350070290.099596	1.000001	50.789273	37.739970	2.772672	0.879216	0.998659	0.879216	0.998659	0.879216	0.998657	0.879216	0.998657	0.879216	0.998655	0.879216	0.998654	0.861070	0.000140	0.884451	0.000070	
1350070291.099462	0.999999	50.803408	37.522741	6.109076	0.851312	0.002797	0.851576	0.002866	0.850874	0.996686	0.850874	0.996684	0.850874	0.996681	0.850874	0.996679	0.850874	0.996676	0.850873	0.996672	1350070291.099595	0.999999	50.792865	37.743124	2.886706	0.879155	0.998645	0.879155	0.998644	0.879154	0.998643	0.879154	0.998642	0.879154	0.998642	0.879155	0.998640	0.884552	0.000117	0.883956	0.000007	
1350070292.099463	1.000001	50.799298	37.513438	6.109064	0.850764	0.003643	0.851363	0.002041	0.851047	0.996793	0.851048	0.996792	0.851047	0.996790	0.851048	0.996787	0.851048	0.996784	0.851048	0.996782	1350070292.099595	1.000000	50.787903	37.740570	2.895996	0.883239	0.998102	0.883239	0.998101	0.883239	0.998100	0.883239	0.998098	0.883239	0.998096	0.883239	0.998095	0.873846	0.000179	0.884705	0.000071	
1350070293.099463	1.000000	50.795395	37.510818	6.121399	0.863174	0.005823	0.873344	0.001980	0.865283	0.997861	0.865282	0.997859	0.865282	0.997858	0.865282	0.997856	0.865282	0.997854	0.865282	0.997853	1350070293.099590	0.999995	50.776377	37.732458	2.829268	0.901207	0.996062	0.901207	0.996058	0.901207	0.996056	0.901207	0.996051	0.901207	0.996050	0.901207	0.996046	0.898340	0.000105	0.906413	0.000007	
1350070294.099464	1.000001	715786018.028578	715796618.443929	715816382.199098	0.999988	1.000200	0.999985	1.000203	0.999995	1.000200	0.999988	1.000200	0.999988	1.000203	0.999990	1.000198	0.999988	1.000203	0.999988	1.000200	1350070294.099575	0.999985	715779912.480795	715806798.829858	715833772.810076	0.999988	1.000200	0.999985	1.000203	3.893201	0.256908	0.999988	1.000200	0.999988	1.000202	0.999990	1.000198	0.999988	1.000203	0.999988	1.000201	
1350070295.099463	0.999999	0.000000	0.000000	0.000000	-nan	-nan	-nan	-nan	0.000000	inf	-nan	-nan	-nan	0.000000	-nan	-nan	-nan	-nan	-nan	-nan	1350070295.099544	0.999969	0.000000	0.000000	0.000000	-nan	-nan	-nan	-nan	0.000000	inf	-nan	-nan	-nan	-nan	-nan	-nan	-nan	-nan	-nan	-nan	
