ts_0	elapsed_0	pkg_0	pp0_0	dram_0	freq_ratio_0_0	c0_ratio_0_0	freq_ratio_0_1	c0_ratio_0_1	freq_ratio_0_2	c0_ratio_0_2	freq_ratio_0_3	c0_ratio_0_3	freq_ratio_0_4	c0_ratio_0_4	freq_ratio_0_5	c0_ratio_0_5	freq_ratio_0_6	c0_ratio_0_6	freq_ratio_0_7	c0_ratio_0_7	ts_1	elapsed_1	pkg_1	pp0_1	dram_1	freq_ratio_1_0	c0_ratio_1_0	freq_ratio_1_1	c0_ratio_1_1	freq_ratio_1_2	c0_ratio_1_2	freq_ratio_1_3	c0_ratio_1_3	freq_ratio_1_4	c0_ratio_1_4	freq_ratio_1_5	c0_ratio_1_5	freq_ratio_1_6	c0_ratio_1_6	freq_ratio_1_7	c0_ratio_1_7	
1349418392.026908	1.001024	52.318862	37.909773	0.000000	0.999978	0.986121	0.999979	0.995506	0.999960	0.986813	0.999969	0.986080	0.999996	0.986158	0.995416	0.000952	0.975505	0.000155	0.991919	0.000466	1349418392.027080	1.000426	54.466861	40.165596	0.000000	0.999928	0.987696	0.999982	0.987029	1.000001	0.987250	0.999973	0.967131	0.996077	0.000117	1.001182	0.000086	1.001746	0.000117	0.999912	0.988226	
1349418393.026909	1.000001	52.990565	38.503625	0.000000	0.999999	0.999874	0.999998	0.999841	1.000000	0.999863	0.999998	0.999784	1.000000	0.999747	0.999709	0.000821	1.027383	0.000009	1.000404	0.000411	1349418393.027101	1.000021	55.072438	40.704438	0.000000	1.000000	0.999893	1.000000	0.999871	1.000000	0.999832	1.000000	0.999796	0.994300	0.000145	1.001959	0.000007	1.000284	0.000007	1.000000	1.000000	
1349418394.026911	1.000002	53.056661	38.563495	0.000000	1.000000	1.000001	1.000002	0.999944	1.000001	1.000001	1.000002	0.999869	1.000000	0.999837	0.999802	0.000915	0.997671	0.000111	0.999490	0.000336	1349418394.027085	0.999984	55.046915	40.670984	0.000000	1.000000	1.000000	1.000000	1.000000	1.000000	1.000000	1.000000	0.999924	1.000857	0.001119	0.999935	0.000089	0.999994	0.002605	1.000000	1.000000	
1349418395.026905	0.999994	53.084530	38.589738	0.000000	1.000000	0.999812	1.000000	0.999786	1.000000	0.999800	1.000000	0.999667	1.000000	0.999697	1.000350	0.000889	1.025953	0.000009	1.000010	0.000422	1349418395.027075	0.999990	55.017595	40.636363	0.000000	1.000000	0.999829	1.000000	0.999804	1.000000	0.999767	1.000000	0.999685	0.999453	0.000065	1.000492	0.000007	1.001404	0.000007	1.000000	1.000000	
1349418396.026912	1.000007	53.050140	38.568795	0.000000	1.000000	1.000000	1.000000	0.999949	1.000000	1.000000	1.000000	1.000000	1.000000	0.999927	1.000067	0.000938	0.998765	0.000121	1.000653	0.000336	1349418396.027088	1.000013	55.050120	40.667054	0.000000	1.000000	1.000000	1.000000	1.000000	1.000000	1.000000	1.000000	1.000000	0.989767	0.000087	1.000251	0.000083	0.999942	0.000087	1.000000	1.000000	
1349418397.026911	0.999999	53.119542	38.623313	0.000000	1.000000	1.000000	1.000000	0.999998	1.000000	1.000000	1.000000	0.999982	1.000000	0.999990	0.999885	0.000887	0.988616	0.000009	0.999435	0.000377	1349418397.027081	0.999993	55.012465	40.640387	0.000000	1.000000	1.000000	1.000000	1.000000	1.000000	0.999992	1.000000	0.999990	1.006362	0.000142	0.993136	0.000007	0.998450	0.000007	1.000000	1.000000	
1349418398.026909	0.999998	53.105921	38.611371	0.000000	0.999999	0.999730	1.000000	0.999699	1.000000	0.999706	1.000000	0.999660	1.000000	0.999645	1.000142	0.001084	0.994823	0.000097	0.999840	0.000356	1349418398.027085	1.000004	55.048040	40.665973	0.000000	1.000000	0.999742	1.000000	0.999720	1.000000	0.999684	1.000000	0.999669	0.992569	0.000120	0.989997	0.000072	1.000145	0.000101	1.000000	1.000000	
1349418399.026902	0.999993	715790241.952383	715812245.674787	715832834.089187	0.999970	1.000019	0.999972	1.000039	0.999973	1.000038	0.999972	1.000026	0.999972	1.000030	0.999974	1.000022	0.999971	1.000023	0.999974	1.000037	1349418399.027016	0.999931	715870229.062715	715839756.596281	715877210.787139	0.999974	1.000036	0.999968	1.000023	3.894150	0.256799	0.999971	1.000024	0.999971	1.000026	0.999976	1.000031	0.999971	1.000024	0.999974	1.000035	
1349418400.026978	1.000076	0.000000	0.000000	0.000000	-nan	-nan	-nan	-nan	1.000008	inf	-nan	-nan	-nan	0.000000	-nan	-nan	-nan	-nan	-nan	-nan	1349418400.027060	1.000044	0.000000	0.000000	0.000000	-nan	-nan	-nan	-nan	1.345745	inf	-nan	-nan	-nan	-nan	-nan	-nan	-nan	-nan	-nan	-nan	
