ts_0	elapsed_0	pkg_0	pp0_0	dram_0	freq_ratio_0_0	c0_ratio_0_0	freq_ratio_0_1	c0_ratio_0_1	freq_ratio_0_2	c0_ratio_0_2	freq_ratio_0_3	c0_ratio_0_3	freq_ratio_0_4	c0_ratio_0_4	freq_ratio_0_5	c0_ratio_0_5	freq_ratio_0_6	c0_ratio_0_6	freq_ratio_0_7	c0_ratio_0_7	ts_1	elapsed_1	pkg_1	pp0_1	dram_1	freq_ratio_1_0	c0_ratio_1_0	freq_ratio_1_1	c0_ratio_1_1	freq_ratio_1_2	c0_ratio_1_2	freq_ratio_1_3	c0_ratio_1_3	freq_ratio_1_4	c0_ratio_1_4	freq_ratio_1_5	c0_ratio_1_5	freq_ratio_1_6	c0_ratio_1_6	freq_ratio_1_7	c0_ratio_1_7	
1349418392.022777	1.001356	47.145503	33.371393	0.000000	0.999990	0.995471	0.999759	0.976915	0.999931	0.976226	0.999996	0.975465	0.994778	0.000839	0.998199	0.002341	0.998743	0.002992	0.844418	0.000148	1349418392.022971	1.000458	61.721792	47.621851	0.000000	0.999967	0.984158	0.999966	0.983802	1.000001	0.983518	0.999980	0.976643	1.000001	0.976542	0.969184	0.000679	1.001413	0.000222	0.999767	0.984938	
1349418393.022775	0.999998	47.835724	34.029484	0.000000	0.999999	0.999229	1.000000	0.999151	1.000000	0.999095	1.000000	0.999078	1.000164	0.000432	0.999981	0.002911	0.999961	0.001128	0.982575	0.000009	1349418393.022973	1.000002	62.719180	48.574004	0.000000	1.000000	0.999207	1.000000	0.999138	1.000000	0.999135	1.000000	0.999124	1.000000	0.999149	0.981988	0.000070	0.999544	0.000070	1.000000	1.000000	
1349418394.022772	0.999997	47.862880	34.050978	0.000000	1.000000	0.999992	1.000000	0.999917	1.000000	0.999962	1.000000	0.999849	0.999924	0.000400	1.000006	0.002979	0.999926	0.000245	1.001423	0.000089	1349418394.022961	0.999988	62.788834	48.632980	0.000000	1.000000	1.000000	1.000000	0.999991	1.000000	0.999991	1.000000	0.999982	1.000000	1.000000	1.005732	0.000101	0.992971	0.000008	1.000000	1.000000	
1349418395.022772	1.000000	47.917175	34.104111	0.000000	1.000000	1.000000	1.000000	0.999958	1.000000	0.999998	1.000000	0.999928	1.000069	0.000470	0.999966	0.002815	1.000078	0.000236	0.999147	0.000009	1349418395.022966	1.000005	62.807028	48.648072	0.000000	1.000000	1.000000	1.000000	1.000000	1.000000	1.000000	1.000000	1.000000	1.000000	1.000000	1.002495	0.000012	1.000810	0.000087	1.000000	1.000000	
1349418396.022773	1.000001	47.889420	34.086546	0.000000	1.000000	1.000000	1.000000	0.999851	1.000000	0.999968	1.000000	0.999747	0.999977	0.000408	0.999988	0.002840	1.000137	0.000306	1.000132	0.000085	1349418396.022965	0.999999	62.816329	48.656357	0.000000	1.000000	1.000000	1.000000	1.000000	1.000000	1.000000	1.000000	0.999952	1.000000	1.000000	1.004557	0.000205	0.990004	0.000007	1.000000	1.000000	
1349418397.022772	0.999999	47.953125	34.135546	0.000000	1.000000	0.999535	1.000000	0.999467	1.000000	0.999460	1.000000	0.999368	1.000024	0.000390	0.999983	0.002728	0.999839	0.000221	0.983004	0.000009	1349418397.022964	0.999999	62.746062	48.599213	0.000000	1.000000	0.999535	1.000000	0.999428	1.000000	0.999499	1.000000	0.999456	1.000000	0.999498	0.998109	0.000056	1.000824	0.000084	1.000000	1.000000	
1349418398.022774	1.000002	47.956589	34.135265	0.000000	1.000000	0.998919	1.000000	0.998783	1.000000	0.998857	1.000000	0.998671	0.999992	0.000482	0.999986	0.002881	1.000052	0.001089	0.995871	0.000099	1349418398.022969	1.000005	62.776694	48.617402	0.000000	1.000000	0.998920	1.000000	0.998875	1.000000	0.998873	1.000000	0.998820	1.000000	0.998896	1.000280	0.000101	1.001133	0.000008	1.000000	1.000000	
1349418399.022770	0.999996	715769207.561291	715783155.601222	715830786.066720	0.999970	1.000018	0.999972	1.000042	0.999975	1.000047	0.999969	1.000016	0.999972	1.000032	0.999974	1.000024	0.999972	1.000029	0.999972	1.000029	1349418399.022890	0.999921	715857028.394420	715869475.911373	715884379.846848	0.999973	1.000033	0.999968	1.000024	3.894260	0.256788	0.999973	1.000034	0.999970	1.000021	0.999977	1.000034	0.999969	1.000018	0.999975	1.000040	
1349418400.022931	1.000161	0.000000	0.000000	0.000000	-nan	-nan	-nan	-nan	1.000008	inf	-nan	-nan	-nan	0.000000	-nan	-nan	-nan	-nan	-nan	-nan	1349418400.023028	1.000138	0.000000	0.000000	0.000000	-nan	-nan	-nan	-nan	1.345745	inf	-nan	-nan	-nan	-nan	-nan	-nan	-nan	-nan	-nan	-nan	
