ts_0	elapsed_0	pkg_0	pp0_0	dram_0	freq_ratio_0_0	c0_ratio_0_0	freq_ratio_0_1	c0_ratio_0_1	freq_ratio_0_2	c0_ratio_0_2	freq_ratio_0_3	c0_ratio_0_3	freq_ratio_0_4	c0_ratio_0_4	freq_ratio_0_5	c0_ratio_0_5	freq_ratio_0_6	c0_ratio_0_6	freq_ratio_0_7	c0_ratio_0_7	ts_1	elapsed_1	pkg_1	pp0_1	dram_1	freq_ratio_1_0	c0_ratio_1_0	freq_ratio_1_1	c0_ratio_1_1	freq_ratio_1_2	c0_ratio_1_2	freq_ratio_1_3	c0_ratio_1_3	freq_ratio_1_4	c0_ratio_1_4	freq_ratio_1_5	c0_ratio_1_5	freq_ratio_1_6	c0_ratio_1_6	freq_ratio_1_7	c0_ratio_1_7	
1350062321.768268	1.000154	73.915862	60.786796	6.120334	1.000000	1.000000	1.000000	1.000000	1.000000	1.000000	1.000000	1.000000	1.000000	1.000000	1.000000	1.000000	1.000000	1.000000	1.000000	1.000000	1350062321.768306	1.000143	60.015722	46.851055	2.353210	1.000000	1.000000	1.000000	1.000000	1.000000	1.000000	1.000000	1.000000	1.000000	1.000000	1.000000	1.000000	0.999934	0.003063	0.999275	0.000878	
1350062322.768266	0.999998	74.115452	61.004953	6.115231	1.000000	1.000000	1.000000	1.000000	1.000000	1.000000	1.000000	1.000000	1.000000	1.000000	1.000000	1.000000	1.000000	1.000000	1.000000	1.000000	1350062322.768302	0.999996	60.229065	47.052544	2.098214	1.000000	1.000000	1.000000	1.000000	1.000000	1.000000	1.000000	1.000000	1.000000	1.000000	1.000000	1.000000	0.999919	0.002220	0.999990	0.001527	
1350062323.768272	1.000006	74.101243	61.002856	6.102869	1.000000	1.000000	1.000000	1.000000	1.000000	1.000000	1.000000	1.000000	1.000000	1.000000	1.000000	1.000000	1.000000	1.000000	1.000000	1.000000	1350062323.768307	1.000005	60.705873	47.523596	2.728334	1.000000	1.000000	1.000000	1.000000	1.000000	1.000000	1.000000	1.000000	1.000000	1.000000	1.000000	1.000000	1.000017	0.007515	1.000241	0.000410	
1350062324.768265	0.999993	74.241923	61.129085	6.121441	1.000000	1.000000	1.000000	1.000000	1.000000	1.000000	1.000000	1.000000	1.000000	1.000000	1.000000	1.000000	1.000000	1.000000	1.000000	1.000000	1350062324.768298	0.999991	60.461073	47.286256	2.702036	1.000000	1.000000	1.000000	1.000000	1.000000	1.000000	1.000000	1.000000	1.000000	1.000000	1.000000	1.000000	0.999996	0.005405	0.999737	0.000472	
1350062325.768265	1.000000	74.227371	61.113495	6.115234	1.000000	1.000000	1.000000	1.000000	1.000000	1.000000	1.000000	1.000000	1.000000	1.000000	1.000000	1.000000	1.000000	1.000000	1.000000	1.000000	1350062325.768301	1.000003	60.767756	47.578176	2.728339	1.000000	1.000000	1.000000	1.000000	1.000000	1.000000	1.000000	1.000000	1.000000	1.000000	1.000000	1.000000	0.999944	0.006494	1.000078	0.001944	
1350062326.768265	1.000000	74.239746	61.125854	6.102905	1.000000	1.000000	1.000000	1.000000	1.000000	1.000000	1.000000	1.000000	1.000000	1.000000	1.000000	1.000000	1.000000	1.000000	1.000000	1.000000	1350062326.768299	0.999998	60.778314	47.585494	2.706808	1.000000	1.000000	1.000000	1.000000	1.000000	1.000000	1.000000	1.000000	1.000000	1.000000	1.000000	1.000000	0.999983	0.008190	0.999727	0.000575	
1350062327.768265	1.000000	74.244186	61.129547	6.127563	1.000000	1.000000	1.000000	1.000000	1.000000	1.000000	1.000000	1.000000	1.000000	1.000000	1.000000	1.000000	1.000000	1.000000	1.000000	1.000000	1350062327.768301	1.000002	60.479011	47.286531	2.694331	1.000000	1.000000	1.000000	1.000000	1.000000	1.000000	1.000000	1.000000	1.000000	1.000000	1.000000	1.000000	0.999926	0.005318	1.000027	0.000752	
1350062328.768265	1.000000	74.258194	61.142532	6.115234	1.000000	1.000000	1.000000	1.000000	1.000000	1.000000	1.000000	1.000000	1.000000	1.000000	1.000000	1.000000	1.000000	1.000000	1.000000	1.000000	1350062328.768299	0.999998	60.573983	47.381316	2.611333	1.000000	1.000000	1.000000	1.000000	1.000000	1.000000	1.000000	1.000000	1.000000	1.000000	1.000000	1.000000	1.000025	0.005083	0.999619	0.000903	
1350062329.768265	1.000000	74.288086	61.171570	6.115234	1.000000	1.000000	1.000000	1.000000	1.000000	1.000000	1.000000	1.000000	1.000000	1.000000	1.000000	1.000000	1.000000	1.000000	1.000000	1.000000	1350062329.768300	1.000001	60.522174	47.329697	2.700391	1.000000	1.000000	1.000000	1.000000	1.000000	1.000000	1.000000	1.000000	1.000000	1.000000	1.000000	1.000000	0.999962	0.004985	1.000308	0.001302	
1350062330.768265	1.000000	74.323044	61.207703	6.121399	1.000000	1.000000	1.000000	1.000000	1.000000	1.000000	1.000000	1.000000	1.000000	1.000000	1.000000	1.000000	1.000000	1.000000	1.000000	1.000000	1350062330.768299	0.999999	60.827069	47.635376	2.712207	1.000000	1.000000	1.000000	1.000000	1.000000	1.000000	1.000000	1.000000	1.000000	1.000000	1.000000	1.000000	0.999959	0.008099	0.999857	0.000815	
1350062331.768276	1.000011	69.360537	56.247338	6.102838	0.999993	0.236823	0.999999	0.999999	0.999999	0.999999	0.999999	0.999999	0.999999	0.999999	0.999999	0.999999	0.999999	0.999999	0.999999	0.999999	1350062331.768389	1.000090	65.327228	52.132399	3.075133	1.000000	1.000000	1.000000	1.000001	1.000000	1.000001	1.000000	1.000000	1.000000	1.000001	1.000000	1.000001	1.000003	0.768268	1.000210	0.002043	
1350062332.768265	0.999989	67.768443	54.655308	6.109137	0.999915	0.003166	1.000000	1.000000	1.000000	1.000000	1.000000	1.000000	1.000000	1.000000	1.000000	1.000000	1.000000	1.000000	1.000000	1.000000	1350062332.768356	0.999967	66.690274	53.488012	3.015205	1.000000	1.000000	1.000000	1.000000	1.000000	1.000000	1.000000	1.000000	1.000000	1.000000	1.000000	1.000000	1.000000	1.000000	0.999928	0.002427	
1350062333.768264	0.999999	67.569233	54.470099	6.127569	1.000035	0.001548	0.999999	1.000000	1.000000	1.000000	0.999999	0.999999	1.000000	1.000000	1.000000	1.000000	1.000000	1.000000	1.000000	1.000000	1350062333.768359	1.000003	66.852057	53.649950	2.720298	1.000000	1.000000	1.000000	1.000000	1.000000	1.000000	1.000000	1.000000	1.000000	1.000000	1.000000	1.000000	1.000000	1.000000	1.000020	0.004919	
1350062334.768264	1.000000	67.721100	54.611282	6.115234	0.999951	0.002107	1.000001	1.000000	1.000000	1.000000	1.000001	1.000000	1.000000	1.000000	1.000000	1.000000	1.000000	1.000000	1.000000	1.000000	1350062334.768356	0.999997	66.634224	53.439069	2.961099	1.000000	1.000000	1.000000	1.000000	1.000000	1.000000	1.000000	1.000000	1.000000	1.000000	1.000000	1.000000	1.000000	1.000000	0.999995	0.004743	
1350062335.768265	1.000001	67.886288	54.772516	6.132273	0.999995	0.008571	1.000000	1.000000	1.000000	1.000000	1.000000	1.000000	1.000000	1.000000	1.000000	1.000000	1.000000	1.000000	1.000000	1.000000	1350062335.768357	1.000001	66.469495	53.256160	3.415066	1.000000	1.000000	1.000000	1.000000	1.000000	1.000000	1.000000	1.000000	1.000000	1.000000	1.000000	1.000000	1.000000	1.000000	0.999996	0.005521	
1350062336.768264	0.999999	67.805210	54.693152	6.102911	1.000008	0.003442	1.000000	1.000000	1.000000	1.000000	1.000000	1.000000	1.000000	1.000000	1.000000	1.000000	1.000000	1.000000	1.000000	1.000000	1350062336.768358	1.000001	66.504835	53.287287	3.269116	1.000000	1.000000	1.000000	1.000000	1.000000	1.000000	1.000000	1.000000	1.000000	1.000000	1.000000	1.000000	1.000000	1.000000	0.999964	0.004237	
1350062337.768265	1.000001	67.492535	54.383188	6.109064	1.000001	0.004383	1.000000	1.000000	1.000000	1.000000	1.000000	1.000000	1.000000	1.000000	1.000000	1.000000	1.000000	1.000000	1.000000	1.000000	1350062337.768358	1.000000	66.133408	52.914001	3.302002	1.000000	1.000000	1.000000	1.000000	1.000000	1.000000	1.000000	1.000000	1.000000	1.000000	1.000000	1.000000	1.000000	1.000000	1.000008	0.003272	
1350062338.768264	0.999999	67.637317	54.525260	6.109076	0.999846	0.001158	1.000000	1.000000	1.000000	1.000000	1.000000	1.000000	1.000000	1.000000	1.000000	1.000000	1.000000	1.000000	1.000000	1.000000	1350062338.768358	1.000000	66.757553	53.537445	2.704391	1.000000	1.000000	1.000000	1.000000	1.000000	1.000000	1.000000	1.000000	1.000000	1.000000	1.000000	1.000000	1.000000	1.000000	1.000019	0.005293	
1350062339.768264	1.000000	67.657913	54.547989	6.121399	1.000091	0.001352	1.000000	1.000000	1.000000	1.000000	1.000000	1.000000	1.000000	1.000000	1.000000	1.000000	1.000000	1.000000	1.000000	1.000000	1350062339.768355	0.999997	66.956750	53.739577	2.699090	1.000000	1.000000	1.000000	1.000000	1.000000	1.000000	1.000000	1.000000	1.000000	1.000000	1.000000	1.000000	1.000000	1.000000	0.999988	0.006708	
1350062340.768264	1.000000	67.688263	54.577606	6.109070	0.999967	0.001348	1.000000	1.000000	1.000000	1.000000	1.000000	1.000000	1.000000	1.000000	1.000000	1.000000	1.000000	1.000000	1.000000	1.000000	1350062340.768381	1.000026	66.756596	53.541074	2.705206	1.000000	1.000000	1.000000	1.000000	1.000000	1.000000	1.000000	1.000000	1.000000	1.000000	1.000000	1.000000	1.000000	1.000000	1.000018	0.004994	
1350062341.768265	1.000001	67.794216	54.696451	6.109064	0.999976	0.005746	1.000000	1.000000	1.000000	1.000000	1.000000	1.000000	1.000000	1.000000	1.000000	1.000000	1.000000	1.000000	1.000000	1.000000	1350062341.768365	0.999984	66.527689	53.310346	2.928010	1.000000	1.000000	1.000000	1.000000	1.000000	1.000000	1.000000	1.000000	1.000000	1.000000	1.000000	1.000000	1.000000	1.000000	0.999964	0.002406	
1350062342.768264	0.999999	67.747669	54.637595	6.121405	1.000029	0.002042	1.000000	1.000000	1.000000	1.000000	1.000000	1.000000	1.000000	1.000000	1.000000	1.000000	1.000000	1.000000	1.000000	1.000000	1350062342.768354	0.999989	66.622709	53.403967	2.609694	1.000000	1.000000	1.000000	1.000000	1.000000	1.000000	1.000000	1.000000	1.000000	1.000000	1.000000	1.000000	1.000000	1.000000	1.000013	0.003479	
1350062343.768265	1.000001	67.703701	54.591409	6.102899	0.999995	0.001332	1.000000	1.000000	1.000000	1.000000	1.000000	1.000000	1.000000	1.000000	1.000000	1.000000	1.000000	1.000000	1.000000	1.000000	1350062343.768365	1.000011	66.815231	53.609748	2.695344	1.000000	1.000000	1.000000	1.000000	1.000000	1.000000	1.000000	1.000000	1.000000	1.000000	1.000000	1.000000	1.000000	1.000000	1.000003	0.005971	
1350062344.768264	0.999999	67.687107	54.576880	6.109076	0.999969	0.001151	1.000000	1.000000	1.000000	1.000000	1.000000	1.000000	1.000000	1.000000	1.000000	1.000000	1.000000	1.000000	1.000000	1.000000	1350062344.768358	0.999993	66.924413	53.698980	2.706592	1.000000	1.000000	1.000000	1.000000	1.000000	1.000000	1.000000	1.000000	1.000000	1.000000	1.000000	1.000000	1.000000	1.000000	0.999985	0.006060	
1350062345.768265	1.000001	67.712948	54.605096	6.115229	1.000232	0.001287	1.000000	1.000000	1.000000	1.000000	1.000000	1.000000	1.000000	1.000000	1.000000	1.000000	1.000000	1.000000	1.000000	1.000000	1350062345.768351	0.999993	66.905583	53.680043	2.706424	1.000000	1.000000	1.000000	1.000000	1.000000	1.000000	1.000000	1.000000	1.000000	1.000000	1.000000	1.000000	1.000000	1.000000	0.999994	0.006068	
1350062346.768264	0.999999	67.809421	54.702368	6.109045	0.999851	0.003038	1.000000	1.000000	1.000000	1.000000	1.000000	1.000000	1.000000	1.000000	1.000000	1.000000	1.000000	1.000000	1.000000	1.000000	1350062346.768355	1.000004	67.029040	53.803325	2.955615	1.000000	1.000000	1.000000	1.000000	1.000000	1.000000	1.000000	1.000000	1.000000	1.000000	1.000000	1.000000	1.000000	1.000000	1.000009	0.006729	
1350062347.768265	1.000001	67.957439	54.847207	6.115198	1.000030	0.004679	1.000000	1.000000	1.000000	1.000000	1.000000	1.000000	1.000000	1.000000	1.000000	1.000000	1.000000	1.000000	1.000000	1.000000	1350062347.768358	1.000003	66.912222	53.688142	3.089972	1.000000	1.000000	1.000000	1.000000	1.000000	1.000000	1.000000	1.000000	1.000000	1.000000	1.000000	1.000000	1.000000	1.000000	1.000023	0.005800	
1350062348.768264	0.999999	67.773350	54.661017	6.115240	0.999876	0.001197	1.000000	1.000000	1.000000	1.000000	1.000000	1.000000	1.000000	1.000000	1.000000	1.000000	1.000000	1.000000	1.000000	1.000000	1350062348.768357	0.999999	66.930255	53.708868	2.708895	1.000000	1.000000	1.000000	1.000000	1.000000	1.000000	1.000000	1.000000	1.000000	1.000000	1.000000	1.000000	1.000000	1.000000	1.000006	0.006135	
1350062349.768264	1.000000	67.787750	54.675568	6.102905	1.000071	0.001291	1.000000	1.000000	1.000000	1.000000	1.000000	1.000000	1.000000	1.000000	1.000000	1.000000	1.000000	1.000000	1.000000	1.000000	1350062349.768358	1.000001	67.063001	53.839640	2.698713	1.000000	1.000000	1.000000	1.000000	1.000000	1.000000	1.000000	1.000000	1.000000	1.000000	1.000000	1.000000	1.000000	1.000000	1.000011	0.007207	
1350062350.768264	1.000000	67.998428	54.898071	6.121399	0.999994	0.005294	1.000000	1.000000	1.000000	1.000000	1.000000	1.000000	1.000000	1.000000	1.000000	1.000000	1.000000	1.000000	1.000000	1.000000	1350062350.768354	0.999996	66.582210	53.358279	3.483870	1.000000	1.000000	1.000000	1.000000	1.000000	1.000000	1.000000	1.000000	1.000000	1.000000	1.000000	1.000000	1.000000	1.000000	0.999977	0.002805	
1350062351.768265	1.000001	67.957943	54.845025	6.121393	0.999975	0.005794	1.000000	1.000000	1.000000	1.000000	1.000000	1.000000	1.000000	1.000000	1.000000	1.000000	1.000000	1.000000	1.000000	1.000000	1350062351.768357	1.000003	66.588157	53.362109	3.199346	1.000000	1.000000	1.000000	1.000000	1.000000	1.000000	1.000000	1.000000	1.000000	1.000000	1.000000	1.000000	1.000000	1.000000	1.000004	0.002964	
1350062352.768264	0.999999	67.780857	54.667823	6.109076	1.000067	0.001819	1.000000	1.000000	1.000000	1.000000	1.000000	1.000000	1.000000	1.000000	1.000000	1.000000	1.000000	1.000000	1.000000	1.000000	1350062352.768354	0.999997	66.596444	53.384183	2.763116	1.000000	1.000000	1.000000	1.000000	1.000000	1.000000	1.000000	1.000000	1.000000	1.000000	1.000000	1.000000	1.000000	1.000000	0.999962	0.003747	
1350062353.768274	1.000010	715767684.743742	715768157.071624	715774081.090718	0.999988	1.000201	0.999985	1.000202	0.999995	1.000199	0.999988	1.000200	0.999988	1.000202	0.999990	1.000198	0.999988	1.000202	0.999988	1.000200	1350062353.769458	1.001104	715015213.451784	714972653.266915	714982592.212016	0.999987	1.000199	0.999985	1.000202	3.893192	0.256909	0.999988	1.000200	0.999988	1.000202	0.999990	1.000198	0.999988	1.000203	0.999988	1.000201	
