ts_0	elapsed_0	pkg_0	pp0_0	dram_0	freq_ratio_0_0	c0_ratio_0_0	freq_ratio_0_1	c0_ratio_0_1	freq_ratio_0_2	c0_ratio_0_2	freq_ratio_0_3	c0_ratio_0_3	freq_ratio_0_4	c0_ratio_0_4	freq_ratio_0_5	c0_ratio_0_5	freq_ratio_0_6	c0_ratio_0_6	freq_ratio_0_7	c0_ratio_0_7	ts_1	elapsed_1	pkg_1	pp0_1	dram_1	freq_ratio_1_0	c0_ratio_1_0	freq_ratio_1_1	c0_ratio_1_1	freq_ratio_1_2	c0_ratio_1_2	freq_ratio_1_3	c0_ratio_1_3	freq_ratio_1_4	c0_ratio_1_4	freq_ratio_1_5	c0_ratio_1_5	freq_ratio_1_6	c0_ratio_1_6	freq_ratio_1_7	c0_ratio_1_7	
1350062321.768776	1.000163	73.362746	60.092098	6.120401	1.000000	1.000000	1.000000	1.000000	1.000000	1.000000	1.000000	1.000000	1.000000	1.000000	1.000000	1.000000	1.000000	1.000000	1.000000	1.000000	1350062321.768820	1.000161	60.526713	47.460822	2.864011	1.000000	1.000000	1.000000	1.000000	1.000000	1.000000	1.000000	1.000000	1.000000	1.000000	1.000000	1.000000	0.999982	0.005536	0.999992	0.000444	
1350062322.768766	0.999990	73.661962	60.379648	6.102966	1.000000	1.000000	1.000000	1.000000	1.000000	1.000000	1.000000	1.000000	1.000000	1.000000	1.000000	1.000000	1.000000	1.000000	1.000000	1.000000	1350062322.768800	0.999980	60.570808	47.518240	2.703362	1.000000	1.000000	1.000000	1.000000	1.000000	1.000000	1.000000	1.000000	1.000000	1.000000	1.000000	1.000000	0.999956	0.003699	0.999958	0.000352	
1350062323.768766	1.000000	73.782410	60.496750	6.084412	1.000000	1.000000	1.000000	1.000000	1.000000	1.000000	1.000000	1.000000	1.000000	1.000000	1.000000	1.000000	1.000000	1.000000	1.000000	1.000000	1350062323.768807	1.000007	60.738182	47.703177	2.705365	1.000000	1.000000	1.000000	1.000000	1.000000	1.000000	1.000000	1.000000	1.000000	1.000000	1.000000	1.000000	0.999960	0.005223	0.999136	0.000276	
1350062324.768766	1.000000	73.847778	60.558258	6.108902	1.000000	1.000000	1.000000	1.000000	1.000000	1.000000	1.000000	1.000000	1.000000	1.000000	1.000000	1.000000	1.000000	1.000000	1.000000	1.000000	1350062324.768799	0.999992	60.794728	47.745321	2.733802	1.000000	0.999995	1.000000	1.000000	1.000000	1.000000	1.000000	1.000000	1.000000	1.000000	1.000000	1.000000	0.999996	0.004391	1.000494	0.000458	
1350062325.768766	1.000000	73.887375	60.596603	6.121399	1.000000	1.000000	1.000000	1.000000	1.000000	1.000000	1.000000	1.000000	1.000000	1.000000	1.000000	1.000000	1.000000	1.000000	1.000000	1.000000	1350062325.768801	1.000002	61.072348	48.022110	2.704875	1.000000	1.000006	1.000000	1.000000	1.000000	1.000000	1.000000	1.000000	1.000000	1.000000	1.000000	1.000000	0.999954	0.006557	0.999991	0.000504	
1350062326.768766	1.000000	73.827438	60.547165	6.115234	1.000000	1.000000	1.000000	1.000000	1.000000	1.000000	1.000000	1.000000	1.000000	1.000000	1.000000	1.000000	1.000000	1.000000	1.000000	1.000000	1350062326.768799	0.999998	60.990137	47.938293	2.724187	1.000000	1.000000	1.000000	1.000000	1.000000	1.000000	1.000000	1.000000	1.000000	1.000000	1.000000	1.000000	1.000007	0.006030	1.000126	0.000527	
1350062327.768766	1.000000	73.943558	60.646439	6.115234	1.000000	1.000000	1.000000	1.000000	1.000000	1.000000	1.000000	1.000000	1.000000	1.000000	1.000000	1.000000	1.000000	1.000000	1.000000	1.000000	1350062327.768800	1.000001	60.902591	47.847107	2.706830	1.000000	1.000000	1.000000	1.000000	1.000000	1.000000	1.000000	1.000000	1.000000	1.000000	1.000000	1.000000	0.999940	0.004851	0.999848	0.000626	
1350062328.768765	0.999999	73.927408	60.627560	6.109076	1.000000	1.000000	1.000000	1.000000	1.000000	1.000000	1.000000	1.000000	1.000000	1.000000	1.000000	1.000000	1.000000	1.000000	1.000000	1.000000	1350062328.768799	0.999999	61.120999	48.065781	2.694949	1.000000	1.000000	1.000000	1.000000	1.000000	1.000000	1.000000	1.000000	1.000000	1.000000	1.000000	1.000000	0.999995	0.005858	0.999999	0.001860	
1350062329.768766	1.000001	73.976934	60.677890	6.133722	1.000000	1.000000	1.000000	1.000000	1.000000	1.000000	1.000000	1.000000	1.000000	1.000000	1.000000	1.000000	1.000000	1.000000	1.000000	1.000000	1350062329.768800	1.000001	60.959323	47.906418	2.711103	1.000000	1.000000	1.000000	1.000000	1.000000	1.000000	1.000000	1.000000	1.000000	1.000000	1.000000	1.000000	0.999976	0.005453	1.000163	0.000392	
1350062330.768765	0.999999	74.035257	60.737317	6.096747	1.000000	1.000000	1.000000	1.000000	1.000000	1.000000	1.000000	1.000000	1.000000	1.000000	1.000000	1.000000	1.000000	1.000000	1.000000	1.000000	1350062330.768799	0.999999	60.984723	47.928238	2.708621	1.000000	1.000000	1.000000	1.000000	1.000000	1.000000	1.000000	1.000000	1.000000	1.000000	1.000000	1.000000	0.999969	0.005468	1.000007	0.000520	
1350062331.768766	1.000001	74.068838	60.763705	6.115229	1.000000	1.000000	1.000000	1.000000	1.000000	1.000000	1.000000	1.000000	1.000000	1.000000	1.000000	1.000000	1.000000	1.000000	1.000000	1.000000	1350062331.768800	1.000001	60.858524	47.815979	2.704801	1.000000	1.000000	1.000000	1.000000	1.000000	1.000000	1.000000	1.000000	1.000000	1.000000	1.000000	1.000000	0.999959	0.004267	0.999381	0.000582	
1350062332.768765	0.999999	74.090921	60.782346	6.115240	1.000000	1.000000	1.000000	1.000000	1.000000	1.000000	1.000000	1.000000	1.000000	1.000000	1.000000	1.000000	1.000000	1.000000	1.000000	1.000000	1350062332.768798	0.999998	61.116602	48.047943	2.714086	1.000000	1.000000	1.000000	1.000000	1.000000	1.000000	1.000000	1.000000	1.000000	1.000000	1.000000	1.000000	0.999974	0.006069	1.000473	0.000725	
1350062333.768766	1.000001	74.070791	60.759586	6.121393	1.000000	1.000000	1.000000	1.000000	1.000000	1.000000	1.000000	1.000000	1.000000	1.000000	1.000000	1.000000	1.000000	1.000000	1.000000	1.000000	1350062333.768799	1.000001	60.962314	47.905930	2.709546	1.000000	0.999995	1.000000	1.000000	1.000000	1.000000	1.000000	1.000000	1.000000	1.000000	1.000000	1.000000	0.999990	0.002148	0.999945	0.004377	
1350062334.768765	0.999999	73.972422	60.674527	6.121405	1.000000	1.000000	1.000000	1.000000	1.000000	1.000000	1.000000	1.000000	1.000000	1.000000	1.000000	1.000000	1.000000	1.000000	1.000000	1.000000	1350062334.768799	1.000000	60.971573	47.929764	2.714737	1.000000	1.000005	1.000000	1.000000	1.000000	1.000000	1.000000	1.000000	1.000000	1.000000	1.000000	1.000000	0.999942	0.002202	0.999976	0.004850	
1350062335.768766	1.000001	74.062353	60.747440	6.078241	1.000000	1.000000	1.000000	1.000000	1.000000	1.000000	1.000000	1.000000	1.000000	1.000000	1.000000	1.000000	1.000000	1.000000	1.000000	1.000000	1350062335.768799	1.000000	61.018051	47.962814	2.706268	1.000000	1.000000	1.000000	1.000000	1.000000	1.000000	1.000000	1.000000	1.000000	1.000000	1.000000	1.000000	1.000000	0.004676	0.999913	0.001922	
1350062336.768766	1.000000	74.057755	60.739334	6.109070	1.000000	1.000000	1.000000	1.000000	1.000000	1.000000	1.000000	1.000000	1.000000	1.000000	1.000000	1.000000	1.000000	1.000000	1.000000	1.000000	1350062336.768799	1.000000	61.064667	48.010498	2.700653	1.000000	0.999994	1.000000	1.000000	1.000000	1.000000	1.000000	1.000000	1.000000	1.000000	1.000000	1.000000	0.999981	0.005898	1.000109	0.001250	
1350062337.768766	1.000000	73.651352	60.332794	6.127563	1.000000	1.000000	1.000000	1.000000	1.000000	1.000000	1.000000	1.000000	1.000000	1.000000	1.000000	1.000000	1.000000	1.000000	1.000000	1.000000	1350062337.768798	0.999999	60.752087	47.697738	2.711138	1.000000	1.000006	1.000000	1.000000	1.000000	1.000000	1.000000	1.000000	1.000000	1.000000	1.000000	1.000000	0.999952	0.006120	0.999945	0.000723	
1350062338.768766	1.000000	74.109787	60.783310	6.120010	1.000000	1.000000	1.000000	1.000000	1.000000	1.000000	1.000000	1.000000	1.000000	1.000000	1.000000	1.000000	1.000000	1.000000	1.000000	1.000000	1350062338.768801	1.000003	61.159173	48.103443	2.711723	1.000000	1.000000	1.000000	1.000000	1.000000	1.000000	1.000000	1.000000	1.000000	1.000000	1.000000	1.000000	0.999979	0.009574	1.000009	0.004122	
1350062339.768766	1.000000	74.114014	60.792923	6.109009	1.000000	1.000000	1.000000	1.000000	1.000000	1.000000	1.000000	1.000000	1.000000	1.000000	1.000000	1.000000	1.000000	1.000000	1.000000	1.000000	1350062339.768800	0.999999	60.797223	47.744507	2.705615	1.000000	1.000000	1.000000	1.000000	1.000000	1.000000	1.000000	1.000000	1.000000	1.000000	1.000000	1.000000	0.999967	0.001916	0.999827	0.001257	
1350062340.768765	0.999999	74.112513	60.792218	6.127569	1.000000	1.000000	1.000000	1.000000	1.000000	1.000000	1.000000	1.000000	1.000000	1.000000	1.000000	1.000000	1.000000	1.000000	1.000000	1.000000	1350062340.768810	1.000010	60.844178	47.791743	2.715702	1.000000	1.000000	1.000000	1.000000	1.000000	1.000000	1.000000	1.000000	1.000000	1.000000	1.000000	1.000000	1.000094	0.001610	1.000146	0.002113	
1350062341.768766	1.000001	74.137457	60.815356	6.115229	1.000000	1.000000	1.000000	1.000000	1.000000	1.000000	1.000000	1.000000	1.000000	1.000000	1.000000	1.000000	1.000000	1.000000	1.000000	1.000000	1350062341.768800	0.999990	60.832656	47.793905	2.705151	1.000000	0.999995	1.000000	1.000000	1.000000	1.000000	1.000000	1.000000	1.000000	1.000000	1.000000	1.000000	0.999967	0.001434	0.999980	0.003210	
1350062342.768765	0.999999	74.182276	60.858502	6.115240	1.000000	1.000000	1.000000	1.000000	1.000000	1.000000	1.000000	1.000000	1.000000	1.000000	1.000000	1.000000	1.000000	1.000000	1.000000	1.000000	1350062342.768799	0.999999	61.401304	48.347031	2.703692	1.000000	1.000005	1.000000	1.000000	1.000000	1.000000	1.000000	1.000000	1.000000	1.000000	1.000000	1.000000	1.000009	0.001496	0.999974	0.008272	
1350062343.768766	1.000001	74.078085	60.766498	6.115229	1.000000	1.000000	1.000000	1.000000	1.000000	1.000000	1.000000	1.000000	1.000000	1.000000	1.000000	1.000000	1.000000	1.000000	1.000000	1.000000	1350062343.768799	1.000000	61.458740	48.406845	2.730515	1.000000	1.000000	1.000000	1.000000	1.000000	1.000000	1.000000	1.000000	1.000000	1.000000	1.000000	1.000000	0.999787	0.001422	0.999973	0.008902	
1350062344.768765	0.999999	74.197108	60.877271	6.127569	1.000000	1.000000	1.000000	1.000000	1.000000	1.000000	1.000000	1.000000	1.000000	1.000000	1.000000	1.000000	1.000000	1.000000	1.000000	1.000000	1350062344.768798	0.999999	60.970929	47.918945	2.706561	1.000000	1.000000	1.000000	1.000000	1.000000	1.000000	1.000000	1.000000	1.000000	1.000000	1.000000	1.000000	1.000205	0.003623	1.000042	0.001818	
1350062345.768766	1.000001	74.159124	60.839648	6.121393	1.000000	1.000000	1.000000	1.000000	1.000000	1.000000	1.000000	1.000000	1.000000	1.000000	1.000000	1.000000	1.000000	1.000000	1.000000	1.000000	1350062345.768800	1.000002	60.899298	47.844559	2.700953	1.000000	1.000000	1.000000	1.000000	1.000000	1.000000	1.000000	1.000000	1.000000	1.000000	1.000000	1.000000	0.999752	0.003924	0.999990	0.001047	
1350062346.768772	1.000006	74.164582	60.839329	6.115198	1.000000	1.000000	1.000000	1.000000	1.000000	1.000000	1.000000	1.000000	1.000000	1.000000	1.000000	1.000000	1.000000	1.000000	1.000000	1.000000	1350062346.768805	1.000005	60.796387	47.741994	2.704531	1.000000	1.000000	1.000000	1.000000	1.000000	1.000000	1.000000	1.000000	1.000000	1.000000	1.000000	1.000000	1.000095	0.002231	0.999899	0.001412	
1350062347.768801	1.000029	70.035927	56.724714	6.127385	0.999995	0.387189	0.999999	0.999999	0.999999	0.999999	0.999999	0.999999	0.999999	0.999999	0.999999	0.999999	0.999999	0.999999	0.999999	0.999999	1350062347.768886	1.000081	64.763915	51.710301	2.698908	1.000000	1.000000	1.000000	1.000001	1.000001	1.000001	1.000001	1.000001	1.000001	1.000001	1.000001	1.000001	1.000004	0.613837	1.000148	0.002140	
1350062348.768767	0.999966	67.588120	54.292348	6.121608	0.999967	0.003510	1.000000	1.000000	1.000000	1.000000	1.000000	1.000000	1.000000	1.000000	1.000000	1.000000	1.000000	1.000000	1.000000	1.000000	1350062348.768857	0.999971	67.368384	54.310387	3.353949	1.000000	1.000000	1.000000	1.000000	1.000000	1.000000	1.000000	1.000000	1.000000	1.000000	1.000000	1.000000	1.000000	1.000000	0.999978	0.004504	
1350062349.768765	0.999998	67.601859	54.310437	6.096752	0.999928	0.002741	1.000000	1.000000	1.000000	1.000000	1.000000	1.000000	1.000000	1.000000	1.000000	1.000000	1.000000	1.000000	1.000000	1.000000	1350062349.768859	1.000002	67.508386	54.449206	3.170511	1.000000	1.000000	1.000000	1.000000	1.000000	1.000000	1.000000	1.000000	1.000000	1.000000	1.000000	1.000000	1.000000	1.000000	0.999997	0.004809	
1350062350.768766	1.000001	67.554364	54.263620	6.109064	1.000533	0.000227	1.000000	1.000000	1.000000	1.000000	1.000000	1.000000	1.000000	1.000000	1.000000	1.000000	1.000000	1.000000	1.000000	1.000000	1350062350.768855	0.999996	67.406233	54.358512	2.714153	1.000000	1.000000	1.000000	1.000000	1.000000	1.000000	1.000000	1.000000	1.000000	1.000000	1.000000	1.000000	1.000000	1.000000	0.999967	0.003950	
1350062351.768765	0.999999	67.505451	54.212118	6.127569	0.999954	0.000438	1.000000	1.000000	1.000000	1.000000	1.000000	1.000000	1.000000	1.000000	1.000000	1.000000	1.000000	1.000000	1.000000	1.000000	1350062351.768854	0.999999	67.445407	54.384055	2.698336	1.000000	1.000000	1.000000	1.000000	1.000000	1.000000	1.000000	1.000000	1.000000	1.000000	1.000000	1.000000	1.000000	1.000000	0.999999	0.004303	
1350062352.768766	1.000001	67.305524	54.019327	6.102899	0.999353	0.000173	1.000000	1.000000	1.000000	1.000000	1.000000	1.000000	1.000000	1.000000	1.000000	1.000000	1.000000	1.000000	1.000000	1.000000	1350062352.768861	1.000007	67.525534	54.465764	2.700482	1.000000	1.000000	1.000000	1.000000	1.000000	1.000000	1.000000	1.000000	1.000000	1.000000	1.000000	1.000000	1.000000	1.000000	0.999981	0.004933	
1350062353.768768	1.000002	715771054.039814	715807295.442842	715795460.365699	0.999988	1.000200	0.999985	1.000202	0.999995	1.000200	0.999988	1.000199	0.999988	1.000202	0.999990	1.000197	0.999988	1.000202	0.999988	1.000200	1350062353.768872	1.000011	715792114.369183	715780876.817837	715773669.610610	0.999988	1.000200	0.999985	1.000202	3.893194	0.256909	0.999988	1.000199	0.999988	1.000202	0.999990	1.000197	0.999988	1.000202	0.999988	1.000200	
