ts_0	elapsed_0	pkg_0	pp0_0	dram_0	freq_ratio_0_0	c0_ratio_0_0	freq_ratio_0_1	c0_ratio_0_1	freq_ratio_0_2	c0_ratio_0_2	freq_ratio_0_3	c0_ratio_0_3	freq_ratio_0_4	c0_ratio_0_4	freq_ratio_0_5	c0_ratio_0_5	freq_ratio_0_6	c0_ratio_0_6	freq_ratio_0_7	c0_ratio_0_7	ts_1	elapsed_1	pkg_1	pp0_1	dram_1	freq_ratio_1_0	c0_ratio_1_0	freq_ratio_1_1	c0_ratio_1_1	freq_ratio_1_2	c0_ratio_1_2	freq_ratio_1_3	c0_ratio_1_3	freq_ratio_1_4	c0_ratio_1_4	freq_ratio_1_5	c0_ratio_1_5	freq_ratio_1_6	c0_ratio_1_6	freq_ratio_1_7	c0_ratio_1_7	
1349476368.453940	1.000472	47.517058	33.404915	7.423360	0.999999	0.998787	1.000000	0.989003	0.999999	0.988805	0.999273	0.002416	1.000000	0.987950	0.995520	0.000087	0.994532	0.000097	0.994388	0.000092	1349476368.454128	1.000445	49.045868	35.162961	7.485256	1.000001	0.989199	1.000047	0.001023	1.000001	0.988210	1.000081	0.004835	1.000001	0.983405	1.001114	0.000314	1.004883	0.000096	1.000002	0.989779	
1349476369.453950	1.000010	48.157141	33.966579	7.827833	1.000000	1.000000	1.000000	1.000000	1.000001	1.000000	1.000234	0.002608	1.000000	1.000000	0.999976	0.000079	0.999926	0.002344	0.999144	0.000014	1349476369.454141	1.000013	49.402093	35.448250	7.898029	1.000000	1.000000	0.999817	0.000017	1.000000	1.000000	0.999792	0.000026	1.000000	1.000000	1.000166	0.000161	0.999889	0.000108	1.000000	1.000000	
1349476370.453937	0.999987	48.278908	34.085606	7.814434	1.000000	0.999021	0.999999	0.999007	0.999999	0.998961	1.000022	0.007675	0.999999	0.998960	0.999853	0.000084	1.001981	0.000068	1.000086	0.000090	1349476370.454123	0.999982	49.294140	35.330328	7.875232	1.000000	0.999018	0.998595	0.000089	1.000000	0.998988	0.999059	0.000091	1.000000	0.998989	0.999499	0.000221	0.999913	0.000067	1.000000	1.000000	
1349476371.453936	0.999999	49.239213	35.044330	7.792381	0.999909	0.999938	0.999909	0.999939	0.999909	0.999899	0.999828	0.006728	0.999908	0.999897	0.999766	0.003356	0.999853	0.003684	0.999848	0.003347	1349476371.454123	1.000000	49.727081	35.760513	7.889954	0.999869	0.999934	0.999870	0.003017	0.999869	0.999906	0.999827	0.002943	0.999869	0.999977	0.999916	0.004408	0.999817	0.002970	0.999869	0.999977	
1349476372.453941	1.000005	48.206546	34.025571	7.826240	0.999941	0.999075	0.999966	0.999015	0.999983	0.998991	1.000264	0.002124	0.999992	0.998935	1.000029	0.005282	1.000406	0.000064	1.001615	0.000085	1349476372.454124	1.000001	49.315627	35.348004	7.879768	1.000000	0.999068	0.998535	0.000126	1.000000	0.999021	1.000096	0.000076	1.000000	0.999069	1.000029	0.000812	1.000046	0.000067	1.000000	1.000000	
1349476373.453937	0.999996	48.283307	34.093232	7.811662	1.000000	0.999991	1.000000	0.999991	1.000000	0.999960	0.999976	0.002033	1.000000	0.999958	0.999977	0.005635	0.998061	0.000045	0.991787	0.000018	1349476373.454129	1.000005	49.293256	35.337409	7.902060	1.000000	1.000000	0.988504	0.000018	1.000000	0.999991	0.999429	0.000016	1.000000	0.999991	1.000046	0.000177	0.999568	0.000017	1.000000	1.000000	
1349476374.453938	1.000001	48.179291	33.992033	7.797066	0.999975	0.999922	0.999967	0.999931	0.999990	0.999893	0.999714	0.002582	0.999991	0.999894	0.998808	0.000447	1.001317	0.000058	0.995666	0.000079	1349476374.454140	1.000011	49.387550	35.408562	7.903401	1.000000	0.999958	1.003581	0.000103	1.000000	0.999924	1.000245	0.000074	1.000000	1.000000	0.999846	0.000221	1.000018	0.000129	1.000000	1.000000	
1349476375.453936	0.999998	48.358689	34.159764	7.822876	0.999972	0.999827	0.999973	0.999818	0.999989	0.999868	1.000155	0.003979	0.999990	0.999865	1.004099	0.000136	1.000125	0.000068	1.008848	0.000038	1349476375.454126	0.999986	49.594707	35.597974	7.860020	1.000000	0.999955	1.001334	0.000021	1.000000	0.999894	0.998156	0.000020	1.000000	1.000000	1.000008	0.002532	1.000140	0.000022	1.000000	1.000000	
1349476376.453936	1.000000	48.379868	34.180618	7.808426	1.000000	0.999994	1.000000	0.999942	1.000000	0.999943	1.000021	0.003913	1.000000	0.999912	0.994184	0.000174	0.998364	0.000062	0.997594	0.000093	1349476376.454138	1.000012	49.579884	35.582401	7.874189	1.000000	0.999992	0.999823	0.000109	1.000000	0.999957	1.000484	0.000113	1.000000	0.999981	0.999929	0.000229	1.000032	0.000109	1.000000	1.000000	
1349476377.453936	1.000000	48.464508	34.273361	7.801041	1.000001	1.000000	1.000000	1.000001	1.000000	1.000000	0.999963	0.005582	1.000000	1.000000	1.000339	0.001235	1.001462	0.000064	1.016095	0.000014	1349476377.454125	0.999987	49.583658	35.586328	7.844387	1.000000	1.000000	0.994775	0.000086	1.000000	1.000000	0.998189	0.000017	1.000000	1.000000	0.999984	0.000755	0.998128	0.000016	1.000000	1.000000	
1349476378.453938	1.000002	48.380325	34.193065	7.814103	0.999982	0.999897	0.999983	0.999919	0.999984	0.999885	1.000011	0.002807	0.999984	0.999883	1.000497	0.001118	1.000073	0.000053	1.000119	0.000088	1349476378.454127	1.000002	49.585172	35.587426	7.875275	1.000000	0.999990	1.006776	0.000079	1.000000	0.999957	1.000212	0.000075	1.000000	1.000000	1.000145	0.000213	1.000274	0.000059	1.000000	1.000000	
1349476379.453937	0.999999	48.322769	34.139040	7.799751	1.000000	0.999994	1.000000	0.999991	1.000000	0.999991	0.999983	0.002634	1.000000	0.999993	0.999947	0.000015	1.000158	0.000046	0.999108	0.000019	1349476379.454125	0.999998	49.578586	35.582465	7.867111	1.000000	1.000000	0.993991	0.000023	1.000000	0.999992	0.999475	0.000016	1.000000	1.000000	0.999815	0.000179	0.999749	0.000052	1.000000	1.000000	
1349476380.453943	1.000006	49.713952	35.528795	7.807861	1.000000	0.999986	1.000000	0.999954	1.000000	0.999955	0.999786	0.002417	1.000000	0.999954	0.999127	0.001620	0.999828	0.000056	1.000036	0.000096	1349476380.454120	0.999995	49.544438	35.560359	7.873056	1.000000	0.999992	1.000419	0.000078	1.000000	0.999963	0.999745	0.000074	1.000000	1.000000	0.999942	0.000232	1.000125	0.000068	1.000000	1.000000	
1349476381.453937	0.999994	48.284208	34.112844	7.766877	1.000000	0.999950	0.999998	0.999927	0.999999	0.999932	0.999939	0.002608	1.000000	0.999930	1.086961	0.000016	1.000122	0.000054	0.999297	0.000015	1349476381.454141	1.000021	49.614636	35.615845	7.865024	1.000000	1.000000	0.999989	0.000367	1.000000	0.999960	1.001960	0.000017	1.000000	1.000000	1.000033	0.000283	1.000045	0.000017	1.000000	1.000000	
1349476382.453936	0.999999	48.400727	34.218279	7.777946	1.000001	1.000001	1.000002	0.999956	1.000001	0.999957	1.000252	0.002400	1.000000	0.999954	0.999991	0.001686	0.999729	0.000056	1.000105	0.000088	1349476382.454128	0.999987	49.603739	35.607050	7.875515	1.000000	0.999992	0.999740	0.000150	1.000000	0.999984	0.999902	0.000083	1.000000	0.999961	1.000042	0.000779	0.999943	0.000067	1.000000	1.000000	
1349476383.453936	1.000000	48.369339	34.186523	7.774078	1.000000	0.999944	1.000000	0.999911	1.000000	0.999850	0.999900	0.002598	1.000000	0.999846	0.998345	0.000089	0.999971	0.000053	0.999931	0.000017	1349476383.454125	0.999997	49.624757	35.628574	7.889322	1.000000	0.999969	1.001673	0.000010	1.000000	0.999952	0.999671	0.000019	1.000000	0.999991	0.999482	0.000190	1.000363	0.000036	1.000000	1.000000	
1349476384.453942	1.000006	715769318.503433	715800863.350628	715796458.282127	0.999996	1.000170	0.999993	1.000172	0.999996	1.000177	0.999996	1.000169	0.999996	1.000172	0.999999	1.000167	0.999996	1.000172	0.999996	1.000169	1349476384.454055	0.999930	715836319.792802	715843344.751342	715831866.202078	0.999996	1.000170	0.999993	1.000172	3.892613	0.256941	0.999996	1.000169	0.999996	1.000172	0.999999	1.000167	0.999996	1.000172	0.999996	1.000169	
1349476385.453926	0.999984	0.000000	0.000000	0.000000	-nan	-nan	-nan	-nan	1.000008	inf	-nan	-nan	-nan	0.000000	-nan	-nan	-nan	-nan	-nan	-nan	1349476385.454012	0.999957	0.000000	0.000000	0.000000	-nan	-nan	-nan	-nan	1.345745	inf	-nan	-nan	-nan	-nan	-nan	-nan	-nan	-nan	-nan	-nan	
