ts_0	elapsed_0	pkg_0	pp0_0	dram_0	freq_ratio_0_0	c0_ratio_0_0	freq_ratio_0_1	c0_ratio_0_1	freq_ratio_0_2	c0_ratio_0_2	freq_ratio_0_3	c0_ratio_0_3	freq_ratio_0_4	c0_ratio_0_4	freq_ratio_0_5	c0_ratio_0_5	freq_ratio_0_6	c0_ratio_0_6	freq_ratio_0_7	c0_ratio_0_7	ts_1	elapsed_1	pkg_1	pp0_1	dram_1	freq_ratio_1_0	c0_ratio_1_0	freq_ratio_1_1	c0_ratio_1_1	freq_ratio_1_2	c0_ratio_1_2	freq_ratio_1_3	c0_ratio_1_3	freq_ratio_1_4	c0_ratio_1_4	freq_ratio_1_5	c0_ratio_1_5	freq_ratio_1_6	c0_ratio_1_6	freq_ratio_1_7	c0_ratio_1_7	
1349476368.455985	1.000496	48.726263	34.721230	7.097783	0.999995	0.998334	0.999982	0.990052	0.999969	0.989989	0.999997	0.989726	0.994684	0.000960	0.914414	0.000044	0.955964	0.000085	0.914963	0.000045	1349476368.456177	1.000459	48.732074	34.786937	6.465828	0.999978	0.990276	0.999983	0.989949	1.000001	0.979266	1.002478	0.000070	0.780193	0.000114	1.007893	0.000085	1.008851	0.000089	0.999952	0.990908	
1349476369.455986	1.000001	49.364089	35.290234	6.907052	1.000000	1.000000	0.999999	0.999990	1.000000	0.999996	0.999999	0.999982	1.000098	0.000901	0.992215	0.000104	1.000035	0.000141	0.999272	0.000100	1349476369.456198	1.000021	49.326312	35.366980	6.792582	1.000000	0.999994	1.000000	0.999991	1.000000	1.000000	1.001346	0.000109	0.999525	0.000076	1.000062	0.000080	1.000231	0.000070	1.000000	1.000000	
1349476370.455983	0.999997	49.450577	35.363254	6.931281	0.999998	0.999781	1.000000	0.999696	1.000000	0.999803	0.999999	0.999749	1.000082	0.001314	1.001542	0.000521	0.999401	0.000052	1.009476	0.000009	1349476370.456184	0.999986	49.349647	35.391382	6.798130	1.000000	0.999743	1.000000	0.999701	1.000000	0.999815	0.991407	0.000010	1.000966	0.000007	0.999092	0.000007	0.996785	0.000007	1.000000	1.000000	
1349476371.455982	0.999999	49.495424	35.399249	6.882804	0.999961	0.999908	0.999987	0.999786	0.999968	0.999855	0.999969	0.999819	0.999771	0.000881	1.000045	0.000182	1.000199	0.000101	0.999925	0.000092	1349476371.456182	0.999998	49.356478	35.410987	6.804060	1.000000	0.999877	1.000000	0.999807	1.000000	1.000000	1.000052	0.000096	1.000076	0.000061	0.999863	0.000073	1.000049	0.000149	1.000000	1.000000	
1349476372.455983	1.000001	49.351256	35.261990	6.874566	0.999980	0.999935	1.000001	0.999879	0.999981	0.999924	0.999990	0.999901	1.000206	0.000837	0.999710	0.000009	1.000643	0.000062	0.999915	0.000009	1349476372.456174	0.999992	49.417851	35.458341	6.796015	1.000000	0.999916	1.000000	0.999887	1.000000	1.000000	0.995015	0.000010	0.996873	0.000007	1.000282	0.000007	0.998963	0.000007	1.000000	1.000000	
1349476373.455983	1.000000	49.358200	35.247803	6.933960	0.999981	0.999915	1.000000	0.999869	0.999981	0.999912	0.999982	0.999911	0.999968	0.000884	0.991557	0.000082	0.999947	0.000183	0.999979	0.000094	1349476373.456184	1.000010	49.501381	35.539225	6.779351	1.000000	0.999902	1.000000	0.999870	1.000000	1.000000	1.000412	0.000088	0.999716	0.000066	1.000075	0.000067	0.998750	0.000076	1.000000	1.000000	
1349476374.455982	0.999999	49.379701	35.266483	7.085700	1.000000	1.000000	1.000000	1.000000	1.000000	1.000000	1.000000	1.000000	1.000097	0.000807	1.009020	0.000010	0.999455	0.000066	1.000851	0.000009	1349476374.456177	0.999993	49.514731	35.547823	6.808992	1.000000	1.000000	1.000000	1.000000	1.000000	1.000000	1.010932	0.000010	1.005121	0.000007	1.000562	0.000007	1.011439	0.000007	1.000000	1.000000	
1349476375.455982	1.000000	49.507568	35.373016	7.616745	1.000000	0.999789	1.000000	0.999746	1.000000	0.999730	1.000000	0.999705	1.000011	0.000908	1.000206	0.002794	0.999336	0.000101	0.999954	0.000084	1349476375.456183	1.000006	49.702737	35.719041	6.830846	1.000000	0.999724	1.000000	0.999745	1.000000	0.999784	0.998300	0.000083	1.000305	0.000066	0.999875	0.000059	0.999799	0.000082	1.000000	1.000000	
1349476376.455988	1.000006	49.487742	35.355884	7.622834	1.000000	0.999959	1.000000	0.999923	0.999999	0.999956	0.999999	0.999956	0.999956	0.001716	0.993687	0.000105	1.001440	0.000051	0.999661	0.000009	1349476376.456195	1.000012	49.683383	35.696367	6.830851	1.000000	0.999939	1.000000	0.999922	1.000000	1.000000	1.002883	0.000010	0.997577	0.000007	0.998089	0.000007	1.000259	0.000061	1.000000	1.000000	
1349476377.455982	0.999994	49.500066	35.370572	7.703751	1.000000	1.000000	1.000000	1.000000	1.000000	1.000000	1.000000	1.000001	1.000206	0.001065	0.999677	0.000143	1.001132	0.000187	0.995633	0.000083	1349476377.456177	0.999982	49.734425	35.744398	6.823807	1.000000	1.000000	1.000000	1.000000	1.000000	1.000000	1.001550	0.000081	0.999809	0.000064	1.000117	0.000082	0.998597	0.000056	1.000000	1.000000	
1349476378.455982	1.000000	49.482025	35.348404	7.659500	1.000000	0.999991	1.000000	0.999957	1.000000	0.999956	0.999999	0.999955	0.999682	0.000949	0.983195	0.000010	0.996870	0.000068	0.981674	0.000010	1349476378.456183	1.000006	49.728875	35.737412	6.859426	1.000000	0.999983	1.000000	0.999958	1.000000	1.000000	0.991686	0.000010	0.998894	0.000007	0.999944	0.000007	1.012638	0.000007	1.000000	1.000000	
1349476379.455981	0.999999	49.469606	35.331607	7.535194	1.000000	0.999949	1.000000	0.999903	1.000001	0.999935	1.000000	0.999912	1.000059	0.000962	1.001372	0.000128	0.998828	0.000128	1.004429	0.000121	1349476379.456189	1.000006	49.716775	35.723817	6.812078	1.000000	0.999929	1.000000	0.999881	1.000000	1.000000	0.991947	0.000086	0.988354	0.000064	0.990760	0.000062	0.993212	0.000072	1.000000	1.000000	
1349476380.455983	1.000002	49.510175	35.373483	7.657990	1.000000	1.000000	1.000000	0.999991	1.000000	0.999991	1.000001	0.999991	0.999897	0.000927	1.001388	0.000516	0.999765	0.000051	0.999789	0.000009	1349476380.456175	0.999986	49.776701	35.783813	6.845555	1.000000	0.999995	1.000000	0.999991	1.000000	1.000000	1.012750	0.000050	1.021135	0.000037	1.013459	0.000043	1.012231	0.000040	1.000000	1.000000	
1349476381.455984	1.000001	49.532820	35.392026	7.624932	1.000000	1.000000	1.000000	1.000000	0.999999	0.999999	0.999999	1.000000	0.999846	0.001230	1.000038	0.000164	1.000024	0.000111	0.999967	0.000094	1349476381.456183	1.000008	49.771142	35.775452	6.809164	1.000000	1.000000	1.000000	1.000000	1.000000	1.000000	1.000803	0.000087	0.998578	0.000075	0.999713	0.000071	0.999838	0.000129	1.000000	1.000000	
1349476382.455982	0.999998	49.519458	35.382499	7.621215	0.999980	0.999931	1.000000	0.999883	0.999981	0.999931	0.999982	0.999929	1.000010	0.001087	0.999959	0.000009	1.000085	0.000045	1.000043	0.000009	1349476382.456176	0.999993	49.771478	35.775409	6.825136	1.000000	0.999918	1.000000	0.999892	1.000000	1.000000	0.979730	0.000010	1.010528	0.000007	1.001467	0.000007	1.001507	0.000007	1.000000	1.000000	
1349476383.455982	1.000000	49.497574	35.396011	7.565918	1.000000	1.000000	0.999999	1.000000	0.999999	1.000000	1.000000	1.000000	1.000011	0.000963	0.991008	0.000091	1.001731	0.000102	0.997907	0.000099	1349476383.456181	1.000005	49.728175	35.746006	6.826702	1.000000	1.000000	1.000000	0.999998	1.000000	1.000000	1.000780	0.000127	1.000516	0.000060	1.000356	0.000060	0.999904	0.000080	1.000000	1.000000	
1349476384.455979	0.999997	715827552.569727	715801423.070649	715794758.923483	0.999992	1.000148	0.999990	1.000154	1.000000	1.000148	0.999993	1.000150	0.999993	1.000153	0.999995	1.000147	0.999993	1.000154	0.999993	1.000150	1349476384.456094	0.999913	715882005.714109	715852066.279732	715887252.020007	0.999993	1.000150	0.999990	1.000152	3.892832	0.256921	0.999993	1.000150	0.999993	1.000154	0.999995	1.000147	0.999993	1.000152	0.999993	1.000152	
1349476385.455978	0.999999	0.000000	0.000000	0.000000	-nan	-nan	-nan	-nan	8.000000	inf	-nan	-nan	-nan	0.000000	-nan	-nan	-nan	-nan	-nan	-nan	1349476385.456056	0.999962	0.000000	0.000000	0.000000	-nan	-nan	-nan	-nan	0.000000	inf	-nan	-nan	-nan	-nan	-nan	-nan	-nan	-nan	-nan	-nan	
