ts_0	elapsed_0	pkg_0	pp0_0	dram_0	freq_ratio_0_0	c0_ratio_0_0	freq_ratio_0_1	c0_ratio_0_1	freq_ratio_0_2	c0_ratio_0_2	freq_ratio_0_3	c0_ratio_0_3	freq_ratio_0_4	c0_ratio_0_4	freq_ratio_0_5	c0_ratio_0_5	freq_ratio_0_6	c0_ratio_0_6	freq_ratio_0_7	c0_ratio_0_7	ts_1	elapsed_1	pkg_1	pp0_1	dram_1	freq_ratio_1_0	c0_ratio_1_0	freq_ratio_1_1	c0_ratio_1_1	freq_ratio_1_2	c0_ratio_1_2	freq_ratio_1_3	c0_ratio_1_3	freq_ratio_1_4	c0_ratio_1_4	freq_ratio_1_5	c0_ratio_1_5	freq_ratio_1_6	c0_ratio_1_6	freq_ratio_1_7	c0_ratio_1_7	
1350066926.198019	1.000191	65.877708	52.728090	6.120154	0.999931	0.007454	1.000000	1.000000	1.000000	1.000000	1.000001	1.000000	1.000000	1.000000	1.000000	1.000000	1.000000	1.000000	1.000000	1.000000	1350066926.198124	1.000218	52.198571	39.050664	3.481831	1.000000	1.000000	1.000000	1.000000	1.000000	1.000000	1.000000	1.000000	1.000136	0.000375	1.000000	1.000000	1.000193	0.003523	0.992731	0.000082	
1350066927.198017	0.999998	65.897297	52.776483	6.096752	1.000031	0.007083	1.000000	1.000000	0.999999	1.000000	0.999999	1.000000	1.000000	1.000000	1.000000	1.000000	1.000000	1.000000	1.000000	1.000000	1350066927.198100	0.999976	52.165410	39.006738	3.828095	1.000000	1.000000	1.000000	1.000000	1.000000	1.000000	1.000000	1.000000	1.016895	0.000031	1.000000	1.000000	1.000139	0.000125	1.000026	0.000058	
1350066928.198016	0.999999	62.547637	49.430208	6.102911	0.999588	0.005769	1.000000	1.000000	1.000001	1.000000	1.000000	1.000000	1.000000	0.479063	1.000000	1.000000	1.000000	1.000000	1.000000	1.000000	1350066928.198131	1.000031	55.303050	42.138037	3.413499	1.000000	1.000000	1.000000	1.000000	1.000000	1.000000	1.000000	1.000000	1.000001	0.521078	1.000000	1.000000	0.999929	0.000142	1.007420	0.000078	
1350066929.198017	1.000001	59.444386	46.335817	6.109064	1.000371	0.006100	1.000000	1.000000	0.999999	1.000000	1.000000	1.000000	0.975913	0.000009	1.000000	1.000000	1.000000	1.000000	1.000000	1.000000	1350066929.198131	1.000000	58.140442	44.971329	3.539856	1.000000	1.000000	1.000000	1.000000	1.000000	1.000000	1.000000	1.000000	1.000000	1.000000	1.000000	1.000000	0.999888	0.000137	1.003386	0.000007	
1350066930.198016	0.999999	59.463161	46.341383	6.121405	0.999934	0.005510	0.999999	0.999999	1.000000	1.000000	1.000000	1.000000	1.000005	0.000072	1.000000	1.000000	1.000000	1.000000	1.000000	1.000000	1350066930.198143	1.000012	58.170922	45.001874	3.363516	1.000000	1.000000	1.000000	1.000000	1.000000	1.000000	1.000000	1.000000	1.000000	1.000000	1.000000	1.000000	1.000131	0.000147	0.999623	0.000061	
1350066931.198017	1.000001	60.939059	47.817230	6.096735	0.999913	0.002721	1.000001	1.000000	1.000000	1.000000	0.999999	1.000000	0.999796	0.001004	1.000000	1.000000	1.000000	1.000000	1.000000	1.000000	1350066931.198121	0.999978	58.166040	44.995372	2.875353	1.000000	1.000000	1.000000	1.000000	1.000000	1.000000	1.000000	1.000000	1.000000	1.000000	1.000000	1.000000	0.999956	0.000113	1.000584	0.000014	
1350066932.198017	1.000000	59.336731	46.216156	6.127563	0.999907	0.002540	1.000000	1.000000	1.000001	1.000000	1.000000	1.000000	1.000396	0.000550	1.000000	1.000000	1.000000	1.000000	1.000000	1.000000	1350066932.198142	1.000021	58.169739	44.997393	2.820543	1.000000	1.000000	1.000000	1.000000	1.000000	1.000000	1.000000	1.000000	1.000000	1.000000	1.000000	1.000000	1.000194	0.000155	1.000166	0.000060	
1350066933.198016	0.999999	59.523082	46.400786	6.090582	1.000126	0.002282	1.000000	1.000000	1.000000	1.000000	0.999999	1.000000	1.000032	0.004775	1.000000	1.000000	1.000000	1.000000	1.000000	1.000000	1350066933.198137	0.999995	58.112168	44.950237	3.705448	1.000000	1.000000	1.000000	1.000000	1.000000	1.000000	1.000000	1.000000	1.000000	1.000000	1.000000	1.000000	0.999784	0.000093	0.999945	0.000007	
1350066934.198016	1.000000	59.386978	46.261688	6.121399	0.999968	0.002684	1.000000	1.000000	0.999999	1.000000	1.000000	1.000000	1.000008	0.001128	1.000000	1.000000	1.000000	1.000000	1.000000	1.000000	1350066934.198141	1.000004	58.196175	45.017167	2.846134	1.000000	1.000000	1.000000	1.000000	1.000000	1.000000	1.000000	1.000000	1.000000	1.000000	1.000000	1.000000	0.999920	0.000211	0.999835	0.000056	
1350066935.198017	1.000001	59.677143	46.552309	6.102808	0.999989	0.004341	1.000000	1.000000	1.000001	1.000000	1.000000	1.000000	1.000013	0.005931	1.000000	1.000000	1.000000	1.000000	1.000000	1.000000	1350066935.198138	0.999997	58.211652	45.032168	3.841732	1.000000	1.000000	1.000000	1.000000	1.000000	1.000000	1.000000	1.000000	1.000000	1.000000	1.000000	1.000000	0.998563	0.000116	0.976812	0.000007	
1350066936.198016	0.999999	60.762646	47.637161	6.114706	1.000032	0.006924	1.000000	1.000000	1.000000	1.000000	1.000000	1.000000	1.000010	0.006675	1.000000	1.000000	1.000001	1.000000	1.000000	1.000000	1350066936.198136	0.999998	58.259434	45.079706	3.454261	1.000000	1.000000	1.000000	1.000000	1.000000	1.000000	1.000000	1.000000	1.000000	1.000000	1.000000	1.000000	1.000182	0.001020	1.000043	0.004181	
1350066937.198017	1.000001	59.641835	46.517702	6.115229	0.999864	0.002540	1.000000	1.000000	1.000000	1.000000	1.000000	1.000000	0.999928	0.005859	1.000000	1.000000	1.000000	1.000000	1.000000	1.000000	1350066937.198133	0.999997	58.178571	45.000246	3.820538	1.000000	1.000000	1.000000	1.000000	1.000000	1.000000	1.000000	1.000000	1.000000	1.000000	1.000000	1.000000	0.999359	0.000060	0.999119	0.000037	
1350066938.198016	0.999999	59.761287	46.636931	6.121405	1.000010	0.005507	1.000000	1.000000	1.000000	1.000000	1.000000	1.000000	0.999978	0.003814	1.000000	1.000000	1.000000	1.000000	1.000000	1.000000	1350066938.198140	1.000007	58.193842	45.011530	3.823002	1.000000	1.000000	1.000000	1.000000	1.000000	1.000000	1.000000	1.000000	1.000000	1.000000	1.000000	1.000000	1.000318	0.000115	0.992985	0.000083	
1350066939.198017	1.000001	59.668370	46.557588	6.102899	0.999984	0.007451	1.000000	1.000000	1.000000	1.000000	1.000000	1.000000	1.000463	0.000420	1.000000	1.000000	1.000000	1.000000	1.000000	1.000000	1350066939.198136	0.999996	58.206519	45.024032	3.818421	1.000000	1.000000	1.000000	1.000000	1.000000	1.000000	1.000000	1.000000	1.000000	1.000000	1.000000	1.000000	0.999725	0.000122	1.000357	0.000065	
1350066940.198016	0.999999	59.695003	46.569716	6.115240	1.000056	0.007250	1.000000	1.000000	0.999999	1.000000	0.999999	1.000000	0.999818	0.001030	1.000000	1.000000	1.000000	1.000000	1.000000	1.000000	1350066940.198133	0.999997	58.227048	45.039873	3.815823	1.000000	1.000000	1.000000	1.000000	1.000000	1.000000	1.000000	1.000000	1.000000	1.000000	1.000000	1.000000	1.000242	0.000118	1.006622	0.000087	
1350066941.198017	1.000001	59.808064	46.681932	6.115229	0.999948	0.003800	1.000000	1.000000	1.000000	1.000000	1.000000	1.000000	1.000017	0.006349	1.000000	1.000000	1.000000	1.000000	1.000000	1.000000	1350066941.198142	1.000009	58.229209	45.041615	3.819545	1.000000	1.000000	1.000000	1.000000	1.000000	1.000000	1.000000	1.000000	1.000000	1.000000	1.000000	1.000000	1.000137	0.000059	0.999867	0.000038	
1350066942.198017	1.000000	59.294708	46.166321	6.078247	0.999950	0.005361	1.000000	1.000000	1.000001	1.000000	1.000000	1.000000	1.000268	0.000803	1.000000	1.000000	1.000000	1.000000	1.000000	1.000000	1350066942.198136	0.999994	57.801278	44.613196	3.528952	1.000000	1.000000	1.000000	1.000000	1.000000	1.000000	1.000000	1.000000	1.000000	1.000000	1.000000	1.000000	0.999924	0.000132	0.999560	0.000092	
1350066943.198017	1.000000	59.536789	46.411057	6.096741	0.999979	0.001976	1.000000	1.000000	0.999999	1.000000	1.000000	1.000000	1.000018	0.005001	1.000000	1.000000	1.000000	1.000000	1.000000	1.000000	1350066943.198139	1.000003	58.280169	45.092466	3.667622	1.000000	1.000000	1.000000	1.000000	1.000000	1.000000	1.000000	1.000000	1.000000	1.000000	1.000000	1.000000	1.000074	0.000073	1.000793	0.000045	
1350066944.198016	0.999999	59.527278	46.402892	6.109076	1.000079	0.002246	1.000000	1.000000	1.000000	1.000000	1.000000	1.000000	0.999979	0.004212	0.999999	1.000000	1.000000	1.000000	1.000000	1.000000	1350066944.198138	0.999999	58.260508	45.071591	3.520618	1.000000	1.000000	1.000000	1.000000	1.000000	1.000000	1.000000	1.000000	1.000000	1.000000	1.000000	1.000000	1.000066	0.000164	1.000083	0.000103	
1350066945.198017	1.000001	59.520604	46.397401	6.109064	0.999934	0.003737	1.000000	1.000000	1.000000	1.000000	0.999999	1.000000	1.000064	0.004238	1.000000	1.000000	1.000000	1.000000	1.000000	1.000000	1350066945.198164	1.000026	58.214155	45.041127	3.480653	1.000000	1.000000	1.000000	1.000000	1.000000	1.000000	1.000000	1.000000	1.000000	1.000000	1.000000	1.000000	0.997517	0.000070	0.995827	0.000044	
1350066946.198016	0.999999	59.585216	46.460600	6.102911	0.999979	0.002418	1.000000	1.000000	1.000000	1.000000	1.000001	1.000001	0.999974	0.004767	1.000000	1.000000	1.000000	1.000000	1.000000	1.000000	1350066946.198136	0.999972	58.262917	45.075858	3.544304	1.000000	1.000000	1.000000	1.000000	1.000000	1.000000	1.000000	1.000000	1.000000	1.000000	1.000000	1.000000	1.001269	0.000117	1.001837	0.000088	
1350066947.198017	1.000001	59.520314	46.396303	6.115229	1.000208	0.001756	1.000000	1.000000	1.000000	1.000000	1.000000	1.000000	1.000065	0.003639	1.000000	1.000000	1.000000	1.000000	1.000000	1.000000	1350066947.198140	1.000004	58.256905	45.071061	3.214083	1.000000	1.000000	1.000000	1.000000	1.000000	1.000000	1.000000	1.000000	1.000000	1.000000	1.000000	1.000000	0.999836	0.000071	1.000352	0.000038	
1350066948.198016	0.999999	59.918453	46.807387	6.133734	0.999700	0.002133	1.000000	1.000000	1.000000	1.000000	1.000000	1.000000	0.999990	0.009059	1.000000	1.000000	1.000000	1.000000	1.000001	1.000000	1350066948.198137	0.999997	58.262678	45.074893	3.827862	1.000000	1.000000	1.000000	1.000000	1.000000	1.000000	1.000000	1.000000	1.000000	1.000000	1.000000	1.000000	1.000235	0.000108	0.999981	0.000079	
1350066949.198017	1.000001	59.914341	46.790651	6.109064	1.000095	0.001852	1.000000	1.000000	1.000000	1.000000	1.000000	0.999999	1.000038	0.008897	1.000000	1.000000	1.000000	1.000000	1.000000	1.000000	1350066949.198139	1.000002	58.293590	45.104681	3.828972	1.000000	1.000000	1.000000	1.000000	1.000000	1.000000	1.000000	1.000000	1.000000	1.000000	1.000000	1.000000	0.999938	0.000093	1.000115	0.000037	
1350066950.198017	1.000000	59.673080	46.549225	6.109070	0.999736	0.007103	1.000000	1.000000	1.000000	1.000000	1.000001	1.000000	0.999764	0.001030	0.999999	1.000000	1.000000	1.000000	1.000000	1.000000	1350066950.198136	0.999997	58.294248	45.104357	3.833279	1.000000	1.000000	1.000000	1.000000	1.000000	1.000000	1.000000	1.000000	1.000000	1.000000	1.000000	1.000000	0.999782	0.000094	0.991427	0.000077	
1350066951.198017	1.000000	59.771393	46.646240	6.127533	1.000241	0.008652	1.000000	1.000000	1.000000	1.000000	0.999999	1.000000	0.999952	0.001031	1.000000	1.000000	1.000000	1.000000	1.000000	1.000000	1350066951.198140	1.000004	58.298317	45.109268	3.829101	1.000000	1.000000	1.000000	1.000000	1.000000	1.000000	1.000000	1.000000	1.000000	1.000000	1.000000	1.000000	0.999963	0.000104	0.999539	0.000058	
1350066952.198016	0.999999	59.485500	46.361830	6.121405	0.999873	0.003618	1.000000	1.000000	1.000000	1.000000	1.000000	1.000000	1.000084	0.001370	1.000000	1.000000	1.000000	1.000000	1.000000	1.000000	1350066952.198138	0.999998	58.284657	45.096338	3.215475	1.000000	1.000000	1.000000	1.000000	1.000000	1.000000	1.000000	1.000000	1.000000	1.000000	1.000000	1.000000	1.000349	0.000115	1.006529	0.000103	
1350066953.198023	1.000007	59.429521	46.304779	6.096699	1.000065	0.003407	1.000000	1.000000	1.000000	1.000000	1.000001	1.000000	0.999896	0.000532	1.000000	1.000000	1.000000	1.000000	1.000000	1.000000	1350066953.198143	1.000005	58.292356	45.105914	3.031632	1.000000	1.000000	1.000000	1.000000	1.000000	1.000000	1.000000	1.000000	1.000000	1.000000	1.000000	1.000000	0.999334	0.000076	0.999322	0.000037	
1350066954.198016	0.999993	59.547058	46.423386	6.115277	0.999976	0.005598	1.000000	1.000000	1.000001	1.000000	1.000000	1.000001	1.000076	0.000560	1.000000	1.000000	1.000000	1.000000	0.999999	1.000000	1350066954.198142	0.999999	58.293772	45.105420	3.435428	1.000000	1.000000	1.000000	1.000000	1.000000	1.000000	1.000000	1.000000	1.000000	1.000000	1.000000	1.000000	1.000357	0.000153	1.000320	0.000076	
1350066955.198016	1.000000	59.569748	46.443253	6.109070	1.000015	0.007329	1.000000	1.000000	1.000000	1.000000	1.000000	1.000000	1.000370	0.000555	1.000000	1.000000	1.000000	1.000000	1.000000	1.000000	1350066955.198140	0.999998	58.318150	45.128260	3.506110	1.000000	1.000000	1.000000	1.000000	1.000000	1.000000	1.000000	1.000000	1.000000	1.000000	1.000000	1.000000	0.997301	0.000068	0.995434	0.000038	
1350066956.198016	1.000000	59.537766	46.412247	6.121399	0.999922	0.002445	1.000000	1.000000	1.000000	1.000000	1.000000	1.000000	0.999960	0.004182	1.000000	1.000000	1.000000	1.000000	1.000000	1.000000	1350066956.198139	0.999999	58.235255	45.062100	3.538730	1.000000	1.000000	1.000000	1.000000	1.000000	1.000000	1.000000	1.000000	1.000000	1.000000	1.000000	1.000000	1.001037	0.000116	1.001688	0.000087	
1350066957.198016	1.000000	59.440155	46.373978	6.115234	0.999993	0.004007	1.000000	1.000000	0.999999	1.000000	1.000000	1.000000	1.000006	0.001112	1.000000	1.000000	1.000000	1.000000	1.000000	1.000000	1350066957.198137	0.999998	58.307210	45.118632	3.288382	1.000000	1.000000	1.000000	1.000000	1.000000	1.000000	1.000000	1.000000	1.000000	1.000000	1.000000	1.000000	1.000251	0.000075	0.999959	0.000065	
1350066958.198019	1.000003	715800541.385956	715796319.204020	715814727.098687	0.999988	1.000204	0.999986	1.000209	0.999996	1.000205	0.999988	1.000205	0.999988	1.000208	0.999991	1.000202	0.999988	1.000207	0.999988	1.000205	1350066958.198126	0.999989	715828920.774899	715826532.837577	715830742.969048	0.999988	1.000205	0.999986	1.000207	3.893147	0.256913	0.999988	1.000205	0.999988	1.000208	0.999991	1.000203	0.999988	1.000208	0.999988	1.000206	
1350066959.198017	0.999998	0.000000	0.000000	0.000000	-nan	-nan	-nan	-nan	0.000000	inf	-nan	-nan	-nan	0.000000	0.000000	inf	-nan	-nan	-nan	-nan	1350066959.198089	0.999963	0.000000	0.000000	0.000000	-nan	-nan	-nan	-nan	0.000000	inf	-nan	-nan	-nan	-nan	-nan	-nan	-nan	-nan	-nan	-nan	
