ts_0	elapsed_0	pkg_0	pp0_0	dram_0	freq_ratio_0_0	c0_ratio_0_0	freq_ratio_0_1	c0_ratio_0_1	freq_ratio_0_2	c0_ratio_0_2	freq_ratio_0_3	c0_ratio_0_3	freq_ratio_0_4	c0_ratio_0_4	freq_ratio_0_5	c0_ratio_0_5	freq_ratio_0_6	c0_ratio_0_6	freq_ratio_0_7	c0_ratio_0_7	ts_1	elapsed_1	pkg_1	pp0_1	dram_1	freq_ratio_1_0	c0_ratio_1_0	freq_ratio_1_1	c0_ratio_1_1	freq_ratio_1_2	c0_ratio_1_2	freq_ratio_1_3	c0_ratio_1_3	freq_ratio_1_4	c0_ratio_1_4	freq_ratio_1_5	c0_ratio_1_5	freq_ratio_1_6	c0_ratio_1_6	freq_ratio_1_7	c0_ratio_1_7	
1350064595.895236	1.000465	29.601091	16.323328	3.803560	1.000000	1.000000	0.998825	0.000587	1.000027	0.000087	0.993792	0.000089	0.999900	0.000092	0.999978	0.002444	0.999948	0.000066	1.000134	0.000046	1350064595.895465	1.000447	29.596694	16.432245	1.808640	0.997083	0.000146	1.000000	1.000000	0.999965	0.000437	1.000066	0.000094	1.000138	0.000084	1.000676	0.000068	0.988737	0.000008	0.998707	0.000150	
1350064596.895233	0.999997	29.614395	16.330342	3.801648	1.000000	1.000000	0.999884	0.000290	0.999532	0.000033	0.999830	0.000007	1.001586	0.000007	0.999980	0.001892	1.000432	0.000007	0.999056	0.000006	1350064596.895446	0.999981	29.077581	15.905424	1.780628	0.999917	0.000098	1.000000	1.000000	0.999981	0.000304	0.999144	0.000008	1.000644	0.000008	0.999268	0.000057	1.001281	0.000068	1.001697	0.000089	
1350064597.895233	1.000000	29.629593	16.343033	3.797852	1.000000	1.000000	0.999978	0.000243	1.000056	0.000083	1.000005	0.000456	0.992166	0.000066	0.999767	0.002387	0.995130	0.000104	0.990580	0.000057	1350064597.895436	0.999990	29.097139	15.924949	1.758776	0.999223	0.000096	1.000000	1.000000	0.999621	0.000398	0.999890	0.000088	0.999186	0.000084	1.000357	0.000058	1.001414	0.000008	0.999975	0.000200	
1350064598.895233	1.000000	29.585571	16.300034	3.797806	1.000000	1.000000	1.000580	0.000291	0.980036	0.000032	1.004612	0.000007	0.998639	0.000007	1.000234	0.000062	0.999437	0.000007	1.000170	0.000007	1350064598.895433	0.999997	29.088072	15.917240	1.597020	1.000369	0.000033	1.000000	1.000000	1.000472	0.000287	1.000556	0.000008	1.006987	0.000008	0.999226	0.000095	0.992896	0.000073	0.999915	0.000109	
1350064599.895233	1.000000	29.641586	16.358200	3.790009	1.000000	1.000000	0.999755	0.000256	1.007158	0.000091	1.005164	0.000101	1.006769	0.000078	1.000179	0.002468	1.007576	0.000067	1.007916	0.000066	1350064599.895442	1.000009	29.094280	15.924065	1.830687	1.000460	0.000119	1.000000	1.000000	0.999976	0.000378	0.999190	0.000117	0.997976	0.000100	0.998532	0.000079	0.984258	0.000009	0.995585	0.000139	
1350064600.895233	1.000000	30.036530	16.751694	3.798096	1.000000	1.000000	1.000094	0.000287	1.000351	0.000032	0.996490	0.000007	0.996487	0.000006	1.003843	0.000078	0.995176	0.000006	0.997651	0.000007	1350064600.895428	0.999986	29.086759	15.917262	1.605720	1.000628	0.000015	1.000000	1.000000	0.999914	0.000259	1.014284	0.000008	1.025819	0.000008	1.002765	0.000057	1.006829	0.000099	0.998808	0.000112	
1350064601.895233	1.000000	29.633789	16.346573	3.797684	1.000000	1.000000	1.000119	0.000240	0.999836	0.000075	0.991659	0.000064	1.000186	0.000064	0.997435	0.000121	0.999993	0.002470	1.000402	0.000055	1350064601.895455	1.000027	29.092310	15.922621	1.816708	0.999959	0.000094	1.000000	1.000000	1.000034	0.000380	0.999635	0.000060	0.999811	0.000053	0.999737	0.000057	0.986390	0.000008	1.002397	0.000249	
1350064602.895233	1.000000	30.035110	16.748352	3.797623	1.000000	1.000000	0.999482	0.000313	1.000183	0.000032	1.001654	0.000315	0.995064	0.000007	0.996295	0.000007	1.004787	0.000057	1.000108	0.000007	1350064602.895440	0.999985	29.082819	15.911906	1.603357	1.000921	0.000015	1.000000	1.000000	0.999991	0.000347	0.999799	0.000008	1.001384	0.000008	1.000224	0.000057	1.001053	0.000072	1.001703	0.000089	
1350064603.895233	1.000000	29.601471	16.331863	3.786392	1.000000	1.000000	1.000552	0.000242	0.999815	0.000075	1.000507	0.000071	1.000754	0.000058	1.000517	0.000060	0.999874	0.002480	0.999992	0.000050	1350064603.895439	0.999999	29.055142	15.897232	1.727724	0.999853	0.000107	1.000000	1.000000	0.999512	0.000360	1.000009	0.000083	0.999980	0.000078	1.000304	0.000122	1.002305	0.000008	0.999411	0.000169	
1350064604.895233	1.000000	29.981140	16.697189	3.786209	1.000000	1.000000	0.999983	0.002366	1.000345	0.000039	0.990577	0.000007	0.994784	0.000006	0.996572	0.000007	1.000133	0.001851	0.995341	0.000007	1350064604.895442	1.000003	29.077943	15.906353	1.734034	0.999583	0.000015	1.000000	1.000000	1.000591	0.000274	0.993765	0.000008	0.995430	0.000008	0.999235	0.000057	0.999747	0.000073	1.001076	0.000089	
1350064605.895233	1.000000	29.628342	16.342300	3.801422	1.000000	1.000000	1.000015	0.000239	0.999700	0.000072	0.992566	0.000067	1.000549	0.000061	1.000019	0.000081	0.999872	0.002448	1.000583	0.000055	1350064605.895443	1.000001	29.090197	15.919144	1.820341	1.000017	0.000091	1.000000	1.000000	0.999970	0.000345	1.000525	0.000081	1.000358	0.000073	0.999854	0.000064	0.988437	0.000008	0.998963	0.000205	
1350064606.895233	1.000000	29.964920	16.680588	3.805389	1.000000	1.000000	0.999932	0.000284	1.000541	0.000030	1.001414	0.000007	0.997155	0.000007	1.003806	0.000007	1.000113	0.001933	1.000879	0.000006	1350064606.895435	0.999992	29.081229	15.910987	1.810958	1.000000	0.000015	1.000000	1.000000	1.000121	0.000253	0.998087	0.000008	1.001888	0.000008	1.000237	0.000057	1.001277	0.000071	1.002390	0.000088	
1350064607.895233	1.000000	29.621597	16.334198	3.801453	1.000000	1.000000	1.000097	0.000318	0.999805	0.000075	1.001426	0.000387	1.000372	0.000057	0.999899	0.000054	0.999882	0.002442	0.999808	0.000050	1350064607.895453	1.000018	29.085097	15.915289	1.759460	1.000051	0.000090	1.000000	1.000000	0.999903	0.000409	1.000074	0.000083	0.999942	0.000073	0.998758	0.000059	0.976771	0.000008	0.998853	0.000132	
1350064608.895239	1.000006	29.962605	16.678200	3.794075	1.000000	1.000000	0.999929	0.000287	1.000012	0.000031	0.999890	0.000007	1.000125	0.000006	0.999728	0.000007	1.000129	0.001930	1.001697	0.000007	1350064608.895442	0.999989	29.083861	15.913459	1.776509	0.999968	0.000036	1.000000	1.000000	0.999996	0.000284	0.997486	0.000008	0.999061	0.000008	1.000703	0.000087	1.002567	0.000074	1.001350	0.000109	
1350064609.895233	0.999994	29.618173	16.331244	3.805275	1.000000	1.000000	1.000089	0.000222	0.999984	0.000071	0.991901	0.000068	0.991330	0.000059	0.989885	0.000052	0.999662	0.002429	0.990163	0.000055	1350064609.895431	0.999989	29.090544	15.919028	1.730060	0.999152	0.000088	1.000000	1.000000	0.999967	0.000357	0.998567	0.000080	1.000075	0.000077	1.000843	0.000059	1.000097	0.000008	0.999952	0.000168	
1350064610.895233	1.000000	30.007797	16.722580	3.789856	1.000000	1.000000	0.999956	0.000299	0.979088	0.000031	1.003872	0.000007	0.998643	0.000007	1.003336	0.000007	1.008278	0.000057	1.002669	0.000007	1350064610.895428	0.999997	29.083098	15.912662	1.597081	0.998696	0.000016	1.000000	1.000000	0.999985	0.000265	1.018142	0.000008	0.998712	0.000008	1.000075	0.000056	0.989888	0.000066	1.000607	0.000088	
1350064611.895233	1.000000	29.611450	16.323242	3.790375	1.000000	1.000000	0.999990	0.000398	1.006688	0.000093	0.999374	0.000096	1.006780	0.000077	1.006546	0.000076	1.000005	0.002495	1.007070	0.000072	1350064611.895435	1.000007	29.089185	15.917798	1.799029	1.000650	0.000141	1.000000	1.000000	0.999982	0.000408	1.000010	0.000119	0.999053	0.000101	0.997503	0.000081	1.001235	0.000017	0.993991	0.000134	
1350064612.895233	1.000000	29.711548	16.427231	3.793900	1.000000	1.000000	0.999993	0.003782	1.000667	0.000049	1.001838	0.000301	0.992573	0.000006	0.996675	0.000007	0.999983	0.004350	0.997951	0.000007	1350064612.895440	1.000005	29.087135	15.917263	1.701530	1.000288	0.000015	1.000000	1.000000	0.999985	0.000313	1.000000	0.000008	1.011687	0.000008	1.003617	0.000048	1.008238	0.000074	1.008795	0.000086	
1350064613.895233	1.000000	29.713074	16.431152	3.790131	1.000000	1.000000	1.000004	0.007829	0.999719	0.000070	1.000278	0.000058	1.000769	0.000057	1.000473	0.000050	1.000486	0.000044	1.000284	0.000052	1350064613.895442	1.000002	29.092993	15.922775	1.617001	0.999952	0.000088	1.000000	1.000000	0.999842	0.000344	0.999940	0.000064	1.000059	0.000059	0.999664	0.000093	1.004181	0.000008	0.999388	0.000156	
1350064614.895233	1.000000	29.588791	16.306595	3.797821	1.000000	1.000000	0.999997	0.002252	1.000303	0.000038	0.991810	0.000007	0.993690	0.000006	0.995062	0.000007	0.998170	0.000006	0.997356	0.000006	1350064614.895476	1.000034	29.059449	15.904441	1.590675	0.996524	0.000015	1.000000	1.000000	1.000172	0.000291	0.995103	0.000008	0.995540	0.000008	1.000177	0.000057	1.000000	0.000072	1.001151	0.000088	
1350064615.895233	1.000000	29.581726	16.298981	3.797806	1.000000	1.000000	0.999877	0.000242	0.999744	0.000075	0.992032	0.000066	1.000692	0.000058	1.000603	0.000054	1.000239	0.000050	1.000374	0.000049	1350064615.895444	0.999968	29.101455	15.931402	1.591008	1.000511	0.000090	1.000000	1.000000	0.999983	0.000431	1.000609	0.000082	0.999180	0.000075	0.999802	0.000059	1.000147	0.000008	0.999938	0.000136	
1350064616.895233	1.000000	29.548218	16.278564	3.794052	1.000000	1.000000	1.000039	0.000264	1.000542	0.000031	0.999718	0.000007	0.996284	0.000007	1.000816	0.000007	0.998576	0.000006	0.998683	0.000007	1350064616.895441	0.999997	29.082732	15.911350	1.594228	1.000262	0.000015	1.000000	1.000000	0.999857	0.000310	1.001140	0.000008	1.011457	0.000008	1.000301	0.000050	1.000006	0.000066	0.999990	0.000081	
1350064617.895233	1.000000	29.585358	16.301437	3.801651	1.000000	1.000000	1.002091	0.000269	0.999870	0.000074	1.000034	0.000468	1.000418	0.000059	0.999872	0.000051	1.000047	0.000049	0.999993	0.000052	1350064617.895447	1.000006	29.100580	15.927884	1.592413	0.999982	0.000192	1.000000	1.000000	1.000067	0.000461	0.999813	0.000109	1.000264	0.000066	0.999986	0.000056	0.999414	0.000008	0.999980	0.000138	
1350064618.895233	1.000000	29.562469	16.280975	3.801559	1.000000	1.000000	0.997988	0.000278	0.999813	0.000031	0.999152	0.000007	1.000110	0.000007	0.999619	0.000007	1.000498	0.000006	1.001041	0.000007	1350064618.895441	0.999994	29.080312	15.909259	1.594248	0.999872	0.000051	1.000000	1.000000	0.999987	0.000326	0.998688	0.000008	1.000099	0.000008	0.999989	0.000102	1.000060	0.000064	0.999978	0.000103	
1350064619.895233	1.000000	34.316086	21.031708	3.808044	1.000000	1.000000	1.000000	0.003623	0.999985	0.004930	1.000196	0.002911	0.999997	0.002757	0.999997	0.002814	0.999994	0.002612	0.999994	0.002712	1350064619.895446	1.000005	31.893380	18.721845	1.591179	0.999997	0.003090	1.000000	1.000000	0.999992	0.003224	0.999998	0.003032	0.999993	0.002736	1.000011	0.002675	0.999731	0.002797	0.999955	0.003682	
1350064620.895233	1.000000	29.640213	16.356125	3.801651	1.000000	1.000000	0.999994	0.000255	0.999973	0.004005	0.997083	0.000007	0.996496	0.000006	1.000926	0.000007	0.997256	0.000006	0.999945	0.000007	1350064620.895438	0.999992	29.074393	15.904121	1.598432	0.999504	0.000015	1.000000	1.000000	0.999609	0.000345	1.000960	0.000008	1.002784	0.000008	0.999251	0.000057	1.008391	0.000073	1.002032	0.000081	
1350064621.895233	1.000000	29.564774	16.283295	3.790009	1.000000	1.000000	0.999944	0.000271	0.999938	0.000305	0.992165	0.000067	0.991933	0.000061	0.990238	0.000053	0.990815	0.000053	0.990613	0.000056	1350064621.895436	0.999998	29.079249	15.909210	1.591144	1.001646	0.000089	1.000000	1.000000	1.000308	0.000419	0.999934	0.000082	0.999716	0.000076	1.000000	0.000060	1.018500	0.000008	0.999471	0.000152	
1350064622.895233	1.000000	29.576614	16.292328	3.797806	1.000000	1.000000	1.000050	0.000271	0.978325	0.000032	0.999986	0.000769	0.994384	0.000007	0.991259	0.000007	0.997846	0.000007	0.998606	0.000007	1350064622.895432	0.999996	29.073864	15.905429	1.592536	0.991552	0.000015	1.000000	1.000000	0.999968	0.000349	0.998095	0.000036	0.984384	0.000008	0.999746	0.000050	0.991581	0.000066	1.001147	0.000081	
1350064623.895233	1.000000	29.577744	16.294159	3.786224	1.000000	1.000000	0.999946	0.000279	1.007445	0.000094	1.007527	0.000072	1.007451	0.000074	1.008480	0.000067	1.007740	0.000067	1.006996	0.000076	1350064623.895447	1.000015	29.089269	15.919118	1.591056	0.999900	0.000138	1.000000	1.000000	0.999988	0.000464	1.000578	0.000115	0.999917	0.000093	1.000022	0.000138	1.000357	0.000009	0.996020	0.000160	
1350064624.895233	1.000000	29.580978	16.296738	3.793869	1.000000	1.000000	0.999979	0.002227	1.000333	0.000038	0.995190	0.000007	0.997139	0.000007	0.997377	0.000007	1.002210	0.000006	1.000930	0.000006	1350064624.895441	0.999994	29.061681	15.906269	1.589212	0.999817	0.000015	1.000000	1.000000	0.999987	0.000318	0.996942	0.000008	1.014116	0.000008	0.999853	0.000053	1.005899	0.000092	1.000226	0.000150	
1350064625.895233	1.000000	29.567108	16.286026	3.793686	1.000000	1.000000	1.000067	0.000240	0.999792	0.000074	0.992483	0.000070	1.000373	0.000060	1.000355	0.000052	0.999723	0.000050	0.999943	0.000054	1350064625.895438	0.999997	29.089873	15.921970	1.589330	0.999843	0.000088	1.000000	1.000000	0.999990	0.000409	1.000288	0.000079	0.999352	0.000073	1.000522	0.000057	1.000049	0.000008	1.003976	0.000160	
1350064626.895233	1.000000	29.565659	16.283569	3.798080	1.000000	1.000000	0.999975	0.000264	0.999591	0.000030	0.998475	0.000007	1.000126	0.000006	1.000054	0.000007	1.000374	0.000006	1.000383	0.000007	1350064626.895445	1.000007	29.083982	15.914029	1.583134	0.999896	0.000015	1.000000	1.000000	0.999990	0.000332	1.000909	0.000008	1.011090	0.000008	0.999713	0.000050	1.000018	0.000066	0.999365	0.000081	
1350064627.895263	1.000030	715745352.526691	715774737.098211	715801889.116834	0.999988	1.000205	0.999986	1.000208	0.999988	1.000213	0.999988	1.000205	0.999988	1.000208	0.999991	1.000203	0.999988	1.000208	0.999988	1.000205	1350064627.895357	0.999912	715874809.500725	715833520.704556	715847282.922220	0.999988	1.000204	0.999986	1.000207	3.893141	0.256914	0.999988	1.000205	0.999988	1.000207	0.999991	1.000203	0.999988	1.000208	0.999988	1.000206	
1350064628.895369	1.000106	0.000000	0.000000	0.000000	-nan	-nan	-nan	-nan	1.000008	inf	-nan	-nan	-nan	0.000000	-nan	-nan	-nan	-nan	-nan	-nan	1350064628.895445	1.000088	0.000000	0.000000	0.000000	-nan	-nan	-nan	-nan	1.345745	inf	-nan	-nan	-nan	-nan	-nan	-nan	-nan	-nan	-nan	-nan	
