ts_0	elapsed_0	pkg_0	pp0_0	dram_0	freq_ratio_0_0	c0_ratio_0_0	freq_ratio_0_1	c0_ratio_0_1	freq_ratio_0_2	c0_ratio_0_2	freq_ratio_0_3	c0_ratio_0_3	freq_ratio_0_4	c0_ratio_0_4	freq_ratio_0_5	c0_ratio_0_5	freq_ratio_0_6	c0_ratio_0_6	freq_ratio_0_7	c0_ratio_0_7	ts_1	elapsed_1	pkg_1	pp0_1	dram_1	freq_ratio_1_0	c0_ratio_1_0	freq_ratio_1_1	c0_ratio_1_1	freq_ratio_1_2	c0_ratio_1_2	freq_ratio_1_3	c0_ratio_1_3	freq_ratio_1_4	c0_ratio_1_4	freq_ratio_1_5	c0_ratio_1_5	freq_ratio_1_6	c0_ratio_1_6	freq_ratio_1_7	c0_ratio_1_7	
1349417701.704602	1.001055	53.484620	39.602247	0.000000	0.999979	0.988439	0.999956	0.997138	0.999997	0.988245	0.999996	0.988041	0.999996	0.988045	0.998855	0.003258	0.945922	0.000414	0.953512	0.000070	1349417701.704775	1.000428	42.316073	28.653402	0.000000	1.000000	0.988952	1.000001	0.989230	0.843643	0.000119	1.004447	0.000136	1.000983	0.000177	1.010975	0.000072	1.001273	0.000244	0.999975	0.989625	
1349417702.704607	1.000005	54.158039	40.225278	0.000000	1.000000	0.999987	1.000000	0.999998	1.000000	0.999982	1.000000	0.999974	1.000000	0.999981	0.999940	0.003916	1.000912	0.000653	1.000092	0.000105	1349417702.704777	1.000002	42.870768	29.182073	0.000000	1.000000	0.999987	1.000000	0.999991	0.999176	0.000686	1.000001	0.049871	1.000308	0.000155	0.998579	0.000078	0.999902	0.000333	1.000000	1.000000	
1349417703.704598	0.999991	54.127520	40.195082	0.000000	1.000000	0.999935	1.000000	0.999944	1.000000	0.999888	1.000000	0.999925	1.000000	0.999886	0.999989	0.003739	0.999277	0.000211	1.000052	0.000015	1349417703.704767	0.999990	42.508253	28.835952	0.000000	1.000000	0.999938	1.000000	1.000000	0.999569	0.000180	0.998086	0.000007	1.000096	0.000056	1.005002	0.000020	1.000030	0.001104	1.000000	1.000000	
1349417704.704598	1.000000	50.320526	36.362915	0.000000	0.999951	0.997963	0.999988	0.997891	1.000001	0.997821	1.000000	0.389920	0.999989	0.997865	1.000072	0.003392	1.000183	0.000175	1.002708	0.000080	1349417704.704792	1.000025	46.471768	32.740315	0.000000	1.000000	0.997837	1.000000	0.997898	1.000257	0.004556	1.000001	0.608177	1.000975	0.000016	1.000386	0.000080	0.999382	0.000054	1.000000	1.000000	
1349417705.704605	1.000007	47.906331	33.943186	0.000000	1.000001	0.999975	1.000000	0.999960	1.000000	0.999926	0.985346	0.000016	1.000000	0.999945	0.999937	0.003216	0.999833	0.000224	0.983573	0.000019	1349417705.704784	0.999992	48.774718	35.014658	0.000000	1.000000	0.999943	1.000000	1.000000	0.999429	0.001067	1.000000	0.999923	0.999882	0.000075	0.999051	0.000025	1.000166	0.000128	1.000000	1.000000	
1349417706.704599	0.999994	48.028332	34.060124	0.000000	1.000000	0.999958	1.000000	0.999916	1.000000	0.999849	1.000098	0.002396	1.000000	0.999902	0.999980	0.004404	1.000070	0.000182	1.000881	0.000071	1349417706.704787	1.000003	48.790101	35.026198	0.000000	1.000000	0.999893	1.000000	1.000000	0.999943	0.000122	1.000000	0.999848	1.001214	0.000017	0.999622	0.000067	1.000198	0.000058	1.000000	1.000000	
1349417707.704604	1.000005	47.888798	33.930967	0.000000	1.000000	1.000000	1.000000	1.000000	1.000000	1.000000	0.985200	0.000015	1.000000	1.000000	0.999990	0.003369	0.999979	0.000275	1.000450	0.000015	1349417707.704791	1.000004	48.781342	35.016597	0.000000	1.000000	1.000000	1.000000	1.000000	1.000366	0.000074	1.000000	1.000000	0.999807	0.000082	1.001981	0.000020	0.999938	0.000199	1.000000	1.000000	
1349417708.704599	0.999995	47.955074	33.981127	0.000000	1.000000	0.999700	1.000000	0.999673	1.000000	0.999639	1.001056	0.000168	1.000001	0.999672	1.000058	0.003341	1.001650	0.000184	0.999840	0.000075	1349417708.704788	0.999997	48.843581	35.078096	0.000000	1.000000	0.999662	1.000000	0.999673	0.998890	0.000148	1.000000	0.999638	1.000319	0.000016	1.000017	0.000067	0.999989	0.001008	1.000000	1.000000	
1349417709.704596	0.999997	715826868.234079	715800421.527765	715830103.395168	0.999969	1.000012	0.999971	1.000034	0.999973	1.000037	0.999969	1.000011	0.999972	1.000026	0.999973	1.000015	0.999970	1.000019	0.999972	1.000024	1349417709.704708	0.999920	715880060.083304	715853185.324615	715885233.315901	0.999972	1.000025	0.999968	1.000020	3.894199	0.256794	0.999970	1.000014	0.999972	1.000026	0.999973	1.000016	0.999971	1.000021	0.999972	1.000024	
1349417710.704767	1.000171	0.000000	0.000000	0.000000	-nan	-nan	-nan	-nan	1.000008	inf	-nan	-nan	-nan	0.000000	-nan	-nan	-nan	-nan	-nan	-nan	1349417710.704847	1.000139	0.000000	0.000000	0.000000	-nan	-nan	-nan	-nan	1.345745	inf	-nan	-nan	-nan	-nan	-nan	-nan	-nan	-nan	-nan	-nan	
