ts_0	elapsed_0	pkg_0	pp0_0	dram_0	freq_ratio_0_0	c0_ratio_0_0	freq_ratio_0_1	c0_ratio_0_1	freq_ratio_0_2	c0_ratio_0_2	freq_ratio_0_3	c0_ratio_0_3	freq_ratio_0_4	c0_ratio_0_4	freq_ratio_0_5	c0_ratio_0_5	freq_ratio_0_6	c0_ratio_0_6	freq_ratio_0_7	c0_ratio_0_7	ts_1	elapsed_1	pkg_1	pp0_1	dram_1	freq_ratio_1_0	c0_ratio_1_0	freq_ratio_1_1	c0_ratio_1_1	freq_ratio_1_2	c0_ratio_1_2	freq_ratio_1_3	c0_ratio_1_3	freq_ratio_1_4	c0_ratio_1_4	freq_ratio_1_5	c0_ratio_1_5	freq_ratio_1_6	c0_ratio_1_6	freq_ratio_1_7	c0_ratio_1_7	
1349418420.471465	1.001240	42.245086	28.423952	0.000000	1.000000	0.979148	0.999999	0.997117	1.000000	0.978893	0.999603	0.002426	0.999351	0.001230	0.992540	0.000118	0.995656	0.000120	0.995878	0.000138	1349418420.471682	1.000471	41.768912	28.067206	0.000000	0.999981	0.980179	1.000001	0.979965	0.997678	0.000109	1.001988	0.000147	0.823791	0.000112	0.995456	0.000094	1.003932	0.000103	0.999961	0.981285	
1349418421.471464	0.999999	42.671290	28.838773	0.000000	0.999960	0.998825	0.999982	0.998783	0.999982	0.998783	1.000046	0.002712	0.999940	0.000270	0.999947	0.000015	1.006241	0.000014	1.001290	0.000041	1349418421.471692	1.000010	42.391925	28.643039	0.000000	1.000000	0.998891	1.000000	0.998857	1.003758	0.000032	1.000913	0.000071	1.000864	0.000012	1.015293	0.000049	0.998826	0.000019	1.000000	1.000000	
1349418422.471464	1.000000	42.735901	28.906021	0.000000	1.000000	0.999952	1.000000	0.999948	1.000000	0.999948	0.999878	0.002913	0.999968	0.000228	0.999077	0.000097	0.997470	0.000058	1.001487	0.000099	1349418422.471684	0.999992	42.432259	28.682957	0.000000	1.000000	0.999997	1.000000	1.000000	1.001119	0.000059	0.999765	0.000110	0.999987	0.000059	1.000049	0.000055	1.000396	0.000063	1.000000	1.000000	
1349418423.471464	1.000000	42.756271	28.924850	0.000000	0.999967	0.999303	0.999982	0.999274	0.999983	0.999273	0.999943	0.002521	1.000135	0.000291	1.005868	0.000015	1.004633	0.000014	0.996142	0.000039	1349418423.471682	0.999998	42.470891	28.719934	0.000000	1.000000	0.999382	1.000000	0.999348	0.997703	0.000033	1.000342	0.000068	1.000154	0.000012	1.000149	0.000013	0.999763	0.000016	1.000000	1.000000	
1349418424.471469	1.000005	42.767456	28.933693	0.000000	0.999948	0.999446	0.999982	0.999338	0.999990	0.999369	1.000068	0.002711	0.999872	0.000202	1.003091	0.000063	0.999669	0.000065	1.000071	0.000103	1349418424.471692	1.000010	42.492266	28.733660	0.000000	1.000000	0.999434	1.000000	0.999391	0.998520	0.000059	1.000136	0.000108	0.999444	0.000065	0.999751	0.000060	0.999906	0.000062	1.000000	1.000000	
1349418425.471464	0.999995	43.184008	29.342463	0.000000	1.000000	0.999046	1.000000	0.999016	1.000000	0.999015	0.999994	0.013948	1.000001	0.015696	0.999983	0.011499	1.000000	0.011769	1.000000	0.011239	1349418425.471680	0.999988	43.005457	29.248411	0.000000	1.000000	0.999047	1.000000	0.999019	1.000020	0.011561	0.999995	0.011465	0.999998	0.011336	1.000001	0.011381	0.999990	0.011315	1.000000	1.000000	
1349418426.471464	1.000000	42.810776	28.972061	0.000000	1.000000	1.000000	1.000000	1.000000	1.000000	1.000000	1.000025	0.002409	0.999974	0.002554	0.996687	0.000095	0.998597	0.000223	0.999746	0.000106	1349418426.471688	1.000008	42.482169	28.735912	0.000000	1.000000	1.000000	1.000000	1.000000	0.986181	0.000069	1.000281	0.000114	0.994160	0.000074	0.987352	0.000062	0.993217	0.000068	1.000000	1.000000	
1349418427.471465	1.000001	42.773244	28.949756	0.000000	0.999982	0.998987	0.999983	0.998975	0.999983	0.998953	0.999624	0.002542	0.999777	0.000329	1.009572	0.000033	1.001785	0.000176	0.999845	0.000060	1349418427.471684	0.999996	42.525349	28.765650	0.000000	1.000000	0.999050	1.000000	0.999011	1.008944	0.000084	0.999939	0.000102	1.009919	0.000042	1.013298	0.000059	1.010433	0.000047	1.000000	1.000000	
1349418428.471466	1.000001	42.858174	29.017062	0.000000	1.000000	0.999979	1.000000	0.999962	1.000000	0.999961	1.000204	0.002467	1.000145	0.000237	0.998577	0.000064	1.000484	0.000230	0.999957	0.000135	1349418428.471698	1.000014	42.558178	28.795356	0.000000	1.000000	0.999993	1.000000	1.000000	1.000230	0.000067	0.999697	0.000113	1.000541	0.000069	1.000294	0.000056	1.001257	0.000062	1.000000	1.000000	
1349418429.471467	1.000001	715812490.002600	715764956.213733	715827202.055601	0.999971	1.000025	0.999974	1.000053	0.999983	1.000043	0.999972	1.000033	0.999975	1.000046	0.999975	1.000029	0.999973	1.000038	0.999974	1.000039	1349418429.471595	0.999897	715853126.362197	715845002.667465	715901620.316363	0.999973	1.000035	0.999972	1.000043	3.894028	0.256810	0.999972	1.000031	0.999973	1.000036	0.999977	1.000038	0.999974	1.000042	0.999973	1.000034	
1349418430.471460	0.999993	0.000000	0.000000	0.000000	-nan	-nan	-nan	-nan	8.000000	inf	-nan	-nan	-nan	0.000000	-nan	-nan	-nan	-nan	-nan	-nan	1349418430.471534	0.999939	0.000000	0.000000	0.000000	-nan	-nan	-nan	-nan	0.000000	inf	-nan	-nan	-nan	-nan	-nan	-nan	-nan	-nan	-nan	-nan	
