ts_0	elapsed_0	pkg_0	pp0_0	dram_0	freq_ratio_0_0	c0_ratio_0_0	freq_ratio_0_1	c0_ratio_0_1	freq_ratio_0_2	c0_ratio_0_2	freq_ratio_0_3	c0_ratio_0_3	freq_ratio_0_4	c0_ratio_0_4	freq_ratio_0_5	c0_ratio_0_5	freq_ratio_0_6	c0_ratio_0_6	freq_ratio_0_7	c0_ratio_0_7	ts_1	elapsed_1	pkg_1	pp0_1	dram_1	freq_ratio_1_0	c0_ratio_1_0	freq_ratio_1_1	c0_ratio_1_1	freq_ratio_1_2	c0_ratio_1_2	freq_ratio_1_3	c0_ratio_1_3	freq_ratio_1_4	c0_ratio_1_4	freq_ratio_1_5	c0_ratio_1_5	freq_ratio_1_6	c0_ratio_1_6	freq_ratio_1_7	c0_ratio_1_7	
1349418378.336318	1.001003	57.027867	43.011378	0.000000	0.999998	0.983112	0.999962	0.983542	0.999981	0.983168	0.999977	0.983129	0.999997	0.982763	0.999997	0.982800	0.996874	0.001336	0.983077	0.000173	1349418378.336454	1.000348	58.592947	44.568226	0.000000	1.000000	0.984140	0.999980	0.984566	1.000000	0.983699	0.999982	0.983847	1.000000	0.983932	0.994492	0.000178	0.969408	0.000649	1.000000	0.998390	
1349418379.336319	1.000001	58.019827	43.920338	0.000000	1.000000	0.999954	1.000000	0.999937	0.999999	0.999981	1.000000	0.999873	1.000000	0.999959	1.000000	0.999950	1.000210	0.000638	1.004942	0.000063	1349418379.336459	1.000005	59.571601	45.456636	0.000000	1.000000	0.999988	1.000000	1.000000	1.000000	0.999992	1.000000	0.999921	1.000000	0.999979	1.012387	0.000068	0.999943	0.000293	1.000000	1.000000	
1349418380.336317	0.999998	58.054722	43.956322	0.000000	1.000000	1.000000	1.000001	0.999958	1.000000	1.000000	1.000000	0.999936	1.000000	1.000000	1.000000	0.999936	0.999863	0.001568	0.997697	0.000100	1349418380.336452	0.999993	59.663697	45.545786	0.000000	1.000000	1.000000	1.000000	1.000000	1.000000	0.999992	1.000000	1.000000	1.000000	1.000000	0.999705	0.000073	0.999406	0.003014	1.000000	1.000000	
1349418381.336318	1.000001	56.947089	42.980443	0.000000	1.000000	0.996420	0.999999	0.996397	1.000000	0.996431	0.999999	0.996359	1.000000	0.996387	1.000000	0.996381	1.000018	0.001811	0.999797	0.000059	1349418381.336459	1.000007	58.565849	44.601468	0.000000	1.000000	0.996437	1.000000	0.996434	1.000000	0.996422	1.000000	0.996384	1.000000	0.996406	1.000012	0.001010	1.006190	0.000289	1.000000	1.000000	
1349418382.336318	1.000000	57.820282	43.699539	0.000000	1.000000	0.999876	1.000000	0.999794	0.999999	0.999908	1.000000	0.999750	1.000000	0.999745	0.999999	0.999751	1.000688	0.001099	1.000134	0.000161	1349418382.336473	1.000014	59.766142	45.630446	0.000000	1.000000	0.999942	1.000000	1.000000	1.000000	0.999878	1.000000	0.999778	1.000000	0.999774	1.000149	0.000148	1.000024	0.000522	1.000000	1.000000	
1349418383.336320	1.000002	57.797299	43.674294	0.000000	1.000000	0.998484	1.000000	0.998413	1.000000	0.998515	1.000000	0.998352	1.000000	0.998418	1.000001	0.998403	0.999990	0.002144	0.999933	0.000052	1349418383.336464	0.999991	59.777687	45.641084	0.000000	1.000000	0.998543	1.000000	0.998498	1.000000	0.998531	1.000000	0.998369	1.000000	0.998441	0.999634	0.000071	0.999960	0.000308	1.000000	1.000000	
1349418384.336316	0.999996	715777123.929192	715806298.620500	715830786.066720	0.999971	1.000016	0.999970	1.000028	0.999980	1.000026	0.999970	1.000015	0.999970	1.000018	0.999975	1.000023	0.999972	1.000025	0.999971	1.000019	1349418384.336428	0.999964	715841750.491715	715823334.102888	715853656.316168	0.999972	1.000023	0.999968	1.000021	3.894261	0.256788	0.999971	1.000020	0.999971	1.000020	0.999976	1.000025	0.999973	1.000029	0.999971	1.000019	
1349418385.336368	1.000052	0.000000	0.000000	0.000000	-nan	-nan	-nan	-nan	0.000000	inf	-nan	-nan	-nan	0.000000	-nan	-nan	-nan	-nan	-nan	-nan	1349418385.336450	1.000022	0.000000	0.000000	0.000000	-nan	-nan	-nan	-nan	0.000000	inf	-nan	-nan	-nan	-nan	-nan	-nan	-nan	-nan	-nan	-nan	
1349418386.336440	1.000072	0.000000	0.000000	0.000000	-nan	-nan	-nan	-nan	0.000000	inf	-nan	-nan	-nan	0.000000	0.000000	inf	-nan	-nan	-nan	-nan	1349418386.336549	1.000099	0.000000	0.000000	0.000000	-nan	-nan	-nan	-nan	inf	-nan	-nan	-nan	-nan	-nan	-nan	-nan	-nan	-nan	-nan	-nan	
