ts_0	elapsed_0	pkg_0	pp0_0	dram_0	freq_ratio_0_0	c0_ratio_0_0	freq_ratio_0_1	c0_ratio_0_1	freq_ratio_0_2	c0_ratio_0_2	freq_ratio_0_3	c0_ratio_0_3	freq_ratio_0_4	c0_ratio_0_4	freq_ratio_0_5	c0_ratio_0_5	freq_ratio_0_6	c0_ratio_0_6	freq_ratio_0_7	c0_ratio_0_7	ts_1	elapsed_1	pkg_1	pp0_1	dram_1	freq_ratio_1_0	c0_ratio_1_0	freq_ratio_1_1	c0_ratio_1_1	freq_ratio_1_2	c0_ratio_1_2	freq_ratio_1_3	c0_ratio_1_3	freq_ratio_1_4	c0_ratio_1_4	freq_ratio_1_5	c0_ratio_1_5	freq_ratio_1_6	c0_ratio_1_6	freq_ratio_1_7	c0_ratio_1_7	
1349418378.338671	1.001009	45.635763	31.897107	0.000000	0.999996	0.987295	0.999979	0.982582	0.999996	0.971674	0.999996	0.969419	0.994497	0.000762	0.968376	0.000113	0.968314	0.000120	0.982040	0.000202	1349418378.338859	1.000452	68.815206	54.732995	0.000000	0.999991	0.987315	1.000001	0.987079	1.000001	0.972115	1.000001	0.987365	1.000001	0.971736	1.000001	0.971177	1.000001	0.971154	0.999942	0.988599	
1349418379.338667	0.999996	50.818504	36.983503	0.000000	1.000000	0.999992	1.000000	0.506252	1.000000	0.999960	1.000000	1.000000	0.999988	0.016641	1.000000	0.506622	1.000000	0.506200	1.000002	0.012217	1349418379.338813	0.999954	67.850763	53.634029	0.000000	1.000000	0.999996	1.000000	1.000000	1.000000	0.999992	1.000000	0.999991	1.000000	0.999991	1.000000	0.999999	0.999997	0.505999	1.000000	1.000000	
1349418380.338674	1.000007	52.156057	38.280772	0.000000	1.000000	0.999999	0.997866	0.000352	1.000000	1.000000	1.000000	1.000000	1.000223	0.000765	1.000000	1.000000	1.000000	1.000000	0.999886	0.000197	1349418380.338841	1.000028	64.404209	50.149922	0.000000	1.000000	1.000000	1.000000	1.000000	1.000000	1.000000	1.000000	1.000000	1.000000	1.000000	1.000000	0.999948	1.000642	0.001166	1.000000	1.000000	
1349418381.338667	0.999993	51.160693	37.409927	0.000000	0.999977	0.995941	0.999418	0.000344	1.000000	0.995738	0.999984	0.995889	0.999756	0.000567	0.999992	0.995914	0.999992	0.995802	0.999348	0.000080	1349418381.338822	0.999981	62.878625	48.835114	0.000000	1.000000	0.995904	1.000000	0.995980	1.000000	0.995970	1.000000	0.995956	1.000000	0.995755	1.000000	0.995753	0.999425	0.000286	1.000000	1.000000	
1349418382.338667	1.000000	52.170013	38.286179	0.000000	0.999949	0.999785	1.002254	0.000415	0.999990	0.999697	0.999958	0.999799	1.000201	0.000842	0.999979	0.999683	0.999968	0.999631	1.000130	0.000208	1349418382.338832	1.000010	64.334286	50.091005	0.000000	1.000000	0.999833	1.000000	0.999848	1.000000	0.999855	1.000000	0.999847	1.000000	0.999774	1.000000	0.999712	0.997384	0.000248	1.000000	1.000000	
1349418383.338669	1.000002	52.136955	38.269733	0.000000	1.000000	1.000000	0.999787	0.000501	1.000000	1.000000	1.000000	1.000000	0.999761	0.000660	1.000000	1.000000	1.000000	1.000000	1.000409	0.000075	1349418383.338832	1.000000	64.396683	50.136139	0.000000	1.000000	1.000000	1.000000	1.000000	1.000000	1.000000	1.000000	1.000000	1.000000	1.000000	1.000000	1.000000	1.002487	0.000313	1.000000	1.000000	
1349418384.338668	0.999999	715826046.158613	715802464.036530	715828567.388938	0.999984	1.000024	0.999982	1.000027	0.999983	1.000027	0.999984	1.000024	0.999984	1.000027	0.999987	1.000022	0.999984	1.000027	0.999984	1.000025	1349418384.338779	0.999947	715861869.371969	715858250.986665	715865774.727205	0.999984	1.000025	0.999982	1.000026	3.893415	0.256848	0.999984	1.000024	0.999984	1.000027	0.999987	1.000023	0.999984	1.000027	0.999985	1.000025	
1349418385.338720	1.000052	0.000000	0.000000	0.000000	-nan	-nan	-nan	-nan	1.000008	inf	-nan	-nan	-nan	0.000000	-nan	-nan	-nan	-nan	-nan	-nan	1349418385.338800	1.000021	0.000000	0.000000	0.000000	-nan	-nan	-nan	-nan	1.345745	inf	-nan	-nan	-nan	-nan	-nan	-nan	-nan	-nan	-nan	-nan	
1349418386.338716	0.999996	0.000000	0.000000	0.000000	-nan	-nan	-nan	-nan	0.000000	inf	-nan	-nan	-nan	0.000000	0.000000	inf	-nan	-nan	-nan	-nan	1349418386.338800	1.000000	0.000000	0.000000	0.000000	-nan	-nan	-nan	-nan	inf	-nan	-nan	-nan	-nan	-nan	-nan	-nan	-nan	-nan	-nan	-nan	
