ts_0	elapsed_0	pkg_0	pp0_0	dram_0	freq_ratio_0_0	c0_ratio_0_0	freq_ratio_0_1	c0_ratio_0_1	freq_ratio_0_2	c0_ratio_0_2	freq_ratio_0_3	c0_ratio_0_3	freq_ratio_0_4	c0_ratio_0_4	freq_ratio_0_5	c0_ratio_0_5	freq_ratio_0_6	c0_ratio_0_6	freq_ratio_0_7	c0_ratio_0_7	ts_1	elapsed_1	pkg_1	pp0_1	dram_1	freq_ratio_1_0	c0_ratio_1_0	freq_ratio_1_1	c0_ratio_1_1	freq_ratio_1_2	c0_ratio_1_2	freq_ratio_1_3	c0_ratio_1_3	freq_ratio_1_4	c0_ratio_1_4	freq_ratio_1_5	c0_ratio_1_5	freq_ratio_1_6	c0_ratio_1_6	freq_ratio_1_7	c0_ratio_1_7	
1349477820.429470	1.000784	79.474670	65.651644	6.688528	1.155567	0.992208	1.154986	0.990122	1.155031	0.989522	1.155042	0.989088	1.153930	0.974719	1.154174	0.977207	1.153873	0.973252	1.153855	0.972852	1349477820.429546	1.000428	57.490823	44.114208	5.661182	1.230612	0.989892	1.230641	0.989670	1.230641	0.977025	1.001478	0.000130	1.154224	0.000083	1.201888	0.000136	1.179313	0.002278	1.230400	0.990989	
1349477821.429464	0.999994	81.973297	67.896324	7.581497	1.153841	0.995426	1.153852	0.995211	1.153851	0.995259	1.153848	0.995124	1.153860	0.995410	1.153854	0.995311	1.153852	0.995194	1.153858	0.995377	1349477821.429540	0.999994	62.031345	48.510680	6.570443	1.207891	0.995268	1.207891	0.995313	1.207892	0.995374	1.192310	0.591863	1.191422	0.000469	1.194545	0.000267	1.192108	0.000143	1.208163	0.999880	
1349477822.429463	0.999999	79.747741	65.666902	7.459480	1.153773	0.972867	1.153861	0.972574	1.153850	0.971006	1.153851	0.972442	1.153848	0.972370	1.153850	0.972314	1.153838	0.972521	1.153746	0.973028	1349477822.429539	0.999999	67.927784	54.366034	6.047476	1.192281	0.972259	1.192282	0.972371	1.192282	0.972368	1.192281	0.972321	1.157010	0.000396	1.154004	0.000098	1.192266	0.592929	1.194370	0.999643	
1349477823.429476	1.000013	80.879570	66.603054	7.952181	1.153665	0.981537	1.153806	0.981330	1.153810	0.980907	1.153786	0.981101	1.153813	0.980900	1.153813	0.980901	1.153747	0.981102	1.153733	0.981117	1349477823.429553	1.000014	71.914699	58.250203	6.490067	1.192295	0.980874	1.192296	0.980956	1.192298	0.981026	1.192293	0.980859	1.153985	0.000133	1.155522	0.000062	1.192298	0.981019	1.193693	0.999641	
1349477824.429466	0.999990	87.088763	71.828600	11.020511	1.153868	0.999891	1.153868	0.999891	1.153846	0.999481	1.153857	0.999706	1.153846	0.999475	1.153846	0.999471	1.153854	0.999656	1.153857	0.999672	1349477824.429540	0.999987	76.260140	62.107748	7.860363	1.192272	0.999457	1.192272	0.999558	1.192271	0.999539	1.192272	0.999554	1.153658	0.000414	1.153733	0.000153	1.192272	0.999512	1.192279	0.999699	
1349477825.429473	1.000007	87.291556	72.016577	11.050476	1.153854	0.999967	1.153854	0.999967	1.153846	0.999756	1.153848	0.999889	1.153846	0.999837	1.153846	0.999836	1.153848	0.999888	1.153848	0.999887	1349477825.429548	1.000008	76.336967	62.180633	7.851209	1.192289	0.999726	1.192289	0.999758	1.192289	0.999767	1.192289	0.999757	1.153876	0.000164	1.153859	0.000122	1.192288	0.999764	1.192292	0.999841	
1349477826.429464	0.999991	87.468093	72.172086	11.067483	1.153869	0.999900	1.153869	0.999903	1.153846	0.999519	1.153851	0.999672	1.153846	0.999524	1.153846	0.999514	1.153851	0.999668	1.153851	0.999665	1349477826.429536	0.999988	76.453411	62.297358	7.794008	1.192284	0.999335	1.192284	0.999440	1.192286	0.999513	1.192284	0.999434	1.154056	0.000256	1.154264	0.000124	1.192286	0.999510	1.192297	0.999745	
1349477827.429479	1.000015	715807846.527391	715756237.924763	715808922.185123	0.999997	1.000177	0.999994	1.000179	0.999996	1.000183	0.999997	1.000176	0.999997	1.000179	0.999999	1.000174	0.999997	1.000179	0.999997	1.000177	1349477827.429573	1.000037	715736863.105891	715793686.380444	715783970.728514	0.999997	1.000176	0.999994	1.000179	3.892565	0.256946	0.999997	1.000176	0.999997	1.000179	0.999999	1.000174	0.999997	1.000179	0.999997	1.000176	
1349477828.429544	1.000065	0.000000	0.000000	0.000000	-nan	-nan	-nan	-nan	1.000008	inf	-nan	-nan	-nan	0.000000	-nan	-nan	-nan	-nan	-nan	-nan	1349477828.429607	1.000034	0.000000	0.000000	0.000000	-nan	-nan	-nan	-nan	1.345745	inf	-nan	-nan	-nan	-nan	-nan	-nan	-nan	-nan	-nan	-nan	
