ts_0	elapsed_0	pkg_0	pp0_0	dram_0	freq_ratio_0_0	c0_ratio_0_0	freq_ratio_0_1	c0_ratio_0_1	freq_ratio_0_2	c0_ratio_0_2	freq_ratio_0_3	c0_ratio_0_3	freq_ratio_0_4	c0_ratio_0_4	freq_ratio_0_5	c0_ratio_0_5	freq_ratio_0_6	c0_ratio_0_6	freq_ratio_0_7	c0_ratio_0_7	ts_1	elapsed_1	pkg_1	pp0_1	dram_1	freq_ratio_1_0	c0_ratio_1_0	freq_ratio_1_1	c0_ratio_1_1	freq_ratio_1_2	c0_ratio_1_2	freq_ratio_1_3	c0_ratio_1_3	freq_ratio_1_4	c0_ratio_1_4	freq_ratio_1_5	c0_ratio_1_5	freq_ratio_1_6	c0_ratio_1_6	freq_ratio_1_7	c0_ratio_1_7	
1349477820.428543	1.000580	69.604293	55.692380	7.207398	1.191606	0.915148	1.191317	0.915861	1.192204	0.922193	1.191678	0.914438	1.191696	0.914482	1.191698	0.914504	1.153465	0.003900	1.105947	0.000054	1349477820.428673	1.000388	82.356496	68.514469	6.420788	1.153789	0.921154	1.153871	0.920419	1.153831	0.920418	1.153857	0.920270	1.153852	0.920205	1.153850	0.920182	1.153864	0.920349	1.161791	0.991565	
1349477821.428543	1.000000	74.020782	59.899506	7.986298	1.191475	0.981896	1.191456	0.981921	1.191504	0.981845	1.191578	0.981744	1.191593	0.981720	1.191583	0.981729	1.146147	0.002666	1.153618	0.001947	1349477821.428671	0.999998	87.212935	73.162905	7.784332	1.153855	0.987697	1.153846	0.987557	1.153855	0.987693	1.153846	0.987554	1.153846	0.987551	1.153846	0.987548	1.153854	0.987690	1.155255	0.999903	
1349477822.428542	0.999999	72.942254	58.881892	7.611915	1.191734	0.968306	1.191764	0.968259	1.191767	0.968249	1.191802	0.968196	1.191804	0.968185	1.191805	0.968187	1.100965	0.000424	1.153823	0.003546	1349477822.428670	0.999999	86.285254	72.305107	7.082954	1.153861	0.973343	1.153849	0.973156	1.153860	0.973339	1.153846	0.973054	1.153846	0.973050	1.153846	0.973047	1.153861	0.973353	1.156913	0.999869	
1349477823.428541	0.999999	74.213206	60.032589	7.953026	1.191883	0.978960	1.191904	0.978933	1.191907	0.978914	1.191949	0.978859	1.191935	0.978873	1.191952	0.978853	1.154102	0.000686	1.154067	0.001945	1349477823.428674	1.000004	87.567257	73.453712	7.622268	1.153854	0.981959	1.153848	0.981869	1.153854	0.981957	1.153846	0.981816	1.153846	0.981815	1.153847	0.981845	1.153853	0.981955	1.155921	0.999924	
1349477824.428554	1.000013	79.429638	64.567024	9.857338	1.192250	0.999527	1.192250	0.999561	1.192249	0.999468	1.192250	0.999379	1.192249	0.999467	1.192251	0.999518	1.153042	0.000906	1.153500	0.000032	1349477824.428691	1.000017	93.646166	78.759913	9.747073	1.153850	0.999978	1.153850	0.999978	1.153850	0.999978	1.153846	0.999886	1.153846	0.999892	1.153846	0.999891	1.153846	0.999855	1.153850	0.999978	
1349477825.428553	0.999999	79.452438	64.586732	9.856104	1.191799	0.996032	1.191797	0.996037	1.191798	0.996025	1.191800	0.995731	1.191799	0.995962	1.191802	0.996095	1.156359	0.000763	1.153828	0.002673	1349477825.428696	1.000005	93.765522	78.858736	9.760373	1.153854	0.999944	1.153854	0.999944	1.153850	0.999869	1.153846	0.999735	1.153846	0.999733	1.153847	0.999768	1.153853	0.999769	1.153854	0.999924	
1349477826.428543	0.999990	79.578662	64.705009	9.832618	1.192142	0.998240	1.192142	0.998243	1.192142	0.998237	1.192143	0.998166	1.192143	0.998227	1.192143	0.998157	1.152958	0.000580	1.153658	0.001088	1349477826.428671	0.999975	94.013431	79.092816	9.692763	1.153850	0.999946	1.153850	0.999940	1.153850	0.999947	1.153848	0.999864	1.153846	0.999794	1.153848	0.999863	1.153850	0.999899	1.153850	0.999954	
1349477827.428549	1.000006	715760182.413158	715761847.674992	715780985.851355	0.999989	1.000127	0.999987	1.000130	0.999989	1.000134	0.999989	1.000127	0.999989	1.000129	0.999992	1.000125	0.999989	1.000130	0.999989	1.000127	1349477827.428642	0.999971	715834782.955155	715824013.531689	715820072.431855	0.999989	1.000127	0.999986	1.000129	3.893094	0.256897	0.999989	1.000127	0.999989	1.000130	0.999992	1.000124	0.999989	1.000130	0.999989	1.000127	
1349477828.428533	0.999984	0.000000	0.000000	0.000000	-nan	-nan	-nan	-nan	0.000000	inf	-nan	-nan	-nan	0.000000	-nan	-nan	-nan	-nan	-nan	-nan	1349477828.428599	0.999957	0.000000	0.000000	0.000000	-nan	-nan	-nan	-nan	0.000000	inf	-nan	-nan	-nan	-nan	-nan	-nan	-nan	-nan	-nan	-nan	
