ts_0	elapsed_0	pkg_0	pp0_0	dram_0	freq_ratio_0_0	c0_ratio_0_0	freq_ratio_0_1	c0_ratio_0_1	freq_ratio_0_2	c0_ratio_0_2	freq_ratio_0_3	c0_ratio_0_3	freq_ratio_0_4	c0_ratio_0_4	freq_ratio_0_5	c0_ratio_0_5	freq_ratio_0_6	c0_ratio_0_6	freq_ratio_0_7	c0_ratio_0_7	ts_1	elapsed_1	pkg_1	pp0_1	dram_1	freq_ratio_1_0	c0_ratio_1_0	freq_ratio_1_1	c0_ratio_1_1	freq_ratio_1_2	c0_ratio_1_2	freq_ratio_1_3	c0_ratio_1_3	freq_ratio_1_4	c0_ratio_1_4	freq_ratio_1_5	c0_ratio_1_5	freq_ratio_1_6	c0_ratio_1_6	freq_ratio_1_7	c0_ratio_1_7	
1349478539.047895	1.000767	55.206940	41.467188	5.770797	1.230920	0.955633	1.231996	0.990436	1.232189	0.990156	1.230744	0.007483	1.187177	0.000035	1.208725	0.000035	1.225855	0.000065	1.229884	0.000141	1349478539.048238	1.000688	57.049125	43.211478	7.629272	1.229528	0.040861	1.230764	0.991225	1.230742	0.986792	1.257311	0.000033	0.756503	0.000050	1.174830	0.000086	0.861112	0.000046	1.230725	0.993419	
1349478540.047894	0.999999	55.293815	41.542978	5.840795	1.230758	0.999323	1.230733	0.999364	1.230733	0.999368	1.229644	0.000831	1.233663	0.000060	1.233403	0.000050	1.230881	0.000072	1.230867	0.000212	1349478540.048249	1.000011	57.162779	43.272353	7.899938	1.229722	0.000388	1.230765	0.999460	1.230763	0.999379	1.225088	0.000078	1.226927	0.000061	1.216655	0.000051	1.229152	0.000059	1.230782	0.999902	
1349478541.047893	0.999999	55.253303	41.509805	5.847586	1.230766	0.999956	1.230765	0.999956	1.230766	0.999956	1.231118	0.000409	1.253859	0.000012	1.236741	0.000017	1.236225	0.000044	1.231403	0.000139	1349478541.048232	0.999983	57.209358	43.311875	7.920895	1.222859	0.000294	1.230765	0.999956	1.230765	0.999956	1.231005	0.000011	1.249160	0.000011	1.233026	0.000013	1.220612	0.000013	1.230764	0.999943	
1349478542.047892	0.999999	55.368461	41.608438	5.855642	1.230764	0.999931	1.230763	0.999931	1.230764	0.999931	1.230771	0.000789	1.219461	0.000063	1.223124	0.000044	1.226317	0.000059	1.230347	0.000192	1349478542.048106	0.999874	57.257803	43.355113	7.889940	1.233212	0.000738	1.230763	0.999932	1.230763	0.999932	1.227686	0.000112	1.231491	0.000055	1.233292	0.000338	1.231663	0.000057	1.230763	0.999934	
1349478543.047893	1.000001	55.516335	41.753119	5.861200	1.230763	0.999164	1.230763	0.999157	1.230765	0.999234	1.230432	0.002681	1.211014	0.000067	1.225199	0.000012	1.234723	0.000039	1.230797	0.000121	1349478543.048238	1.000132	57.204663	43.306398	7.892390	1.231023	0.000260	1.230767	0.999260	1.230765	0.999174	1.231637	0.000006	1.219891	0.000011	1.216442	0.000012	1.228345	0.000014	1.230791	0.999911	
1349478544.047893	1.000000	55.539246	41.776474	5.863174	1.230731	0.998786	1.230739	0.998873	1.230722	0.998827	1.230465	0.002822	1.207340	0.000115	1.227950	0.000045	1.229216	0.000071	1.229933	0.000176	1349478544.048231	0.999993	57.233108	43.334727	7.911600	1.220845	0.000312	1.230765	0.998967	1.230763	0.998887	1.223598	0.000070	1.233080	0.000049	1.230106	0.000095	1.228272	0.000054	1.230800	0.999883	
1349478545.047892	0.999999	54.689627	40.922952	5.872183	1.230758	0.848525	1.235290	0.998440	1.235289	0.998432	1.230396	0.004228	1.227777	0.000730	1.228779	0.000013	1.229706	0.000042	1.227558	0.000135	1349478545.048268	1.000037	58.671278	44.757684	7.905592	1.230068	0.151689	1.230656	0.999653	1.230656	0.999642	1.192028	0.002040	1.221728	0.000015	1.216988	0.000015	1.231199	0.000014	1.230658	0.999767	
1349478546.047890	0.999998	715819806.941053	715815720.964144	715790746.912176	0.999996	1.000170	0.999993	1.000172	0.999996	1.000177	0.999996	1.000170	0.999996	1.000172	0.999999	1.000167	0.999996	1.000172	0.999996	1.000170	1349478546.047978	0.999710	716034756.829479	716005885.037624	715977127.761528	0.999996	1.000170	0.999993	1.000172	3.892615	0.256941	0.999996	1.000170	0.999996	1.000172	0.999999	1.000167	0.999996	1.000172	0.999996	1.000169	
1349478547.047950	1.000060	0.000000	0.000000	0.000000	-nan	-nan	-nan	-nan	1.000008	inf	-nan	-nan	-nan	0.000000	-nan	-nan	-nan	-nan	-nan	-nan	1349478547.048029	1.000051	0.000000	0.000000	0.000000	-nan	-nan	-nan	-nan	1.345745	inf	-nan	-nan	-nan	-nan	-nan	-nan	-nan	-nan	-nan	-nan	
1349478548.047968	1.000018	0.000000	0.000000	0.000000	-nan	-nan	-nan	-nan	0.000000	inf	-nan	-nan	-nan	0.000000	0.000000	inf	-nan	-nan	-nan	-nan	1349478548.048037	1.000008	0.000000	0.000000	0.000000	-nan	-nan	-nan	-nan	inf	-nan	-nan	-nan	-nan	-nan	-nan	-nan	-nan	-nan	-nan	-nan	
