ts_0	elapsed_0	pkg_0	pp0_0	dram_0	freq_ratio_0_0	c0_ratio_0_0	freq_ratio_0_1	c0_ratio_0_1	freq_ratio_0_2	c0_ratio_0_2	freq_ratio_0_3	c0_ratio_0_3	freq_ratio_0_4	c0_ratio_0_4	freq_ratio_0_5	c0_ratio_0_5	freq_ratio_0_6	c0_ratio_0_6	freq_ratio_0_7	c0_ratio_0_7	ts_1	elapsed_1	pkg_1	pp0_1	dram_1	freq_ratio_1_0	c0_ratio_1_0	freq_ratio_1_1	c0_ratio_1_1	freq_ratio_1_2	c0_ratio_1_2	freq_ratio_1_3	c0_ratio_1_3	freq_ratio_1_4	c0_ratio_1_4	freq_ratio_1_5	c0_ratio_1_5	freq_ratio_1_6	c0_ratio_1_6	freq_ratio_1_7	c0_ratio_1_7	
1349478539.046883	1.000626	56.461492	42.723053	7.767750	1.230983	0.998410	1.230774	0.992838	1.230770	0.992736	1.209651	0.000234	1.223337	0.000144	1.219353	0.000076	1.220678	0.000104	1.229253	0.000349	1349478539.047233	1.000778	56.547637	42.721296	7.664585	1.230747	0.993063	1.230764	0.992989	1.230932	0.001850	1.172396	0.000076	0.974822	0.000101	1.178290	0.000079	1.023576	0.000108	1.230771	0.993554	
1349478540.046881	0.999998	57.122286	43.323203	7.953918	1.230726	0.999535	1.230739	0.999526	1.230723	0.999548	1.240790	0.000180	1.200567	0.000060	1.229641	0.000015	1.230866	0.000044	1.225952	0.000725	1349478540.047227	0.999994	57.269979	43.417526	7.904024	1.230764	0.999634	1.230763	0.999615	1.230664	0.003082	1.211629	0.000021	1.231368	0.000011	1.229841	0.000013	1.239722	0.000014	1.230774	0.999911	
1349478541.046878	0.999997	57.211344	43.405133	7.930170	1.230765	0.999855	1.230764	0.999848	1.230766	0.999928	1.232706	0.000235	1.227999	0.000083	1.224941	0.000061	1.230767	0.000078	1.230644	0.000332	1349478541.047234	1.000007	57.322174	43.489796	7.904822	1.230765	0.999943	1.230765	0.999954	1.230763	0.003073	1.231574	0.000049	1.230465	0.000047	1.227570	0.000050	1.230563	0.000052	1.230765	0.999953	
1349478542.046880	1.000002	57.305433	43.498361	7.922775	1.230760	0.999735	1.230724	0.999787	1.230737	0.999774	1.229366	0.000519	1.231771	0.000053	1.247088	0.000037	1.220380	0.000060	1.230360	0.002222	1349478542.047230	0.999996	57.305042	43.476998	7.890016	1.230763	0.999918	1.230763	0.999931	1.230130	0.002252	1.226921	0.000109	1.230471	0.000010	1.243475	0.000012	1.230874	0.000013	1.230763	0.999933	
1349478543.046880	1.000000	57.356537	43.550262	7.953720	1.230764	0.999766	1.230731	0.999812	1.230732	0.999816	1.227313	0.000246	1.225725	0.000068	1.226114	0.000052	1.229250	0.000277	1.230597	0.000572	1349478543.047228	0.999998	57.268466	43.437980	7.910400	1.230765	0.999926	1.230765	0.999955	1.230379	0.000502	1.228440	0.000086	1.230890	0.000087	1.230718	0.000082	1.229761	0.000117	1.230765	0.999953	
1349478544.046887	1.000007	57.367157	43.559239	7.889487	1.230763	0.999924	1.230764	0.999894	1.230764	0.999930	1.229646	0.000189	1.219738	0.000026	1.230894	0.000018	1.232042	0.000311	1.230495	0.000298	1349478544.047237	1.000009	57.212525	43.393894	7.904149	1.230763	0.999926	1.230763	0.999930	1.229647	0.000227	1.218342	0.000028	1.230756	0.000016	1.230325	0.000016	1.240430	0.000012	1.230763	0.999933	
1349478545.046880	0.999993	57.403351	43.592510	7.914316	1.230759	0.999790	1.230760	0.999864	1.230760	0.999840	1.230217	0.000230	1.217862	0.000127	1.230701	0.000065	1.230796	0.000105	1.225949	0.000801	1349478545.047227	0.999990	57.302469	43.468102	7.917697	1.230767	0.999923	1.230765	0.999852	1.231197	0.000458	1.233422	0.000046	1.230873	0.000048	1.230471	0.000059	1.230813	0.000076	1.230767	0.999935	
1349478546.046875	0.999995	715789480.019228	715775344.923875	715768154.034966	0.999992	1.000149	0.999990	1.000154	0.999992	1.000156	0.999993	1.000150	0.999993	1.000152	0.999995	1.000146	0.999992	1.000152	0.999992	1.000149	1349478546.046961	0.999734	716013539.600934	715958308.042534	716005484.826182	0.999993	1.000150	0.999990	1.000152	3.892857	0.256919	0.999992	1.000150	0.999992	1.000152	0.999995	1.000147	0.999992	1.000151	0.999992	1.000150	
1349478547.046876	1.000001	0.000000	0.000000	0.000000	-nan	-nan	-nan	-nan	1.000008	inf	-nan	-nan	-nan	0.000000	-nan	-nan	-nan	-nan	-nan	-nan	1349478547.046932	0.999971	0.000000	0.000000	0.000000	-nan	-nan	-nan	-nan	1.345745	inf	-nan	-nan	-nan	-nan	-nan	-nan	-nan	-nan	-nan	-nan	
1349478548.046958	1.000082	0.000000	0.000000	0.000000	-nan	-nan	-nan	-nan	0.000000	inf	-nan	-nan	-nan	0.000000	0.000000	inf	-nan	-nan	-nan	-nan	1349478548.047028	1.000096	0.000000	0.000000	0.000000	-nan	-nan	-nan	-nan	inf	-nan	-nan	-nan	-nan	-nan	-nan	-nan	-nan	-nan	-nan	-nan	
