ts_0	elapsed_0	pkg_0	pp0_0	dram_0	freq_ratio_0_0	c0_ratio_0_0	freq_ratio_0_1	c0_ratio_0_1	freq_ratio_0_2	c0_ratio_0_2	freq_ratio_0_3	c0_ratio_0_3	freq_ratio_0_4	c0_ratio_0_4	freq_ratio_0_5	c0_ratio_0_5	freq_ratio_0_6	c0_ratio_0_6	freq_ratio_0_7	c0_ratio_0_7	ts_1	elapsed_1	pkg_1	pp0_1	dram_1	freq_ratio_1_0	c0_ratio_1_0	freq_ratio_1_1	c0_ratio_1_1	freq_ratio_1_2	c0_ratio_1_2	freq_ratio_1_3	c0_ratio_1_3	freq_ratio_1_4	c0_ratio_1_4	freq_ratio_1_5	c0_ratio_1_5	freq_ratio_1_6	c0_ratio_1_6	freq_ratio_1_7	c0_ratio_1_7	
1349477364.237782	1.000499	60.614498	46.160300	8.394172	0.999998	0.998479	1.000000	0.993629	1.000000	0.992997	0.998746	0.001412	1.000000	0.992856	1.000002	0.991992	1.000000	0.991845	0.999998	0.000496	1349477364.237921	1.000393	60.802831	46.393652	8.233734	1.000001	0.993734	1.000001	0.964461	1.000001	0.992113	0.999982	0.992162	1.000001	0.992157	0.971910	0.000735	1.001026	0.000174	0.999974	0.994432	
1349477365.237782	1.000000	61.489868	46.960724	8.759186	1.000000	0.999950	0.999999	0.999996	1.000000	0.999964	0.999505	0.000863	1.000000	0.999877	1.000000	0.999992	1.000000	0.999941	1.000005	0.002807	1349477365.237937	1.000016	61.798222	47.282906	8.775174	1.000000	0.999989	1.000000	0.999938	1.000000	0.999962	1.000000	0.999954	1.000000	1.000000	1.000145	0.000445	1.002948	0.000021	1.000000	1.000000	
1349477366.237775	0.999993	61.482054	46.952595	8.755065	1.000000	0.999990	1.000001	1.000000	1.000000	1.000000	1.000920	0.000298	1.000000	1.000000	1.000000	0.999991	1.000000	0.999990	1.000079	0.000464	1349477366.237914	0.999977	61.868832	47.347382	8.754976	1.000000	0.999996	1.000000	1.000000	1.000000	0.999990	1.000000	0.999998	1.000000	1.000000	1.000489	0.000609	0.999869	0.000082	1.000000	1.000000	
1349477367.237775	1.000000	61.689087	47.130951	8.788498	1.000000	1.000000	1.000000	0.999989	1.000000	0.999991	1.000194	0.000213	1.000000	0.999957	1.000000	0.999955	1.000000	0.999954	1.000012	0.000414	1349477367.237914	1.000000	61.880264	47.368805	8.777985	1.000000	0.999982	1.000000	1.000000	1.000000	0.999957	1.000000	0.999957	1.000000	1.000000	0.999678	0.000519	1.000152	0.000122	1.000000	1.000000	
1349477368.237779	1.000004	61.685846	47.122459	8.776789	1.000000	0.999896	1.000000	0.999957	1.000000	0.999944	0.999271	0.000295	1.000000	0.999872	1.000000	0.999892	1.000000	0.999869	1.000002	0.000482	1349477368.237922	1.000008	61.957322	47.425992	8.778478	1.000000	0.999922	1.000000	0.999905	1.000000	0.999889	1.000000	0.999930	1.000000	1.000000	1.000279	0.000733	1.000053	0.000073	1.000000	1.000000	
1349477369.237775	0.999996	61.726202	47.161339	8.765477	1.000000	1.000000	1.000000	1.000000	1.000000	1.000000	0.999371	0.000277	1.000000	0.999945	1.000000	0.999944	1.000000	1.000000	0.999858	0.000403	1349477369.237917	0.999995	62.024435	47.491235	8.761213	1.000000	0.999970	1.000000	1.000000	1.000000	1.000000	1.000000	0.999973	1.000000	1.000000	0.999385	0.000253	0.999177	0.000020	1.000000	1.000000	
1349477370.237780	1.000005	61.758465	47.185692	8.740877	1.000000	0.999890	1.000000	0.999956	1.000000	0.999966	1.000713	0.000888	1.000000	0.999889	1.000000	0.999880	1.000000	0.999884	1.000140	0.000483	1349477370.237924	1.000007	62.067793	47.530006	8.755600	1.000000	0.999950	1.000000	0.999939	1.000000	0.999888	1.000000	0.999950	1.000000	0.999991	0.999640	0.000472	1.000072	0.000074	1.000000	1.000000	
1349477371.237781	1.000001	61.754259	47.183701	8.795951	1.000000	1.000000	1.000000	1.000000	1.000000	1.000000	0.998634	0.000380	1.000000	1.000000	1.000000	1.000000	1.000000	1.000000	0.999940	0.000395	1349477371.237921	0.999997	62.078226	47.543070	8.760571	1.000000	1.000000	1.000000	1.000000	1.000000	1.000000	1.000000	1.000000	1.000000	1.000000	1.000165	0.000366	1.000036	0.000021	1.000000	1.000000	
1349477372.237785	1.000004	61.828317	47.247413	8.779582	1.000000	0.999956	1.000000	1.000000	1.000000	1.000000	0.999421	0.000289	1.000000	0.999955	1.000000	1.000000	1.000000	1.000000	0.999879	0.000519	1349477372.237942	1.000021	62.135903	47.590631	8.757400	1.000000	1.000000	1.000000	0.999962	1.000000	1.000000	1.000000	0.999988	1.000000	1.000000	1.000326	0.000353	0.999974	0.000196	1.000000	1.000000	
1349477373.237786	1.000001	61.860323	47.279206	8.768974	1.000000	0.999917	1.000000	0.999952	1.000000	0.999964	1.000692	0.000249	1.000000	0.999920	1.000000	0.999928	1.000001	0.999899	0.999994	0.000435	1349477373.237927	0.999985	62.185749	47.640196	8.744623	1.000000	0.999942	1.000000	0.999912	1.000000	0.999931	1.000000	0.999942	1.000000	1.000000	1.000013	0.000355	0.998999	0.000017	1.000000	1.000000	
1349477374.237780	0.999994	61.831530	47.253761	8.732749	0.999979	0.999583	0.999979	0.999598	0.999979	0.999573	0.999077	0.000410	0.999998	0.999447	0.999995	0.999457	0.999999	0.999446	1.000068	0.000418	1349477374.237946	1.000019	62.177174	47.634879	8.771638	1.000000	0.999482	1.000000	0.999636	1.000000	0.999516	1.000000	0.999497	1.000000	0.999645	0.999588	0.000386	0.999850	0.000062	1.000000	1.000000	
1349477375.237775	0.999995	61.900090	47.316368	8.757795	1.000000	0.999842	1.000000	0.999867	1.000000	0.999806	1.000383	0.000827	1.000002	0.999740	1.000005	0.999791	1.000001	0.999733	0.999791	0.002963	1349477375.237920	0.999974	62.181105	47.633501	8.755843	1.000000	0.999739	1.000000	0.999800	1.000000	0.999826	1.000000	0.999798	1.000000	0.999796	1.000246	0.000328	1.000350	0.000018	1.000000	1.000000	
1349477376.237785	1.000010	61.924917	47.345763	8.768925	1.000000	0.999883	1.000000	0.999991	1.000000	1.000000	1.000077	0.000329	1.000000	0.999895	1.000000	0.999965	1.000000	0.999991	1.001301	0.000454	1349477376.237949	1.000029	62.218100	47.674349	8.769749	1.000000	0.999995	1.000000	0.999961	1.000000	0.999959	1.000000	0.999938	1.000000	0.999991	0.999782	0.000411	1.000118	0.000095	1.000000	1.000000	
1349477377.237791	1.000006	715783003.802508	715770518.711840	715783043.815666	0.999992	1.000148	0.999990	1.000154	1.000000	1.000148	0.999993	1.000150	0.999993	1.000153	0.999995	1.000147	0.999993	1.000154	0.999993	1.000150	1349477377.237907	0.999958	715810299.958693	715793989.094147	715850198.026651	0.999993	1.000150	0.999990	1.000153	3.892833	0.256921	0.999993	1.000150	0.999993	1.000154	0.999995	1.000148	0.999993	1.000153	0.999993	1.000152	
