ts_0	elapsed_0	pkg_0	pp0_0	dram_0	freq_ratio_0_0	c0_ratio_0_0	freq_ratio_0_1	c0_ratio_0_1	freq_ratio_0_2	c0_ratio_0_2	freq_ratio_0_3	c0_ratio_0_3	freq_ratio_0_4	c0_ratio_0_4	freq_ratio_0_5	c0_ratio_0_5	freq_ratio_0_6	c0_ratio_0_6	freq_ratio_0_7	c0_ratio_0_7	ts_1	elapsed_1	pkg_1	pp0_1	dram_1	freq_ratio_1_0	c0_ratio_1_0	freq_ratio_1_1	c0_ratio_1_1	freq_ratio_1_2	c0_ratio_1_2	freq_ratio_1_3	c0_ratio_1_3	freq_ratio_1_4	c0_ratio_1_4	freq_ratio_1_5	c0_ratio_1_5	freq_ratio_1_6	c0_ratio_1_6	freq_ratio_1_7	c0_ratio_1_7	
1349478552.792414	1.000676	50.421242	36.828287	5.812142	1.246508	0.009941	1.266948	0.984425	1.266951	0.984251	1.230001	0.001400	1.147385	0.000036	1.225627	0.000157	1.200287	0.000034	1.205972	0.000035	1349478552.792702	1.000736	49.598170	36.122645	5.708369	1.269208	0.994374	1.243274	0.000112	0.745521	0.000053	1.236049	0.000177	0.804136	0.000050	1.259082	0.000032	0.678924	0.000058	1.269197	0.995482	
1349478553.792403	0.999989	43.080306	29.443621	5.965245	1.269157	0.166888	1.268193	0.083358	1.269132	0.999008	1.264974	0.004750	1.240878	0.000075	1.268393	0.000151	1.254986	0.000053	1.255196	0.000065	1349478553.792628	0.999926	55.947876	42.400244	5.818438	1.234614	0.835849	1.230766	0.916115	1.224794	0.000076	1.228073	0.000144	1.208001	0.000057	1.229917	0.001180	1.230563	0.000062	1.233984	0.999930	
1349478554.792402	0.999999	50.679370	36.938542	6.899527	1.269185	0.999636	1.231398	0.000360	1.269184	0.999636	1.229049	0.000009	1.233254	0.000009	1.230279	0.000189	1.225062	0.000015	1.238897	0.000008	1349478554.792651	1.000023	50.040252	36.443517	5.815586	1.230761	0.001909	1.269021	0.997785	1.235106	0.000041	1.230930	0.000133	1.238820	0.000011	1.230580	0.000006	1.235169	0.000010	1.269022	0.997787	
1349478555.792401	0.999999	50.716861	36.969502	6.891272	1.269107	0.998950	1.230651	0.000879	1.269108	0.998939	1.232280	0.000098	1.249416	0.000107	1.229553	0.000227	1.089569	0.000081	1.236293	0.000095	1349478555.792660	1.000009	50.009404	36.414541	5.804284	1.230684	0.005537	1.268602	0.993598	1.225711	0.000099	1.228112	0.000128	1.228896	0.000066	1.230771	0.000067	1.230223	0.000063	1.268601	0.993598	
1349478556.792403	1.000002	50.732935	36.979986	6.903826	1.269171	0.999511	1.230637	0.000547	1.269172	0.999414	1.271012	0.000009	1.127844	0.000017	1.233025	0.000167	2.939177	0.000007	1.207641	0.000008	1349478556.792631	0.999971	50.009786	36.413626	5.803971	1.230226	0.003637	1.268847	0.995741	1.230895	0.000006	1.230741	0.000169	1.234528	0.000006	1.235123	0.000006	1.224002	0.000006	1.268846	0.995851	
1349478557.792404	1.000001	50.790326	37.037486	6.924066	1.269114	0.999143	1.228085	0.000760	1.269111	0.999141	1.225334	0.000110	1.252309	0.000069	1.230720	0.000204	1.230759	0.000067	1.233184	0.000075	1349478557.792633	1.000002	50.041500	36.444648	5.809239	1.208391	0.000026	1.269193	0.999671	1.225412	0.000072	1.228013	0.000142	1.230931	0.000059	1.230159	0.000057	1.230996	0.000064	1.269193	0.999713	
1349478558.792402	0.999998	54.791318	41.048082	6.926618	1.222118	0.997452	1.159439	0.005232	1.222115	0.997419	1.156271	0.002717	1.160092	0.002466	1.163869	0.003589	1.154611	0.002311	1.155406	0.002609	1349478558.792570	0.999937	50.251713	36.662128	5.825730	1.160727	0.002746	1.259561	0.999727	1.156646	0.002597	1.159219	0.002586	1.156539	0.002611	1.156688	0.002472	1.157363	0.002549	1.259560	0.999735	
1349478559.792408	1.000006	49.133023	35.402453	6.732305	1.268441	0.829956	1.235930	0.006182	1.268573	0.993715	1.218238	0.000055	1.217703	0.000051	1.229273	0.000173	1.224808	0.000043	1.228743	0.000059	1349478559.792637	1.000067	51.300655	37.713278	5.821540	1.230766	0.164075	1.262889	0.999731	1.224147	0.000069	1.228011	0.000146	1.230375	0.000040	1.231449	0.000041	1.230231	0.000048	1.262889	0.999783	
1349478560.792404	0.999996	50.769020	37.035077	6.922300	1.268732	0.996369	1.229743	0.001670	1.268730	0.996363	1.240712	0.000008	1.247767	0.000008	1.230843	0.001559	1.230164	0.000008	1.227120	0.000008	1349478560.792632	0.999995	50.093528	36.493728	5.772764	1.222945	0.000072	1.269207	0.999827	1.236098	0.000006	1.230647	0.000125	1.238581	0.000012	1.242538	0.000010	1.236895	0.000014	1.269206	0.999827	
1349478561.792405	1.000001	42.245886	28.593524	6.056024	1.268868	0.179845	1.252413	0.000392	1.269139	0.998445	1.252430	0.000128	1.254462	0.000070	1.265159	0.002932	1.262751	0.000058	1.238852	0.000068	1349478561.792857	1.000225	56.413298	42.847366	5.839216	1.230770	0.820198	1.237645	0.998954	1.209941	0.000075	1.228336	0.000240	1.229250	0.000050	1.227105	0.000045	1.229415	0.000053	1.237667	0.999840	
1349478562.792406	1.000001	715777375.408249	715793397.603129	715772897.269988	0.999991	1.000139	0.999989	1.000145	0.999991	1.000149	0.999991	1.000140	0.999991	1.000144	0.999994	1.000138	0.999991	1.000144	0.999991	1.000141	1349478562.792494	0.999637	716032813.887512	716078783.871322	716056112.605845	0.999990	1.000137	0.999988	1.000143	3.892938	0.256911	0.999991	1.000140	0.999991	1.000144	0.999994	1.000138	0.999991	1.000144	0.999991	1.000141	
