ts_0	elapsed_0	pkg_0	pp0_0	dram_0	freq_ratio_0_0	c0_ratio_0_0	freq_ratio_0_1	c0_ratio_0_1	freq_ratio_0_2	c0_ratio_0_2	freq_ratio_0_3	c0_ratio_0_3	freq_ratio_0_4	c0_ratio_0_4	freq_ratio_0_5	c0_ratio_0_5	freq_ratio_0_6	c0_ratio_0_6	freq_ratio_0_7	c0_ratio_0_7	ts_1	elapsed_1	pkg_1	pp0_1	dram_1	freq_ratio_1_0	c0_ratio_1_0	freq_ratio_1_1	c0_ratio_1_1	freq_ratio_1_2	c0_ratio_1_2	freq_ratio_1_3	c0_ratio_1_3	freq_ratio_1_4	c0_ratio_1_4	freq_ratio_1_5	c0_ratio_1_5	freq_ratio_1_6	c0_ratio_1_6	freq_ratio_1_7	c0_ratio_1_7	
1350067084.478407	1.000397	37.158879	24.012669	6.124049	1.000000	1.000000	0.999862	0.004976	0.999999	0.002810	0.999820	0.002655	1.000000	1.000000	0.999999	0.003841	0.999821	0.002650	0.999995	0.002589	1350067084.478552	1.000362	37.894443	24.715664	2.956831	0.999918	0.002880	0.999940	0.003108	1.000000	1.000000	0.999938	0.003100	0.999999	1.000000	0.999932	0.003058	0.999830	0.002813	0.999922	0.002632	
1350067085.478386	0.999979	35.830097	22.674807	6.103033	1.000000	1.000000	1.000022	0.001539	0.999924	0.000071	1.006573	0.000072	1.000000	1.000000	1.000004	0.000354	1.010305	0.000046	1.000198	0.000045	1350067085.478567	1.000015	35.362262	22.203020	2.775975	1.001658	0.000080	1.001727	0.000132	1.000000	1.000000	1.000569	0.000333	1.000001	1.000000	1.000272	0.000805	1.011490	0.000042	1.000943	0.000053	
1350067086.478386	1.000000	36.083649	22.925873	6.109070	1.000000	1.000000	0.999985	0.006025	0.999924	0.000020	0.999945	0.000007	1.000000	1.000000	0.999953	0.000236	0.995230	0.000007	1.000052	0.000007	1350067086.478564	0.999997	35.416125	22.240853	3.404094	1.000577	0.000015	0.994554	0.000132	1.000000	1.000000	1.000032	0.000274	1.000000	1.000000	0.999932	0.000284	1.001451	0.000009	1.019939	0.000008	
1350067087.478386	1.000000	35.771255	22.627365	6.133728	1.000000	1.000000	0.999965	0.000381	1.000022	0.000089	1.000251	0.000064	1.000000	1.000000	1.000005	0.000301	1.000939	0.000054	0.999863	0.000051	1350067087.478563	0.999999	35.500629	22.324683	2.788775	0.999942	0.000079	0.999997	0.002821	1.000000	1.000000	0.999994	0.000339	1.000000	1.000000	0.999240	0.000328	0.995767	0.000050	0.998673	0.000192	
1350067088.478386	1.000000	36.013550	22.855362	6.102905	1.000000	1.000000	0.999999	0.006337	0.999898	0.000072	0.993914	0.000007	1.000000	1.000000	0.999833	0.000254	0.998926	0.000007	0.971430	0.000008	1350067088.478569	1.000006	35.494890	22.316533	3.577570	0.998745	0.000016	1.000278	0.002541	1.000000	1.000000	0.999932	0.000291	1.000000	1.000000	1.000628	0.000270	1.024074	0.000009	1.027001	0.000009	
1350067089.478387	1.000001	35.870068	22.712014	6.115229	1.000000	1.000000	0.999994	0.002008	0.999976	0.000081	0.992467	0.000066	1.000000	1.000000	1.000039	0.000382	0.989817	0.000053	0.994122	0.000053	1350067089.478558	0.999989	35.431663	22.253754	2.966433	0.998986	0.000089	0.996789	0.000177	1.000000	1.000000	0.999413	0.000355	1.000000	1.000000	0.999957	0.000368	0.997003	0.000065	0.997137	0.000067	
1350067090.478386	0.999999	35.805240	22.647315	6.127569	1.000000	1.000000	0.999995	0.000332	0.995975	0.000032	0.988082	0.000007	1.000000	1.000000	0.999888	0.000238	0.975512	0.000008	0.984217	0.000007	1350067090.478562	1.000004	35.450860	22.272050	2.719014	1.001698	0.000020	1.000252	0.002222	1.000000	1.000000	1.000840	0.000258	1.000000	1.000000	1.000268	0.000307	1.022268	0.000009	1.023117	0.000009	
1350067091.478387	1.000001	35.827343	22.670465	6.127558	1.000000	1.000000	0.999993	0.000400	1.001449	0.000094	1.007014	0.000088	1.000000	1.000000	1.000080	0.000325	1.010300	0.000067	1.010336	0.000065	1350067091.478564	1.000002	35.451089	22.273639	2.749629	1.000467	0.000118	1.000157	0.000125	1.000000	1.000000	0.999957	0.000362	1.000000	1.000000	0.999433	0.000375	0.987587	0.000052	0.996547	0.000204	
1350067092.478386	0.999999	35.818744	22.663764	6.109076	1.000000	1.000000	1.001682	0.000362	0.999626	0.000031	0.998075	0.000007	1.000000	1.000000	0.999994	0.000238	0.999772	0.000007	0.992247	0.000008	1350067092.478570	1.000006	35.431323	22.251439	2.713088	1.000135	0.000020	0.992932	0.000104	1.000000	1.000000	0.999999	0.000273	1.000000	1.000000	1.000547	0.000364	1.016706	0.000037	1.001732	0.000031	
1350067093.478387	1.000001	35.823330	22.666269	6.127558	1.000000	1.000000	0.998214	0.000350	0.999990	0.000076	0.999987	0.000059	1.000000	1.000000	0.999980	0.000389	0.999619	0.000050	0.994782	0.000050	1350067093.478565	0.999995	35.440439	22.260838	2.744490	1.000125	0.000089	1.001616	0.000432	1.000000	1.000000	0.999931	0.000329	1.000000	1.000000	1.000047	0.000379	1.000409	0.000070	1.009338	0.000069	
1350067094.478386	0.999999	35.820301	22.663520	6.115240	1.000000	1.000000	0.999985	0.000468	0.999975	0.000031	0.999835	0.000007	1.000000	1.000000	0.999970	0.000256	1.000851	0.000007	1.048994	0.000006	1350067094.478566	1.000001	35.437604	22.258737	2.707441	1.000298	0.000019	1.000000	0.000128	1.000000	1.000000	1.000024	0.000286	1.000000	1.000000	0.999969	0.000322	1.001367	0.000008	1.001329	0.000008	
1350067095.478386	1.000000	35.778992	22.636459	6.102905	1.000000	1.000000	0.999995	0.000352	1.000106	0.000076	1.000193	0.000060	1.000000	1.000000	1.000018	0.000273	1.000212	0.000051	1.000131	0.000050	1350067095.478565	0.999999	35.414035	22.248724	2.751422	0.999429	0.000075	1.000022	0.000120	1.000000	1.000000	0.999988	0.000321	1.000000	1.000000	0.999971	0.000357	0.999184	0.000059	0.999584	0.000139	
1350067096.478392	1.000006	35.813553	22.657687	6.121362	1.000000	1.000000	0.999991	0.000332	0.998896	0.000031	0.998678	0.000007	1.000000	1.000000	0.999972	0.000238	0.997690	0.000006	0.991724	0.000008	1350067096.478572	1.000007	35.446914	22.266905	2.715588	1.001223	0.000020	1.000048	0.000113	1.000000	1.000000	0.999974	0.000263	1.000000	1.000000	1.000012	0.000317	1.000679	0.000009	1.006310	0.000008	
1350067097.478386	0.999994	35.813431	22.656355	6.121435	1.000000	1.000000	0.999996	0.000384	1.000402	0.000077	1.000137	0.000070	1.000000	1.000000	0.999953	0.000343	1.000742	0.000047	1.000246	0.000049	1350067097.478573	1.000001	35.462399	22.282373	2.747617	1.000069	0.000084	0.996834	0.000225	1.000000	1.000000	0.999983	0.000318	1.000000	1.000000	0.999997	0.000361	0.999775	0.000057	0.999549	0.000059	
1350067098.478386	1.000000	35.815384	22.659164	6.115234	1.000000	1.000000	0.999985	0.000371	0.999630	0.000031	0.998403	0.000007	1.000000	1.000000	1.000025	0.000245	0.997071	0.000007	1.001275	0.000039	1350067098.478565	0.999992	35.440213	22.260831	2.713172	0.999271	0.000015	1.001657	0.000421	1.000000	1.000000	0.999953	0.000256	1.000000	1.000000	0.999969	0.000306	1.005014	0.000009	1.002503	0.000008	
1350067099.478386	1.000000	35.827377	22.669327	6.127563	1.000000	1.000000	0.999994	0.000404	0.999855	0.000077	0.999929	0.000060	1.000000	1.000000	0.999983	0.000704	1.000490	0.000050	0.999856	0.000043	1350067099.478566	1.000001	35.453015	22.274240	2.771360	1.000221	0.000087	0.995140	0.000147	1.000000	1.000000	0.999777	0.000509	1.000000	1.000000	1.000049	0.000339	0.998820	0.000071	0.997853	0.000093	
1350067100.478387	1.000001	35.781857	22.624597	6.115229	1.000000	1.000000	0.999989	0.000406	0.996355	0.000037	0.990507	0.000013	1.000000	1.000000	0.999959	0.000265	0.833481	0.000015	0.989505	0.000014	1350067100.478560	0.999994	35.455946	22.275157	2.709519	0.999969	0.000101	1.000365	0.002061	1.000000	1.000000	1.000290	0.000342	1.000000	1.000000	0.999918	0.000335	1.003743	0.000017	1.011198	0.000017	
1350067101.478387	1.000000	35.796570	22.640137	6.121399	1.000000	1.000000	0.999964	0.000384	1.001958	0.000076	0.993235	0.000059	1.000000	1.000000	0.999988	0.000279	1.038850	0.000048	0.989405	0.000049	1350067101.478566	1.000006	35.453768	22.272816	2.712615	0.998711	0.000072	0.999991	0.000133	1.000000	1.000000	0.999984	0.000477	1.000000	1.000000	0.999818	0.000381	1.000432	0.000050	0.998480	0.000073	
1350067102.478386	0.999999	35.777027	22.621878	6.127569	1.000000	1.000000	1.000009	0.000348	0.999475	0.000031	1.000057	0.000007	1.000000	1.000000	0.999977	0.000256	1.001294	0.000007	1.018697	0.000007	1350067102.478563	0.999997	35.454013	22.274361	2.701699	1.000150	0.000021	0.995537	0.000129	1.000000	1.000000	1.000021	0.000345	1.000000	1.000000	1.000245	0.000344	1.000544	0.000009	1.012161	0.000009	
1350067103.478386	1.000000	35.803345	22.648285	6.102905	1.000000	1.000000	1.000053	0.000764	1.000048	0.000089	1.006318	0.000082	1.000000	1.000000	0.999989	0.000308	1.008282	0.000063	1.006913	0.000062	1350067103.478581	1.000018	35.470389	22.289976	2.798030	1.000681	0.000114	1.001214	0.000441	1.000000	1.000000	0.999974	0.000362	1.000000	1.000000	0.999960	0.000367	0.991319	0.000059	0.994133	0.000089	
1350067104.478387	1.000001	35.843990	22.690301	6.096735	1.000000	1.000000	0.999977	0.002259	0.999995	0.000076	1.000000	0.000063	1.000000	1.000000	0.999982	0.000260	0.999928	0.000032	1.014980	0.000006	1350067104.478564	0.999983	35.462530	22.282466	3.289729	0.999667	0.000030	0.999989	0.000206	1.000000	1.000000	0.999984	0.000412	1.000000	1.000000	0.999943	0.000365	1.011586	0.000043	0.996970	0.000038	
1350067105.478386	0.999999	35.754658	22.612403	6.121405	1.000000	1.000000	1.000807	0.000849	0.999845	0.000085	1.000225	0.000056	1.000000	1.000000	0.999962	0.000275	1.001345	0.000046	0.996288	0.000062	1350067105.478573	1.000009	35.433288	22.266095	2.789876	1.000040	0.000078	0.995470	0.000126	1.000000	1.000000	0.999952	0.000367	1.000000	1.000000	0.999712	0.000358	0.997494	0.000072	1.004266	0.000106	
1350067106.478386	1.000000	36.026154	22.870209	6.109070	1.000000	1.000000	0.999907	0.007253	1.000848	0.000029	0.995215	0.000007	1.000000	1.000000	0.999875	0.000253	0.991550	0.000007	1.036439	0.000006	1350067106.478563	0.999990	35.455998	22.274500	4.743578	1.000391	0.000016	1.003816	0.000150	1.000000	1.000000	1.000072	0.000275	1.000000	1.000000	1.000468	0.000250	1.012197	0.000009	1.021483	0.000009	
1350067107.478386	1.000000	35.910645	22.754974	6.121399	1.000000	1.000000	0.999987	0.004017	0.999542	0.000073	1.000297	0.000060	1.000000	1.000000	1.000099	0.000288	0.999827	0.000049	0.997496	0.000049	1350067107.478565	1.000002	35.534081	22.353793	3.562615	0.999834	0.000079	0.999682	0.002282	1.000000	1.000000	0.999969	0.000401	1.000000	1.000000	0.999982	0.000361	1.001077	0.000069	1.000067	0.000075	
1350067108.478392	1.000006	35.769181	22.615145	6.133691	1.000000	1.000000	1.000004	0.000364	1.001007	0.000031	0.996222	0.000007	1.000000	1.000000	0.999976	0.000240	0.996098	0.000007	1.018249	0.000006	1350067108.478564	0.999999	35.457675	22.277182	2.709399	0.999624	0.000019	1.001695	0.000423	1.000000	1.000000	0.999991	0.000378	1.000000	1.000000	0.999833	0.000372	0.996077	0.000008	0.997825	0.000009	
1350067109.478386	0.999994	36.992759	23.835057	6.132727	1.000000	1.000000	0.999993	0.003599	0.999992	0.002936	1.000005	0.002965	1.000000	1.000000	0.999999	0.003679	1.000011	0.002836	0.999984	0.002650	1350067109.478573	1.000009	36.548680	23.367281	2.729284	1.000008	0.002937	0.999779	0.003174	1.000000	1.000000	1.000000	0.003180	1.000000	1.000000	1.000011	0.003129	1.000001	0.002834	1.000011	0.002681	
1350067110.478387	1.000001	35.776165	22.620736	6.121393	1.000000	1.000000	1.000053	0.000528	0.995294	0.000031	0.996354	0.000037	1.000000	1.000000	0.999979	0.000258	0.985853	0.000007	0.979719	0.000008	1350067110.478569	0.999996	35.487342	22.306426	2.730358	0.999990	0.002006	1.002652	0.000217	1.000000	1.000000	0.999934	0.000903	1.000000	1.000000	1.000032	0.000361	0.999201	0.000009	0.996998	0.000008	
1350067111.478386	0.999999	36.005116	22.852332	6.109076	1.000000	1.000000	0.999998	0.005978	1.000083	0.001105	1.002356	0.000058	1.000000	1.000000	0.999979	0.000271	1.001230	0.000050	1.003990	0.000048	1350067111.478564	0.999995	35.462580	22.281423	4.298819	0.999765	0.000069	1.001191	0.000110	1.000000	1.000000	1.000126	0.000324	1.000000	1.000000	0.999315	0.000323	0.997081	0.000052	0.996461	0.000062	
1350067112.478386	1.000000	35.839508	22.684799	6.121399	1.000000	1.000000	0.999900	0.000330	0.999971	0.001851	0.999890	0.000007	1.000000	1.000000	0.999982	0.000261	1.002882	0.000007	0.971894	0.000007	1350067112.478568	1.000004	35.451272	22.271852	3.130801	1.000467	0.000016	0.996750	0.000113	1.000000	1.000000	0.999986	0.000338	1.000000	1.000000	1.000549	0.000375	1.020312	0.000009	1.026549	0.000009	
1350067113.478387	1.000001	35.778622	22.622903	6.121363	1.000000	1.000000	0.999987	0.000345	1.000104	0.000078	0.991410	0.000061	1.000000	1.000000	1.000021	0.000298	0.989822	0.000050	0.993443	0.000051	1350067113.478564	0.999996	35.472571	22.291976	2.733226	0.998849	0.000096	1.000772	0.000463	1.000000	1.000000	0.999972	0.000400	1.000000	1.000000	0.999741	0.000446	0.997543	0.000078	0.997665	0.000079	
1350067114.478386	0.999999	35.726307	22.587500	6.121405	1.000000	1.000000	1.000001	0.000401	1.000000	0.000031	1.000626	0.000007	1.000000	1.000000	0.999935	0.000241	1.000467	0.000007	0.937476	0.000008	1350067114.478565	1.000001	35.410596	22.243463	2.715284	0.999908	0.000021	0.999956	0.000122	1.000000	1.000000	0.999968	0.000318	1.000000	1.000000	1.000282	0.000368	1.035452	0.000009	1.023706	0.000009	
1350067115.478386	1.000000	35.772568	22.621841	6.133728	1.000000	1.000000	1.001548	0.000399	0.999747	0.000091	1.006978	0.000074	1.000000	1.000000	0.999902	0.000304	1.008338	0.000064	1.015446	0.000064	1350067115.478569	1.000004	35.469201	22.288545	2.712620	1.000773	0.000129	0.999955	0.000189	1.000000	1.000000	1.000038	0.000369	1.000000	1.000000	0.999972	0.000432	0.989491	0.000073	0.992649	0.000088	
1350067116.478388	1.000002	715762090.746577	715784747.273035	715787739.655114	0.999987	1.000197	0.999984	1.000199	0.999995	1.000197	0.999987	1.000197	0.999987	1.000200	0.999990	1.000195	0.999987	1.000200	0.999987	1.000197	1350067116.478486	0.999917	715820884.950530	715867647.883932	715883500.804789	0.999987	1.000196	0.999984	1.000199	3.893225	0.256906	0.999987	1.000197	0.999987	1.000200	0.999990	1.000195	0.999987	1.000200	0.999987	1.000198	
1350067117.478416	1.000028	0.000000	0.000000	0.000000	-nan	-nan	-nan	-nan	0.000000	inf	-nan	-nan	-nan	0.000000	-nan	-nan	-nan	-nan	-nan	-nan	1350067117.478508	1.000022	0.000000	0.000000	0.000000	-nan	-nan	-nan	-nan	0.000000	inf	-nan	-nan	-nan	-nan	-nan	-nan	-nan	-nan	-nan	-nan	
