ts_0	elapsed_0	pkg_0	pp0_0	dram_0	freq_ratio_0_0	c0_ratio_0_0	freq_ratio_0_1	c0_ratio_0_1	freq_ratio_0_2	c0_ratio_0_2	freq_ratio_0_3	c0_ratio_0_3	freq_ratio_0_4	c0_ratio_0_4	freq_ratio_0_5	c0_ratio_0_5	freq_ratio_0_6	c0_ratio_0_6	freq_ratio_0_7	c0_ratio_0_7	ts_1	elapsed_1	pkg_1	pp0_1	dram_1	freq_ratio_1_0	c0_ratio_1_0	freq_ratio_1_1	c0_ratio_1_1	freq_ratio_1_2	c0_ratio_1_2	freq_ratio_1_3	c0_ratio_1_3	freq_ratio_1_4	c0_ratio_1_4	freq_ratio_1_5	c0_ratio_1_5	freq_ratio_1_6	c0_ratio_1_6	freq_ratio_1_7	c0_ratio_1_7	
1350072741.625018	1.000154	83.410295	69.976863	6.095787	1.074897	0.997479	1.074896	0.997479	1.074896	0.997477	1.074895	0.997476	1.074895	0.997474	1.074894	0.997472	1.074893	0.997470	1.074893	0.997468	1350072741.625077	1.000148	79.498697	66.202967	2.694227	1.191118	0.992279	1.191118	0.992273	1.191118	0.992267	1.191119	0.992259	1.191118	0.992254	1.191119	0.992249	1.153801	0.001760	1.153799	0.004073	
1350072742.625011	0.999993	79.542267	66.127685	6.109112	1.042195	0.996675	1.042195	0.996673	1.042195	0.996670	1.042195	0.996669	1.042194	0.996667	1.042195	0.996665	1.042194	0.996664	1.042195	0.996661	1350072742.625067	0.999990	79.530536	66.246620	1.922688	1.185591	0.996660	1.185591	0.996656	1.185591	0.996654	1.185591	0.996652	1.185591	0.996650	1.185591	0.996647	1.153849	0.002229	1.153868	0.000835	
1350072743.625018	1.000007	79.462097	66.072160	6.078190	1.041950	0.996818	1.041950	0.996819	1.041951	0.996812	1.041951	0.996810	1.041951	0.996808	1.041951	0.996807	1.041952	0.996807	1.041952	0.996805	1350072743.625080	1.000013	79.427044	66.138827	1.973927	1.182183	0.995817	1.182183	0.995813	1.182183	0.995811	1.182183	0.995807	1.182183	0.995804	1.182183	0.995800	1.153776	0.001518	1.153799	0.000875	
1350072744.625018	1.000000	79.543243	66.134476	6.109070	1.041923	0.996846	1.041923	0.996844	1.041923	0.996842	1.041922	0.996840	1.041922	0.996839	1.041921	0.996836	1.041922	0.996834	1.041921	0.996832	1350072744.625074	0.999994	79.421845	66.126554	1.905407	1.180522	0.995871	1.180522	0.995867	1.180522	0.995864	1.180522	0.995860	1.180522	0.995859	1.180522	0.995856	1.148049	0.005507	1.153810	0.000855	
1350072745.625012	0.999994	79.547959	66.136335	6.096777	1.042404	0.996902	1.042404	0.996899	1.042404	0.996896	1.042404	0.996894	1.042405	0.996893	1.042404	0.996892	1.042404	0.996890	1.042404	0.996889	1350072745.625068	0.999994	79.424973	66.127256	2.383452	1.180332	0.993782	1.180332	0.993775	1.180332	0.993770	1.180332	0.993767	1.180332	0.993762	1.180332	0.993757	1.153814	0.003110	1.153785	0.001240	
1350072746.625011	0.999999	79.539856	66.128649	6.102911	1.041670	0.997071	1.041670	0.997070	1.041670	0.997067	1.041670	0.997064	1.041670	0.997061	1.041670	0.997058	1.041670	0.997058	1.041670	0.997056	1350072746.625067	0.999999	79.426513	66.124758	2.103090	1.179870	0.995473	1.179870	0.995471	1.179870	0.995466	1.179870	0.995462	1.179870	0.995460	1.179870	0.995455	1.153941	0.001637	1.153865	0.000774	
1350072747.625019	1.000008	79.543789	66.125090	6.109020	1.042959	0.996722	1.042960	0.996720	1.042959	0.996716	1.042959	0.996713	1.042959	0.996711	1.042959	0.996711	1.042959	0.996710	1.042960	0.996709	1350072747.625076	1.000009	79.419340	66.112331	2.031232	1.179334	0.995472	1.179334	0.995468	1.179333	0.995465	1.179334	0.995460	1.179333	0.995456	1.179333	0.995453	1.153710	0.001257	1.153934	0.001228	
1350072748.625012	0.999993	79.542954	66.125335	6.115277	1.042451	0.996811	1.042451	0.996808	1.042451	0.996805	1.042451	0.996802	1.042451	0.996800	1.042451	0.996799	1.042451	0.996799	1.042451	0.996797	1350072748.625068	0.999992	79.430377	66.117846	1.893341	1.178774	0.995653	1.178774	0.995650	1.178774	0.995650	1.178774	0.995644	1.178774	0.995641	1.178774	0.995640	1.153824	0.001532	1.153635	0.000787	
1350072749.625012	1.000000	79.541031	66.123505	6.127563	1.042040	0.996883	1.042040	0.996881	1.042040	0.996879	1.042040	0.996879	1.042040	0.996876	1.042040	0.996874	1.042040	0.996872	1.042040	0.996870	1350072749.625068	1.000000	79.424774	66.107666	1.913239	1.178429	0.995443	1.178429	0.995439	1.178429	0.995437	1.178429	0.995433	1.178429	0.995429	1.178429	0.995426	1.153803	0.001216	1.153766	0.000995	
1350072750.625012	1.000000	79.540848	66.122665	6.096741	1.041979	0.997022	1.041979	0.997020	1.041979	0.997018	1.041979	0.997016	1.041978	0.997014	1.041979	0.997015	1.041979	0.997012	1.041979	0.997009	1350072750.625068	1.000000	79.424316	66.106888	1.915344	1.178276	0.995704	1.178276	0.995700	1.178276	0.995698	1.178276	0.995693	1.178276	0.995690	1.178276	0.995687	1.153826	0.001255	1.153842	0.000848	
1350072751.625012	1.000000	79.543488	66.123093	6.090576	1.042119	0.997089	1.042119	0.997088	1.042119	0.997085	1.042119	0.997082	1.042120	0.997082	1.042119	0.997080	1.042119	0.997078	1.042119	0.997075	1350072751.625068	1.000000	79.344406	66.037720	1.998047	1.177596	0.994570	1.177596	0.994567	1.177597	0.994562	1.177597	0.994558	1.177597	0.994553	1.177597	0.994549	1.153836	0.001263	1.153782	0.001902	
1350072752.625011	0.999999	79.547714	66.122255	6.096747	1.043531	0.996703	1.043531	0.996701	1.043531	0.996699	1.043531	0.996698	1.043530	0.996695	1.043531	0.996693	1.043530	0.996691	1.043530	0.996689	1350072752.625067	0.999999	79.422882	66.103579	1.878527	1.177726	0.995814	1.177725	0.995811	1.177725	0.995810	1.177726	0.995805	1.177725	0.995802	1.177726	0.995800	1.153662	0.001205	1.153885	0.000832	
1350072753.625012	1.000001	79.537247	66.108488	6.096735	1.043445	0.996655	1.043444	0.996653	1.043445	0.996650	1.043444	0.996649	1.043445	0.996648	1.043445	0.996644	1.043445	0.996642	1.043444	0.996642	1350072753.625067	1.000000	79.425964	66.104721	2.444321	1.176177	0.991916	1.176177	0.991908	1.176177	0.991900	1.176177	0.991892	1.176177	0.991887	1.176177	0.991879	1.153905	0.003104	1.153813	0.004391	
1350072754.625012	1.000000	79.543320	66.110916	6.090576	1.043664	0.996564	1.043665	0.996562	1.043665	0.996560	1.043665	0.996558	1.043665	0.996556	1.043664	0.996554	1.043665	0.996552	1.043664	0.996550	1350072754.625073	1.000006	79.008852	65.678319	2.629028	1.178620	0.992198	1.178620	0.992192	1.178620	0.992186	1.178621	0.992178	1.178620	0.992170	1.178620	0.992164	1.153642	0.004636	1.153640	0.003209	
1350072755.625012	1.000000	79.543976	66.105133	6.115234	1.043659	0.996539	1.043658	0.996536	1.043658	0.996532	1.043658	0.996530	1.043658	0.996530	1.043659	0.996529	1.043658	0.996527	1.043659	0.996523	1350072755.625068	0.999995	77.315161	63.965820	2.220821	1.191650	0.995393	1.191650	0.995389	1.191650	0.995386	1.191651	0.995382	1.191650	0.995379	1.191650	0.995376	1.153834	0.002146	1.153786	0.001562	
1350072756.625018	1.000006	79.535842	66.093951	6.115198	1.048911	0.997177	1.048911	0.997174	1.048912	0.997171	1.048912	0.997168	1.048912	0.997167	1.048912	0.997168	1.048912	0.997166	1.048912	0.997165	1350072756.625073	1.000005	78.192983	64.840984	1.984518	1.191980	0.997606	1.191980	0.997604	1.191981	0.997602	1.191980	0.997600	1.191980	0.997598	1.191981	0.997595	1.153815	0.001099	1.153851	0.000956	
1350072757.625012	0.999994	79.545655	66.096616	6.096777	1.042956	0.996501	1.042955	0.996499	1.042955	0.996496	1.042955	0.996494	1.042955	0.996492	1.042954	0.996490	1.042954	0.996488	1.042954	0.996486	1350072757.625081	1.000008	79.425336	66.079405	2.055144	1.174447	0.994519	1.174447	0.994514	1.174447	0.994507	1.174447	0.994503	1.174446	0.994502	1.174447	0.994498	1.153862	0.001268	1.153782	0.002355	
1350072758.625012	1.000000	79.540268	66.091125	6.102905	1.042359	0.996419	1.042359	0.996416	1.042359	0.996414	1.042359	0.996412	1.042358	0.996411	1.042359	0.996409	1.042359	0.996406	1.042359	0.996404	1350072758.625070	0.999989	79.429964	66.084419	1.947470	1.175939	0.995439	1.175939	0.995434	1.175939	0.995432	1.175939	0.995427	1.175938	0.995423	1.175938	0.995421	1.153832	0.001551	1.153841	0.000842	
1350072759.625012	1.000000	79.543198	66.091446	6.096741	1.042557	0.996494	1.042557	0.996490	1.042557	0.996487	1.042557	0.996486	1.042557	0.996484	1.042557	0.996482	1.042557	0.996480	1.042557	0.996478	1350072759.625068	0.999998	79.422484	66.077793	2.198750	1.175056	0.993996	1.175056	0.993989	1.175056	0.993982	1.175056	0.993979	1.175056	0.993976	1.175056	0.993972	1.153770	0.001218	1.153856	0.002619	
1350072760.625019	1.000007	79.541702	66.090363	6.115192	1.042591	0.996628	1.042591	0.996627	1.042591	0.996625	1.042591	0.996621	1.042591	0.996619	1.042591	0.996615	1.042591	0.996614	1.042591	0.996613	1350072760.625100	1.000032	79.425853	66.087763	1.882478	1.175692	0.995620	1.175692	0.995616	1.175692	0.995613	1.175692	0.995609	1.175692	0.995606	1.175692	0.995603	1.153864	0.001238	1.153626	0.000868	
1350072761.625018	0.999999	79.543960	66.088137	6.064947	1.042442	0.996523	1.042442	0.996521	1.042442	0.996519	1.042442	0.996516	1.042442	0.996513	1.042442	0.996512	1.042442	0.996510	1.042442	0.996508	1350072761.625075	0.999975	79.425832	66.084861	2.436325	1.174209	0.992905	1.174209	0.992899	1.174209	0.992892	1.174209	0.992887	1.174209	0.992881	1.174209	0.992875	1.137106	0.005758	1.141985	0.005836	
1350072762.625011	0.999993	79.462402	66.021956	6.109112	1.042349	0.996651	1.042349	0.996648	1.042349	0.996646	1.042349	0.996644	1.042349	0.996642	1.042349	0.996641	1.042349	0.996640	1.042349	0.996637	1350072762.625068	0.999993	79.430359	66.088241	2.016371	1.175799	0.995507	1.175799	0.995502	1.175799	0.995500	1.175799	0.995497	1.175798	0.995494	1.175799	0.995489	1.153886	0.001030	1.153726	0.001040	
1350072763.625012	1.000001	79.537934	66.080610	6.096735	1.042208	0.996600	1.042209	0.996600	1.042209	0.996596	1.042209	0.996594	1.042209	0.996592	1.042210	0.996589	1.042210	0.996588	1.042210	0.996587	1350072763.625072	1.000004	79.421645	66.078834	2.141272	1.175450	0.995051	1.175450	0.995045	1.175450	0.995042	1.175450	0.995038	1.175450	0.995034	1.175450	0.995030	1.153836	0.001343	1.153820	0.001401	
1350072764.625011	0.999999	79.543182	66.083162	6.090582	1.042219	0.996698	1.042219	0.996695	1.042219	0.996691	1.042219	0.996686	1.042219	0.996685	1.042218	0.996683	1.042218	0.996683	1.042219	0.996682	1350072764.625069	0.999997	79.424364	66.079566	2.001502	1.175999	0.995514	1.175999	0.995510	1.175999	0.995507	1.175999	0.995503	1.175999	0.995499	1.175999	0.995495	1.153606	0.002730	1.153918	0.001055	
1350072765.625012	1.000001	79.545166	66.082243	6.102899	1.042120	0.996644	1.042120	0.996640	1.042120	0.996639	1.042120	0.996636	1.042119	0.996635	1.042119	0.996632	1.042119	0.996630	1.042118	0.996628	1350072765.625067	0.999998	79.349105	66.021458	2.079685	1.175347	0.995055	1.175347	0.995052	1.175347	0.995050	1.175347	0.995044	1.175347	0.995040	1.175347	0.995037	1.153791	0.001040	1.153793	0.002012	
1350072766.625011	0.999999	79.543701	66.084322	6.115240	1.042055	0.996672	1.042055	0.996668	1.042054	0.996665	1.042054	0.996662	1.042054	0.996660	1.042054	0.996659	1.042054	0.996658	1.042054	0.996656	1350072766.625066	0.999999	79.423553	66.084124	2.221987	1.174826	0.994696	1.174826	0.994690	1.174826	0.994686	1.174826	0.994681	1.174826	0.994676	1.174826	0.994672	1.153827	0.001052	1.153809	0.002093	
1350072767.625013	1.000002	79.542359	66.080105	6.109043	1.042169	0.996644	1.042169	0.996642	1.042169	0.996641	1.042169	0.996640	1.042169	0.996636	1.042169	0.996633	1.042169	0.996631	1.042169	0.996629	1350072767.625072	1.000006	79.430725	66.084079	2.281130	1.174438	0.993989	1.174438	0.993983	1.174438	0.993976	1.174438	0.993972	1.174437	0.993970	1.174437	0.993967	1.153824	0.001028	1.153819	0.003077	
1350072768.625011	0.999998	79.538695	66.077091	6.102917	1.042134	0.996734	1.042134	0.996732	1.042135	0.996729	1.042135	0.996727	1.042135	0.996724	1.042136	0.996722	1.042136	0.996721	1.042136	0.996718	1350072768.625067	0.999995	79.420701	66.080531	2.105525	1.175456	0.995351	1.175457	0.995343	1.175457	0.995341	1.175457	0.995336	1.175457	0.995334	1.175457	0.995332	1.153801	0.001353	1.153799	0.001094	
1350072769.625012	1.000001	79.545029	66.083830	6.102899	1.042275	0.996724	1.042275	0.996723	1.042275	0.996720	1.042275	0.996718	1.042274	0.996718	1.042274	0.996716	1.042274	0.996721	1.042273	0.996711	1350072769.625069	1.000002	79.425859	66.081112	2.461818	1.173292	0.991924	1.173292	0.991918	1.173292	0.991912	1.173292	0.991907	1.173292	0.991900	1.173292	0.991894	1.153852	0.001010	1.153821	0.005516	
1350072770.625012	1.000000	79.541504	66.075729	6.096741	1.041881	0.996654	1.041881	0.996653	1.041882	0.996651	1.041881	0.996649	1.041881	0.996647	1.041882	0.996645	1.041882	0.996643	1.041881	0.996642	1350072770.625069	1.000000	78.631302	65.282547	2.704895	1.179906	0.991540	1.179905	0.991536	1.179906	0.991528	1.179906	0.991520	1.179905	0.991517	1.179906	0.991511	1.153836	0.001460	1.153817	0.005496	
1350072771.625012	1.000000	79.546051	66.084579	6.115234	1.042205	0.996650	1.042205	0.996646	1.042205	0.996645	1.042205	0.996645	1.042204	0.996643	1.042205	0.996642	1.042204	0.996639	1.042204	0.996635	1350072771.625068	0.999999	77.114835	63.755752	2.267046	1.191766	0.996008	1.191766	0.996006	1.191766	0.996001	1.191766	0.995998	1.191766	0.995994	1.191767	0.995990	1.153814	0.002680	1.153790	0.000785	
1350072772.625032	1.000020	715791526.594472	715749199.014394	715813146.087078	0.999987	1.000198	0.999985	1.000201	0.999987	1.000205	0.999987	1.000199	0.999987	1.000200	0.999990	1.000196	0.999987	1.000201	0.999987	1.000198	1350072772.625128	1.000060	715753584.891609	715739878.446527	715767797.161937	0.999987	1.000198	0.999985	1.000200	3.893226	0.256906	0.999987	1.000199	0.999987	1.000201	0.999990	1.000196	0.999987	1.000201	0.999987	1.000199	
1350072773.625064	1.000032	0.000000	0.000000	0.000000	-nan	-nan	-nan	-nan	1.000008	inf	-nan	-nan	-nan	0.000000	-nan	-nan	-nan	-nan	-nan	-nan	1350072773.625133	1.000005	0.000000	0.000000	0.000000	-nan	-nan	-nan	-nan	1.345745	inf	-nan	-nan	-nan	-nan	-nan	-nan	-nan	-nan	-nan	-nan	
