ts_0	elapsed_0	pkg_0	pp0_0	dram_0	freq_ratio_0_0	c0_ratio_0_0	freq_ratio_0_1	c0_ratio_0_1	freq_ratio_0_2	c0_ratio_0_2	freq_ratio_0_3	c0_ratio_0_3	freq_ratio_0_4	c0_ratio_0_4	freq_ratio_0_5	c0_ratio_0_5	freq_ratio_0_6	c0_ratio_0_6	freq_ratio_0_7	c0_ratio_0_7	ts_1	elapsed_1	pkg_1	pp0_1	dram_1	freq_ratio_1_0	c0_ratio_1_0	freq_ratio_1_1	c0_ratio_1_1	freq_ratio_1_2	c0_ratio_1_2	freq_ratio_1_3	c0_ratio_1_3	freq_ratio_1_4	c0_ratio_1_4	freq_ratio_1_5	c0_ratio_1_5	freq_ratio_1_6	c0_ratio_1_6	freq_ratio_1_7	c0_ratio_1_7	
1350067975.360011	1.000372	48.750423	35.589577	6.119123	1.000000	1.000000	0.999926	0.000680	1.000000	1.000000	1.001377	0.000476	1.000000	1.000000	1.000086	0.000272	1.000000	1.000000	0.999994	0.000407	1350067975.360154	1.000363	35.974547	22.724979	2.756903	1.000000	1.000000	0.999539	0.000477	1.000000	1.000000	0.999664	0.000728	0.973729	0.000008	0.985270	0.000008	0.989819	0.000008	0.999891	0.000057	
1350067976.360001	0.999990	48.811173	35.635916	6.115296	1.000000	1.000000	0.997258	0.000264	1.000000	1.000000	0.997568	0.000277	1.000000	1.000000	0.999969	0.000278	1.000000	1.000000	0.999933	0.000289	1350067976.360138	0.999984	36.033947	22.771512	2.647839	1.000000	1.000000	1.000488	0.000428	1.000000	1.000000	1.000415	0.000548	1.003184	0.000066	0.999568	0.000065	1.000050	0.000070	1.000023	0.000168	
1350067977.360001	1.000000	48.846603	35.666336	6.109024	1.000000	1.000000	1.001071	0.000680	1.000000	1.000000	1.002203	0.000290	1.000000	1.000000	0.999835	0.000196	1.000000	1.000000	0.999997	0.000230	1350067977.360143	1.000005	36.051089	22.784798	2.645281	1.000000	1.000000	0.999664	0.000335	1.000000	1.000000	0.999987	0.000516	0.999711	0.000008	0.987651	0.000010	1.000756	0.000008	1.000017	0.000045	
1350067978.360001	1.000000	48.885437	35.701263	6.121292	1.000000	1.000000	0.999705	0.002359	1.000000	1.000000	0.997565	0.000266	1.000000	1.000000	1.000469	0.000356	1.000000	1.000000	1.000432	0.000272	1350067978.360138	0.999995	36.061536	22.793159	2.717787	1.000000	1.000000	1.000298	0.000413	1.000000	1.000000	0.999976	0.000652	0.999664	0.000069	0.968669	0.000067	0.999197	0.000057	0.999740	0.000101	
1350067979.360001	1.000000	48.851273	35.669189	6.115234	1.000000	1.000000	1.000014	0.000224	1.000000	1.000000	1.002541	0.000251	1.000000	1.000000	1.000120	0.000212	1.000000	1.000000	1.000110	0.000228	1350067979.360138	1.000000	36.039764	22.784012	2.656265	1.000000	1.000000	1.000150	0.000341	1.000000	1.000000	0.999987	0.000434	1.007049	0.000008	0.958595	0.000010	1.004488	0.000008	1.000086	0.000045	
1350067980.360001	1.000000	48.900604	35.718414	6.109070	1.000000	1.000000	1.000346	0.000372	1.000000	1.000000	0.997682	0.000279	1.000000	1.000000	0.999369	0.000280	1.000000	1.000000	0.999835	0.000951	1350067980.360129	0.999991	36.131416	22.849023	2.807627	1.000000	1.000000	0.999802	0.000427	1.000000	1.000000	0.999935	0.000456	0.990912	0.000064	1.031035	0.000066	0.992578	0.000067	1.000010	0.000223	
1350067981.360001	1.000000	48.985229	35.796463	6.127563	1.000000	1.000000	1.000015	0.000451	1.000000	1.000000	0.999858	0.000223	1.000000	1.000000	0.999939	0.000214	1.000000	1.000000	0.999955	0.002049	1350067981.360131	1.000002	36.046455	22.786623	3.062281	1.000000	1.000000	1.000034	0.000353	0.999994	1.000000	1.000009	0.000444	1.018260	0.000031	1.015475	0.000034	1.010221	0.000029	1.000058	0.000293	
1350067982.360001	1.000000	48.960587	35.772232	6.121338	1.000000	1.000000	1.000017	0.001036	1.000000	1.000000	1.000019	0.000317	1.000000	1.000000	1.000012	0.000299	1.000000	1.000000	0.999969	0.001066	1350067982.360132	1.000001	36.129986	22.853448	2.818937	1.000000	1.000000	0.999923	0.000410	1.000006	1.000000	0.999992	0.000441	0.998247	0.000070	1.000161	0.000065	1.002463	0.000077	1.000014	0.000107	
1350067983.360001	1.000000	49.274414	36.097946	6.127563	1.000000	1.000000	1.000111	0.000208	1.000000	1.000000	0.999977	0.000231	1.000000	1.000000	1.000059	0.000211	1.000000	1.000000	0.999963	0.008245	1350067983.360128	0.999996	36.119867	22.845765	3.994599	1.000000	1.000000	1.000317	0.000291	1.000000	1.000000	1.000133	0.000374	1.019348	0.000008	1.030136	0.000009	0.984341	0.000009	0.998679	0.000035	
1350067984.360001	1.000000	49.264481	36.072739	6.109039	1.000000	1.000000	1.000137	0.003436	1.000000	1.000000	1.002432	0.000275	1.000000	1.000000	0.999916	0.000257	1.000000	1.000000	0.999965	0.004190	1350067984.360141	1.000013	36.109451	22.837927	3.853602	1.000000	1.000000	0.999930	0.000296	1.000000	1.000000	0.999960	0.000307	1.000030	0.000052	0.983289	0.000051	1.002600	0.000052	1.000391	0.000179	
1350067985.360001	1.000000	48.892838	35.702408	6.109070	1.000000	1.000000	0.998136	0.000285	1.000000	1.000000	0.996979	0.000229	1.000000	1.000000	0.999856	0.000214	1.000000	1.000000	1.000013	0.000232	1350067985.360129	0.999988	36.098071	22.826856	2.671449	1.000000	1.000000	0.999620	0.000381	1.000000	1.000000	0.999973	0.000767	1.001179	0.000008	1.099295	0.000008	1.000227	0.000008	1.000405	0.000040	
1350067986.360001	1.000000	48.895264	35.700394	6.121399	1.000000	1.000000	1.002165	0.000241	1.000000	1.000000	1.002457	0.000277	1.000000	1.000000	1.000049	0.000313	1.000000	1.000000	1.000051	0.000250	1350067986.360140	1.000011	36.134827	22.863366	2.694749	1.000000	1.000000	1.000380	0.000390	1.000000	1.000000	1.000001	0.000599	0.999020	0.000071	0.958435	0.000067	1.000006	0.000065	0.999649	0.000098	
1350067987.360001	1.000000	48.907928	35.714920	6.102905	1.000000	1.000000	0.998956	0.000530	1.000000	1.000000	0.999980	0.000266	1.000000	1.000000	1.000083	0.000196	1.000000	1.000000	0.999886	0.000230	1350067987.360131	0.999991	36.119544	22.846887	2.572625	1.000000	1.000000	0.999597	0.000368	1.000000	1.000000	0.999978	0.000602	1.001307	0.000008	1.299786	0.000009	0.984245	0.000008	0.996138	0.000045	
1350067988.360001	1.000000	48.958374	35.762589	6.126343	1.000000	1.000000	1.000091	0.006116	1.000000	1.000000	1.000003	0.001149	1.000000	1.000000	0.999989	0.002733	1.000000	1.000000	1.000002	0.002686	1350067988.360146	1.000015	36.192724	22.919623	2.679693	1.000000	1.000000	1.000050	0.002807	1.000000	1.000000	0.999952	0.002877	0.999983	0.002426	0.999927	0.002397	1.000054	0.002380	1.000073	0.002543	
1350067989.360000	0.999999	48.890351	35.695026	6.102911	1.000000	1.000000	0.996720	0.000206	1.000000	1.000000	0.999853	0.000209	1.000000	1.000000	0.999917	0.000214	1.000000	1.000000	0.999937	0.000231	1350067989.360131	0.999985	36.071007	22.801856	2.654337	1.000000	1.000000	0.999952	0.000361	1.000000	1.000000	1.000248	0.000518	1.011266	0.000008	1.046067	0.000008	1.000788	0.000008	1.000692	0.000044	
1350067990.360001	1.000001	48.854720	35.675274	6.109064	1.000000	1.000000	1.001752	0.000374	1.000000	1.000000	1.000047	0.000255	1.000000	1.000000	1.000620	0.000259	1.000000	1.000000	1.000475	0.000252	1350067990.360135	1.000004	36.022803	22.764739	2.651417	1.000000	1.000000	0.999989	0.000405	1.000000	1.000000	0.999982	0.000688	1.000219	0.000071	1.000076	0.000066	0.999912	0.000066	0.999846	0.000085	
1350067991.360001	1.000000	48.860764	35.667282	6.109070	1.000000	1.000000	1.000031	0.000309	1.000000	1.000000	0.996636	0.000196	1.000000	1.000000	1.000041	0.000206	1.000000	1.000000	1.000025	0.000244	1350067991.360131	0.999996	36.034036	22.765839	2.621410	1.000000	1.000000	0.999991	0.000376	1.000000	1.000000	0.999994	0.000540	0.996501	0.000016	0.999977	0.000017	1.003469	0.000016	0.999985	0.000052	
1350067992.360001	1.000000	48.912918	35.719864	6.109070	1.000000	1.000000	0.999041	0.000610	1.000000	1.000000	1.001987	0.000329	1.000000	1.000000	0.999474	0.000286	1.000000	1.000000	0.999576	0.000280	1350067992.360138	1.000007	36.082087	22.816660	2.715115	1.000000	1.000000	0.999984	0.000426	1.000000	1.000000	1.000175	0.000610	0.992913	0.000066	0.956785	0.000069	0.993354	0.000072	1.000040	0.000146	
1350067993.360000	0.999999	48.881394	35.688907	6.096747	1.000000	1.000000	1.002652	0.000222	1.000000	1.000000	0.996325	0.000187	1.000000	1.000000	1.000067	0.000196	1.000000	1.000000	0.999899	0.000214	1350067993.360134	0.999996	36.067880	22.800523	2.591746	1.000000	1.000000	1.000026	0.000374	1.000000	1.000000	0.999833	0.000736	1.016907	0.000031	1.080136	0.000037	1.009429	0.000044	0.999884	0.000083	
1350067994.360001	1.000001	48.907394	35.710415	6.121363	1.000000	1.000000	0.999922	0.000267	1.000000	1.000000	1.002497	0.000273	1.000000	1.000000	0.999933	0.000278	1.000000	1.000000	1.000040	0.000250	1350067994.360154	1.000020	36.070155	22.800172	2.628732	1.000000	1.000000	1.000014	0.000363	1.000000	1.000000	0.999992	0.000554	0.999916	0.000064	0.998467	0.000066	1.000665	0.000065	1.000120	0.000113	
1350067995.360001	1.000000	48.889008	35.693298	6.115234	1.000000	1.000000	1.000040	0.000302	1.000000	1.000000	0.996426	0.000187	1.000000	1.000000	0.999986	0.000215	1.000000	1.000000	0.999884	0.000230	1350067995.360137	0.999983	36.099427	22.832967	2.648177	1.000000	1.000000	0.999921	0.000349	1.000000	1.000000	0.999996	0.000604	1.000775	0.000008	0.980457	0.000009	1.002712	0.000008	0.999712	0.000044	
1350067996.360001	1.000000	48.885925	35.690994	6.121399	1.000000	1.000000	0.997851	0.000274	1.000000	1.000000	0.999981	0.000260	1.000000	1.000000	0.999933	0.000254	1.000000	1.000000	1.000013	0.000258	1350067996.360130	0.999993	36.090597	22.824102	2.592624	1.000000	1.000000	1.000019	0.000382	1.000000	1.000001	0.999752	0.000547	0.996576	0.000071	1.001177	0.000066	0.999708	0.000073	0.999960	0.000107	
1350067997.360001	1.000000	48.869370	35.676849	6.121399	1.000000	1.000000	1.001010	0.000565	1.000000	1.000000	0.999987	0.000244	1.000000	1.000000	1.000036	0.000214	1.000000	1.000000	1.000049	0.000230	1350067997.360138	1.000008	36.071165	22.809721	2.613474	1.000000	1.000000	1.000061	0.000342	1.000000	0.999994	1.000197	0.000565	1.023983	0.000008	1.001824	0.000010	1.003007	0.000008	0.999862	0.000045	
1350067998.360001	1.000000	48.891708	35.712463	6.102905	1.000000	1.000000	0.999694	0.002173	1.000000	1.000000	0.999982	0.000250	1.000000	1.000000	1.000002	0.000253	1.000000	1.000000	0.999968	0.001111	1350067998.360134	0.999996	36.070215	22.811219	2.797619	1.000000	1.000000	0.999940	0.000391	1.000000	1.000006	0.999983	0.000660	1.000686	0.000058	1.001459	0.000058	0.999808	0.000060	0.999958	0.000091	
1350067999.360000	0.999999	49.332597	36.138065	6.121405	1.000000	1.000000	1.002693	0.000262	1.000000	1.000000	1.003118	0.000206	1.000000	1.000000	0.999832	0.000211	1.000000	1.000000	0.999962	0.008411	1350067999.360132	0.999998	36.064964	22.801649	4.129494	1.000000	1.000000	0.999933	0.000293	1.000000	1.000000	0.999973	0.000341	1.000049	0.000008	1.012460	0.000009	1.002479	0.000008	0.998905	0.000034	
1350068000.360001	1.000001	49.211303	36.017132	6.109064	1.000000	1.000000	0.997674	0.000326	1.000000	1.000000	0.997455	0.000254	1.000000	1.000000	1.000084	0.000248	1.000000	1.000000	0.999964	0.007094	1350068000.360134	1.000002	36.071281	22.820193	3.753136	1.000000	1.000000	1.000054	0.000299	1.000000	1.000000	0.999979	0.000330	1.000331	0.000051	0.947621	0.000053	0.995530	0.000051	1.000714	0.000077	
1350068001.360001	1.000000	48.872650	35.677856	6.109055	1.000000	1.000000	1.000173	0.000964	1.000000	1.000000	1.003176	0.000205	1.000000	1.000000	0.999987	0.000214	1.000000	1.000000	0.999985	0.000230	1350068001.360131	0.999997	36.062856	22.798639	2.615853	1.000000	1.000000	1.000009	0.000355	1.000000	1.000000	0.999989	0.000471	0.992999	0.000008	1.313065	0.000009	1.024642	0.000008	0.998495	0.000033	
1350068002.360001	1.000000	48.914001	35.718582	6.121399	1.000000	1.000000	0.999959	0.000598	1.000000	1.000000	0.997743	0.000293	1.000000	1.000000	1.000555	0.000272	1.000000	1.000000	1.000422	0.000284	1350068002.360135	1.000004	36.064170	22.803710	2.698460	1.000000	1.000000	0.999976	0.000389	1.000000	1.000000	0.999990	0.000450	0.999994	0.000069	0.982590	0.000058	1.000103	0.000071	1.000403	0.000097	
1350068003.360000	0.999999	48.892182	35.698780	6.133734	1.000000	1.000000	0.999957	0.000206	1.000000	1.000000	1.003163	0.000205	1.000000	1.000000	1.000158	0.000193	1.000000	1.000000	1.000027	0.000210	1350068003.360131	0.999996	36.038827	22.778855	2.605357	1.000000	1.000000	0.999963	0.000327	1.000000	1.000000	0.999991	0.000415	1.006098	0.000008	1.124419	0.000008	0.970620	0.000009	0.995297	0.000044	
1350068004.360001	1.000001	48.945754	35.751354	6.102899	1.000000	1.000000	1.002271	0.000270	1.000000	1.000000	0.999977	0.001081	1.000000	1.000000	0.999359	0.000296	1.000000	1.000000	0.999619	0.000343	1350068004.360136	1.000005	36.046557	22.784264	2.794633	1.000000	1.000000	0.999962	0.000411	1.000000	1.000000	1.000411	0.000451	0.991866	0.000066	0.994245	0.000067	0.994132	0.000053	1.002001	0.000105	
1350068005.360000	0.999999	49.462068	36.278645	6.102911	1.000000	1.000000	0.999916	0.009093	1.000000	1.000000	0.999976	0.000944	1.000000	1.000000	0.999816	0.000212	1.000000	1.000000	0.999901	0.000210	1350068005.360131	0.999995	36.032743	22.772010	4.888879	1.000000	1.000000	0.999958	0.000265	1.000000	1.000000	0.999431	0.000343	1.018251	0.000029	1.015046	0.000024	1.015816	0.000025	1.000194	0.000052	
1350068006.360001	1.000001	49.450972	36.255367	6.127558	1.000000	1.000000	1.000079	0.008577	1.000000	1.000000	0.997705	0.000276	1.000000	1.000000	1.000027	0.001073	1.000000	1.000000	0.999982	0.000262	1350068006.360140	1.000009	36.038385	22.780250	4.717639	1.000000	1.000000	1.000006	0.000310	1.000000	1.000000	0.999977	0.000336	0.997814	0.000049	0.948378	0.000052	1.002835	0.000049	0.999418	0.000085	
1350068007.360002	1.000001	715763868.235370	715798292.921733	715821847.397195	0.999982	1.000166	0.999980	1.000171	0.999990	1.000165	0.999983	1.000174	0.999982	1.000168	0.999984	1.000161	0.999982	1.000166	0.999983	1.000168	1350068007.360094	0.999954	715806896.313426	715815176.870510	715834936.123035	0.999982	1.000168	0.999980	1.000170	3.893538	0.256876	0.999982	1.000164	0.999983	1.000171	0.999984	1.000162	0.999982	1.000170	0.999982	1.000165	
1350068008.360025	1.000023	0.000000	0.000000	0.000000	-nan	-nan	-nan	-nan	0.000000	inf	-nan	-nan	-nan	0.000000	-nan	-nan	-nan	-nan	-nan	-nan	1350068008.360102	1.000008	0.000000	0.000000	0.000000	-nan	-nan	-nan	-nan	0.000000	inf	-nan	-nan	-nan	-nan	-nan	-nan	-nan	-nan	-nan	-nan	
