ts_0	elapsed_0	pkg_0	pp0_0	dram_0	freq_ratio_0_0	c0_ratio_0_0	freq_ratio_0_1	c0_ratio_0_1	freq_ratio_0_2	c0_ratio_0_2	freq_ratio_0_3	c0_ratio_0_3	freq_ratio_0_4	c0_ratio_0_4	freq_ratio_0_5	c0_ratio_0_5	freq_ratio_0_6	c0_ratio_0_6	freq_ratio_0_7	c0_ratio_0_7	ts_1	elapsed_1	pkg_1	pp0_1	dram_1	freq_ratio_1_0	c0_ratio_1_0	freq_ratio_1_1	c0_ratio_1_1	freq_ratio_1_2	c0_ratio_1_2	freq_ratio_1_3	c0_ratio_1_3	freq_ratio_1_4	c0_ratio_1_4	freq_ratio_1_5	c0_ratio_1_5	freq_ratio_1_6	c0_ratio_1_6	freq_ratio_1_7	c0_ratio_1_7	
1349417583.294840	1.001149	35.963106	22.298462	0.000000	0.995602	0.003697	0.999965	0.996083	0.999996	0.987733	0.996915	0.001162	0.990986	0.000422	0.913409	0.000045	0.972886	0.000142	0.989085	0.000352	1349417583.295070	1.000483	48.014268	34.149200	0.000000	1.000000	0.988569	0.999981	0.988966	1.000001	0.968101	0.982577	0.000977	1.000386	0.000507	0.835132	0.000116	1.001037	0.000198	0.999984	0.989582	
1349417584.294841	1.000001	36.150066	22.469202	0.000000	0.999837	0.002324	1.000000	0.999936	1.000000	0.999968	0.994285	0.000063	0.999940	0.000064	1.000084	0.000142	1.000065	0.000083	1.000015	0.001003	1349417584.295095	1.000025	48.713594	34.802046	0.000000	1.000000	0.999957	1.000000	1.000000	1.000000	0.999924	0.999885	0.000238	0.999815	0.000235	1.000592	0.000059	0.999957	0.000199	1.000000	1.000000	
1349417585.294838	0.999997	42.145059	28.454495	0.000000	1.000000	0.913864	1.000000	0.999086	0.999999	0.999118	0.999941	0.003052	0.994519	0.000089	1.012086	0.000015	1.014680	0.000015	1.000915	0.000227	1349417585.295058	0.999963	42.979463	28.957399	0.000000	1.000000	0.999107	0.999987	0.085523	1.000000	0.999074	1.001980	0.000236	1.000329	0.000146	0.998129	0.000018	0.999630	0.000172	1.000000	1.000000	
1349417586.294838	1.000000	44.873520	31.170868	0.000000	1.000000	1.000000	1.000000	0.999962	1.000000	0.999983	0.999934	0.015508	0.999995	0.011747	0.999931	0.011595	0.999930	0.011500	0.999907	0.012197	1349417586.295054	0.999996	45.288788	31.253072	0.000000	1.000000	0.999959	0.999939	0.011740	1.000000	0.999928	1.000000	0.011674	0.999999	0.011187	0.999951	0.011469	1.000004	0.011298	1.000000	1.000000	
1349417587.294838	1.000000	42.796982	29.095947	0.000000	1.000000	1.000000	1.000000	0.999961	1.000000	1.000000	0.999985	0.000864	1.001759	0.000428	1.007436	0.000107	1.002790	0.000203	1.001260	0.000839	1349417587.295052	0.999998	42.479466	28.445687	0.000000	1.000000	1.000000	1.001456	0.000480	1.000000	1.000000	0.999995	0.000353	0.999972	0.000458	1.004675	0.000118	1.000011	0.000808	1.000000	1.000000	
1349417588.294839	1.000001	42.817754	29.115024	0.000000	0.999999	1.000000	1.000000	0.999936	1.000000	0.999959	1.000062	0.000601	0.997049	0.000093	0.998570	0.000151	0.997905	0.000079	0.999665	0.000431	1349417588.295066	1.000014	42.439726	28.402478	0.000000	1.000000	0.999945	1.000003	0.000439	1.000000	0.999913	1.000056	0.000397	0.997403	0.000007	1.000058	0.000067	0.999844	0.000202	1.000000	1.000000	
1349417589.294837	0.999998	42.810644	29.110743	0.000000	1.000000	1.000000	1.000000	0.999922	1.000000	0.999963	0.999851	0.000644	1.000582	0.000162	1.012406	0.000016	0.999499	0.000018	0.999994	0.001314	1349417589.295048	0.999982	42.379923	28.341144	0.000000	1.000000	0.999950	1.000409	0.000217	1.000000	0.999914	0.999916	0.000225	1.000324	0.000099	0.999603	0.000017	1.000042	0.000146	1.000000	1.000000	
1349417590.294838	1.000001	42.827077	29.125003	0.000000	1.000000	1.000000	1.000000	0.999886	1.000000	0.999927	0.999912	0.000568	0.999556	0.000067	0.996767	0.000068	1.002409	0.000077	1.000032	0.000549	1349417590.295054	1.000006	42.355994	28.317412	0.000000	1.000000	0.999891	0.999957	0.000280	1.000000	0.999826	1.000070	0.000221	0.998187	0.000017	1.000136	0.000068	1.000075	0.000196	1.000000	1.000000	
1349417591.294837	0.999999	42.812465	29.121091	0.000000	1.000000	1.000000	1.000000	0.999986	1.000000	1.000000	0.999878	0.000716	1.000102	0.000156	1.002080	0.000015	0.999028	0.000089	1.000079	0.000502	1349417591.295054	1.000000	42.374908	28.351151	0.000000	1.000000	0.999991	0.999991	0.000449	1.000000	0.999966	0.999949	0.000440	1.000300	0.000095	1.001708	0.000017	0.999943	0.000195	1.000000	1.000000	
1349417592.294838	1.000001	42.865483	29.157931	0.000000	1.000000	1.000000	1.000000	1.000000	1.000000	1.000000	1.000337	0.000659	0.999856	0.000372	0.999983	0.000155	1.000590	0.000132	0.999871	0.000658	1349417592.295053	0.999999	42.391550	28.353024	0.000000	1.000000	1.000000	1.000029	0.000478	1.000000	1.000000	1.000106	0.000293	1.000032	0.000096	0.999973	0.000098	0.999997	0.000717	1.000000	1.000000	
1349417593.294838	1.000000	42.853027	29.145096	0.000000	0.999999	0.999850	1.000000	0.999776	1.000000	0.999837	0.999715	0.001283	1.000351	0.000114	0.999372	0.000009	0.997974	0.000009	1.000006	0.000557	1349417593.295056	1.000003	42.377875	28.338795	0.000000	1.000000	0.999836	0.999881	0.000216	1.000000	0.999756	1.000086	0.000223	0.999641	0.000090	0.994757	0.000007	0.999929	0.000147	1.000000	1.000000	
1349417594.294838	1.000000	42.841293	29.133987	0.000000	1.000000	1.000000	1.000000	0.999987	1.000000	0.999988	0.999941	0.000544	0.999933	0.000120	0.999917	0.000074	1.000256	0.000087	1.000018	0.001281	1349417594.295064	1.000008	42.398201	28.360549	0.000000	1.000000	0.999992	0.999854	0.000416	1.000000	0.999965	0.999894	0.000402	1.002145	0.000019	1.000205	0.000066	1.000055	0.000188	1.000000	1.000000	
1349417595.294845	1.000007	42.875497	29.167386	0.000000	1.000000	0.999305	1.000001	0.999282	1.000000	0.999309	1.000035	0.002947	1.001790	0.000114	1.011466	0.000015	1.000559	0.000016	1.000012	0.000511	1349417595.295066	1.000002	42.385921	28.346702	0.000000	1.000000	0.999291	1.000147	0.000220	1.000000	0.999260	0.999853	0.000231	0.999539	0.000091	0.993898	0.000016	0.999926	0.000151	1.000000	1.000000	
1349417596.294840	0.999995	42.859376	29.150353	0.000000	1.000001	0.999992	1.000000	0.999991	1.000000	0.999994	1.000950	0.000665	0.992964	0.000063	0.997270	0.000061	0.997781	0.000083	0.999888	0.000485	1349417596.295057	0.999991	42.364336	28.323575	0.000000	1.000000	1.000000	0.999778	0.000262	1.000000	0.999991	1.000041	0.000190	1.002345	0.000017	1.001625	0.000054	1.000082	0.000245	1.000000	1.000000	
1349417597.294838	0.999998	42.871191	29.165308	0.000000	1.000000	1.000000	1.000000	0.999975	1.000000	0.999977	1.000071	0.000674	0.998912	0.000219	0.998509	0.000015	1.004622	0.000035	1.000043	0.000692	1349417597.295054	0.999997	42.317606	28.322430	0.000000	1.000000	0.999960	1.000339	0.000352	1.000000	0.999928	1.000076	0.000462	0.999328	0.000104	1.000120	0.000042	0.999979	0.000306	1.000000	1.000000	
1349417598.294838	1.000000	42.868469	29.160446	0.000000	1.000000	0.999999	1.000000	1.000000	0.999999	1.000000	0.999435	0.000630	0.996718	0.000021	0.994723	0.000058	0.996208	0.000069	0.998197	0.000394	1349417598.295059	1.000005	42.388902	28.321620	0.000000	1.000000	1.000000	0.997154	0.000315	1.000000	1.000000	1.000024	0.000196	1.010066	0.000007	0.991092	0.000056	0.999977	0.000187	1.000000	1.000000	
1349417599.294839	1.000001	42.838124	29.147479	0.000000	1.000000	1.000001	1.000000	1.000000	1.000001	1.000001	0.999258	0.000651	1.002184	0.000155	1.007791	0.000035	1.007425	0.000035	1.000548	0.001272	1349417599.295056	0.999997	42.390772	28.350399	0.000000	1.000000	1.000000	1.003389	0.000250	1.000000	1.000000	0.999977	0.000272	0.999707	0.000142	1.013804	0.000035	1.000035	0.000174	1.000000	1.000000	
1349417600.294837	0.999998	42.869604	29.159739	0.000000	0.999999	0.999388	1.000000	0.999390	1.000000	0.999392	1.001277	0.000713	1.006151	0.000029	1.000280	0.000065	0.997493	0.000076	1.000081	0.000330	1349417600.295061	1.000005	42.350114	28.309383	0.000000	1.000000	0.999386	1.001262	0.000430	1.000000	0.999359	1.000009	0.000374	0.999354	0.000017	0.999098	0.000054	0.999980	0.000193	1.000000	1.000000	
1349417601.294834	0.999997	715800748.216781	715797631.796676	715830103.395168	0.999971	1.000018	0.999971	1.000031	0.999973	1.000033	0.999972	1.000022	0.999973	1.000029	0.999974	1.000019	0.999972	1.000026	0.999972	1.000025	1349417601.294932	0.999871	715872908.840066	715898949.522364	715920227.299307	0.999973	1.000026	0.999970	1.000026	3.894191	0.256795	0.999972	1.000021	0.999971	1.000022	0.999976	1.000025	0.999971	1.000023	0.999973	1.000028	
1349417602.294941	1.000107	0.000000	0.000000	0.000000	-nan	-nan	-nan	-nan	1.000008	inf	-nan	-nan	-nan	0.000000	-nan	-nan	-nan	-nan	-nan	-nan	1349417602.295029	1.000097	0.000000	0.000000	0.000000	-nan	-nan	-nan	-nan	1.345745	inf	-nan	-nan	-nan	-nan	-nan	-nan	-nan	-nan	-nan	-nan	
