ts_0	elapsed_0	pkg_0	pp0_0	dram_0	freq_ratio_0_0	c0_ratio_0_0	freq_ratio_0_1	c0_ratio_0_1	freq_ratio_0_2	c0_ratio_0_2	freq_ratio_0_3	c0_ratio_0_3	freq_ratio_0_4	c0_ratio_0_4	freq_ratio_0_5	c0_ratio_0_5	freq_ratio_0_6	c0_ratio_0_6	freq_ratio_0_7	c0_ratio_0_7	ts_1	elapsed_1	pkg_1	pp0_1	dram_1	freq_ratio_1_0	c0_ratio_1_0	freq_ratio_1_1	c0_ratio_1_1	freq_ratio_1_2	c0_ratio_1_2	freq_ratio_1_3	c0_ratio_1_3	freq_ratio_1_4	c0_ratio_1_4	freq_ratio_1_5	c0_ratio_1_5	freq_ratio_1_6	c0_ratio_1_6	freq_ratio_1_7	c0_ratio_1_7	
1350065840.889599	1.000386	36.376065	23.160616	6.093153	1.000000	1.000000	0.999813	0.004443	0.999790	0.002913	1.000075	0.002955	1.000000	1.000000	1.000043	0.003162	1.000138	0.002824	0.999811	0.002949	1350065840.889738	1.000356	35.896158	22.772488	1.821068	1.000000	1.000000	0.999930	0.003242	0.999788	0.002907	0.999920	0.002773	1.000000	1.000000	0.999931	0.002922	0.999919	0.002715	0.999950	0.003978	
1350065841.889596	0.999997	35.549594	22.341546	6.115238	1.000000	1.000000	1.000220	0.000500	1.009209	0.000064	0.996266	0.000062	1.000000	1.000000	0.999478	0.000261	0.989999	0.000038	1.003330	0.000007	1350065841.889785	1.000047	35.406311	22.271186	1.602754	1.000000	1.000000	1.000291	0.000372	1.013187	0.000029	0.998681	0.000040	1.000000	1.000000	0.999952	0.000313	1.023830	0.000008	1.002137	0.000093	
1350065842.889596	1.000000	35.563766	22.358780	6.121399	1.000000	1.000000	1.000010	0.000422	1.000378	0.000049	0.999852	0.000055	1.000000	1.000000	0.999951	0.000230	0.999925	0.000051	1.007795	0.000066	1350065842.889778	0.999993	35.426576	22.288789	1.660488	1.000000	1.000000	1.000265	0.000383	1.002344	0.000089	1.002909	0.000094	1.000000	1.000000	1.000565	0.000352	1.000369	0.000061	0.997604	0.000265	
1350065843.889596	1.000000	35.566864	22.363098	6.121384	1.000000	1.000000	0.999963	0.000395	0.998462	0.000021	0.999767	0.000020	1.000000	1.000000	0.999988	0.000233	1.000525	0.000011	0.999371	0.000011	1350065843.889779	1.000001	35.445309	22.309320	1.589293	1.000000	1.000000	0.999987	0.000348	0.995480	0.000021	0.989342	0.000021	1.000000	1.000000	0.999384	0.000312	0.984044	0.000013	1.008070	0.000081	
1350065844.889596	1.000000	35.529526	22.338013	6.115234	1.000000	1.000000	1.000024	0.000412	1.000148	0.000050	1.000207	0.000052	1.000000	1.000000	1.000012	0.000280	0.999876	0.000065	1.000477	0.000046	1350065844.889766	0.999987	35.459892	22.319690	1.629553	1.000000	1.000000	1.000003	0.000350	1.001346	0.000074	1.003932	0.000055	1.000000	1.000000	1.000529	0.000338	1.003237	0.000062	0.997604	0.000096	
1350065845.889596	1.000000	35.574829	22.370483	6.096725	1.000000	1.000000	0.999830	0.000767	0.998362	0.000022	0.998010	0.000022	1.000000	1.000000	0.999951	0.000214	0.997034	0.000011	0.996129	0.000011	1350065845.889777	1.000011	35.459664	22.319213	1.592817	1.000000	1.000000	0.999982	0.000396	1.000052	0.000022	0.991137	0.000022	1.000000	1.000000	0.999287	0.000286	0.984356	0.000013	1.003179	0.000065	
1350065846.889596	1.000000	35.569550	22.365646	6.121399	1.000000	1.000000	0.999993	0.000393	1.000203	0.000063	0.999847	0.000061	1.000000	1.000000	0.999982	0.000262	0.999499	0.000048	1.000208	0.000048	1350065846.889776	0.999999	35.461994	22.321814	1.646303	1.000000	1.000000	1.000013	0.000318	1.000099	0.000070	1.003897	0.000053	1.000000	1.000000	1.000650	0.000333	1.003413	0.000058	0.999965	0.000174	
1350065847.889597	1.000001	35.595044	22.388147	6.127542	1.000000	1.000000	1.000270	0.000392	1.000467	0.000045	1.002348	0.000020	1.000000	1.000000	1.000022	0.000213	1.005069	0.000011	1.001968	0.000012	1350065847.889783	1.000007	35.472869	22.329344	1.592411	1.000000	1.000000	0.999994	0.000372	0.999137	0.000023	0.999657	0.000022	1.000000	1.000000	0.999574	0.000286	0.984948	0.000013	0.996870	0.000066	
1350065848.889596	0.999999	35.603168	22.397009	6.121344	1.000000	1.000000	1.000005	0.002505	1.000419	0.000049	0.999526	0.000047	1.000000	1.000000	0.999982	0.000277	0.999757	0.000060	0.999787	0.000054	1350065848.889782	0.999999	35.445453	22.300986	1.646806	1.000000	1.000000	0.999956	0.000343	1.000105	0.000074	0.999916	0.000060	1.000000	1.000000	1.000298	0.000327	1.003093	0.000061	1.000388	0.000098	
1350065849.889596	1.000000	35.564697	22.357971	6.121368	1.000000	1.000000	0.999619	0.000441	0.998929	0.000022	1.001123	0.000021	1.000000	1.000000	0.999973	0.000212	1.001118	0.000011	1.000772	0.000011	1350065849.889778	0.999996	35.398398	22.265364	1.584311	1.000000	1.000000	0.999999	0.000329	0.999965	0.000022	0.999576	0.000022	1.000000	1.000000	0.999261	0.000286	0.984951	0.000013	0.999539	0.000065	
1350065850.889596	1.000000	35.588867	22.380234	6.102905	1.000000	1.000000	1.000185	0.000536	0.999304	0.000046	0.999987	0.000423	1.000000	1.000000	0.999894	0.000265	0.999455	0.000046	0.998881	0.000049	1350065850.889771	0.999993	35.448182	22.301180	1.627666	1.000000	1.000000	0.999989	0.000382	0.999820	0.000067	0.999980	0.000059	1.000000	1.000000	1.000008	0.000335	1.000535	0.000047	0.999969	0.000202	
1350065851.889596	1.000000	35.570648	22.356216	6.115219	1.000000	1.000000	1.000061	0.000391	1.001815	0.000021	0.999929	0.000016	1.000000	1.000000	1.000082	0.000231	1.001983	0.000011	1.002999	0.000011	1350065851.889774	1.000003	35.444638	22.296791	1.595240	1.000000	1.000000	0.999981	0.000332	0.999828	0.000022	0.999892	0.000021	1.000000	1.000000	0.999975	0.000336	0.997986	0.000013	1.000023	0.000066	
1350065852.889596	1.000000	35.567169	22.358170	6.102905	1.000000	1.000000	0.999995	0.000400	0.988248	0.000047	0.991071	0.000060	1.000000	1.000000	1.000592	0.000238	0.991274	0.000058	0.989216	0.000045	1350065852.889766	0.999992	35.459714	22.313245	1.594358	1.000000	1.000000	1.000001	0.000325	1.000120	0.000068	1.000110	0.000060	1.000000	1.000000	1.000714	0.000302	1.003457	0.000055	0.999857	0.000097	
1350065853.889596	1.000000	35.572128	22.366043	6.109055	1.000000	1.000000	0.999996	0.000385	1.014796	0.000037	1.014948	0.000036	1.000000	1.000000	0.999419	0.000245	1.018750	0.000026	0.997670	0.000012	1350065853.889771	1.000005	35.443792	22.298671	1.594123	1.000000	1.000000	0.999994	0.000341	1.000206	0.000021	0.999462	0.000022	1.000000	1.000000	0.998838	0.000312	0.985098	0.000013	1.000024	0.000065	
1350065854.889596	1.000000	35.538727	22.340469	6.102905	1.000000	1.000000	0.999984	0.000716	0.999992	0.000046	0.989462	0.000052	1.000000	1.000000	0.999991	0.000262	1.000190	0.000047	1.008517	0.000061	1350065854.889781	1.000010	35.453930	22.309103	1.662306	1.000000	1.000000	0.999986	0.000376	1.000017	0.000092	1.000016	0.000094	1.000000	1.000000	1.000953	0.000361	1.002607	0.000073	0.997364	0.000170	
1350065855.889596	1.000000	35.570511	22.362885	6.084412	1.000000	1.000000	0.999994	0.000484	0.998745	0.000022	1.001506	0.000342	1.000000	1.000000	0.999987	0.000229	0.997518	0.000011	0.997947	0.000011	1350065855.889779	0.999998	35.464576	22.319470	1.590717	1.000000	1.000000	0.999993	0.000392	0.999167	0.000022	0.995268	0.000021	1.000000	1.000000	0.999315	0.000312	0.984418	0.000013	1.005688	0.000079	
1350065856.889597	1.000001	35.563015	22.353525	6.096735	1.000000	1.000000	0.999967	0.000441	1.000519	0.000052	1.000577	0.000042	1.000000	1.000000	0.999988	0.000263	1.000493	0.000056	1.000622	0.000058	1350065856.889771	0.999992	35.426358	22.277433	1.599012	1.000000	1.000000	0.999993	0.000338	0.999943	0.000054	1.001384	0.000065	0.999995	1.000000	1.000705	0.000293	1.002878	0.000067	1.001804	0.000104	
1350065857.889597	1.000000	35.558746	22.344818	6.102905	1.000000	1.000000	1.000145	0.000403	0.999906	0.000020	1.000078	0.000020	1.000000	1.000000	1.000013	0.000208	0.999860	0.000011	1.000211	0.000011	1350065857.889786	1.000015	35.431490	22.284974	1.590354	1.000000	1.000000	1.000002	0.000357	1.000292	0.000021	1.000265	0.000020	1.000005	1.000000	0.999984	0.000311	0.999846	0.000012	1.000030	0.000065	
1350065858.889596	0.999999	35.591007	22.377234	6.109076	1.000000	1.000000	0.999932	0.002337	1.000321	0.000052	0.991768	0.000069	1.000000	1.000000	0.999973	0.000242	1.000009	0.000045	0.999957	0.000053	1350065858.889773	0.999987	35.446220	22.298678	1.627707	1.000000	1.000000	0.999945	0.000330	0.999968	0.000060	0.999890	0.000060	1.000000	1.000000	0.999989	0.000307	1.000022	0.000052	0.999516	0.000113	
1350065859.889596	1.000000	35.559479	22.348801	6.102905	1.000000	1.000000	0.999981	0.000392	0.999602	0.000052	1.008348	0.000068	1.000000	1.000000	1.000024	0.000208	0.998883	0.000011	0.999613	0.000011	1350065859.889800	1.000027	35.433707	22.300241	1.591968	1.000000	1.000000	1.000024	0.000317	0.999965	0.000022	0.992605	0.000022	1.000000	1.000000	0.999979	0.000310	1.000369	0.000013	1.000806	0.000066	
1350065860.889596	1.000000	35.564194	22.349915	6.078247	1.000000	1.000000	0.999927	0.000469	0.999674	0.000083	0.999922	0.000355	1.000000	1.000000	0.999903	0.000250	0.999631	0.000048	0.999161	0.000045	1350065860.889783	0.999983	35.461523	22.319729	1.590649	1.000000	1.000000	0.999999	0.000391	1.000006	0.000064	1.002876	0.000058	1.000000	1.000000	0.999974	0.000331	0.999897	0.000053	0.997934	0.000095	
1350065861.889597	1.000001	35.557339	22.341684	6.109049	1.000000	1.000000	1.000021	0.000434	1.000860	0.000022	1.000708	0.000016	1.000000	1.000000	1.000058	0.000226	1.001290	0.000011	1.001543	0.000011	1350065861.889785	1.000002	35.464639	22.319919	1.593701	1.000000	1.000000	0.999983	0.000324	0.994946	0.000022	0.989536	0.000022	1.000000	1.000000	0.999257	0.000283	0.972842	0.000013	1.002906	0.000066	
1350065862.889596	0.999999	35.566288	22.350623	6.115240	1.000000	1.000000	1.000067	0.000376	1.000570	0.000043	0.999685	0.000043	1.000000	1.000000	0.999981	0.000228	1.000266	0.000045	1.000250	0.000045	1350065862.889789	1.000004	35.449731	22.307100	1.593850	1.000000	1.000000	0.999987	0.000331	1.001714	0.000059	1.003403	0.000064	1.000000	1.000000	1.000702	0.000315	1.006799	0.000051	0.998138	0.000109	
1350065863.889596	1.000000	35.524414	22.322540	6.102905	1.000000	1.000000	0.999960	0.000412	0.999042	0.000021	1.000964	0.000020	1.000000	1.000000	0.999993	0.000227	1.000000	0.000012	1.000775	0.000012	1350065863.889772	0.999983	35.462789	22.319424	1.592266	1.000000	1.000000	0.999988	0.000324	1.000352	0.000021	0.999496	0.000022	1.000000	1.000000	0.999935	0.000284	0.992452	0.000013	1.000012	0.000065	
1350065864.889596	1.000000	35.557709	22.337387	6.115234	1.000000	1.000000	0.999967	0.000393	0.989018	0.000046	0.992376	0.000075	1.000000	1.000000	1.000569	0.000250	0.989978	0.000051	0.988080	0.000045	1350065864.889773	1.000001	35.448361	22.306467	1.592207	1.000000	1.000000	0.999994	0.000338	1.000123	0.000059	1.000106	0.000058	1.000000	1.000000	0.999955	0.000335	1.001780	0.000052	1.002379	0.000096	
1350065865.889596	1.000000	36.133972	22.906677	6.114151	1.000000	1.000000	1.000022	0.004107	1.000325	0.002658	1.000202	0.002681	1.000000	1.000000	0.999942	0.002622	1.000221	0.002236	0.999991	0.002408	1350065865.889755	0.999982	35.562449	22.413197	1.633879	1.000000	1.000000	0.999997	0.003014	0.999990	0.002415	0.999987	0.002503	1.000000	1.000000	0.999964	0.002764	0.999920	0.002482	0.999941	0.003772	
1350065866.889596	1.000000	35.571732	22.345581	6.121399	1.000000	1.000000	0.999857	0.000924	0.989224	0.000036	0.998980	0.000037	1.000000	1.000000	0.999937	0.000251	0.999611	0.000061	1.010001	0.000052	1350065866.889778	1.000023	35.449399	22.301110	1.599191	1.000000	1.000000	1.000010	0.000404	1.000013	0.000087	1.000234	0.000089	1.000000	1.000000	1.000279	0.000367	1.002565	0.000073	0.996702	0.000133	
1350065867.889596	1.000000	35.567368	22.345612	6.121368	1.000000	1.000000	1.000273	0.000410	1.000529	0.000020	1.002162	0.000020	1.000000	1.000000	1.000057	0.000210	1.001996	0.000011	1.001914	0.000011	1350065867.889778	1.000000	35.443619	22.294769	1.593613	1.000000	1.000000	0.999992	0.000353	0.999405	0.000021	1.000469	0.000021	1.000000	1.000000	0.999685	0.000311	0.984981	0.000013	1.005827	0.000074	
1350065868.889596	1.000000	35.594116	22.372421	6.133728	1.000000	1.000000	0.999950	0.002456	1.000619	0.000047	0.999044	0.000051	1.000000	1.000000	1.000025	0.000248	0.999171	0.000047	0.999535	0.000047	1350065868.889783	1.000005	35.413122	22.278575	1.615257	1.000000	1.000000	0.999962	0.000352	1.000222	0.000061	0.999730	0.000060	1.000000	1.000000	1.000260	0.000325	1.003032	0.000063	1.001358	0.000102	
1350065869.889597	1.000001	35.570019	22.344934	6.109033	1.000000	1.000000	0.999942	0.000393	0.998820	0.000021	1.002243	0.000021	1.000000	1.000000	0.999996	0.000209	1.003324	0.000011	1.000435	0.000011	1350065869.889772	0.999989	35.437171	22.294098	1.590746	1.000000	1.000000	0.999999	0.000306	0.992874	0.000021	1.000371	0.000022	1.000000	1.000000	0.999993	0.000311	0.984826	0.000013	0.998066	0.000066	
1350065870.889596	0.999999	35.565479	22.344809	6.096747	1.000000	1.000000	1.000033	0.000442	0.999628	0.000070	0.999891	0.000380	1.000000	1.000000	0.999928	0.000250	0.999151	0.000045	1.000108	0.000046	1350065870.889769	0.999997	35.415530	22.270043	1.590459	1.000000	1.000000	0.999978	0.000412	1.002384	0.000060	1.000157	0.000066	1.000000	1.000000	0.999982	0.000336	1.003895	0.000053	1.001902	0.000103	
1350065871.889596	1.000000	35.526657	22.307770	6.102905	1.000000	1.000000	0.999940	0.000410	1.000768	0.000021	1.002329	0.000015	1.000000	1.000000	1.000010	0.000232	1.003325	0.000011	1.000104	0.000011	1350065871.889781	1.000012	35.439305	22.296243	1.593914	1.000000	1.000000	0.999974	0.000330	0.999404	0.000021	0.999738	0.000021	1.000000	1.000000	0.999273	0.000284	0.983518	0.000013	0.996845	0.000065	
1350065872.889598	1.000002	715807707.631753	715776786.443523	715782092.011345	0.999985	1.000183	0.999983	1.000189	0.999993	1.000187	0.999982	1.000171	0.999985	1.000188	0.999987	1.000180	0.999984	1.000184	0.999985	1.000186	1350065872.889692	0.999911	715833728.182084	715883979.575111	715856646.719790	0.999985	1.000186	0.999982	1.000185	3.893350	0.256894	0.999984	1.000182	0.999984	1.000184	0.999988	1.000185	0.999985	1.000188	0.999985	1.000183	
1350065873.889701	1.000103	0.000000	0.000000	0.000000	-nan	-nan	-nan	-nan	0.000000	inf	-nan	-nan	-nan	0.000000	-nan	-nan	-nan	-nan	-nan	-nan	1350065873.889778	1.000086	0.000000	0.000000	0.000000	-nan	-nan	-nan	-nan	0.000000	inf	-nan	-nan	-nan	-nan	-nan	-nan	-nan	-nan	-nan	-nan	
