ts_0	elapsed_0	pkg_0	pp0_0	dram_0	freq_ratio_0_0	c0_ratio_0_0	freq_ratio_0_1	c0_ratio_0_1	freq_ratio_0_2	c0_ratio_0_2	freq_ratio_0_3	c0_ratio_0_3	freq_ratio_0_4	c0_ratio_0_4	freq_ratio_0_5	c0_ratio_0_5	freq_ratio_0_6	c0_ratio_0_6	freq_ratio_0_7	c0_ratio_0_7	ts_1	elapsed_1	pkg_1	pp0_1	dram_1	freq_ratio_1_0	c0_ratio_1_0	freq_ratio_1_1	c0_ratio_1_1	freq_ratio_1_2	c0_ratio_1_2	freq_ratio_1_3	c0_ratio_1_3	freq_ratio_1_4	c0_ratio_1_4	freq_ratio_1_5	c0_ratio_1_5	freq_ratio_1_6	c0_ratio_1_6	freq_ratio_1_7	c0_ratio_1_7	
1350072362.906380	1.000511	47.689013	34.632192	3.795531	1.267540	0.998825	1.230263	0.002082	1.232475	0.000151	1.232908	0.000104	1.267543	0.998836	1.230231	0.000293	1.236161	0.000097	1.237302	0.000081	1350072362.906556	1.000356	47.035854	33.825255	1.702092	1.226763	0.000094	1.269130	0.999098	1.228654	0.000306	1.227202	0.000147	1.269130	0.999096	1.230844	0.000345	1.224833	0.000081	1.224913	0.000095	
1350072363.906377	0.999997	47.799388	34.718247	3.790036	1.269173	0.999417	1.230791	0.000303	1.235356	0.000006	1.230503	0.000031	1.269173	0.999416	1.230807	0.000129	1.229930	0.000005	1.230267	0.000006	1350072363.906552	0.999996	47.087959	33.880966	1.587668	1.230660	0.000051	1.269170	0.999420	1.231124	0.000179	1.260665	0.000007	1.269170	0.999420	1.230449	0.000186	1.249611	0.000026	1.229213	0.000087	
1350072364.906378	1.000001	47.931107	34.845060	3.800320	1.266122	0.998777	1.169834	0.003313	1.161537	0.002565	1.161372	0.002428	1.266122	0.998777	1.163278	0.002450	1.160214	0.002131	1.159715	0.002223	1350072364.906554	1.000002	47.448533	34.247219	1.647046	1.163738	0.002666	1.247429	0.999352	1.166164	0.002635	1.159749	0.002220	1.247429	0.999349	1.171199	0.003910	1.159502	0.002206	1.167547	0.002272	
1350072365.906377	0.999999	47.834625	34.748645	3.793644	1.269162	0.999440	1.230996	0.000657	1.235038	0.000006	1.229956	0.000027	1.269162	0.999440	1.230453	0.000114	1.223700	0.000005	1.227853	0.000006	1350072365.906553	0.999999	47.107085	33.891451	1.575166	1.229832	0.000172	1.269171	0.999482	1.230912	0.000183	1.234509	0.000006	1.269171	0.999482	1.230691	0.000155	1.246792	0.000007	1.232939	0.000102	
1350072366.906378	1.000001	47.860367	34.777677	3.793713	1.269119	0.999052	1.230131	0.000791	1.225650	0.000057	1.226972	0.000062	1.269119	0.999053	1.230917	0.000147	1.231041	0.000053	1.231227	0.000042	1350072366.906550	0.999997	47.113565	33.894896	1.638753	1.228190	0.000059	1.269137	0.999144	1.229417	0.000264	1.227169	0.000078	1.269137	0.999144	1.230730	0.000215	1.228585	0.000055	1.229487	0.000164	
1350072367.906377	0.999999	47.885208	34.800845	3.789936	1.269156	0.999248	1.230742	0.000386	1.234772	0.000006	1.231283	0.000028	1.269156	0.999247	1.230755	0.000128	1.234815	0.000005	1.231852	0.000006	1350072367.906547	0.999997	47.119226	33.897963	1.588079	1.227765	0.000054	1.269172	0.999460	1.230707	0.000201	1.229926	0.000007	1.269172	0.999459	1.230706	0.000171	1.231963	0.000093	1.234661	0.000052	
1350072368.906377	1.000000	47.889603	34.799988	3.793472	1.269153	0.999287	1.229516	0.000283	1.227694	0.000111	1.225649	0.000063	1.269153	0.999290	1.230678	0.000144	1.230283	0.000054	1.230630	0.000040	1350072368.906551	1.000004	47.130333	33.908676	1.632501	1.228197	0.000074	1.269161	0.999397	1.229474	0.000226	1.226041	0.000067	1.269161	0.999394	1.230698	0.000204	1.230860	0.000061	1.229300	0.000082	
1350072369.906377	1.000000	47.914093	34.825790	3.786423	1.269175	0.999440	1.231232	0.000305	1.230977	0.000006	1.230734	0.000027	1.269175	0.999440	1.230708	0.000114	1.226582	0.000006	1.231502	0.000006	1350072369.906545	0.999994	47.144049	33.921421	1.588037	1.227328	0.000048	1.269178	0.999503	1.230743	0.000177	1.229695	0.000007	1.269179	0.999503	1.230765	0.000158	1.224324	0.000007	1.232371	0.000065	
1350072370.906377	1.000000	47.895325	34.807037	3.793686	1.269155	0.999266	1.229765	0.000293	1.226261	0.000055	1.227023	0.000059	1.269155	0.999265	1.230775	0.000146	1.231568	0.000070	1.230658	0.000042	1350072370.906550	1.000005	47.121346	33.900251	1.626579	1.229957	0.000191	1.269131	0.999147	1.229393	0.000249	1.226850	0.000071	1.269131	0.999144	1.230659	0.000198	1.231109	0.000055	1.230950	0.000184	
1350072371.906377	1.000000	47.900589	34.810272	3.789581	1.269141	0.999138	1.230767	0.000570	1.227463	0.000006	1.229233	0.000027	1.269141	0.999137	1.230608	0.000114	1.228768	0.000005	1.231071	0.000006	1350072371.906552	1.000002	47.125002	33.901394	1.581540	1.229903	0.000055	1.269174	0.999461	1.231041	0.000191	1.231077	0.000033	1.269174	0.999461	1.230664	0.000159	1.231553	0.000007	1.231002	0.000060	
1350072372.906378	1.000001	47.854904	34.777768	3.790035	1.269065	0.999050	1.230579	0.001801	1.215578	0.000057	1.226730	0.000061	1.269065	0.999049	1.231642	0.000146	1.223923	0.000076	1.217909	0.000041	1350072372.906540	0.999988	47.128186	33.906669	1.626545	1.226148	0.000065	1.269159	0.999373	1.229428	0.000250	1.226843	0.000085	1.269159	0.999373	1.231099	0.000198	1.230018	0.000078	1.230675	0.000073	
1350072373.906377	0.999999	47.872711	34.786166	3.805073	1.269178	0.999461	1.230768	0.000278	1.238542	0.000006	1.211793	0.000027	1.269178	0.999461	1.231088	0.000113	1.232751	0.000006	1.234532	0.000006	1350072373.906541	1.000001	47.135697	33.913160	1.583296	1.225437	0.000051	1.269178	0.999505	1.229965	0.000177	1.231502	0.000006	1.269178	0.999505	1.230321	0.000152	1.240007	0.000007	1.230631	0.000060	
1350072374.906378	1.000001	47.821366	34.734571	3.797253	1.269143	0.999183	1.228884	0.000263	1.233385	0.000094	1.233955	0.000075	1.269142	0.999182	1.229749	0.000162	1.238459	0.000066	1.239445	0.000058	1350072374.906554	1.000013	47.090127	33.865950	1.634973	1.230658	0.000084	1.269149	0.999335	1.230174	0.000263	1.227927	0.000098	1.269149	0.999331	1.230760	0.000180	1.223838	0.000070	1.225209	0.000085	
1350072375.906377	0.999999	47.910141	34.821154	3.786258	1.269171	0.999399	1.231215	0.000320	1.229246	0.000006	1.229596	0.000027	1.269171	0.999399	1.230628	0.000138	1.221577	0.000006	1.222960	0.000005	1350072375.906554	1.000000	47.130234	33.906509	1.581741	1.230526	0.000191	1.269161	0.999396	1.230789	0.000284	1.232904	0.000006	1.269161	0.999395	1.230697	0.000204	1.243084	0.000039	1.229696	0.000096	
1350072376.906378	1.000001	47.900025	34.809308	3.793392	1.269115	0.998988	1.229892	0.000551	1.226672	0.000067	1.228130	0.000084	1.269115	0.998986	1.230674	0.000198	1.231357	0.000067	1.231647	0.000058	1350072376.906555	1.000001	47.137650	33.913755	1.614912	1.226375	0.000065	1.269145	0.999245	1.229707	0.000335	1.227844	0.000141	1.269144	0.999241	1.230748	0.000252	1.230598	0.000069	1.236785	0.000096	
1350072377.906377	0.999999	47.887451	34.800967	3.797443	1.269171	0.999396	1.233254	0.000290	1.236318	0.000006	1.230342	0.000050	1.269171	0.999395	1.230850	0.000148	1.235695	0.000005	1.228167	0.000006	1350072377.906556	1.000001	47.146836	33.923567	1.591368	1.228061	0.000076	1.269174	0.999485	1.230973	0.000276	1.252322	0.000006	1.269174	0.999484	1.230762	0.000188	1.229989	0.000007	1.230594	0.000060	
1350072378.906378	1.000001	47.901978	34.808500	3.797711	1.269153	0.999237	1.226855	0.000273	1.224812	0.000051	1.228128	0.000088	1.269153	0.999237	1.230598	0.000181	1.230196	0.000044	1.230896	0.000041	1350072378.906560	1.000004	47.167533	33.943344	1.638986	1.225364	0.000068	1.269158	0.999399	1.229762	0.000334	1.227015	0.000068	1.269158	0.999399	1.230623	0.000234	1.231041	0.000061	1.229931	0.000088	
1350072379.906377	0.999999	47.898529	34.809909	3.797626	1.269176	0.999460	1.231338	0.000278	1.228697	0.000006	1.230131	0.000026	1.269176	0.999459	1.230708	0.000163	1.227179	0.000006	1.230077	0.000006	1350072379.906554	0.999994	47.167624	33.943638	1.588343	1.233089	0.000055	1.269176	0.999506	1.230946	0.000290	1.230838	0.000006	1.269176	0.999506	1.230745	0.000174	1.230307	0.000007	1.232420	0.000060	
1350072380.906378	1.000001	47.912781	34.821790	3.801159	1.269149	0.999206	1.229520	0.000285	1.227366	0.000073	1.228044	0.000091	1.269148	0.999204	1.230753	0.000159	1.231250	0.000045	1.231435	0.000040	1350072380.906554	1.000000	47.167923	33.943085	1.619049	1.229843	0.000229	1.269146	0.999311	1.229975	0.000386	1.227653	0.000084	1.269146	0.999307	1.230740	0.000220	1.230478	0.000055	1.231499	0.000097	
1350072381.906377	0.999999	47.916031	34.825015	3.797382	1.269116	0.999221	1.230666	0.000536	1.229707	0.000006	1.229649	0.000027	1.269116	0.999220	1.230738	0.000146	1.227269	0.000005	1.227019	0.000006	1350072381.906597	1.000043	47.128944	33.918817	1.584878	1.228160	0.000049	1.269171	0.999462	1.230731	0.000254	1.230674	0.000032	1.269171	0.999461	1.230698	0.000208	1.221459	0.000007	1.229400	0.000059	
1350072382.906378	1.000001	47.922302	34.827680	3.812832	1.269070	0.999114	1.230532	0.001807	1.225711	0.000056	1.226865	0.000060	1.269070	0.999113	1.230694	0.000128	1.230664	0.000061	1.230611	0.000040	1350072382.906549	0.999952	47.172839	33.948999	1.601059	1.227554	0.000062	1.269159	0.999385	1.229714	0.000325	1.227651	0.000082	1.269159	0.999385	1.230731	0.000175	1.230928	0.000074	1.230954	0.000077	
1350072383.906377	0.999999	47.923736	34.831378	3.797535	1.269173	0.999417	1.230838	0.000276	1.235092	0.000006	1.229917	0.000026	1.269173	0.999417	1.230518	0.000180	1.226166	0.000005	1.228962	0.000006	1350072383.906551	1.000002	47.175478	33.952435	1.581921	1.230692	0.000050	1.269175	0.999483	1.230942	0.000289	1.231480	0.000006	1.269174	0.999483	1.230629	0.000190	1.237992	0.000007	1.230135	0.000060	
1350072384.906377	1.000000	47.908142	34.814453	3.805222	1.269142	0.999112	1.229412	0.000275	1.212867	0.000049	1.228420	0.000122	1.269142	0.999116	1.231848	0.000149	1.219334	0.000042	1.218109	0.000040	1350072384.906544	0.999993	47.193060	33.968787	1.614040	1.225423	0.000064	1.269160	0.999396	1.229700	0.000322	1.225417	0.000063	1.269161	0.999394	1.230828	0.000211	1.228874	0.000055	1.227817	0.000061	
1350072385.906377	1.000000	47.908539	34.817337	3.793869	1.269161	0.999438	1.231365	0.000280	1.232571	0.000006	1.212537	0.000027	1.269161	0.999437	1.230870	0.000142	1.232720	0.000006	1.235700	0.000006	1350072385.906611	1.000067	47.182752	33.959059	1.575227	1.230357	0.000191	1.269165	0.999461	1.230784	0.000303	1.229991	0.000006	1.269165	0.999461	1.230661	0.000233	1.247853	0.000007	1.232914	0.000091	
1350072386.906378	1.000001	47.922211	34.829053	3.797466	1.269117	0.998940	1.230188	0.000532	1.233618	0.000077	1.233680	0.000071	1.269117	0.998937	1.229936	0.000189	1.239921	0.000054	1.240252	0.000053	1350072386.906552	0.999941	47.137160	33.913237	1.635091	1.227342	0.000078	1.269147	0.999287	1.229863	0.000390	1.227109	0.000129	1.269147	0.999284	1.230698	0.000203	1.221674	0.000062	1.222731	0.000076	
1350072387.906379	1.000001	715760506.496694	715765382.999917	715776952.211159	0.999982	1.000163	0.999979	1.000167	0.999990	1.000164	0.999981	1.000161	0.999982	1.000166	0.999984	1.000158	0.999981	1.000163	0.999982	1.000165	1350072387.906471	0.999919	715882962.423277	715868769.680068	715843434.796621	0.999982	1.000165	0.999979	1.000163	3.893584	0.256872	0.999981	1.000161	0.999982	1.000166	0.999984	1.000160	0.999981	1.000163	0.999982	1.000166	
1350072388.906428	1.000049	0.000000	0.000000	0.000000	-nan	-nan	-nan	-nan	737255894200.634888	inf	-nan	-nan	-nan	0.000000	0.000000	inf	-nan	-nan	-nan	-nan	1350072388.906505	1.000034	0.000000	0.000000	0.000000	-nan	-nan	-nan	-nan	1.345745	inf	-nan	-nan	-nan	-nan	-nan	-nan	-nan	-nan	-nan	-nan	
