ts_0	elapsed_0	pkg_0	pp0_0	dram_0	freq_ratio_0_0	c0_ratio_0_0	freq_ratio_0_1	c0_ratio_0_1	freq_ratio_0_2	c0_ratio_0_2	freq_ratio_0_3	c0_ratio_0_3	freq_ratio_0_4	c0_ratio_0_4	freq_ratio_0_5	c0_ratio_0_5	freq_ratio_0_6	c0_ratio_0_6	freq_ratio_0_7	c0_ratio_0_7	ts_1	elapsed_1	pkg_1	pp0_1	dram_1	freq_ratio_1_0	c0_ratio_1_0	freq_ratio_1_1	c0_ratio_1_1	freq_ratio_1_2	c0_ratio_1_2	freq_ratio_1_3	c0_ratio_1_3	freq_ratio_1_4	c0_ratio_1_4	freq_ratio_1_5	c0_ratio_1_5	freq_ratio_1_6	c0_ratio_1_6	freq_ratio_1_7	c0_ratio_1_7	
1350072362.905872	1.000509	48.698142	35.425281	6.118285	1.266774	0.993905	1.230538	0.004552	1.209928	0.000013	1.224453	0.000041	1.266777	0.993905	1.230683	0.000255	1.230726	0.000834	1.230417	0.000006	1350072362.906041	1.000379	47.610781	34.561346	3.240059	1.269147	0.999206	1.230036	0.000395	1.221857	0.000035	1.219817	0.000040	1.269146	0.999205	1.230254	0.000303	1.229220	0.000113	1.239725	0.000007	
1350072363.905862	0.999990	50.249817	36.977787	6.101822	1.250646	0.994743	1.201531	0.007258	1.160442	0.002425	1.161092	0.002476	1.250645	0.994739	1.164970	0.002375	1.158653	0.002041	1.158260	0.001997	1350072363.906030	0.999989	48.698120	35.628183	2.962938	1.253784	0.999049	1.164737	0.002772	1.159462	0.002220	1.159197	0.002290	1.253786	0.999048	1.164477	0.002419	1.168936	0.004001	1.160233	0.002107	
1350072364.905862	1.000000	48.729034	35.455154	6.121292	1.269057	0.999115	1.230622	0.002185	1.207359	0.000013	1.208243	0.000014	1.269056	0.999115	1.230761	0.000261	1.233147	0.000005	1.230282	0.000005	1350072364.906045	1.000015	47.803298	34.732526	2.732945	1.269160	0.999313	1.229612	0.000233	1.222212	0.000052	1.209537	0.000015	1.269159	0.999312	1.229831	0.000253	1.229856	0.000132	1.226131	0.000007	
1350072365.905862	1.000000	48.759262	35.482437	6.127502	1.269087	0.998730	1.230599	0.001032	1.230875	0.000047	1.230775	0.000054	1.269087	0.998728	1.230690	0.000281	1.230722	0.000043	1.230834	0.000072	1350072365.906035	0.999990	47.824682	34.752789	2.753278	1.269106	0.998793	1.230622	0.000282	1.234310	0.000049	1.230759	0.000408	1.269106	0.998793	1.231246	0.000276	1.231731	0.000197	1.233806	0.000072	
1350072366.905862	1.000000	48.836899	35.562408	6.133728	1.266896	0.987562	1.230691	0.008509	1.218887	0.000028	1.206994	0.000014	1.266895	0.987555	1.230712	0.000225	1.225187	0.000005	1.228229	0.000005	1350072366.906037	1.000002	47.855042	34.789103	4.983892	1.269165	0.999376	1.229620	0.000234	1.222523	0.000041	1.207989	0.000015	1.269165	0.999376	1.230870	0.000244	1.231158	0.000098	1.201078	0.000007	
1350072367.905862	1.000000	48.785431	35.507797	6.121399	1.268286	0.994642	1.230739	0.003682	1.231040	0.000041	1.230875	0.000049	1.268286	0.994638	1.230732	0.000266	1.231021	0.000053	1.231372	0.000041	1350072367.906035	0.999998	47.860473	34.805547	3.568778	1.269140	0.999140	1.230697	0.000238	1.231322	0.000037	1.231391	0.000043	1.269140	0.999139	1.230751	0.000264	1.230795	0.000119	1.232210	0.000165	
1350072368.905862	1.000000	48.770508	35.493195	6.102905	1.269136	0.999096	1.230049	0.000543	1.225879	0.000058	1.208836	0.000014	1.269136	0.999096	1.230714	0.000288	1.232982	0.000005	1.227763	0.000005	1350072368.906032	0.999997	47.870479	34.808030	2.757363	1.269017	0.998168	1.229008	0.000193	1.223296	0.000042	1.208053	0.000014	1.269017	0.998166	1.230783	0.000244	1.230711	0.001202	1.197729	0.000007	
1350072369.905862	1.000000	48.735138	35.473114	6.096741	1.269132	0.999031	1.231273	0.000341	1.221943	0.000062	1.222335	0.000063	1.269132	0.999030	1.231257	0.000296	1.218217	0.000042	1.225386	0.000098	1350072369.906023	0.999991	47.841666	34.778376	2.730326	1.268390	0.990908	1.231149	0.000239	1.230848	0.000042	1.231069	0.000063	1.268390	0.990901	1.230526	0.000263	1.230733	0.006177	1.233695	0.000064	
1350072370.905862	1.000000	48.786148	35.511856	6.108978	1.269129	0.999094	1.231045	0.000758	1.208686	0.000013	1.206992	0.000014	1.269129	0.999095	1.230669	0.000243	1.229507	0.000006	1.229585	0.000006	1350072370.906030	1.000007	47.873570	34.819431	2.722256	1.268769	0.995069	1.229696	0.000225	1.222020	0.000037	1.210107	0.000014	1.268769	0.995064	1.230944	0.000235	1.230743	0.003789	1.233820	0.000013	
1350072371.905862	1.000000	48.770020	35.492279	6.121399	1.269133	0.999008	1.229128	0.000354	1.240094	0.000058	1.240244	0.000056	1.269133	0.999007	1.230210	0.000288	1.239018	0.000062	1.240740	0.000053	1350072371.906031	1.000001	47.887268	34.839612	2.750592	1.269035	0.998005	1.230160	0.000238	1.218783	0.000036	1.221044	0.000046	1.269035	0.998004	1.229491	0.000270	1.230245	0.001182	1.224659	0.000139	
1350072372.905862	1.000000	48.789597	35.509857	6.096741	1.269153	0.999313	1.229682	0.000313	1.208015	0.000012	1.207933	0.000014	1.269153	0.999311	1.230786	0.000206	1.230740	0.000005	1.231355	0.000005	1350072372.906033	1.000002	47.909882	34.862482	2.706599	1.268771	0.995080	1.229286	0.000236	1.232616	0.000063	1.235063	0.000037	1.268771	0.995073	1.229679	0.000244	1.230679	0.003735	1.212770	0.000027	
1350072373.905862	1.000000	48.774506	35.498215	6.109070	1.268712	0.995987	1.230784	0.001454	1.230764	0.000039	1.230383	0.000040	1.268711	0.995984	1.230738	0.001905	1.230960	0.000040	1.230794	0.000038	1350072373.906035	1.000002	47.870667	34.835947	2.869044	1.268997	0.997548	1.230695	0.000227	1.229563	0.000033	1.231032	0.000061	1.268997	0.997546	1.231134	0.000226	1.230877	0.001640	1.244956	0.000072	
1350072374.905862	1.000000	48.763809	35.485901	6.121399	1.268985	0.998640	1.230607	0.002305	1.214678	0.000019	1.216477	0.000018	1.268986	0.998638	1.230771	0.000424	1.230230	0.000010	1.230534	0.000010	1350072374.906032	0.999997	47.910457	34.866121	2.777261	1.269059	0.998295	1.229535	0.000239	1.225588	0.000057	1.214684	0.000022	1.269059	0.998288	1.230575	0.000223	1.230719	0.001057	1.218096	0.000013	
1350072375.905862	1.000000	48.744019	35.463272	6.121353	1.269073	0.998730	1.230573	0.000972	1.230676	0.000115	1.230574	0.000068	1.269073	0.998730	1.230678	0.000232	1.230462	0.000046	1.230860	0.000046	1350072375.906036	1.000004	47.934178	34.890407	2.729557	1.269038	0.998104	1.230728	0.000406	1.230727	0.000042	1.230890	0.000060	1.269038	0.998102	1.230862	0.000309	1.230756	0.001067	1.230791	0.000075	
1350072376.905862	1.000000	48.757950	35.478271	6.102905	1.269152	0.999233	1.229684	0.000284	1.200757	0.000026	1.226918	0.000065	1.269152	0.999223	1.230707	0.000175	1.204036	0.000018	1.204578	0.000019	1350072376.906027	0.999991	47.915855	34.872493	2.707285	1.269056	0.998255	1.230058	0.000397	1.226058	0.000053	1.209998	0.000013	1.269056	0.998254	1.230712	0.000283	1.230734	0.001005	1.255462	0.000006	
1350072377.905862	1.000000	48.742294	35.464752	6.115234	1.269134	0.999010	1.232397	0.000429	1.230932	0.000069	1.231021	0.000068	1.269134	0.999009	1.230765	0.000206	1.230677	0.000034	1.230332	0.000034	1350072377.906030	1.000003	47.899601	34.857573	2.709800	1.269045	0.998148	1.232105	0.000397	1.230974	0.000064	1.230904	0.000094	1.269045	0.998147	1.230824	0.000312	1.230731	0.001039	1.230927	0.000048	
1350072378.905862	1.000000	48.767883	35.489136	6.109070	1.269153	0.999222	1.228316	0.000382	1.218446	0.000025	1.225789	0.000065	1.269153	0.999222	1.230592	0.000174	1.227355	0.000005	1.231986	0.000005	1350072378.906039	1.000009	47.875985	34.834798	2.718313	1.269049	0.998145	1.228007	0.000295	1.221018	0.000036	1.209005	0.000015	1.269049	0.998140	1.230581	0.000244	1.230745	0.001148	1.196943	0.000007	
1350072379.905862	1.000000	48.792587	35.516220	6.121399	1.269142	0.999116	1.230823	0.000302	1.230720	0.000045	1.230787	0.000062	1.269142	0.999115	1.230734	0.000213	1.230894	0.000077	1.230805	0.000047	1350072379.906029	0.999990	47.858969	34.817014	2.742810	1.268031	0.989079	1.230725	0.000360	1.229721	0.000035	1.230750	0.000046	1.268031	0.989067	1.230721	0.005639	1.230732	0.002100	1.232132	0.000176	
1350072380.905862	1.000000	48.778717	35.502319	6.102844	1.269097	0.999115	1.230316	0.000795	1.209164	0.000014	1.208771	0.000014	1.269097	0.999116	1.230798	0.000173	1.233267	0.000005	1.229857	0.000006	1350072380.906030	1.000001	47.918854	34.877484	2.709943	1.269151	0.999291	1.229768	0.000339	1.225543	0.000051	1.198446	0.000015	1.269151	0.999288	1.230730	0.000287	1.230194	0.000151	1.191644	0.000007	
1350072381.905862	1.000000	48.757492	35.480316	6.115234	1.269149	0.999180	1.230746	0.000306	1.218273	0.000044	1.217657	0.000041	1.269149	0.999180	1.231221	0.000228	1.217000	0.000040	1.217093	0.000039	1350072381.906039	1.000009	47.940636	34.898900	2.709326	1.269102	0.998749	1.231123	0.000355	1.230604	0.000032	1.233492	0.000059	1.269102	0.998749	1.230705	0.000293	1.231408	0.000143	1.231339	0.000452	
1350072382.905862	1.000000	48.740952	35.463226	6.115234	1.269162	0.999308	1.229917	0.000314	1.209189	0.000013	1.209508	0.000013	1.269162	0.999311	1.230751	0.000194	1.232906	0.000006	1.233006	0.000006	1350072382.906026	0.999987	48.618847	35.571954	2.708516	1.232917	0.999299	1.229670	0.000301	1.225118	0.000051	1.211078	0.000013	1.232914	0.999287	1.230324	0.000229	1.230665	0.000123	1.229714	0.000480	
1350072383.905862	1.000000	48.782242	35.504837	6.096741	1.269115	0.998841	1.230628	0.000338	1.241005	0.000052	1.240888	0.000052	1.269115	0.998840	1.230030	0.000199	1.235198	0.000113	1.233622	0.000186	1350072383.906033	1.000007	47.893834	34.852222	2.753887	1.269116	0.998998	1.230410	0.000404	1.216226	0.000033	1.222312	0.000054	1.269120	0.999006	1.231431	0.000307	1.230770	0.000175	1.230675	0.000227	
1350072384.905862	1.000000	48.758392	35.480713	6.146057	1.268465	0.993296	1.230584	0.001855	1.209017	0.000014	1.208966	0.000014	1.268465	0.993292	1.230748	0.003405	1.235253	0.000005	1.230777	0.001671	1350072384.906027	0.999994	47.947963	34.903788	3.141605	1.269154	0.999269	1.229428	0.000264	1.233874	0.000057	1.234884	0.000029	1.269155	0.999266	1.230152	0.000260	1.230768	0.000125	1.218192	0.000027	
1350072385.905862	1.000000	48.720001	35.443207	6.133667	1.268378	0.993182	1.230541	0.000769	1.230542	0.000039	1.230574	0.000066	1.268377	0.993180	1.230740	0.005011	1.229997	0.000039	1.230582	0.000038	1350072385.906034	1.000007	47.898747	34.868259	3.033030	1.269146	0.999203	1.230719	0.000315	1.229928	0.000033	1.230876	0.000052	1.269146	0.999204	1.230718	0.000281	1.230676	0.000149	1.245626	0.000059	
1350072386.905862	1.000000	48.731598	35.455704	6.121399	1.269166	0.999348	1.229596	0.000306	1.208541	0.000014	1.210017	0.000013	1.269166	0.999352	1.230775	0.000173	1.234185	0.000005	1.232495	0.000005	1350072386.906032	0.999998	47.922272	34.879492	2.701848	1.269162	0.999378	1.229741	0.000325	1.223971	0.000044	1.210869	0.000014	1.269161	0.999374	1.230119	0.000236	1.230756	0.000124	1.213969	0.000007	
1350072387.905867	1.000005	715808899.469999	715781773.088252	715801819.997495	0.999988	1.000201	0.999985	1.000203	0.999995	1.000200	0.999988	1.000200	0.999988	1.000203	0.999990	1.000198	0.999988	1.000203	0.999988	1.000201	1350072387.905946	0.999914	715861122.270078	715849814.998378	715878321.377678	0.999988	1.000200	0.999985	1.000203	3.893203	0.256908	0.999988	1.000200	0.999988	1.000203	0.999990	1.000198	0.999988	1.000203	0.999988	1.000201	
1350072388.905950	1.000083	0.000000	0.000000	0.000000	-nan	-nan	-nan	-nan	737250708273.658813	inf	-nan	-nan	-nan	0.000000	0.000000	inf	-nan	-nan	-nan	-nan	1350072388.906012	1.000066	0.000000	0.000000	0.000000	-nan	-nan	-nan	-nan	1.345745	inf	-nan	-nan	-nan	-nan	-nan	-nan	-nan	-nan	-nan	-nan	
