ts_0	elapsed_0	pkg_0	pp0_0	dram_0	freq_ratio_0_0	c0_ratio_0_0	freq_ratio_0_1	c0_ratio_0_1	freq_ratio_0_2	c0_ratio_0_2	freq_ratio_0_3	c0_ratio_0_3	freq_ratio_0_4	c0_ratio_0_4	freq_ratio_0_5	c0_ratio_0_5	freq_ratio_0_6	c0_ratio_0_6	freq_ratio_0_7	c0_ratio_0_7	ts_1	elapsed_1	pkg_1	pp0_1	dram_1	freq_ratio_1_0	c0_ratio_1_0	freq_ratio_1_1	c0_ratio_1_1	freq_ratio_1_2	c0_ratio_1_2	freq_ratio_1_3	c0_ratio_1_3	freq_ratio_1_4	c0_ratio_1_4	freq_ratio_1_5	c0_ratio_1_5	freq_ratio_1_6	c0_ratio_1_6	freq_ratio_1_7	c0_ratio_1_7	
1350068174.205315	1.000193	71.883060	58.652552	3.796188	1.000000	1.000000	1.000000	1.000000	1.000000	1.000000	1.000000	1.000000	1.000000	1.000000	1.000000	1.000000	1.000000	1.000000	1.000000	1.000000	1350068174.205352	1.000172	45.831660	32.715888	1.664692	0.999769	0.001991	1.000000	1.000000	1.000000	1.000000	0.999903	0.000906	0.975179	0.000008	0.976007	0.000008	1.000000	1.000000	1.000000	1.000000	
1350068175.205324	1.000009	71.641044	58.394719	3.800564	0.999998	0.924071	0.999999	0.999999	0.999999	0.999999	0.999999	0.999999	0.999999	0.999999	0.999999	0.999999	0.999999	0.999999	0.999999	0.999999	1350068175.205436	1.000084	46.282218	33.155970	1.645644	1.000022	0.077263	1.000001	1.000001	1.000000	1.000001	1.000829	0.000423	1.000158	0.000056	1.000665	0.000070	1.000000	1.000001	1.000000	1.000001	
1350068176.205312	0.999988	65.783118	52.536866	3.804687	0.999996	0.001526	1.000000	1.000000	1.000000	1.000000	1.000000	1.000000	1.000000	1.000000	1.000000	1.000000	1.000000	1.000000	1.000000	1.000000	1350068176.205406	0.999970	51.863481	38.727894	1.605074	1.000000	1.000000	1.000000	1.000000	1.000000	1.000000	0.999892	0.001416	1.017822	0.000030	1.014055	0.000036	1.000000	1.000000	1.000000	1.000000	
1350068177.205311	0.999999	65.832292	52.588338	3.805210	1.000036	0.001223	1.000000	1.000000	1.000000	1.000000	1.000000	1.000000	1.000000	1.000000	1.000000	1.000000	1.000000	1.000000	1.000000	1.000000	1350068177.205402	0.999996	51.874646	38.737691	1.606269	1.000000	1.000000	1.000000	1.000000	1.000000	1.000000	0.999971	0.001437	1.000040	0.000068	0.999752	0.000067	1.000000	1.000000	1.000000	1.000000	
1350068178.205311	1.000000	65.850021	52.604370	3.801407	0.999913	0.001015	1.000000	1.000000	1.000000	1.000000	1.000000	1.000000	1.000000	1.000000	1.000000	1.000000	1.000000	1.000000	1.000000	1.000000	1350068178.205400	0.999998	51.837974	38.713392	1.592578	1.000000	1.000000	1.000000	1.000000	1.000000	1.000000	1.000098	0.001444	0.999456	0.000007	0.999891	0.000007	1.000000	1.000000	1.000000	1.000000	
1350068179.205318	1.000007	65.792102	52.557910	3.797017	0.999958	0.001259	1.000000	1.000000	1.000000	1.000000	1.000000	1.000000	1.000000	1.000000	1.000000	1.000000	1.000000	1.000000	1.000000	1.000000	1350068179.205412	1.000012	51.869590	38.730663	1.628154	1.000000	1.000000	1.000000	1.000000	1.000000	1.000000	0.999896	0.001389	1.000014	0.000057	1.000223	0.000069	1.000000	1.000000	1.000000	1.000000	
1350068180.205310	0.999992	65.911728	52.662948	3.800934	0.999995	0.003218	1.000000	1.000000	1.000000	1.000000	1.000000	1.000000	1.000000	1.000000	1.000000	1.000000	1.000000	1.000000	1.000000	1.000000	1350068180.205404	0.999992	51.880425	38.742959	1.596433	1.000000	1.000000	1.000000	1.000000	1.000000	1.000000	1.000069	0.001483	0.981628	0.000007	0.978388	0.000007	1.000000	1.000000	1.000000	1.000000	
1350068181.205318	1.000008	65.903122	52.654923	3.789764	1.000042	0.001612	1.000000	1.000000	1.000000	1.000000	1.000000	1.000000	1.000000	1.000000	1.000000	1.000000	1.000000	1.000000	1.000000	1.000000	1350068181.205408	1.000004	51.895679	38.757106	1.592492	1.000000	1.000000	1.000000	1.000000	1.000000	1.000000	0.999974	0.001436	1.002112	0.000066	1.001998	0.000067	1.000000	1.000000	1.000000	1.000000	
1350068182.205311	0.999993	65.871168	52.622587	3.785579	0.999876	0.001055	1.000000	1.000000	1.000000	1.000000	1.000000	1.000000	1.000000	1.000000	1.000000	1.000000	1.000000	1.000000	1.000000	1.000000	1350068182.205404	0.999996	51.899014	38.761006	1.591178	1.000000	1.000000	1.000000	1.000000	1.000000	1.000000	0.999987	0.001453	1.000000	0.000007	1.000328	0.000007	1.000000	1.000000	1.000000	1.000000	
1350068183.205311	1.000000	65.881317	52.632248	3.801025	0.999994	0.001243	1.000000	1.000000	1.000000	1.000000	1.000000	1.000000	1.000000	1.000000	1.000000	1.000000	1.000000	1.000000	1.000000	1.000000	1350068183.205403	0.999999	51.903187	38.764853	1.614595	1.000000	1.000000	1.000000	1.000000	1.000000	1.000000	0.999899	0.001411	0.999872	0.000051	1.000290	0.000051	1.000000	1.000000	1.000000	1.000000	
1350068184.205311	1.000000	65.909164	52.658554	3.788803	1.000053	0.004836	1.000000	1.000000	1.000000	1.000000	1.000000	1.000000	1.000000	1.000000	1.000000	1.000000	1.000000	1.000000	1.000000	1.000000	1350068184.205397	0.999994	51.943028	38.803805	1.608423	1.000000	1.000000	1.000000	1.000000	1.000000	1.000000	0.999986	0.003630	0.999999	0.002251	0.999990	0.001744	1.000000	1.000000	1.000000	1.000000	
1350068185.205311	1.000000	65.938629	52.688568	3.805115	0.999746	0.001239	1.000000	1.000000	1.000000	1.000000	1.000000	1.000000	1.000000	1.000000	1.000000	1.000000	1.000000	1.000000	1.000000	1.000000	1350068185.205401	1.000004	51.840625	38.714366	1.603875	1.000000	1.000000	1.000000	1.000000	1.000000	1.000000	1.000078	0.001495	1.000047	0.000074	0.999960	0.000078	1.000000	1.000000	1.000000	1.000000	
1350068186.205311	1.000000	65.972641	52.723099	3.785889	0.999980	0.001404	1.000000	1.000000	1.000000	1.000000	1.000000	1.000000	1.000000	1.000000	1.000000	1.000000	1.000000	1.000000	1.000000	1.000000	1350068186.205399	0.999998	51.908882	38.768888	1.596713	1.000000	1.000000	1.000000	1.000000	1.000000	1.000000	0.999997	0.001448	1.000023	0.000034	1.002281	0.000007	1.000000	1.000000	1.000000	1.000000	
1350068187.205311	1.000000	65.890137	52.653641	3.797333	1.000080	0.001262	1.000000	1.000000	1.000000	1.000000	1.000000	1.000000	1.000000	1.000000	1.000000	1.000000	1.000000	1.000000	1.000000	1.000000	1350068187.205403	1.000004	51.848179	38.708629	1.589990	1.000000	1.000000	1.000000	1.000000	1.000000	1.000000	0.999989	0.001481	0.991302	0.000059	0.992121	0.000066	1.000000	1.000000	1.000000	1.000000	
1350068188.205311	1.000000	65.933395	52.682693	3.789520	0.999896	0.001043	1.000000	1.000000	1.000000	1.000000	1.000000	1.000000	1.000000	1.000000	1.000000	1.000000	1.000000	1.000000	1.000000	1.000000	1350068188.205402	0.999999	51.844272	38.704871	1.599672	1.000000	1.000000	1.000000	1.000000	1.000000	1.000000	0.999958	0.001443	1.012111	0.000042	1.011951	0.000042	1.000000	1.000000	1.000000	1.000000	
1350068189.205311	1.000000	65.939163	52.688690	3.800797	1.000031	0.001259	1.000000	1.000000	1.000000	1.000000	1.000000	1.000000	1.000000	1.000000	1.000000	1.000000	1.000000	1.000000	1.000000	1.000000	1350068189.205400	0.999998	51.767631	38.627897	1.595325	1.000000	1.000000	1.000000	1.000000	1.000000	1.000000	0.999904	0.001453	0.999805	0.000073	1.000083	0.000065	1.000000	1.000000	1.000000	1.000000	
1350068190.205311	1.000000	65.794281	52.544052	3.797409	0.999968	0.003115	1.000000	1.000000	1.000000	1.000000	1.000000	1.000000	1.000000	1.000000	1.000000	1.000000	1.000000	1.000000	1.000000	1.000000	1350068190.205410	1.000010	51.299886	38.159942	1.606307	1.000000	1.000000	1.000000	1.000000	1.000000	1.000000	1.000102	0.001339	0.989173	0.000014	0.988846	0.000014	1.000000	1.000000	1.000000	1.000000	
1350068191.205311	1.000000	65.984009	52.734329	3.797012	0.999996	0.001652	1.000000	1.000000	1.000000	1.000000	1.000000	1.000000	1.000000	1.000000	1.000000	1.000000	1.000000	1.000000	1.000000	1.000000	1350068191.205405	0.999995	51.738510	38.599131	1.608986	1.000000	1.000000	1.000000	1.000000	1.000000	1.000000	0.999942	0.001567	1.002948	0.000056	1.002461	0.000070	1.000000	1.000000	1.000000	1.000000	
1350068192.205311	1.000000	65.972168	52.722610	3.805130	0.999953	0.001022	1.000000	1.000000	1.000000	1.000000	1.000000	1.000000	0.999999	1.000000	1.000000	1.000000	1.000000	1.000000	1.000000	1.000000	1350068192.205403	0.999998	51.733573	38.594205	1.590137	1.000000	1.000000	1.000000	1.000000	1.000000	1.000000	1.000033	0.001376	0.999400	0.000007	0.997702	0.000007	1.000000	1.000000	1.000000	1.000000	
1350068193.205311	1.000000	65.974701	52.723083	3.785980	1.000004	0.001185	1.000000	1.000000	1.000000	1.000000	1.000000	1.000000	1.000001	1.000000	1.000000	1.000000	1.000000	1.000000	1.000000	1.000000	1350068193.205425	1.000022	51.793053	38.667472	1.590084	1.000000	1.000000	1.000000	1.000000	1.000000	1.000000	0.999970	0.001539	1.000070	0.000072	1.000006	0.000065	1.000000	1.000000	1.000000	1.000000	
1350068194.205311	1.000000	66.016891	52.766663	3.797226	0.999974	0.001124	1.000000	1.000000	1.000000	1.000000	1.000000	1.000000	1.000000	1.000000	1.000000	1.000000	1.000000	1.000000	1.000000	1.000000	1350068194.205400	0.999975	51.805847	38.665839	1.589639	1.000000	1.000000	1.000000	1.000000	1.000000	1.000000	0.999976	0.001302	1.000000	0.000007	1.000055	0.000007	1.000000	1.000000	1.000000	1.000000	
1350068195.205311	1.000000	65.972763	52.735291	3.797394	0.999983	0.001192	1.000000	1.000000	1.000000	1.000000	1.000000	1.000000	1.000000	1.000000	1.000000	1.000000	1.000000	1.000000	1.000000	1.000000	1350068195.205402	1.000002	51.797585	38.658511	1.589536	1.000000	1.000000	1.000000	1.000000	1.000000	1.000000	1.000006	0.001534	0.999979	0.000072	1.000030	0.000064	1.000000	1.000000	1.000000	1.000000	
1350068196.205311	1.000000	66.098846	52.848022	3.797333	1.000033	0.001407	1.000000	1.000000	1.000000	1.000000	1.000000	1.000000	1.000000	1.000000	1.000000	1.000000	1.000000	1.000000	1.000000	1.000000	1350068196.205399	0.999997	51.731590	38.592679	1.594045	1.000000	1.000000	1.000000	1.000000	1.000000	1.000000	0.999991	0.001478	0.998286	0.000007	0.998595	0.000007	1.000000	1.000000	1.000000	1.000000	
1350068197.205311	1.000000	66.030151	52.779114	3.797668	0.999894	0.001173	1.000000	1.000000	1.000000	1.000000	1.000000	1.000000	1.000000	1.000000	1.000000	1.000000	1.000000	1.000000	1.000000	1.000000	1350068197.205405	1.000006	51.755932	38.615920	1.586859	1.000000	1.000000	1.000000	1.000000	1.000000	1.000000	0.999925	0.001429	0.999836	0.000070	1.000222	0.000070	1.000000	1.000000	1.000000	1.000000	
1350068198.205311	1.000000	66.058365	52.806168	3.804901	1.000289	0.001019	1.000000	1.000000	1.000000	1.000000	1.000000	1.000000	1.000000	1.000000	1.000000	1.000000	1.000000	1.000000	1.000000	1.000000	1350068198.205394	0.999989	51.761554	38.622585	1.591646	1.000000	1.000000	1.000000	1.000000	1.000000	1.000000	1.000059	0.001336	1.005097	0.000007	0.998999	0.000006	1.000000	1.000000	1.000000	1.000000	
1350068199.205311	1.000000	66.054672	52.801514	3.777634	0.999821	0.001225	1.000000	1.000000	1.000000	1.000000	1.000000	1.000000	1.000000	1.000000	1.000000	1.000000	1.000000	1.000000	1.000000	1.000000	1350068199.205406	1.000012	51.763391	38.623990	1.589153	1.000000	1.000000	1.000000	1.000000	1.000000	1.000000	0.999854	0.001279	0.992900	0.000071	0.992317	0.000065	1.000000	1.000000	1.000000	1.000000	
1350068200.205311	1.000000	66.125870	52.868561	3.797379	0.999950	0.004198	1.000000	1.000000	1.000000	1.000000	1.000000	1.000000	1.000000	1.000000	1.000000	1.000000	1.000000	1.000000	1.000000	1.000000	1350068200.205404	0.999998	51.665794	38.525785	1.589877	1.000000	1.000000	1.000000	1.000000	1.000000	1.000000	1.000078	0.001383	0.872309	0.000049	1.008731	0.000041	1.000000	1.000000	1.000000	1.000000	
1350068201.205311	1.000000	66.091919	52.837662	3.782455	1.000043	0.001560	1.000000	1.000000	1.000000	1.000000	1.000000	1.000000	1.000000	1.000000	1.000000	1.000000	1.000000	1.000000	1.000000	1.000000	1350068201.205404	1.000000	51.528152	38.400742	1.611465	1.000000	1.000000	1.000000	1.000000	1.000000	1.000000	0.999991	0.001397	1.103431	0.000065	1.002219	0.000065	1.000000	1.000000	1.000000	1.000000	
1350068202.205311	1.000000	66.089706	52.827560	3.793732	0.999958	0.001034	1.000000	1.000000	1.000000	1.000000	1.000000	1.000000	1.000000	1.000000	1.000000	1.000000	1.000000	1.000000	1.000000	1.000000	1350068202.205403	0.999999	51.579120	38.438391	1.586748	1.000000	1.000000	1.000000	1.000000	1.000000	1.000000	1.000003	0.001464	0.999782	0.000007	0.998807	0.000007	1.000000	1.000000	1.000000	1.000000	
1350068203.205311	1.000000	66.030518	52.784363	3.801529	1.000015	0.001208	1.000000	1.000000	1.000000	1.000000	1.000000	1.000000	1.000000	1.000000	1.000000	1.000000	1.000000	1.000000	1.000000	1.000000	1350068203.205404	1.000001	51.681759	38.542367	1.589827	1.000000	1.000000	1.000000	1.000000	1.000000	1.000000	0.999959	0.001400	0.999626	0.000074	1.000084	0.000069	1.000000	1.000000	1.000000	1.000000	
1350068204.205311	1.000000	66.089767	52.831009	3.801117	0.999980	0.001033	1.000000	1.000000	1.000000	1.000000	1.000000	1.000000	1.000000	1.000000	1.000000	1.000000	1.000000	1.000000	1.000000	1.000000	1350068204.205399	0.999995	51.690063	38.550059	1.590187	1.000000	1.000000	1.000000	1.000000	1.000000	1.000000	0.999955	0.001377	1.003568	0.000007	0.999291	0.000007	1.000000	1.000000	1.000000	1.000000	
1350068205.205311	1.000000	66.134552	52.871017	3.805267	0.999968	0.001214	1.000000	1.000000	1.000000	1.000000	1.000000	1.000000	1.000000	1.000000	1.000000	1.000000	1.000000	1.000000	1.000000	1.000000	1350068205.205403	1.000004	51.692478	38.552349	1.607171	1.000000	1.000000	1.000000	1.000000	1.000000	1.000000	0.999998	0.001403	0.999740	0.000071	1.000059	0.000066	1.000000	1.000000	1.000000	1.000000	
1350068206.205313	1.000002	715821711.654160	715796663.317064	715804892.220344	0.999989	1.000208	0.999986	1.000209	0.999996	1.000207	0.999988	1.000205	0.999989	1.000211	0.999991	1.000205	0.999989	1.000210	0.999989	1.000208	1350068206.205414	1.000011	715769739.943442	715786018.740891	715769699.738286	0.999988	1.000203	0.999986	1.000208	3.893121	0.256916	0.999988	1.000207	0.999989	1.000210	0.999991	1.000205	0.999989	1.000211	0.999989	1.000208	
1350068207.205311	0.999998	0.000000	0.000000	0.000000	-nan	-nan	-nan	-nan	714287974057.653076	inf	-nan	-nan	-nan	0.000000	0.000000	inf	-nan	-nan	-nan	-nan	1350068207.205384	0.999970	0.000000	0.000000	0.000000	-nan	-nan	-nan	-nan	1.345745	inf	-nan	-nan	-nan	-nan	-nan	-nan	-nan	-nan	-nan	-nan	
