ts_0	elapsed_0	pkg_0	pp0_0	dram_0	freq_ratio_0_0	c0_ratio_0_0	freq_ratio_0_1	c0_ratio_0_1	freq_ratio_0_2	c0_ratio_0_2	freq_ratio_0_3	c0_ratio_0_3	freq_ratio_0_4	c0_ratio_0_4	freq_ratio_0_5	c0_ratio_0_5	freq_ratio_0_6	c0_ratio_0_6	freq_ratio_0_7	c0_ratio_0_7	ts_1	elapsed_1	pkg_1	pp0_1	dram_1	freq_ratio_1_0	c0_ratio_1_0	freq_ratio_1_1	c0_ratio_1_1	freq_ratio_1_2	c0_ratio_1_2	freq_ratio_1_3	c0_ratio_1_3	freq_ratio_1_4	c0_ratio_1_4	freq_ratio_1_5	c0_ratio_1_5	freq_ratio_1_6	c0_ratio_1_6	freq_ratio_1_7	c0_ratio_1_7	
1350068174.205776	1.000218	72.594837	59.289250	6.066030	1.000000	1.000000	1.000000	1.000000	1.000000	1.000000	1.000000	1.000000	1.000000	1.000000	1.000000	1.000000	1.000000	1.000000	1.000000	1.000000	1350068174.205814	1.000208	47.728419	34.636903	3.149461	1.000000	1.000000	1.000000	1.000000	1.000000	1.000000	1.000000	1.000000	1.000077	0.001582	1.000011	0.001760	0.997927	0.000102	0.999848	0.000013	
1350068175.205772	0.999996	72.759526	59.469449	6.081430	1.000000	1.000000	1.000000	1.000000	1.000000	1.000000	1.000000	1.000000	1.000000	1.000000	1.000000	1.000000	1.000000	1.000000	1.000000	1.000000	1350068175.205809	0.999995	47.710642	34.622579	2.767897	1.000000	1.000000	1.000000	1.000000	1.000000	0.999999	1.000000	1.000000	0.999945	0.001086	0.999904	0.000956	1.001244	0.000167	0.992403	0.000068	
1350068176.205765	0.999993	72.816574	59.531738	6.088421	1.000000	1.000000	1.000000	1.000000	1.000000	1.000000	1.000000	1.000000	1.000000	1.000000	1.000000	1.000000	1.000000	1.000000	1.000000	1.000000	1350068176.205800	0.999991	47.784887	34.678277	2.735392	1.000000	1.000000	1.000000	1.000000	1.000000	1.000001	1.000000	1.000000	0.999918	0.000920	1.000159	0.000843	0.999169	0.000098	1.006348	0.000049	
1350068177.205766	1.000001	72.735862	59.450764	6.086145	1.000000	1.000000	1.000000	1.000000	1.000000	1.000000	1.000000	1.000000	1.000000	1.000000	1.000000	1.000000	1.000000	1.000000	1.000000	1.000000	1350068177.205808	1.000008	47.807413	34.697946	2.729852	1.000000	0.999994	1.000000	0.999999	1.000000	1.000000	1.000000	1.000000	0.999973	0.001272	0.999842	0.000900	0.998118	0.000124	0.999964	0.000117	
1350068178.205765	0.999999	72.640603	59.353069	6.089392	1.000000	1.000000	1.000000	1.000000	1.000000	1.000000	1.000000	1.000000	1.000000	1.000000	1.000000	1.000000	1.000000	1.000000	1.000000	1.000000	1350068178.205801	0.999993	47.811579	34.699123	2.696140	1.000000	1.000005	1.000000	1.000000	1.000000	1.000000	1.000000	1.000000	1.000043	0.000915	1.000180	0.000867	1.000732	0.000164	1.000355	0.000013	
1350068179.205766	1.000001	72.574043	59.299351	6.086908	1.000000	1.000000	1.000000	1.000000	1.000000	1.000000	1.000000	1.000000	1.000000	1.000000	1.000000	1.000000	1.000000	1.000000	1.000000	1.000000	1350068179.205801	1.000000	47.819244	34.703018	2.749069	1.000000	1.000001	1.000000	1.000000	1.000000	1.000000	1.000000	1.000000	1.000097	0.001104	0.999576	0.000861	0.999106	0.000104	0.998805	0.000063	
1350068180.205772	1.000006	72.606699	59.318097	6.091104	1.000000	1.000000	1.000000	1.000000	1.000000	1.000000	1.000000	1.000000	1.000000	1.000000	1.000000	1.000000	1.000000	1.000000	1.000000	1.000000	1350068180.205807	1.000006	47.810521	34.696418	2.712218	1.000000	1.000000	1.000000	1.000000	1.000000	1.000000	1.000000	1.000000	0.999882	0.000971	1.000395	0.000870	1.002748	0.000103	1.013765	0.000013	
1350068181.205772	1.000000	72.600800	59.312393	6.077347	1.000000	1.000000	1.000000	1.000000	1.000000	1.000000	1.000000	1.000000	1.000000	1.000000	1.000000	1.000000	1.000000	1.000000	1.000000	1.000000	1350068181.205808	1.000001	47.812546	34.700086	2.742826	0.999994	1.000000	1.000000	1.000000	1.000000	1.000000	1.000000	1.000000	1.000141	0.000933	0.999967	0.000833	0.998005	0.000105	0.999373	0.000198	
1350068182.205765	0.999993	72.586607	59.297041	6.085598	1.000000	1.000000	1.000000	1.000000	1.000000	1.000000	1.000000	1.000000	1.000000	1.000000	1.000000	1.000000	1.000000	1.000000	1.000000	1.000000	1350068182.205801	0.999993	47.816737	34.705577	2.705600	1.000006	1.000000	1.000000	1.000000	1.000000	1.000000	1.000000	1.000000	1.000012	0.000894	1.000000	0.000876	1.002054	0.000097	1.027966	0.000008	
1350068183.205765	1.000000	72.537720	59.247650	6.095520	1.000000	1.000000	1.000000	1.000000	1.000000	1.000000	1.000000	1.000000	1.000000	1.000000	1.000000	1.000000	1.000000	1.000000	1.000000	1.000000	1350068183.205801	1.000000	47.831772	34.721115	2.707779	1.000000	1.000000	1.000000	1.000000	1.000000	1.000000	1.000000	1.000000	0.999823	0.001065	0.999955	0.000828	1.000054	0.000192	1.000070	0.000072	
1350068184.205773	1.000008	72.481361	59.188928	6.096768	1.000000	1.000000	1.000000	1.000000	1.000000	1.000000	1.000000	1.000000	1.000000	1.000000	1.000000	1.000000	1.000000	1.000000	1.000000	1.000000	1350068184.205809	1.000008	48.715624	35.600725	3.144582	1.000000	1.000000	1.000000	1.000000	1.000000	1.000000	1.000000	1.000000	1.000050	0.004468	0.999972	0.003728	0.999984	0.005517	0.999766	0.002785	
1350068185.205776	1.000003	70.729700	57.438802	6.121960	0.999997	0.710456	0.999999	0.999999	0.999999	1.000000	0.999999	0.999999	0.999999	0.999999	0.999999	0.999999	0.999999	0.999999	0.999999	0.999999	1350068185.205893	1.000084	49.682476	36.571455	2.868976	1.000001	1.000001	1.000000	1.000001	1.000001	1.000001	1.000001	1.000001	1.000007	0.290407	1.000161	0.001687	1.005380	0.000070	1.004768	0.000163	
1350068186.205766	0.999990	66.415796	53.130339	6.098846	0.999935	0.001078	1.000000	1.000000	1.000000	1.000000	1.000000	1.000000	1.000000	1.000000	1.000000	1.000000	1.000000	1.000000	1.000000	1.000000	1350068186.205861	0.999968	54.126424	41.028807	2.921877	1.000000	1.000000	1.000000	1.000000	1.000000	1.000000	1.000000	1.000000	1.000000	1.000000	1.000056	0.002351	1.000063	0.000074	1.024902	0.000007	
1350068187.205765	0.999999	66.386736	53.100942	6.084402	0.999976	0.001024	1.000000	1.000000	1.000000	1.000000	1.000001	1.000000	1.000000	1.000000	1.000000	1.000000	1.000000	1.000000	0.999999	1.000000	1350068187.205864	1.000003	54.202896	41.088160	2.901587	1.000000	1.000000	1.000000	1.000000	1.000000	1.000000	1.000000	1.000000	1.000000	1.000000	0.999989	0.003740	0.999788	0.000116	0.993571	0.000071	
1350068188.205765	1.000000	66.316086	53.041534	6.082932	0.999986	0.000800	1.000000	1.000000	1.000000	1.000000	1.000000	1.000000	1.000000	1.000000	1.000000	1.000000	1.000000	1.000000	1.000001	1.000000	1350068188.205859	0.999995	54.187939	41.070015	2.853988	1.000000	1.000000	1.000000	1.000000	1.000000	1.000000	1.000000	1.000000	1.000000	1.000000	0.999991	0.002425	1.000153	0.000168	1.009590	0.000050	
1350068189.205765	1.000000	66.436340	53.145630	6.104950	0.999998	0.002997	1.000000	1.000000	1.000000	1.000000	0.999999	1.000000	1.000000	0.999999	1.000000	1.000000	1.000000	0.999999	0.999999	1.000000	1350068189.205863	1.000004	54.167398	41.050264	2.838612	1.000000	1.000000	1.000000	1.000000	0.999994	1.000000	1.000000	1.000000	1.000000	1.000000	0.999988	0.003058	0.998534	0.000093	0.998549	0.000090	
1350068190.205765	1.000000	66.335632	53.050842	6.067657	0.999960	0.001110	1.000000	1.000000	0.999999	1.000000	1.000000	1.000000	1.000000	1.000000	1.000000	1.000000	1.000000	1.000000	1.000000	1.000000	1350068190.205862	0.999999	53.871878	40.752770	2.935840	1.000000	1.000000	1.000000	1.000000	1.000006	1.000000	1.000000	1.000000	1.000000	1.000000	0.999911	0.001840	1.001540	0.000091	1.007118	0.000019	
1350068191.205765	1.000000	66.483521	53.190918	6.116989	0.999981	0.001429	1.000000	1.000000	1.000001	1.000000	1.000000	1.000000	1.000000	1.000000	1.000000	1.000000	1.000000	1.000000	1.000000	1.000000	1350068191.205864	1.000002	54.180011	41.062483	2.896204	1.000000	1.000000	1.000000	1.000000	1.000000	1.000000	1.000000	1.000000	1.000000	1.000000	1.000065	0.002066	0.999983	0.000090	1.000345	0.000055	
1350068192.205764	0.999999	66.490450	53.201650	6.101431	1.000008	0.000944	1.000000	1.000000	0.999999	1.000000	1.000000	1.000000	1.000000	1.000000	1.000001	1.000000	1.000000	1.000000	1.000000	1.000000	1350068192.205860	0.999996	54.202017	41.083586	2.943051	1.000000	1.000000	1.000000	1.000000	1.000000	1.000000	1.000000	1.000000	1.000000	1.000000	0.999939	0.002553	1.000005	0.000071	0.997906	0.000012	
1350068193.205765	1.000001	66.557416	53.272929	6.077051	0.999994	0.011172	1.000000	1.000000	1.000000	1.000000	1.000000	1.000000	1.000000	1.000000	1.000000	1.000000	1.000000	1.000000	1.000000	1.000000	1350068193.205892	1.000032	54.185494	41.066208	2.901076	1.000000	1.000000	1.000000	1.000000	1.000000	1.000000	1.000000	1.000000	1.000000	1.000000	1.000049	0.002107	0.999996	0.000184	0.996496	0.000078	
1350068194.205765	1.000000	66.481705	53.196304	6.091736	1.000010	0.001013	1.000000	1.000000	1.000000	1.000000	1.000000	1.000000	1.000000	1.000000	1.000000	1.000000	1.000000	1.000000	1.000000	1.000000	1350068194.205862	0.999970	54.172648	41.052838	2.884196	1.000000	1.000000	1.000000	1.000000	1.000000	1.000000	1.000000	1.000000	1.000000	1.000000	0.999941	0.001872	0.999991	0.000083	1.024887	0.000011	
1350068195.205765	1.000000	66.443588	53.167587	6.087616	0.999995	0.001119	1.000000	1.000000	1.000000	1.000000	1.000000	1.000000	1.000001	1.000000	1.000000	1.000000	1.000001	1.000000	1.000000	1.000000	1350068195.205859	0.999997	54.248230	41.127447	2.948236	1.000000	1.000000	1.000000	1.000000	1.000000	1.000000	1.000000	1.000000	1.000000	1.000000	1.000019	0.003304	0.999630	0.000092	1.000076	0.000066	
1350068196.205765	1.000000	66.476929	53.192245	6.096436	0.999957	0.001237	1.000000	1.000000	1.000000	1.000000	1.000000	1.000000	0.999999	1.000000	1.000000	1.000000	0.999999	1.000000	1.000000	1.000000	1350068196.205864	1.000005	54.195850	41.076256	2.894563	1.000000	1.000000	1.000000	1.000000	1.000000	1.000000	1.000000	1.000000	1.000000	1.000000	0.999911	0.001987	1.000371	0.000083	0.999450	0.000012	
1350068197.205765	1.000000	66.476318	53.190140	6.084396	1.000026	0.001141	1.000000	1.000000	1.000000	1.000000	1.000001	1.000000	1.000000	1.000000	1.000000	0.999999	1.000001	1.000000	1.000000	1.000000	1350068197.205859	0.999995	54.222623	41.102577	2.813048	1.000000	1.000000	1.000000	1.000000	1.000000	1.000000	1.000000	1.000000	1.000000	1.000000	1.000063	0.002049	1.000000	0.000091	1.000333	0.000076	
1350068198.205765	1.000000	66.427704	53.143677	6.106415	0.999823	0.000966	1.000000	1.000000	1.000000	1.000000	1.000000	1.000000	1.000000	1.000000	0.999999	1.000001	1.000000	1.000000	1.000000	1.000000	1350068198.205863	1.000004	54.147501	41.042924	2.805470	1.000000	1.000000	1.000000	1.000000	1.000000	1.000000	1.000000	1.000000	1.000000	1.000000	0.999904	0.001808	0.999988	0.000163	0.997847	0.000012	
1350068199.205765	1.000000	66.480743	53.197693	6.107590	1.000038	0.003077	1.000000	1.000000	1.000000	1.000000	1.000000	1.000000	1.000000	1.000000	1.000000	1.000000	1.000000	1.000000	1.000000	1.000000	1350068199.205862	0.999999	54.198889	41.079522	2.817889	1.000000	1.000000	1.000000	1.000000	1.000000	1.000000	1.000000	1.000000	1.000000	1.000000	0.999993	0.003062	0.999903	0.000112	0.989847	0.000062	
1350068200.205765	1.000000	66.081421	52.797836	6.076431	0.999979	0.002602	1.000000	0.936199	1.000001	1.000000	1.000000	1.000000	1.000000	1.000000	1.000000	1.000000	1.000000	1.000000	1.000000	1.000000	1350068200.205885	1.000023	54.583971	41.464978	3.075613	1.000000	1.000000	1.000000	1.000000	1.000000	1.000000	1.000000	1.000000	1.000000	1.000000	1.000018	0.065984	0.997243	0.000196	1.014595	0.000044	
1350068201.205765	1.000000	59.808487	46.517410	6.055023	0.999998	0.001802	1.005602	0.000018	1.000000	1.000000	1.000000	1.000000	1.000000	1.000000	1.000000	1.000000	1.000000	1.000000	1.000001	1.000000	1350068201.205886	1.000001	60.278339	47.157761	3.126996	1.000000	1.000000	1.000000	1.000000	1.000000	1.000000	1.000000	1.000000	1.000000	1.000000	1.000000	1.000000	0.999926	0.002549	0.999722	0.000072	
1350068202.205765	1.000000	59.769455	46.472305	6.083801	1.000074	0.001010	0.997537	0.000050	1.000000	1.000000	0.999999	1.000000	1.000000	1.000000	1.000000	1.000000	1.000000	1.000000	1.000000	1.000000	1350068202.205886	1.000000	60.453476	47.332413	3.147369	1.000000	1.000000	1.000000	1.000000	1.000000	1.000000	1.000000	1.000000	1.000000	1.000000	1.000000	1.000000	1.000012	0.003977	0.999375	0.000012	
1350068203.205765	1.000000	59.808212	46.501068	6.086731	0.999882	0.001206	1.000650	0.000018	1.000000	1.000000	1.000001	1.000000	1.000000	1.000000	1.000000	0.999999	1.000000	1.000000	1.000000	1.000000	1350068203.205885	0.999999	60.314846	47.193557	2.919238	1.000000	1.000000	1.000000	1.000000	1.000000	1.000000	1.000000	1.000000	1.000000	1.000000	1.000000	1.000000	0.999938	0.002564	1.000241	0.000046	
1350068204.205765	1.000000	59.806168	46.494797	6.045334	1.000002	0.000936	1.001736	0.000053	1.000000	1.000000	1.000000	1.000000	1.000000	1.000000	0.999999	1.000000	1.000000	1.000000	1.000000	1.000000	1350068204.205883	0.999998	60.345803	47.224196	2.878622	1.000000	1.000000	1.000000	1.000000	1.000000	1.000000	1.000000	1.000000	1.000000	1.000000	1.000000	1.000000	1.000053	0.002466	0.999341	0.000012	
1350068205.205765	1.000000	59.767120	46.481415	6.071167	0.999952	0.001162	1.001005	0.000018	0.999999	1.000000	1.000001	1.000000	1.000000	1.000000	1.000001	1.000000	1.000000	1.000000	1.000000	1.000000	1350068205.205888	1.000005	60.342166	47.219582	2.888047	1.000000	1.000000	1.000000	1.000000	1.000000	1.000000	1.000000	1.000000	1.000000	1.000000	1.000000	1.000000	0.999923	0.002333	1.000031	0.000062	
1350068206.205773	1.000008	715813236.735016	715774781.891588	715804051.458125	0.999990	1.000215	0.999987	1.000218	0.999997	1.000215	0.999990	1.000215	0.999990	1.000218	0.999992	1.000213	0.999990	1.000218	0.999990	1.000216	1350068206.205877	0.999989	715795392.948924	715780321.928824	715781525.668878	0.999989	1.000213	0.999987	1.000216	3.893036	0.256924	0.999990	1.000215	0.999990	1.000218	0.999992	1.000213	0.999990	1.000218	0.999990	1.000216	
1350068207.205765	0.999992	0.000000	0.000000	0.000000	-nan	-nan	-nan	-nan	0.000000	inf	-nan	-nan	-nan	0.000000	-nan	-nan	-nan	-nan	-nan	-nan	1350068207.205835	0.999958	0.000000	0.000000	0.000000	-nan	-nan	-nan	-nan	0.000000	inf	-nan	-nan	-nan	-nan	-nan	-nan	-nan	-nan	-nan	-nan	
