ts_0	elapsed_0	pkg_0	pp0_0	dram_0	freq_ratio_0_0	c0_ratio_0_0	freq_ratio_0_1	c0_ratio_0_1	freq_ratio_0_2	c0_ratio_0_2	freq_ratio_0_3	c0_ratio_0_3	freq_ratio_0_4	c0_ratio_0_4	freq_ratio_0_5	c0_ratio_0_5	freq_ratio_0_6	c0_ratio_0_6	freq_ratio_0_7	c0_ratio_0_7	ts_1	elapsed_1	pkg_1	pp0_1	dram_1	freq_ratio_1_0	c0_ratio_1_0	freq_ratio_1_1	c0_ratio_1_1	freq_ratio_1_2	c0_ratio_1_2	freq_ratio_1_3	c0_ratio_1_3	freq_ratio_1_4	c0_ratio_1_4	freq_ratio_1_5	c0_ratio_1_5	freq_ratio_1_6	c0_ratio_1_6	freq_ratio_1_7	c0_ratio_1_7	
1349476346.790554	1.000481	48.584058	34.688092	7.626841	0.999994	0.993310	0.999910	0.986907	0.999996	0.982555	0.996475	0.001659	0.999996	0.985858	0.962419	0.000108	0.967355	0.000107	0.987847	0.000274	1349476346.790766	1.000466	53.853820	39.696280	8.455165	0.928634	0.984423	0.928626	0.984217	0.928612	0.984064	0.928584	0.983705	0.975099	0.010050	0.945744	0.000381	0.928073	0.976883	0.928921	0.989541	
1349476347.790561	1.000007	48.725768	34.815815	7.843787	1.000001	0.999991	1.000002	0.999952	1.000000	0.999951	1.001287	0.000680	1.000000	0.999919	0.998667	0.000015	1.000116	0.000017	0.999343	0.000016	1349476347.790764	0.999998	50.793737	36.606485	8.851656	0.874964	0.995875	0.874964	0.995874	0.874964	0.995861	0.874965	0.995836	0.889244	0.003577	0.931681	0.000470	0.874964	0.995856	0.874963	0.995868	
1349476348.790552	0.999991	48.800888	34.871532	7.859400	0.999940	0.999174	0.999972	0.999076	0.999991	0.998949	0.999570	0.000649	0.999980	0.998914	0.999083	0.000062	1.000171	0.000065	0.999460	0.000087	1349476348.790748	0.999984	50.783953	36.615590	8.855076	0.874827	0.994945	0.874825	0.994806	0.874826	0.994863	0.874822	0.994883	0.879224	0.004589	0.921433	0.000534	0.874826	0.994910	0.874835	0.995764	
1349476349.790554	1.000002	48.976332	35.043116	7.859162	1.000000	1.000000	1.000000	1.000000	1.000000	1.000000	1.000037	0.004056	1.000000	0.999911	1.000034	0.002849	0.999993	0.003120	0.999992	0.002879	1349476349.790752	1.000004	50.798424	36.632771	8.835078	0.873924	0.995716	0.873924	0.995713	0.873924	0.995706	0.873929	0.995655	0.880295	0.006482	0.889780	0.003198	0.873924	0.995705	0.873924	0.995706	
1349476350.790552	0.999998	49.149050	35.211127	7.843185	1.000000	1.000000	1.000000	1.000000	1.000000	1.000000	1.000160	0.003285	1.000000	1.000000	1.002862	0.000049	0.999996	0.002549	0.998830	0.000071	1349476350.790750	0.999998	50.738348	36.585076	8.842256	0.873394	0.995622	0.873394	0.995618	0.873395	0.995620	0.873392	0.995612	0.875739	0.003532	0.920724	0.000449	0.873397	0.995609	0.873397	0.995610	
1349476351.790553	1.000001	49.232848	35.296094	7.868279	1.000000	1.000000	0.999999	0.999991	1.000000	0.999933	1.000011	0.005260	1.000000	0.999925	0.999770	0.003818	0.997075	0.000015	1.008604	0.000017	1349476351.790753	1.000003	50.791774	36.625405	8.868030	0.873332	0.995634	0.873332	0.995564	0.873329	0.995628	0.873335	0.995630	0.875462	0.003631	0.927711	0.000430	0.873332	0.995627	0.873332	0.995626	
1349476352.790554	1.000001	48.935546	34.994473	7.868111	1.000000	1.000000	1.000001	0.999992	1.000000	0.999923	0.999870	0.000435	1.000000	0.999853	1.000150	0.000270	1.000828	0.000059	1.001120	0.000103	1349476352.790752	0.999999	50.793002	36.626973	8.826943	0.873459	0.995660	0.873458	0.995574	0.873463	0.995647	0.873459	0.995638	0.872409	0.003800	0.938344	0.000395	0.873459	0.995645	0.873459	0.995645	
1349476353.790553	0.999999	49.077714	35.135303	7.855842	0.999980	0.999306	1.000000	0.999193	1.000001	0.999174	1.000007	0.003157	1.000000	0.999132	0.999801	0.000178	0.992915	0.000015	0.989077	0.000016	1349476353.790750	0.999998	50.791265	36.623117	8.865206	0.872646	0.994870	0.872642	0.994737	0.872643	0.994829	0.872643	0.994773	0.880951	0.003727	0.934488	0.000390	0.872640	0.994824	0.872705	0.995564	
1349476354.790552	0.999999	49.221452	35.279346	7.834907	1.000000	0.999979	1.000000	0.999948	1.000000	0.999958	0.999864	0.005294	1.000000	0.999882	1.000732	0.000242	1.005064	0.000056	1.001410	0.000085	1349476354.790763	1.000013	50.786871	36.615975	8.835166	0.872995	0.995467	0.872997	0.995379	0.872996	0.995480	0.872998	0.995424	0.885364	0.003578	0.922422	0.000513	0.873001	0.995433	0.873002	0.995474	
1349476355.790553	1.000001	48.903030	34.973950	7.851570	0.999941	0.999305	0.999968	0.999196	0.999987	0.999111	1.000724	0.000955	0.999979	0.999061	0.994930	0.000228	0.981653	0.000020	0.996927	0.000017	1349476355.790754	0.999991	50.792758	36.628353	8.874012	0.873383	0.994885	0.873378	0.994771	0.873376	0.994809	0.873383	0.994824	0.884412	0.003246	0.931639	0.000381	0.873378	0.994844	0.873443	0.995583	
1349476356.790552	0.999999	48.992494	35.046817	7.879661	1.000000	0.999987	1.000000	0.999961	1.000000	0.999951	1.000465	0.000490	1.000000	0.999912	1.004292	0.000281	1.001317	0.000061	0.996410	0.000079	1349476356.790764	1.000010	50.792765	36.623672	8.845691	0.872874	0.995612	0.872874	0.995556	0.872874	0.995599	0.872874	0.995565	0.872372	0.003767	0.912413	0.000461	0.872874	0.995601	0.872875	0.995613	
1349476357.790553	1.000001	48.985061	35.039411	7.844948	1.000000	1.000000	1.000000	1.000000	1.000000	0.999806	0.999986	0.000408	1.000000	0.999610	0.998966	0.000276	0.987207	0.000016	0.977112	0.000018	1349476357.790759	0.999995	50.793589	36.624436	8.842619	0.873230	0.995681	0.873234	0.995526	0.873230	0.995675	0.873234	0.995487	0.872103	0.003581	0.933123	0.000362	0.873227	0.995668	0.873226	0.995672	
1349476358.790555	1.000002	49.087522	35.138315	7.859345	1.000001	0.999991	1.000000	0.999953	1.000000	0.999953	0.999812	0.002011	1.000000	0.999946	1.000081	0.000277	1.003594	0.000085	1.003974	0.000125	1349476358.790753	0.999994	50.791349	36.621220	8.833778	0.872656	0.995723	0.872656	0.995723	0.872656	0.995710	0.872656	0.995707	0.869902	0.003871	0.906726	0.000408	0.872659	0.995712	0.872659	0.995717	
1349476359.790551	0.999996	48.863098	34.961629	7.672639	1.000000	0.998284	1.000000	0.998215	1.000000	0.998148	1.000003	0.005233	1.000000	0.997984	1.001111	0.000209	0.999336	0.000016	1.011466	0.000016	1349476359.790745	0.999992	50.789245	36.682487	8.628717	0.879407	0.993941	0.879403	0.993820	0.879402	0.993907	0.879406	0.993803	0.884887	0.003678	0.937989	0.000499	0.879399	0.993888	0.879457	0.995642	
1349476360.790552	1.000001	48.985763	35.033750	7.867638	1.000000	0.999049	1.000000	0.999005	1.000000	0.998990	0.999470	0.001102	1.000000	0.998989	0.999673	0.000313	1.003725	0.000062	1.003125	0.000077	1349476360.790748	1.000003	50.788508	36.618371	8.872119	0.872861	0.994590	0.872857	0.994548	0.872857	0.994547	0.872862	0.994581	0.877178	0.003682	0.930730	0.000438	0.872861	0.994553	0.872952	0.995544	
1349476361.790555	1.000003	715812538.973252	715821748.503362	715794500.338259	0.999997	1.000163	0.999995	1.000165	0.999997	1.000170	0.999997	1.000163	0.999997	1.000166	1.000000	1.000161	0.999997	1.000166	0.999997	1.000164	1349476361.790670	0.999922	715828682.919781	715841323.339759	715868541.385294	0.999997	1.000162	0.999995	1.000165	3.892517	0.256946	0.999997	1.000163	0.999997	1.000166	1.000000	1.000161	0.999997	1.000166	0.999997	1.000164	
1349476362.790680	1.000125	0.000000	0.000000	0.000000	-nan	-nan	-nan	-nan	1.000008	inf	-nan	-nan	-nan	0.000000	-nan	-nan	-nan	-nan	-nan	-nan	1349476362.790760	1.000090	0.000000	0.000000	0.000000	-nan	-nan	-nan	-nan	1.345745	inf	-nan	-nan	-nan	-nan	-nan	-nan	-nan	-nan	-nan	-nan	
