ts_0	elapsed_0	pkg_0	pp0_0	dram_0	freq_ratio_0_0	c0_ratio_0_0	freq_ratio_0_1	c0_ratio_0_1	freq_ratio_0_2	c0_ratio_0_2	freq_ratio_0_3	c0_ratio_0_3	freq_ratio_0_4	c0_ratio_0_4	freq_ratio_0_5	c0_ratio_0_5	freq_ratio_0_6	c0_ratio_0_6	freq_ratio_0_7	c0_ratio_0_7	ts_1	elapsed_1	pkg_1	pp0_1	dram_1	freq_ratio_1_0	c0_ratio_1_0	freq_ratio_1_1	c0_ratio_1_1	freq_ratio_1_2	c0_ratio_1_2	freq_ratio_1_3	c0_ratio_1_3	freq_ratio_1_4	c0_ratio_1_4	freq_ratio_1_5	c0_ratio_1_5	freq_ratio_1_6	c0_ratio_1_6	freq_ratio_1_7	c0_ratio_1_7	
1349477493.124994	1.000503	55.048693	41.324213	5.504784	0.999910	0.971777	0.999780	0.960990	0.999933	0.960500	0.999958	0.956394	0.999959	0.952315	0.999996	0.951188	0.997700	0.001894	0.977307	0.000174	1349477493.125138	1.000412	66.251834	52.480347	5.554108	1.000000	0.961265	0.999982	0.960659	1.000001	0.960305	0.999981	0.960524	1.000001	0.960014	0.999981	0.959890	1.000001	0.959952	0.999969	0.987541	
1349477494.124973	0.999979	58.357456	44.197338	6.944695	0.999911	0.989593	0.999943	0.989533	0.999945	0.989498	0.999946	0.989460	0.999932	0.989469	0.999984	0.989285	0.999962	0.001315	1.000634	0.000206	1349477494.125117	0.999979	70.702915	56.372505	7.751322	1.000000	0.989587	1.000000	0.989470	1.000000	0.989450	1.000000	0.989596	1.000000	0.989344	1.000000	0.989356	1.000000	0.989388	1.000000	1.000000	
1349477495.124979	1.000006	60.288688	45.884813	7.655319	1.000000	1.000000	1.000000	1.000000	1.000000	1.000000	1.000000	0.999998	1.000001	0.999804	1.000000	0.999700	0.999892	0.004248	1.000018	0.000860	1349477495.125128	1.000011	72.891412	58.248034	9.063209	1.000000	1.000000	1.000000	1.000000	1.000000	1.000000	1.000000	1.000000	1.000000	1.000000	1.000000	1.000000	1.000000	1.000000	1.000000	1.000000	
1349477496.124976	0.999997	60.544865	46.138464	7.676156	1.000000	0.999973	0.999999	0.999973	0.999999	0.999998	1.000000	0.999884	1.000000	1.000000	1.000000	0.999988	0.999102	0.000617	0.999984	0.004216	1349477496.125133	1.000005	72.922929	58.277327	8.979783	1.000000	1.000000	1.000000	0.999974	1.000000	0.999974	1.000000	0.999974	1.000000	0.999944	1.000000	0.999973	1.000000	0.999988	1.000000	1.000000	
1349477497.124974	0.999998	60.410836	46.006878	7.630538	0.999909	0.998740	0.999950	0.998666	0.999951	0.998662	0.999961	0.998642	0.999939	0.998618	0.999990	0.998478	1.000704	0.000776	0.999999	0.002334	1349477497.125115	0.999982	72.921760	58.270054	9.052133	1.000000	0.998795	1.000000	0.998727	1.000000	0.998725	1.000000	0.998746	1.000000	0.998572	1.000000	0.998570	1.000000	0.998601	1.000000	1.000000	
1349477498.124975	1.000001	60.654239	46.232591	7.643532	1.000000	0.999946	1.000000	0.999961	1.000000	0.999945	0.999999	1.000000	1.000000	0.999959	0.999999	0.999924	0.999732	0.001279	0.999981	0.003181	1349477498.125119	1.000004	72.914713	58.293175	9.042276	1.000000	1.000000	1.000000	1.000000	1.000000	1.000000	1.000000	0.999961	1.000000	0.999886	1.000000	0.999893	1.000000	0.999909	1.000000	0.999998	
1349477499.124971	0.999996	715812455.898416	715822172.618280	715802692.046220	0.999990	1.000137	0.999988	1.000140	0.999998	1.000138	0.999991	1.000139	0.999991	1.000141	0.999993	1.000136	0.999991	1.000141	0.999991	1.000139	1349477499.125588	1.000469	715450661.527841	715432102.767967	715454163.903431	0.999990	1.000136	0.999988	1.000140	3.892971	0.256908	0.999991	1.000138	0.999991	1.000141	0.999993	1.000136	0.999991	1.000141	0.999991	1.000139	
1349477500.124970	0.999999	0.000000	0.000000	0.000000	-nan	-nan	-nan	-nan	0.000000	inf	-nan	-nan	-nan	0.000000	-nan	-nan	-nan	-nan	-nan	-nan	1349477500.125045	0.999457	0.000000	0.000000	0.000000	-nan	-nan	-nan	-nan	0.000000	inf	-nan	-nan	-nan	-nan	-nan	-nan	-nan	-nan	-nan	-nan	
1349477501.125033	1.000063	0.000000	0.000000	0.000000	-nan	-nan	-nan	-nan	0.000000	inf	-nan	-nan	-nan	0.000000	0.000000	inf	-nan	-nan	-nan	-nan	1349477501.125115	1.000070	0.000000	0.000000	0.000000	-nan	-nan	-nan	-nan	inf	-nan	-nan	-nan	-nan	-nan	-nan	-nan	-nan	-nan	-nan	-nan	
