ts_0	elapsed_0	pkg_0	pp0_0	dram_0	freq_ratio_0_0	c0_ratio_0_0	freq_ratio_0_1	c0_ratio_0_1	freq_ratio_0_2	c0_ratio_0_2	freq_ratio_0_3	c0_ratio_0_3	freq_ratio_0_4	c0_ratio_0_4	freq_ratio_0_5	c0_ratio_0_5	freq_ratio_0_6	c0_ratio_0_6	freq_ratio_0_7	c0_ratio_0_7	ts_1	elapsed_1	pkg_1	pp0_1	dram_1	freq_ratio_1_0	c0_ratio_1_0	freq_ratio_1_1	c0_ratio_1_1	freq_ratio_1_2	c0_ratio_1_2	freq_ratio_1_3	c0_ratio_1_3	freq_ratio_1_4	c0_ratio_1_4	freq_ratio_1_5	c0_ratio_1_5	freq_ratio_1_6	c0_ratio_1_6	freq_ratio_1_7	c0_ratio_1_7	
1349478741.628603	1.000860	56.312885	42.453603	8.284654	1.231063	0.998110	1.230682	0.990432	1.230768	0.990354	1.228560	0.002985	1.186477	0.000132	1.165000	0.000082	1.184368	0.000100	1.188054	0.000101	1349478741.628953	1.000795	57.769052	44.013019	7.779766	1.230767	0.990697	1.230737	0.990638	1.230715	0.001959	1.239642	0.000045	1.242853	0.000074	1.237070	0.000076	1.240955	0.000088	1.230640	0.991396	
1349478742.628601	0.999998	56.678331	42.770483	8.454438	1.230765	0.999864	1.230766	0.999858	1.230766	0.999857	1.230339	0.000805	1.227146	0.000104	1.197154	0.000008	1.226967	0.000043	1.195054	0.000008	1349478742.628944	0.999991	58.263727	44.494757	7.925075	1.230768	0.999933	1.230765	0.999816	1.230797	0.002005	1.230622	0.000100	1.236367	0.000006	1.254444	0.000006	0.940897	0.000007	1.230769	0.999934	
1349478743.628599	0.999998	56.690050	42.769857	8.493165	1.230764	0.999885	1.230761	0.999806	1.230763	0.999876	1.230969	0.002285	1.229548	0.002041	1.230516	0.000056	1.230989	0.000090	1.230778	0.000078	1349478743.628935	0.999991	58.237466	44.470908	7.903667	1.230763	0.999934	1.230763	0.999906	1.230825	0.002207	1.208466	0.000015	1.230385	0.000058	1.230092	0.000056	1.264722	0.000063	1.230763	0.999935	
1349478744.628601	1.000002	57.108305	43.185663	8.471511	1.230732	0.999837	1.230733	0.999835	1.230734	0.999830	1.230792	0.006976	1.234787	0.000091	1.231762	0.000008	1.229680	0.000032	1.231176	0.000008	1349478744.628928	0.999993	58.243033	44.473635	7.889138	1.230769	0.999935	1.230765	0.999783	1.230031	0.001392	1.230331	0.000093	1.233873	0.000006	1.233188	0.000006	1.226996	0.000006	1.230769	0.999932	
1349478745.628599	0.999998	56.754228	42.843069	8.418992	1.230728	0.999824	1.230729	0.999820	1.230729	0.999818	1.229862	0.002485	1.225638	0.000119	1.223908	0.000073	1.230890	0.000084	1.224946	0.000086	1349478745.628942	1.000014	58.277028	44.504150	7.920909	1.230767	0.999911	1.230763	0.999780	1.231185	0.001698	1.209474	0.000016	1.230522	0.000066	1.230693	0.000055	1.201685	0.000073	1.230767	0.999911	
1349478746.628600	1.000001	56.656364	42.731099	8.499382	1.230767	0.999934	1.230766	0.999859	1.230768	0.999935	1.231475	0.000345	1.231767	0.000104	1.251082	0.000008	1.236541	0.000044	1.265609	0.000008	1349478746.628953	1.000011	58.329377	44.556686	7.914113	1.230767	0.999926	1.230765	0.999847	1.230767	0.002579	1.225974	0.000098	1.235995	0.000006	1.203266	0.000006	1.579023	0.000006	1.230767	0.999935	
1349478747.628602	1.000002	56.635451	42.706095	8.549559	1.230762	0.999914	1.230761	0.999907	1.230761	0.999907	1.227926	0.000838	1.227579	0.000144	1.231204	0.000155	1.228534	0.000125	1.232804	0.000115	1349478747.628954	1.000001	58.306188	44.532108	7.893761	1.230763	0.999935	1.230763	0.999935	1.229682	0.001986	1.232025	0.000042	1.230766	0.000095	1.232855	0.000073	1.225496	0.000072	1.230763	0.999932	
1349478748.628602	1.000000	56.652802	42.722961	8.558868	1.230763	0.999885	1.230762	0.999808	1.230763	0.999885	1.230477	0.001363	1.212624	0.000130	1.213938	0.000008	1.231082	0.000033	1.230135	0.000008	1349478748.628948	0.999994	58.300564	44.537680	7.900728	1.230765	0.999953	1.230765	0.999953	1.231221	0.001986	1.230822	0.000108	1.230635	0.000006	1.238690	0.000006	1.245796	0.000036	1.230765	0.999953	
1349478749.628601	0.999999	56.601006	42.669978	8.533333	1.230766	0.999907	1.230763	0.999838	1.230764	0.999837	1.228553	0.000299	1.226708	0.000127	1.231214	0.000068	1.230879	0.000087	1.230866	0.000085	1349478749.628946	0.999998	58.401952	44.623346	7.916733	1.230766	0.999910	1.230763	0.999801	1.230546	0.002480	1.203294	0.000018	1.230903	0.000058	1.230290	0.000058	1.230707	0.000055	1.230766	0.999910	
1349478750.628601	1.000000	56.648682	42.718872	8.517151	1.230765	0.999953	1.230765	0.999942	1.230765	0.999924	1.231058	0.000348	1.232605	0.000125	1.244463	0.000008	1.230609	0.000042	1.229705	0.000008	1349478750.628947	1.000001	58.415884	44.640155	7.933952	1.230767	0.999920	1.230765	0.999851	1.230766	0.002484	1.231093	0.000083	1.229061	0.000006	1.208141	0.000006	1.226173	0.000006	1.230767	0.999933	
1349478751.628601	1.000000	56.599731	42.668442	8.437958	1.230764	0.999928	1.230763	0.999932	1.230763	0.999934	1.229925	0.000439	1.227170	0.000113	1.230662	0.000091	1.230798	0.000099	1.230802	0.000082	1349478751.628944	0.999997	58.411650	44.633699	7.920435	1.230763	0.999927	1.230763	0.999925	1.230579	0.002017	1.207313	0.000016	1.230770	0.000057	1.233668	0.000052	1.230608	0.000066	1.230763	0.999934	
1349478752.628601	1.000000	56.899155	42.965805	8.478134	1.230757	0.999771	1.230760	0.999833	1.230758	0.999770	1.230718	0.001453	1.230062	0.003565	1.240979	0.000008	1.224124	0.000098	1.230498	0.000008	1349478752.628944	1.000000	58.402588	44.619202	7.915848	1.230768	0.999935	1.230765	0.999832	1.230747	0.001759	1.229468	0.000094	1.235055	0.000006	1.227678	0.000006	1.236449	0.000006	1.230768	0.999930	
1349478753.628601	1.000000	56.901154	42.966904	8.546631	1.230757	0.999867	1.230757	0.999866	1.230757	0.999866	1.229073	0.002405	1.229787	0.003740	1.227084	0.000063	1.231420	0.000086	1.230595	0.000069	1349478753.628944	1.000000	58.446808	44.659714	7.927582	1.230763	0.999930	1.230763	0.999930	1.230828	0.002405	1.215293	0.000015	1.230501	0.000059	1.230750	0.000059	1.230412	0.000054	1.230763	0.999933	
1349478754.628607	1.000006	57.089519	43.155581	8.466228	1.230764	0.999934	1.230763	0.999934	1.230763	0.999934	1.225189	0.000196	1.230664	0.006103	1.249459	0.000008	1.232274	0.000035	1.232039	0.000008	1349478754.628952	1.000008	58.418594	44.634099	7.916882	1.230765	0.999956	1.230765	0.999956	1.229846	0.001914	1.230558	0.000085	1.229715	0.000006	1.233256	0.000006	1.228735	0.000006	1.230765	0.999954	
1349478755.628601	0.999994	56.962162	43.028424	8.489324	1.230763	0.999906	1.230764	0.999922	1.230763	0.999932	1.226649	0.000302	1.230696	0.004247	1.230524	0.000058	1.230610	0.000073	1.230797	0.000092	1349478755.628944	0.999992	58.423508	44.639385	7.918964	1.230763	0.999921	1.230764	0.999916	1.231166	0.002096	1.203052	0.000020	1.231018	0.000058	1.229351	0.000056	1.231397	0.000052	1.230763	0.999933	
1349478756.628612	1.000011	715766574.822820	715793023.534414	715762990.312801	0.999992	1.000146	0.999990	1.000150	0.999992	1.000154	0.999992	1.000147	0.999992	1.000149	0.999995	1.000144	0.999992	1.000150	0.999992	1.000147	1349478756.628710	0.999766	715969632.697467	715980459.330981	715936026.441029	0.999992	1.000147	0.999989	1.000149	3.892889	0.256916	0.999992	1.000148	0.999992	1.000149	0.999995	1.000145	0.999992	1.000149	0.999992	1.000147	
1349478757.628605	0.999993	0.000000	0.000000	0.000000	-nan	-nan	-nan	-nan	1.000008	inf	-nan	-nan	-nan	0.000000	-nan	-nan	-nan	-nan	-nan	-nan	1349478757.628668	0.999958	0.000000	0.000000	0.000000	-nan	-nan	-nan	-nan	1.345745	inf	-nan	-nan	-nan	-nan	-nan	-nan	-nan	-nan	-nan	-nan	
