ts_0	elapsed_0	pkg_0	pp0_0	dram_0	freq_ratio_0_0	c0_ratio_0_0	freq_ratio_0_1	c0_ratio_0_1	freq_ratio_0_2	c0_ratio_0_2	freq_ratio_0_3	c0_ratio_0_3	freq_ratio_0_4	c0_ratio_0_4	freq_ratio_0_5	c0_ratio_0_5	freq_ratio_0_6	c0_ratio_0_6	freq_ratio_0_7	c0_ratio_0_7	ts_1	elapsed_1	pkg_1	pp0_1	dram_1	freq_ratio_1_0	c0_ratio_1_0	freq_ratio_1_1	c0_ratio_1_1	freq_ratio_1_2	c0_ratio_1_2	freq_ratio_1_3	c0_ratio_1_3	freq_ratio_1_4	c0_ratio_1_4	freq_ratio_1_5	c0_ratio_1_5	freq_ratio_1_6	c0_ratio_1_6	freq_ratio_1_7	c0_ratio_1_7	
1349478741.626445	1.000680	55.230222	41.327749	5.435604	1.231078	0.997950	1.230612	0.989994	1.230769	0.989768	1.201164	0.000199	1.170325	0.000092	1.092484	0.000037	1.211769	0.000260	1.111940	0.000038	1349478741.626790	1.000786	55.251170	41.400242	5.472840	1.230768	0.990002	1.230767	0.989895	1.231001	0.002156	1.258974	0.000033	1.119955	0.000339	1.257762	0.000032	1.260794	0.000032	1.230658	0.990737	
1349478742.626442	0.999997	55.527226	41.571784	5.638827	1.230763	0.999927	1.230763	0.999935	1.230764	0.999927	1.227449	0.000230	1.220260	0.000068	1.222163	0.000052	1.230396	0.000136	1.219608	0.000068	1349478742.626788	0.999998	55.840393	41.937351	5.657649	1.230763	0.999928	1.230763	0.999931	1.230642	0.002572	1.225062	0.000073	1.230833	0.000213	1.231135	0.000049	1.230596	0.000065	1.230763	0.999934	
1349478743.626443	1.000001	55.504830	41.570151	5.606104	1.230766	0.999867	1.230767	0.999907	1.230767	0.999900	1.234264	0.000187	1.235181	0.000077	1.233825	0.000080	1.231167	0.000139	1.244173	0.000045	1349478743.626791	1.000003	55.937906	42.024208	5.652555	1.230760	0.999887	1.230759	0.999855	1.230027	0.002568	1.232201	0.000012	1.225598	0.000751	1.214699	0.000011	1.231539	0.000011	1.230759	0.999885	
1349478744.626443	1.000000	55.609634	41.669434	5.629074	1.230763	0.999766	1.230731	0.999812	1.230732	0.999804	1.226173	0.000243	1.225668	0.000068	1.235431	0.000056	1.230706	0.000153	1.229300	0.000085	1349478744.626792	1.000001	55.970879	42.053549	5.644129	1.230765	0.999907	1.230763	0.999821	1.230583	0.002521	1.224992	0.000092	1.230642	0.000221	1.232708	0.000071	1.230930	0.000086	1.230765	0.999908	
1349478745.626443	1.000000	55.670578	41.723434	5.628601	1.230766	0.999860	1.230767	0.999904	1.230767	0.999903	1.231704	0.000207	1.251141	0.000013	1.231208	0.000013	1.230775	0.000131	1.231698	0.000016	1349478745.626792	1.000000	55.994873	42.074677	5.657227	1.230765	0.999952	1.230765	0.999925	1.230503	0.002349	1.218429	0.000011	1.230328	0.000173	1.220372	0.000011	1.213522	0.000016	1.230766	0.999989	
1349478746.626445	1.000002	55.733780	41.785885	5.652806	1.230763	0.999929	1.230763	0.999936	1.230763	0.999929	1.229519	0.000258	1.226797	0.000069	1.230879	0.000053	1.230789	0.000248	1.230741	0.000070	1349478746.626789	0.999997	56.039175	42.112023	5.661288	1.230763	0.999954	1.230763	0.999956	1.230508	0.002482	1.220655	0.000059	1.230345	0.000246	1.230134	0.000054	1.230946	0.000065	1.230763	0.999919	
1349478747.626447	1.000002	55.747498	41.796246	5.665578	1.230765	0.999954	1.230765	0.999954	1.230765	0.999954	1.229218	0.000199	1.203959	0.000013	1.230274	0.000014	1.230772	0.000117	1.246890	0.000016	1349478747.626803	1.000014	56.007482	42.084964	5.650433	1.230765	0.999952	1.230765	0.999952	1.231168	0.002576	1.233454	0.000013	1.229993	0.000224	1.226549	0.000010	1.218688	0.000011	1.230765	0.999954	
1349478748.626443	0.999996	55.786069	41.832002	5.643471	1.230763	0.999836	1.230765	0.999884	1.230764	0.999861	1.230668	0.000274	1.228905	0.000075	1.230690	0.000049	1.230719	0.000188	1.228319	0.000100	1349478748.626792	0.999989	56.070485	42.139470	5.657945	1.230761	0.999859	1.230759	0.999780	1.229751	0.002493	1.222225	0.000060	1.229369	0.002667	1.230619	0.000049	1.233819	0.000050	1.230761	0.999870	
1349478749.626447	1.000004	55.766711	41.811476	5.645531	1.230766	0.999954	1.230765	0.999954	1.230765	0.999954	1.229258	0.000189	1.207176	0.000013	1.220765	0.000013	1.230466	0.000123	1.229171	0.000019	1349478749.626791	0.999999	56.030602	42.099650	5.645834	1.230763	0.999935	1.230763	0.999935	1.230860	0.002538	1.231221	0.000012	1.230171	0.000256	1.216409	0.000011	1.231015	0.000021	1.230763	0.999934	
1349478750.626442	0.999995	55.804830	41.846630	5.638395	1.230763	0.999766	1.230731	0.999815	1.230732	0.999814	1.228326	0.000235	1.228048	0.000060	1.232863	0.000057	1.229976	0.000145	1.230904	0.000081	1349478750.626790	0.999999	56.002266	42.083002	5.658514	1.230765	0.999913	1.230763	0.999830	1.230562	0.002308	1.222688	0.000061	1.231261	0.000229	1.233528	0.000053	1.230993	0.000056	1.230765	0.999909	
1349478751.626442	1.000000	55.771942	41.816086	5.651825	1.230766	0.999693	1.230736	0.999793	1.230736	0.999790	1.231089	0.000204	1.211495	0.000014	1.231771	0.000013	1.231299	0.000231	1.231113	0.000016	1349478751.626789	0.999999	56.085777	42.152903	5.645376	1.230769	0.999905	1.230765	0.999745	1.230709	0.002561	1.232194	0.000012	1.230933	0.000231	1.216222	0.000011	1.229229	0.000013	1.230769	0.999911	
1349478752.626444	1.000002	55.752625	41.794140	5.641881	1.230763	0.999769	1.230731	0.999812	1.230732	0.999811	1.229196	0.000232	1.228757	0.000062	1.230669	0.000046	1.231837	0.000175	1.231054	0.000087	1349478752.626789	1.000000	56.080200	42.142517	5.667191	1.230765	0.999915	1.230763	0.999830	1.230041	0.002355	1.220928	0.000065	1.230105	0.000201	1.231414	0.000053	1.228038	0.000049	1.230765	0.999942	
1349478753.626444	1.000000	55.695343	41.753815	5.648163	1.230766	0.999952	1.230765	0.999951	1.230765	0.999951	1.232292	0.000199	1.225087	0.000013	1.230842	0.000013	1.228782	0.000109	1.247929	0.000015	1349478753.626792	1.000003	56.091531	42.153678	5.634428	1.230757	0.999910	1.230757	0.999911	1.230142	0.002423	1.221817	0.000012	1.223990	0.000671	1.221539	0.000010	1.221880	0.000014	1.230757	0.999878	
1349478754.626442	0.999998	55.741241	41.783954	5.621761	1.230763	0.999733	1.230766	0.999808	1.230767	0.999840	1.228266	0.000244	1.218741	0.000060	1.210539	0.000050	1.230887	0.000139	1.219817	0.000069	1349478754.626791	0.999999	56.076805	42.137339	5.656332	1.230767	0.999886	1.230763	0.999726	1.230984	0.002453	1.224630	0.000057	1.230604	0.000208	1.229824	0.000047	1.231285	0.000055	1.230767	0.999890	
1349478755.626442	1.000000	55.775070	41.815659	5.653534	1.230765	0.999848	1.230766	0.999872	1.230767	0.999887	1.232425	0.000267	1.240051	0.000037	1.257247	0.000037	1.232067	0.000146	1.243633	0.000043	1349478755.626789	0.999998	56.110382	42.169010	5.629817	1.230767	0.999933	1.230765	0.999851	1.230776	0.002488	1.229837	0.000011	1.230791	0.000177	1.230757	0.000012	1.230847	0.000013	1.230767	0.999934	
1349478756.626449	1.000007	715811558.681953	715760687.169916	715798074.170466	0.999992	1.000146	0.999990	1.000152	0.999992	1.000155	0.999992	1.000146	0.999992	1.000150	0.999994	1.000144	0.999992	1.000150	0.999992	1.000147	1349478756.626543	0.999754	715955909.154085	715956115.474396	715982358.579790	0.999992	1.000147	0.999990	1.000150	3.892875	0.256917	0.999992	1.000148	0.999992	1.000148	0.999995	1.000146	0.999992	1.000150	0.999992	1.000148	
1349478757.626439	0.999990	0.000000	0.000000	0.000000	-nan	-nan	-nan	-nan	0.000000	inf	-nan	-nan	-nan	0.000000	-nan	-nan	-nan	-nan	-nan	-nan	1349478757.626495	0.999952	0.000000	0.000000	0.000000	-nan	-nan	-nan	-nan	0.000000	inf	-nan	-nan	-nan	-nan	-nan	-nan	-nan	-nan	-nan	-nan	
