ts_0	elapsed_0	pkg_0	pp0_0	dram_0	freq_ratio_0_0	c0_ratio_0_0	freq_ratio_0_1	c0_ratio_0_1	freq_ratio_0_2	c0_ratio_0_2	freq_ratio_0_3	c0_ratio_0_3	freq_ratio_0_4	c0_ratio_0_4	freq_ratio_0_5	c0_ratio_0_5	freq_ratio_0_6	c0_ratio_0_6	freq_ratio_0_7	c0_ratio_0_7	ts_1	elapsed_1	pkg_1	pp0_1	dram_1	freq_ratio_1_0	c0_ratio_1_0	freq_ratio_1_1	c0_ratio_1_1	freq_ratio_1_2	c0_ratio_1_2	freq_ratio_1_3	c0_ratio_1_3	freq_ratio_1_4	c0_ratio_1_4	freq_ratio_1_5	c0_ratio_1_5	freq_ratio_1_6	c0_ratio_1_6	freq_ratio_1_7	c0_ratio_1_7	
1349478741.628115	1.000768	56.222129	42.121019	7.662756	1.231067	0.997777	1.230659	0.990017	1.230771	0.990063	1.218004	0.000210	1.208394	0.000058	1.206590	0.000034	1.228699	0.000409	1.208311	0.000034	1349478741.628472	1.000698	55.686468	41.826255	7.576163	1.230715	0.990537	1.230765	0.990132	1.207003	0.001077	1.142722	0.000046	0.838684	0.000047	1.236649	0.000149	1.105864	0.000036	1.230652	0.991110	
1349478742.628109	0.999994	56.896259	42.739299	7.873674	1.230765	0.999860	1.230766	0.999853	1.230767	0.999935	1.230889	0.000225	1.218277	0.000059	1.229080	0.000058	1.230719	0.000346	1.234818	0.000074	1349478742.628452	0.999980	56.406296	42.488446	7.810810	1.230767	0.999936	1.230765	0.999852	1.230676	0.002201	1.231132	0.000072	1.231311	0.000050	1.231302	0.000051	1.228443	0.000066	1.230767	0.999926	
1349478743.628115	1.000006	56.975216	42.808033	7.887007	1.230762	0.999906	1.230761	0.999912	1.230761	0.999912	1.230144	0.000225	1.227888	0.000484	1.257789	0.000013	1.230578	0.000447	1.201554	0.000016	1349478743.628465	1.000013	56.448646	42.522392	7.850422	1.230763	0.999932	1.230763	0.999932	1.229890	0.001204	1.211791	0.000023	1.231244	0.000012	1.230152	0.000039	1.240158	0.000012	1.230763	0.999931	
1349478744.628107	0.999992	56.989033	42.817120	7.873904	1.230765	0.999704	1.230734	0.999781	1.230735	0.999796	1.224253	0.000229	1.210394	0.000049	1.217402	0.000059	1.230883	0.000354	1.230001	0.000079	1349478744.628456	0.999991	56.495949	42.565892	7.840220	1.230765	0.999953	1.230765	0.999912	1.232036	0.000698	1.230834	0.000063	1.230123	0.000048	1.230624	0.000050	1.229102	0.000061	1.230765	0.999956	
1349478745.628110	1.000003	56.811149	42.649816	7.864233	1.230763	0.999720	1.230767	0.999859	1.230767	0.999856	1.233467	0.000225	1.237103	0.000048	1.243442	0.000041	1.230752	0.000334	1.226676	0.000016	1349478745.628468	1.000012	56.545346	42.612254	7.840834	1.230761	0.999912	1.230761	0.999905	1.229660	0.001827	1.206625	0.000020	1.224337	0.000012	1.197498	0.000040	1.229504	0.000011	1.230763	0.999934	
1349478746.628107	0.999997	56.794167	42.612528	7.859125	1.230763	0.999845	1.230764	0.999878	1.230765	0.999885	1.223359	0.000224	1.231282	0.000063	1.230041	0.000056	1.225180	0.000426	1.237058	0.000093	1349478746.628454	0.999986	56.540377	42.620625	7.852161	1.230769	0.999956	1.230767	0.999868	1.230740	0.002371	1.229432	0.000081	1.229352	0.000082	1.229792	0.000154	1.232371	0.000080	1.230767	0.999934	
1349478747.628107	1.000000	56.712708	42.525497	7.882416	1.230764	0.999935	1.230764	0.999936	1.230763	0.999935	1.228989	0.000232	1.172293	0.000025	1.233582	0.000013	1.230546	0.000293	1.231545	0.000018	1349478747.628454	1.000000	56.581207	42.645523	7.870346	1.230761	0.999911	1.230761	0.999911	1.230004	0.001866	1.214743	0.000027	1.228916	0.000015	1.203029	0.000045	1.231270	0.000013	1.230761	0.999910	
1349478748.628109	1.000002	56.769347	42.577037	7.886048	1.230765	0.999858	1.230765	0.999854	1.230767	0.999927	1.231372	0.000220	1.230435	0.000468	1.230398	0.000095	1.230908	0.000338	1.230730	0.000090	1349478748.628453	0.999999	56.614251	42.678462	7.849663	1.230765	0.999955	1.230765	0.999948	1.230271	0.002001	1.230869	0.000049	1.231640	0.000051	1.230828	0.000052	1.230719	0.000073	1.230765	0.999953	
1349478749.628109	1.000000	56.763336	42.570709	7.886017	1.230764	0.999861	1.230763	0.999830	1.230765	0.999912	1.228487	0.000200	1.262378	0.000029	1.238694	0.000013	1.230738	0.002219	1.230974	0.000016	1349478749.628463	1.000010	56.633634	42.698944	7.829054	1.230765	0.999910	1.230763	0.999831	1.230994	0.001992	1.210465	0.000023	1.229599	0.000011	1.226962	0.000050	1.219363	0.000014	1.230765	0.999913	
1349478750.628110	1.000001	56.751243	42.557104	7.870476	1.230765	0.999951	1.230765	0.999952	1.230766	0.999952	1.231048	0.000228	1.229740	0.000057	1.229218	0.000058	1.230335	0.000361	1.230490	0.000085	1349478750.628457	0.999994	56.696490	42.761897	7.865586	1.230765	0.999956	1.230765	0.999956	1.230752	0.002320	1.230581	0.000054	1.230871	0.000047	1.231372	0.000052	1.230992	0.000051	1.230765	0.999956	
1349478751.628109	0.999999	56.799065	42.601466	7.861976	1.230764	0.999836	1.230766	0.999903	1.230765	0.999903	1.228947	0.000265	1.223619	0.000061	1.230454	0.000013	1.231196	0.000349	1.232517	0.000015	1349478751.628456	0.999999	56.711373	42.774882	7.841194	1.230763	0.999933	1.230763	0.999926	1.230290	0.002314	1.221952	0.000056	1.222445	0.000013	1.231294	0.000114	1.230962	0.000011	1.230764	0.999967	
1349478752.628108	0.999999	56.792611	42.596690	7.824928	1.230767	0.999931	1.230765	0.999855	1.230767	0.999931	1.230786	0.000237	1.211608	0.000066	1.228477	0.000063	1.230762	0.000357	1.230743	0.000073	1349478752.628460	1.000004	56.634963	42.699152	7.832045	1.230765	0.999978	1.230765	0.999971	1.230537	0.000925	1.225924	0.000048	1.228587	0.000049	1.228201	0.000051	1.229322	0.000063	1.230765	0.999942	
1349478753.628109	1.000001	56.801765	42.605092	7.876000	1.230763	0.999933	1.230763	0.999889	1.230763	0.999927	1.229533	0.000208	1.232767	0.000478	1.210273	0.000014	1.230708	0.000312	1.231209	0.000015	1349478753.628456	0.999996	56.644456	42.707326	7.854738	1.230763	0.999929	1.230763	0.999923	1.230133	0.000590	1.218738	0.000023	1.230592	0.000013	1.230183	0.000046	1.231383	0.000013	1.230763	0.999933	
1349478754.628112	1.000003	56.796180	42.598974	7.848029	1.230766	0.999951	1.230765	0.999952	1.230765	0.999952	1.230402	0.000232	1.229829	0.000113	1.237408	0.000060	1.231218	0.000329	1.226608	0.000071	1349478754.628473	1.000017	56.696153	42.759484	7.878269	1.230765	0.999955	1.230765	0.999955	1.230788	0.002069	1.230526	0.000051	1.230971	0.000051	1.231162	0.000050	1.231387	0.000052	1.230765	0.999955	
1349478755.628111	0.999999	56.803109	42.605265	7.876991	1.230764	0.999825	1.230766	0.999882	1.230766	0.999880	1.229210	0.000250	1.218671	0.000025	1.232195	0.000013	1.230198	0.000289	1.248485	0.000016	1349478755.628456	0.999983	56.677473	42.739829	7.856685	1.230763	0.999931	1.230763	0.999906	1.230406	0.001479	1.210626	0.000024	1.225630	0.000011	1.230697	0.000046	1.228909	0.000015	1.230763	0.999931	
1349478756.628119	1.000008	715816383.548298	715798243.927153	715769268.120122	0.999995	1.000164	0.999992	1.000167	0.999995	1.000172	0.999995	1.000165	0.999995	1.000167	0.999997	1.000162	0.999995	1.000167	0.999995	1.000165	1349478756.628212	0.999756	715974872.391432	715976583.945328	715984154.811853	0.999994	1.000161	0.999992	1.000166	3.892693	0.256934	0.999995	1.000165	0.999995	1.000167	0.999997	1.000162	0.999995	1.000167	0.999995	1.000164	
1349478757.628106	0.999987	0.000000	0.000000	0.000000	-nan	-nan	-nan	-nan	0.000000	inf	-nan	-nan	-nan	0.000000	-nan	-nan	-nan	-nan	-nan	-nan	1349478757.628164	0.999952	0.000000	0.000000	0.000000	-nan	-nan	-nan	-nan	0.000000	inf	-nan	-nan	-nan	-nan	-nan	-nan	-nan	-nan	-nan	-nan	
