ts_0	elapsed_0	pkg_0	pp0_0	dram_0	freq_ratio_0_0	c0_ratio_0_0	freq_ratio_0_1	c0_ratio_0_1	freq_ratio_0_2	c0_ratio_0_2	freq_ratio_0_3	c0_ratio_0_3	freq_ratio_0_4	c0_ratio_0_4	freq_ratio_0_5	c0_ratio_0_5	freq_ratio_0_6	c0_ratio_0_6	freq_ratio_0_7	c0_ratio_0_7	ts_1	elapsed_1	pkg_1	pp0_1	dram_1	freq_ratio_1_0	c0_ratio_1_0	freq_ratio_1_1	c0_ratio_1_1	freq_ratio_1_2	c0_ratio_1_2	freq_ratio_1_3	c0_ratio_1_3	freq_ratio_1_4	c0_ratio_1_4	freq_ratio_1_5	c0_ratio_1_5	freq_ratio_1_6	c0_ratio_1_6	freq_ratio_1_7	c0_ratio_1_7	
1350067586.448529	1.000263	57.005852	43.746476	6.113627	0.999997	0.073599	0.999998	0.179177	1.000000	1.000000	1.000003	0.001258	0.999999	1.000000	1.000000	1.000000	1.000000	1.000000	1.000000	1.000000	1350067586.448675	1.000314	52.601937	39.538915	3.987182	1.000000	1.000000	1.000000	1.000000	1.000000	1.000000	1.000001	0.929936	1.000001	0.824613	0.997994	0.000334	0.999638	0.000080	0.999688	0.000091	
1350067587.448523	0.999994	54.950660	41.691578	6.115271	1.000072	0.002778	0.999914	0.004986	1.000000	1.000000	1.000060	0.000038	1.000000	1.000000	1.000000	1.000000	1.000000	1.000000	1.000000	1.000000	1350067587.448649	0.999974	54.013580	40.957714	4.168169	1.000000	1.000000	1.000000	1.000000	1.000000	1.000000	1.000000	1.000000	1.000000	1.000000	0.999984	0.000264	1.001285	0.000035	1.002450	0.000011	
1350067588.448523	1.000000	55.354309	42.094025	6.115234	0.999926	0.007121	1.000175	0.001387	1.000000	1.000000	1.001293	0.000104	1.000001	1.000000	1.000000	1.000000	1.000000	1.000000	1.000000	1.000000	1350067588.448646	0.999997	54.054702	41.011052	4.279936	1.000000	1.000000	1.000000	1.000000	1.000000	1.000000	1.000000	1.000000	1.000000	1.000000	0.999958	0.000349	1.000391	0.000071	0.999888	0.000169	
1350067589.448523	1.000000	55.788574	42.527542	6.126663	0.999999	0.004868	0.999993	0.004394	1.000000	1.000000	0.999993	0.003240	1.000000	1.000000	1.000000	1.000000	1.000000	1.000000	1.000000	1.000000	1350067589.448667	1.000021	54.128671	41.082787	3.203531	1.000000	1.000000	1.000000	1.000000	1.000000	1.000000	1.000000	1.000000	1.000000	1.000000	0.998225	0.002620	0.999986	0.002406	1.000003	0.002261	
1350067590.448530	1.000007	54.748324	41.487521	6.109012	0.999994	0.002302	0.999907	0.000743	1.000000	1.000000	0.998798	0.000133	1.000000	1.000000	1.000000	1.000000	1.000000	1.000000	0.999999	1.000000	1350067590.448675	1.000008	54.046940	41.011676	2.864982	1.000000	1.000000	1.000000	1.000000	1.000000	1.000000	1.000000	1.000000	1.000000	1.000000	1.011187	0.000419	0.999960	0.000077	1.000026	0.000074	
1350067591.448529	0.999999	54.691519	41.429254	6.127569	0.999991	0.002081	1.002032	0.000043	1.000000	1.000000	1.000479	0.000064	1.000000	1.000000	0.999999	1.000000	1.000000	1.000000	1.000001	1.000000	1350067591.448670	0.999995	54.136044	41.086265	2.718474	1.000000	1.000000	1.000000	1.000000	1.000000	1.000000	1.000000	1.000000	1.000000	1.000000	0.999991	0.000348	0.999973	0.000058	1.000455	0.000012	
1350067592.448523	0.999994	54.705435	41.440661	6.121252	0.999966	0.001848	0.999867	0.000399	1.000001	1.000000	1.000051	0.000113	1.000000	1.000000	1.000001	1.000000	1.000000	1.000000	1.000000	0.999999	1350067592.448665	0.999995	54.141964	41.091728	2.753218	1.000000	1.000000	1.000000	1.000000	1.000000	1.000000	1.000000	1.000000	1.000000	1.000000	0.999898	0.000413	0.999376	0.000084	0.999705	0.000204	
1350067593.448523	1.000000	54.666092	41.415924	6.121399	0.999978	0.002042	1.005187	0.000031	1.000000	1.000000	1.001839	0.000064	1.000000	1.000000	1.000000	1.000000	1.000000	1.000000	1.000000	1.000001	1350067593.448667	1.000002	54.143100	41.093458	2.704676	1.000000	1.000000	1.000000	1.000000	1.000000	1.000000	1.000000	1.000000	1.000000	1.000000	1.000095	0.000325	1.000930	0.000051	1.005001	0.000012	
1350067594.448523	1.000000	54.736435	41.469116	6.127441	0.999987	0.003898	0.996953	0.000057	0.999999	1.000000	1.000029	0.000106	1.000001	1.000000	1.000000	1.000000	1.000000	1.000000	1.000000	1.000000	1350067594.448669	1.000002	54.145481	41.096433	2.706614	1.000000	1.000000	1.000000	1.000000	1.000000	1.000000	1.000000	1.000000	1.000000	1.000000	0.999935	0.000407	0.924949	0.000090	0.997834	0.000062	
1350067595.448523	1.000000	54.721512	41.454361	6.133728	0.999974	0.002364	1.000239	0.000247	1.000000	1.000000	0.998255	0.000063	0.999999	1.000000	1.000000	1.000000	1.000000	1.000000	1.000000	1.000000	1350067595.448666	0.999997	54.140594	41.094656	2.704308	1.000000	1.000000	1.000000	1.000000	1.000000	1.000000	1.000000	1.000000	1.000000	1.000000	0.999971	0.000336	1.179880	0.000037	1.007574	0.000018	
1350067596.448523	1.000000	54.718948	41.449509	6.084412	0.999986	0.001844	0.999503	0.000091	1.000001	1.000000	1.000902	0.000131	1.000000	1.000000	1.000000	1.000000	1.000000	1.000000	1.000000	1.000000	1350067596.448665	0.999999	54.161230	41.113748	2.725161	1.000000	1.000000	1.000000	1.000000	1.000000	1.000000	1.000000	1.000000	1.000000	1.000000	1.000031	0.000453	0.999657	0.000107	0.995615	0.000125	
1350067597.448523	1.000000	54.710022	41.439651	6.096741	0.999995	0.001964	1.000491	0.000104	1.000000	1.000000	0.999422	0.000065	1.000000	1.000000	1.000000	1.000000	0.999999	1.000000	1.000000	1.000000	1350067597.448662	0.999997	54.144440	41.097601	2.710412	1.000000	1.000000	1.000000	1.000000	1.000000	1.000000	1.000000	1.000000	1.000000	1.000000	0.999945	0.000322	1.000010	0.000038	1.025566	0.000020	
1350067598.448523	1.000000	54.720169	41.448074	6.121399	0.999977	0.001756	0.999624	0.000133	1.000000	1.000000	1.000344	0.000095	1.000000	1.000000	1.000000	1.000000	1.000001	1.000000	1.000000	1.000000	1350067598.448665	1.000003	54.075409	41.042231	2.720603	1.000000	1.000000	1.000000	1.000000	1.000000	1.000000	1.000000	1.000000	1.000000	1.000000	0.999994	0.000420	0.999952	0.000089	1.000016	0.000048	
1350067599.448523	1.000000	54.714752	41.444473	6.109070	1.000171	0.001904	0.999822	0.000113	0.999999	1.000000	0.999864	0.000071	1.000000	1.000000	1.000000	1.000000	1.000000	1.000000	1.000000	1.000000	1350067599.448663	0.999998	54.166043	41.116945	2.712728	1.000000	1.000000	1.000000	1.000000	1.000000	1.000000	1.000000	1.000000	1.000000	1.000000	1.000090	0.000322	1.000733	0.000044	0.995692	0.000012	
1350067600.448523	1.000000	54.715530	41.445374	6.121384	0.999816	0.002014	1.000119	0.000259	1.000000	1.000000	0.999507	0.000097	1.000000	1.000000	1.000000	1.000000	1.000000	1.000000	1.000000	1.000000	1350067600.448677	1.000014	54.154008	41.105592	2.731727	1.000000	1.000000	1.000000	1.000000	1.000000	1.000000	1.000000	1.000000	1.000000	1.000000	0.999914	0.000398	0.999470	0.000089	1.000395	0.000154	
1350067601.448523	1.000000	54.645950	41.434143	6.127563	0.999975	0.002013	0.999894	0.000135	1.000000	1.000000	0.999297	0.000064	1.000000	1.000000	1.000001	1.000001	1.000000	1.000000	1.000000	1.000000	1350067601.448661	0.999984	54.134074	41.086823	2.710050	1.000000	1.000000	1.000000	1.000000	1.000000	1.000000	1.000000	1.000000	1.000000	1.000000	0.999975	0.000375	1.000822	0.000051	1.001394	0.000012	
1350067602.448523	1.000000	54.661835	41.347351	6.109070	0.999972	0.001779	1.000254	0.000119	1.000000	1.000000	1.000837	0.000099	1.000000	1.000000	1.000000	1.000000	1.000000	1.000000	0.999999	1.000000	1350067602.448667	1.000006	54.068922	41.020355	2.712524	1.000000	1.000000	1.000000	1.000000	1.000000	1.000000	1.000000	1.000000	1.000000	1.000000	1.000003	0.000379	0.999948	0.000089	0.999474	0.000058	
1350067603.448523	1.000000	55.072723	41.800232	6.127563	0.999990	0.001930	0.999975	0.005609	1.000000	1.000000	0.999951	0.000063	0.999999	1.000000	1.000000	1.000000	1.000000	1.000000	1.000001	1.000000	1350067603.448663	0.999996	54.116110	41.068221	4.220720	1.000000	1.000000	1.000000	1.000000	1.000000	1.000000	1.000000	1.000000	1.000000	1.000000	0.999937	0.000305	0.999961	0.000040	1.001800	0.000012	
1350067604.448523	1.000000	55.654617	42.382477	6.133728	0.999968	0.002819	0.999892	0.007623	0.999999	0.999999	0.999997	0.002040	1.000000	1.000000	1.000000	1.000000	1.000001	1.000000	1.000000	1.000000	1350067604.448664	1.000001	54.108637	41.060157	4.996425	1.000000	1.000000	1.000000	1.000000	1.000000	1.000000	1.000000	1.000000	1.000000	1.000000	0.999986	0.000304	0.997638	0.000069	0.998383	0.000115	
1350067605.448523	1.000000	55.688690	42.415482	6.109024	0.999982	0.006579	1.000057	0.005637	1.000000	1.000000	0.999800	0.000588	1.000000	1.000000	1.000000	1.000000	1.000000	1.000000	1.000000	1.000000	1350067605.448675	1.000011	54.108614	41.059776	4.981681	1.000000	1.000000	1.000000	1.000000	1.000000	1.000000	1.000000	1.000000	1.000000	1.000000	1.000078	0.000262	1.003980	0.000036	1.010441	0.000018	
1350067606.448523	1.000000	55.721390	42.447968	6.121399	0.999971	0.001762	0.999955	0.009405	1.000000	1.000000	0.999897	0.000094	0.999999	1.000000	1.000000	1.000000	1.000000	1.000000	1.000000	1.000000	1350067606.448666	0.999991	54.071840	41.034612	4.979400	1.000000	1.000000	1.000000	1.000000	1.000000	1.000000	1.000000	1.000000	1.000000	1.000000	0.999903	0.000302	1.000235	0.000061	0.999596	0.000058	
1350067607.448523	1.000000	55.434952	42.162582	6.133728	0.999988	0.001993	0.999936	0.008286	1.000000	1.000000	1.002047	0.000059	1.000000	1.000000	1.000000	1.000000	1.000000	1.000000	1.000000	1.000000	1350067607.448665	0.999999	54.112982	41.063958	4.962987	1.000000	1.000000	1.000000	1.000000	1.000000	1.000000	1.000000	1.000000	1.000000	1.000000	1.000013	0.000268	0.999963	0.000042	1.002023	0.000012	
1350067608.448523	1.000000	55.283676	42.008041	6.121399	0.999971	0.004765	1.000042	0.003597	1.000001	1.000000	0.999900	0.000108	1.000001	1.000000	1.000000	1.000000	1.000000	1.000000	1.000000	1.000000	1350067608.448664	0.999999	54.125265	41.074960	4.436131	1.000000	1.000000	1.000000	1.000000	1.000000	1.000000	1.000000	1.000000	1.000000	1.000000	1.000018	0.000329	0.999477	0.000088	0.996425	0.000152	
1350067609.448523	1.000000	54.814087	41.554382	6.102905	0.999982	0.002194	0.999975	0.002456	1.000000	1.000000	0.999976	0.000065	1.000000	1.000000	1.000000	1.000000	1.000000	1.000001	1.000000	1.000000	1350067609.448668	1.000004	54.100000	41.048189	2.935291	1.000000	1.000000	1.000000	1.000000	1.000000	1.000000	1.000000	1.000000	1.000000	1.000000	0.999989	0.000276	1.000683	0.000042	1.020130	0.000028	
1350067610.448523	1.000000	54.945282	41.674530	6.121399	0.999950	0.002175	0.999955	0.003295	1.000000	1.000000	1.000236	0.000095	1.000000	1.000000	1.000000	1.000000	1.000000	1.000000	1.000000	1.000000	1350067610.448671	1.000003	54.112396	41.061656	3.519261	1.000000	1.000000	1.000000	1.000000	1.000000	1.000000	1.000000	1.000000	1.000000	1.000000	0.999934	0.000331	1.000174	0.000075	0.999723	0.000060	
1350067611.448523	1.000000	55.057419	41.785736	6.121399	1.000001	0.002648	0.999974	0.004917	1.000000	1.000000	0.999809	0.000264	1.000000	1.000000	1.000000	1.000001	1.000000	1.000000	1.000000	1.000000	1350067611.448661	0.999990	54.122048	41.071517	4.177563	1.000000	1.000000	1.000000	1.000000	1.000000	1.000000	1.000000	1.000000	1.000000	1.000000	0.999978	0.000296	0.999978	0.000036	0.999409	0.000012	
1350067612.448523	1.000000	55.068298	41.796585	6.115234	0.999997	0.002607	0.999512	0.001507	1.000000	1.000000	0.999974	0.004722	1.000000	1.000000	1.000000	1.000000	1.000000	1.000000	1.000000	1.000000	1350067612.448667	1.000006	54.113844	41.061202	4.159719	1.000000	1.000000	1.000000	1.000000	1.000000	1.000000	1.000000	1.000000	1.000000	1.000000	0.999999	0.000290	0.999937	0.000067	0.999440	0.000051	
1350067613.448523	1.000000	55.048935	41.775955	6.109070	0.999979	0.002320	0.999976	0.002870	1.000000	1.000000	0.999968	0.002699	1.000000	1.000000	1.000000	1.000000	1.000000	1.000000	1.000000	1.000000	1350067613.448657	0.999990	54.106667	41.053496	4.226193	1.000000	1.000000	1.000000	1.000000	1.000000	1.000000	1.000000	1.000000	1.000000	1.000000	1.000073	0.000297	1.000109	0.000042	1.002748	0.000012	
1350067614.448523	1.000000	55.096893	41.820984	6.114212	0.999986	0.005643	1.000004	0.004402	0.999999	1.000000	1.000001	0.008115	1.000000	1.000000	1.000000	1.000000	1.000000	1.000000	1.000000	1.000000	1350067614.448662	1.000005	55.138106	42.098819	3.187637	1.000000	1.000000	1.000000	1.000000	1.000000	1.000000	1.000000	1.000000	1.000000	1.000000	0.999989	0.003020	0.999949	0.002703	0.999949	0.002792	
1350067615.448523	1.000000	55.136230	41.861237	6.096741	0.999970	0.006386	1.000837	0.000700	1.000001	1.000000	0.999960	0.000786	1.000000	1.000000	1.000000	1.000000	1.000000	1.000000	1.000000	1.000000	1350067615.448661	0.999999	54.123373	41.073236	4.141071	1.000000	1.000000	1.000000	1.000000	1.000000	1.000000	1.000000	1.000000	1.000000	1.000000	0.999985	0.000301	1.002975	0.000045	1.007615	0.000018	
1350067616.448523	1.000000	55.034653	41.757263	6.127563	0.999998	0.001507	0.999828	0.004280	0.999999	1.000000	0.998577	0.000084	1.000000	1.000000	1.000000	0.999999	1.000000	1.000000	1.000000	1.000000	1350067616.448665	1.000004	54.107538	41.056261	3.894958	1.000000	1.000000	1.000000	1.000000	1.000000	1.000000	1.000000	1.000000	1.000000	1.000000	1.000020	0.000362	0.999504	0.000067	0.999546	0.000059	
1350067617.448523	1.000000	54.748215	41.473862	6.115234	0.999972	0.001719	0.999907	0.000318	1.000001	1.000001	1.001462	0.000064	1.000001	1.000000	1.000000	1.000001	1.000000	1.000000	1.000000	1.000000	1350067617.448663	0.999998	54.103420	41.053774	2.709829	1.000000	1.000000	1.000000	1.000000	1.000000	1.000000	1.000000	1.000000	1.000000	1.000000	1.000121	0.000326	1.000347	0.000058	1.001847	0.000012	
1350067618.448525	1.000002	715791350.224933	715766390.347324	715765468.152992	0.999988	1.000200	0.999985	1.000202	0.999995	1.000200	0.999988	1.000200	0.999988	1.000203	0.999990	1.000197	0.999988	1.000203	0.999988	1.000200	1350067618.448622	0.999959	715798339.497290	715855809.027126	715794923.619312	0.999988	1.000200	0.999985	1.000202	3.893199	0.256908	0.999988	1.000200	0.999988	1.000202	0.999990	1.000198	0.999988	1.000203	0.999988	1.000201	
