ts_0	elapsed_0	pkg_0	pp0_0	dram_0	freq_ratio_0_0	c0_ratio_0_0	freq_ratio_0_1	c0_ratio_0_1	freq_ratio_0_2	c0_ratio_0_2	freq_ratio_0_3	c0_ratio_0_3	freq_ratio_0_4	c0_ratio_0_4	freq_ratio_0_5	c0_ratio_0_5	freq_ratio_0_6	c0_ratio_0_6	freq_ratio_0_7	c0_ratio_0_7	ts_1	elapsed_1	pkg_1	pp0_1	dram_1	freq_ratio_1_0	c0_ratio_1_0	freq_ratio_1_1	c0_ratio_1_1	freq_ratio_1_2	c0_ratio_1_2	freq_ratio_1_3	c0_ratio_1_3	freq_ratio_1_4	c0_ratio_1_4	freq_ratio_1_5	c0_ratio_1_5	freq_ratio_1_6	c0_ratio_1_6	freq_ratio_1_7	c0_ratio_1_7	
1350070204.346010	1.000152	52.023916	38.819550	6.120453	0.772872	0.997968	0.772871	0.997965	0.772870	0.997965	0.772869	0.997964	0.772868	0.997963	0.772867	0.997962	0.772866	0.997960	0.772865	0.997959	1350070204.346058	1.000159	54.097903	40.971481	3.075103	0.899268	0.995568	0.899266	0.995563	0.899265	0.995561	0.899263	0.995557	0.899261	0.995552	0.899260	0.995550	0.898843	0.004910	0.905792	0.001370	
1350070205.346007	0.999997	50.843709	37.633692	6.109089	0.762488	0.997875	0.762488	0.997873	0.762488	0.997872	0.762488	0.997870	0.762488	0.997871	0.762488	0.997869	0.762488	0.997868	0.762488	0.997867	1350070205.346050	0.999992	50.794388	37.656632	2.734336	0.864304	0.996085	0.864304	0.996082	0.864305	0.996080	0.864305	0.996076	0.864305	0.996075	0.864305	0.996072	0.865894	0.003326	0.866259	0.000905	
1350070206.346014	1.000007	50.848907	37.638030	6.127521	0.763108	0.998079	0.763108	0.998076	0.763108	0.998076	0.763108	0.998074	0.763107	0.998074	0.763107	0.998072	0.763107	0.998070	0.763107	0.998071	1350070206.346064	1.000014	50.794436	37.655781	2.748786	0.864784	0.996186	0.864784	0.996182	0.864783	0.996180	0.864783	0.996175	0.864783	0.996162	0.864783	0.996159	0.864159	0.003405	0.859897	0.000786	
1350070207.346006	0.999992	50.845078	37.629288	6.127613	0.764999	0.997710	0.764999	0.997708	0.764999	0.997707	0.764999	0.997705	0.765000	0.997704	0.765000	0.997704	0.765000	0.997703	0.765000	0.997701	1350070207.346050	0.999986	50.798414	37.658245	2.733895	0.863487	0.996125	0.863487	0.996122	0.863487	0.996119	0.863488	0.996116	0.863488	0.996124	0.863488	0.996122	0.862815	0.005712	0.864154	0.001007	
1350070208.346007	1.000001	50.843702	37.627924	6.121393	0.765035	0.997661	0.765035	0.997660	0.765035	0.997658	0.765035	0.997657	0.765035	0.997655	0.765035	0.997655	0.765035	0.997655	0.765035	0.997653	1350070208.346052	1.000002	50.797358	37.655934	2.788065	0.862553	0.995966	0.862552	0.995963	0.862553	0.995961	0.862552	0.995958	0.862552	0.995954	0.862552	0.995951	0.862553	0.003286	0.863250	0.004967	
1350070209.346006	0.999999	50.846698	37.630392	6.115240	0.764803	0.997304	0.764803	0.997302	0.764803	0.997299	0.764803	0.997298	0.764803	0.997297	0.764803	0.997296	0.764803	0.997294	0.764803	0.997292	1350070209.346056	1.000004	50.795357	37.653549	2.773838	0.863472	0.996024	0.863472	0.996022	0.863472	0.996018	0.863472	0.996015	0.863472	0.996012	0.863472	0.996009	0.863704	0.005094	0.863134	0.001043	
1350070210.346014	1.000008	50.843551	37.630722	6.127514	0.763797	0.998056	0.763797	0.998054	0.763797	0.998053	0.763797	0.998053	0.763797	0.998051	0.763797	0.998049	0.763797	0.998049	0.763797	0.998048	1350070210.346064	1.000008	50.745087	37.615036	2.766747	0.862880	0.996005	0.862880	0.996000	0.862880	0.995997	0.862881	0.995995	0.862881	0.995991	0.862881	0.995991	0.863099	0.006110	0.868456	0.001056	
1350070211.346006	0.999992	50.844101	37.632431	6.127613	0.763530	0.997652	0.763530	0.997651	0.763530	0.997649	0.763530	0.997647	0.763530	0.997646	0.763529	0.997645	0.763529	0.997644	0.763529	0.997643	1350070211.346052	0.999988	50.796748	37.653159	2.749621	0.864069	0.996122	0.864069	0.996119	0.864069	0.996116	0.864069	0.996112	0.864069	0.996110	0.864069	0.996109	0.864256	0.004256	0.865812	0.000912	
1350070212.346007	1.000001	50.845960	37.630961	6.102899	0.764876	0.997890	0.764876	0.997887	0.764876	0.997886	0.764876	0.997885	0.764876	0.997884	0.764877	0.997883	0.764877	0.997881	0.764877	0.997881	1350070212.346052	1.000000	50.798538	37.656006	2.731018	0.863668	0.996051	0.863668	0.996048	0.863668	0.996045	0.863668	0.996043	0.863668	0.996040	0.863668	0.996036	0.864874	0.005008	0.860181	0.000832	
1350070213.346006	0.999999	50.846133	37.627874	6.127569	0.765041	0.997441	0.765041	0.997440	0.765041	0.997438	0.765041	0.997436	0.765041	0.997437	0.765041	0.997434	0.765041	0.997432	0.765041	0.997432	1350070213.346050	0.999998	50.797216	37.652812	2.712377	0.862838	0.995983	0.862838	0.995979	0.862838	0.995976	0.862838	0.995973	0.862838	0.995970	0.862838	0.995967	0.861743	0.005377	0.851372	0.003285	
1350070214.346014	1.000008	50.842026	37.625672	6.114361	0.764896	0.998049	0.764896	0.998048	0.764896	0.998047	0.764896	0.998046	0.764896	0.998045	0.764896	0.998043	0.764896	0.998042	0.764896	0.998041	1350070214.346060	1.000010	50.796656	37.652257	2.773639	0.863712	0.996147	0.863711	0.996142	0.863711	0.996138	0.863710	0.996136	0.863710	0.996134	0.863710	0.996130	0.817941	0.007489	0.808952	0.003898	
1350070215.346007	0.999993	50.842850	37.627335	6.109112	0.764597	0.997732	0.764597	0.997730	0.764597	0.997728	0.764597	0.997728	0.764597	0.997726	0.764597	0.997725	0.764597	0.997724	0.764597	0.997724	1350070215.346050	0.999990	50.795797	37.652065	2.724881	0.863217	0.995933	0.863217	0.995931	0.863217	0.995928	0.863217	0.995911	0.863217	0.995909	0.863217	0.995906	0.862972	0.002683	0.862558	0.003899	
1350070216.346007	1.000000	50.843842	37.626968	6.102905	0.764587	0.997746	0.764587	0.997745	0.764587	0.997743	0.764587	0.997741	0.764587	0.997728	0.764588	0.997727	0.764588	0.997726	0.764588	0.997724	1350070216.346064	1.000014	50.795947	37.651585	2.702477	0.863480	0.996070	0.863480	0.996067	0.863480	0.996064	0.863480	0.996072	0.863480	0.996069	0.863480	0.996066	0.863807	0.004813	0.862179	0.001049	
1350070217.346007	1.000000	50.847870	37.629425	6.096741	0.764603	0.997131	0.764603	0.997128	0.764603	0.997126	0.764603	0.997123	0.764603	0.997134	0.764603	0.997133	0.764603	0.997132	0.764603	0.997130	1350070217.346053	0.999989	50.799156	37.654939	2.731826	0.863985	0.996155	0.863985	0.996152	0.863985	0.996149	0.863984	0.996147	0.863984	0.996145	0.863984	0.996141	0.864514	0.003460	0.860601	0.001259	
1350070218.346007	1.000000	50.844452	37.625031	6.102905	0.765078	0.997490	0.765078	0.997490	0.765078	0.997487	0.765078	0.997486	0.765078	0.997485	0.765078	0.997483	0.765078	0.997482	0.765078	0.997479	1350070218.346052	0.999999	50.797274	37.651251	2.699725	0.862195	0.995893	0.862195	0.995891	0.862195	0.995887	0.862196	0.995885	0.862196	0.995882	0.862196	0.995879	0.862279	0.006275	0.864682	0.001078	
1350070219.346007	1.000000	50.845596	37.627365	6.109070	0.765420	0.997747	0.765420	0.997745	0.765420	0.997743	0.765420	0.997741	0.765420	0.997740	0.765420	0.997739	0.765420	0.997738	0.765420	0.997737	1350070219.346050	0.999998	50.795446	37.647060	2.711370	0.862792	0.996064	0.862793	0.996061	0.862792	0.996058	0.862792	0.996056	0.862791	0.996053	0.862791	0.996050	0.863593	0.005242	0.859554	0.001143	
1350070220.346007	1.000000	50.846756	37.629776	6.121399	0.764720	0.997361	0.764720	0.997359	0.764720	0.997357	0.764720	0.997355	0.764720	0.997355	0.764720	0.997353	0.764720	0.997350	0.764720	0.997347	1350070220.346053	1.000003	50.799312	37.651952	2.710105	0.864474	0.996121	0.864474	0.996118	0.864474	0.996116	0.864474	0.996113	0.864474	0.996109	0.864474	0.996106	0.866223	0.002801	0.861808	0.001261	
1350070221.346007	1.000000	50.794159	37.590179	6.090530	0.764725	0.997122	0.764725	0.997121	0.764725	0.997120	0.764725	0.997118	0.764725	0.997116	0.764725	0.997114	0.764725	0.997113	0.764725	0.997112	1350070221.346052	0.999999	50.743411	37.610098	2.730639	0.862307	0.996067	0.862307	0.996064	0.862307	0.996063	0.862307	0.996060	0.862308	0.996056	0.862308	0.996055	0.862246	0.002270	0.862197	0.005602	
1350070222.346007	1.000000	50.849075	37.629669	6.102905	0.764830	0.997159	0.764830	0.997156	0.764830	0.997155	0.764830	0.997152	0.764830	0.997152	0.764830	0.997149	0.764830	0.997148	0.764830	0.997147	1350070222.346051	0.999999	50.791766	37.645208	2.710925	0.867337	0.996092	0.867337	0.996088	0.867336	0.996084	0.867337	0.996082	0.867336	0.996080	0.867336	0.996077	0.866511	0.006316	0.864593	0.000907	
1350070223.346007	1.000000	50.841690	37.621063	6.102905	0.764456	0.996957	0.764456	0.996953	0.764456	0.996953	0.764456	0.996950	0.764456	0.996949	0.764456	0.996947	0.764456	0.996944	0.764456	0.996943	1350070223.346096	1.000045	50.780060	37.629622	2.706055	0.891073	0.996621	0.891073	0.996619	0.891074	0.996616	0.891074	0.996613	0.891074	0.996610	0.891074	0.996609	0.890414	0.003236	0.843626	0.009141	
1350070224.346007	1.000000	50.849747	37.628647	6.078247	0.764494	0.996877	0.764494	0.996875	0.764494	0.996875	0.764494	0.996873	0.764494	0.996872	0.764494	0.996869	0.764494	0.996867	0.764494	0.996866	1350070224.346052	0.999956	50.788709	37.631573	2.752288	0.889307	0.997230	0.889307	0.997228	0.889306	0.997226	0.889306	0.997223	0.889306	0.997221	0.889306	0.997219	0.892027	0.006119	0.887091	0.000951	
1350070225.346007	1.000000	50.833939	37.609589	6.127563	0.775082	0.996735	0.775082	0.996732	0.775082	0.996729	0.775082	0.996727	0.775082	0.996727	0.775082	0.996725	0.775082	0.996723	0.775082	0.996720	1350070225.346050	0.999998	50.794210	37.635829	2.756933	0.880339	0.996686	0.880339	0.996683	0.880339	0.996680	0.880339	0.996677	0.880339	0.996677	0.880339	0.996673	0.885010	0.003908	0.870978	0.002902	
1350070226.346007	1.000000	50.848755	37.622360	6.121399	0.764794	0.997393	0.764794	0.997392	0.764794	0.997390	0.764794	0.997386	0.764794	0.997384	0.764794	0.997384	0.764794	0.997382	0.764793	0.997381	1350070226.346054	1.000004	50.793846	37.640366	2.706852	0.863345	0.996109	0.863350	0.996107	0.863350	0.996102	0.863350	0.996099	0.863350	0.996098	0.863351	0.996092	0.861496	0.003573	0.863268	0.001097	
1350070227.346007	1.000000	50.846344	37.622360	6.121399	0.764967	0.997502	0.764967	0.997501	0.764967	0.997499	0.764967	0.997498	0.764967	0.997496	0.764968	0.997495	0.764968	0.997492	0.764968	0.997491	1350070227.346051	0.999997	50.797734	37.646448	2.710046	0.862435	0.995936	0.862430	0.995933	0.862429	0.995930	0.862430	0.995927	0.862429	0.995923	0.862430	0.995921	0.864139	0.004742	0.859049	0.001056	
1350070228.346007	1.000000	50.843002	37.617188	6.109070	0.764668	0.997371	0.764669	0.997370	0.764669	0.997368	0.764669	0.997368	0.764669	0.997366	0.764668	0.997364	0.764668	0.997363	0.764668	0.997360	1350070228.346051	1.000000	50.798401	37.648621	2.700897	0.862474	0.996000	0.862474	0.995997	0.862474	0.995994	0.862474	0.995990	0.862474	0.995986	0.862474	0.995983	0.862015	0.004631	0.860718	0.001228	
1350070229.346007	1.000000	50.846451	37.622971	6.115234	0.764246	0.997126	0.764247	0.997124	0.764247	0.997123	0.764247	0.997122	0.764246	0.997121	0.764246	0.997118	0.764246	0.997118	0.764246	0.997115	1350070229.346050	0.999999	50.796634	37.647894	2.731173	0.862376	0.995942	0.862376	0.995939	0.862376	0.995935	0.862376	0.995932	0.862375	0.995928	0.862375	0.995925	0.862269	0.005296	0.861083	0.001411	
1350070230.346007	1.000000	50.845078	37.622437	6.121399	0.764115	0.997086	0.764116	0.997084	0.764116	0.997082	0.764116	0.997079	0.764116	0.997079	0.764116	0.997078	0.764116	0.997077	0.764115	0.997074	1350070230.346053	1.000003	50.800181	37.650686	2.751227	0.861731	0.995871	0.861732	0.995866	0.861731	0.995863	0.861731	0.995859	0.861731	0.995856	0.861731	0.995854	0.865777	0.003498	0.862020	0.005724	
1350070231.346007	1.000000	50.842072	37.622803	6.078247	0.764096	0.997007	0.764096	0.997004	0.764096	0.997002	0.764096	0.997000	0.764095	0.996999	0.764095	0.996997	0.764095	0.996994	0.764095	0.996992	1350070231.346052	0.999999	50.796817	37.647070	2.740359	0.861976	0.995884	0.861975	0.995882	0.861975	0.995878	0.861976	0.995875	0.861976	0.995872	0.861976	0.995858	0.864620	0.002002	0.861059	0.005704	
1350070232.346007	1.000000	50.849243	37.630371	6.109070	0.764216	0.996825	0.764216	0.996823	0.764216	0.996821	0.764216	0.996819	0.764216	0.996817	0.764217	0.996815	0.764217	0.996814	0.764217	0.996812	1350070232.346051	0.999999	50.744235	37.605978	2.741549	0.863283	0.996112	0.863283	0.996109	0.863283	0.996105	0.863283	0.996101	0.863282	0.996099	0.863282	0.996109	0.862301	0.004089	0.864804	0.001118	
1350070233.346007	1.000000	50.843781	37.621841	6.109070	0.764176	0.996913	0.764176	0.996909	0.764176	0.996907	0.764176	0.996904	0.764176	0.996905	0.764175	0.996903	0.764175	0.996901	0.764175	0.996900	1350070233.346052	1.000001	50.796491	37.644846	2.704923	0.862823	0.996035	0.862823	0.996032	0.862823	0.996029	0.862823	0.996027	0.862823	0.996023	0.862823	0.996020	0.862081	0.004382	0.845672	0.003431	
1350070234.346007	1.000000	50.845001	37.622818	6.096741	0.764447	0.996997	0.764447	0.996995	0.764447	0.996995	0.764447	0.996991	0.764447	0.996989	0.764447	0.996988	0.764447	0.996987	0.764448	0.996986	1350070234.346054	1.000002	50.798045	37.647008	2.723368	0.862403	0.995955	0.862403	0.995952	0.862403	0.995948	0.862403	0.995944	0.862403	0.995941	0.862403	0.995938	0.862577	0.004827	0.861979	0.001360	
1350070235.346006	0.999999	50.847125	37.623144	6.121405	0.764235	0.996929	0.764235	0.996929	0.764235	0.996925	0.764235	0.996924	0.764235	0.996922	0.764235	0.996921	0.764235	0.996919	0.764235	0.996918	1350070235.346049	0.999995	50.794352	37.644460	2.698683	0.862930	0.996156	0.862931	0.996153	0.862931	0.996150	0.862931	0.996148	0.862931	0.996145	0.862931	0.996142	0.862226	0.002177	0.860298	0.003767	
1350070236.346007	1.000001	50.844876	37.619288	6.115229	0.764445	0.997311	0.764445	0.997310	0.764445	0.997308	0.764445	0.997308	0.764445	0.997305	0.764445	0.997302	0.764445	0.997302	0.764445	0.997299	1350070236.346051	1.000002	50.798426	37.647526	2.743037	0.861491	0.995892	0.861490	0.995887	0.861490	0.995885	0.861490	0.995881	0.861490	0.995879	0.861491	0.995875	0.861758	0.006335	0.860478	0.001072	
1350070237.346007	1.000000	50.840927	37.616974	6.102905	0.764011	0.997030	0.764011	0.997028	0.764011	0.997026	0.764011	0.997024	0.764011	0.997024	0.764011	0.997021	0.764011	0.997019	0.764011	0.997019	1350070237.346050	0.999999	50.798510	37.649282	2.704028	0.861382	0.995858	0.861382	0.995854	0.861381	0.995851	0.861381	0.995849	0.861381	0.995846	0.861380	0.995843	0.862454	0.002028	0.861092	0.005678	
1350070238.346007	1.000000	50.793060	37.580307	6.109070	0.763867	0.996847	0.763867	0.996845	0.763867	0.996843	0.763867	0.996841	0.763867	0.996837	0.763867	0.996838	0.763867	0.996836	0.763867	0.996833	1350070238.346054	1.000004	50.798317	37.648178	2.738301	0.861497	0.995703	0.861498	0.995701	0.861498	0.995699	0.861498	0.995694	0.861497	0.995690	0.861498	0.995688	0.859671	0.002089	0.864310	0.005617	
1350070239.346007	1.000000	50.818161	37.589661	6.083527	0.808804	0.996541	0.765599	0.113554	0.808805	0.996540	0.808805	0.996538	0.808805	0.996536	0.808805	0.996533	0.808805	0.996530	0.808805	0.996529	1350070239.346078	1.000024	50.825192	37.675683	2.746318	0.810964	0.998233	0.810963	0.998231	0.810963	0.998230	0.810962	0.998229	0.810962	0.998229	0.810962	0.998226	0.804952	0.007857	0.804788	0.889331	
1350070240.346006	0.999999	50.818133	37.592016	6.115240	0.815689	0.996233	0.812345	0.001275	0.815689	0.996231	0.815689	0.996229	0.815689	0.996227	0.815689	0.996225	0.815689	0.996221	0.815689	0.996221	1350070240.346076	0.999998	50.830282	37.680080	2.743261	0.804619	0.998293	0.804619	0.998291	0.804619	0.998290	0.804619	0.998288	0.804619	0.998289	0.804620	0.998287	0.804769	0.003401	0.804619	0.998298	
1350070241.346006	1.000000	50.818359	37.594177	6.102905	0.815830	0.996318	0.814237	0.000405	0.815830	0.996316	0.815830	0.996314	0.815830	0.996311	0.815830	0.996310	0.815830	0.996309	0.815830	0.996305	1350070241.346073	0.999997	50.827977	37.678919	2.715493	0.804339	0.998712	0.804339	0.998711	0.804339	0.998709	0.804339	0.998709	0.804339	0.998707	0.804339	0.998707	0.804925	0.004259	0.804339	0.998708	
1350070242.346007	1.000001	50.819272	37.593714	6.090570	0.816123	0.996365	0.813951	0.000471	0.816123	0.996364	0.816123	0.996363	0.816123	0.996359	0.816123	0.996356	0.816123	0.996353	0.816123	0.996350	1350070242.346079	1.000006	50.825091	37.674855	2.727828	0.804169	0.998354	0.804169	0.998352	0.804169	0.998351	0.804169	0.998350	0.804165	0.998349	0.804169	0.998347	0.802003	0.004072	0.804166	0.998348	
1350070243.346006	0.999999	50.819369	37.593282	6.109076	0.815763	0.996526	0.817572	0.000911	0.815763	0.996526	0.815763	0.996524	0.815763	0.996521	0.815763	0.996518	0.815763	0.996517	0.815763	0.996515	1350070243.346079	1.000000	50.774353	37.637482	2.716339	0.804646	0.998641	0.804646	0.998640	0.804646	0.998640	0.804646	0.998639	0.804650	0.998637	0.804646	0.998636	0.798323	0.006100	0.804649	0.998633	
1350070244.346007	1.000001	50.817273	37.590449	6.090570	0.815348	0.996370	0.819387	0.001765	0.815348	0.996369	0.815348	0.996365	0.815348	0.996362	0.815348	0.996362	0.815348	0.996358	0.815348	0.996356	1350070244.346077	0.999998	50.825018	37.675136	2.731664	0.806366	0.998313	0.806366	0.998311	0.806366	0.998311	0.806366	0.998309	0.806366	0.998308	0.806366	0.998307	0.802933	0.003428	0.806366	0.998310	
1350070245.346006	0.999999	50.819461	37.593969	6.121405	0.815018	0.996355	0.815523	0.001345	0.815019	0.996354	0.815019	0.996352	0.815019	0.996350	0.815020	0.996348	0.815020	0.996345	0.815020	0.996343	1350070245.346077	1.000000	50.812454	37.657303	2.694366	0.826010	0.996125	0.826011	0.996121	0.826011	0.996118	0.826011	0.996117	0.826012	0.996115	0.826012	0.996111	0.826210	0.002870	0.826014	0.996109	
1350070246.346009	1.000003	715771285.424296	715792744.910197	715803140.503541	0.999990	1.000217	0.999988	1.000221	0.999998	1.000217	0.999990	1.000218	0.999990	1.000220	0.999993	1.000215	0.999990	1.000220	0.999990	1.000218	1350070246.346132	1.000055	715784035.078665	715745876.390067	715741937.650021	0.999990	1.000217	0.999988	1.000220	3.893022	0.256925	0.999990	1.000219	0.999990	1.000220	0.999993	1.000216	0.999990	1.000220	0.999990	1.000218	
1350070247.346006	0.999997	0.000000	0.000000	0.000000	-nan	-nan	-nan	-nan	0.000000	inf	-nan	-nan	-nan	0.000000	0.000000	inf	-nan	-nan	-nan	-nan	1350070247.346065	0.999933	0.000000	0.000000	0.000000	-nan	-nan	-nan	-nan	0.000000	inf	-nan	-nan	-nan	-nan	-nan	-nan	-nan	-nan	-nan	-nan	
