ts_0	elapsed_0	pkg_0	pp0_0	dram_0	freq_ratio_0_0	c0_ratio_0_0	freq_ratio_0_1	c0_ratio_0_1	freq_ratio_0_2	c0_ratio_0_2	freq_ratio_0_3	c0_ratio_0_3	freq_ratio_0_4	c0_ratio_0_4	freq_ratio_0_5	c0_ratio_0_5	freq_ratio_0_6	c0_ratio_0_6	freq_ratio_0_7	c0_ratio_0_7	ts_1	elapsed_1	pkg_1	pp0_1	dram_1	freq_ratio_1_0	c0_ratio_1_0	freq_ratio_1_1	c0_ratio_1_1	freq_ratio_1_2	c0_ratio_1_2	freq_ratio_1_3	c0_ratio_1_3	freq_ratio_1_4	c0_ratio_1_4	freq_ratio_1_5	c0_ratio_1_5	freq_ratio_1_6	c0_ratio_1_6	freq_ratio_1_7	c0_ratio_1_7	
1350070204.346316	1.000149	52.094532	39.047511	3.784547	0.774605	0.997507	0.774604	0.997506	0.774602	0.997505	0.774601	0.997503	0.774600	0.997501	0.774599	0.997498	0.774598	0.997497	0.774597	0.997496	1350070204.346369	1.000159	54.953511	41.742950	1.879233	0.934925	0.997114	0.934923	0.997109	0.934922	0.997108	0.934921	0.997105	0.934919	0.997103	0.934918	0.997099	0.933988	0.004796	0.927787	0.000440	
1350070205.346313	0.999997	50.839849	37.788356	3.773968	0.762543	0.998060	0.762544	0.998059	0.762544	0.998058	0.762544	0.998056	0.762544	0.998056	0.762544	0.998055	0.762545	0.998053	0.762544	0.998052	1350070205.346361	0.999992	50.786377	37.567703	1.625822	0.887028	0.997632	0.887027	0.997630	0.887026	0.997629	0.887026	0.997627	0.887026	0.997625	0.887026	0.997622	0.885835	0.002630	0.885312	0.000330	
1350070206.346314	1.000001	50.845060	37.786829	3.793438	0.764750	0.998182	0.764749	0.998173	0.764749	0.998174	0.764749	0.998171	0.764749	0.998171	0.764749	0.998171	0.764749	0.998169	0.764749	0.998168	1350070206.346369	1.000008	50.785614	37.562241	1.584872	0.886928	0.997738	0.886928	0.997736	0.886928	0.997735	0.886928	0.997732	0.886927	0.997731	0.886928	0.997729	0.886888	0.002509	0.884675	0.000368	
1350070207.346313	0.999999	50.850283	37.789602	3.796818	0.765337	0.997950	0.765337	0.997948	0.765337	0.997947	0.765337	0.997946	0.765337	0.997946	0.765338	0.997944	0.765337	0.997943	0.765337	0.997941	1350070207.346361	0.999992	50.786392	37.562454	1.615446	0.886735	0.997777	0.886736	0.997774	0.886735	0.997773	0.886735	0.997771	0.886735	0.997770	0.886736	0.997768	0.888207	0.002725	0.890157	0.000402	
1350070208.346313	1.000000	50.844040	37.783722	3.796967	0.765533	0.998150	0.765533	0.998149	0.765533	0.998147	0.765533	0.998146	0.765533	0.998144	0.765533	0.998143	0.765533	0.998143	0.765533	0.998141	1350070208.346361	1.000000	50.786407	37.562668	1.582489	0.886859	0.997830	0.886858	0.997828	0.886859	0.997826	0.886858	0.997825	0.886858	0.997823	0.886858	0.997820	0.887723	0.002532	0.888967	0.000258	
1350070209.346312	0.999999	50.841967	37.780782	3.792927	0.765122	0.997796	0.765122	0.997783	0.765123	0.997782	0.765123	0.997779	0.765123	0.997779	0.765124	0.997776	0.765124	0.997777	0.765124	0.997774	1350070209.346377	1.000016	50.783735	37.560679	1.606374	0.886615	0.997865	0.886615	0.997863	0.886615	0.997862	0.886614	0.997861	0.886615	0.997859	0.886615	0.997858	0.885350	0.002538	0.885289	0.000358	
1350070210.346312	1.000000	50.847137	37.787415	3.793106	0.764504	0.997947	0.764504	0.997957	0.764503	0.997957	0.764503	0.997956	0.764503	0.997955	0.764503	0.997954	0.764503	0.997954	0.764502	0.997954	1350070210.346359	0.999982	50.784508	37.559952	1.591123	0.886756	0.997880	0.886756	0.997879	0.886756	0.997877	0.886756	0.997876	0.886756	0.997876	0.886756	0.997872	0.888222	0.002602	0.884222	0.000286	
1350070211.346313	1.000001	50.843412	37.782923	3.789227	0.763829	0.997219	0.763829	0.997218	0.763829	0.997217	0.763829	0.997215	0.763829	0.997214	0.763829	0.997212	0.763829	0.997209	0.763829	0.997208	1350070211.346363	1.000004	50.734581	37.523179	1.628045	0.886488	0.997943	0.886488	0.997941	0.886488	0.997940	0.886487	0.997938	0.886488	0.997937	0.886488	0.997934	0.885363	0.002684	0.887283	0.000507	
1350070212.346312	0.999999	50.833575	37.774069	3.800525	0.780304	0.997294	0.763503	0.654986	0.780305	0.997291	0.780305	0.997289	0.780305	0.997289	0.780305	0.997286	0.780305	0.997287	0.780305	0.997287	1350070212.346380	1.000017	50.805475	37.581426	1.587177	0.864058	0.997196	0.864057	0.997194	0.864057	0.997192	0.864057	0.997191	0.864055	0.997188	0.864056	0.997184	0.821605	0.345719	0.832168	0.001193	
1350070213.346312	1.000000	50.817307	37.757996	3.781845	0.812447	0.996439	0.814344	0.000387	0.812447	0.996439	0.812447	0.996437	0.812447	0.996433	0.812447	0.996431	0.812447	0.996429	0.812447	0.996426	1350070213.346383	1.000003	50.812388	37.589010	1.595362	0.820434	0.995725	0.820435	0.995723	0.820435	0.995719	0.820435	0.995716	0.820435	0.995713	0.820436	0.995713	0.820436	0.995709	0.821229	0.002950	
1350070214.346313	1.000001	50.818860	37.760401	3.784741	0.812676	0.996414	0.808670	0.003807	0.812676	0.996412	0.812676	0.996410	0.812676	0.996408	0.812676	0.996406	0.812676	0.996404	0.812675	0.996402	1350070214.346384	1.000001	50.817533	37.592188	1.607893	0.820232	0.995727	0.820231	0.995724	0.820231	0.995720	0.820231	0.995719	0.820231	0.995717	0.820230	0.995713	0.820230	0.995710	0.813742	0.007424	
1350070215.346312	0.999999	50.767962	37.721563	3.785969	0.812578	0.996322	0.814553	0.000480	0.812579	0.996321	0.812579	0.996318	0.812579	0.996316	0.812579	0.996313	0.812580	0.996311	0.812580	0.996309	1350070215.346387	1.000003	50.815104	37.591482	1.615443	0.820650	0.995794	0.820650	0.995791	0.820650	0.995788	0.820650	0.995784	0.820650	0.995782	0.820650	0.995778	0.820649	0.995776	0.819875	0.002990	
1350070216.346312	1.000000	50.820221	37.760056	3.797043	0.812323	0.996375	0.809865	0.000958	0.812321	0.996375	0.812321	0.996373	0.812321	0.996371	0.812321	0.996369	0.812321	0.996367	0.812320	0.996364	1350070216.346381	0.999994	50.816694	37.593059	1.594690	0.820445	0.995830	0.820444	0.995827	0.820444	0.995825	0.820444	0.995822	0.820444	0.995819	0.820444	0.995816	0.820445	0.995814	0.822122	0.002994	
1350070217.346312	1.000000	50.822372	37.762131	3.789612	0.812409	0.996412	0.809392	0.000475	0.812409	0.996413	0.812409	0.996409	0.812409	0.996407	0.812409	0.996406	0.812409	0.996403	0.812409	0.996400	1350070217.346382	1.000001	50.813962	37.590098	1.584837	0.820166	0.995658	0.820166	0.995654	0.820167	0.995651	0.820167	0.995648	0.820167	0.995643	0.820168	0.995642	0.820167	0.995638	0.821560	0.002934	
1350070218.346312	1.000000	50.819183	37.761414	3.796997	0.812346	0.996386	0.813149	0.000557	0.812346	0.996387	0.812346	0.996383	0.812346	0.996381	0.812346	0.996379	0.812346	0.996377	0.812346	0.996375	1350070218.346381	0.999999	50.819781	37.595281	1.584962	0.820609	0.995823	0.820608	0.995819	0.820608	0.995816	0.820608	0.995814	0.820607	0.995808	0.820607	0.995807	0.820607	0.995804	0.822776	0.003087	
1350070219.346312	1.000000	50.814896	37.755554	3.793320	0.812642	0.996267	0.815596	0.000565	0.812643	0.996267	0.812644	0.996263	0.812644	0.996262	0.812644	0.996259	0.812644	0.996255	0.812644	0.996254	1350070219.346379	0.999998	50.815771	37.591106	1.594302	0.820305	0.995744	0.820305	0.995741	0.820305	0.995738	0.820305	0.995736	0.820305	0.995734	0.820305	0.995731	0.820305	0.995727	0.823250	0.003058	
1350070220.346312	1.000000	50.822250	37.759155	3.785675	0.812722	0.996383	0.813178	0.000519	0.812721	0.996382	0.812721	0.996381	0.812720	0.996378	0.812720	0.996376	0.812720	0.996375	0.812720	0.996373	1350070220.346381	1.000002	50.816477	37.592534	1.586774	0.820281	0.995793	0.820281	0.995789	0.820281	0.995785	0.820282	0.995784	0.820281	0.995781	0.820281	0.995779	0.820281	0.995776	0.819711	0.003048	
1350070221.346312	1.000000	50.815903	37.755081	3.789749	0.812474	0.996442	0.810151	0.000913	0.812475	0.996428	0.812475	0.996426	0.812475	0.996425	0.812475	0.996423	0.812475	0.996420	0.812475	0.996418	1350070221.346389	1.000008	50.814728	37.591233	1.591540	0.820559	0.995716	0.820560	0.995715	0.820560	0.995712	0.820560	0.995707	0.820560	0.995706	0.820560	0.995704	0.820560	0.995701	0.819369	0.002998	
1350070222.346312	1.000000	50.820847	37.757751	3.801208	0.812061	0.996375	0.807978	0.002811	0.812061	0.996386	0.812060	0.996383	0.812060	0.996381	0.812060	0.996377	0.812060	0.996376	0.812060	0.996372	1350070222.346382	0.999993	50.816208	37.591172	1.587917	0.820725	0.995786	0.820724	0.995784	0.820725	0.995779	0.820725	0.995777	0.820725	0.995772	0.820725	0.995770	0.820725	0.995768	0.820634	0.003051	
1350070223.346312	1.000000	50.819580	37.756622	3.800995	0.812532	0.996350	0.813490	0.000378	0.812532	0.996348	0.812532	0.996346	0.812532	0.996344	0.812532	0.996342	0.812532	0.996340	0.812531	0.996336	1350070223.346422	1.000040	50.799677	37.575033	1.603863	0.845144	0.998828	0.845144	0.998827	0.845144	0.998826	0.845145	0.998825	0.845145	0.998824	0.845145	0.998824	0.845145	0.998822	0.845528	0.002721	
1350070224.346313	1.000001	50.814313	37.748606	3.793713	0.825920	0.997336	0.818039	0.000406	0.825922	0.997336	0.825921	0.997334	0.825922	0.997331	0.825922	0.997330	0.825922	0.997330	0.825922	0.997327	1350070224.346380	0.999958	50.804180	37.575383	1.586462	0.848551	0.997849	0.848551	0.997847	0.848551	0.997845	0.848551	0.997845	0.848551	0.997843	0.848551	0.997842	0.848551	0.997840	0.848722	0.002494	
1350070225.346312	0.999999	50.812823	37.744161	3.800983	0.831608	0.997382	0.830487	0.000395	0.831607	0.997380	0.831607	0.997380	0.831606	0.997378	0.831606	0.997375	0.831606	0.997374	0.831606	0.997374	1350070225.346380	1.000000	50.759979	37.545258	1.586578	0.840018	0.996715	0.840017	0.996713	0.840017	0.996712	0.840017	0.996709	0.840016	0.996706	0.840016	0.996705	0.840017	0.996701	0.838432	0.002597	
1350070226.346312	1.000000	50.767929	37.713486	3.797348	0.812487	0.996642	0.820279	0.000954	0.812487	0.996644	0.812487	0.996641	0.812487	0.996638	0.812487	0.996637	0.812487	0.996634	0.812487	0.996632	1350070226.346381	1.000001	50.814298	37.587717	1.591338	0.821415	0.995885	0.821415	0.995881	0.821414	0.995877	0.821414	0.995874	0.821415	0.995873	0.821415	0.995869	0.821414	0.995866	0.820444	0.003050	
1350070227.346312	1.000000	50.819443	37.748245	3.801193	0.812703	0.996533	0.814311	0.000432	0.812704	0.996532	0.812703	0.996530	0.812704	0.996527	0.812703	0.996524	0.812703	0.996524	0.812703	0.996521	1350070227.346384	1.000003	50.813655	37.588415	1.586665	0.821488	0.995846	0.821489	0.995845	0.821488	0.995841	0.821489	0.995838	0.821489	0.995837	0.821489	0.995834	0.821490	0.995831	0.822896	0.002970	
1350070228.346312	1.000000	50.819794	37.753983	3.797302	0.812456	0.996370	0.812054	0.000464	0.812456	0.996371	0.812456	0.996368	0.812456	0.996366	0.812456	0.996364	0.812455	0.996362	0.812456	0.996359	1350070228.346381	0.999997	50.816274	37.591364	1.586629	0.821404	0.995923	0.821404	0.995921	0.821405	0.995918	0.821405	0.995916	0.821404	0.995914	0.821405	0.995910	0.821404	0.995906	0.822157	0.002950	
1350070229.346312	1.000000	50.820862	37.746979	3.797119	0.813067	0.996441	0.813848	0.000423	0.813067	0.996441	0.813067	0.996438	0.813067	0.996437	0.813067	0.996434	0.813067	0.996433	0.813067	0.996431	1350070229.346383	1.000002	50.817179	37.592061	1.586896	0.821080	0.995825	0.821079	0.995823	0.821078	0.995820	0.821078	0.995817	0.821078	0.995815	0.821078	0.995810	0.821077	0.995810	0.822517	0.003061	
1350070230.346312	1.000000	50.818558	37.749908	3.808640	0.812675	0.996450	0.807643	0.002206	0.812675	0.996450	0.812675	0.996447	0.812675	0.996446	0.812675	0.996442	0.812675	0.996440	0.812675	0.996438	1350070230.346381	0.999998	50.816076	37.590450	1.589770	0.821275	0.995859	0.821275	0.995862	0.821275	0.995859	0.821275	0.995856	0.821275	0.995854	0.821275	0.995851	0.821275	0.995848	0.821729	0.002990	
1350070231.346316	1.000004	50.818138	37.750549	3.793487	0.812632	0.996326	0.813449	0.000886	0.812633	0.996325	0.812633	0.996323	0.812633	0.996321	0.812634	0.996318	0.812634	0.996316	0.812634	0.996314	1350070231.346383	1.000002	50.813181	37.588261	1.585111	0.821200	0.995926	0.821200	0.995917	0.821200	0.995914	0.821201	0.995910	0.821201	0.995908	0.821201	0.995906	0.821201	0.995904	0.823275	0.002975	
1350070232.346312	0.999996	50.820030	37.754944	3.789765	0.812058	0.996319	0.792079	0.002863	0.812057	0.996317	0.812057	0.996316	0.812056	0.996313	0.812057	0.996311	0.812056	0.996307	0.812056	0.996306	1350070232.346382	0.999999	50.818347	37.592977	1.593156	0.821103	0.995707	0.821103	0.995702	0.821103	0.995701	0.821103	0.995697	0.821093	0.995694	0.821102	0.995692	0.821102	0.995689	0.819084	0.003017	
1350070233.346312	1.000000	50.819351	37.750687	3.785767	0.812671	0.996416	0.810248	0.000413	0.812671	0.996415	0.812671	0.996413	0.812671	0.996411	0.812671	0.996409	0.812671	0.996408	0.812671	0.996405	1350070233.346383	1.000001	50.816068	37.589472	1.586455	0.821306	0.995884	0.821306	0.995880	0.821305	0.995877	0.821305	0.995874	0.821315	0.995872	0.821305	0.995871	0.821305	0.995867	0.821321	0.002987	
1350070234.346312	1.000000	50.819672	37.755234	3.793579	0.812670	0.996504	0.810559	0.000488	0.812670	0.996502	0.812670	0.996499	0.812670	0.996497	0.812670	0.996495	0.812670	0.996492	0.812670	0.996491	1350070234.346378	0.999995	50.815455	37.590673	1.588524	0.820912	0.995855	0.820912	0.995853	0.820912	0.995847	0.820913	0.995845	0.820912	0.995843	0.820912	0.995840	0.820912	0.995838	0.820088	0.003013	
1350070235.346312	1.000000	50.818588	37.752716	3.785751	0.812173	0.996368	0.813298	0.000440	0.812173	0.996364	0.812173	0.996362	0.812173	0.996360	0.812173	0.996356	0.812173	0.996355	0.812173	0.996351	1350070235.346381	1.000003	50.763682	37.549749	1.581767	0.821054	0.995840	0.821054	0.995837	0.821054	0.995835	0.821054	0.995832	0.821054	0.995829	0.821054	0.995824	0.821054	0.995823	0.820575	0.002898	
1350070236.346312	1.000000	50.819885	37.751587	3.785477	0.812696	0.996621	0.811359	0.000943	0.812696	0.996621	0.812696	0.996620	0.812696	0.996618	0.812696	0.996615	0.812696	0.996612	0.812696	0.996611	1350070236.346379	0.999998	50.813558	37.586757	1.581683	0.821604	0.995932	0.821605	0.995931	0.821604	0.995927	0.821604	0.995922	0.821604	0.995921	0.821605	0.995917	0.821604	0.995916	0.819759	0.002986	
1350070237.346312	1.000000	50.770035	37.717575	3.789490	0.812186	0.996395	0.815747	0.000424	0.812186	0.996395	0.812186	0.996391	0.812186	0.996389	0.812186	0.996387	0.812186	0.996385	0.812186	0.996382	1350070237.346382	1.000003	50.817134	37.590597	1.583583	0.821302	0.995803	0.821302	0.995800	0.821302	0.995797	0.821303	0.995793	0.821303	0.995791	0.821303	0.995787	0.821304	0.995785	0.824430	0.002936	
1350070238.346312	1.000000	50.819016	37.751617	3.789825	0.811981	0.996464	0.812227	0.000476	0.811981	0.996462	0.811981	0.996459	0.811981	0.996458	0.811981	0.996456	0.811981	0.996453	0.811981	0.996451	1350070238.346380	0.999998	50.815786	37.586253	1.583545	0.821234	0.995811	0.821234	0.995809	0.821234	0.995806	0.821234	0.995804	0.821234	0.995802	0.821234	0.995799	0.821233	0.995795	0.819286	0.003003	
1350070239.346313	1.000001	50.820554	37.752466	3.789379	0.811714	0.996530	0.789907	0.005338	0.811714	0.996529	0.811714	0.996527	0.811714	0.996525	0.811714	0.996522	0.811714	0.996521	0.811714	0.996519	1350070239.346388	1.000008	50.813629	37.586380	1.600481	0.820844	0.995860	0.820843	0.995856	0.820843	0.995854	0.820843	0.995850	0.820843	0.995848	0.820843	0.995844	0.820844	0.995842	0.794754	0.008954	
1350070240.346312	0.999999	50.819827	37.749975	3.789753	0.812453	0.996256	0.807614	0.000534	0.812453	0.996254	0.812453	0.996251	0.812453	0.996249	0.812453	0.996246	0.812453	0.996244	0.812453	0.996242	1350070240.346379	0.999991	50.818713	37.590871	1.585067	0.821250	0.995833	0.821250	0.995831	0.821250	0.995827	0.821251	0.995825	0.821250	0.995821	0.821250	0.995818	0.821250	0.995815	0.819715	0.002922	
1350070241.346312	1.000000	50.817474	37.747360	3.801376	0.812766	0.996448	0.812219	0.000914	0.812767	0.996448	0.812767	0.996444	0.812767	0.996442	0.812767	0.996441	0.812768	0.996438	0.812768	0.996436	1350070241.346379	1.000000	50.814011	37.587982	1.600739	0.820931	0.995826	0.820932	0.995823	0.820932	0.995820	0.820932	0.995817	0.820933	0.995813	0.820932	0.995811	0.820933	0.995808	0.821677	0.002955	
1350070242.346312	1.000000	50.820862	37.749878	3.797363	0.812422	0.996357	0.797846	0.002842	0.812421	0.996356	0.812421	0.996354	0.812420	0.996352	0.812420	0.996349	0.812420	0.996345	0.812420	0.996342	1350070242.346380	1.000001	50.816236	37.590647	1.585020	0.821188	0.995928	0.821187	0.995926	0.821187	0.995923	0.821187	0.995921	0.821187	0.995920	0.821188	0.995917	0.821187	0.995913	0.818117	0.003034	
1350070243.346312	1.000000	50.819046	37.747711	3.793518	0.812968	0.996478	0.812113	0.000386	0.812968	0.996477	0.812968	0.996473	0.812968	0.996470	0.812968	0.996467	0.812968	0.996466	0.812968	0.996463	1350070243.346383	1.000003	50.812938	37.585134	1.581736	0.820924	0.995853	0.820924	0.995851	0.820925	0.995846	0.820925	0.995844	0.820925	0.995841	0.820924	0.995839	0.820924	0.995835	0.820746	0.003014	
1350070244.346312	1.000000	50.818054	37.744949	3.808578	0.812485	0.996295	0.813139	0.000465	0.812485	0.996295	0.812485	0.996292	0.812485	0.996291	0.812485	0.996288	0.812485	0.996286	0.812485	0.996284	1350070244.346382	0.999999	50.818087	37.588064	1.581865	0.821140	0.995799	0.821139	0.995795	0.821139	0.995792	0.821139	0.995790	0.821139	0.995787	0.821139	0.995784	0.821139	0.995781	0.821120	0.002961	
1350070245.346312	1.000000	50.813660	37.736130	3.796982	0.821695	0.997242	0.818039	0.000405	0.821696	0.997241	0.821696	0.997238	0.821697	0.997238	0.821697	0.997235	0.821697	0.997233	0.821697	0.997232	1350070245.346383	1.000001	50.804792	37.577158	1.581648	0.834772	0.996615	0.834772	0.996613	0.834772	0.996611	0.834772	0.996609	0.834772	0.996607	0.834772	0.996605	0.834772	0.996601	0.831411	0.002854	
1350070246.346314	1.000002	715802757.067526	715779593.540082	715783606.217380	0.999982	1.000163	0.999979	1.000167	0.999990	1.000164	0.999981	1.000161	0.999982	1.000166	0.999984	1.000158	0.999981	1.000163	0.999982	1.000164	1350070246.347672	1.001289	714875378.487143	714898353.465617	714867473.241770	0.999982	1.000165	0.999979	1.000163	3.893582	0.256872	0.999981	1.000161	0.999982	1.000166	0.999984	1.000160	0.999981	1.000163	0.999982	1.000166	
1350070247.346369	1.000055	0.000000	0.000000	0.000000	-nan	-nan	-nan	-nan	728010750165.342896	inf	-nan	-nan	-nan	0.000000	0.000000	inf	-nan	-nan	-nan	-nan	1350070247.346445	0.998773	0.000000	0.000000	0.000000	-nan	-nan	-nan	-nan	1.345745	inf	-nan	-nan	-nan	-nan	-nan	-nan	-nan	-nan	-nan	-nan	
