ts_0	elapsed_0	pkg_0	pp0_0	dram_0	freq_ratio_0_0	c0_ratio_0_0	freq_ratio_0_1	c0_ratio_0_1	freq_ratio_0_2	c0_ratio_0_2	freq_ratio_0_3	c0_ratio_0_3	freq_ratio_0_4	c0_ratio_0_4	freq_ratio_0_5	c0_ratio_0_5	freq_ratio_0_6	c0_ratio_0_6	freq_ratio_0_7	c0_ratio_0_7	ts_1	elapsed_1	pkg_1	pp0_1	dram_1	freq_ratio_1_0	c0_ratio_1_0	freq_ratio_1_1	c0_ratio_1_1	freq_ratio_1_2	c0_ratio_1_2	freq_ratio_1_3	c0_ratio_1_3	freq_ratio_1_4	c0_ratio_1_4	freq_ratio_1_5	c0_ratio_1_5	freq_ratio_1_6	c0_ratio_1_6	freq_ratio_1_7	c0_ratio_1_7	
1350070204.346450	1.000181	52.111465	38.989054	4.960879	0.776455	0.997910	0.776454	0.997909	0.776453	0.997908	0.776452	0.997907	0.776451	0.997905	0.776450	0.997904	0.776449	0.997904	0.776448	0.997902	1350070204.346500	1.000182	54.454068	41.367841	2.799479	0.929928	0.996670	0.929926	0.996668	0.929924	0.996666	0.929921	0.996662	0.929919	0.996660	0.929918	0.996656	0.949398	0.004081	0.962765	0.000819	
1350070205.346439	0.999989	50.898202	37.753527	4.968072	0.764202	0.998147	0.764202	0.998147	0.764202	0.998146	0.764202	0.998144	0.764202	0.998143	0.764202	0.998141	0.764202	0.998139	0.764202	0.998138	1350070205.346486	0.999986	50.784894	37.696438	2.694069	0.887461	0.997530	0.887461	0.997527	0.887461	0.997524	0.887461	0.997524	0.887461	0.997523	0.887461	0.997520	0.885969	0.002419	0.885394	0.000519	
1350070206.346433	0.999994	50.793378	37.671245	4.962462	0.763853	0.997824	0.763853	0.997824	0.763853	0.997823	0.763853	0.997821	0.763853	0.997819	0.763853	0.997819	0.763853	0.997818	0.763853	0.997817	1350070206.346481	0.999995	50.784266	37.694540	2.704390	0.886716	0.997790	0.886717	0.997789	0.886717	0.997787	0.886717	0.997785	0.886716	0.997784	0.886706	0.997783	0.885339	0.002440	0.890025	0.000748	
1350070207.346439	1.000006	50.843920	37.706425	4.962541	0.763828	0.998134	0.763828	0.998132	0.763828	0.998130	0.763828	0.998130	0.763828	0.998128	0.763828	0.998127	0.763828	0.998126	0.763828	0.998125	1350070207.346486	1.000005	50.782857	37.691034	2.707369	0.886570	0.998010	0.886570	0.998008	0.886570	0.998006	0.886570	0.998006	0.886570	0.998003	0.886581	0.998001	0.886079	0.002238	0.885735	0.000485	
1350070208.346434	0.999995	50.843852	37.705130	4.957331	0.763307	0.997571	0.763307	0.997570	0.763307	0.997569	0.763307	0.997567	0.763307	0.997566	0.763307	0.997563	0.763306	0.997562	0.763306	0.997560	1350070208.346484	0.999998	50.786108	37.691066	2.718343	0.886616	0.998078	0.886616	0.998077	0.886616	0.998076	0.886615	0.998073	0.886616	0.998073	0.886616	0.998071	0.885825	0.002545	0.884462	0.000598	
1350070209.346438	1.000004	50.845879	37.705139	4.957332	0.763601	0.997864	0.763601	0.997863	0.763601	0.997861	0.763601	0.997859	0.763601	0.997858	0.763601	0.997857	0.763601	0.997856	0.763601	0.997854	1350070209.346493	1.000009	50.784803	37.692026	2.704886	0.886448	0.998193	0.886448	0.998190	0.886449	0.998188	0.886449	0.998187	0.886448	0.998185	0.886448	0.998184	0.885762	0.002288	0.889534	0.000522	
1350070210.346433	0.999995	50.843593	37.700994	4.957560	0.763556	0.997872	0.763556	0.997872	0.763556	0.997871	0.763556	0.997870	0.763557	0.997869	0.763557	0.997867	0.763557	0.997866	0.763557	0.997864	1350070210.346486	0.999993	50.786240	37.690019	2.718204	0.886384	0.998262	0.886385	0.998260	0.886385	0.998260	0.886385	0.998258	0.886385	0.998256	0.886384	0.998256	0.885244	0.002461	0.884686	0.000780	
1350070211.346432	0.999999	50.825839	37.681600	4.962361	0.781556	0.997298	0.781557	0.997296	0.781557	0.997294	0.781557	0.997294	0.781557	0.997292	0.781558	0.997291	0.781558	0.997289	0.763336	0.655206	1350070211.346500	1.000014	50.802478	37.702412	2.696190	0.863726	0.997405	0.863725	0.997403	0.863725	0.997402	0.863725	0.997399	0.863723	0.997398	0.863723	0.997397	0.863463	0.002571	0.820603	0.342900	
1350070212.346433	1.000001	50.821271	37.675181	4.942973	0.816862	0.996271	0.816862	0.996269	0.816862	0.996266	0.816862	0.996263	0.816862	0.996259	0.816861	0.996258	0.816861	0.996257	0.814792	0.000780	1350070212.346504	1.000004	50.765068	37.680038	2.708745	0.820402	0.995796	0.820402	0.995794	0.820402	0.995790	0.820402	0.995787	0.820403	0.995785	0.820402	0.995781	0.820853	0.003110	0.820402	0.995779	
1350070213.346432	0.999999	50.817294	37.670736	4.963063	0.816835	0.996307	0.816835	0.996304	0.816835	0.996301	0.816835	0.996299	0.816835	0.996297	0.816835	0.996295	0.816835	0.996292	0.817456	0.000654	1350070213.346503	0.999999	50.814059	37.713064	2.701831	0.820628	0.995830	0.820628	0.995827	0.820629	0.995825	0.820629	0.995822	0.820629	0.995819	0.820629	0.995817	0.821910	0.003013	0.820631	0.995817	
1350070214.346446	1.000014	50.815020	37.666508	4.946769	0.816595	0.996396	0.816595	0.996394	0.816596	0.996390	0.816596	0.996389	0.816596	0.996385	0.816595	0.996384	0.816595	0.996382	0.819065	0.005049	1350070214.346518	1.000015	50.817382	37.716810	2.719258	0.820646	0.995938	0.820645	0.995937	0.820636	0.995934	0.820645	0.995931	0.820644	0.995927	0.820644	0.995925	0.814406	0.007116	0.820642	0.995926	
1350070215.346432	0.999986	50.822172	37.679271	4.952920	0.816988	0.996255	0.816988	0.996253	0.816988	0.996249	0.816988	0.996247	0.816988	0.996243	0.816988	0.996241	0.816988	0.996240	0.819862	0.001082	1350070215.346500	0.999982	50.813378	37.715671	2.702258	0.820369	0.995797	0.820369	0.995793	0.820379	0.995791	0.820370	0.995787	0.820371	0.995785	0.820370	0.995781	0.818368	0.002568	0.820372	0.995782	
1350070216.346432	1.000000	50.817993	37.673538	4.948029	0.816696	0.996302	0.816696	0.996298	0.816696	0.996295	0.816696	0.996291	0.816696	0.996289	0.816696	0.996285	0.816696	0.996283	0.813860	0.001385	1350070216.346510	1.000010	50.820490	37.721165	2.706699	0.820654	0.995767	0.820654	0.995763	0.820653	0.995760	0.820653	0.995756	0.820652	0.995753	0.820652	0.995750	0.816906	0.002700	0.820651	0.995750	
1350070217.346432	1.000000	50.816910	37.674530	4.962585	0.816761	0.996292	0.816761	0.996288	0.816761	0.996285	0.816761	0.996282	0.816761	0.996281	0.816761	0.996280	0.816762	0.996279	0.814523	0.001377	1350070217.346495	0.999985	50.815140	37.713015	2.699381	0.820358	0.995753	0.820358	0.995752	0.820358	0.995750	0.820358	0.995746	0.820358	0.995743	0.820358	0.995741	0.817832	0.002814	0.820358	0.995740	
1350070218.346432	1.000000	50.767654	37.639557	4.947906	0.816728	0.996245	0.816728	0.996242	0.816728	0.996239	0.816728	0.996238	0.816728	0.996236	0.816728	0.996233	0.816727	0.996232	0.817542	0.001147	1350070218.346501	1.000006	50.812319	37.711399	2.691253	0.820578	0.995840	0.820578	0.995838	0.820578	0.995834	0.820579	0.995832	0.820578	0.995829	0.820579	0.995826	0.821774	0.002698	0.820580	0.995825	
1350070219.346432	1.000000	50.819855	37.681396	4.937836	0.817181	0.996253	0.817181	0.996251	0.817181	0.996247	0.817181	0.996244	0.817181	0.996243	0.817181	0.996241	0.817181	0.996240	0.815135	0.001447	1350070219.346498	0.999997	50.819493	37.718714	2.702294	0.820546	0.995721	0.820546	0.995718	0.820546	0.995714	0.820545	0.995712	0.820545	0.995711	0.820545	0.995709	0.818857	0.002500	0.820543	0.995706	
1350070220.346433	1.000001	50.819699	37.683695	4.947749	0.817041	0.996142	0.817041	0.996140	0.817041	0.996137	0.817041	0.996134	0.817041	0.996131	0.817041	0.996130	0.817041	0.996127	0.820562	0.001091	1350070220.346503	1.000005	50.815160	37.711847	2.704912	0.820850	0.995849	0.820850	0.995847	0.820850	0.995845	0.820850	0.995841	0.820850	0.995838	0.820850	0.995835	0.821340	0.002574	0.820850	0.995835	
1350070221.346432	0.999999	50.814013	37.678610	4.937520	0.816894	0.996144	0.816894	0.996142	0.816895	0.996138	0.816895	0.996137	0.816895	0.996134	0.816895	0.996131	0.816895	0.996129	0.805963	0.003409	1350070221.346499	0.999996	50.812508	37.709809	2.710216	0.820718	0.995725	0.820717	0.995722	0.820718	0.995719	0.820718	0.995715	0.820718	0.995713	0.820719	0.995711	0.819565	0.002505	0.820720	0.995711	
1350070222.346433	1.000001	50.822263	37.687556	4.937800	0.817288	0.996194	0.817288	0.996192	0.817288	0.996190	0.817288	0.996187	0.817288	0.996184	0.817288	0.996182	0.817287	0.996178	0.816753	0.001076	1350070222.346503	1.000004	50.816795	37.712845	2.691380	0.820921	0.995857	0.820922	0.995853	0.820921	0.995851	0.820921	0.995847	0.820921	0.995845	0.820920	0.995842	0.821202	0.002551	0.820919	0.995840	
1350070223.346432	0.999999	50.815142	37.687750	4.952733	0.817588	0.996117	0.817588	0.996115	0.817588	0.996110	0.817588	0.996107	0.817588	0.996106	0.817587	0.996104	0.817588	0.996101	0.820394	0.001057	1350070223.346519	1.000016	50.806211	37.696618	2.712725	0.841913	0.998989	0.841913	0.998988	0.841914	0.998989	0.841914	0.998988	0.841914	0.998986	0.841914	0.998986	0.841564	0.002237	0.841916	0.998986	
1350070224.346433	1.000001	50.805570	37.681925	4.957805	0.835182	0.997598	0.835182	0.997595	0.835183	0.997594	0.835183	0.997592	0.835183	0.997590	0.835183	0.997590	0.835183	0.997588	0.827942	0.001304	1350070224.346507	0.999988	50.753626	37.653098	2.710085	0.847213	0.998460	0.847213	0.998458	0.847212	0.998457	0.847213	0.998456	0.847213	0.998456	0.847213	0.998454	0.847665	0.002211	0.847213	0.998454	
1350070225.346432	0.999999	50.813510	37.699651	4.972966	0.838403	0.997119	0.838403	0.997116	0.838403	0.997115	0.838403	0.997111	0.838403	0.997110	0.838402	0.997107	0.838402	0.997105	0.835917	0.000896	1350070225.346500	0.999993	50.810974	37.696702	2.702518	0.838695	0.997357	0.838695	0.997356	0.838694	0.997354	0.838694	0.997352	0.838694	0.997350	0.838693	0.997349	0.838362	0.002143	0.838692	0.997348	
1350070226.346433	1.000001	50.816755	37.695963	4.962962	0.816973	0.996068	0.816973	0.996064	0.816973	0.996061	0.816973	0.996060	0.816973	0.996058	0.816973	0.996055	0.816973	0.996053	0.819476	0.001137	1350070226.346502	1.000002	50.816492	37.705617	2.707575	0.819975	0.995805	0.819975	0.995802	0.819975	0.995798	0.819975	0.995794	0.819975	0.995792	0.819975	0.995789	0.819022	0.002616	0.819975	0.995787	
1350070227.346432	0.999999	50.819064	37.696401	4.952916	0.816816	0.996091	0.816816	0.996088	0.816816	0.996086	0.816816	0.996083	0.816816	0.996080	0.816816	0.996077	0.816816	0.996074	0.817456	0.000972	1350070227.346500	0.999998	50.815481	37.706539	2.707403	0.820525	0.995835	0.820525	0.995832	0.820525	0.995830	0.820525	0.995827	0.820526	0.995825	0.820526	0.995823	0.821268	0.002411	0.820525	0.995822	
1350070228.346432	1.000000	50.819946	37.691376	4.977966	0.816345	0.996202	0.816345	0.996200	0.816345	0.996198	0.816345	0.996194	0.816345	0.996192	0.816345	0.996191	0.816345	0.996188	0.813303	0.001136	1350070228.346502	1.000002	50.813471	37.704884	2.707255	0.820606	0.995817	0.820606	0.995814	0.820607	0.995811	0.820607	0.995807	0.820607	0.995805	0.820607	0.995804	0.821653	0.002440	0.820609	0.995802	
1350070229.346432	1.000000	50.813141	37.689514	4.953064	0.816718	0.996182	0.816718	0.996179	0.816718	0.996176	0.816718	0.996173	0.816718	0.996169	0.816718	0.996168	0.816718	0.996167	0.816582	0.001399	1350070229.346480	0.999978	50.817796	37.707279	2.694303	0.820570	0.995814	0.820569	0.995812	0.820569	0.995808	0.820569	0.995806	0.820569	0.995804	0.820568	0.995800	0.820552	0.002406	0.820566	0.995800	
1350070230.346432	1.000000	50.822418	37.696365	4.967896	0.816346	0.996261	0.816346	0.996260	0.816346	0.996256	0.816346	0.996255	0.816346	0.996253	0.816346	0.996249	0.816346	0.996248	0.810231	0.002817	1350070230.346503	1.000023	50.817547	37.707084	2.699004	0.820627	0.995780	0.820628	0.995775	0.820628	0.995773	0.820628	0.995770	0.820628	0.995767	0.820628	0.995765	0.820013	0.002338	0.820628	0.995765	
1350070231.346432	1.000000	50.815872	37.689499	4.952515	0.816309	0.996223	0.816310	0.996221	0.816310	0.996217	0.816310	0.996214	0.816309	0.996212	0.816309	0.996209	0.816309	0.996206	0.810030	0.003396	1350070231.346501	0.999998	50.815954	37.706203	2.699163	0.820656	0.995855	0.820655	0.995854	0.820655	0.995851	0.820655	0.995848	0.820655	0.995844	0.820655	0.995844	0.822648	0.002305	0.820655	0.995841	
1350070232.346432	1.000000	50.818558	37.690247	4.957687	0.816168	0.996239	0.816168	0.996237	0.816168	0.996234	0.816169	0.996230	0.816169	0.996230	0.816169	0.996227	0.816169	0.996225	0.815407	0.001082	1350070232.346497	0.999996	50.812233	37.702561	2.707729	0.820478	0.995856	0.820479	0.995853	0.820478	0.995851	0.820478	0.995848	0.820479	0.995844	0.820479	0.995841	0.821098	0.002288	0.820479	0.995842	
1350070233.346432	1.000000	50.818222	37.695160	4.932968	0.816270	0.996255	0.816270	0.996254	0.816270	0.996251	0.816270	0.996247	0.816270	0.996246	0.816270	0.996243	0.816270	0.996239	0.816640	0.001036	1350070233.346498	1.000001	50.818402	37.709482	2.707624	0.820624	0.995826	0.820624	0.995823	0.820624	0.995821	0.820624	0.995818	0.820624	0.995814	0.820624	0.995813	0.819337	0.002330	0.820624	0.995812	
1350070234.346432	1.000000	50.818954	37.697327	4.928116	0.816409	0.996177	0.816409	0.996174	0.816409	0.996171	0.816409	0.996168	0.816409	0.996166	0.816408	0.996164	0.816408	0.996161	0.812076	0.001462	1350070234.346505	1.000007	50.763916	37.666976	2.707409	0.820539	0.995891	0.820539	0.995888	0.820539	0.995885	0.820539	0.995882	0.820539	0.995880	0.820539	0.995878	0.820893	0.002316	0.820539	0.995877	
1350070235.346432	1.000000	50.765579	37.660233	4.952988	0.817023	0.996220	0.817023	0.996218	0.817023	0.996214	0.817024	0.996211	0.817024	0.996209	0.817024	0.996206	0.817024	0.996204	0.816531	0.001058	1350070235.346500	0.999995	50.813487	37.704000	2.702238	0.820593	0.995860	0.820593	0.995856	0.820594	0.995853	0.820594	0.995851	0.820595	0.995847	0.820594	0.995845	0.818760	0.002346	0.820596	0.995845	
1350070236.346432	1.000000	50.820389	37.704987	4.962753	0.817309	0.996078	0.817309	0.996076	0.817309	0.996072	0.817309	0.996069	0.817308	0.996069	0.817308	0.996067	0.817308	0.996063	0.817761	0.001095	1350070236.346500	1.000000	50.816879	37.705597	2.707474	0.820561	0.995825	0.820561	0.995822	0.820561	0.995822	0.820561	0.995819	0.820561	0.995816	0.820561	0.995812	0.822491	0.002331	0.820561	0.995814	
1350070237.346432	1.000000	50.815109	37.700806	4.957901	0.817400	0.996162	0.817400	0.996160	0.817400	0.996155	0.817400	0.996152	0.817400	0.996150	0.817400	0.996147	0.817400	0.996146	0.820353	0.001037	1350070237.346501	1.000001	50.819791	37.708536	2.707319	0.820726	0.995978	0.820726	0.995975	0.820725	0.995971	0.820725	0.995969	0.820725	0.995967	0.820725	0.995965	0.821556	0.002207	0.820723	0.995963	
1350070238.346432	1.000000	50.816833	37.700150	4.962769	0.817089	0.996171	0.817089	0.996167	0.817089	0.996166	0.817089	0.996164	0.817089	0.996163	0.817090	0.996158	0.817090	0.996156	0.817200	0.001114	1350070238.346502	1.000001	50.814527	37.701639	2.702298	0.820600	0.995821	0.820600	0.995819	0.820600	0.995817	0.820599	0.995814	0.820600	0.995811	0.820600	0.995810	0.819948	0.002442	0.820600	0.995808	
1350070239.346440	1.000008	50.818771	37.702362	4.951910	0.817018	0.996155	0.817018	0.996153	0.817018	0.996151	0.817017	0.996145	0.817017	0.996143	0.817017	0.996142	0.817017	0.996140	0.812716	0.004990	1350070239.346510	1.000008	50.815582	37.703186	2.701684	0.820753	0.995894	0.820753	0.995888	0.820753	0.995887	0.820753	0.995884	0.820753	0.995881	0.820753	0.995878	0.812756	0.006409	0.820753	0.995875	
1350070240.346433	0.999993	50.820160	37.705812	4.967960	0.817077	0.996074	0.817077	0.996071	0.817077	0.996068	0.817077	0.996066	0.817077	0.996063	0.817077	0.996061	0.817077	0.996060	0.816615	0.001068	1350070240.346501	0.999991	50.814410	37.705115	2.696970	0.820542	0.995810	0.820542	0.995806	0.820542	0.995803	0.820542	0.995799	0.820542	0.995796	0.820542	0.995794	0.819018	0.002342	0.820542	0.995795	
1350070241.346432	0.999999	50.817538	37.704015	4.947896	0.817045	0.996142	0.817045	0.996137	0.817045	0.996135	0.817045	0.996134	0.817045	0.996130	0.817045	0.996128	0.817045	0.996125	0.808656	0.003495	1350070241.346501	1.000000	50.816681	37.707932	2.704727	0.820506	0.995876	0.820506	0.995873	0.820506	0.995870	0.820506	0.995867	0.820506	0.995863	0.820506	0.995862	0.824453	0.002261	0.820506	0.995860	
1350070242.346432	1.000000	50.815292	37.701797	4.957596	0.817352	0.996069	0.817352	0.996067	0.817352	0.996065	0.817352	0.996061	0.817353	0.996060	0.817352	0.996057	0.817352	0.996053	0.817525	0.001016	1350070242.346502	1.000001	50.816419	37.708369	2.702268	0.820380	0.995798	0.820380	0.995795	0.820379	0.995793	0.820370	0.995791	0.820380	0.995789	0.820380	0.995786	0.819488	0.002330	0.820380	0.995786	
1350070243.346432	1.000000	50.820786	37.707413	4.963028	0.817308	0.996097	0.817308	0.996094	0.817308	0.996093	0.817308	0.996091	0.817308	0.996090	0.817308	0.996087	0.817308	0.996085	0.817976	0.001030	1350070243.346499	0.999997	50.764623	37.668299	2.701974	0.820342	0.995832	0.820342	0.995828	0.820342	0.995826	0.820352	0.995823	0.820342	0.995821	0.820342	0.995819	0.819734	0.002381	0.820342	0.995817	
1350070244.346433	1.000001	50.817228	37.703791	4.967830	0.817380	0.996090	0.817380	0.996088	0.817380	0.996086	0.817380	0.996086	0.817380	0.996081	0.817380	0.996080	0.817380	0.996076	0.814394	0.001495	1350070244.346502	1.000003	50.813624	37.703924	2.691093	0.820330	0.995818	0.820329	0.995815	0.820330	0.995811	0.820330	0.995810	0.820331	0.995806	0.820331	0.995804	0.821258	0.002353	0.820332	0.995805	
1350070245.346433	1.000000	50.810028	37.694046	4.977707	0.829014	0.996952	0.829014	0.996949	0.829015	0.996948	0.829015	0.996946	0.829015	0.996944	0.829015	0.996939	0.829015	0.996942	0.825156	0.001036	1350070245.346501	0.999999	50.808505	37.698446	2.704501	0.833370	0.996717	0.833371	0.996715	0.833370	0.996713	0.833371	0.996708	0.833371	0.996706	0.833370	0.996705	0.833837	0.002160	0.833370	0.996704	
1350070246.346440	1.000007	715760155.246989	715799346.491152	715777685.469639	0.999986	1.000187	0.999983	1.000191	0.999986	1.000195	0.999985	1.000187	0.999986	1.000191	0.999988	1.000185	0.999986	1.000190	0.999986	1.000188	1350070246.346556	1.000055	715748521.285660	715763786.734989	715746222.204181	0.999986	1.000188	0.999983	1.000190	3.893326	0.256896	0.999986	1.000188	0.999986	1.000191	0.999988	1.000185	0.999986	1.000190	0.999986	1.000189	
1350070247.346533	1.000093	0.000000	0.000000	0.000000	-nan	-nan	-nan	-nan	1.000008	inf	-nan	-nan	-nan	0.000000	-nan	-nan	-nan	-nan	-nan	-nan	1350070247.346593	1.000037	0.000000	0.000000	0.000000	-nan	-nan	-nan	-nan	1.345745	inf	-nan	-nan	-nan	-nan	-nan	-nan	-nan	-nan	-nan	-nan	
