ts_0	elapsed_0	pkg_0	pp0_0	dram_0	freq_ratio_0_0	c0_ratio_0_0	freq_ratio_0_1	c0_ratio_0_1	freq_ratio_0_2	c0_ratio_0_2	freq_ratio_0_3	c0_ratio_0_3	freq_ratio_0_4	c0_ratio_0_4	freq_ratio_0_5	c0_ratio_0_5	freq_ratio_0_6	c0_ratio_0_6	freq_ratio_0_7	c0_ratio_0_7	ts_1	elapsed_1	pkg_1	pp0_1	dram_1	freq_ratio_1_0	c0_ratio_1_0	freq_ratio_1_1	c0_ratio_1_1	freq_ratio_1_2	c0_ratio_1_2	freq_ratio_1_3	c0_ratio_1_3	freq_ratio_1_4	c0_ratio_1_4	freq_ratio_1_5	c0_ratio_1_5	freq_ratio_1_6	c0_ratio_1_6	freq_ratio_1_7	c0_ratio_1_7	
1349419374.824250	1.001402	61.680102	48.306806	0.000000	1.148926	0.713705	1.150381	0.721896	1.149400	0.713339	1.149137	0.712443	1.146803	0.692379	1.146303	0.685184	1.145567	0.675246	1.144033	0.575934	1349419374.824324	1.000533	65.866360	52.591958	0.000000	1.126801	0.714099	1.126726	0.713168	1.123587	0.692791	1.123638	0.692818	1.123099	0.687284	1.123591	0.692427	1.122965	0.686581	1.164419	0.989799	
1349419375.824246	0.999996	51.573146	38.137911	0.000000	1.126445	0.537130	1.126811	0.536743	1.127131	0.536294	1.141682	0.584747	1.125213	0.488012	1.125128	0.488143	1.125199	0.488094	1.125190	0.487997	1349419375.939988	1.115664	56.259276	42.944284	0.000000	1.080992	0.475959	1.119479	0.612287	1.082724	0.487702	1.082693	0.487606	1.082723	0.487654	1.082655	0.487377	1.082671	0.487386	1.163917	0.874298	
1349419376.824247	1.000001	63.645264	50.049559	0.000000	0.985776	0.884272	0.985731	0.884043	0.985717	0.883848	0.990264	0.991118	0.985522	0.990198	0.985549	0.990357	0.985536	0.990357	0.985520	0.990279	1349419376.824326	0.884338	66.698204	53.201871	0.000000	0.995600	0.990699	0.978808	0.895741	0.995547	0.990568	0.995545	0.990604	0.995565	0.990794	0.995512	0.990548	0.995521	0.990699	0.996026	0.996386	
1349419377.824248	1.000001	64.681472	50.957425	0.000000	0.957242	0.988210	0.957233	0.988283	0.957256	0.988141	0.957233	0.988231	0.957252	0.988174	0.957255	0.988132	0.957246	0.988048	0.957254	0.988068	1349419377.824359	1.000033	64.683251	51.107022	0.000000	0.960350	0.987715	0.960355	0.987932	0.960356	0.987888	0.960354	0.987928	0.960358	0.987868	0.960344	0.987770	0.960347	0.987668	0.962384	0.996299	
1349419378.824254	1.000006	64.598416	50.956117	0.000000	0.969857	0.973143	0.969843	0.973541	0.969874	0.973097	0.969857	0.973430	0.969861	0.973251	0.969872	0.973094	0.969871	0.973320	0.969859	0.973234	1349419378.824345	0.999986	64.638940	51.130251	0.000000	0.970953	0.972799	0.970973	0.972956	0.970971	0.972956	0.970973	0.972904	0.970974	0.973013	0.970933	0.972876	0.970954	0.972777	0.976751	0.996508	
1349419379.824248	0.999994	64.552524	50.898131	0.000000	0.977013	0.952786	0.977018	0.952962	0.977139	0.952535	0.977043	0.952906	0.977120	0.952566	0.977116	0.952566	0.977062	0.952685	0.977108	0.952574	1349419379.824329	0.999984	64.614985	51.093590	0.000000	0.975139	0.952470	0.975195	0.952725	0.975194	0.952712	0.975193	0.952698	0.975205	0.952752	0.975132	0.952417	0.975139	0.952447	0.985049	0.996852	
1349419380.824247	0.999999	64.611741	51.060824	0.000000	0.974572	0.975439	0.974575	0.975670	0.974589	0.975370	0.974577	0.975644	0.974589	0.975369	0.974588	0.975356	0.974596	0.975438	0.974588	0.975346	1349419380.824340	1.000011	64.631966	51.195911	0.000000	0.977265	0.974927	0.977283	0.975092	0.977286	0.975019	0.977282	0.975081	0.977287	0.975104	0.977257	0.974957	0.977265	0.974911	0.982350	0.997037	
1349419381.824248	1.000001	64.684982	50.877820	0.000000	0.948239	0.981372	0.948184	0.981590	0.948273	0.981284	0.948185	0.981537	0.948277	0.981374	0.948263	0.981306	0.948225	0.981301	0.948283	0.981268	1349419381.824333	0.999993	64.682149	51.023455	0.000000	0.953480	0.981453	0.953511	0.981762	0.953510	0.981746	0.953509	0.981739	0.953520	0.981697	0.953470	0.981505	0.953477	0.981432	0.956233	0.996139	
1349419382.824247	0.999999	57.101556	43.388210	0.000000	0.954920	0.811548	0.954822	0.811692	0.954999	0.811178	0.954908	0.811455	0.954989	0.811192	0.955006	0.811143	0.954935	0.811419	0.954995	0.811161	1349419382.824325	0.999992	60.563220	46.991195	0.000000	0.958854	0.811661	0.958905	0.811822	0.958897	0.811806	0.958898	0.811790	0.958906	0.811823	0.958854	0.811575	0.958858	0.811633	1.014446	0.997152	
1349419383.824248	1.000001	68.336971	54.160990	0.000000	0.947182	0.995387	0.947190	0.995565	0.947174	0.995425	0.947179	0.995532	0.947186	0.995411	0.947174	0.995360	0.947174	0.995520	0.947181	0.995403	1349419383.824336	1.000011	66.881240	52.922332	0.000000	0.943197	0.995329	0.943213	0.995446	0.943204	0.995431	0.943212	0.995387	0.943207	0.995491	0.943206	0.995492	0.943195	0.995241	0.943206	0.995493	
1349419384.824251	1.000003	64.701978	50.545833	0.000000	0.911872	0.994216	0.911874	0.994324	0.911895	0.994159	0.911871	0.994279	0.911900	0.994204	0.911898	0.994159	0.911879	0.994127	0.911901	0.994202	1349419384.824337	1.000001	64.695007	50.751294	0.000000	0.921837	0.994370	0.921848	0.994528	0.921848	0.994517	0.921848	0.994512	0.921846	0.994470	0.921841	0.994447	0.921838	0.994351	0.921871	0.995213	
1349419385.824249	0.999998	715802216.858461	715803785.892505	715829250.057560	0.999972	1.000031	0.999974	1.000050	0.999972	1.000039	0.999974	1.000038	0.999974	1.000039	0.999978	1.000040	0.999973	1.000037	0.999975	1.000044	1349419385.824348	1.000011	715817414.831788	715756968.697826	715820034.141029	0.999976	1.000048	0.999970	1.000034	3.894025	0.256810	0.999974	1.000036	0.999974	1.000041	0.999977	1.000038	0.999973	1.000038	0.999975	1.000044	
1349419386.824327	1.000078	0.000000	0.000000	0.000000	-nan	-nan	-nan	-nan	1.000008	inf	-nan	-nan	-nan	0.000000	-nan	-nan	-nan	-nan	-nan	-nan	1349419386.824389	1.000041	0.000000	0.000000	0.000000	-nan	-nan	-nan	-nan	1.345745	inf	-nan	-nan	-nan	-nan	-nan	-nan	-nan	-nan	-nan	-nan	
