ts_0	elapsed_0	pkg_0	pp0_0	dram_0	freq_ratio_0_0	c0_ratio_0_0	freq_ratio_0_1	c0_ratio_0_1	freq_ratio_0_2	c0_ratio_0_2	freq_ratio_0_3	c0_ratio_0_3	freq_ratio_0_4	c0_ratio_0_4	freq_ratio_0_5	c0_ratio_0_5	freq_ratio_0_6	c0_ratio_0_6	freq_ratio_0_7	c0_ratio_0_7	ts_1	elapsed_1	pkg_1	pp0_1	dram_1	freq_ratio_1_0	c0_ratio_1_0	freq_ratio_1_1	c0_ratio_1_1	freq_ratio_1_2	c0_ratio_1_2	freq_ratio_1_3	c0_ratio_1_3	freq_ratio_1_4	c0_ratio_1_4	freq_ratio_1_5	c0_ratio_1_5	freq_ratio_1_6	c0_ratio_1_6	freq_ratio_1_7	c0_ratio_1_7	
1349477193.541967	1.000508	48.984497	35.333626	7.362486	0.999950	0.996596	0.999829	0.988974	0.999908	0.988734	0.999977	0.983986	0.998112	0.002598	0.931336	0.000321	0.998435	0.002425	0.636188	0.000062	1349477193.542157	1.000458	47.118709	33.346025	6.646614	0.999974	0.984788	1.000002	0.988831	1.000001	0.984262	0.993160	0.000046	1.007479	0.000040	1.007790	0.000040	1.010767	0.000039	0.999823	0.990667	
1349477194.541963	0.999996	50.217260	36.514552	7.368331	1.000000	0.999950	1.000000	0.999941	1.000000	0.999952	1.000000	0.999948	1.000178	0.003602	0.999233	0.000297	0.999998	0.001479	1.001003	0.000093	1349477194.542124	0.999967	47.438161	33.653070	6.822551	1.000000	0.999994	1.000000	1.000000	1.000000	0.999992	0.999455	0.000106	1.001113	0.000067	1.000067	0.000063	0.999641	0.000072	1.000000	1.000000	
1349477195.541963	1.000000	49.375504	35.663452	7.397903	1.000000	0.999956	1.000000	0.999966	1.000000	0.999992	1.000000	0.999991	0.999910	0.002786	0.999893	0.004788	1.002690	0.000014	0.992987	0.000014	1349477195.542152	1.000028	47.431340	33.660423	6.779566	1.000000	1.000000	1.000000	0.999998	1.000000	1.000000	1.000125	0.000019	0.999513	0.000013	0.999899	0.000015	1.001370	0.000017	1.000000	1.000000	
1349477196.541963	1.000000	49.308014	35.591904	7.314667	1.000000	0.999919	1.000000	0.999960	1.000000	0.999920	1.000000	0.999949	0.996803	0.000213	1.000004	0.003785	0.995411	0.000117	0.995234	0.000087	1349477196.542163	1.000011	47.470442	33.701809	6.802034	1.000000	0.999987	1.000000	1.000000	1.000000	0.999997	0.999735	0.000170	1.000082	0.000075	0.999868	0.000058	0.999925	0.000062	1.000000	1.000000	
1349477197.541962	0.999999	49.338121	35.618045	7.387443	1.000000	0.999962	1.000000	0.999984	1.000000	1.000000	1.000000	0.999960	1.004421	0.000177	0.999983	0.004048	1.000326	0.000009	1.003664	0.000015	1349477197.542152	0.999989	47.427415	33.672000	6.799833	1.000000	1.000000	1.000000	1.000000	1.000000	1.000000	1.001374	0.000012	0.999564	0.000012	1.000314	0.000017	1.000210	0.000017	1.000000	1.000000	
1349477198.541969	1.000007	49.448923	35.726941	7.512979	1.000000	0.999925	1.000000	0.999933	1.000000	0.999956	1.000000	0.999921	1.000079	0.000382	0.999976	0.004615	1.002488	0.000179	1.005448	0.000092	1349477198.542162	1.000010	47.503278	33.733564	6.813210	1.000000	0.999988	1.000000	1.000000	1.000000	0.999967	1.000361	0.000136	0.999670	0.000086	1.000004	0.000090	0.999996	0.000090	1.000000	1.000000	
1349477199.541962	0.999993	49.399588	35.677844	7.384603	0.999999	0.999115	1.000000	0.999084	1.000000	0.999106	1.000000	0.999070	1.000058	0.001050	0.999890	0.003735	0.997374	0.000015	0.992090	0.000014	1349477199.542153	0.999991	47.489017	33.720505	6.808732	1.000000	0.999133	1.000000	0.999109	1.000000	0.999108	1.035090	0.000019	1.004596	0.000017	1.000500	0.000007	0.998712	0.000007	1.000000	1.000000	
1349477200.541963	1.000001	50.852506	37.124720	7.469811	0.999983	0.999836	0.999991	0.999866	0.999966	0.999929	0.999980	0.999822	0.999974	0.003581	1.000225	0.004464	0.999918	0.005705	1.000014	0.002820	1349477200.542145	0.999992	49.825813	36.055438	6.815027	1.000000	0.999970	1.000000	1.000000	1.000000	0.999960	0.999764	0.002885	0.999985	0.002780	1.000007	0.002881	0.999996	0.002909	1.000000	1.000000	
1349477201.541967	1.000004	715780039.453385	715800633.446285	715789013.517521	0.999997	1.000163	0.999995	1.000165	1.000005	1.000163	0.999997	1.000163	0.999997	1.000166	1.000000	1.000161	0.999997	1.000166	0.999997	1.000164	1349477201.542072	0.999927	715858143.701379	715816658.464787	715860190.055385	0.999997	1.000162	0.999995	1.000165	3.892518	0.256946	0.999997	1.000163	0.999997	1.000166	1.000000	1.000161	0.999997	1.000166	0.999997	1.000164	
1349477202.541959	0.999992	0.000000	0.000000	0.000000	-nan	-nan	-nan	-nan	8.000000	inf	-nan	-nan	-nan	0.000000	-nan	-nan	-nan	-nan	-nan	-nan	1349477202.542032	0.999960	0.000000	0.000000	0.000000	-nan	-nan	-nan	-nan	0.000000	inf	-nan	-nan	-nan	-nan	-nan	-nan	-nan	-nan	-nan	-nan	
