ts_0	elapsed_0	pkg_0	pp0_0	dram_0	freq_ratio_0_0	c0_ratio_0_0	freq_ratio_0_1	c0_ratio_0_1	freq_ratio_0_2	c0_ratio_0_2	freq_ratio_0_3	c0_ratio_0_3	freq_ratio_0_4	c0_ratio_0_4	freq_ratio_0_5	c0_ratio_0_5	freq_ratio_0_6	c0_ratio_0_6	freq_ratio_0_7	c0_ratio_0_7	ts_1	elapsed_1	pkg_1	pp0_1	dram_1	freq_ratio_1_0	c0_ratio_1_0	freq_ratio_1_1	c0_ratio_1_1	freq_ratio_1_2	c0_ratio_1_2	freq_ratio_1_3	c0_ratio_1_3	freq_ratio_1_4	c0_ratio_1_4	freq_ratio_1_5	c0_ratio_1_5	freq_ratio_1_6	c0_ratio_1_6	freq_ratio_1_7	c0_ratio_1_7	
1349419983.701520	1.001322	48.733257	35.057382	0.000000	1.268866	0.960077	1.094297	0.001703	1.268991	0.960044	0.838090	0.000152	1.012498	0.000088	1.188222	0.000079	1.192082	0.000089	1.167351	0.000069	1349419983.701752	1.000419	63.891144	49.928944	0.000000	1.230634	0.961525	1.231851	0.996868	1.230633	0.961389	1.112645	0.000150	1.222169	0.000060	1.214068	0.000070	1.192518	0.002103	1.230557	0.962268	
1349419984.701519	0.999999	50.127566	36.399968	0.000000	1.269090	0.999074	1.230985	0.001835	1.269090	0.999107	1.228880	0.000089	1.230238	0.000108	1.233651	0.000047	1.226481	0.000054	1.232710	0.000064	1349419984.701868	1.000116	65.048584	51.043802	0.000000	1.230688	0.998600	1.230688	0.999624	1.230686	0.999540	1.197496	0.000120	1.194276	0.000052	1.197115	0.000064	1.193196	0.000930	1.230686	0.999504	
1349419985.701519	1.000000	57.988235	44.239014	0.000000	1.230762	0.999876	1.230761	0.999913	1.230762	0.999903	1.229138	0.001158	1.199539	0.000053	1.218732	0.000020	1.228922	0.000008	1.228876	0.000008	1349419985.701864	0.999996	56.056319	41.879168	0.000000	1.095748	0.000013	1.230767	0.999934	1.230765	0.999857	1.231882	0.000108	1.230448	0.000006	1.230579	0.000006	1.231705	0.000006	1.230765	0.999855	
1349419986.701518	0.999999	58.101969	44.346752	0.000000	1.230763	0.999929	1.230764	0.999921	1.230763	0.999928	1.230585	0.000792	1.230219	0.000438	1.230990	0.000055	1.233233	0.000107	1.233112	0.000084	1349419986.701868	1.000004	56.051500	41.877897	0.000000	1.226792	0.000121	1.230763	0.999932	1.230763	0.999924	1.224403	0.000102	1.230859	0.000056	1.230729	0.000057	1.230489	0.000083	1.230763	0.999934	
1349419987.701520	1.000002	58.125438	44.368461	0.000000	1.230765	0.999836	1.230767	0.999935	1.230767	0.999911	1.230746	0.000684	1.229096	0.000464	1.187391	0.000008	1.195759	0.000008	1.207067	0.000008	1349419987.701864	0.999996	55.968016	41.808763	0.000000	1.219211	0.000013	1.230767	0.999934	1.230765	0.999850	1.233570	0.000074	1.207025	0.000006	1.230353	0.000006	1.231166	0.000006	1.230765	0.999857	
1349419988.701520	1.000000	58.167648	44.403091	0.000000	1.230761	0.999882	1.230761	0.999911	1.230762	0.999911	1.229356	0.000695	1.229928	0.000572	1.233460	0.000058	1.224598	0.000067	1.230715	0.000072	1349419988.701866	1.000002	56.071976	41.894436	0.000000	1.228876	0.000129	1.230763	0.999935	1.230763	0.999926	1.226399	0.000106	1.233217	0.000057	1.230859	0.000067	1.218605	0.000085	1.230763	0.999926	
1349419989.701527	1.000007	58.080531	44.328932	0.000000	1.230765	0.999829	1.230767	0.999934	1.230766	0.999884	1.230763	0.000759	1.231917	0.000570	1.231015	0.000008	1.227067	0.000008	1.231106	0.000008	1349419989.701869	1.000003	56.088922	41.915001	0.000000	1.231406	0.000013	1.230769	0.999911	1.230765	0.999757	1.230868	0.000096	1.195418	0.000006	1.229038	0.000006	1.231920	0.000828	1.230765	0.999754	
1349419990.701540	1.000013	58.180511	44.414747	0.000000	1.230763	0.999835	1.230766	0.999902	1.230765	0.999894	1.230315	0.000764	1.228813	0.000592	1.230258	0.000075	1.234079	0.000078	1.231606	0.000157	1349419990.701889	1.000020	56.089361	41.912796	0.000000	1.226980	0.000144	1.230763	0.999931	1.230763	0.999902	1.219225	0.000098	1.234401	0.000056	1.230959	0.000064	1.229926	0.000051	1.230765	0.999938	
1349419991.701520	0.999980	58.145726	44.378788	0.000000	1.230766	0.999832	1.230767	0.999927	1.230767	0.999901	1.230804	0.000627	1.231122	0.000420	1.240731	0.000008	1.200784	0.000008	1.228789	0.000008	1349419991.701869	0.999980	56.051278	41.878311	0.000000	1.221945	0.000013	1.230767	0.999936	1.230765	0.999841	1.237059	0.000115	1.229504	0.000006	1.227411	0.000006	1.211079	0.000006	1.230764	0.999842	
1349419992.701523	1.000003	58.181170	44.415130	0.000000	1.230763	0.999918	1.230764	0.999918	1.230764	0.999925	1.230496	0.000556	1.229951	0.000444	1.229247	0.000055	1.230601	0.000054	1.230331	0.000090	1349419992.701879	1.000010	56.068546	41.893822	0.000000	1.228466	0.000112	1.230763	0.999934	1.230763	0.999926	1.227142	0.000110	1.230867	0.000062	1.230621	0.000052	1.218456	0.000081	1.230763	0.999935	
1349419993.701520	0.999997	58.176801	44.403992	0.000000	1.230757	0.999448	1.230757	0.999420	1.230758	0.999443	1.229505	0.001050	1.228466	0.000613	1.216173	0.000129	1.197946	0.000068	1.196485	0.000008	1349419993.701859	0.999980	56.089792	41.912277	0.000000	1.214172	0.000252	1.230771	0.999825	1.230756	0.999407	1.223283	0.000157	1.222998	0.000199	1.207933	0.000072	1.230781	0.002049	1.230756	0.999406	
1349419994.701520	1.000000	58.197021	44.421906	0.000000	1.230761	0.999701	1.230767	0.999886	1.230766	0.999849	1.230352	0.000613	1.230912	0.000657	1.219425	0.000056	1.221474	0.000068	1.225262	0.000098	1349419994.701874	1.000015	56.112591	41.934230	0.000000	1.244600	0.000127	1.230765	0.999913	1.230763	0.999781	1.211390	0.000063	1.220852	0.000050	1.221431	0.000049	1.230018	0.000829	1.230764	0.999853	
1349419995.701519	0.999999	58.194483	44.415661	0.000000	1.230768	0.999957	1.230765	0.999957	1.230765	0.999957	1.230496	0.000619	1.229407	0.000424	1.256189	0.000031	1.239019	0.000065	1.253013	0.000031	1349419995.701865	0.999991	56.091344	41.914290	0.000000	1.212133	0.000107	1.230765	0.999956	1.230765	0.999956	1.251824	0.000036	1.242637	0.000041	1.243080	0.000037	1.227220	0.000106	1.230765	0.999955	
1349419996.701520	1.000001	58.214819	44.438175	0.000000	1.230763	0.999925	1.230764	0.999918	1.230764	0.999925	1.230331	0.000727	1.230714	0.000405	1.233073	0.000050	1.230776	0.000051	1.232334	0.000070	1349419996.701868	1.000003	56.112161	41.937507	0.000000	1.225630	0.000120	1.230763	0.999933	1.230763	0.999926	1.224341	0.000061	1.230829	0.000062	1.230706	0.000049	1.241436	0.000091	1.230763	0.999933	
1349419997.701520	1.000000	58.424118	44.645309	0.000000	1.230184	0.999441	1.230185	0.999548	1.230185	0.999524	1.166283	0.008845	1.158733	0.007282	1.156800	0.007133	1.154259	0.006771	1.156125	0.006884	1349419997.701867	0.999999	56.295891	42.116999	0.000000	1.156212	0.006740	1.230184	0.999675	1.230182	0.999564	1.155330	0.006502	1.155418	0.006506	1.154275	0.006189	1.156097	0.006607	1.230184	0.999631	
1349419998.701521	1.000001	58.169653	44.395084	0.000000	1.230764	0.999617	1.230766	0.999702	1.230766	0.999701	1.232476	0.000441	1.230311	0.000684	1.230766	0.000371	1.230707	0.000065	1.223102	0.000092	1349419998.701868	1.000001	56.048088	41.868322	0.000000	1.246385	0.000122	1.230771	0.999891	1.230763	0.999627	1.224666	0.000073	1.230834	0.000053	1.230852	0.000044	1.215208	0.000063	1.230765	0.999674	
1349419999.701522	1.000001	715799731.088376	715769809.703688	715827202.055601	0.999970	1.000025	0.999975	1.000060	0.999976	1.000059	0.999972	1.000032	0.999974	1.000046	0.999976	1.000037	0.999973	1.000042	0.999974	1.000043	1349419999.701613	0.999745	716009438.791974	715962814.150697	716010544.653464	0.999974	1.000041	0.999971	1.000042	3.893961	0.256816	0.999971	1.000031	0.999975	1.000047	0.999976	1.000035	0.999976	1.000052	0.999972	1.000034	
1349420000.701682	1.000160	0.000000	0.000000	0.000000	-nan	-nan	-nan	-nan	1.000008	inf	-nan	-nan	-nan	0.000000	-nan	-nan	-nan	-nan	-nan	-nan	1349420000.701760	1.000147	0.000000	0.000000	0.000000	-nan	-nan	-nan	-nan	1.345745	inf	-nan	-nan	-nan	-nan	-nan	-nan	-nan	-nan	-nan	-nan	
