ts_0	elapsed_0	pkg_0	pp0_0	dram_0	freq_ratio_0_0	c0_ratio_0_0	freq_ratio_0_1	c0_ratio_0_1	freq_ratio_0_2	c0_ratio_0_2	freq_ratio_0_3	c0_ratio_0_3	freq_ratio_0_4	c0_ratio_0_4	freq_ratio_0_5	c0_ratio_0_5	freq_ratio_0_6	c0_ratio_0_6	freq_ratio_0_7	c0_ratio_0_7	ts_1	elapsed_1	pkg_1	pp0_1	dram_1	freq_ratio_1_0	c0_ratio_1_0	freq_ratio_1_1	c0_ratio_1_1	freq_ratio_1_2	c0_ratio_1_2	freq_ratio_1_3	c0_ratio_1_3	freq_ratio_1_4	c0_ratio_1_4	freq_ratio_1_5	c0_ratio_1_5	freq_ratio_1_6	c0_ratio_1_6	freq_ratio_1_7	c0_ratio_1_7	
1349417308.599349	1.001658	54.948083	40.928434	0.000000	0.818455	0.990775	0.815731	0.976347	0.815853	0.976731	0.815712	0.975676	0.815588	0.975059	0.813909	0.966288	0.813915	0.966354	0.813843	0.965994	1349417308.599438	1.000354	47.453460	33.787751	0.000000	0.999969	0.981251	0.999974	0.980816	1.000001	0.971161	0.989651	0.001946	1.004513	0.000220	0.928101	0.000262	1.006559	0.000135	0.999861	0.983833	
1349417309.599349	1.000000	50.792603	36.600586	0.000000	0.835497	0.993962	0.835494	0.993962	0.835492	0.993878	0.759949	0.325020	0.835490	0.993907	0.759830	0.324628	0.835501	0.993950	0.835496	0.993921	1349417309.599497	1.000059	50.586178	36.822783	0.000000	0.916333	0.995850	0.916340	0.995806	0.916335	0.995734	0.999316	0.013413	0.969286	0.011865	0.877306	0.679163	0.877313	0.679225	0.916296	0.997559	
1349417310.599348	0.999999	50.788775	36.530964	0.000000	0.879330	0.995209	0.879329	0.995170	0.879330	0.995205	0.891040	0.001055	0.879329	0.995029	0.921995	0.000320	0.879329	0.995202	0.879329	0.995127	1349417310.599501	1.000004	50.794960	36.993579	0.000000	0.864851	0.996284	0.864852	0.996236	0.864852	0.996230	0.850619	0.000096	0.858243	0.004128	0.864851	0.996283	0.864852	0.996209	0.864851	0.996286	
1349417311.599348	1.000000	50.788544	36.506561	0.000000	0.877075	0.994387	0.877076	0.994400	0.877071	0.994312	0.898751	0.001108	0.877073	0.994348	0.904058	0.000334	0.877075	0.994371	0.877071	0.994289	1349417311.599499	0.999998	50.792379	36.975031	0.000000	0.862245	0.995215	0.862238	0.995143	0.862234	0.995073	0.872151	0.000137	0.858470	0.004227	0.862238	0.995142	0.862240	0.995161	0.862255	0.996055	
1349417312.599349	1.000001	50.787091	36.539623	0.000000	0.879989	0.994038	0.879989	0.993936	0.879989	0.993938	0.873083	0.004456	0.879989	0.993747	0.899946	0.000126	0.879989	0.993987	0.879988	0.993788	1349417312.599521	1.000022	50.740617	36.954527	0.000000	0.878678	0.994867	0.878677	0.994752	0.861143	0.795593	0.934746	0.000164	0.875231	0.004292	0.878672	0.994755	0.878671	0.994672	0.878697	0.996237	
1349417313.599349	1.000000	50.790665	36.476059	0.000000	0.874323	0.995170	0.874322	0.995224	0.874324	0.995165	0.882165	0.001722	0.874323	0.995200	0.877317	0.000614	0.874323	0.995211	0.874324	0.995153	1349417313.599510	0.999989	50.798485	36.963998	0.000000	0.860295	0.996502	0.860293	0.996402	0.860296	0.996566	0.858424	0.000348	0.855994	0.004628	0.860296	0.996502	0.860296	0.996554	0.860295	0.996553	
1349417314.599357	1.000008	50.792435	36.449793	0.000000	0.872876	0.995010	0.872874	0.995057	0.872874	0.994993	0.869529	0.000531	0.872872	0.994910	0.873764	0.000380	0.872871	0.995028	0.872871	0.995003	1349417314.599510	1.000000	50.798401	36.962692	0.000000	0.858712	0.996261	0.858713	0.996197	0.858711	0.996358	0.844246	0.000059	0.855659	0.004262	0.858712	0.996242	0.858711	0.996320	0.858710	0.996370	
1349417315.599362	1.000005	50.789525	36.436188	0.000000	0.872247	0.995039	0.872247	0.995059	0.872247	0.995008	0.873118	0.000683	0.872248	0.995007	0.862025	0.000520	0.872250	0.995052	0.872249	0.994949	1349417315.599520	1.000010	50.796122	36.969723	0.000000	0.858652	0.996361	0.858651	0.996246	0.858651	0.996424	0.844741	0.000153	0.855254	0.004332	0.858652	0.996323	0.858652	0.996341	0.858652	0.996431	
1349417316.599372	1.000010	715800447.789019	715799584.276502	715820716.793375	0.999970	1.000018	0.999972	1.000042	0.999982	1.000039	0.999969	1.000016	0.999972	1.000032	0.999974	1.000024	0.999972	1.000029	0.999972	1.000029	1349417316.599493	0.999973	715797317.132722	715794960.549213	715847170.574593	0.999973	1.000033	0.999968	1.000024	3.894259	0.256788	0.999973	1.000034	0.999970	1.000021	0.999977	1.000034	0.999969	1.000018	0.999975	1.000040	
1349417317.599519	1.000147	0.000000	0.000000	0.000000	-nan	-nan	-nan	-nan	0.000000	inf	-nan	-nan	-nan	0.000000	-nan	-nan	-nan	-nan	-nan	-nan	1349417317.599599	1.000106	0.000000	0.000000	0.000000	-nan	-nan	-nan	-nan	0.000000	inf	-nan	-nan	-nan	-nan	-nan	-nan	-nan	-nan	-nan	-nan	
