ts_0	elapsed_0	pkg_0	pp0_0	dram_0	freq_ratio_0_0	c0_ratio_0_0	freq_ratio_0_1	c0_ratio_0_1	freq_ratio_0_2	c0_ratio_0_2	freq_ratio_0_3	c0_ratio_0_3	freq_ratio_0_4	c0_ratio_0_4	freq_ratio_0_5	c0_ratio_0_5	freq_ratio_0_6	c0_ratio_0_6	freq_ratio_0_7	c0_ratio_0_7	ts_1	elapsed_1	pkg_1	pp0_1	dram_1	freq_ratio_1_0	c0_ratio_1_0	freq_ratio_1_1	c0_ratio_1_1	freq_ratio_1_2	c0_ratio_1_2	freq_ratio_1_3	c0_ratio_1_3	freq_ratio_1_4	c0_ratio_1_4	freq_ratio_1_5	c0_ratio_1_5	freq_ratio_1_6	c0_ratio_1_6	freq_ratio_1_7	c0_ratio_1_7	
1349476303.750061	1.000470	48.712537	34.747831	7.808937	0.817494	0.843127	0.815924	0.835768	0.815784	0.835311	0.815756	0.835163	0.815755	0.834983	0.815737	0.834925	0.815724	0.834892	0.815684	0.834999	1349476303.750164	1.000360	48.941685	35.068140	6.772190	0.955733	0.989365	0.947718	0.836997	0.947729	0.836781	0.947727	0.836841	0.946368	0.815985	0.985223	0.009981	0.998043	0.014752	0.947742	0.838102	
1349476304.750059	0.999998	50.847357	36.492547	9.888279	0.749762	0.995167	0.749762	0.995148	0.749764	0.995074	0.749764	0.995089	0.749766	0.994947	0.749766	0.994940	0.749766	0.994934	0.749761	0.995200	1349476304.750166	1.000002	50.781046	36.620093	8.854719	0.897580	0.995974	0.897579	0.996006	0.897580	0.995889	0.897578	0.995995	0.897578	0.996000	0.902118	0.001548	0.925378	0.000228	0.897574	0.996104	
1349476305.750066	1.000007	50.847717	36.483497	9.915382	0.749888	0.995350	0.749889	0.995291	0.749889	0.995249	0.749887	0.995326	0.749889	0.995230	0.749889	0.995223	0.749889	0.995222	0.749887	0.995319	1349476305.750171	1.000005	50.780416	36.610596	8.890092	0.897258	0.995836	0.897257	0.995874	0.897259	0.995785	0.897257	0.995863	0.897257	0.995846	0.903222	0.001776	0.924896	0.000423	0.897256	0.995914	
1349476306.750061	0.999995	50.846690	36.479888	9.868198	0.748728	0.995239	0.748728	0.995324	0.748731	0.995238	0.748730	0.995273	0.748731	0.995204	0.748731	0.995195	0.748730	0.995195	0.748728	0.995282	1349476306.750169	0.999998	50.778478	36.604623	8.862459	0.897595	0.995778	0.897595	0.995756	0.897595	0.995743	0.897595	0.995742	0.897594	0.995778	0.906949	0.001151	0.924041	0.000294	0.897594	0.995839	
1349476307.750079	1.000018	50.851050	36.479542	9.864417	0.747988	0.995222	0.747990	0.995128	0.747990	0.995123	0.747989	0.995158	0.747990	0.995098	0.747990	0.995094	0.747990	0.995093	0.747989	0.995149	1349476307.750185	1.000016	50.778516	36.599238	8.853969	0.898581	0.995876	0.898581	0.995892	0.898582	0.995841	0.898581	0.995881	0.898581	0.995876	0.909009	0.001263	0.922377	0.000418	0.898580	0.995930	
1349476308.750056	0.999977	50.840824	36.474452	9.838543	0.748329	0.994981	0.748330	0.994993	0.748328	0.994909	0.748329	0.994991	0.748329	0.994882	0.748330	0.994889	0.748329	0.994888	0.748329	0.995001	1349476308.750159	0.999974	50.774681	36.599202	8.829148	0.898231	0.995456	0.898230	0.995506	0.898230	0.995387	0.898229	0.995486	0.898230	0.995468	0.904512	0.001854	0.934702	0.000291	0.898224	0.995863	
1349476309.750057	1.000001	50.856733	36.483486	9.889883	0.748069	0.995370	0.748067	0.995245	0.748067	0.995219	0.748068	0.995253	0.748068	0.995110	0.748068	0.995104	0.748068	0.995098	0.748067	0.995300	1349476309.750163	1.000004	50.785622	36.607014	8.847041	0.898268	0.996012	0.898267	0.996048	0.898269	0.995898	0.898267	0.996034	0.898267	0.996023	0.898910	0.001971	0.924344	0.000279	0.898266	0.996126	
1349476310.750062	1.000005	50.851094	36.476227	9.800625	0.748923	0.994735	0.748931	0.994733	0.748935	0.994479	0.748930	0.994716	0.748934	0.994477	0.748933	0.994491	0.748934	0.994481	0.748922	0.994778	1349476310.750191	1.000028	50.780322	36.604860	8.830183	0.897945	0.995341	0.897947	0.995448	0.897943	0.995223	0.897946	0.995415	0.897945	0.995380	0.897347	0.002002	0.921252	0.000303	0.897957	0.995925	
1349476311.750056	0.999994	50.845320	36.470142	9.849683	0.748974	0.995070	0.748972	0.995122	0.748973	0.995018	0.748972	0.995061	0.748971	0.994895	0.748972	0.994903	0.748971	0.994915	0.748974	0.995119	1349476311.750166	0.999975	50.729068	36.567947	8.771719	0.897962	0.995748	0.897962	0.995748	0.897962	0.995680	0.897961	0.995697	0.897962	0.995788	0.899390	0.002131	0.917771	0.000408	0.897962	0.995871	
1349476312.750057	1.000001	50.753080	36.791148	8.141853	0.784867	0.982184	0.784873	0.982153	0.784879	0.982028	0.784867	0.982163	0.784880	0.982001	0.784880	0.982012	0.784878	0.982046	0.784866	0.982200	1349476312.750162	0.999996	50.732399	36.859463	7.417709	0.929589	0.982034	0.929590	0.982063	0.929589	0.981962	0.929591	0.982052	0.929590	0.982068	0.949485	0.001565	0.949286	0.000815	0.930547	0.996389	
1349476313.750057	1.000000	50.648880	36.761826	7.647537	0.808828	0.931971	0.808910	0.931596	0.808893	0.931655	0.808882	0.931763	0.808920	0.931557	0.808920	0.931547	0.808919	0.931544	0.808874	0.931773	1349476313.750162	1.000000	50.528854	36.724182	6.952484	0.950864	0.932131	0.950870	0.932235	0.950862	0.932087	0.950869	0.932224	0.950869	0.932236	0.941040	0.001499	0.942244	0.000676	0.953941	0.997520	
1349476314.750056	0.999999	47.387817	33.601427	6.871634	0.839451	0.762284	0.839564	0.761906	0.839562	0.761956	0.839515	0.762064	0.839574	0.761915	0.839588	0.761871	0.839577	0.761893	0.839501	0.762055	1349476314.750206	1.000044	47.200799	33.473209	6.225281	0.965185	0.762487	0.965188	0.762553	0.965184	0.762451	0.965188	0.762528	0.965185	0.762621	0.947917	0.000815	0.957445	0.000408	0.973317	0.998566	
1349476315.750056	1.000000	50.840057	36.544357	9.404831	0.755548	0.993752	0.755570	0.993688	0.755567	0.993624	0.755560	0.993735	0.755571	0.993678	0.755572	0.993671	0.755572	0.993669	0.755562	0.993718	1349476315.750157	0.999951	50.774329	36.660233	8.446094	0.904213	0.994279	0.904216	0.994363	0.904214	0.994254	0.904216	0.994352	0.904217	0.994339	0.913749	0.000780	0.929490	0.000272	0.904393	0.996221	
1349476316.750087	1.000031	50.845851	36.446945	9.858322	0.746598	0.995426	0.746598	0.995416	0.746600	0.995382	0.746599	0.995419	0.746599	0.995414	0.746599	0.995411	0.746599	0.995407	0.746600	0.995392	1349476316.750198	1.000041	50.772729	36.577693	8.930984	0.896084	0.996140	0.896084	0.996137	0.896084	0.996131	0.896084	0.996123	0.896084	0.996159	0.911432	0.000622	0.919167	0.000107	0.896086	0.996172	
1349476317.750057	0.999970	50.858477	36.459729	9.828237	0.746595	0.995429	0.746589	0.995342	0.746594	0.995424	0.746593	0.995422	0.746593	0.995413	0.746592	0.995411	0.746591	0.995408	0.746588	0.995366	1349476317.750162	0.999964	50.792737	36.596899	8.941377	0.895754	0.996049	0.895753	0.996043	0.895754	0.995946	0.895753	0.996033	0.895752	0.996040	0.898151	0.000664	0.893462	0.000123	0.895747	0.996043	
1349476318.750066	1.000009	715801374.424911	715793877.981002	715818591.999008	0.999999	1.000172	0.999996	1.000175	1.000006	1.000172	0.999999	1.000172	0.999999	1.000175	1.000001	1.000170	0.999999	1.000175	0.999999	1.000172	1349476318.750185	1.000023	715797532.628343	715801926.249735	715804587.006004	0.999999	1.000172	0.999996	1.000175	3.892419	0.256956	0.999999	1.000172	0.999999	1.000175	1.000001	1.000170	0.999999	1.000175	0.999999	1.000172	
1349476319.750097	1.000031	0.000000	0.000000	0.000000	-nan	-nan	-nan	-nan	0.000000	inf	-nan	-nan	-nan	0.000000	-nan	-nan	-nan	-nan	-nan	-nan	1349476319.750176	0.999991	0.000000	0.000000	0.000000	-nan	-nan	-nan	-nan	0.000000	inf	-nan	-nan	-nan	-nan	-nan	-nan	-nan	-nan	-nan	-nan	
