ts_0	elapsed_0	pkg_0	pp0_0	dram_0	freq_ratio_0_0	c0_ratio_0_0	freq_ratio_0_1	c0_ratio_0_1	freq_ratio_0_2	c0_ratio_0_2	freq_ratio_0_3	c0_ratio_0_3	freq_ratio_0_4	c0_ratio_0_4	freq_ratio_0_5	c0_ratio_0_5	freq_ratio_0_6	c0_ratio_0_6	freq_ratio_0_7	c0_ratio_0_7	ts_1	elapsed_1	pkg_1	pp0_1	dram_1	freq_ratio_1_0	c0_ratio_1_0	freq_ratio_1_1	c0_ratio_1_1	freq_ratio_1_2	c0_ratio_1_2	freq_ratio_1_3	c0_ratio_1_3	freq_ratio_1_4	c0_ratio_1_4	freq_ratio_1_5	c0_ratio_1_5	freq_ratio_1_6	c0_ratio_1_6	freq_ratio_1_7	c0_ratio_1_7	
1350073140.197059	1.000299	65.136211	51.913221	6.118364	1.230546	0.998168	1.191548	0.000908	1.230546	0.998155	1.192847	0.000333	1.230546	0.998153	1.191365	0.000263	1.230546	0.998152	1.189370	0.000267	1350073140.197188	1.000283	63.746501	50.523513	2.690141	1.230604	0.998465	1.192311	0.000581	1.230604	0.998464	1.186893	0.000352	1.230604	0.998462	1.188557	0.000447	1.230604	0.998461	1.189016	0.000453	
1350073141.197056	0.999997	65.290699	52.076135	6.108280	1.230622	0.998463	1.192408	0.000592	1.230622	0.998462	1.190313	0.000251	1.230622	0.998462	1.190312	0.000256	1.230622	0.998460	1.189996	0.000228	1350073141.197181	0.999993	63.903106	50.666183	2.690067	1.230665	0.998970	1.192330	0.000356	1.230665	0.998968	1.191717	0.000196	1.230665	0.998968	1.192412	0.000354	1.230665	0.998967	1.192374	0.000233	
1350073142.197056	1.000000	65.414948	52.199448	6.102859	1.230558	0.998618	1.192260	0.002183	1.230558	0.998616	1.194839	0.000200	1.230558	0.998615	1.194761	0.000210	1.230558	0.998614	1.194899	0.000208	1350073142.197190	1.000009	63.974411	50.749479	2.655829	1.230651	0.998881	1.192292	0.000416	1.230651	0.998880	1.193453	0.000249	1.230651	0.998879	1.192609	0.000380	1.230650	0.998878	1.192439	0.000311	
1350073143.197055	0.999999	65.443666	52.227497	6.090551	1.230647	0.998749	1.192339	0.000341	1.230647	0.998748	1.189592	0.000253	1.230647	0.998747	1.189350	0.000226	1.230647	0.998747	1.189160	0.000218	1350073143.197186	0.999996	64.029175	50.822197	2.684795	1.230657	0.998905	1.192306	0.000368	1.230657	0.998904	1.191670	0.000201	1.230657	0.998903	1.191374	0.000359	1.230657	0.998903	1.191559	0.000279	
1350073144.197056	1.000001	65.387206	52.171673	6.084406	1.230654	0.998774	1.192453	0.000413	1.230654	0.998770	1.195413	0.000224	1.230654	0.998770	1.196003	0.000187	1.230654	0.998769	1.196083	0.000178	1350073144.197188	1.000002	64.116134	50.912104	2.655314	1.230631	0.998660	1.192317	0.000430	1.230631	0.998659	1.191812	0.000246	1.230631	0.998658	1.192913	0.000381	1.230631	0.998658	1.192761	0.000410	
1350073145.197055	0.999999	65.362947	52.158604	6.058462	1.230621	0.998504	1.192182	0.000593	1.230621	0.998503	1.189426	0.000237	1.230621	0.998502	1.189571	0.000258	1.230621	0.998501	1.189671	0.000252	1350073145.197182	0.999994	64.131730	50.923002	2.707551	1.230668	0.999005	1.192301	0.000318	1.230668	0.999004	1.191696	0.000188	1.230668	0.999004	1.192235	0.000360	1.230668	0.999004	1.192540	0.000244	
1350073146.197056	1.000001	65.496214	52.277889	6.010675	1.230660	0.998816	1.192263	0.000347	1.230660	0.998808	1.195281	0.000232	1.230660	0.998807	1.195743	0.000197	1.230660	0.998806	1.196257	0.000163	1350073146.197190	1.000008	64.123626	50.913100	2.664804	1.230653	0.998901	1.189282	0.000388	1.230653	0.998900	1.192371	0.000244	1.230653	0.998899	1.192488	0.000391	1.230653	0.998898	1.192316	0.000320	
1350073147.197055	0.999999	65.484239	52.266499	6.056158	1.230651	0.998731	1.192286	0.000335	1.230652	0.998730	1.189308	0.000229	1.230652	0.998730	1.189445	0.000231	1.230652	0.998729	1.189458	0.000231	1350073147.197188	0.999998	64.167694	50.952551	2.658742	1.230663	0.998966	1.195452	0.000363	1.230663	0.998966	1.193379	0.000195	1.230663	0.998965	1.191702	0.000334	1.230664	0.998964	1.191552	0.000260	
1350073148.197056	1.000001	65.504805	52.288280	6.087091	1.230650	0.998792	1.191042	0.000569	1.230650	0.998791	1.195500	0.000215	1.230650	0.998791	1.196099	0.000181	1.230650	0.998790	1.195744	0.000195	1350073148.197189	1.000001	64.118057	50.915143	2.674054	1.230635	0.998703	1.184215	0.000379	1.230635	0.998702	1.192408	0.000251	1.230635	0.998701	1.192793	0.000407	1.230635	0.998701	1.192808	0.000394	
1350073149.197055	0.999999	65.511323	52.294575	6.089361	1.230632	0.998706	1.193149	0.000817	1.230632	0.998705	1.189867	0.000257	1.230632	0.998704	1.189573	0.000247	1.230632	0.998703	1.189185	0.000207	1350073149.197184	0.999995	64.189988	50.972149	2.658873	1.230663	0.998968	1.199799	0.000414	1.230663	0.998967	1.191819	0.000171	1.230663	0.998966	1.191346	0.000319	1.230664	0.998966	1.192594	0.000276	
1350073150.197056	1.000001	65.504622	52.289013	6.084406	1.230633	0.998572	1.192270	0.000598	1.230633	0.998570	1.195293	0.000223	1.230633	0.998570	1.192433	0.000189	1.230633	0.998570	1.195937	0.000179	1350073150.197188	1.000004	64.188811	50.969718	2.680104	1.230652	0.998835	1.192246	0.000280	1.230652	0.998835	1.191788	0.000242	1.230652	0.998834	1.192820	0.000415	1.230652	0.998833	1.192311	0.000327	
1350073151.197055	0.999999	65.487810	52.267857	6.090612	1.230653	0.998749	1.192328	0.000302	1.230653	0.998748	1.189654	0.000262	1.230653	0.998747	1.192173	0.000238	1.230653	0.998746	1.189233	0.000213	1350073151.197184	0.999996	64.246568	51.027703	2.672130	1.230671	0.998991	1.191539	0.000190	1.230670	0.998990	1.192204	0.000192	1.230671	0.998989	1.192334	0.000321	1.230671	0.998989	1.192277	0.000275	
1350073152.197056	1.000001	65.488478	52.270794	6.092493	1.230564	0.998708	1.191936	0.001929	1.230564	0.998707	1.195017	0.000253	1.230564	0.998706	1.196345	0.000182	1.230564	0.998705	1.195998	0.000179	1350073152.197188	1.000004	64.253951	51.035621	2.681676	1.230651	0.998832	1.192819	0.000248	1.230651	0.998832	1.192850	0.000245	1.230651	0.998831	1.192359	0.000370	1.230650	0.998830	1.192342	0.000359	
1350073153.197056	1.000000	65.329987	52.108856	6.078247	1.230635	0.998574	1.193942	0.000421	1.230635	0.998574	1.189515	0.000236	1.230634	0.998574	1.190191	0.000246	1.230635	0.998573	1.190167	0.000238	1350073153.197184	0.999996	64.092682	50.873284	2.684780	1.230664	0.998969	1.192361	0.000337	1.230664	0.998968	1.192772	0.000195	1.230663	0.998967	1.192314	0.000305	1.230664	0.998967	1.192314	0.000242	
1350073154.197056	1.000000	65.483063	52.260818	5.990799	1.230648	0.998683	1.192247	0.000389	1.230648	0.998681	1.195002	0.000251	1.230648	0.998681	1.194938	0.000192	1.230648	0.998680	1.195231	0.000191	1350073154.197185	1.000001	64.286270	51.067365	2.677198	1.230644	0.998771	1.192250	0.000446	1.230644	0.998770	1.192811	0.000248	1.230644	0.998769	1.192651	0.000391	1.230644	0.998768	1.192397	0.000310	
1350073155.197055	0.999999	65.505800	52.285054	6.080145	1.230629	0.998528	1.190962	0.000541	1.230629	0.998527	1.189795	0.000263	1.230629	0.998526	1.189562	0.000231	1.230629	0.998526	1.189213	0.000215	1350073155.197177	0.999992	64.279101	51.060671	2.705543	1.230667	0.998992	1.192389	0.000317	1.230667	0.998991	1.192467	0.000214	1.230667	0.998990	1.191868	0.000317	1.230667	0.998990	1.192274	0.000277	
1350073156.197056	1.000001	65.514647	52.294262	5.910120	1.230659	0.998795	1.192359	0.000350	1.230659	0.998791	1.195375	0.000215	1.230659	0.998791	1.195702	0.000197	1.230659	0.998790	1.195869	0.000179	1350073156.197181	1.000004	64.262633	51.040961	2.667927	1.230644	0.998837	1.192250	0.000427	1.230644	0.998837	1.190869	0.000236	1.230644	0.998836	1.192308	0.000408	1.230644	0.998835	1.192348	0.000320	
1350073157.197055	0.999999	65.482637	52.260304	5.902182	1.230653	0.998746	1.194480	0.000328	1.230652	0.998746	1.189716	0.000262	1.230652	0.998745	1.189483	0.000243	1.230652	0.998743	1.189125	0.000210	1350073157.197181	1.000000	64.273682	51.050278	2.670990	1.230668	0.999012	1.192245	0.000315	1.230668	0.999012	1.192288	0.000175	1.230668	0.999011	1.192280	0.000328	1.230668	0.999010	1.192375	0.000281	
1350073158.197056	1.000001	65.431258	52.209270	6.096735	1.230652	0.998727	1.192254	0.000366	1.230652	0.998726	1.194987	0.000253	1.230652	0.998725	1.196204	0.000181	1.230652	0.998724	1.196225	0.000179	1350073158.197190	1.000009	64.260618	51.037685	2.695227	1.230651	0.998881	1.184524	0.000385	1.230651	0.998880	1.193241	0.000253	1.230651	0.998879	1.192596	0.000403	1.230651	0.998878	1.192322	0.000329	
1350073159.197055	0.999999	65.393052	52.183155	6.065924	1.230649	0.998706	1.192278	0.000351	1.230650	0.998706	1.189621	0.000249	1.230650	0.998705	1.189246	0.000230	1.230650	0.998704	1.189307	0.000221	1350073159.197216	1.000026	64.279122	51.057130	2.692923	1.230659	0.998921	1.199330	0.000427	1.230659	0.998919	1.192298	0.000187	1.230659	0.998919	1.192277	0.000339	1.230660	0.998918	1.192288	0.000304	
1350073160.197056	1.000001	65.462706	52.239330	6.104395	1.230603	0.998661	1.192277	0.000563	1.230603	0.998660	1.195291	0.000234	1.230603	0.998658	1.192610	0.000182	1.230603	0.998658	1.195674	0.000196	1350073160.197188	0.999972	64.270592	51.048360	2.702498	1.230651	0.998875	1.192253	0.000421	1.230651	0.998874	1.191800	0.000244	1.230651	0.998875	1.192131	0.000398	1.230651	0.998873	1.192375	0.000293	
1350073161.197056	1.000000	65.580460	52.356293	6.073883	1.227760	0.998645	1.162467	0.003727	1.227761	0.998644	1.157805	0.002934	1.227760	0.998643	1.158357	0.002755	1.227761	0.998642	1.156643	0.002641	1350073161.197184	0.999996	64.363359	51.140115	2.678172	1.230399	0.998697	1.159418	0.002826	1.230399	0.998696	1.157969	0.002603	1.230399	0.998695	1.166060	0.004090	1.230400	0.998694	1.158463	0.002562	
1350073162.197056	1.000000	65.463287	52.241592	6.028976	1.230553	0.998546	1.192662	0.001974	1.230553	0.998544	1.195110	0.000234	1.230553	0.998543	1.195724	0.000198	1.230553	0.998542	1.195864	0.000179	1350073162.197186	1.000002	64.281082	51.059351	2.694789	1.230579	0.998875	1.192348	0.000406	1.230579	0.998875	1.191864	0.000245	1.230579	0.998874	1.192327	0.000405	1.230579	0.998874	1.192294	0.000345	
1350073163.197056	1.000000	65.403763	52.183289	5.901871	1.230576	0.998795	1.192213	0.000299	1.230576	0.998794	1.189597	0.000246	1.230577	0.998793	1.189377	0.000231	1.230577	0.998793	1.189267	0.000210	1350073163.197181	0.999995	64.227708	51.018947	2.697294	1.230666	0.999010	1.192300	0.000331	1.230666	0.999009	1.192936	0.000189	1.230666	0.999009	1.192324	0.000352	1.230666	0.999008	1.192321	0.000285	
1350073164.197056	1.000000	65.403397	52.183823	5.686707	1.230657	0.998772	1.192295	0.000363	1.230657	0.998771	1.195290	0.000233	1.230656	0.998770	1.196190	0.000180	1.230656	0.998769	1.195911	0.000180	1350073164.197187	1.000006	64.319563	51.097703	2.707397	1.230642	0.998792	1.192342	0.000454	1.230642	0.998792	1.192281	0.000252	1.230641	0.998791	1.192227	0.000415	1.230642	0.998790	1.192304	0.000384	
1350073165.197055	0.999999	65.393510	52.171879	6.098272	1.230631	0.998597	1.191101	0.000568	1.230631	0.998596	1.194462	0.000253	1.230632	0.998595	1.190210	0.000230	1.230632	0.998594	1.189938	0.000224	1350073165.197158	0.999971	64.286919	51.063833	2.693545	1.230670	0.999030	1.192176	0.000315	1.230670	0.999029	1.192871	0.000171	1.230670	0.999028	1.192322	0.000337	1.230670	0.999028	1.192056	0.000290	
1350073166.197058	1.000003	715762092.143982	715765214.698284	715783937.251781	0.999991	1.000220	0.999989	1.000225	0.999998	1.000220	0.999991	1.000221	0.999991	1.000224	0.999993	1.000218	0.999991	1.000224	0.999991	1.000221	1350073166.197150	0.999992	715801699.087473	715787536.205103	715805164.150260	0.999991	1.000221	0.999988	1.000223	3.892987	0.256928	0.999991	1.000221	0.999991	1.000224	0.999993	1.000219	0.999990	1.000223	0.999991	1.000221	
1350073167.197056	0.999998	0.000000	0.000000	0.000000	-nan	-nan	-nan	-nan	0.000000	inf	-nan	-nan	-nan	0.000000	-nan	-nan	-nan	-nan	-nan	-nan	1350073167.197113	0.999963	0.000000	0.000000	0.000000	-nan	-nan	-nan	-nan	0.000000	inf	-nan	-nan	-nan	-nan	-nan	-nan	-nan	-nan	-nan	-nan	
