ts_0	elapsed_0	pkg_0	pp0_0	dram_0	freq_ratio_0_0	c0_ratio_0_0	freq_ratio_0_1	c0_ratio_0_1	freq_ratio_0_2	c0_ratio_0_2	freq_ratio_0_3	c0_ratio_0_3	freq_ratio_0_4	c0_ratio_0_4	freq_ratio_0_5	c0_ratio_0_5	freq_ratio_0_6	c0_ratio_0_6	freq_ratio_0_7	c0_ratio_0_7	ts_1	elapsed_1	pkg_1	pp0_1	dram_1	freq_ratio_1_0	c0_ratio_1_0	freq_ratio_1_1	c0_ratio_1_1	freq_ratio_1_2	c0_ratio_1_2	freq_ratio_1_3	c0_ratio_1_3	freq_ratio_1_4	c0_ratio_1_4	freq_ratio_1_5	c0_ratio_1_5	freq_ratio_1_6	c0_ratio_1_6	freq_ratio_1_7	c0_ratio_1_7	
1350073140.198047	1.000296	62.028797	48.776252	6.125765	1.230605	0.998255	1.189023	0.000463	1.190525	0.000363	1.230605	0.998243	1.230605	0.998242	1.193212	0.000247	1.230606	0.998240	1.189265	0.000356	1350073140.198177	1.000282	63.114584	49.922458	2.726434	1.230628	0.998559	1.194462	0.000265	1.230628	0.998558	1.190137	0.000437	1.230628	0.998565	1.189879	0.000292	1.230628	0.998556	1.190275	0.000421	
1350073141.198045	0.999998	62.198605	48.958589	6.115216	1.230606	0.998443	1.192261	0.000837	1.189400	0.000236	1.230606	0.998443	1.230606	0.998441	1.189434	0.000230	1.230606	0.998441	1.192430	0.000279	1350073141.198172	0.999995	63.322033	50.128684	2.764082	1.230642	0.998743	1.190503	0.000295	1.230642	0.998742	1.191373	0.000391	1.230642	0.998741	1.190850	0.000249	1.230641	0.998740	1.194506	0.000448	
1350073142.198044	0.999999	62.305968	49.058076	6.065924	1.230619	0.998574	1.192230	0.000986	1.192196	0.000181	1.230619	0.998573	1.230619	0.998572	1.192198	0.000186	1.230619	0.998571	1.195467	0.000196	1350073142.198168	0.999996	63.404905	50.202123	2.707164	1.230663	0.998927	1.192237	0.000218	1.230663	0.998925	1.193895	0.000323	1.230663	0.998925	1.192220	0.000178	1.230663	0.998924	1.190400	0.000320	
1350073143.198045	1.000001	62.302919	49.048614	6.109064	1.230652	0.998743	1.192368	0.000331	1.192373	0.000255	1.230652	0.998742	1.230652	0.998741	1.192391	0.000225	1.230652	0.998740	1.189752	0.000242	1350073143.198169	1.000001	63.501343	50.290708	2.746122	1.230632	0.998721	1.192225	0.000280	1.230632	0.998719	1.191017	0.000393	1.230632	0.998719	1.192087	0.000446	1.230632	0.998718	1.193306	0.000414	
1350073144.198044	0.999999	62.332793	49.089891	6.102942	1.230668	0.998899	1.192215	0.000281	1.195919	0.000197	1.230668	0.998896	1.230668	0.998895	1.192003	0.000202	1.230668	0.998895	1.192286	0.000181	1350073144.198173	1.000004	63.575258	50.361978	2.700017	1.230668	0.998968	1.192306	0.000220	1.230668	0.998967	1.192331	0.000331	1.230668	0.998966	1.193036	0.000192	1.230668	0.998966	1.191052	0.000306	
1350073145.198045	1.000001	62.401399	49.144912	6.102899	1.230649	0.998728	1.192406	0.000348	1.189260	0.000226	1.230649	0.998730	1.230649	0.998729	1.192525	0.000230	1.230649	0.998728	1.192367	0.000277	1350073145.198171	0.999998	63.542312	50.328114	2.725774	1.230634	0.998792	1.192301	0.000305	1.230648	0.998792	1.192295	0.000400	1.230648	0.998791	1.192311	0.000225	1.230647	0.998791	1.194111	0.000348	
1350073146.198044	0.999999	62.350355	49.089799	6.090582	1.230638	0.998659	1.192317	0.000628	1.192383	0.000198	1.230638	0.998659	1.230638	0.998658	1.192422	0.000169	1.230638	0.998657	1.192390	0.000181	1350073146.198172	1.000001	63.584031	50.365202	2.702436	1.230680	0.998962	1.192340	0.000211	1.230666	0.998971	1.192352	0.000344	1.230666	0.998971	1.191643	0.000162	1.230666	0.998970	1.192301	0.000361	
1350073147.198045	1.000001	62.385927	49.122954	6.115122	1.230543	0.998595	1.192213	0.002156	1.192330	0.000245	1.230543	0.998586	1.230543	0.998585	1.192243	0.000238	1.230543	0.998584	1.192526	0.000237	1350073147.198170	0.999998	63.544387	50.338628	2.746862	1.230631	0.998647	1.192272	0.000291	1.230632	0.998635	1.192319	0.000423	1.230632	0.998634	1.192757	0.000248	1.230632	0.998633	1.192298	0.000435	
1350073148.198044	0.999999	62.373518	49.112290	6.065939	1.230662	0.998838	1.192416	0.000298	1.192415	0.000198	1.230663	0.998836	1.230663	0.998835	1.196051	0.000186	1.230663	0.998834	1.192111	0.000197	1350073148.198171	1.000001	63.652573	50.420560	2.702497	1.230668	0.998969	1.194885	0.000221	1.230668	0.998968	1.192270	0.000289	1.230668	0.998967	1.195414	0.000195	1.230668	0.998967	1.192335	0.000311	
1350073149.198044	1.000000	62.354172	49.091599	6.109085	1.230652	0.998748	1.192149	0.000316	1.192302	0.000238	1.230652	0.998748	1.230652	0.998746	1.189297	0.000218	1.230652	0.998746	1.192399	0.000250	1350073149.198173	1.000002	63.541459	50.334346	2.744288	1.230652	0.998833	1.190250	0.000281	1.230652	0.998833	1.192362	0.000381	1.230652	0.998832	1.189668	0.000226	1.230652	0.998831	1.191698	0.000347	
1350073150.198044	1.000000	62.327530	49.065231	6.109070	1.230666	0.998881	1.192213	0.000284	1.195745	0.000198	1.230666	0.998881	1.230666	0.998880	1.195986	0.000185	1.230666	0.998879	1.192267	0.000200	1350073150.198174	1.000001	63.614304	50.392973	2.700025	1.230666	0.998944	1.194656	0.000212	1.230666	0.998943	1.193941	0.000324	1.230666	0.998942	1.195880	0.000177	1.230666	0.998941	1.191082	0.000326	
1350073151.198045	1.000001	62.346452	49.081084	6.102899	1.230623	0.998527	1.192558	0.000661	1.189747	0.000222	1.230623	0.998526	1.230623	0.998524	1.189830	0.000219	1.230623	0.998523	1.192906	0.000236	1350073151.198171	0.999997	63.603606	50.383518	2.744836	1.230644	0.998743	1.190460	0.000270	1.230644	0.998742	1.190894	0.000370	1.230644	0.998742	1.189539	0.000227	1.230644	0.998740	1.193696	0.000385	
1350073152.198044	0.999999	62.357466	49.094926	6.084433	1.230658	0.998788	1.191680	0.000291	1.191803	0.000209	1.230658	0.998787	1.230658	0.998786	1.191677	0.000213	1.230659	0.998786	1.191655	0.000191	1350073152.198170	0.999999	63.606247	50.385882	2.702395	1.230663	0.998949	1.192196	0.000221	1.230663	0.998960	1.193972	0.000319	1.230663	0.998960	1.192256	0.000180	1.230663	0.998959	1.190609	0.000298	
1350073153.198045	1.000001	62.226412	48.965026	6.109064	1.230635	0.998592	1.192260	0.000439	1.192327	0.000263	1.230635	0.998592	1.230635	0.998590	1.192542	0.000216	1.230635	0.998590	1.192254	0.000232	1350073153.198167	0.999997	63.424681	50.200626	2.712624	1.230636	0.998738	1.192253	0.000425	1.230636	0.998725	1.190990	0.000372	1.230636	0.998725	1.192370	0.000271	1.230636	0.998724	1.193918	0.000365	
1350073154.198044	0.999999	62.350066	49.087739	6.084417	1.230654	0.998803	1.191191	0.000394	1.189802	0.000194	1.230654	0.998800	1.230654	0.998799	1.195563	0.000198	1.230654	0.998799	1.191573	0.000252	1350073154.198172	1.000005	63.615480	50.394767	2.710848	1.230655	0.998912	1.192399	0.000412	1.230655	0.998911	1.191383	0.000319	1.230655	0.998911	1.193562	0.000187	1.230655	0.998909	1.188856	0.000365	
1350073155.198044	1.000000	62.355545	49.092102	6.102905	1.230651	0.998747	1.192631	0.000359	1.192268	0.000222	1.230651	0.998747	1.230651	0.998746	1.189103	0.000214	1.230651	0.998744	1.189450	0.000222	1350073155.198172	1.000000	63.600632	50.377548	2.723618	1.230627	0.998747	1.190968	0.000397	1.230641	0.998746	1.192351	0.000350	1.230641	0.998745	1.189675	0.000223	1.230641	0.998745	1.194336	0.000413	
1350073156.198044	1.000000	62.244522	48.991562	6.096741	1.230617	0.998569	1.192305	0.000746	1.192395	0.000224	1.230617	0.998568	1.230617	0.998567	1.196008	0.000184	1.230617	0.998565	1.195813	0.000194	1350073156.198173	1.000001	63.530472	50.319914	2.705091	1.230671	0.998900	1.193694	0.000371	1.230657	0.998900	1.192350	0.000303	1.230657	0.998899	1.195443	0.000189	1.230657	0.998898	1.192172	0.000349	
1350073157.198044	1.000000	62.314072	49.047409	6.127594	1.230538	0.998530	1.192581	0.001974	1.194977	0.000256	1.230538	0.998530	1.230538	0.998529	1.189199	0.000216	1.230539	0.998527	1.189649	0.000256	1350073157.198175	1.000002	63.585038	50.361751	2.711421	1.230650	0.998837	1.190982	0.000414	1.230650	0.998837	1.192328	0.000375	1.230650	0.998836	1.189507	0.000224	1.230650	0.998835	1.191867	0.000302	
1350073158.198044	1.000000	62.354767	49.088120	6.072083	1.230655	0.998747	1.190343	0.000362	1.188824	0.000194	1.230655	0.998745	1.230655	0.998744	1.192268	0.000183	1.230655	0.998743	1.192267	0.000179	1350073158.198172	0.999997	63.612532	50.386692	2.707925	1.230664	0.998955	1.192317	0.000372	1.230664	0.998967	1.192229	0.000288	1.230664	0.998965	1.192364	0.000190	1.230664	0.998965	1.192982	0.000317	
1350073159.198045	1.000001	62.324999	49.058165	6.102899	1.230652	0.998745	1.192323	0.000344	1.192225	0.000253	1.230652	0.998744	1.230652	0.998743	1.192398	0.000216	1.230652	0.998743	1.192294	0.000217	1350073159.198203	1.000031	63.592359	50.370112	2.702263	1.230647	0.998847	1.192292	0.000413	1.230647	0.998834	1.192388	0.000374	1.230647	0.998833	1.192472	0.000232	1.230647	0.998832	1.192347	0.000378	
1350073160.198044	0.999999	62.351042	49.084016	6.102911	1.230661	0.998813	1.192172	0.000326	1.192322	0.000181	1.230661	0.998813	1.230661	0.998811	1.192345	0.000183	1.230661	0.998810	1.195667	0.000195	1350073160.198171	0.999968	63.605471	50.383125	2.703013	1.230662	0.998936	1.192280	0.000366	1.230662	0.998947	1.194105	0.000297	1.230662	0.998946	1.192267	0.000190	1.230662	0.998946	1.190466	0.000332	
1350073161.198044	1.000000	62.359055	49.095963	6.084412	1.230587	0.998529	1.192537	0.000700	1.192252	0.000221	1.230588	0.998527	1.230587	0.998526	1.192270	0.000239	1.230588	0.998525	1.189402	0.000218	1350073161.198166	0.999995	63.608473	50.384957	2.705168	1.230644	0.998813	1.191970	0.000468	1.230644	0.998812	1.190884	0.000344	1.230644	0.998811	1.191735	0.000249	1.230644	0.998810	1.193363	0.000376	
1350073162.198045	1.000001	62.506822	49.241851	6.107889	1.229174	0.998551	1.164367	0.003644	1.158505	0.002617	1.229175	0.998546	1.229175	0.998544	1.157038	0.002460	1.229175	0.998544	1.157494	0.002487	1350073162.198183	1.000017	63.724690	50.498840	2.710174	1.227509	0.998919	1.161785	0.004329	1.227509	0.998907	1.159164	0.002821	1.227509	0.998906	1.156940	0.002488	1.227509	0.998906	1.159746	0.002670	
1350073163.198045	1.000000	62.316666	49.052322	6.109070	1.230647	0.998704	1.192274	0.000349	1.192937	0.000258	1.230647	0.998704	1.230647	0.998702	1.192964	0.000235	1.230647	0.998702	1.192963	0.000232	1350073163.198168	0.999985	63.615457	50.393381	2.700892	1.230649	0.998808	1.192303	0.000401	1.230642	0.998808	1.190868	0.000351	1.230649	0.998806	1.192445	0.000223	1.230649	0.998806	1.192343	0.000328	
1350073164.198044	0.999999	62.359206	49.093614	6.084433	1.230658	0.998792	1.191732	0.000312	1.191592	0.000192	1.230658	0.998791	1.230658	0.998790	1.194472	0.000242	1.230657	0.998789	1.191716	0.000205	1350073164.198169	1.000001	63.623200	50.399427	2.700132	1.230661	0.998948	1.193675	0.000367	1.230668	0.998947	1.192329	0.000337	1.230661	0.998946	1.195405	0.000196	1.230661	0.998946	1.192264	0.000347	
1350073165.198044	1.000000	62.376938	49.112442	6.109070	1.230652	0.998747	1.192685	0.000337	1.192309	0.000235	1.230652	0.998746	1.230652	0.998745	1.189656	0.000248	1.230652	0.998744	1.192288	0.000214	1350073165.198169	1.000000	63.636429	50.412277	2.714523	1.230643	0.998759	1.191055	0.000402	1.230643	0.998769	1.192267	0.000379	1.230643	0.998768	1.189980	0.000266	1.230643	0.998767	1.192586	0.000365	
1350073166.198045	1.000001	715805720.869804	715781370.424307	715802557.484026	0.999987	1.000194	0.999984	1.000198	0.999995	1.000200	0.999985	1.000190	0.999987	1.000197	0.999989	1.000193	0.999987	1.000198	0.999987	1.000195	1350073166.198133	0.999964	715846152.696327	715807677.984974	715830111.204096	0.999987	1.000198	0.999984	1.000196	3.893273	0.256901	0.999986	1.000194	0.999987	1.000197	0.999989	1.000194	0.999987	1.000198	0.999987	1.000196	
1350073167.198147	1.000102	0.000000	0.000000	0.000000	-nan	-nan	-nan	-nan	8.000000	inf	-nan	-nan	-nan	0.000000	-nan	-nan	-nan	-nan	-nan	-nan	1350073167.198222	1.000089	0.000000	0.000000	0.000000	-nan	-nan	-nan	-nan	0.000000	inf	-nan	-nan	-nan	-nan	-nan	-nan	-nan	-nan	-nan	-nan	
