ts_0	elapsed_0	pkg_0	pp0_0	dram_0	freq_ratio_0_0	c0_ratio_0_0	freq_ratio_0_1	c0_ratio_0_1	freq_ratio_0_2	c0_ratio_0_2	freq_ratio_0_3	c0_ratio_0_3	freq_ratio_0_4	c0_ratio_0_4	freq_ratio_0_5	c0_ratio_0_5	freq_ratio_0_6	c0_ratio_0_6	freq_ratio_0_7	c0_ratio_0_7	ts_1	elapsed_1	pkg_1	pp0_1	dram_1	freq_ratio_1_0	c0_ratio_1_0	freq_ratio_1_1	c0_ratio_1_1	freq_ratio_1_2	c0_ratio_1_2	freq_ratio_1_3	c0_ratio_1_3	freq_ratio_1_4	c0_ratio_1_4	freq_ratio_1_5	c0_ratio_1_5	freq_ratio_1_6	c0_ratio_1_6	freq_ratio_1_7	c0_ratio_1_7	
1350069012.416564	1.000196	91.571501	78.203561	3.804293	1.153846	1.000000	1.153846	1.000000	1.153846	1.000000	1.153846	1.000000	1.153846	1.000000	1.153846	1.000000	1.153846	1.000000	1.153846	1.000000	1350069012.416606	1.000196	63.562921	50.279972	1.703798	1.230201	0.995379	1.230201	0.995374	1.230201	0.995369	1.230201	0.995364	1.192387	0.003294	1.191450	0.000619	1.191736	0.000100	1.192451	0.000142	
1350069013.416561	0.999997	92.162075	78.770599	3.801281	1.153846	1.000000	1.153846	1.000000	1.153846	1.000000	1.153846	1.000000	1.153846	1.000000	1.153846	1.000000	1.153846	1.000000	1.153846	1.000000	1350069013.416598	0.999992	63.913512	50.631621	1.594297	1.230411	0.997264	1.230410	0.997260	1.230411	0.997258	1.230411	0.997256	1.192325	0.001714	1.192304	0.000468	1.191941	0.000011	1.189635	0.000060	
1350069014.416561	1.000000	92.436600	79.028778	3.808777	1.153846	1.000000	1.153846	1.000000	1.153846	1.000000	1.153846	1.000000	1.153846	1.000000	1.153846	1.000000	1.153846	1.000000	1.153846	1.000000	1350069014.416591	0.999993	64.043106	50.755859	1.616619	1.230503	0.997157	1.230504	0.997154	1.230503	0.997150	1.230504	0.997148	1.192301	0.001759	1.192771	0.000485	1.196963	0.000048	1.194796	0.000080	
1350069015.416561	1.000000	88.469559	75.047546	3.789062	1.153846	1.000000	1.153845	0.482437	1.153846	1.000000	1.153846	1.000000	1.153846	1.000000	1.153846	1.000000	1.153846	1.000000	1.153846	1.000000	1350069015.416618	1.000027	68.725779	55.433184	1.582965	1.208091	0.997281	1.208091	0.997278	1.208091	0.997276	1.208091	0.997273	1.187542	0.520760	1.157424	0.004032	1.153714	0.002475	1.154650	0.003476	
1350069016.416561	1.000000	84.008698	70.605469	3.797745	1.153846	1.000000	1.153096	0.000131	1.153846	1.000000	1.153846	1.000000	1.153846	1.000000	1.153846	1.000000	1.153846	1.000000	1.153846	1.000000	1350069016.416618	1.000000	69.652817	56.372849	1.630325	1.192304	0.999955	1.192304	0.999955	1.192304	0.999955	1.192304	0.999955	1.192304	0.999955	1.191843	0.002214	1.201826	0.000041	1.193496	0.000259	
1350069017.416561	1.000000	84.177444	70.762024	3.797333	1.153846	1.000000	1.153948	0.000155	1.153846	1.000000	1.153846	1.000000	1.153846	1.000000	1.153846	1.000000	1.153846	1.000000	1.153846	1.000000	1350069017.416617	0.999999	69.718405	56.423684	1.586229	1.192306	0.999978	1.192306	0.999978	1.192306	0.999978	1.192306	0.999978	1.192306	0.999978	1.192194	0.002143	1.171690	0.000011	1.188065	0.000047	
1350069018.416560	0.999999	84.201420	70.785285	3.801166	1.153846	1.000000	1.153943	0.000143	1.153846	1.000000	1.153846	1.000000	1.153846	1.000000	1.153846	1.000000	1.153846	1.000000	1.153846	1.000000	1350069018.416614	0.999997	69.706820	56.410377	1.587392	1.192306	0.999978	1.192306	0.999978	1.192306	0.999978	1.192306	0.999978	1.192305	0.999978	1.192456	0.002147	1.195069	0.000052	1.193914	0.000083	
1350069019.416561	1.000001	84.301174	70.884240	3.797421	1.153846	1.000000	1.153836	0.002070	1.153846	1.000000	1.153846	1.000000	1.153846	1.000000	1.153846	1.000000	1.153846	1.000000	1.153846	1.000000	1350069019.416615	1.000001	69.674876	56.376457	1.586272	1.192305	0.999977	1.192305	0.999977	1.192305	0.999977	1.192305	0.999977	1.192305	0.999978	1.192140	0.002177	1.145197	0.000011	1.181435	0.000047	
1350069020.416561	1.000000	84.273712	70.855927	3.793579	1.153846	1.000000	1.153864	0.000420	1.153846	1.000000	1.153846	1.000000	1.153846	1.000000	1.153846	1.000000	1.153846	1.000000	1.153846	1.000000	1350069020.416614	0.999999	69.682440	56.383171	1.619524	1.192303	0.999956	1.192303	0.999956	1.192303	0.999956	1.192303	0.999956	1.192303	0.999955	1.192247	0.002232	1.192811	0.000041	1.191206	0.000189	
1350069021.416561	1.000000	84.281464	70.864685	3.785950	1.153846	1.000000	1.153835	0.000153	1.153846	1.000000	1.153846	1.000000	1.153846	1.000000	1.153846	1.000000	1.153846	1.000000	1.153846	1.000000	1350069021.416618	1.000004	69.730995	56.432694	1.579858	1.192306	0.999977	1.192306	0.999977	1.192306	0.999977	1.192306	0.999976	1.192306	0.999977	1.192044	0.002115	1.175474	0.000011	1.189955	0.000094	
1350069022.416561	1.000000	84.302780	70.882309	3.801315	1.153846	1.000000	1.153975	0.000140	1.153846	1.000000	1.153846	1.000000	1.153846	1.000000	1.153846	1.000000	1.153846	1.000000	1.153846	1.000000	1350069022.416614	0.999996	69.738076	56.440262	1.591178	1.192306	0.999978	1.192306	0.999978	1.192306	0.999978	1.192306	0.999978	1.192305	0.999977	1.192262	0.002156	1.193128	0.000048	1.195011	0.000079	
1350069023.416561	1.000000	84.286423	70.866821	3.774567	1.153846	1.000000	1.153750	0.000167	1.153846	1.000000	1.153846	1.000000	1.153846	1.000000	1.153846	1.000000	1.153846	1.000000	1.153846	1.000000	1350069023.416615	1.000001	69.756083	56.456153	1.586333	1.192306	0.999977	1.192306	0.999977	1.192306	0.999977	1.192306	0.999977	1.192306	0.999977	1.192398	0.002137	1.208271	0.000011	1.191691	0.000053	
1350069024.416561	1.000000	84.303879	70.878128	3.804825	1.153846	1.000000	1.153914	0.000136	1.153846	1.000000	1.153846	1.000000	1.153846	1.000000	1.153846	1.000000	1.153846	1.000000	1.153846	1.000000	1350069024.416615	1.000000	69.790527	56.490631	1.587021	1.192306	0.999978	1.192306	0.999978	1.192299	0.999978	1.192306	0.999977	1.192306	0.999978	1.192214	0.002139	1.192070	0.000084	1.192273	0.000168	
1350069025.416561	1.000000	84.325027	70.900635	3.797348	1.153846	1.000000	1.153826	0.000424	1.153846	1.000000	1.153846	1.000000	1.153846	1.000000	1.153846	1.000000	1.153846	1.000000	1.153846	1.000000	1350069025.416615	1.000000	68.635925	55.329727	1.586227	1.192306	0.999978	1.192306	0.999978	1.192313	0.999978	1.192306	0.999978	1.192306	0.999977	1.192305	0.002090	1.192040	0.000018	1.192762	0.000054	
1350069026.416561	1.000000	84.242004	70.813950	3.797394	1.153846	1.000000	1.153799	0.000143	1.153846	1.000000	1.153846	1.000000	1.153846	1.000000	1.153846	1.000000	1.153846	1.000000	1.153846	1.000000	1350069026.416615	1.000000	69.679596	56.370255	1.581589	1.192304	0.999955	1.192304	0.999955	1.192304	0.999955	1.192304	0.999955	1.192304	0.999955	1.192409	0.002219	1.192366	0.000055	1.192145	0.000143	
1350069027.416561	1.000000	84.299957	70.874344	3.805161	1.153846	1.000000	1.153873	0.000144	1.153846	1.000000	1.153846	1.000000	1.153846	1.000000	1.153846	1.000000	1.153846	1.000000	1.153846	1.000000	1350069027.416614	0.999999	69.833685	56.525780	1.584734	1.192306	0.999978	1.192305	0.999978	1.192306	0.999978	1.192306	0.999978	1.192306	0.999978	1.192275	0.002192	1.172423	0.000011	1.187461	0.000047	
1350069028.416561	1.000000	84.308426	70.880188	3.789886	1.153846	1.000000	1.153956	0.000137	1.153846	1.000000	1.153846	1.000000	1.153846	1.000000	1.153846	1.000000	1.153846	1.000000	1.153846	1.000000	1350069028.416612	0.999998	69.836269	56.525483	1.593036	1.192306	0.999976	1.192306	0.999976	1.192305	0.999976	1.192306	0.999976	1.192306	0.999976	1.192309	0.002108	1.196886	0.000047	1.194226	0.000141	
1350069029.416561	1.000000	84.296539	70.878830	3.801132	1.153846	1.000000	1.153841	0.001844	1.153846	1.000000	1.153846	1.000000	1.153846	1.000000	1.153846	1.000000	1.153846	1.000000	1.153846	1.000000	1350069029.416619	1.000007	69.832830	56.525290	1.591130	1.192306	0.999978	1.192306	0.999978	1.192306	0.999978	1.192306	0.999978	1.192306	0.999978	1.192307	0.002222	1.193347	0.000011	1.190134	0.000047	
1350069030.416561	1.000000	84.383179	70.949554	3.789886	1.153846	1.000000	1.153923	0.000409	1.153846	1.000000	1.153846	1.000000	1.153846	1.000000	1.153846	1.000000	1.153846	1.000000	1.153846	1.000000	1350069030.416612	0.999993	69.784189	56.492990	1.583263	1.192306	0.999978	1.192306	0.999978	1.192305	0.999978	1.192306	0.999978	1.192305	0.999977	1.192499	0.002219	1.191674	0.000057	1.193490	0.000083	
1350069031.416561	1.000000	84.360580	70.925400	3.801376	1.153846	1.000000	1.153639	0.000166	1.153846	1.000000	1.153846	1.000000	1.153846	1.000000	1.153846	1.000000	1.153846	1.000000	1.153846	1.000000	1350069031.416632	1.000020	69.855840	56.549740	1.589598	1.192306	0.999977	1.192306	0.999977	1.192306	0.999977	1.192306	0.999977	1.192306	0.999977	1.192088	0.002164	1.193606	0.000011	1.191918	0.000099	
1350069032.416561	1.000000	84.380234	70.952194	3.793747	1.153846	1.000000	1.153830	0.000141	1.153846	1.000000	1.153846	1.000000	1.153846	1.000000	1.153846	1.000000	1.153846	1.000000	1.153846	1.000000	1350069032.416615	0.999983	69.843361	56.538631	1.586254	1.192306	0.999976	1.192306	0.999976	1.192306	0.999976	1.192306	0.999976	1.192305	0.999975	1.192311	0.002132	1.193849	0.000046	1.192894	0.000111	
1350069033.416561	1.000000	84.368729	70.937363	3.801361	1.153846	1.000000	1.153802	0.000178	1.153846	1.000000	1.153846	1.000000	1.153846	1.000000	1.153846	1.000000	1.153846	1.000000	1.153846	1.000000	1350069033.416615	1.000000	69.860718	56.557251	1.592697	1.192306	0.999976	1.192306	0.999976	1.192306	0.999976	1.192306	0.999976	1.192306	0.999976	1.192213	0.002115	1.159494	0.000011	1.185259	0.000047	
1350069034.416561	1.000000	84.426575	70.992096	3.805161	1.153846	1.000000	1.154017	0.000142	1.153846	1.000000	1.153846	1.000000	1.153846	1.000000	1.153846	1.000000	1.153846	1.000000	1.153846	1.000000	1350069034.416615	1.000000	69.877625	56.573868	1.586304	1.192306	0.999977	1.192306	0.999977	1.192306	0.999977	1.192306	0.999977	1.192306	0.999978	1.192402	0.002151	1.192770	0.000047	1.192640	0.000101	
1350069035.416561	1.000000	84.431061	70.993408	3.805069	1.153846	1.000000	1.153829	0.000894	1.153846	1.000000	1.153846	1.000000	1.153846	1.000000	1.153846	1.000000	1.153846	1.000000	1.153846	1.000000	1350069035.416617	1.000002	69.876805	56.568847	1.622266	1.192288	0.999840	1.192287	0.999840	1.192287	0.999840	1.192287	0.999840	1.192288	0.999840	1.190626	0.002234	1.173301	0.000212	1.189348	0.000074	
1350069036.416561	1.000000	84.439316	71.000992	3.785797	1.153846	1.000000	1.153942	0.000136	1.153846	1.000000	1.153846	1.000000	1.153846	1.000000	1.153846	1.000000	1.153846	1.000000	1.153846	1.000000	1350069036.416613	0.999996	69.852715	56.548371	1.589713	1.192306	0.999978	1.192306	0.999978	1.192306	0.999978	1.192305	0.999978	1.192306	0.999978	1.192549	0.002221	1.197056	0.000066	1.193712	0.000153	
1350069037.416561	1.000000	84.427841	70.992310	3.801422	1.153846	1.000000	1.153693	0.000160	1.153846	1.000000	1.153846	1.000000	1.153846	1.000000	1.153846	1.000000	1.153846	1.000000	1.153846	1.000000	1350069037.416617	1.000004	69.844260	56.538315	1.588052	1.192306	0.999978	1.192306	0.999977	1.192306	0.999978	1.192306	0.999977	1.192306	0.999977	1.192018	0.002128	1.169735	0.000011	1.187663	0.000054	
1350069038.416561	1.000000	84.414169	70.977188	3.801376	1.153846	1.000000	1.153911	0.000135	1.153846	1.000000	1.153846	1.000000	1.153846	1.000000	1.153846	1.000000	1.153846	1.000000	1.153846	1.000000	1350069038.416615	0.999998	69.892971	56.582902	1.796451	1.192306	0.999978	1.192306	0.999978	1.192305	0.999977	1.192306	0.999977	1.192306	0.999978	1.192372	0.002121	1.197361	0.000057	1.195501	0.000078	
1350069039.416561	1.000000	84.462936	71.025330	3.785645	1.153846	1.000000	1.153843	0.002856	1.153846	1.000000	1.153846	1.000000	1.153846	1.000000	1.153846	1.000000	1.153846	1.000000	1.153846	1.000000	1350069039.416617	1.000002	69.096487	55.778199	1.903256	1.192306	0.999976	1.192306	0.999975	1.192306	0.999976	1.192306	0.999976	1.192306	0.999975	1.192283	0.002112	1.179450	0.000018	1.187871	0.000047	
1350069040.416562	1.000001	715799444.911403	715795328.986815	715819090.587278	0.999984	1.000176	0.999981	1.000180	0.999984	1.000188	0.999982	1.000171	0.999984	1.000179	0.999986	1.000175	0.999984	1.000182	0.999983	1.000175	1350069040.416655	1.000038	715773318.229302	715764875.797175	715753417.119497	0.999983	1.000175	0.999981	1.000179	3.893429	0.256887	0.999983	1.000176	0.999984	1.000180	0.999986	1.000174	0.999983	1.000177	0.999984	1.000180	
1350069041.416693	1.000131	0.000000	0.000000	0.000000	-nan	-nan	-nan	-nan	1.000008	inf	-nan	-nan	-nan	0.000000	-nan	-nan	-nan	-nan	-nan	-nan	1350069041.416771	1.000116	0.000000	0.000000	0.000000	-nan	-nan	-nan	-nan	1.345745	inf	-nan	-nan	-nan	-nan	-nan	-nan	-nan	-nan	-nan	-nan	
