ts_0	elapsed_0	pkg_0	pp0_0	dram_0	freq_ratio_0_0	c0_ratio_0_0	freq_ratio_0_1	c0_ratio_0_1	freq_ratio_0_2	c0_ratio_0_2	freq_ratio_0_3	c0_ratio_0_3	freq_ratio_0_4	c0_ratio_0_4	freq_ratio_0_5	c0_ratio_0_5	freq_ratio_0_6	c0_ratio_0_6	freq_ratio_0_7	c0_ratio_0_7	ts_1	elapsed_1	pkg_1	pp0_1	dram_1	freq_ratio_1_0	c0_ratio_1_0	freq_ratio_1_1	c0_ratio_1_1	freq_ratio_1_2	c0_ratio_1_2	freq_ratio_1_3	c0_ratio_1_3	freq_ratio_1_4	c0_ratio_1_4	freq_ratio_1_5	c0_ratio_1_5	freq_ratio_1_6	c0_ratio_1_6	freq_ratio_1_7	c0_ratio_1_7	
1349479183.255928	1.000854	44.661123	31.098365	6.404412	1.230825	0.002061	1.266464	0.583855	1.267606	0.986727	1.186627	0.000674	1.003432	0.000046	1.146082	0.000115	1.021578	0.000044	0.695612	0.000064	1349479183.256376	1.000866	52.447473	38.831273	6.381955	1.253645	0.997508	1.230774	0.403231	1.202471	0.000041	1.222201	0.000033	1.246260	0.000032	1.244063	0.000032	1.247580	0.000032	1.253471	0.991633	
1349479184.255924	0.999996	39.362785	25.748060	6.982053	1.267593	0.003386	1.226504	0.000015	1.269205	0.999761	1.258109	0.000221	1.258911	0.000079	1.270802	0.000011	1.271141	0.000049	1.268127	0.003496	1349479184.256367	0.999991	57.715107	44.021059	6.978579	1.230761	0.999912	1.230761	0.999909	1.220848	0.000099	1.221541	0.000077	1.228919	0.000052	1.231038	0.000053	1.230545	0.000062	1.230761	0.999904	
1349479185.255924	1.000000	39.378632	25.772217	6.970016	1.268364	0.004410	1.267295	0.000910	1.269169	0.999741	1.267334	0.000542	1.274957	0.000020	1.269521	0.000047	1.273541	0.000011	1.263073	0.000007	1349479185.256375	1.000008	57.650793	43.975428	6.905889	1.230765	0.999859	1.230765	0.999858	1.237335	0.000015	1.227647	0.000011	1.241795	0.000010	1.229788	0.000010	1.231561	0.000015	1.230767	0.999930	
1349479186.255924	1.000000	39.027618	25.424850	6.998199	1.252822	0.001387	1.267540	0.001370	1.269158	0.998671	1.265933	0.000225	1.260218	0.000058	1.268277	0.000011	1.263667	0.000060	1.269774	0.000057	1349479186.256375	1.000000	57.725876	44.040161	6.824005	1.230761	0.998878	1.230759	0.998798	1.220638	0.000120	1.223248	0.000065	1.223288	0.000059	1.210693	0.000077	1.228691	0.000130	1.230798	0.999845	
1349479187.255923	0.999999	42.794352	29.184446	6.992545	1.252931	0.001895	1.268226	0.357296	1.268856	0.997974	1.233671	0.002084	1.236394	0.000032	1.229716	0.000089	1.208753	0.000019	1.242093	0.000013	1349479187.256147	0.999772	54.967073	41.282939	6.925208	1.230759	0.641570	1.244541	0.999867	1.244474	0.000060	1.231136	0.000070	1.230150	0.000011	1.229942	0.000014	1.230671	0.000079	1.244547	0.999914	
1349479188.255923	1.000000	49.567856	35.940033	6.968216	1.230469	0.003386	1.267948	0.994257	1.267948	0.994248	1.229086	0.000280	1.219051	0.000074	1.219195	0.000013	1.226224	0.000057	1.222601	0.000067	1349479188.256151	1.000004	49.783139	36.109351	6.976992	1.270258	0.000032	1.269198	0.999759	1.224380	0.000080	1.224967	0.000068	1.230515	0.000046	1.231278	0.000051	1.230937	0.000068	1.269197	0.999759	
1349479189.255926	1.000003	49.916975	36.282908	7.048440	1.196340	0.006069	1.264213	0.994939	1.264213	0.994905	1.164553	0.003544	1.156282	0.002604	1.155454	0.002597	1.155767	0.002431	1.155037	0.002479	1349479189.256156	1.000005	49.838786	36.159014	6.990947	1.157418	0.002564	1.268878	0.999761	1.155493	0.002568	1.156504	0.002670	1.154783	0.002546	1.154018	0.002315	1.158481	0.002537	1.268878	0.999761	
1349479190.255925	0.999999	45.775190	32.142670	6.993247	1.236556	0.002488	1.267566	0.607196	1.268164	0.995118	1.257872	0.002333	1.233029	0.000077	1.248145	0.000029	1.237165	0.000819	1.234553	0.000153	1349479190.256372	1.000216	52.850477	39.176123	6.973469	1.230768	0.388550	1.254236	0.999622	1.219724	0.000122	1.227692	0.000101	1.230610	0.000073	1.231085	0.000071	1.230698	0.000181	1.254230	0.999582	
1349479191.255924	0.999999	39.360740	25.743845	6.984000	1.267399	0.001168	1.257391	0.000042	1.269207	0.999723	1.268692	0.004561	1.271584	0.000012	1.269787	0.000063	1.262261	0.000011	1.263609	0.000011	1349479191.256316	0.999944	57.725692	44.059063	6.892919	1.230765	0.999952	1.230765	0.999952	1.222772	0.000020	1.224855	0.000006	1.231794	0.000006	1.229546	0.000006	1.236325	0.000006	1.230765	0.999949	
1349479192.255927	1.000003	43.523013	29.898482	6.962976	1.268400	0.407372	1.213516	0.000130	1.268813	0.997989	1.255031	0.004149	1.255580	0.000066	1.234234	0.000012	1.259627	0.000048	1.263096	0.000050	1349479192.256300	0.999984	54.552278	40.874814	6.911350	1.230755	0.591428	1.246474	0.999905	1.236957	0.000069	1.227261	0.000152	1.230841	0.000059	1.230507	0.000062	1.230595	0.000134	1.246480	0.999956	
1349479193.255921	0.999994	715804453.599574	715769021.456543	715826145.248291	0.999991	1.000139	0.999989	1.000145	0.999991	1.000149	0.999991	1.000141	0.999991	1.000145	0.999994	1.000138	0.999991	1.000144	0.999991	1.000141	1349479193.256008	0.999708	716016071.419739	715990411.338043	716029616.484009	0.999990	1.000138	0.999988	1.000143	3.892951	0.256910	0.999991	1.000142	0.999991	1.000144	0.999994	1.000140	0.999991	1.000143	0.999991	1.000142	
1349479194.255922	1.000001	0.000000	0.000000	0.000000	-nan	-nan	-nan	-nan	0.000000	inf	-nan	-nan	-nan	0.000000	-nan	-nan	-nan	-nan	-nan	-nan	1349479194.255978	0.999970	0.000000	0.000000	0.000000	-nan	-nan	-nan	-nan	0.000000	inf	-nan	-nan	-nan	-nan	-nan	-nan	-nan	-nan	-nan	-nan	
