ts_0	elapsed_0	pkg_0	pp0_0	dram_0	freq_ratio_0_0	c0_ratio_0_0	freq_ratio_0_1	c0_ratio_0_1	freq_ratio_0_2	c0_ratio_0_2	freq_ratio_0_3	c0_ratio_0_3	freq_ratio_0_4	c0_ratio_0_4	freq_ratio_0_5	c0_ratio_0_5	freq_ratio_0_6	c0_ratio_0_6	freq_ratio_0_7	c0_ratio_0_7	ts_1	elapsed_1	pkg_1	pp0_1	dram_1	freq_ratio_1_0	c0_ratio_1_0	freq_ratio_1_1	c0_ratio_1_1	freq_ratio_1_2	c0_ratio_1_2	freq_ratio_1_3	c0_ratio_1_3	freq_ratio_1_4	c0_ratio_1_4	freq_ratio_1_5	c0_ratio_1_5	freq_ratio_1_6	c0_ratio_1_6	freq_ratio_1_7	c0_ratio_1_7	
1349416758.607920	1.001244	68.802329	54.032999	0.000000	0.999996	0.987274	0.999903	0.991320	0.999984	0.986971	0.999979	0.966062	0.999997	0.948944	0.999996	0.941784	0.999996	0.945314	0.999997	0.924680	1349416758.608008	1.000318	69.013085	54.477485	0.000000	0.999935	0.987280	1.000002	0.988315	0.999981	0.987359	1.000001	0.987176	0.999980	0.987031	0.999985	0.978079	0.999951	0.960878	0.999971	0.988400	
1349416759.607917	0.999997	71.629327	56.599327	0.000000	1.000000	1.000000	0.999999	0.999979	0.999999	0.999991	1.000000	1.000000	1.000000	0.999878	1.000000	0.999833	1.000000	0.999829	1.000000	1.000000	1349416759.608007	0.999999	70.884482	56.121727	0.000000	1.000000	0.999779	1.000000	1.000000	1.000000	1.000000	1.000000	1.000000	1.000000	1.000000	1.000000	0.999774	1.000000	0.999821	1.000000	1.000000	
1349416760.607931	1.000014	71.624572	56.605130	0.000000	1.000000	0.999937	1.000000	1.000000	1.000000	0.999937	0.999999	0.999859	0.999998	0.999949	0.999997	0.999902	1.000000	0.999856	1.000000	0.999965	1349416760.608043	1.000036	70.996437	56.232686	0.000000	1.000000	0.999934	1.000000	0.999991	1.000000	0.999927	1.000000	0.999899	1.000000	0.999903	1.000000	0.999886	1.000000	0.999921	1.000000	0.999913	
1349416761.607920	0.999989	71.879908	56.869627	0.000000	1.000000	0.999624	1.000000	0.999586	1.000000	0.999580	1.000001	0.999546	1.000002	0.999542	1.000003	0.999382	1.000000	0.999430	1.000000	0.999574	1349416761.608010	0.999967	71.260981	56.471646	0.000000	1.000000	0.999439	1.000000	1.000000	1.000000	0.999530	1.000000	0.999492	1.000000	0.999543	1.000000	0.999488	1.000000	0.999497	1.000000	0.999527	
1349416762.607927	1.000007	71.854804	56.863804	0.000000	1.000000	0.999867	1.000000	1.000000	1.000000	0.999845	1.000000	0.999758	1.000000	0.999820	1.000000	0.999681	1.000000	0.999677	1.000000	0.999843	1349416762.608017	1.000007	71.253688	56.476630	0.000000	1.000000	0.999687	1.000000	0.999983	1.000000	0.999836	1.000000	0.999756	1.000000	0.999800	1.000000	0.999685	1.000000	0.999751	1.000000	0.999852	
1349416763.607918	0.999991	71.747430	56.741878	0.000000	1.000000	0.999955	1.000000	1.000000	1.000000	0.999907	1.000000	0.999856	1.000000	0.999765	1.000000	0.999660	1.000000	0.999682	1.000000	0.999952	1349416763.608007	0.999990	71.427259	56.624102	0.000000	1.000000	0.999609	1.000000	1.000000	1.000000	0.999910	1.000000	0.999927	1.000000	0.999875	1.000000	0.999636	1.000000	0.999683	1.000000	0.999911	
1349416764.607918	1.000000	71.804443	56.780731	0.000000	1.000000	0.999877	1.000000	1.000000	1.000000	0.999856	1.000000	0.999815	1.000000	0.999863	1.000000	0.999709	1.000000	0.999707	1.000000	0.999869	1349416764.608030	1.000023	71.508312	56.700286	0.000000	1.000000	0.999761	1.000000	0.999951	1.000000	0.999858	1.000000	0.999822	1.000000	0.999827	1.000000	0.999805	1.000000	0.999846	1.000000	0.999853	
1349416765.607928	1.000010	71.636917	56.611707	0.000000	1.000000	1.000001	1.000000	1.000000	1.000000	0.999950	1.000001	0.999909	1.000000	0.999871	1.000000	0.999771	1.000000	0.999807	1.000000	0.999941	1349416765.608016	0.999986	71.611832	56.804541	0.000000	1.000000	0.999765	1.000000	0.999991	1.000000	0.999969	1.000000	0.999937	1.000000	0.999898	1.000000	0.999842	1.000000	0.999854	1.000000	0.999920	
1349416766.607919	0.999991	71.748331	56.715907	0.000000	1.000000	0.999941	0.999999	1.000000	1.000000	0.999963	1.000000	0.999835	1.000000	0.999927	1.000000	0.999859	1.000000	0.999864	1.000000	0.999899	1349416766.608005	0.999989	71.566779	56.767651	0.000000	1.000000	0.999808	1.000000	0.999991	1.000000	0.999897	1.000000	0.999825	1.000000	0.999931	1.000000	0.999894	1.000000	0.999906	1.000000	0.999875	
1349416767.607928	1.000009	71.106778	56.219705	0.000000	1.000000	0.999962	1.000001	1.000000	1.000000	0.999876	1.000000	0.999878	1.000000	0.999943	1.000000	0.999830	1.000000	0.999820	1.000000	0.999953	1349416767.608020	1.000015	70.976992	56.299447	0.000000	1.000000	0.999892	1.000000	1.000000	1.000000	0.999920	1.000000	0.999922	1.000000	0.999809	1.000000	0.999904	1.000000	0.999916	1.000000	0.999941	
1349416768.607923	0.999995	71.950891	56.914790	0.000000	1.000000	0.999982	0.999999	1.000000	1.000000	0.999967	1.000000	0.999951	1.000000	0.999968	1.000000	0.999807	0.999999	0.999828	0.999998	0.999975	1349416768.608043	1.000023	71.671272	56.886073	0.000000	1.000000	0.999946	1.000000	1.000000	1.000000	0.999959	1.000000	0.999952	1.000000	0.999932	1.000000	0.999931	1.000000	0.999847	1.000000	0.999983	
1349416769.607924	1.000001	71.917137	56.885688	0.000000	1.000000	0.999978	1.000000	1.000000	1.000000	0.999960	1.000000	0.999970	1.000000	0.999835	0.999999	0.999781	1.000001	0.999788	1.000002	0.999977	1349416769.608016	0.999973	71.701318	56.922981	0.000000	1.000000	0.999746	1.000000	0.999999	1.000000	0.999973	1.000000	0.999969	1.000000	0.999941	1.000000	0.999814	1.000000	0.999829	1.000000	0.999978	
1349416770.607913	0.999989	715772257.022320	715823285.193546	715835735.474409	0.999971	1.000018	0.999971	1.000031	0.999980	1.000025	0.999972	1.000022	0.999973	1.000029	0.999974	1.000019	0.999972	1.000026	0.999972	1.000024	1349416770.608010	0.999994	715816428.890847	715831078.488236	715832151.413729	0.999973	1.000026	0.999970	1.000026	3.894190	0.256795	0.999972	1.000021	0.999971	1.000022	0.999976	1.000025	0.999971	1.000023	0.999973	1.000028	
1349416771.607906	0.999993	0.000000	0.000000	0.000000	-nan	-nan	-nan	-nan	8.000000	inf	-nan	-nan	-nan	0.000000	-nan	-nan	-nan	-nan	-nan	-nan	1349416771.607976	0.999966	0.000000	0.000000	0.000000	-nan	-nan	-nan	-nan	0.000000	inf	-nan	-nan	-nan	-nan	-nan	-nan	-nan	-nan	-nan	-nan	
