ts_0	elapsed_0	pkg_0	pp0_0	dram_0	freq_ratio_0_0	c0_ratio_0_0	freq_ratio_0_1	c0_ratio_0_1	freq_ratio_0_2	c0_ratio_0_2	freq_ratio_0_3	c0_ratio_0_3	freq_ratio_0_4	c0_ratio_0_4	freq_ratio_0_5	c0_ratio_0_5	freq_ratio_0_6	c0_ratio_0_6	freq_ratio_0_7	c0_ratio_0_7	ts_1	elapsed_1	pkg_1	pp0_1	dram_1	freq_ratio_1_0	c0_ratio_1_0	freq_ratio_1_1	c0_ratio_1_1	freq_ratio_1_2	c0_ratio_1_2	freq_ratio_1_3	c0_ratio_1_3	freq_ratio_1_4	c0_ratio_1_4	freq_ratio_1_5	c0_ratio_1_5	freq_ratio_1_6	c0_ratio_1_6	freq_ratio_1_7	c0_ratio_1_7	
1350064830.427207	1.000333	47.784286	34.682220	6.125523	1.000000	1.000000	0.999658	0.003010	0.999995	0.000340	1.000000	1.000000	1.000000	1.000000	1.000005	0.000459	1.000000	1.000000	0.999952	0.000276	1350064830.427345	1.000345	35.259839	22.083522	2.857657	0.999408	0.000426	1.000000	1.000000	0.999999	1.000000	0.999704	0.000441	0.988858	0.000020	0.989930	0.000020	0.990406	0.000021	1.010314	0.000020	
1350064831.427190	0.999983	47.846559	34.741158	6.109082	1.000000	1.000000	0.999968	0.005604	0.999922	0.000248	1.000000	1.000000	1.000000	1.000000	0.999964	0.000184	1.000000	1.000000	0.999858	0.000259	1350064831.427326	0.999981	35.300478	22.112559	2.909739	0.999845	0.001074	1.000000	1.000000	1.000000	1.000000	1.000342	0.000356	1.003047	0.000056	1.003601	0.000044	1.002364	0.000051	0.996667	0.000115	
1350064832.427190	1.000000	47.667450	34.553635	6.133728	1.000000	1.000000	1.000436	0.000411	1.000071	0.000316	1.000000	1.000000	1.000000	1.000000	0.999990	0.000156	1.000000	1.000000	1.000110	0.000213	1350064832.427321	0.999995	35.227670	22.036426	2.092937	1.000018	0.000583	1.000000	1.000000	1.000000	1.000000	0.999944	0.000463	0.996227	0.000013	1.003622	0.000013	1.005575	0.000013	1.013079	0.000013	
1350064833.427196	1.000006	47.787893	34.672813	6.115167	1.000000	1.000000	0.999725	0.000694	0.999962	0.000262	1.000000	1.000000	1.000000	1.000000	0.999887	0.000194	1.000000	1.000000	0.999955	0.001850	1350064833.427342	1.000021	35.189615	21.997051	2.548698	0.999965	0.000599	1.000000	1.000000	1.000000	1.000000	1.000049	0.000443	1.001108	0.000067	0.996857	0.000062	0.996647	0.000065	0.997970	0.000098	
1350064834.427190	0.999994	47.694407	34.580528	6.121435	1.000000	1.000000	1.000103	0.000314	1.000008	0.000279	1.000000	1.000000	1.000000	1.000000	1.000113	0.000119	1.000000	1.000000	0.999920	0.000213	1350064834.427321	0.999979	35.191763	22.012944	1.962749	0.999867	0.000520	1.000000	1.000000	1.000000	1.000000	1.000132	0.000328	1.000868	0.000013	1.014479	0.000013	1.015616	0.000014	1.014401	0.000014	
1350064835.427190	1.000000	48.015869	34.897949	6.126251	1.000000	1.000000	0.999990	0.003636	0.999995	0.002839	1.000000	1.000000	1.000000	1.000000	0.999998	0.002788	1.000000	1.000000	0.999994	0.004617	1350064835.427329	1.000008	35.776428	22.584869	2.693170	1.000000	0.004568	1.000000	1.000000	1.000001	1.000000	0.999976	0.002904	0.999822	0.002600	0.999997	0.002514	0.999985	0.002336	0.999995	0.002623	
1350064836.427190	1.000000	47.679260	34.557434	6.121399	1.000000	1.000000	1.000083	0.000319	0.999985	0.000257	1.000000	1.000000	1.000000	1.000000	0.999955	0.000120	1.000000	1.000000	0.999832	0.000228	1350064836.427321	0.999992	35.196620	22.003093	2.068407	1.000075	0.000540	1.000000	1.000000	0.999999	1.000000	1.000022	0.000360	1.060874	0.000008	0.996581	0.000008	1.002839	0.000009	1.000046	0.000008	
1350064837.427190	1.000000	47.678146	34.572510	6.109070	1.000000	1.000000	1.000587	0.000250	0.999997	0.000248	1.000000	1.000000	1.000000	1.000000	1.000714	0.000194	1.000000	1.000000	1.000479	0.000276	1350064837.427323	1.000002	35.215875	22.023441	2.075786	1.000144	0.000560	1.000000	1.000000	1.000000	1.000000	1.000530	0.000410	1.000068	0.000074	1.000448	0.000066	0.999979	0.000072	0.999977	0.000086	
1350064838.427190	1.000000	47.739502	34.616562	6.115234	1.000000	1.000000	0.999945	0.000640	1.000460	0.000294	1.000000	1.000000	1.000000	1.000000	0.999909	0.000118	1.000000	1.000000	0.999929	0.000211	1350064838.427316	0.999993	35.298706	22.107697	2.101775	0.999856	0.000617	1.000000	1.000000	1.000000	1.000000	0.999545	0.000468	0.999790	0.000020	0.999903	0.000020	0.997256	0.000020	1.000579	0.000020	
1350064839.427190	1.000000	47.844406	34.723633	6.127563	1.000000	1.000000	0.999591	0.000294	0.999432	0.000259	1.000000	1.000000	1.000000	1.000000	0.999340	0.000203	1.000000	1.000000	0.999922	0.002813	1350064839.427320	1.000004	35.280283	22.088579	2.891926	1.000107	0.000501	1.000000	1.000000	1.000000	1.000000	0.999448	0.000397	0.997146	0.000074	0.997836	0.000093	0.998642	0.000088	0.996206	0.000178	
1350064840.427190	1.000000	47.971252	34.849625	6.115234	1.000000	1.000000	1.000099	0.000312	1.000001	0.000264	1.000000	1.000000	1.000000	1.000000	0.999693	0.000145	1.000000	1.000000	0.999971	0.005973	1350064840.427318	0.999998	35.290656	22.099331	3.790535	0.999836	0.000429	1.000000	1.000000	1.000000	1.000000	1.000638	0.000314	1.022556	0.000009	1.021561	0.000009	1.022358	0.000009	1.039151	0.000017	
1350064841.427190	1.000000	47.766724	34.646652	6.121399	1.000000	1.000000	0.999964	0.002197	0.999994	0.000254	1.000000	1.000000	1.000000	1.000000	1.000144	0.000177	1.000000	1.000000	0.999949	0.001260	1350064841.427322	1.000004	35.313211	22.121294	2.642339	1.000009	0.002736	1.000000	1.000000	1.000000	1.000000	0.999967	0.000475	0.999212	0.000051	0.998110	0.000059	0.996476	0.000071	0.996606	0.000072	
1350064842.427190	1.000000	47.700668	34.578247	6.096741	1.000000	1.000000	1.000575	0.000307	1.000015	0.000278	1.000000	1.000000	1.000000	1.000000	1.000275	0.000139	1.000000	1.000000	1.000147	0.000212	1350064842.427320	0.999998	35.175589	21.995892	2.018650	0.999828	0.000517	1.000000	1.000000	1.000000	1.000000	0.999989	0.000367	1.003534	0.000013	1.009238	0.000013	1.016627	0.000014	1.018877	0.000013	
1350064843.427190	1.000000	47.771500	34.651703	6.115219	1.000000	1.000000	0.999708	0.000586	0.999965	0.000284	1.000000	1.000000	1.000000	1.000000	0.999837	0.000175	1.000000	1.000000	0.999959	0.000950	1350064843.427322	1.000002	35.254190	22.060993	2.238063	0.999984	0.000630	1.000000	1.000000	1.000000	1.000000	0.999978	0.000606	1.000150	0.000054	0.999943	0.000061	0.999717	0.000056	0.999886	0.000119	
1350064844.427190	1.000000	47.734543	34.617432	6.096741	1.000000	1.000000	0.999951	0.000290	0.999998	0.000651	1.000000	1.000000	1.000000	1.000000	1.000044	0.000141	1.000000	1.000000	0.999987	0.000215	1350064844.427320	0.999998	35.380179	22.192471	2.351979	0.999974	0.002208	1.000000	1.000000	1.000000	1.000000	1.000028	0.000358	0.999652	0.000013	0.999971	0.000013	1.000954	0.000013	1.000909	0.000013	
1350064845.427190	1.000000	47.837845	34.720581	6.115234	1.000000	1.000000	0.999994	0.000320	0.999996	0.002308	1.000000	1.000000	1.000000	1.000000	0.999969	0.000211	1.000000	1.000000	1.000009	0.000289	1350064845.427321	1.000001	35.365857	22.178263	2.538846	0.999963	0.001040	1.000000	1.000000	1.000000	1.000000	0.999976	0.000360	1.000074	0.000073	0.998031	0.000055	0.996970	0.000066	0.997528	0.000083	
1350064846.427190	1.000000	47.664032	34.560379	6.121399	1.000000	1.000000	0.999958	0.000343	0.999981	0.000297	1.000000	1.000000	1.000000	1.000000	0.999951	0.000126	1.000000	1.000000	0.999937	0.000220	1350064846.427318	0.999997	35.293093	22.104606	2.113471	1.000012	0.000549	1.000000	1.000000	1.000000	1.000000	0.999952	0.000378	0.999052	0.000022	0.999804	0.000022	0.999615	0.000022	1.000428	0.000022	
1350064847.427190	1.000000	47.748306	34.627869	6.115234	1.000000	1.000000	1.000735	0.000252	0.999990	0.000231	1.000000	1.000000	1.000000	1.000000	0.999896	0.000175	1.000000	1.000000	0.999984	0.000645	1350064847.427323	1.000005	35.294242	22.104702	2.217274	0.999993	0.000606	1.000000	1.000000	1.000000	1.000000	1.000011	0.000404	1.000103	0.000049	1.001814	0.000061	1.002723	0.000061	1.001370	0.000115	
1350064848.427190	1.000000	47.759460	34.638428	6.115234	1.000000	1.000000	0.999810	0.000705	1.000001	0.000280	1.000000	1.000000	1.000000	1.000000	1.000094	0.000139	1.000000	1.000000	0.999920	0.000213	1350064848.427318	0.999995	35.254129	22.063648	2.027094	0.999970	0.000586	1.000000	1.000000	1.000000	1.000000	0.999976	0.000385	0.996836	0.000020	0.998157	0.000020	1.001815	0.000020	1.002531	0.000013	
1350064849.427190	1.000000	47.718689	34.600998	6.109070	1.000000	1.000000	0.999925	0.000287	0.999964	0.000257	1.000000	1.000000	1.000000	1.000000	1.000711	0.000189	1.000000	1.000000	1.000322	0.000305	1350064849.427353	1.000035	35.265854	22.076070	2.018530	1.000171	0.000542	1.000000	1.000000	1.000000	1.000000	0.999994	0.000436	1.000775	0.000074	1.000368	0.000069	0.998854	0.000067	1.000000	0.000079	
1350064850.427190	1.000000	47.725922	34.606766	6.115234	1.000000	1.000000	1.000398	0.000298	1.000529	0.000269	1.000000	1.000000	1.000000	1.000000	0.999961	0.000147	1.000000	1.000000	0.999996	0.000192	1350064850.427326	0.999973	35.210284	22.031218	2.021890	0.999740	0.000446	1.000000	1.000000	1.000000	1.000000	0.999935	0.000360	1.001307	0.000013	1.000088	0.000013	1.005673	0.000013	1.001289	0.000013	
1350064851.427190	1.000000	47.887741	34.771561	6.102875	1.000000	1.000000	0.999948	0.002206	0.999410	0.000260	1.000000	1.000000	1.000000	1.000000	0.999332	0.000199	1.000000	1.000000	0.999935	0.002831	1350064851.427319	0.999993	35.261627	22.070465	2.813343	0.999991	0.000535	1.000000	1.000000	1.000000	1.000000	1.000000	0.000361	0.999773	0.000083	0.999875	0.000096	1.000341	0.000085	0.992892	0.000095	
1350064852.427190	1.000000	48.025681	34.909073	6.115234	1.000000	1.000000	1.000041	0.000293	0.999999	0.000264	1.000000	1.000000	1.000000	1.000000	0.999997	0.000139	1.000000	1.000000	0.999965	0.005788	1350064852.427317	0.999998	35.304419	22.114834	3.749092	0.999986	0.000447	1.000000	1.000000	1.000000	1.000000	0.999973	0.000288	1.001085	0.000009	1.000000	0.000008	0.997252	0.000009	1.039331	0.000017	
1350064853.427190	1.000000	47.758087	34.640427	6.133728	1.000000	1.000000	0.999877	0.000619	0.999968	0.000299	1.000000	1.000000	1.000000	1.000000	0.999865	0.000177	1.000000	1.000000	1.000003	0.000727	1350064853.427323	1.000006	35.390979	22.204122	2.624420	0.999971	0.003271	1.000000	1.000000	1.000000	1.000000	0.999994	0.001227	1.000092	0.000063	1.000041	0.000095	0.999930	0.000093	1.000113	0.000065	
1350064854.427190	1.000000	47.740051	34.617737	6.109070	1.000000	1.000000	1.000029	0.000297	1.000001	0.000621	1.000000	1.000000	1.000000	1.000000	1.000000	0.000119	1.000000	1.000000	0.999993	0.000215	1350064854.427318	0.999995	35.323953	22.135441	2.336666	0.999966	0.002115	1.000000	1.000000	1.000000	1.000000	0.999926	0.000309	0.998638	0.000013	0.999499	0.000013	0.999913	0.000013	1.000117	0.000013	
1350064855.427190	1.000000	47.833221	34.712357	6.121399	1.000000	1.000000	1.000758	0.000245	0.999983	0.000233	1.000000	1.000000	1.000000	1.000000	1.000063	0.000196	1.000000	1.000000	0.999967	0.002469	1350064855.427319	1.000001	35.348904	22.159799	3.086133	0.999927	0.002900	1.000000	1.000000	1.000000	1.000000	1.000005	0.000370	0.995868	0.000046	0.996772	0.000065	0.997287	0.000065	0.996016	0.000058	
1350064856.427190	1.000000	47.919464	34.802277	6.133728	1.000000	1.000000	1.000002	0.003894	1.000007	0.000265	1.000000	1.000000	1.000000	1.000000	1.000006	0.000120	1.000000	1.000000	0.999969	0.000601	1350064856.427329	1.000010	35.352185	22.163657	3.262541	1.000127	0.001410	1.000000	1.000000	1.000000	1.000000	1.000009	0.000301	1.014584	0.000014	1.015444	0.000013	1.013078	0.000014	1.016659	0.000013	
1350064857.427197	1.000007	47.818990	34.702015	6.115192	1.000000	1.000000	0.999977	0.002518	0.999974	0.000250	1.000000	1.000000	1.000000	1.000000	1.000014	0.000197	1.000000	1.000000	0.999976	0.000269	1350064857.427331	1.000002	35.367563	22.193042	2.597163	0.999969	0.003534	1.000000	1.000000	1.000000	1.000000	0.999971	0.000369	0.997858	0.000064	0.995256	0.000052	0.994987	0.000058	0.996705	0.000070	
1350064858.427190	0.999993	48.051281	34.945020	6.115277	1.000000	1.000000	1.000016	0.001313	0.999995	0.006484	1.000000	1.000000	1.000000	1.000000	0.999600	0.000117	1.000000	1.000000	0.999889	0.000190	1350064858.427321	0.999990	35.245653	22.053611	3.956415	0.999835	0.000503	1.000000	1.000000	1.000000	1.000000	0.999976	0.000326	1.006288	0.000020	1.010170	0.000020	1.013996	0.000020	1.011936	0.000020	
1350064859.427190	1.000000	47.965958	34.845459	6.139893	1.000000	1.000000	0.999824	0.000248	0.999998	0.004839	1.000000	1.000000	1.000000	1.000000	1.000158	0.000178	1.000000	1.000000	1.000022	0.000249	1350064859.427322	1.000001	35.318890	22.128412	3.935787	1.000003	0.002291	1.000000	1.000000	1.000000	1.000000	0.999981	0.000337	0.999321	0.000067	0.999111	0.000066	0.997362	0.000067	0.997104	0.000074	
1350064860.427190	1.000000	47.977783	34.859360	6.120102	1.000000	1.000000	1.000005	0.003817	0.999992	0.003338	1.000000	1.000000	1.000000	1.000000	1.000002	0.003109	1.000000	1.000000	1.000000	0.003189	1350064860.427327	1.000005	35.812382	22.621484	2.604250	0.999983	0.008185	1.000000	1.000000	1.000000	1.000000	0.999994	0.003343	1.000019	0.002922	1.000038	0.002676	0.999900	0.002686	1.000038	0.002698	
1350064861.427190	1.000000	48.054855	34.934448	6.107819	1.000000	1.000000	0.999992	0.019348	0.999998	0.001161	1.000000	1.000000	1.000000	1.000000	1.000571	0.000238	1.000000	1.000000	1.000012	0.002400	1350064861.427326	0.999999	35.470493	22.280554	2.748339	0.999962	0.003140	1.000000	1.000000	1.000000	1.000000	0.999999	0.005817	0.999901	0.002549	0.999144	0.000247	1.000207	0.000993	0.999605	0.000357	
1350064862.427198	1.000008	715785385.435318	715818746.093615	715760869.004186	0.999988	1.000201	0.999985	1.000203	0.999987	1.000207	0.999988	1.000200	0.999988	1.000203	0.999990	1.000198	0.999988	1.000203	0.999988	1.000201	1350064862.427292	0.999966	715787113.465617	715843105.452114	715789772.047774	0.999987	1.000199	0.999985	1.000202	3.893194	0.256909	0.999988	1.000200	0.999988	1.000203	0.999990	1.000198	0.999988	1.000203	0.999988	1.000201	
1350064863.427280	1.000082	0.000000	0.000000	0.000000	-nan	-nan	-nan	-nan	1.000008	inf	-nan	-nan	-nan	0.000000	-nan	-nan	-nan	-nan	-nan	-nan	1350064863.427388	1.000096	0.000000	0.000000	0.000000	-nan	-nan	-nan	-nan	1.345745	inf	-nan	-nan	-nan	-nan	-nan	-nan	-nan	-nan	-nan	-nan	
