ts_0	elapsed_0	pkg_0	pp0_0	dram_0	freq_ratio_0_0	c0_ratio_0_0	freq_ratio_0_1	c0_ratio_0_1	freq_ratio_0_2	c0_ratio_0_2	freq_ratio_0_3	c0_ratio_0_3	freq_ratio_0_4	c0_ratio_0_4	freq_ratio_0_5	c0_ratio_0_5	freq_ratio_0_6	c0_ratio_0_6	freq_ratio_0_7	c0_ratio_0_7	ts_1	elapsed_1	pkg_1	pp0_1	dram_1	freq_ratio_1_0	c0_ratio_1_0	freq_ratio_1_1	c0_ratio_1_1	freq_ratio_1_2	c0_ratio_1_2	freq_ratio_1_3	c0_ratio_1_3	freq_ratio_1_4	c0_ratio_1_4	freq_ratio_1_5	c0_ratio_1_5	freq_ratio_1_6	c0_ratio_1_6	freq_ratio_1_7	c0_ratio_1_7	
1350070350.045468	1.000337	54.101174	40.892932	6.131662	1.123136	0.998267	1.136892	0.000552	1.123134	0.998266	1.129822	0.000260	1.123131	0.998265	1.155602	0.000260	1.123126	0.998286	1.129935	0.000280	1350070350.045595	1.000281	54.334885	41.122321	2.844537	1.103168	0.996440	1.139894	0.000287	1.103162	0.996448	1.122813	0.000487	1.103157	0.996446	1.135356	0.000459	1.103152	0.996444	1.100285	0.000311	
1350070351.045465	0.999997	50.674870	37.452280	6.102878	1.070518	0.998487	1.069974	0.000766	1.070518	0.998486	1.074637	0.000307	1.070518	0.998485	1.077315	0.000221	1.070518	0.998485	1.071624	0.000262	1350070351.045597	1.000002	50.683039	37.465032	2.767527	1.047556	0.996393	1.046991	0.000206	1.047564	0.996390	1.051705	0.000404	1.047565	0.996386	1.044232	0.000362	1.047566	0.996384	1.041376	0.000442	
1350070352.045465	1.000000	50.678879	37.452835	6.084412	1.071680	0.998755	1.075105	0.000395	1.071680	0.998754	1.065438	0.000187	1.071680	0.998753	1.076977	0.000133	1.071680	0.998752	1.069989	0.000200	1350070352.045590	0.999993	50.684982	37.482010	2.705799	1.047010	0.996373	1.053416	0.000163	1.047005	0.996371	1.057151	0.000344	1.047004	0.996368	1.048392	0.000370	1.047004	0.996366	1.045031	0.000301	
1350070353.045465	1.000000	50.676010	37.445755	6.072083	1.071294	0.998663	1.066995	0.000374	1.071294	0.998661	1.074377	0.000276	1.071294	0.998660	1.076940	0.000171	1.071294	0.998659	1.071310	0.000242	1350070353.045591	1.000001	50.688352	37.495280	2.704099	1.047353	0.996524	1.051337	0.000227	1.047352	0.996520	1.047954	0.000414	1.047350	0.996518	1.036943	0.000306	1.047349	0.996517	1.053302	0.000307	
1350070354.045464	0.999999	50.624621	37.407033	6.109076	1.069342	0.998247	1.071649	0.000485	1.069342	0.998246	1.066291	0.000204	1.069341	0.998244	1.065978	0.000135	1.069342	0.998243	1.070346	0.000216	1350070354.045587	0.999996	50.685951	37.490768	2.708797	1.046713	0.996467	1.047894	0.000145	1.046707	0.996464	1.048395	0.000365	1.046713	0.996463	1.050353	0.000352	1.046714	0.996460	1.046896	0.000333	
1350070355.045465	1.000001	50.680936	37.449748	6.078241	1.068122	0.997933	1.069751	0.000353	1.068122	0.997932	1.070666	0.000251	1.068122	0.997931	1.073588	0.000184	1.068123	0.997929	1.063553	0.000253	1350070355.045594	1.000007	50.683548	37.496369	2.783245	1.046570	0.996581	1.048100	0.000216	1.046570	0.996579	1.047028	0.000374	1.046569	0.996575	1.041379	0.000329	1.046569	0.996572	1.040000	0.000416	
1350070356.045464	0.999999	50.676501	37.445486	6.109076	1.067452	0.997820	1.067461	0.000686	1.067452	0.997818	1.069676	0.000217	1.067452	0.997816	1.068662	0.000185	1.067452	0.997815	1.063186	0.000199	1350070356.045592	0.999998	50.684453	37.496501	2.700139	1.046343	0.996530	1.038546	0.000154	1.046348	0.996528	1.043046	0.000352	1.046343	0.996526	1.050908	0.000426	1.046343	0.996524	1.057064	0.000359	
1350070357.045465	1.000001	50.681012	37.450282	6.115076	1.068516	0.998076	1.042874	0.002438	1.068515	0.998074	1.068496	0.000270	1.068514	0.998073	1.062568	0.000163	1.068513	0.998072	1.070521	0.000258	1350070357.045596	1.000004	50.684548	37.499650	2.742710	1.046354	0.996618	1.040958	0.000244	1.046354	0.996617	1.045128	0.000442	1.046354	0.996614	1.049895	0.000381	1.046354	0.996612	1.039055	0.000339	
1350070358.045465	1.000000	50.674057	37.441513	6.084412	1.067421	0.997875	1.059527	0.000590	1.067423	0.997873	1.062454	0.000263	1.067424	0.997872	1.076871	0.000133	1.067425	0.997870	1.070119	0.000218	1350070358.045587	0.999991	50.636354	37.462711	2.702814	1.046275	0.996423	1.045094	0.000206	1.046275	0.996421	1.056087	0.000368	1.046275	0.996418	1.046530	0.000298	1.046275	0.996416	1.048236	0.000398	
1350070359.045465	1.000000	50.678268	37.440948	6.096741	1.069361	0.998216	1.071806	0.000348	1.069361	0.998215	1.066568	0.000253	1.069361	0.998214	1.072737	0.000178	1.069361	0.998213	1.067659	0.000223	1350070359.045593	1.000006	50.685504	37.498754	2.716125	1.046349	0.996596	1.041180	0.000242	1.046349	0.996594	1.043025	0.000432	1.046349	0.996592	1.044061	0.000329	1.046349	0.996589	1.039485	0.000394	
1350070360.045464	0.999999	50.679278	37.442434	6.090582	1.069386	0.998287	1.071991	0.000432	1.069386	0.998285	1.055171	0.000224	1.069386	0.998284	1.061112	0.000136	1.069386	0.998283	1.070691	0.000217	1350070360.045597	1.000004	50.684762	37.494721	2.711171	1.046464	0.996620	1.042853	0.000152	1.046464	0.996617	1.048863	0.000364	1.046464	0.996613	1.039309	0.000332	1.046464	0.996612	1.043896	0.000301	
1350070361.045465	1.000001	50.676450	37.440272	6.102899	1.069244	0.998220	1.071742	0.000658	1.069244	0.998218	1.068587	0.000260	1.069244	0.998217	1.072718	0.000169	1.069244	0.998215	1.069362	0.000277	1350070361.045591	0.999994	50.686673	37.495859	2.708009	1.046607	0.996531	1.060596	0.000251	1.046608	0.996529	1.041583	0.000382	1.046607	0.996525	1.050998	0.000435	1.046608	0.996523	1.044251	0.000361	
1350070362.045465	1.000000	50.677933	37.439713	6.101624	1.063884	0.998025	0.922882	0.004336	1.063884	0.998023	0.905132	0.003456	1.063884	0.998023	0.907026	0.003386	1.063884	0.998022	0.901718	0.003403	1350070362.045590	0.999999	50.688052	37.496114	2.711398	1.043904	0.996529	0.882252	0.003239	1.043904	0.996520	0.886977	0.003463	1.043904	0.996517	0.874101	0.004876	1.043904	0.996515	0.891766	0.003548	
1350070363.045465	1.000000	50.627182	37.401428	6.078247	1.069817	0.998354	1.070084	0.000371	1.069817	0.998353	1.074429	0.000271	1.069817	0.998352	1.074029	0.000188	1.069817	0.998352	1.073474	0.000231	1350070363.045589	0.999999	50.687579	37.496313	2.754107	1.046236	0.996560	1.042820	0.000266	1.046236	0.996557	1.046417	0.000428	1.046235	0.996555	1.047648	0.000342	1.046236	0.996553	1.048668	0.000375	
1350070364.045464	0.999999	50.678485	37.442037	6.109076	1.069116	0.998217	1.064626	0.000406	1.069116	0.998215	1.073522	0.000204	1.069116	0.998214	1.076370	0.000115	1.069116	0.998212	1.070433	0.000200	1350070364.045592	1.000003	50.681407	37.492422	2.711417	1.046217	0.996579	1.047739	0.000149	1.046218	0.996575	1.047270	0.000387	1.046217	0.996575	1.045323	0.000298	1.046218	0.996573	1.047349	0.000358	
1350070365.045465	1.000001	50.653150	37.412501	6.109064	1.087504	0.997017	1.081812	0.000378	1.087504	0.997015	1.080659	0.000236	1.087504	0.997013	1.087437	0.000156	1.087504	0.997011	1.092828	0.000248	1350070365.045596	1.000004	50.684502	37.494370	2.699955	1.056615	0.997578	1.050577	0.000238	1.056615	0.997577	1.052643	0.000396	1.056615	0.997576	1.057699	0.000313	1.056616	0.997574	1.055243	0.000344	
1350070366.045464	0.999999	50.678439	37.435476	6.090582	1.071151	0.998642	1.071326	0.000754	1.071151	0.998641	1.073226	0.000186	1.071151	0.998640	1.076351	0.000132	1.071151	0.998639	1.070002	0.000200	1350070366.045592	0.999996	50.631629	37.455611	2.711010	1.046238	0.996524	1.054575	0.000134	1.046246	0.996522	1.046466	0.000320	1.046247	0.996519	1.046061	0.000433	1.046248	0.996516	1.045684	0.000355	
1350070367.045465	1.000001	50.679426	37.441142	6.096735	1.068983	0.998220	1.072806	0.002236	1.068983	0.998218	1.062299	0.000286	1.068983	0.998217	1.077688	0.000197	1.068983	0.998215	1.071117	0.000237	1350070367.045595	1.000003	50.689311	37.499075	2.705436	1.046317	0.996589	1.056623	0.000263	1.046309	0.996588	1.047547	0.000384	1.046308	0.996585	1.051263	0.000366	1.046307	0.996582	1.042450	0.000350	
1350070368.045464	0.999999	50.676974	37.438634	6.102911	1.069595	0.998286	1.065526	0.000390	1.069595	0.998285	1.066860	0.000225	1.069595	0.998284	1.076289	0.000145	1.069595	0.998283	1.073494	0.000199	1350070368.045589	0.999994	50.682004	37.491587	2.708344	1.046461	0.996591	1.044674	0.000135	1.046462	0.996587	1.044277	0.000354	1.046464	0.996585	1.049929	0.000273	1.046466	0.996583	1.046125	0.000321	
1350070369.045465	1.000001	50.678968	37.440333	6.109064	1.068847	0.998138	1.069567	0.000415	1.068847	0.998136	1.069285	0.000282	1.068847	0.998134	1.068356	0.000200	1.068847	0.998133	1.066957	0.000284	1350070369.045618	1.000029	50.684485	37.494759	2.707578	1.046470	0.996543	1.044734	0.000290	1.046469	0.996540	1.050483	0.000402	1.046467	0.996538	1.043737	0.000389	1.046466	0.996535	1.044007	0.000438	
1350070370.045465	1.000000	50.677338	37.437363	6.059753	1.070432	0.998509	1.068300	0.000409	1.070432	0.998508	1.066401	0.000205	1.070432	0.998507	1.071932	0.000133	1.070432	0.998507	1.066619	0.000201	1350070370.045589	0.999971	50.686884	37.495521	2.700625	1.046607	0.996425	1.050565	0.000134	1.046609	0.996422	1.048552	0.000271	1.046610	0.996420	1.044199	0.000295	1.046611	0.996418	1.050868	0.000388	
1350070371.045465	1.000000	50.674225	37.429626	6.102905	1.071320	0.998712	1.069450	0.000653	1.071320	0.998711	1.064108	0.000250	1.071320	0.998710	1.068148	0.000174	1.071320	0.998709	1.068200	0.000258	1350070371.045592	1.000003	50.684917	37.496710	2.696983	1.046380	0.996535	1.043002	0.000237	1.046378	0.996531	1.045093	0.000369	1.046377	0.996530	1.042633	0.000412	1.046376	0.996528	1.044287	0.000398	
1350070372.045465	1.000000	50.679672	37.435120	6.096741	1.072165	0.998865	1.071950	0.000396	1.072165	0.998864	1.073318	0.000203	1.072165	0.998862	1.064487	0.000116	1.072165	0.998862	1.076971	0.000234	1350070372.045592	1.000000	50.687088	37.496414	2.711594	1.046344	0.996490	1.047955	0.000151	1.046344	0.996487	1.049681	0.000299	1.046344	0.996484	1.041276	0.000341	1.046344	0.996482	1.043526	0.000367	
1350070373.045465	1.000000	50.624420	37.392151	6.109070	1.071693	0.998796	1.068360	0.000433	1.071693	0.998796	1.071417	0.000491	1.071693	0.998795	1.077355	0.000199	1.071693	0.998794	1.073761	0.000214	1350070373.045595	1.000003	50.683925	37.496954	2.711494	1.045991	0.996498	1.046378	0.000230	1.045991	0.996494	1.040706	0.000374	1.045991	0.996481	1.043391	0.000300	1.045993	0.996478	1.044396	0.000378	
1350070374.045464	0.999999	50.676226	37.426244	6.078253	1.072716	0.998998	1.075023	0.000381	1.072716	0.998997	1.073311	0.000201	1.072716	0.998996	1.070515	0.000116	1.072716	0.998995	1.070453	0.000218	1350070374.045595	1.000000	50.687241	37.498428	2.713943	1.046129	0.996622	1.042527	0.000158	1.046129	0.996619	1.049568	0.000316	1.046129	0.996626	1.045901	0.000317	1.046127	0.996624	1.049495	0.000365	
1350070375.045465	1.000001	50.678022	37.435053	6.109049	1.071056	0.998617	1.067369	0.000349	1.071056	0.998615	1.066055	0.000269	1.071056	0.998615	1.077105	0.000188	1.071056	0.998614	1.071104	0.000237	1350070375.045592	0.999997	50.684270	37.493585	2.740334	1.046251	0.996651	1.041689	0.000226	1.046253	0.996648	1.047903	0.000368	1.046254	0.996646	1.038931	0.000288	1.046255	0.996644	1.044464	0.000412	
1350070376.045464	0.999999	50.677264	37.430135	6.084417	1.072214	0.998911	1.072340	0.001287	1.072214	0.998910	1.071066	0.000565	1.072214	0.998909	1.070809	0.000114	1.072214	0.998909	1.070026	0.000200	1350070376.045591	0.999999	50.686724	37.499273	2.709216	1.045836	0.996589	1.053063	0.000169	1.045834	0.996587	1.047158	0.000300	1.045833	0.996584	1.050336	0.000410	1.045832	0.996584	1.047390	0.000389	
1350070377.045465	1.000001	50.675840	37.432108	6.084406	1.071690	0.998866	1.055249	0.002197	1.071690	0.998865	1.076805	0.000273	1.071690	0.998865	1.072729	0.000168	1.071690	0.998864	1.073142	0.000273	1350070377.045589	0.999998	50.685781	37.499431	2.689229	1.045732	0.996598	1.060675	0.000229	1.045732	0.996596	1.041379	0.000392	1.045732	0.996593	1.057034	0.000316	1.045732	0.996591	1.049157	0.000366	
1350070378.045464	0.999999	50.680422	37.438055	6.102911	1.071601	0.998730	1.073221	0.000410	1.071601	0.998729	1.066657	0.000206	1.071601	0.998728	1.076311	0.000131	1.071601	0.998728	1.063384	0.000203	1350070378.045592	1.000003	50.633983	37.459784	2.697883	1.045841	0.996479	1.048948	0.000148	1.045841	0.996481	1.045913	0.000283	1.045841	0.996479	1.045130	0.000362	1.045841	0.996476	1.042058	0.000348	
1350070379.045465	1.000001	50.676542	37.433238	6.090570	1.072457	0.998955	1.074648	0.000357	1.072457	0.998954	1.074834	0.000262	1.072457	0.998953	1.078125	0.000193	1.072457	0.998952	1.074461	0.000235	1350070379.045587	0.999995	50.686411	37.498555	2.712706	1.045972	0.996586	1.041338	0.000225	1.045972	0.996578	1.045590	0.000402	1.045972	0.996575	1.050243	0.000327	1.045972	0.996572	1.045679	0.000389	
1350070380.045464	0.999999	50.673449	37.431203	6.096747	1.071448	0.998730	1.073201	0.000374	1.071448	0.998729	1.075993	0.000232	1.071448	0.998728	1.063363	0.000165	1.071448	0.998728	1.073538	0.000199	1350070380.045591	1.000004	50.686211	37.496415	2.711461	1.045772	0.996444	1.043027	0.000142	1.045772	0.996440	1.049749	0.000290	1.045772	0.996438	1.042502	0.000333	1.045773	0.996437	1.041637	0.000367	
1350070381.045466	1.000002	715802536.489013	715806890.662257	715815999.745011	0.999987	1.000194	0.999984	1.000198	0.999995	1.000200	0.999985	1.000190	0.999987	1.000197	0.999989	1.000192	0.999987	1.000197	0.999987	1.000194	1350070381.045552	0.999961	715839536.603570	715829836.102860	715839934.370801	0.999987	1.000198	0.999984	1.000196	3.893271	0.256902	0.999986	1.000193	0.999987	1.000197	0.999989	1.000193	0.999987	1.000197	0.999987	1.000196	
1350070382.045465	0.999999	0.000000	0.000000	0.000000	-nan	-nan	-nan	-nan	0.000000	inf	-nan	-nan	-nan	0.000000	-nan	-nan	-nan	-nan	-nan	-nan	1350070382.045524	0.999972	0.000000	0.000000	0.000000	-nan	-nan	-nan	-nan	0.000000	inf	-nan	-nan	-nan	-nan	-nan	-nan	-nan	-nan	-nan	-nan	
