ts_0	elapsed_0	pkg_0	pp0_0	dram_0	freq_ratio_0_0	c0_ratio_0_0	freq_ratio_0_1	c0_ratio_0_1	freq_ratio_0_2	c0_ratio_0_2	freq_ratio_0_3	c0_ratio_0_3	freq_ratio_0_4	c0_ratio_0_4	freq_ratio_0_5	c0_ratio_0_5	freq_ratio_0_6	c0_ratio_0_6	freq_ratio_0_7	c0_ratio_0_7	ts_1	elapsed_1	pkg_1	pp0_1	dram_1	freq_ratio_1_0	c0_ratio_1_0	freq_ratio_1_1	c0_ratio_1_1	freq_ratio_1_2	c0_ratio_1_2	freq_ratio_1_3	c0_ratio_1_3	freq_ratio_1_4	c0_ratio_1_4	freq_ratio_1_5	c0_ratio_1_5	freq_ratio_1_6	c0_ratio_1_6	freq_ratio_1_7	c0_ratio_1_7	
1350070350.046626	1.000338	54.375370	41.152698	6.125493	1.096444	0.997535	1.084506	0.000380	1.096442	0.997532	1.049414	0.004260	1.096437	0.997530	1.137306	0.000408	1.096431	0.997551	1.093474	0.000366	1350070350.046756	1.000288	54.542885	41.424944	4.395249	1.090564	0.998967	1.120702	0.000478	1.090559	0.998974	1.102199	0.000354	1.090554	0.998974	1.105023	0.000463	1.090548	0.998974	1.094110	0.000355	
1350070351.046616	0.999990	50.683399	37.464410	6.109131	1.044634	0.996973	1.044082	0.000379	1.044634	0.996971	1.044966	0.001780	1.044634	0.996968	1.038124	0.000117	1.044634	0.996965	1.042354	0.000225	1350070351.046745	0.999989	50.699149	37.564926	3.366751	1.038484	0.999978	1.038677	0.000401	1.038484	0.999978	1.039345	0.000347	1.038484	0.999978	1.039112	0.000372	1.038485	0.999978	1.038362	0.000345	
1350070352.046616	1.000000	50.685669	37.462860	6.109070	1.044650	0.996773	1.042587	0.000496	1.044650	0.996773	1.046122	0.000337	1.044650	0.996771	1.048149	0.000212	1.044650	0.996768	1.043657	0.000262	1350070352.046750	1.000005	50.713064	37.574916	2.751283	1.037957	0.999888	1.038378	0.000415	1.037957	0.999888	1.037659	0.000357	1.037957	0.999889	1.037914	0.000371	1.037957	0.999888	1.037781	0.000328	
1350070353.046616	1.000000	50.687393	37.458847	6.090576	1.044764	0.996778	1.044474	0.000326	1.044764	0.996776	1.044409	0.000208	1.044764	0.996773	1.043415	0.000116	1.044764	0.996771	1.040555	0.000225	1350070353.046738	0.999988	50.709085	37.569204	2.735399	1.036809	0.999662	1.018450	0.002596	1.036809	0.999662	1.036663	0.000420	1.036809	0.999661	1.031990	0.000385	1.036809	0.999660	1.033951	0.000300	
1350070354.046616	1.000000	50.684311	37.454376	6.115234	1.044002	0.996974	1.041962	0.000883	1.044002	0.996973	1.040939	0.000323	1.044002	0.996971	1.045628	0.000204	1.044002	0.996968	1.038921	0.000308	1350070354.046740	1.000002	50.708186	37.567403	2.777567	1.036077	0.999441	1.035570	0.000434	1.036083	0.999441	1.038452	0.000387	1.036083	0.999441	1.036634	0.000405	1.036083	0.999441	1.025325	0.000700	
1350070355.046616	1.000000	50.637558	37.420578	6.102905	1.044543	0.996867	1.043232	0.000339	1.044543	0.996864	1.045148	0.000204	1.044543	0.996862	1.044696	0.000117	1.044543	0.996859	1.045005	0.000206	1350070355.046737	0.999997	50.711842	37.565989	2.709863	1.036247	0.999466	1.038632	0.000428	1.036241	0.999466	1.038440	0.000399	1.036242	0.999465	1.031800	0.000375	1.036241	0.999465	1.038375	0.000304	
1350070356.046616	1.000000	50.684708	37.452454	6.121399	1.044093	0.996840	1.046779	0.000425	1.044093	0.996837	1.047804	0.000291	1.044093	0.996834	1.046856	0.000173	1.044093	0.996833	1.043903	0.000249	1350070356.046742	1.000005	50.711416	37.566905	2.733705	1.036197	0.999466	1.034278	0.000351	1.036197	0.999465	1.035326	0.000396	1.036197	0.999465	1.038560	0.000385	1.036197	0.999465	1.038673	0.000301	
1350070357.046616	1.000000	50.686508	37.451553	6.102905	1.043721	0.996733	1.040838	0.000345	1.043721	0.996730	1.044704	0.000208	1.043721	0.996727	1.043273	0.000134	1.043721	0.996724	1.047594	0.000224	1350070357.046739	0.999997	50.710027	37.568628	2.695031	1.036113	0.999442	1.038439	0.000415	1.036113	0.999442	1.038407	0.000396	1.036113	0.999442	1.034832	0.000340	1.036113	0.999441	1.028650	0.000298	
1350070358.046616	1.000000	50.702789	37.467880	6.127563	1.040115	0.999066	1.039671	0.000628	1.040115	0.999065	1.038663	0.006205	1.040115	0.999064	1.043108	0.000185	1.040115	0.999064	1.038847	0.000267	1350070358.046743	1.000004	50.709603	37.565445	5.041804	1.035913	0.999398	1.038418	0.000282	1.035913	0.999398	1.035717	0.000290	1.035913	0.999397	1.033858	0.000351	1.035913	0.999396	1.034066	0.000361	
1350070359.046616	1.000000	50.692886	37.460205	6.096741	1.039789	0.998797	1.042078	0.004100	1.039789	0.998797	1.038219	0.003316	1.039789	0.998796	1.038212	0.000130	1.039789	0.998795	1.038530	0.000218	1350070359.046742	0.999999	50.712191	37.566427	5.124272	1.035713	0.999353	1.028721	0.000609	1.035713	0.999352	1.035918	0.000342	1.035714	0.999352	1.035175	0.000283	1.035713	0.999351	1.033270	0.000256	
1350070360.046616	1.000000	50.684540	37.453354	6.127563	1.041961	0.997746	1.047661	0.000323	1.041962	0.997743	1.038080	0.002634	1.041963	0.997743	1.042457	0.000185	1.041965	0.997741	1.051969	0.000283	1350070360.046743	1.000001	50.712430	37.565501	3.644390	1.035977	0.999396	1.034853	0.000340	1.035977	0.999396	1.034270	0.000333	1.035977	0.999395	1.034605	0.000372	1.035977	0.999395	1.031841	0.000309	
1350070361.046616	1.000000	50.687683	37.458740	6.109070	1.043452	0.996715	1.043404	0.000328	1.043451	0.996711	1.042057	0.000211	1.043450	0.996709	1.047080	0.000148	1.043449	0.996707	1.038870	0.000207	1350070361.046742	0.999999	50.660983	37.529546	2.711688	1.036072	0.999421	1.028293	0.000379	1.036072	0.999420	1.038425	0.000344	1.036072	0.999419	1.031121	0.000347	1.036072	0.999419	1.033634	0.000333	
1350070362.046616	1.000000	50.687225	37.457275	6.102905	1.043313	0.996797	1.041063	0.000369	1.043313	0.996795	1.038515	0.000276	1.043313	0.996792	1.046247	0.000178	1.043313	0.996790	1.041040	0.000260	1350070362.046738	0.999996	50.762413	37.603195	2.759197	1.035867	0.999398	1.038736	0.000327	1.035867	0.999398	1.038334	0.000384	1.035867	0.999397	1.035225	0.000404	1.035866	0.999396	1.031053	0.000459	
1350070363.046616	1.000000	50.685043	37.455658	6.115234	1.043654	0.996884	1.044647	0.000333	1.043654	0.996882	1.041040	0.000213	1.043654	0.996879	1.042612	0.000138	1.043654	0.996878	1.040816	0.000230	1350070363.046742	1.000004	50.709298	37.562485	2.744343	1.030699	0.998256	1.006305	0.002303	1.030699	0.998260	1.030920	0.005529	1.030699	0.998260	1.036132	0.000355	1.030699	0.998258	1.031478	0.000317	
1350070364.046616	1.000000	50.687637	37.457382	6.107925	1.037964	0.997065	0.914521	0.004842	1.037964	0.997062	0.897580	0.003578	1.037964	0.997061	0.889102	0.003590	1.037964	0.997058	0.896820	0.003406	1350070364.046740	0.999998	50.664861	37.529018	2.763067	1.029679	0.998620	0.859650	0.005009	1.029679	0.998613	0.916423	0.005276	1.029679	0.998612	0.916309	0.005339	1.029679	0.998611	0.869884	0.003565	
1350070365.046616	1.000000	50.680588	37.446976	6.090576	1.053853	0.997644	1.049867	0.000427	1.053853	0.997641	1.050202	0.000194	1.053853	0.997640	1.057167	0.000120	1.053853	0.997638	1.058882	0.000209	1350070365.046744	1.000004	50.701195	37.554871	2.722569	1.041566	0.998752	1.043954	0.000409	1.041566	0.998752	1.038431	0.000413	1.041566	0.998752	1.043756	0.000354	1.041566	0.998751	1.044521	0.000244	
1350070366.046616	1.000000	50.683304	37.450439	6.115234	1.043542	0.997245	1.042661	0.000833	1.043542	0.997243	1.042643	0.000254	1.043541	0.997241	1.042453	0.000165	1.043542	0.997238	1.041123	0.000256	1350070366.046742	0.999998	50.710363	37.565578	2.949514	1.032928	0.998683	1.034163	0.003286	1.032928	0.998682	1.033309	0.000337	1.032928	0.998681	1.034543	0.000622	1.032928	0.998681	1.031212	0.000290	
1350070367.046616	1.000000	50.687149	37.455994	6.115234	1.043628	0.996808	1.045107	0.000285	1.043629	0.996804	1.039162	0.000233	1.043630	0.996803	1.039190	0.000190	1.043632	0.996800	1.042312	0.000208	1350070367.046744	1.000002	50.713786	37.566457	2.709956	1.033927	0.998937	1.034886	0.001803	1.033925	0.998936	1.038143	0.000451	1.033924	0.998935	1.034290	0.000926	1.033922	0.998935	1.038028	0.000251	
1350070368.046616	1.000000	50.685577	37.452240	6.109070	1.043038	0.996831	1.041056	0.000269	1.043037	0.996829	1.044269	0.000252	1.043036	0.996827	1.044009	0.000147	1.043035	0.996824	1.041438	0.000268	1350070368.046745	1.000001	50.709897	37.561884	2.713666	1.034612	0.999071	1.035896	0.000362	1.034614	0.999070	1.034348	0.000351	1.034615	0.999070	1.035632	0.001649	1.034617	0.999069	1.034759	0.000293	
1350070369.046615	0.999999	50.685610	37.454854	6.115225	1.043148	0.996871	1.039575	0.000715	1.043148	0.996869	1.040719	0.000288	1.043148	0.996868	1.042370	0.000171	1.043148	0.996866	1.047492	0.000223	1350070369.046778	1.000033	50.709788	37.560654	2.730699	1.035660	0.999331	1.034576	0.000414	1.035660	0.999331	1.035571	0.000442	1.035660	0.999331	1.038493	0.000304	1.035660	0.999330	1.038874	0.000325	
1350070370.046616	1.000001	50.687894	37.454112	6.109064	1.043443	0.996818	1.048301	0.000259	1.043443	0.996816	1.045563	0.000285	1.043443	0.996811	1.043578	0.000165	1.043443	0.996810	1.038809	0.000253	1350070370.046742	0.999964	50.715373	37.565683	2.726325	1.035727	0.999355	1.038972	0.000358	1.035727	0.999355	1.032305	0.000410	1.035727	0.999354	1.034786	0.000394	1.035727	0.999353	1.037810	0.000314	
1350070371.046616	1.000000	50.685165	37.453415	6.127563	1.043511	0.996927	1.040667	0.000259	1.043511	0.996925	1.044285	0.000226	1.043511	0.996925	1.054139	0.000132	1.043511	0.996921	1.038507	0.000225	1350070371.046740	0.999998	50.711400	37.565074	2.711843	1.035814	0.999370	1.034501	0.000378	1.035814	0.999370	1.038927	0.000421	1.035814	0.999370	1.039606	0.000373	1.035814	0.999369	1.039045	0.000268	
1350070372.046616	1.000000	50.685455	37.452438	6.115234	1.043408	0.996999	1.042998	0.000296	1.043409	0.996997	1.038424	0.000266	1.043408	0.996995	1.041339	0.000187	1.043408	0.996993	1.040619	0.000272	1350070372.046742	1.000002	50.707606	37.560521	2.713389	1.035596	0.999307	1.034266	0.000379	1.035596	0.999307	1.032201	0.000377	1.035596	0.999306	1.037399	0.000462	1.035596	0.999306	1.033743	0.000323	
1350070373.046616	1.000000	50.637222	37.415375	6.127563	1.043830	0.996932	1.040329	0.000265	1.043830	0.996929	1.044984	0.000208	1.043830	0.996926	1.037681	0.000136	1.043830	0.996924	1.048011	0.000243	1350070373.046743	1.000001	50.713102	37.564936	2.721021	1.035235	0.999262	1.026131	0.002292	1.035235	0.999261	1.036084	0.000403	1.035234	0.999260	1.036040	0.000386	1.035235	0.999260	1.032457	0.000373	
1350070374.046616	1.000000	50.684799	37.450562	6.102905	1.043767	0.996827	1.043144	0.000679	1.043767	0.996825	1.043743	0.000253	1.043767	0.996824	1.039047	0.000191	1.043767	0.996821	1.053948	0.000254	1350070374.046737	0.999994	50.713315	37.564021	2.759874	1.035513	0.999273	1.038357	0.000379	1.035512	0.999273	1.038134	0.000393	1.035510	0.999273	1.033260	0.000363	1.035509	0.999272	1.036380	0.000438	
1350070375.046615	0.999999	50.686297	37.451986	6.127569	1.044088	0.996932	1.048571	0.000268	1.044088	0.996929	1.041615	0.000208	1.044088	0.996927	1.043523	0.000134	1.044088	0.996924	1.041471	0.000224	1350070375.046743	1.000006	50.709445	37.559575	2.705779	1.035685	0.999342	1.027941	0.000409	1.035686	0.999341	1.031848	0.000403	1.035688	0.999341	1.038228	0.000345	1.035689	0.999340	1.033544	0.000309	
1350070376.046616	1.000001	50.685056	37.450221	6.121378	1.043614	0.996923	1.044271	0.000245	1.043615	0.996921	1.040488	0.001098	1.043616	0.996919	1.051587	0.000170	1.043617	0.996917	1.039094	0.000243	1350070376.046744	1.000001	50.657377	37.520045	2.723935	1.035551	0.999309	1.031274	0.000367	1.035551	0.999308	1.034931	0.000348	1.035546	0.999308	1.036493	0.000399	1.035552	0.999307	1.035298	0.000306	
1350070377.046616	1.000000	50.687546	37.451904	6.121399	1.043603	0.996847	1.052015	0.000260	1.043602	0.996844	1.045275	0.000208	1.043600	0.996842	1.038935	0.000136	1.043599	0.996840	1.038739	0.000226	1350070377.046738	0.999994	50.710126	37.560115	2.708817	1.035595	0.999301	1.038546	0.000358	1.035595	0.999306	1.038495	0.000405	1.035600	0.999305	1.032013	0.000385	1.035595	0.999305	1.036735	0.000299	
1350070378.046616	1.000000	50.685059	37.450241	6.115234	1.043634	0.996834	1.041823	0.000284	1.043634	0.996831	1.042397	0.000253	1.043634	0.996828	1.047684	0.000176	1.043634	0.996827	1.048699	0.000263	1350070378.046743	1.000005	50.711813	37.562022	2.713640	1.035668	0.999332	1.038357	0.000371	1.035668	0.999326	1.036750	0.000342	1.035668	0.999325	1.035285	0.000393	1.035668	0.999325	1.035384	0.000311	
1350070379.046615	0.999999	50.688937	37.454717	6.102911	1.043553	0.996994	1.040721	0.000984	1.043553	0.996992	1.041075	0.000255	1.043552	0.996990	1.043311	0.000135	1.043553	0.996989	1.041683	0.000206	1350070379.046743	1.000000	50.711731	37.562088	2.722046	1.035555	0.999310	1.034879	0.000392	1.035555	0.999309	1.035290	0.000405	1.035555	0.999308	1.034797	0.000370	1.035555	0.999308	1.032020	0.000311	
1350070380.046616	1.000001	50.685010	37.451823	6.127558	1.043815	0.996863	1.047644	0.000272	1.043815	0.996860	1.040880	0.000277	1.043815	0.996858	1.049643	0.000185	1.043815	0.996857	1.041480	0.000235	1350070380.046738	0.999995	50.710215	37.560552	2.723036	1.035436	0.999283	1.025823	0.000359	1.035436	0.999283	1.035200	0.000370	1.035436	0.999282	1.033677	0.000418	1.035436	0.999282	1.038530	0.000302	
1350070381.046623	1.000007	715762166.056954	715785406.354198	715799620.359131	0.999990	1.000217	0.999988	1.000221	0.999998	1.000217	0.999990	1.000218	0.999990	1.000220	0.999993	1.000215	0.999990	1.000220	0.999990	1.000218	1350070381.046715	0.999977	715833469.497730	715797078.848683	715797315.051675	0.999990	1.000217	0.999988	1.000220	3.893022	0.256925	0.999990	1.000219	0.999990	1.000220	0.999993	1.000216	0.999990	1.000220	0.999990	1.000218	
1350070382.046616	0.999993	0.000000	0.000000	0.000000	-nan	-nan	-nan	-nan	0.000000	inf	-nan	-nan	-nan	0.000000	-nan	-nan	-nan	-nan	-nan	-nan	1350070382.046682	0.999967	0.000000	0.000000	0.000000	-nan	-nan	-nan	-nan	0.000000	inf	-nan	-nan	-nan	-nan	-nan	-nan	-nan	-nan	-nan	-nan	
