ts_0	elapsed_0	pkg_0	pp0_0	dram_0	freq_ratio_0_0	c0_ratio_0_0	freq_ratio_0_1	c0_ratio_0_1	freq_ratio_0_2	c0_ratio_0_2	freq_ratio_0_3	c0_ratio_0_3	freq_ratio_0_4	c0_ratio_0_4	freq_ratio_0_5	c0_ratio_0_5	freq_ratio_0_6	c0_ratio_0_6	freq_ratio_0_7	c0_ratio_0_7	ts_1	elapsed_1	pkg_1	pp0_1	dram_1	freq_ratio_1_0	c0_ratio_1_0	freq_ratio_1_1	c0_ratio_1_1	freq_ratio_1_2	c0_ratio_1_2	freq_ratio_1_3	c0_ratio_1_3	freq_ratio_1_4	c0_ratio_1_4	freq_ratio_1_5	c0_ratio_1_5	freq_ratio_1_6	c0_ratio_1_6	freq_ratio_1_7	c0_ratio_1_7	
1350073609.147662	1.000202	94.800100	81.555125	6.101200	1.153846	1.000000	1.153846	1.000000	1.153846	1.000000	1.153846	1.000000	1.153846	1.000000	1.153846	1.000000	1.153846	1.000000	1.153846	1.000000	1350073609.147721	1.000196	65.350642	52.061208	2.516917	1.230068	0.996975	1.230068	0.996972	1.230068	0.996970	1.192365	0.001506	1.230068	0.996967	1.192218	0.001593	1.191977	0.000096	1.192123	0.000159	
1350073610.147656	0.999994	92.865666	79.648485	6.115271	1.148212	0.806626	1.149297	0.998893	1.149296	0.998891	1.149297	0.998889	1.149297	0.998890	1.149297	0.998889	1.149296	0.998888	1.149297	0.998887	1350073610.147747	1.000026	66.782612	53.476989	1.983637	1.223149	0.998117	1.223149	0.998116	1.223149	0.998113	1.192314	0.193127	1.223149	0.998123	1.192432	0.002051	1.195315	0.000010	1.192712	0.000096	
1350073611.147656	1.000000	86.547409	73.322556	6.121399	1.153870	0.001961	1.153846	1.000000	1.153847	1.000000	1.153846	1.000000	1.153846	1.000000	1.153846	1.000000	1.153846	1.000000	1.153846	1.000001	1350073611.147748	1.000001	72.050743	58.730474	2.764814	1.192302	0.999929	1.192302	0.999929	1.192302	0.999929	1.192302	0.999929	1.192302	0.999929	1.192338	0.003644	1.185967	0.000068	1.192080	0.001361	
1350073612.147656	1.000000	86.509933	73.286331	6.121338	1.153845	0.000931	1.153846	1.000000	1.153846	1.000000	1.153847	1.000000	1.153846	1.000001	1.153847	1.000000	1.153847	1.000000	1.153846	1.000000	1350073612.147741	0.999993	72.640288	59.313688	2.561175	1.192306	0.999977	1.192306	0.999977	1.192306	0.999977	1.192298	0.999977	1.192306	0.999977	1.192365	0.005867	1.167254	0.000017	1.191014	0.000090	
1350073613.147663	1.000007	86.732951	73.506312	6.107914	1.153857	0.005829	1.153847	1.000000	1.153846	1.000000	1.153846	1.000000	1.153846	1.000000	1.153846	1.000000	1.153846	1.000000	1.153846	1.000000	1350073613.147750	1.000009	72.445953	59.114256	2.982135	1.192166	0.999909	1.192166	0.999909	1.192166	0.999909	1.192174	0.999909	1.192166	0.999909	1.175172	0.005809	1.154029	0.002574	1.155855	0.003735	
1350073614.147656	0.999993	86.687260	73.457799	6.121441	1.153857	0.001325	1.153846	1.000000	1.153846	1.000000	1.153846	1.000000	1.153846	1.000000	1.153846	1.000000	1.153846	1.000000	1.153846	1.000000	1350073614.147746	0.999996	72.054018	58.711374	2.254724	1.192306	0.999978	1.192306	0.999978	1.192306	0.999978	1.192306	0.999978	1.192306	0.999978	1.192304	0.002080	1.193914	0.000010	1.192765	0.000100	
1350073615.147656	1.000000	86.661407	73.432053	6.109070	1.153960	0.000706	1.153846	1.000000	1.153846	1.000000	1.153847	1.000000	1.153846	1.000000	1.153847	1.000000	1.153846	1.000000	1.153846	1.000000	1350073615.147745	0.999999	72.688622	59.343074	2.570696	1.192302	0.999931	1.192302	0.999931	1.192302	0.999931	1.192302	0.999931	1.192302	0.999931	1.192227	0.006372	1.182153	0.000140	1.182476	0.000111	
1350073616.147656	1.000000	86.699265	73.471542	6.109070	1.153663	0.000567	1.153847	1.000000	1.153846	1.000000	1.153845	1.000000	1.153847	1.000000	1.153846	1.000000	1.153846	1.000000	1.153846	1.000000	1350073616.147741	0.999996	72.640477	59.304913	2.585719	1.192300	0.999911	1.192300	0.999910	1.192300	0.999910	1.192300	0.999910	1.192300	0.999910	1.191645	0.001815	1.192247	0.000160	1.191910	0.005337	
1350073617.147656	1.000000	87.556488	74.324753	6.121399	1.153864	0.006643	1.153846	1.000000	1.153846	1.000000	1.153847	1.000000	1.153846	1.000000	1.153846	1.000000	1.153846	1.000000	1.153846	1.000000	1350073617.147745	1.000004	72.261121	58.913015	4.037932	1.192296	0.999864	1.192296	0.999864	1.192296	0.999863	1.192296	0.999864	1.192296	0.999864	1.191312	0.001755	1.180767	0.000201	1.189559	0.000896	
1350073618.147656	1.000000	86.765182	73.534027	6.109070	1.153882	0.000590	1.153846	1.000000	1.153846	1.000000	1.153846	1.000000	1.153846	1.000000	1.153846	1.000000	1.153846	1.000000	1.153846	1.000000	1350073618.147744	0.999999	72.241478	58.895778	2.199129	1.192298	0.999881	1.192298	0.999887	1.192298	0.999881	1.192298	0.999881	1.192298	0.999881	1.191693	0.002935	1.189134	0.000172	1.191419	0.001735	
1350073619.147656	1.000000	86.769012	73.539246	6.109070	1.154300	0.000744	1.153847	1.000000	1.153846	1.000000	1.153847	1.000000	1.153846	1.000000	1.153847	1.000000	1.153846	1.000000	1.153846	1.000000	1350073619.147737	0.999993	72.351346	59.006206	2.175537	1.192304	0.999954	1.192303	0.999954	1.192303	0.999954	1.192303	0.999954	1.192304	0.999954	1.192100	0.003115	1.192132	0.000416	1.180248	0.000099	
1350073620.147656	1.000000	86.757431	73.523788	6.102905	1.153236	0.000601	1.153846	1.000000	1.153846	1.000000	1.153846	1.000000	1.153846	1.000000	1.153846	1.000000	1.153846	1.000000	1.153846	1.000000	1350073620.147744	1.000007	72.315174	58.966908	2.084138	1.192304	0.999954	1.192304	0.999954	1.192304	0.999954	1.192304	0.999954	1.192304	0.999953	1.192047	0.003082	1.192042	0.000423	1.177420	0.000063	
1350073621.147656	1.000000	86.911011	73.677887	6.102875	1.153870	0.001913	1.153846	1.000000	1.153847	1.000000	1.153846	1.000000	1.153847	1.000000	1.153847	1.000000	1.153846	1.000000	1.153847	1.000000	1350073621.147745	1.000001	72.210716	58.860753	2.499799	1.192304	0.999954	1.192304	0.999954	1.192304	0.999954	1.192304	0.999954	1.192304	0.999954	1.192282	0.002314	1.190752	0.000471	1.190746	0.000178	
1350073622.147656	1.000000	86.836945	73.601715	6.121399	1.153839	0.001249	1.153846	1.000000	1.153846	1.000000	1.153846	1.000000	1.153846	1.000000	1.153846	1.000000	1.153846	1.000000	1.153846	1.000000	1350073622.147743	0.999998	71.635619	58.279103	2.752203	1.192296	0.999864	1.192296	0.999864	1.192296	0.999864	1.192296	0.999864	1.192296	0.999864	1.192223	0.005954	1.184319	0.000389	1.182880	0.000099	
1350073623.147656	1.000000	86.847977	73.611389	6.102905	1.153875	0.000933	1.153846	1.000000	1.153846	1.000000	1.153846	1.000000	1.153847	1.000000	1.153846	1.000000	1.153845	1.000000	1.153846	1.000000	1350073623.147745	1.000002	72.181930	58.824046	2.215313	1.192302	0.999933	1.192302	0.999933	1.192302	0.999933	1.192302	0.999933	1.192302	0.999932	1.192182	0.002433	1.191933	0.000342	1.178671	0.000101	
1350073624.147656	1.000000	86.827072	73.603867	6.121399	1.153582	0.000660	1.153847	1.000001	1.153846	1.000000	1.153847	1.000000	1.153846	1.000000	1.153846	1.000000	1.153847	1.000000	1.153846	1.000000	1350073624.147744	0.999999	72.430138	59.074199	1.918535	1.192303	0.999953	1.192303	0.999953	1.192303	0.999953	1.192304	0.999953	1.192303	0.999953	1.192359	0.003396	1.192345	0.000247	1.172989	0.000059	
1350073625.147662	1.000006	86.955155	73.707706	6.115198	1.153985	0.000835	1.153846	0.999999	1.153846	1.000000	1.153845	1.000000	1.153846	1.000000	1.153846	1.000000	1.153846	1.000000	1.153846	1.000000	1350073625.147753	1.000009	72.735761	59.378429	2.387765	1.192302	0.999929	1.192302	0.999929	1.192301	0.999929	1.192302	0.999929	1.192302	0.999929	1.192153	0.006032	1.187472	0.000256	1.173685	0.000100	
1350073626.147656	0.999994	87.001373	73.751309	6.127600	1.153879	0.002064	1.153846	0.970634	1.154967	0.999934	1.154967	0.999934	1.154968	0.999933	1.154967	0.999922	1.154967	0.999922	1.154967	0.999921	1350073626.147783	1.000030	72.599183	59.243109	2.599226	1.192302	0.999929	1.192302	0.999929	1.192302	0.999929	1.192302	0.999929	1.192302	0.999929	1.192231	0.032007	1.188629	0.000305	1.190903	0.000054	
1350073627.147656	1.000000	81.850586	68.608124	6.127563	1.153854	0.003294	1.153909	0.002180	1.169435	0.997045	1.169435	0.997042	1.169435	0.997042	1.169435	0.997041	1.169435	0.997038	1.169435	0.997033	1350073627.147782	0.999999	81.190446	67.831226	3.652240	1.192004	0.998045	1.192004	0.998043	1.192003	0.998042	1.192004	0.998041	1.192004	0.998039	1.192004	0.998043	1.153792	0.001738	1.153634	0.000101	
1350073628.147656	1.000000	81.684479	68.449829	6.133728	1.153847	0.000715	1.153833	0.005563	1.191327	0.991535	1.191327	0.991530	1.191327	0.991530	1.191327	0.991536	1.191327	0.991515	1.191328	0.991506	1350073628.147802	1.000020	81.243582	67.877379	3.822281	1.191955	0.997894	1.191955	0.997892	1.191956	0.997891	1.191956	0.997889	1.191956	0.997888	1.191956	0.997886	1.153784	0.001805	1.153848	0.001758	
1350073629.147656	1.000000	81.773376	68.540817	6.115234	1.153846	0.000848	1.153834	0.005200	1.191523	0.992100	1.191523	0.992096	1.191523	0.992097	1.191522	0.992082	1.191523	0.992082	1.191523	0.992074	1350073629.147783	0.999981	81.275217	67.904661	3.754451	1.192022	0.998032	1.192022	0.998030	1.192022	0.998028	1.192022	0.998026	1.192022	0.998025	1.192022	0.998023	1.153871	0.001833	1.153773	0.000126	
1350073630.147656	1.000000	81.906570	68.675430	6.139893	1.153871	0.001555	1.181938	0.000007	1.192128	0.997964	1.192129	0.997963	1.192129	0.997962	1.192129	0.997960	1.192129	0.997959	1.192129	0.997956	1350073630.147781	0.999998	81.224505	67.869957	2.116886	1.191928	0.997857	1.191928	0.997855	1.191928	0.997853	1.191928	0.997851	1.191928	0.997850	1.191928	0.997848	1.153823	0.002065	1.153796	0.000092	
1350073631.147656	1.000000	81.900467	68.667145	6.109070	1.153846	0.000881	1.136616	0.000047	1.192220	0.999101	1.192221	0.999100	1.192220	0.999100	1.192220	0.999099	1.192220	0.999098	1.192220	0.999098	1350073631.147784	1.000003	81.279655	67.907321	1.975626	1.191910	0.997719	1.191910	0.997718	1.191910	0.997717	1.191910	0.997714	1.191910	0.997713	1.191910	0.997711	1.153752	0.002277	1.153904	0.000120	
1350073632.147656	1.000000	81.913086	68.677917	6.133728	1.153860	0.000942	1.178142	0.000025	1.192200	0.998859	1.192199	0.998857	1.192200	0.998857	1.192200	0.998868	1.192200	0.998854	1.192200	0.998853	1350073632.147781	0.999997	81.280556	67.904050	1.959967	1.192043	0.997896	1.192044	0.997895	1.192044	0.997893	1.192044	0.997891	1.192044	0.997889	1.192044	0.997887	1.153912	0.002025	1.153699	0.000078	
1350073633.147656	1.000000	81.928009	68.693649	6.115234	1.153823	0.000904	1.152848	0.000047	1.192210	0.999054	1.192210	0.999053	1.192210	0.999053	1.192210	0.999041	1.192210	0.999053	1.192210	0.999051	1350073633.147784	1.000003	81.254616	67.877796	2.158990	1.191615	0.996759	1.191615	0.996756	1.191615	0.996752	1.191615	0.996750	1.191615	0.996747	1.191616	0.996745	1.153823	0.002824	1.153756	0.000141	
1350073634.147656	1.000000	81.901505	68.661713	6.096741	1.153780	0.000678	1.157364	0.000011	1.192228	0.999100	1.192229	0.999099	1.192228	0.999098	1.192228	0.999097	1.192228	0.999096	1.192228	0.999096	1350073634.147783	0.999999	81.316804	67.940815	1.786348	1.192041	0.998093	1.192040	0.998092	1.192041	0.998091	1.192041	0.998089	1.192041	0.998087	1.192040	0.998085	1.153816	0.001918	1.153798	0.000084	
1350073635.147657	1.000001	81.873778	68.648586	6.127527	1.153853	0.001897	1.153996	0.000047	1.192168	0.998920	1.192168	0.998919	1.192168	0.998917	1.192169	0.998917	1.192168	0.998916	1.192168	0.998915	1350073635.147787	1.000004	81.301321	67.923827	1.880882	1.191910	0.997406	1.191910	0.997402	1.191910	0.997400	1.191910	0.997397	1.191910	0.997396	1.191911	0.997393	1.153835	0.002376	1.153710	0.000115	
1350073636.147656	0.999999	81.373536	68.135670	6.109091	1.153865	0.004354	1.153640	0.000054	1.191701	0.994693	1.191701	0.994688	1.191701	0.994684	1.191701	0.994681	1.191701	0.994675	1.191701	0.994670	1350073636.147782	0.999995	80.407843	67.029343	3.377107	1.192131	0.998077	1.192131	0.998076	1.192131	0.998074	1.192132	0.998073	1.192132	0.998072	1.192132	0.998071	1.153743	0.001771	1.153758	0.000059	
1350073637.147666	1.000010	715764315.741818	715807450.708824	715786509.409793	0.999982	1.000167	0.999980	1.000171	0.999990	1.000165	0.999983	1.000174	0.999982	1.000168	0.999984	1.000162	0.999982	1.000167	0.999983	1.000169	1350073637.147764	0.999982	715804684.419351	715822196.813399	715800436.276127	0.999982	1.000169	0.999980	1.000170	3.893542	0.256876	0.999981	1.000164	0.999983	1.000171	0.999984	1.000162	0.999982	1.000170	0.999982	1.000165	
1350073638.147663	0.999997	0.000000	0.000000	0.000000	-nan	-nan	-nan	-nan	729657901066.617920	inf	-nan	-nan	-nan	0.000000	-nan	-nan	-nan	-nan	-nan	-nan	1350073638.147743	0.999979	0.000000	0.000000	0.000000	-nan	-nan	-nan	-nan	1.345745	inf	-nan	-nan	-nan	-nan	-nan	-nan	-nan	-nan	-nan	-nan	
