ts_0	elapsed_0	pkg_0	pp0_0	dram_0	freq_ratio_0_0	c0_ratio_0_0	freq_ratio_0_1	c0_ratio_0_1	freq_ratio_0_2	c0_ratio_0_2	freq_ratio_0_3	c0_ratio_0_3	freq_ratio_0_4	c0_ratio_0_4	freq_ratio_0_5	c0_ratio_0_5	freq_ratio_0_6	c0_ratio_0_6	freq_ratio_0_7	c0_ratio_0_7	ts_1	elapsed_1	pkg_1	pp0_1	dram_1	freq_ratio_1_0	c0_ratio_1_0	freq_ratio_1_1	c0_ratio_1_1	freq_ratio_1_2	c0_ratio_1_2	freq_ratio_1_3	c0_ratio_1_3	freq_ratio_1_4	c0_ratio_1_4	freq_ratio_1_5	c0_ratio_1_5	freq_ratio_1_6	c0_ratio_1_6	freq_ratio_1_7	c0_ratio_1_7	
1349476447.511627	1.000489	49.287834	35.800106	5.627116	0.903284	0.849923	0.902910	0.847540	0.915506	0.976205	0.902608	0.843710	0.898729	0.811423	0.886178	0.722151	0.886310	0.722841	0.895774	0.788700	1349476447.511718	1.000347	49.806361	36.386059	5.517373	0.859948	0.846725	0.859824	0.846511	0.860360	0.849574	0.859246	0.841872	0.859186	0.841673	0.859180	0.841524	0.859174	0.841516	0.879643	0.990830	
1349476448.511630	1.000003	50.743617	36.993034	6.404414	0.837999	0.961196	0.838067	0.960919	0.838021	0.961132	0.838068	0.960896	0.838070	0.960888	0.838025	0.961115	0.838066	0.960894	0.838025	0.961098	1349476448.511756	1.000038	50.796704	37.095212	7.332303	0.813939	0.960136	0.813980	0.960457	0.813926	0.960061	0.813983	0.960506	0.813955	0.960285	0.813954	0.960279	0.813953	0.960278	0.819657	0.996108	
1349476449.511627	0.999997	50.791509	36.650596	7.637276	0.797541	0.983839	0.797555	0.983771	0.797551	0.983661	0.797562	0.983613	0.797564	0.983462	0.797553	0.983680	0.797563	0.983521	0.797551	0.983671	1349476449.511730	0.999974	50.818642	36.718133	9.248379	0.779234	0.982641	0.779246	0.982786	0.779230	0.982791	0.779247	0.982848	0.779242	0.982657	0.779242	0.982668	0.779242	0.982668	0.781860	0.995789	
1349476450.511632	1.000005	50.838246	36.584686	8.065740	0.782826	0.996532	0.782826	0.996530	0.782826	0.996524	0.782826	0.996523	0.782834	0.996244	0.782830	0.996394	0.782834	0.996271	0.782826	0.996474	1349476450.511734	1.000004	50.841728	36.636433	9.951269	0.768975	0.995294	0.768971	0.995513	0.768971	0.995524	0.768971	0.995517	0.768970	0.995452	0.768973	0.995334	0.768972	0.995332	0.768970	0.995508	
1349476451.511626	0.999994	50.823927	36.562123	8.077929	0.782771	0.995756	0.782815	0.995627	0.782810	0.995638	0.782818	0.995619	0.782822	0.995574	0.782804	0.995652	0.782825	0.995580	0.782812	0.995627	1349476451.511721	0.999987	50.830165	36.617927	9.936059	0.769447	0.994714	0.769447	0.994766	0.769448	0.994747	0.769448	0.994778	0.769448	0.994710	0.769448	0.994706	0.769449	0.994705	0.769449	0.995918	
1349476452.511628	1.000002	50.844111	36.577933	8.059158	0.782002	0.996923	0.782002	0.996920	0.782003	0.996809	0.782002	0.996806	0.782004	0.996709	0.782002	0.996816	0.782002	0.996733	0.782000	0.996847	1349476452.511736	1.000015	50.847671	36.631194	9.938083	0.768582	0.995707	0.768580	0.995775	0.768579	0.995766	0.768577	0.995817	0.768576	0.995741	0.768577	0.995689	0.768578	0.995669	0.768575	0.995852	
1349476453.511628	1.000000	50.783600	36.530411	8.011749	0.781689	0.997013	0.781690	0.996948	0.781693	0.996886	0.781694	0.996816	0.781696	0.996770	0.781693	0.996919	0.781695	0.996829	0.781693	0.996871	1349476453.511732	0.999996	50.840813	36.624340	9.946772	0.767910	0.995333	0.767909	0.995420	0.767909	0.995316	0.767909	0.995430	0.767911	0.995301	0.767910	0.995313	0.767910	0.995306	0.767907	0.995507	
1349476454.511627	0.999999	50.834826	36.561223	8.107430	0.781383	0.995586	0.781374	0.995505	0.781385	0.995429	0.781369	0.995300	0.781368	0.995149	0.781380	0.995359	0.781369	0.995199	0.781378	0.995311	1349476454.511725	0.999993	50.830658	36.609781	9.901588	0.768131	0.993708	0.768136	0.993776	0.768127	0.993733	0.768134	0.993742	0.768124	0.993510	0.768123	0.993518	0.768123	0.993531	0.768143	0.995563	
1349476455.511642	1.000015	715779202.233655	715774765.015697	715813702.296323	0.999997	1.000176	0.999994	1.000179	0.999996	1.000183	0.999997	1.000176	0.999997	1.000179	0.999999	1.000174	0.999997	1.000179	0.999997	1.000176	1349476455.511743	1.000018	715788583.635568	715761661.652782	715802551.859124	0.999997	1.000176	0.999994	1.000179	3.892565	0.256946	0.999997	1.000176	0.999997	1.000179	0.999999	1.000174	0.999997	1.000179	0.999997	1.000176	
1349476456.511622	0.999980	0.000000	0.000000	0.000000	-nan	-nan	-nan	-nan	0.000000	inf	-nan	-nan	-nan	0.000000	-nan	-nan	-nan	-nan	-nan	-nan	1349476456.511697	0.999954	0.000000	0.000000	0.000000	-nan	-nan	-nan	-nan	0.000000	inf	-nan	-nan	-nan	-nan	-nan	-nan	-nan	-nan	-nan	-nan	
