ts_0	elapsed_0	pkg_0	pp0_0	dram_0	freq_ratio_0_0	c0_ratio_0_0	freq_ratio_0_1	c0_ratio_0_1	freq_ratio_0_2	c0_ratio_0_2	freq_ratio_0_3	c0_ratio_0_3	freq_ratio_0_4	c0_ratio_0_4	freq_ratio_0_5	c0_ratio_0_5	freq_ratio_0_6	c0_ratio_0_6	freq_ratio_0_7	c0_ratio_0_7	ts_1	elapsed_1	pkg_1	pp0_1	dram_1	freq_ratio_1_0	c0_ratio_1_0	freq_ratio_1_1	c0_ratio_1_1	freq_ratio_1_2	c0_ratio_1_2	freq_ratio_1_3	c0_ratio_1_3	freq_ratio_1_4	c0_ratio_1_4	freq_ratio_1_5	c0_ratio_1_5	freq_ratio_1_6	c0_ratio_1_6	freq_ratio_1_7	c0_ratio_1_7	
1349416958.963785	1.001649	54.421099	40.092583	0.000000	1.000000	0.986784	0.999998	0.996708	1.000000	0.986034	1.000000	0.985794	0.998344	0.001057	1.000000	0.964295	0.993989	0.000105	0.994767	0.000103	1349416958.963953	1.000446	53.360612	39.194796	0.000000	0.999968	0.987933	1.000001	0.987417	0.999981	0.987173	1.000384	0.000146	1.001793	0.000146	1.002608	0.000077	0.999980	0.966698	0.999932	0.988570	
1349416959.963781	0.999996	55.404399	41.033141	0.000000	1.000000	0.999991	1.000000	0.999916	1.000000	0.999990	1.000000	0.999947	1.000126	0.002738	1.000000	0.999990	1.001046	0.000043	1.000482	0.000020	1349416959.963949	0.999996	53.983877	39.745507	0.000000	1.000000	0.999864	1.000000	0.999991	1.000000	0.999962	1.001691	0.000093	1.000029	0.000121	0.999347	0.000040	1.000000	1.000000	1.000000	1.000000	
1349416960.963775	0.999994	55.343973	40.984512	0.000000	0.999974	0.999898	0.999965	0.999864	0.999988	0.999873	0.999988	0.999822	0.996601	0.000975	0.999967	0.999913	0.999192	0.000113	0.998838	0.000098	1349416960.963964	1.000015	53.898116	39.664840	0.000000	1.000000	0.999828	1.000000	0.999925	1.000000	0.999867	1.000000	0.000116	0.999826	0.000129	1.000350	0.000082	1.000000	0.999939	1.000000	1.000000	
1349416961.963779	1.000004	55.504109	41.126313	0.000000	1.000002	0.999991	1.000002	0.999931	1.000001	0.999957	1.000001	0.999908	1.003528	0.000818	1.000001	0.999992	1.008230	0.000016	0.995919	0.000017	1349416961.963946	0.999982	53.985020	39.753106	0.000000	1.000000	0.999912	1.000000	0.999998	1.000000	0.999943	0.999958	0.000083	1.000069	0.000123	0.999625	0.000018	1.000000	1.000000	1.000000	1.000000	
1349416962.963775	0.999996	55.485576	41.110549	0.000000	1.000000	0.999397	1.000000	0.999369	1.000000	0.999342	1.000000	0.999299	1.000207	0.001340	1.000000	0.999350	1.000774	0.000180	1.003314	0.000124	1349416962.963936	0.999990	54.032737	39.784822	0.000000	1.000000	0.999349	1.000000	0.999345	1.000000	0.999335	0.998741	0.000366	0.999800	0.000108	0.993139	0.000070	1.000000	0.999375	1.000000	1.000000	
1349416963.963776	1.000001	55.458886	41.091224	0.000000	1.000000	0.999629	1.000000	0.999542	1.000000	0.999562	1.000000	0.999501	0.999790	0.001061	1.000000	0.999562	0.982175	0.000009	0.972854	0.000009	1349416963.963943	1.000007	54.086098	39.830627	0.000000	1.000000	0.999490	1.000000	0.999602	1.000000	0.999522	1.003917	0.000116	1.000037	0.000167	1.012669	0.000039	1.000000	0.999601	1.000000	0.999998	
1349416964.963774	0.999998	715788042.382283	715786348.860513	715829250.057560	0.999971	1.000025	0.999974	1.000053	0.999975	1.000050	0.999972	1.000032	0.999975	1.000046	0.999975	1.000029	0.999973	1.000038	0.999974	1.000038	1349416964.963891	0.999948	715857027.877368	715829277.005109	715865091.988916	0.999973	1.000035	0.999972	1.000043	3.894028	0.256810	0.999972	1.000031	0.999973	1.000036	0.999977	1.000038	0.999974	1.000042	0.999973	1.000034	
1349416965.963800	1.000026	0.000000	0.000000	0.000000	-nan	-nan	-nan	-nan	1.000008	inf	-nan	-nan	-nan	0.000000	-nan	-nan	-nan	-nan	-nan	-nan	1349416965.963898	1.000007	0.000000	0.000000	0.000000	-nan	-nan	-nan	-nan	1.345745	inf	-nan	-nan	-nan	-nan	-nan	-nan	-nan	-nan	-nan	-nan	
1349416966.963981	1.000181	0.000000	0.000000	0.000000	-nan	-nan	-nan	-nan	0.000000	inf	-nan	-nan	-nan	0.000000	-nan	-nan	-nan	-nan	-nan	-nan	1349416966.964076	1.000178	0.000000	0.000000	0.000000	-nan	-nan	-nan	-nan	-nan	-nan	-nan	-nan	-nan	-nan	-nan	-nan	-nan	-nan	-nan	-nan	
