ts_0	elapsed_0	pkg_0	pp0_0	dram_0	freq_ratio_0_0	c0_ratio_0_0	freq_ratio_0_1	c0_ratio_0_1	freq_ratio_0_2	c0_ratio_0_2	freq_ratio_0_3	c0_ratio_0_3	freq_ratio_0_4	c0_ratio_0_4	freq_ratio_0_5	c0_ratio_0_5	freq_ratio_0_6	c0_ratio_0_6	freq_ratio_0_7	c0_ratio_0_7	ts_1	elapsed_1	pkg_1	pp0_1	dram_1	freq_ratio_1_0	c0_ratio_1_0	freq_ratio_1_1	c0_ratio_1_1	freq_ratio_1_2	c0_ratio_1_2	freq_ratio_1_3	c0_ratio_1_3	freq_ratio_1_4	c0_ratio_1_4	freq_ratio_1_5	c0_ratio_1_5	freq_ratio_1_6	c0_ratio_1_6	freq_ratio_1_7	c0_ratio_1_7	
1349419045.691229	1.001421	54.373039	40.627359	0.000000	0.997414	0.932182	1.000436	0.941194	0.997790	0.932796	0.997630	0.932614	0.994240	0.918958	0.994228	0.918939	0.930706	0.001443	0.938960	0.000415	1349419045.691378	1.000430	55.627991	41.879814	0.000000	0.881618	0.932743	0.881451	0.932106	0.878393	0.924126	0.881162	0.931323	0.878265	0.923847	0.878266	0.923813	0.878234	0.923765	0.893121	0.967777	
1349419046.691227	0.999998	50.773046	36.871134	0.000000	0.913874	0.988179	0.913859	0.988020	0.913855	0.987991	0.913880	0.988196	0.913856	0.987994	0.913888	0.988031	0.870437	0.004740	0.934842	0.000550	1349419046.691373	0.999995	50.826762	36.906404	0.000000	0.798151	0.986932	0.798164	0.987101	0.798167	0.987046	0.798150	0.986890	0.798163	0.987086	0.798165	0.987036	0.798148	0.986898	0.800280	0.995765	
1349419047.691227	1.000000	49.837692	36.051208	0.000000	0.952764	0.828126	0.952668	0.827631	0.952685	0.827668	0.952709	0.827805	0.952671	0.827622	0.952679	0.827660	0.954460	0.001370	0.907095	0.000370	1349419047.691372	0.999999	50.195986	36.414112	0.000000	0.822018	0.826620	0.822044	0.826690	0.822023	0.826646	0.822000	0.826592	0.822016	0.826625	0.822015	0.826628	0.822013	0.826605	0.894597	0.996660	
1349419048.691231	1.000004	50.790077	36.612919	0.000000	0.892957	0.990647	0.892951	0.990552	0.892950	0.990540	0.892969	0.990588	0.892949	0.990534	0.892963	0.990491	0.881809	0.003085	0.896093	0.000279	1349419048.691389	1.000017	50.845026	36.607855	0.000000	0.774129	0.990117	0.774152	0.990098	0.774151	0.990112	0.774134	0.989950	0.774150	0.990082	0.774145	0.990144	0.774132	0.989943	0.775604	0.995582	
1349419049.691229	0.999998	50.755514	36.342660	0.000000	0.858160	0.995514	0.858159	0.995514	0.858151	0.995312	0.858156	0.995502	0.871846	0.814194	0.858151	0.995561	0.799329	0.192665	0.798310	0.189807	1349419049.691382	0.999993	50.833558	36.324195	0.000000	0.764676	0.995620	0.764677	0.995613	0.764679	0.995559	0.753587	0.813985	0.764681	0.995545	0.764680	0.995602	0.764680	0.995599	0.764680	0.995588	
1349419050.691229	1.000000	50.826935	36.360138	0.000000	0.799247	0.994072	0.799301	0.993894	0.799303	0.993880	0.799281	0.993946	0.797532	0.004591	0.799308	0.993859	0.799301	0.993876	0.799308	0.993847	1349419050.691366	0.999984	50.822253	36.340790	0.000000	0.814485	0.996175	0.814485	0.996211	0.814484	0.996248	0.829541	0.000149	0.814485	0.996204	0.814485	0.996243	0.814485	0.996140	0.814476	0.997402	
1349419051.691234	1.000005	50.825627	36.354264	0.000000	0.799388	0.995322	0.799388	0.995327	0.799387	0.995189	0.799388	0.995311	0.796639	0.004031	0.799388	0.995325	0.799388	0.995317	0.799388	0.995306	1349419051.691373	1.000007	50.819809	36.333275	0.000000	0.814133	0.997426	0.814133	0.997422	0.814134	0.997327	0.808217	0.000188	0.814133	0.997414	0.814133	0.997425	0.814133	0.997420	0.814133	0.997411	
1349419052.691228	0.999994	50.815565	36.356021	0.000000	0.799203	0.994928	0.799222	0.994877	0.799230	0.994781	0.799218	0.994888	0.795912	0.004669	0.799240	0.994857	0.799233	0.994861	0.799240	0.994834	1349419052.691384	1.000011	50.820411	36.345213	0.000000	0.814739	0.997032	0.814738	0.997074	0.814739	0.997026	0.807644	0.000087	0.814740	0.997046	0.814740	0.997054	0.814741	0.996994	0.814738	0.997241	
1349419053.691235	1.000007	50.812103	36.716543	0.000000	0.830365	0.983049	0.830427	0.982821	0.830423	0.982769	0.830397	0.982882	0.810650	0.002311	0.830425	0.982822	0.830417	0.982857	0.830430	0.982736	1349419053.691378	0.999994	50.751111	36.683828	0.000000	0.843294	0.983826	0.843315	0.983898	0.843316	0.983940	0.836097	0.000146	0.843312	0.983894	0.843312	0.983999	0.843297	0.983820	0.846879	0.996446	
1349419054.691223	0.999988	715804062.689178	715830465.632313	715836418.156703	0.999971	1.000025	0.999974	1.000053	0.999975	1.000051	0.999972	1.000033	0.999975	1.000046	0.999975	1.000029	0.999973	1.000038	0.999974	1.000039	1349419054.691321	0.999943	715867628.255818	715867880.754825	715868676.379461	0.999973	1.000035	0.999972	1.000043	3.894028	0.256810	0.999972	1.000031	0.999973	1.000036	0.999977	1.000038	0.999974	1.000042	0.999973	1.000034	
1349419055.691223	1.000000	0.000000	0.000000	0.000000	-nan	-nan	-nan	-nan	0.000000	inf	-nan	-nan	-nan	0.000000	-nan	-nan	-nan	-nan	-nan	-nan	1349419055.691280	0.999959	0.000000	0.000000	0.000000	-nan	-nan	-nan	-nan	0.000000	inf	-nan	-nan	-nan	-nan	-nan	-nan	-nan	-nan	-nan	-nan	
