ts_0	elapsed_0	pkg_0	pp0_0	dram_0	freq_ratio_0_0	c0_ratio_0_0	freq_ratio_0_1	c0_ratio_0_1	freq_ratio_0_2	c0_ratio_0_2	freq_ratio_0_3	c0_ratio_0_3	freq_ratio_0_4	c0_ratio_0_4	freq_ratio_0_5	c0_ratio_0_5	freq_ratio_0_6	c0_ratio_0_6	freq_ratio_0_7	c0_ratio_0_7	ts_1	elapsed_1	pkg_1	pp0_1	dram_1	freq_ratio_1_0	c0_ratio_1_0	freq_ratio_1_1	c0_ratio_1_1	freq_ratio_1_2	c0_ratio_1_2	freq_ratio_1_3	c0_ratio_1_3	freq_ratio_1_4	c0_ratio_1_4	freq_ratio_1_5	c0_ratio_1_5	freq_ratio_1_6	c0_ratio_1_6	freq_ratio_1_7	c0_ratio_1_7	
1350069321.474317	1.000281	80.668990	67.332681	6.107353	1.190676	0.998113	1.190676	0.998108	1.190675	0.998106	1.190677	0.998104	1.190677	0.998104	1.190677	0.998101	1.153586	0.002261	1.154228	0.000012	1350069321.474432	1.000302	64.764250	51.695993	2.906455	1.230341	0.997230	1.230341	0.997222	1.230341	0.997219	1.230341	0.997218	1.191515	0.003787	1.191235	0.000639	1.195986	0.000017	1.192349	0.000104	
1350069322.474317	1.000000	80.520096	67.161972	6.109070	1.192165	0.933504	1.192175	0.998541	1.192175	0.998540	1.192174	0.998538	1.192175	0.998537	1.192175	0.998535	1.164245	0.001700	1.148315	0.000073	1350069322.474519	1.000087	65.465601	52.383823	2.881387	1.228092	0.998776	1.228092	0.998775	1.228091	0.998774	1.228091	0.998773	1.192324	0.066152	1.192674	0.000282	1.192762	0.000058	1.192042	0.000108	
1350069323.474316	0.999999	72.626946	59.287227	6.121405	1.189060	0.000305	1.192303	0.999955	1.192304	0.999955	1.192304	0.999955	1.192304	0.999955	1.192303	0.999955	1.192181	0.005328	1.192317	0.000012	1350069323.474516	0.999997	71.237571	58.148969	3.506832	1.192306	0.999977	1.192306	0.999977	1.192306	0.999977	1.192306	0.999976	1.192306	0.999976	1.192265	0.001089	1.191340	0.000010	1.192924	0.000069	
1350069324.474310	0.999994	72.419911	59.083528	6.121313	1.190807	0.002070	1.192292	0.999818	1.192292	0.999818	1.192292	0.999817	1.192292	0.999818	1.192292	0.999817	1.191232	0.003559	1.202393	0.000052	1350069324.474517	1.000001	71.317330	58.226568	3.226895	1.192304	0.999952	1.192304	0.999952	1.192304	0.999952	1.192304	0.999952	1.192304	0.999951	1.192351	0.001032	1.191974	0.000063	1.192184	0.000242	
1350069325.474310	1.000000	72.258148	58.920380	6.127533	1.191113	0.000579	1.192300	0.999901	1.192299	0.999901	1.192301	0.999901	1.192300	0.999901	1.192300	0.999901	1.191832	0.001550	1.191429	0.000011	1350069325.474512	0.999995	71.368308	58.273882	2.824645	1.192306	0.999975	1.192306	0.999975	1.192306	0.999975	1.192306	0.999975	1.192306	0.999975	1.192211	0.001163	1.199531	0.000006	1.192737	0.000092	
1350069326.474310	1.000000	72.243439	58.906052	6.115234	1.191926	0.000366	1.192304	0.999951	1.192304	0.999950	1.192304	0.999950	1.192304	0.999950	1.192305	0.999951	1.192350	0.000609	1.185330	0.000067	1350069326.474511	0.999999	71.581382	58.485209	2.761218	1.192304	0.999955	1.192304	0.999955	1.192304	0.999955	1.192304	0.999955	1.192304	0.999955	1.192068	0.002478	1.189983	0.000066	1.188431	0.000145	
1350069327.474310	1.000000	72.255051	58.917297	6.121399	1.192313	0.000617	1.192306	0.999978	1.192306	0.999978	1.192305	0.999977	1.192306	0.999977	1.192305	0.999977	1.193250	0.000593	1.194455	0.000011	1350069327.474513	1.000002	71.476243	58.379939	2.705790	1.192306	0.999977	1.192306	0.999977	1.192306	0.999977	1.192306	0.999977	1.192306	0.999977	1.192391	0.001108	1.182861	0.000010	1.190540	0.000057	
1350069328.474310	1.000000	72.192871	58.856445	6.121399	1.188793	0.000095	1.192305	0.999978	1.192306	0.999979	1.192306	0.999979	1.192306	0.999978	1.192306	0.999978	1.191345	0.000530	1.193211	0.000041	1350069328.474513	1.000000	72.077530	58.979401	2.760422	1.192294	0.999837	1.192294	0.999837	1.192294	0.999837	1.192294	0.999836	1.192294	0.999836	1.192188	0.006156	1.173911	0.000051	1.182365	0.000221	
1350069329.474310	1.000000	72.187668	58.848755	6.102905	1.193327	0.000251	1.192306	0.999978	1.192305	0.999977	1.192305	0.999978	1.192305	0.999978	1.192305	0.999977	1.193051	0.000603	1.191892	0.000011	1350069329.474511	0.999998	72.256928	59.170218	2.696981	1.192299	0.999910	1.192299	0.999910	1.192299	0.999910	1.192299	0.999910	1.192299	0.999910	1.192389	0.008130	1.149544	0.000081	1.192816	0.000053	
1350069330.474311	1.000001	72.240303	58.898519	6.127527	1.188141	0.000347	1.192302	0.999934	1.192303	0.999934	1.192303	0.999934	1.192303	0.999934	1.192302	0.999934	1.190222	0.000815	1.192012	0.000038	1350069330.474513	1.000002	72.178863	59.079584	2.705973	1.192295	0.999862	1.192295	0.999862	1.192295	0.999862	1.192295	0.999862	1.192295	0.999861	1.192128	0.006936	1.177029	0.000240	1.166385	0.000137	
1350069331.474310	0.999999	72.296334	58.955745	6.121405	1.193551	0.000256	1.192306	0.999976	1.192305	0.999975	1.192306	0.999976	1.192305	0.999975	1.192306	0.999976	1.192286	0.001587	1.194055	0.000011	1350069331.474512	0.999999	71.882713	58.782557	2.766803	1.192302	0.999932	1.192302	0.999933	1.192302	0.999932	1.192302	0.999932	1.192302	0.999932	1.192053	0.003775	1.191898	0.000168	1.170260	0.000086	
1350069332.474310	1.000000	72.524292	59.182617	6.115234	1.185598	0.000050	1.192305	0.999977	1.192306	0.999978	1.192306	0.999977	1.192306	0.999978	1.192306	0.999977	1.192447	0.003855	1.196827	0.000049	1350069332.474512	1.000000	71.545837	58.443771	3.094391	1.192302	0.999934	1.192302	0.999933	1.192302	0.999934	1.192302	0.999933	1.192302	0.999933	1.192433	0.000942	1.189418	0.000198	1.190689	0.000195	
1350069333.474310	1.000000	72.545792	59.205917	6.108963	1.192735	0.000255	1.192307	0.999978	1.192306	0.999978	1.192305	0.999978	1.192306	0.999978	1.192306	0.999978	1.192059	0.003985	1.172375	0.000011	1350069333.474509	0.999997	71.518471	58.416166	3.152994	1.192304	0.999955	1.192304	0.999955	1.192304	0.999955	1.192304	0.999955	1.192304	0.999955	1.191350	0.000903	1.190650	0.000279	1.192297	0.000067	
1350069334.474311	1.000001	71.598992	58.272054	6.096735	1.192017	0.001653	1.192300	0.999907	1.192300	0.999907	1.192300	0.999907	1.192300	0.999907	1.192300	0.999907	1.192269	0.004970	1.178150	0.000037	1350069334.474512	1.000003	70.371227	57.265448	3.418675	1.192306	0.999974	1.192306	0.999974	1.192306	0.999974	1.192306	0.999974	1.192306	0.999974	1.192347	0.001706	1.192073	0.000416	1.191225	0.000096	
1350069335.474311	1.000000	71.869781	58.528442	6.108932	1.183525	0.000936	1.192264	0.999682	1.192263	0.999681	1.192265	0.999682	1.192263	0.999681	1.192264	0.999681	1.189543	0.002789	1.157205	0.000138	1350069335.474513	1.000001	71.043206	57.930182	3.014020	1.192297	0.999886	1.192297	0.999887	1.192297	0.999886	1.192297	0.999886	1.192297	0.999886	1.192085	0.001640	1.185700	0.000356	1.191975	0.001354	
1350069336.474310	0.999999	72.538857	59.195720	6.115240	1.191774	0.001862	1.192300	0.999907	1.192300	0.999906	1.192300	0.999906	1.192300	0.999906	1.192300	0.999906	1.190955	0.001564	1.177584	0.000066	1350069336.474513	1.000000	71.962845	58.855942	3.345795	1.192265	0.999837	1.192265	0.999836	1.192265	0.999836	1.192265	0.999836	1.192265	0.999836	1.189992	0.001266	1.191895	0.002474	1.191097	0.001601	
1350069337.474310	1.000000	72.359406	59.017014	6.121399	1.192290	0.000377	1.192306	0.999978	1.192306	0.999978	1.192306	0.999978	1.192306	0.999977	1.192305	0.999977	1.192278	0.001534	1.192028	0.000041	1350069337.474509	0.999996	71.664658	58.556268	2.796871	1.192302	0.999933	1.192302	0.999933	1.192302	0.999933	1.192302	0.999933	1.192302	0.999932	1.190432	0.000714	1.192286	0.001749	1.192660	0.000082	
1350069338.474310	1.000000	72.748993	59.405075	6.121399	1.192322	0.000161	1.192305	0.999978	1.192306	0.999978	1.192306	0.999978	1.192306	0.999978	1.192306	0.999978	1.192237	0.005492	1.192918	0.000037	1350069338.474510	1.000001	71.640236	58.529485	3.505795	1.192298	0.999887	1.192298	0.999887	1.192298	0.999887	1.192298	0.999887	1.192298	0.999887	1.191386	0.001624	1.184563	0.000423	1.191847	0.000080	
1350069339.474310	1.000000	73.040283	59.692627	6.126343	1.158144	0.003397	1.192165	0.999797	1.192165	0.999797	1.192165	0.999797	1.192165	0.999797	1.192165	0.999797	1.166118	0.004683	1.154337	0.002743	1350069339.474513	1.000003	71.631187	58.524462	2.888037	1.192191	0.999748	1.192191	0.999747	1.192191	0.999747	1.192191	0.999747	1.192191	0.999747	1.162029	0.003063	1.159701	0.002753	1.158706	0.002718	
1350069340.474310	1.000000	72.366653	59.022934	6.102905	1.192656	0.000420	1.192306	0.999978	1.192306	0.999977	1.192306	0.999978	1.192306	0.999977	1.192306	0.999978	1.191477	0.000660	1.191855	0.000064	1350069340.474535	1.000022	71.965920	58.860007	2.714845	1.192292	0.999816	1.192292	0.999816	1.192292	0.999816	1.192292	0.999816	1.192292	0.999816	1.192104	0.004496	1.185749	0.000393	1.183050	0.000175	
1350069341.474316	1.000006	72.376003	59.031356	6.109033	1.192299	0.000762	1.192305	0.999978	1.192305	0.999978	1.192305	0.999978	1.192305	0.999978	1.192306	0.999979	1.192384	0.000571	1.193295	0.000054	1350069341.474516	0.999981	72.034211	58.929621	2.738593	1.192300	0.999910	1.192300	0.999910	1.192300	0.999910	1.192300	0.999910	1.192300	0.999910	1.191986	0.005606	1.192270	0.000381	1.180664	0.000085	
1350069342.474316	1.000000	72.934525	59.585846	6.121399	1.191951	0.006726	1.192295	0.999845	1.192294	0.999844	1.192295	0.999844	1.192295	0.999844	1.192293	0.999843	1.184924	0.000504	1.191930	0.000056	1350069342.474519	1.000003	71.573615	58.469896	3.787510	1.192306	0.999976	1.192306	0.999976	1.192306	0.999976	1.192306	0.999976	1.192306	0.999976	1.192082	0.000577	1.192414	0.000391	1.192448	0.000084	
1350069343.474310	0.999994	72.896827	59.548268	6.109106	1.192316	0.006635	1.192304	0.999957	1.192304	0.999956	1.192304	0.999956	1.192303	0.999956	1.192304	0.999956	1.191672	0.000510	1.192499	0.000054	1350069343.474511	0.999992	71.577835	58.471559	3.703506	1.192306	0.999975	1.192306	0.999975	1.192306	0.999975	1.192306	0.999975	1.192306	0.999975	1.192519	0.000581	1.191829	0.000349	1.191637	0.000054	
1350069344.474310	1.000000	72.889175	59.541885	6.127563	1.191951	0.005288	1.192293	0.999835	1.192294	0.999836	1.192294	0.999836	1.192295	0.999836	1.192294	0.999836	1.191594	0.003518	1.172318	0.000056	1350069344.474511	1.000000	71.526733	58.429535	3.804199	1.192302	0.999929	1.192302	0.999929	1.192302	0.999929	1.192302	0.999929	1.192302	0.999929	1.190778	0.000626	1.190563	0.000412	1.188910	0.000166	
1350069345.474310	1.000000	72.546997	59.204636	6.090546	1.189641	0.001114	1.192291	0.999790	1.192290	0.999790	1.192290	0.999790	1.192290	0.999789	1.192290	0.999789	1.191599	0.002994	1.181437	0.000129	1350069345.474512	1.000001	71.613732	58.506963	3.051419	1.192304	0.999953	1.192304	0.999953	1.192304	0.999953	1.192304	0.999953	1.192304	0.999953	1.192608	0.000629	1.192439	0.000358	1.192599	0.000076	
1350069346.474310	1.000000	72.334167	58.990158	6.121399	1.192404	0.000207	1.192305	0.999978	1.192306	0.999978	1.192306	0.999978	1.192306	0.999978	1.192306	0.999978	1.193598	0.000564	1.192159	0.000057	1350069346.474512	1.000000	71.907913	58.803253	2.696182	1.192302	0.999930	1.192302	0.999930	1.192302	0.999930	1.192302	0.999930	1.192302	0.999930	1.192238	0.003771	1.188548	0.000426	1.192138	0.000116	
1350069347.474310	1.000000	72.497849	59.155716	6.102890	1.189593	0.001246	1.192300	0.999911	1.192300	0.999911	1.192300	0.999912	1.192299	0.999911	1.192299	0.999911	1.191872	0.002179	1.176501	0.000049	1350069347.474513	1.000001	71.763359	58.658285	2.914945	1.192296	0.999863	1.192296	0.999863	1.192296	0.999863	1.192296	0.999863	1.192296	0.999863	1.190922	0.002085	1.182557	0.000356	1.192723	0.000069	
1350069348.474310	1.000000	72.304535	58.960403	6.115234	1.192230	0.000210	1.192305	0.999956	1.192304	0.999956	1.192304	0.999955	1.192304	0.999956	1.192304	0.999956	1.192193	0.003667	1.176113	0.000069	1350069348.474511	0.999998	71.267165	58.160984	3.041418	1.192302	0.999931	1.192302	0.999931	1.192302	0.999931	1.192302	0.999931	1.192302	0.999931	1.192099	0.000658	1.192310	0.000347	1.192430	0.000199	
1350069349.474312	1.000002	715764328.147293	715762387.366113	715821224.568251	0.999988	1.000200	0.999985	1.000203	0.999995	1.000200	0.999988	1.000200	0.999988	1.000203	0.999990	1.000198	0.999988	1.000203	0.999988	1.000200	1350069349.474398	0.999887	715893377.171992	715842385.298128	715906673.825653	0.999988	1.000200	0.999985	1.000202	3.893201	0.256908	0.999988	1.000200	0.999988	1.000202	0.999990	1.000198	0.999988	1.000203	0.999988	1.000201	
1350069350.474311	0.999999	0.000000	0.000000	0.000000	-nan	-nan	-nan	-nan	721330181250.048950	inf	-nan	-nan	-nan	0.000000	-nan	-nan	-nan	-nan	-nan	-nan	1350069350.474372	0.999974	0.000000	0.000000	0.000000	-nan	-nan	-nan	-nan	1.345745	inf	-nan	-nan	-nan	-nan	-nan	-nan	-nan	-nan	-nan	-nan	
