ts_0	elapsed_0	pkg_0	pp0_0	dram_0	freq_ratio_0_0	c0_ratio_0_0	freq_ratio_0_1	c0_ratio_0_1	freq_ratio_0_2	c0_ratio_0_2	freq_ratio_0_3	c0_ratio_0_3	freq_ratio_0_4	c0_ratio_0_4	freq_ratio_0_5	c0_ratio_0_5	freq_ratio_0_6	c0_ratio_0_6	freq_ratio_0_7	c0_ratio_0_7	ts_1	elapsed_1	pkg_1	pp0_1	dram_1	freq_ratio_1_0	c0_ratio_1_0	freq_ratio_1_1	c0_ratio_1_1	freq_ratio_1_2	c0_ratio_1_2	freq_ratio_1_3	c0_ratio_1_3	freq_ratio_1_4	c0_ratio_1_4	freq_ratio_1_5	c0_ratio_1_5	freq_ratio_1_6	c0_ratio_1_6	freq_ratio_1_7	c0_ratio_1_7	
1350066106.252797	1.000361	48.130927	35.034000	6.094541	1.000000	1.000000	0.998678	0.000556	1.000000	1.000000	0.999889	0.000247	1.000000	1.000000	0.999977	0.000413	1.000000	1.000000	0.999976	0.000254	1350066106.252933	1.000375	35.230333	22.046175	2.761934	1.000000	1.000000	1.001310	0.000485	1.000000	1.000000	0.999997	0.000588	1.003386	0.000009	0.999065	0.000087	0.977450	0.000009	0.974488	0.000009	
1350066107.252775	0.999978	47.998978	34.883486	6.115369	1.000000	1.000000	1.000551	0.000299	1.000000	1.000000	1.000080	0.000286	1.000000	1.000000	0.999755	0.000198	1.000000	1.000000	0.999975	0.000275	1350066107.252916	0.999983	35.193284	22.020759	2.724854	1.000000	1.000001	0.999991	0.000488	1.000000	1.000000	0.999985	0.000395	1.000185	0.000081	1.001036	0.000084	1.002191	0.000082	1.002858	0.000081	
1350066108.252775	1.000000	47.972290	34.853989	6.115234	1.000000	1.000000	0.999866	0.000895	1.000000	0.999999	0.999946	0.000222	1.000000	1.000000	1.000218	0.000152	1.000000	1.000000	1.000019	0.000227	1350066108.252915	0.999999	35.186984	22.022772	2.712680	1.000000	1.000000	1.000013	0.000488	1.000000	1.000000	0.999984	0.000376	0.997430	0.000009	0.999926	0.000115	0.997575	0.000009	0.997667	0.000047	
1350066109.252775	1.000000	48.056107	34.938889	6.133728	1.000000	1.000000	1.000003	0.001760	1.000000	0.999999	1.000531	0.000247	1.000000	1.000000	1.000545	0.000196	1.000000	1.000000	1.000160	0.000598	1350066109.252916	1.000001	35.189023	22.027857	2.874707	1.000000	1.000000	0.999994	0.000501	1.000000	1.000000	0.999415	0.000433	0.996973	0.000066	0.998239	0.000106	0.996046	0.000069	0.998591	0.000088	
1350066110.252775	1.000000	48.040054	34.921616	6.109070	1.000000	1.000000	0.999982	0.002115	0.999998	1.000002	0.999993	0.000213	1.000000	1.000000	0.999881	0.000139	1.000000	1.000000	1.000044	0.000235	1350066110.252908	0.999992	35.219295	22.058864	2.886300	1.000000	1.000000	0.999573	0.001320	1.000000	1.000000	1.000798	0.000304	1.020428	0.000009	1.002624	0.000072	1.033380	0.000009	1.026498	0.000009	
1350066111.252775	1.000000	48.412231	35.286682	6.120239	1.000000	1.000000	0.999985	0.005834	1.000002	0.999999	0.999946	0.003099	1.000000	1.000000	0.999953	0.002877	1.000000	1.000000	0.999953	0.002925	1350066111.252917	1.000009	37.903389	24.742513	2.772939	1.000000	1.000000	1.000000	0.004442	1.000000	1.000000	1.000000	0.003320	1.000022	0.002887	1.000002	0.002802	0.999775	0.002576	0.999754	0.002755	
1350066112.252775	1.000000	47.958633	34.834503	6.121399	1.000000	1.000000	1.000632	0.000352	1.000000	0.999998	1.000100	0.000189	1.000000	1.000000	1.000048	0.000121	1.000000	1.000000	1.000026	0.000197	1350066112.252907	0.999990	35.167588	22.018821	2.710125	1.000000	1.000000	0.999965	0.000457	1.000000	1.000000	0.999994	0.000311	1.001042	0.000009	0.999944	0.000075	1.017049	0.000031	1.002258	0.000066	
1350066113.252782	1.000007	48.071903	34.942919	6.121357	1.000000	1.000000	0.999907	0.000665	0.999999	1.000003	0.999564	0.000269	1.000000	1.000000	1.000161	0.000244	1.000000	1.000000	0.999990	0.002049	1350066113.252922	1.000015	35.194601	22.033467	2.915987	1.000000	1.000000	1.000968	0.000573	1.000000	1.000000	0.999422	0.000432	0.996647	0.000070	0.998175	0.000115	0.998610	0.000099	1.005818	0.000086	
1350066114.252775	0.999993	48.258436	35.131484	6.121441	1.000000	1.000000	1.000099	0.000303	1.000001	0.999998	1.000179	0.000209	1.000000	1.000000	0.999790	0.000118	1.000000	1.000000	0.999993	0.006369	1350066114.252916	0.999994	35.174206	22.007898	3.280751	1.000000	1.000000	0.998634	0.000414	1.000000	1.000000	1.000848	0.000268	1.018218	0.000009	1.003167	0.000065	1.022743	0.000009	1.002408	0.000008	
1350066115.252775	1.000000	48.060623	34.933395	6.109070	1.000000	1.000000	0.997212	0.000293	1.000000	1.000002	1.000153	0.000320	1.000000	1.000000	1.000066	0.000198	1.000000	1.000000	1.000014	0.001827	1350066115.252917	1.000001	35.207288	22.037043	2.904065	1.000000	1.000000	1.000041	0.000627	1.000000	1.000000	1.000012	0.000344	0.998585	0.000055	0.999904	0.000096	0.999335	0.000054	0.999754	0.000169	
1350066116.252775	1.000000	47.953888	34.833282	6.115234	1.000000	1.000000	1.002340	0.000340	0.999999	1.000000	1.000087	0.000209	1.000000	1.000000	0.999708	0.000138	1.000000	1.000000	0.999995	0.000217	1350066116.252909	0.999992	35.190913	22.030269	2.715461	1.000000	1.000000	1.000529	0.000900	1.000000	1.000000	1.000006	0.000357	1.005853	0.000009	1.000241	0.000058	1.005276	0.000008	1.007540	0.000008	
1350066117.252775	1.000000	48.035721	34.903122	6.115234	1.000000	1.000000	1.000025	0.001014	1.000001	1.000000	0.999663	0.000270	1.000000	1.000000	0.999988	0.000200	1.000000	1.000000	0.999977	0.000354	1350066117.252911	1.000002	35.199487	22.036518	2.790461	1.000000	1.000000	1.000024	0.000884	1.000000	1.000000	0.999912	0.000355	0.998569	0.000081	0.998706	0.000156	0.996562	0.000058	0.997218	0.000083	
1350066118.252775	1.000000	47.994843	34.864639	6.127563	1.000000	1.000000	0.999763	0.000679	1.000000	0.999998	1.000407	0.000210	1.000000	1.000000	0.999986	0.000140	1.000000	1.000000	0.999952	0.000216	1350066118.252908	0.999997	35.178866	22.015861	2.715478	1.000000	1.000000	0.998997	0.000547	1.000000	1.000000	1.000068	0.000335	1.022314	0.000009	1.001204	0.000163	1.022072	0.000009	1.024429	0.000009	
1350066119.252782	1.000007	48.002933	34.876819	6.115192	1.000000	1.000000	0.992014	0.000302	1.000000	1.000002	0.999823	0.000286	1.000000	1.000000	1.000099	0.000187	1.000000	1.000000	0.999956	0.000272	1350066119.252923	1.000015	35.178625	22.014882	2.742696	1.000000	1.000000	0.999939	0.000476	0.999999	1.000000	0.999691	0.000364	0.996376	0.000055	0.999478	0.000419	0.996765	0.000061	0.998627	0.000157	
1350066120.252775	0.999993	47.992062	34.864560	6.096783	1.000000	1.000000	1.007527	0.000323	1.000000	1.000000	1.000022	0.000191	1.000000	1.000000	0.999975	0.000139	1.000000	1.000000	0.999996	0.000197	1350066120.252909	0.999986	35.131994	21.983326	2.707603	1.000000	1.000000	1.001197	0.000452	1.000000	1.000000	1.000372	0.000294	1.022671	0.000009	1.001183	0.000175	1.022542	0.000009	1.018843	0.000009	
1350066121.252775	1.000000	48.056183	34.927856	6.127563	1.000000	1.000000	1.000049	0.002460	0.999998	1.000000	1.000602	0.000261	1.000000	1.000000	1.000527	0.000178	1.000000	1.000000	1.000434	0.000253	1350066121.252908	0.999999	35.173267	22.009329	2.743075	1.000000	1.000000	0.998897	0.000473	1.000000	1.000000	0.999901	0.000380	0.998787	0.000067	1.000034	0.000207	0.997432	0.000059	0.995804	0.000079	
1350066122.252775	1.000000	47.986191	34.858063	6.084412	1.000000	1.000000	0.999972	0.000418	1.000000	1.000000	0.999966	0.000215	1.000000	1.000000	1.000168	0.000126	1.000000	1.000000	0.999977	0.000222	1350066122.252907	0.999999	35.147220	21.986456	2.715792	1.000001	1.000000	0.999935	0.000468	1.000000	1.000000	1.000058	0.000310	1.004928	0.000017	0.999927	0.000194	1.003368	0.000017	1.009450	0.000017	
1350066123.252775	1.000000	48.007797	34.882202	6.121368	1.000000	1.000000	0.999952	0.000661	1.000000	1.000000	0.999168	0.000278	1.000000	1.000000	0.999372	0.000217	1.000000	1.000000	0.999590	0.000281	1350066123.252913	1.000006	35.174336	22.010474	2.732985	1.000000	1.000000	0.999978	0.000566	1.000000	1.000000	0.999483	0.000414	0.997770	0.000082	0.999036	0.000225	0.989725	0.000060	0.994690	0.000112	
1350066124.252775	1.000000	47.993774	34.871277	6.127563	1.000000	1.000000	0.999949	0.000332	1.000002	0.999998	1.000421	0.000211	1.000000	1.000000	0.999960	0.000154	1.000000	1.000000	0.999980	0.000213	1350066124.252908	0.999995	35.164330	21.998966	2.709944	1.000000	1.000000	1.001231	0.000444	1.000001	1.000000	1.000649	0.000277	1.022515	0.000009	1.001129	0.000184	1.008684	0.000082	1.003562	0.000075	
1350066125.252775	1.000000	48.001724	34.876587	6.121399	1.000000	1.000000	0.999901	0.000284	1.000000	1.000001	0.999471	0.000283	1.000000	1.000000	0.999984	0.000174	1.000000	1.000000	1.000034	0.000286	1350066125.252934	1.000026	35.166856	22.004891	2.704626	1.000000	1.000000	0.999963	0.000458	0.999999	1.000000	1.000083	0.000351	0.999815	0.000059	1.000000	0.000196	0.999970	0.000052	0.998242	0.000066	
1350066126.252775	1.000000	47.936554	34.826813	6.127563	1.000000	1.000000	1.000050	0.000584	1.000000	1.000001	1.000641	0.000217	1.000000	1.000000	0.999972	0.000140	1.000000	1.000000	0.999980	0.000213	1350066126.252904	0.999970	35.160236	21.994557	2.704869	1.000000	1.000000	1.000021	0.000424	1.000001	1.000000	0.999543	0.000328	0.979037	0.000009	0.998840	0.000182	0.977615	0.000009	0.977634	0.000009	
1350066127.252775	1.000000	47.989029	34.868759	6.121338	1.000000	1.000000	1.000027	0.000575	1.000000	1.000000	0.999983	0.000270	1.000000	1.000000	0.999163	0.000188	1.000000	1.000000	0.999926	0.000251	1350066127.252910	1.000006	35.166157	21.998190	2.711104	1.000000	1.000000	0.999962	0.000446	1.000000	1.000000	1.000431	0.000332	1.002790	0.000066	1.001192	0.000175	1.003276	0.000059	1.002781	0.000303	
1350066128.252781	1.000006	47.981281	34.857351	6.109033	1.000000	1.000000	0.999900	0.000628	1.000000	0.999999	0.999857	0.000192	1.000000	1.000000	1.001311	0.000140	1.000000	1.000000	1.000072	0.000194	1350066128.252919	1.000009	35.127627	21.973541	2.718512	1.000000	1.000000	1.000015	0.000557	0.999999	1.000000	0.999980	0.000351	1.000852	0.000009	0.999987	0.000183	0.999863	0.000008	0.999922	0.000104	
1350066129.252775	0.999994	47.981365	34.852762	6.127600	1.000000	1.000000	1.000278	0.000271	1.000000	1.000001	1.000074	0.000276	1.000000	1.000000	0.999819	0.000177	1.000000	1.000000	0.999917	0.000271	1350066129.252910	0.999991	35.169890	22.002229	2.710657	1.000000	1.000001	0.998681	0.000436	1.000000	1.000000	0.999897	0.000356	1.000099	0.000059	1.000010	0.000188	0.999980	0.000058	0.997138	0.000065	
1350066130.252775	1.000000	47.985916	34.859543	6.127533	1.000000	1.000000	0.999875	0.000331	1.000000	1.000000	0.999837	0.000211	1.000000	1.000000	1.000041	0.000140	1.000000	1.000000	1.000000	0.000212	1350066130.252914	1.000004	35.158106	21.990771	2.710560	1.000000	1.000000	1.000017	0.000440	1.000000	1.000000	0.999777	0.000282	0.998597	0.000009	0.999802	0.000177	0.999083	0.000008	1.020900	0.000009	
1350066131.252775	1.000000	48.034958	34.908722	6.115234	1.000000	1.000000	0.999920	0.002225	1.000000	0.999999	1.000014	0.000253	1.000000	1.000000	1.000025	0.000849	1.000000	1.000000	1.000038	0.000255	1350066131.252915	1.000001	35.168790	21.997873	2.817960	1.000000	1.000000	1.000000	0.000485	1.000000	1.000000	1.000139	0.000384	0.998753	0.000065	0.999682	0.000237	0.995577	0.000060	0.995940	0.000065	
1350066132.252775	1.000000	47.972641	34.849564	6.127563	1.000000	1.000000	1.000668	0.000302	0.999998	1.000001	1.000094	0.000210	1.000000	1.000000	0.999596	0.000122	1.000000	1.000000	0.999955	0.000213	1350066132.252908	0.999993	35.163283	21.990524	2.716098	1.000000	1.000000	1.001207	0.000447	1.000000	1.000000	1.000097	0.000295	1.008242	0.000009	1.000407	0.000178	1.032668	0.000009	1.032568	0.000009	
1350066133.252775	1.000000	47.995438	34.876114	6.096741	1.000000	1.000000	0.999980	0.001396	1.000002	1.000000	1.000502	0.000256	1.000000	1.000000	1.000622	0.000210	1.000000	1.000000	1.000347	0.000251	1350066133.252910	1.000002	35.156412	21.987049	2.710063	1.000000	1.000000	0.998998	0.000635	1.000000	1.000000	0.999751	0.000354	0.996417	0.000059	0.999005	0.000189	0.996210	0.000066	0.996503	0.000069	
1350066134.252775	1.000000	47.983963	34.865265	6.121399	1.000000	1.000000	1.000020	0.000340	1.000000	0.999998	0.999967	0.000208	1.000000	1.000000	0.999861	0.000120	1.000000	1.000000	0.999987	0.000212	1350066134.252910	1.000000	35.170288	21.991684	2.712860	1.000000	1.000000	0.999986	0.000472	1.000000	1.000000	1.000253	0.000315	1.025964	0.000009	1.001070	0.000172	1.028516	0.000009	1.026810	0.000009	
1350066135.252775	1.000000	47.962631	34.841797	6.121399	1.000000	1.000000	0.999358	0.000288	0.999998	1.000002	0.999516	0.000282	1.000000	1.000000	0.999453	0.000222	1.000000	1.000000	0.999660	0.000276	1350066135.252916	1.000006	35.176182	21.998816	2.718291	1.000000	1.000000	1.001367	0.000442	1.000000	1.000000	0.999991	0.000403	0.999957	0.000081	1.000108	0.000229	0.990394	0.000059	0.988660	0.000066	
1350066136.252775	1.000000	48.110352	34.985870	6.120209	1.000000	1.000000	0.999999	0.004135	1.000002	1.000000	0.999995	0.003345	1.000000	1.000000	0.999996	0.002920	1.000000	1.000000	0.999995	0.003153	1350066136.252905	0.999989	35.347327	22.181731	2.704116	1.000000	1.000000	1.000000	0.004458	1.000000	1.000000	0.999995	0.003045	0.999921	0.002575	0.999903	0.002576	1.000119	0.002640	0.999991	0.002626	
1350066137.252775	1.000000	47.970779	34.846252	6.121399	1.000000	1.000000	1.000494	0.000303	0.999998	1.000000	0.999972	0.000273	1.000000	1.000000	0.999869	0.000177	1.000000	1.000000	0.999963	0.000268	1350066137.252912	1.000007	35.174729	21.995560	2.712902	1.000000	1.000000	0.998544	0.000426	1.000000	1.000000	0.999992	0.000305	1.002507	0.000059	1.002920	0.000081	1.002032	0.000058	1.007854	0.000072	
1350066138.252783	1.000008	715789131.316528	715773686.600555	715818988.632786	0.999988	1.000201	0.999985	1.000203	0.999988	1.000207	0.999988	1.000200	0.999988	1.000203	0.999990	1.000198	0.999988	1.000203	0.999988	1.000201	1350066138.252901	0.999989	715779049.526990	715786325.573647	715835105.691455	0.999987	1.000199	0.999985	1.000202	3.893196	0.256908	0.999988	1.000200	0.999988	1.000203	0.999990	1.000198	0.999988	1.000203	0.999988	1.000201	
1350066139.252782	0.999999	0.000000	0.000000	0.000000	-nan	-nan	-nan	-nan	0.000000	inf	-nan	-nan	-nan	0.000000	-nan	-nan	-nan	-nan	-nan	-nan	1350066139.252865	0.999964	0.000000	0.000000	0.000000	-nan	-nan	-nan	-nan	0.000000	inf	-nan	-nan	-nan	-nan	-nan	-nan	-nan	-nan	-nan	-nan	
