ts_0	elapsed_0	pkg_0	pp0_0	dram_0	freq_ratio_0_0	c0_ratio_0_0	freq_ratio_0_1	c0_ratio_0_1	freq_ratio_0_2	c0_ratio_0_2	freq_ratio_0_3	c0_ratio_0_3	freq_ratio_0_4	c0_ratio_0_4	freq_ratio_0_5	c0_ratio_0_5	freq_ratio_0_6	c0_ratio_0_6	freq_ratio_0_7	c0_ratio_0_7	ts_1	elapsed_1	pkg_1	pp0_1	dram_1	freq_ratio_1_0	c0_ratio_1_0	freq_ratio_1_1	c0_ratio_1_1	freq_ratio_1_2	c0_ratio_1_2	freq_ratio_1_3	c0_ratio_1_3	freq_ratio_1_4	c0_ratio_1_4	freq_ratio_1_5	c0_ratio_1_5	freq_ratio_1_6	c0_ratio_1_6	freq_ratio_1_7	c0_ratio_1_7	
1350065632.897765	1.000179	67.054125	53.836308	6.126421	0.963828	0.997553	0.963828	0.997551	0.963828	0.997550	0.963828	0.997549	0.963827	0.997548	0.963827	0.997551	0.963827	0.997545	0.963827	0.997543	1350065632.897803	1.000168	59.997057	46.797325	2.900361	1.000000	1.000000	1.000000	1.000000	1.000000	1.000000	1.000000	1.000000	1.000000	1.000000	1.000000	1.000000	0.999957	0.003157	0.999234	0.001265	
1350065633.897748	0.999983	64.697598	51.465593	6.115338	0.937820	0.995926	0.937820	0.995923	0.937820	0.995921	0.937819	0.995918	0.937819	0.995916	0.937819	0.995913	0.937819	0.995910	0.937819	0.995908	1350065633.897784	0.999981	59.968353	46.780143	2.704702	1.000000	1.000000	1.000000	1.000000	1.000000	1.000000	1.000000	1.000000	1.000000	1.000000	1.000000	1.000000	1.000060	0.001766	1.000177	0.000920	
1350065634.897748	1.000000	64.688110	51.449097	6.121399	0.936775	0.995914	0.936775	0.995912	0.936775	0.995909	0.936775	0.995907	0.936775	0.995904	0.936775	0.995901	0.936775	0.995900	0.936775	0.995898	1350065634.897784	1.000000	60.036804	46.845673	2.717773	1.000000	1.000000	1.000000	1.000000	1.000000	1.000000	1.000000	1.000000	1.000000	1.000000	1.000000	1.000000	0.999865	0.001663	1.000348	0.001049	
1350065635.897749	1.000001	64.693359	51.443341	6.115183	0.935909	0.995622	0.935909	0.995619	0.935908	0.995615	0.935908	0.995612	0.935908	0.995609	0.935908	0.995606	0.935908	0.995605	0.935908	0.995603	1350065635.897786	1.000002	60.100075	46.903429	2.698954	1.000000	1.000000	1.000000	1.000000	1.000000	1.000000	1.000000	1.000000	1.000000	1.000000	1.000000	1.000000	0.999924	0.001744	0.999643	0.000976	
1350065636.897755	1.000006	64.672741	51.417052	6.077173	0.962112	0.997464	0.935795	0.585878	0.962114	0.997460	0.962114	0.997458	0.962114	0.997457	0.962114	0.997456	0.962114	0.997455	0.962114	0.997454	1350065636.897815	1.000029	62.591197	49.402219	2.715177	0.996011	0.999553	0.996011	0.999553	0.996011	0.999553	0.996011	0.999553	0.996011	0.999553	0.996010	0.999553	0.997214	0.004980	0.990394	0.415173	
1350065637.897747	0.999992	64.601338	51.359242	6.065845	0.998560	0.999668	0.986428	0.002852	0.998560	0.999668	0.998560	0.999668	0.998560	0.999667	0.998560	0.999667	0.998560	0.999667	0.998560	0.999666	1350065637.897806	0.999991	64.677130	51.474267	2.703409	0.972760	0.995709	0.972760	0.995706	0.972760	0.995701	0.972760	0.995700	0.972760	0.995697	0.972760	0.995694	0.966653	0.004825	0.972760	0.995695	
1350065638.897748	1.000001	64.666961	51.409741	6.115229	0.998349	0.999585	0.989353	0.000760	0.998349	0.999585	0.998349	0.999585	0.998349	0.999585	0.998349	0.999584	0.998349	0.999584	0.998349	0.999583	1350065638.897807	1.000001	64.675353	51.470608	2.731412	0.973641	0.995610	0.973641	0.995605	0.973641	0.995602	0.973641	0.995599	0.973641	0.995597	0.973641	0.995594	0.969369	0.004971	0.973641	0.995593	
1350065639.897754	1.000006	64.661861	51.399504	6.084375	0.998330	0.999584	0.988678	0.000777	0.998330	0.999584	0.998330	0.999583	0.998330	0.999583	0.998330	0.999583	0.998330	0.999582	0.998330	0.999583	1350065639.897811	1.000004	64.672574	51.467046	2.708668	0.973482	0.995702	0.973482	0.995699	0.973482	0.995697	0.973482	0.995695	0.973482	0.995692	0.973481	0.995689	0.969354	0.004828	0.973482	0.995687	
1350065640.897754	1.000000	64.664398	51.401001	6.078247	0.998610	0.999652	0.992056	0.001044	0.998610	0.999652	0.998610	0.999651	0.998610	0.999652	0.998610	0.999651	0.998610	0.999651	0.998610	0.999651	1350065640.897814	1.000003	64.675581	51.470803	2.706031	0.973050	0.995763	0.973050	0.995759	0.973050	0.995755	0.973050	0.995753	0.973050	0.995753	0.973050	0.995749	0.966470	0.004577	0.973050	0.995734	
1350065641.897748	0.999994	64.657902	51.392427	6.078283	0.998841	0.999726	0.992887	0.000877	0.998841	0.999726	0.998841	0.999726	0.998841	0.999726	0.998841	0.999726	0.998841	0.999726	0.998841	0.999725	1350065641.897804	0.999990	64.678535	51.470044	2.709973	0.972757	0.995606	0.972757	0.995603	0.972758	0.995600	0.972757	0.995596	0.972758	0.995592	0.972758	0.995590	0.967839	0.004759	0.972758	0.995601	
1350065642.897748	1.000000	64.651520	51.385620	6.108963	0.998973	0.999748	0.994548	0.001154	0.998973	0.999748	0.998973	0.999748	0.998973	0.999748	0.998973	0.999747	0.998973	0.999747	0.998973	0.999747	1350065642.897810	1.000006	64.672893	51.460585	2.719436	0.972592	0.995715	0.972592	0.995711	0.972592	0.995708	0.972592	0.995704	0.972592	0.995702	0.972593	0.995699	0.967403	0.004634	0.972594	0.995699	
1350065643.897747	0.999999	64.666123	51.401248	6.133719	0.997588	0.999402	0.987722	0.001022	0.997588	0.999402	0.997588	0.999401	0.997588	0.999402	0.997588	0.999401	0.997588	0.999401	0.997588	0.999400	1350065643.897803	0.999993	64.611897	51.414845	2.705677	0.972871	0.995662	0.972871	0.995658	0.972871	0.995655	0.972871	0.995652	0.972871	0.995649	0.972871	0.995645	0.968267	0.004883	0.972871	0.995644	
1350065644.897748	1.000001	64.664367	51.398419	6.121393	0.997921	0.999484	0.984173	0.000799	0.997920	0.999483	0.997920	0.999484	0.997920	0.999483	0.997920	0.999483	0.997920	0.999483	0.997920	0.999482	1350065644.897808	1.000005	64.678051	51.465410	2.708345	0.973206	0.995686	0.973205	0.995682	0.973205	0.995678	0.973205	0.995675	0.973205	0.995673	0.973204	0.995670	0.968032	0.004833	0.973203	0.995671	
1350065645.897748	1.000000	64.652557	51.384979	6.072083	0.998572	0.999646	0.992563	0.001321	0.998573	0.999646	0.998573	0.999646	0.998573	0.999645	0.998573	0.999645	0.998573	0.999645	0.998574	0.999645	1350065645.897803	0.999995	64.672931	51.458388	2.711302	0.973089	0.995695	0.973089	0.995692	0.973089	0.995691	0.973089	0.995686	0.973089	0.995684	0.973090	0.995682	0.967295	0.004759	0.973091	0.995683	
1350065646.897748	1.000000	64.596298	51.326675	6.102905	1.000000	1.000000	0.999860	0.000528	1.000000	1.000000	1.000000	1.000000	1.000000	1.000000	1.000000	1.000000	1.000000	1.000000	1.000000	1.000000	1350065646.897802	0.999999	64.677201	51.465259	2.711566	0.972576	0.995734	0.972576	0.995731	0.972575	0.995727	0.972575	0.995725	0.972575	0.995723	0.972574	0.995721	0.966919	0.004544	0.972573	0.995721	
1350065647.897748	1.000000	64.571106	51.300507	6.109070	1.000000	1.000000	1.000039	0.002487	1.000000	1.000000	1.000000	1.000000	1.000000	1.000000	1.000000	1.000000	1.000000	1.000000	1.000000	1.000000	1350065647.897806	1.000004	64.674894	51.463414	2.719105	0.972387	0.995711	0.972387	0.995708	0.972387	0.995705	0.972387	0.995701	0.972387	0.995698	0.972387	0.995695	0.967747	0.004669	0.972387	0.995695	
1350065648.897748	1.000000	63.879105	50.609253	6.109070	1.000000	1.000000	0.999907	0.000581	1.000000	1.000000	1.000000	1.000000	1.000000	1.000000	1.000000	1.000000	1.000000	1.000000	1.000000	1.000000	1350065648.897806	1.000000	64.492371	51.278091	2.705658	0.983513	0.997416	0.983514	0.997415	0.983514	0.997413	0.983514	0.997410	0.983515	0.997409	0.983515	0.997408	0.974214	0.003548	0.983516	0.997408	
1350065649.897748	1.000000	62.299210	49.042099	6.109070	1.000000	1.000000	0.999997	0.000455	1.000000	1.000000	1.000000	1.000000	1.000000	1.000000	1.000000	1.000000	1.000000	1.000000	1.000000	1.000000	1350065649.897805	0.999999	64.003998	50.780612	2.695559	1.000000	1.000000	1.000000	1.000000	1.000000	1.000000	1.000000	1.000000	1.000000	1.000000	1.000000	1.000000	0.999929	0.001947	1.000000	1.000000	
1350065650.897762	1.000014	63.933991	50.668812	6.127477	0.999244	0.999817	0.996523	0.001050	0.999244	0.999817	0.999244	0.999817	0.999244	0.999817	0.999244	0.999817	0.999244	0.999816	0.999244	0.999816	1350065650.897820	1.000015	64.499184	51.286751	2.700414	0.984856	0.997748	0.984856	0.997747	0.984856	0.997746	0.984856	0.997744	0.984856	0.997742	0.984856	0.997740	0.975694	0.003616	0.984856	0.997740	
1350065651.897748	0.999986	64.667444	51.397711	6.072168	0.995231	0.998832	0.975483	0.001172	0.995231	0.998831	0.995231	0.998831	0.995231	0.998829	0.995231	0.998828	0.995231	0.998827	0.995231	0.998826	1350065651.897827	1.000007	64.677241	51.458995	2.703320	0.971454	0.995629	0.971454	0.995626	0.971454	0.995623	0.971453	0.995621	0.971453	0.995618	0.971453	0.995615	0.966257	0.004589	0.971451	0.995616	
1350065652.897748	1.000000	64.655350	51.384796	6.109070	0.998869	0.999725	0.990740	0.000657	0.998869	0.999724	0.998869	0.999725	0.998869	0.999724	0.998869	0.999724	0.998869	0.999724	0.998869	0.999724	1350065652.897806	0.999979	64.675139	51.458492	2.700649	0.971909	0.995648	0.971909	0.995644	0.971909	0.995641	0.971909	0.995637	0.971909	0.995636	0.971910	0.995631	0.968342	0.004653	0.971911	0.995632	
1350065653.897747	0.999999	64.663941	51.392337	6.096747	0.996249	0.999084	0.980931	0.001024	0.996249	0.999084	0.996249	0.999082	0.996249	0.999081	0.996249	0.999082	0.996249	0.999080	0.996249	0.999080	1350065653.897804	0.999998	64.680177	51.462424	2.716695	0.972321	0.995741	0.972321	0.995739	0.972321	0.995736	0.972320	0.995733	0.972320	0.995730	0.972320	0.995728	0.966163	0.004780	0.972318	0.995727	
1350065654.897748	1.000001	64.667663	51.396054	6.109064	0.996177	0.999045	0.980525	0.001015	0.996176	0.999044	0.996176	0.999044	0.996175	0.999044	0.996175	0.999043	0.996175	0.999042	0.996175	0.999042	1350065654.897807	1.000003	64.671964	51.454995	2.708564	0.971271	0.995631	0.971270	0.995627	0.971270	0.995624	0.971270	0.995620	0.971270	0.995618	0.971270	0.995616	0.966541	0.004511	0.971270	0.995616	
1350065655.897748	1.000000	64.660233	51.389282	6.121399	0.995163	0.998819	0.981073	0.001501	0.995164	0.998819	0.995164	0.998819	0.995164	0.998817	0.995165	0.998816	0.995165	0.998816	0.995165	0.998815	1350065655.897803	0.999996	64.676791	51.459513	2.697841	0.972292	0.995657	0.972292	0.995655	0.972292	0.995653	0.972292	0.995649	0.972292	0.995646	0.972292	0.995645	0.966103	0.004702	0.972292	0.995644	
1350065656.897748	1.000000	64.668289	51.400558	6.090576	0.996215	0.999060	0.981097	0.001043	0.996215	0.999059	0.996215	0.999059	0.996216	0.999058	0.996215	0.999058	0.996216	0.999057	0.996216	0.999056	1350065656.897804	1.000001	64.675567	51.456936	2.708570	0.972269	0.995668	0.972269	0.995663	0.972269	0.995660	0.972269	0.995656	0.972269	0.995652	0.972270	0.995651	0.967187	0.004567	0.972271	0.995651	
1350065657.897755	1.000007	64.599773	51.341915	6.096699	0.996410	0.999161	0.983012	0.002911	0.996410	0.999162	0.996410	0.999160	0.996410	0.999160	0.996410	0.999159	0.996410	0.999158	0.996410	0.999158	1350065657.897812	1.000008	64.677637	51.460108	2.705270	0.972056	0.995748	0.972055	0.995745	0.972055	0.995742	0.972055	0.995739	0.972055	0.995735	0.972054	0.995731	0.961095	0.006083	0.972053	0.995733	
1350065658.897748	0.999993	64.667058	51.396504	6.102947	0.994487	0.998653	0.974403	0.001210	0.994487	0.998652	0.994487	0.998651	0.994487	0.998650	0.994487	0.998650	0.994487	0.998649	0.994487	0.998648	1350065658.897806	0.999994	64.609928	51.402803	2.700822	0.972247	0.995745	0.972247	0.995741	0.972248	0.995739	0.972248	0.995736	0.972248	0.995733	0.972248	0.995731	0.967214	0.004490	0.972250	0.995730	
1350065659.897748	1.000000	64.670746	51.401886	6.121399	0.993672	0.998464	0.973175	0.001360	0.993672	0.998464	0.993672	0.998462	0.993672	0.998461	0.993672	0.998460	0.993672	0.998459	0.993672	0.998458	1350065659.897802	0.999996	64.680438	51.462809	2.689540	0.970016	0.995929	0.970016	0.995926	0.970016	0.995922	0.970015	0.995918	0.970015	0.995917	0.970015	0.995914	0.965711	0.004122	0.970013	0.995913	
1350065660.897748	1.000000	64.666290	51.403519	6.102905	0.995154	0.998795	0.981680	0.001464	0.995153	0.998796	0.995153	0.998795	0.995153	0.998794	0.995153	0.998794	0.995152	0.998792	0.995152	0.998791	1350065660.897807	1.000005	64.674191	51.457888	2.702776	0.971904	0.995760	0.971905	0.995758	0.971904	0.995755	0.971904	0.995752	0.971904	0.995750	0.971904	0.995747	0.968253	0.004609	0.971904	0.995747	
1350065661.897755	1.000007	64.666118	51.395366	6.089939	0.992681	0.998249	0.955596	0.004987	0.992683	0.998250	0.992683	0.998248	0.992683	0.998248	0.992683	0.998246	0.992683	0.998244	0.992683	0.998243	1350065661.897813	1.000006	64.677089	51.461562	2.705901	0.968645	0.995880	0.968645	0.995878	0.968646	0.995874	0.968646	0.995871	0.968646	0.995869	0.968646	0.995867	0.959757	0.006706	0.968648	0.995867	
1350065662.897748	0.999993	64.666219	51.398961	6.053631	0.994160	0.998552	0.973281	0.001264	0.994160	0.998552	0.994160	0.998551	0.994160	0.998549	0.994160	0.998548	0.994160	0.998548	0.994160	0.998547	1350065662.897807	0.999994	64.677235	51.461031	2.703309	0.969821	0.995897	0.969821	0.995893	0.969820	0.995891	0.969820	0.995888	0.969820	0.995885	0.969820	0.995884	0.964340	0.004325	0.969819	0.995873	
1350065663.897748	1.000000	64.669983	51.400543	6.096741	0.993803	0.998474	0.974457	0.001340	0.993802	0.998465	0.993801	0.998465	0.993801	0.998463	0.993801	0.998461	0.993801	0.998461	0.993801	0.998459	1350065663.897807	1.000000	64.676559	51.458908	2.706161	0.971544	0.995764	0.971543	0.995760	0.971543	0.995758	0.971543	0.995756	0.971543	0.995752	0.971543	0.995749	0.965113	0.004636	0.971542	0.995764	
1350065664.897748	1.000000	64.665878	51.398788	6.109070	0.993133	0.998313	0.971779	0.001419	0.993134	0.998312	0.993134	0.998311	0.993135	0.998310	0.993135	0.998309	0.993135	0.998308	0.993135	0.998306	1350065664.897807	1.000000	64.678665	51.460831	2.708908	0.972144	0.995708	0.972145	0.995704	0.972144	0.995701	0.972144	0.995698	0.972144	0.995696	0.972144	0.995693	0.966504	0.004627	0.972144	0.995692	
1350065665.897748	1.000000	64.603256	51.360367	6.102905	0.995449	0.998873	0.982832	0.001411	0.995448	0.998872	0.995449	0.998871	0.995448	0.998871	0.995449	0.998870	0.995449	0.998870	0.995449	0.998869	1350065665.897805	0.999998	64.609666	51.404197	2.708333	0.971745	0.995759	0.971745	0.995754	0.971745	0.995752	0.971746	0.995747	0.971746	0.995746	0.971746	0.995744	0.966627	0.004750	0.971747	0.995743	
1350065666.897748	1.000000	64.351852	51.091125	6.102905	0.995497	0.998896	0.977133	0.001065	0.995497	0.998896	0.995497	0.998895	0.995497	0.998895	0.995497	0.998894	0.995497	0.998894	0.995497	0.998893	1350065666.897806	1.000001	64.675750	51.460232	2.711316	0.971321	0.995740	0.971320	0.995739	0.971320	0.995733	0.971320	0.995730	0.971320	0.995730	0.971319	0.995727	0.968061	0.004461	0.971318	0.995727	
1350065667.897748	1.000000	62.060516	48.823425	6.102905	1.000000	1.000000	0.999991	0.002396	1.000000	1.000000	1.000000	1.000000	1.000000	1.000000	1.000000	1.000000	1.000000	1.000000	1.000000	1.000000	1350065667.897807	1.000001	64.277420	51.056149	2.711881	0.994307	0.999185	0.994307	0.999184	0.994307	0.999184	0.994308	0.999183	0.994307	0.999181	0.994308	0.999181	0.988116	0.002350	0.994309	0.999182	
1350065668.897766	1.000018	715793783.766779	715801413.095368	715762796.263536	0.999987	1.000194	0.999984	1.000198	0.999995	1.000200	0.999985	1.000190	0.999987	1.000197	0.999989	1.000192	0.999987	1.000197	0.999987	1.000194	1350065668.897875	1.000068	715750443.475729	715744106.848315	715776156.796948	0.999987	1.000197	0.999984	1.000196	3.893267	0.256902	0.999986	1.000193	0.999987	1.000197	0.999989	1.000193	0.999987	1.000197	0.999987	1.000195	
1350065669.897753	0.999987	0.000000	0.000000	0.000000	-nan	-nan	-nan	-nan	8.000000	inf	-nan	-nan	-nan	0.000000	-nan	-nan	-nan	-nan	-nan	-nan	1350065669.897823	0.999948	0.000000	0.000000	0.000000	-nan	-nan	-nan	-nan	0.000000	inf	-nan	-nan	-nan	-nan	-nan	-nan	-nan	-nan	-nan	-nan	
