ts_0	elapsed_0	pkg_0	pp0_0	dram_0	freq_ratio_0_0	c0_ratio_0_0	freq_ratio_0_1	c0_ratio_0_1	freq_ratio_0_2	c0_ratio_0_2	freq_ratio_0_3	c0_ratio_0_3	freq_ratio_0_4	c0_ratio_0_4	freq_ratio_0_5	c0_ratio_0_5	freq_ratio_0_6	c0_ratio_0_6	freq_ratio_0_7	c0_ratio_0_7	ts_1	elapsed_1	pkg_1	pp0_1	dram_1	freq_ratio_1_0	c0_ratio_1_0	freq_ratio_1_1	c0_ratio_1_1	freq_ratio_1_2	c0_ratio_1_2	freq_ratio_1_3	c0_ratio_1_3	freq_ratio_1_4	c0_ratio_1_4	freq_ratio_1_5	c0_ratio_1_5	freq_ratio_1_6	c0_ratio_1_6	freq_ratio_1_7	c0_ratio_1_7	
1350063196.931961	1.000441	29.931973	16.737064	4.892099	1.000000	1.000000	1.000023	0.004561	0.994878	0.000115	0.999747	0.000012	1.000130	0.000068	1.000982	0.000012	0.999554	0.000011	1.000243	0.000011	1350063196.932177	1.000440	31.027245	17.963442	1.650702	0.995177	0.000091	1.000000	1.000000	1.000005	0.000436	0.999299	0.000043	0.998831	0.000008	0.995468	0.000046	0.974526	0.000008	0.997682	0.000083	
1350063197.931951	0.999990	30.000972	16.809556	4.934788	1.000000	1.000000	1.000001	0.007633	0.999953	0.000298	0.990967	0.000073	1.000152	0.000063	0.999957	0.000053	1.000026	0.000045	0.999872	0.000057	1350063197.932162	0.999985	30.207012	17.132521	2.166430	0.999967	0.000023	1.000000	1.000000	0.999371	0.000220	1.000362	0.000081	1.001095	0.000084	1.002655	0.000043	1.000085	0.000050	0.999882	0.000134	
1350063198.931950	0.999999	30.043928	16.866227	4.936238	1.000000	1.000000	1.000007	0.001686	0.999963	0.008147	1.001694	0.000374	0.998543	0.000011	1.001018	0.000012	1.000637	0.000011	1.000191	0.000012	1350063198.932172	1.000010	30.159747	17.076504	2.710804	1.000046	0.000059	1.000000	1.000000	1.000780	0.000174	0.996880	0.000043	0.999939	0.000013	1.001613	0.000042	1.014764	0.000013	1.002872	0.000068	
1350063199.931951	1.000001	29.941958	16.749816	4.954692	1.000000	1.000000	0.999747	0.000165	0.999958	0.005070	1.000248	0.000095	0.999998	0.000156	0.999274	0.000047	0.999935	0.000083	0.999721	0.000048	1350063199.932172	1.000000	30.295181	17.213196	2.267303	1.000363	0.000028	1.000000	1.000000	0.999995	0.000228	1.001893	0.000070	0.999789	0.000057	1.000174	0.000042	0.995474	0.000045	0.999930	0.004865	
1350063200.931950	0.999999	29.787992	16.595215	4.919927	1.000000	1.000000	0.999719	0.000147	1.000043	0.000234	1.000054	0.000007	1.000802	0.000011	1.001604	0.000012	0.999477	0.000011	1.000418	0.000012	1350063200.932175	1.000003	30.334821	17.253181	1.586299	0.999794	0.000067	1.000000	1.000000	1.000023	0.000185	1.000255	0.000044	1.000337	0.000013	0.999964	0.000043	1.015303	0.000013	1.001568	0.000117	
1350063201.931950	1.000000	29.795166	16.600204	4.921524	1.000000	1.000000	1.000230	0.000163	0.999960	0.000268	0.999808	0.000066	0.999937	0.000055	0.999889	0.000045	1.000352	0.000047	0.987055	0.000048	1350063201.932164	0.999989	30.361264	17.288443	1.589464	1.000254	0.000027	1.000000	1.000000	1.000035	0.000231	0.998364	0.000070	0.996761	0.000071	0.996271	0.000048	0.996653	0.000057	0.999934	0.005460	
1350063202.931950	1.000000	29.787918	16.593445	4.902206	1.000000	1.000000	0.999838	0.000209	1.000068	0.000216	0.999035	0.000012	0.999861	0.000011	1.000936	0.000012	0.996393	0.000011	0.999595	0.000012	1350063202.932157	0.999993	30.308529	17.239285	1.586147	0.999683	0.000061	1.000000	0.999994	0.999917	0.000166	1.001830	0.000050	1.017676	0.000013	1.005112	0.000043	1.015755	0.000013	1.001320	0.000147	
1350063203.931951	1.000001	30.481843	17.287123	4.954616	1.000000	1.000000	0.999955	0.000405	0.999891	0.000269	1.000092	0.000361	0.999994	0.002928	0.999212	0.000045	1.000205	0.000073	1.000288	0.002142	1350063203.932141	0.999984	30.178751	17.095625	1.730985	1.000181	0.000030	1.000000	1.000006	0.999940	0.000265	0.999980	0.000077	0.999782	0.000071	0.999163	0.000043	0.999949	0.000045	0.999969	0.001033	
1350063204.931950	0.999999	30.980987	17.785387	4.960057	1.000000	1.000000	1.000079	0.000132	1.000041	0.000214	0.997721	0.000007	1.000074	0.005987	1.001916	0.000012	1.001210	0.000011	1.001432	0.000012	1350063204.932154	1.000013	30.184815	17.105443	1.768898	1.000007	0.000054	1.000000	1.000000	0.999989	0.000145	1.000521	0.000043	1.001276	0.000013	0.999991	0.000042	1.001690	0.000013	1.000028	0.000069	
1350063205.931950	1.000000	30.702606	17.507492	4.939728	1.000000	1.000000	0.999841	0.000150	0.999939	0.000260	0.988010	0.000058	1.000047	0.007706	0.988013	0.000043	0.988657	0.000045	0.987150	0.000052	1350063205.932132	0.999978	30.178671	17.098077	2.229450	1.000219	0.000030	1.000000	1.000000	0.999988	0.000249	0.999892	0.000079	1.000050	0.000054	1.000081	0.000043	1.000086	0.000045	0.998047	0.000102	
1350063206.931950	1.000000	30.553665	17.358475	4.941589	1.000000	1.000000	0.996339	0.000136	1.000158	0.000227	1.001633	0.000013	0.999892	0.007508	1.001723	0.000012	1.001234	0.000012	1.003642	0.000012	1350063206.932155	1.000023	30.185482	17.107015	2.122342	0.998477	0.000051	1.000000	1.000000	0.999987	0.000152	1.000200	0.000043	1.000335	0.000013	1.000055	0.000042	0.999569	0.000013	1.002828	0.000070	
1350063207.931951	1.000001	30.106707	16.910873	4.893779	1.000000	1.000000	1.000171	0.002665	0.999964	0.002446	1.000224	0.000071	1.000207	0.002688	1.008256	0.000057	1.006729	0.000073	1.009788	0.000061	1350063207.932172	1.000017	30.563539	17.489832	2.359732	1.001430	0.000045	1.000000	1.000000	0.999995	0.000283	0.999775	0.000105	0.999476	0.001212	1.000305	0.000077	0.996768	0.000080	0.999106	0.000222	
1350063208.931950	0.999999	33.343782	20.160694	4.938191	1.000000	1.000000	1.000004	0.003591	0.999998	0.003036	1.000201	0.003227	1.000001	0.002672	1.000001	0.002675	0.999784	0.002712	0.999834	0.002659	1350063208.932117	0.999945	33.848758	20.772873	1.593426	0.999997	0.002962	1.000000	1.000000	1.000000	0.002947	0.999999	0.002864	1.000010	0.002873	0.999983	0.002765	0.999869	0.002807	1.000049	0.003947	
1350063209.931950	1.000000	30.467361	17.271133	4.958511	1.000000	1.000000	1.000401	0.000154	0.999923	0.000239	0.999930	0.000066	0.999901	0.000051	0.999961	0.003016	1.013087	0.000044	1.009261	0.000048	1350063209.932134	1.000017	30.157662	17.076219	1.706011	1.000065	0.000029	1.000000	1.000000	0.999940	0.000238	1.000072	0.000081	1.008099	0.000071	1.000514	0.000051	1.006501	0.000064	0.997083	0.000115	
1350063210.931950	1.000000	31.199860	18.006134	4.944717	1.000000	1.000000	0.999785	0.000131	0.999939	0.000233	0.998557	0.000012	0.998559	0.000012	1.000048	0.006003	0.998063	0.000011	1.000513	0.000012	1350063210.932155	1.000021	30.181633	17.103996	1.673457	0.999978	0.000053	1.000000	1.000000	0.998710	0.000176	0.994954	0.000043	0.999789	0.000013	0.999797	0.000042	1.014152	0.000013	1.004710	0.000073	
1350063211.931950	1.000000	30.100510	16.906464	4.959717	1.000000	1.000000	0.999770	0.000153	1.000013	0.000259	1.000244	0.000060	1.000369	0.000061	0.999911	0.005193	1.000369	0.000055	0.985189	0.000044	1350063211.932168	1.000013	30.170320	17.089269	2.029347	0.999903	0.000028	1.000000	1.000000	1.001011	0.000233	1.000853	0.000079	0.999789	0.000046	1.000077	0.000045	1.000323	0.000047	0.999975	0.000152	
1350063212.931950	1.000000	29.786041	16.590256	4.912170	1.000000	1.000000	0.999992	0.000197	0.999974	0.000314	1.000040	0.000019	1.000988	0.000017	1.000122	0.000019	0.999852	0.000018	0.999901	0.000019	1350063212.932161	0.999993	30.163050	17.081280	1.584545	1.000009	0.000084	1.000000	1.000000	1.000006	0.000194	1.002281	0.000065	1.000678	0.000020	0.999770	0.000065	0.999642	0.000020	0.998398	0.000132	
1350063213.931951	1.000001	30.494554	17.299330	4.903300	1.000000	1.000000	0.999902	0.000154	0.999896	0.000268	0.999994	0.000365	0.999792	0.000054	0.999965	0.003347	0.999992	0.000048	1.000325	0.002010	1350063213.932139	0.999978	30.141286	17.072747	1.674216	0.999919	0.000029	1.000000	1.000000	0.999904	0.000210	0.999733	0.000093	0.999383	0.000070	0.996350	0.000052	0.997493	0.000068	0.999686	0.000109	
1350063214.931950	0.999999	30.206892	17.012132	4.928136	1.000000	1.000000	1.000073	0.000143	1.000076	0.000227	0.999188	0.000007	0.999032	0.000011	0.999984	0.007584	1.000035	0.000011	0.999548	0.000012	1350063214.932167	1.000028	30.218090	17.141932	1.746823	0.999899	0.000057	1.000000	1.000000	0.999998	0.000180	1.000018	0.000043	1.001051	0.000013	1.004692	0.000042	1.012454	0.000013	1.003990	0.000062	
1350063215.931950	1.000000	30.615814	17.423111	4.949707	1.000000	1.000000	0.999881	0.000172	0.999862	0.000257	0.999739	0.000056	0.999988	0.000064	0.999957	0.007350	0.999978	0.000053	1.000103	0.000048	1350063215.932173	1.000006	30.264087	17.193120	1.800236	0.999966	0.000057	1.000000	1.000000	1.000000	0.000221	1.000152	0.000079	1.000518	0.000067	0.996525	0.000047	1.000576	0.000047	1.000030	0.000118	
1350063216.931950	1.000000	31.672440	18.482483	4.944717	1.000000	1.000000	1.000012	0.000880	0.999974	0.005015	1.000964	0.000012	1.000364	0.000012	0.999916	0.002632	1.000000	0.000012	0.999566	0.000012	1350063216.932139	0.999966	30.329586	17.263345	2.146298	0.999948	0.000066	1.000000	1.000000	0.999989	0.000169	1.000136	0.000042	0.998846	0.000013	1.001086	0.000042	0.998955	0.000013	0.999766	0.000068	
1350063217.931950	1.000000	30.449280	17.254639	4.938538	1.000000	1.000000	0.999991	0.000220	1.000062	0.010720	0.991449	0.000061	0.990670	0.000054	0.997340	0.000043	0.988570	0.000045	0.986787	0.000050	1350063217.932133	0.999994	30.312818	17.243953	2.524643	1.000168	0.000030	1.000000	1.000000	0.999993	0.000221	0.998040	0.000078	0.999899	0.000053	1.002595	0.000043	1.000398	0.000052	0.999918	0.000131	
1350063218.931950	1.000000	30.308609	17.116714	4.934235	1.000000	1.000000	0.997036	0.000171	0.999879	0.010426	0.999541	0.000323	0.998650	0.000012	0.999070	0.000012	0.999875	0.000012	1.001231	0.000013	1350063218.932156	1.000023	30.265497	17.191913	2.616975	0.998549	0.000052	1.000000	1.000000	0.999989	0.000171	1.003616	0.000043	1.000030	0.000013	1.000129	0.000042	0.996468	0.000013	0.999389	0.000066	
1350063219.931950	1.000000	29.982437	16.803894	4.928329	1.000000	1.000000	1.002300	0.000220	0.999965	0.005588	1.011237	0.000059	1.006835	0.000076	1.008735	0.000061	1.007921	0.000065	1.011025	0.000060	1350063219.932171	1.000015	30.307238	17.235001	2.268139	1.001574	0.000045	1.000000	1.000000	0.999993	0.000983	0.999903	0.000111	0.999877	0.000075	1.000091	0.000072	1.000618	0.000067	1.000327	0.000160	
1350063220.931950	1.000000	29.780151	16.588150	4.902039	1.000000	1.000000	1.000006	0.000181	0.999973	0.000229	0.999904	0.000012	1.001227	0.000012	0.999871	0.000012	0.999775	0.000012	0.998496	0.000012	1350063220.932170	0.999999	30.268935	17.197618	1.587663	0.998624	0.000076	0.999995	1.000000	1.000023	0.000235	1.000426	0.000043	0.999755	0.000008	0.999752	0.000056	0.995458	0.000008	0.999961	0.000088	
1350063221.931950	1.000000	29.774094	16.585419	4.949707	1.000000	1.000000	0.999922	0.000163	0.999976	0.000258	0.999987	0.000058	0.999947	0.000051	0.999991	0.000044	0.999894	0.000047	0.987319	0.000049	1350063221.932169	0.999999	30.280897	17.210954	1.589418	1.003422	0.000029	1.000005	1.000000	0.999997	0.000530	0.999794	0.000084	1.000125	0.000077	1.000245	0.000050	0.999757	0.000059	1.000075	0.000108	
1350063222.931950	1.000000	29.775848	16.586899	4.903625	1.000000	1.000000	0.999864	0.000193	0.999997	0.000228	1.000064	0.000012	1.000139	0.000011	1.000000	0.000012	1.000225	0.000012	0.998240	0.000012	1350063222.932165	0.999996	30.249543	17.177880	1.590735	0.999865	0.000060	0.999994	1.000000	0.999985	0.000208	0.999869	0.000050	0.997690	0.000013	0.999531	0.000043	1.000061	0.000013	0.999893	0.000112	
1350063223.931951	1.000001	29.802889	16.614150	4.959636	1.000000	1.000000	1.000035	0.000244	1.000006	0.000270	0.999996	0.000752	0.999974	0.000059	0.999951	0.000047	0.999909	0.000059	1.000330	0.001996	1350063223.932165	1.000000	30.330902	17.258957	1.592270	0.999830	0.000030	1.000005	1.000000	1.000002	0.001699	0.999984	0.000094	1.000384	0.000066	0.999822	0.000058	1.000115	0.000060	0.998412	0.000117	
1350063224.931950	0.999999	29.767591	16.578065	4.918355	1.000000	1.000000	1.000176	0.000142	1.000039	0.000277	0.996468	0.000007	0.998365	0.000012	1.001481	0.000012	1.000314	0.000011	0.998680	0.000011	1350063224.932163	0.999998	30.313641	17.246401	1.587726	1.000006	0.000069	1.000000	1.000000	1.000049	0.000189	0.998956	0.000044	0.998185	0.000013	1.000054	0.000043	0.999479	0.000013	1.002555	0.000075	
1350063225.931950	1.000000	29.762344	16.574097	4.949631	1.000000	1.000000	0.999879	0.000162	0.999974	0.000529	1.000361	0.000060	1.000274	0.000054	0.999613	0.000046	1.000473	0.000050	1.000000	0.000052	1350063225.932162	0.999999	30.338774	17.271501	1.596483	1.000259	0.000030	1.000000	1.000000	0.999986	0.000913	1.000505	0.000073	0.999979	0.000054	1.000354	0.000050	1.000520	0.000053	0.999784	0.000107	
1350063226.931950	1.000000	29.772720	16.582245	4.964676	1.000000	1.000000	1.000057	0.000156	1.000025	0.000229	0.998233	0.000012	0.998713	0.000011	1.001448	0.000012	0.994834	0.000011	1.000349	0.000011	1350063226.932170	1.000008	30.275176	17.203596	1.589297	0.999961	0.000060	0.999994	1.000000	0.999961	0.000196	1.000265	0.000045	1.000308	0.000013	0.999567	0.000044	0.997762	0.000013	1.000288	0.000076	
1350063227.931950	1.000000	29.777420	16.587051	4.949707	1.000000	1.000000	0.999929	0.000245	0.999939	0.000260	0.991159	0.000059	1.000344	0.000063	0.999650	0.000046	1.000552	0.000051	0.999900	0.000050	1350063227.932163	0.999993	30.268871	17.192868	1.590770	0.999642	0.000028	1.000000	1.000000	0.999994	0.001111	1.000140	0.000080	1.000084	0.000060	1.000361	0.000051	0.999993	0.000053	0.999168	0.000145	
1350063228.931965	1.000015	715775566.360151	715767819.306990	715773234.630374	0.999989	1.000209	0.999987	1.000215	0.999997	1.000212	0.999989	1.000210	0.999989	1.000214	0.999992	1.000208	0.999990	1.000215	0.999989	1.000211	1350063228.932062	0.999899	715881064.282209	715837414.577035	715847685.526880	0.999988	1.000208	0.999987	1.000213	3.893065	0.256921	0.999989	1.000211	0.999989	1.000215	0.999992	1.000208	0.999989	1.000214	0.999989	1.000211	
1350063229.932050	1.000085	0.000000	0.000000	0.000000	-nan	-nan	-nan	-nan	0.000000	inf	-nan	-nan	-nan	0.000000	-nan	-nan	-nan	-nan	-nan	-nan	1350063229.932126	1.000064	0.000000	0.000000	0.000000	-nan	-nan	-nan	-nan	0.000000	inf	-nan	-nan	-nan	-nan	-nan	-nan	-nan	-nan	-nan	-nan	
