ts_0	elapsed_0	pkg_0	pp0_0	dram_0	freq_ratio_0_0	c0_ratio_0_0	freq_ratio_0_1	c0_ratio_0_1	freq_ratio_0_2	c0_ratio_0_2	freq_ratio_0_3	c0_ratio_0_3	freq_ratio_0_4	c0_ratio_0_4	freq_ratio_0_5	c0_ratio_0_5	freq_ratio_0_6	c0_ratio_0_6	freq_ratio_0_7	c0_ratio_0_7	ts_1	elapsed_1	pkg_1	pp0_1	dram_1	freq_ratio_1_0	c0_ratio_1_0	freq_ratio_1_1	c0_ratio_1_1	freq_ratio_1_2	c0_ratio_1_2	freq_ratio_1_3	c0_ratio_1_3	freq_ratio_1_4	c0_ratio_1_4	freq_ratio_1_5	c0_ratio_1_5	freq_ratio_1_6	c0_ratio_1_6	freq_ratio_1_7	c0_ratio_1_7	
1350063196.932054	1.000467	29.464189	16.199572	6.107972	1.000000	1.000000	0.999975	0.000911	0.999885	0.000071	1.000005	0.008277	0.999986	0.000082	0.999702	0.000074	0.999784	0.000053	0.997125	0.000007	1350063196.932268	1.000441	30.914618	17.831140	4.991039	0.988215	0.000035	1.000115	0.000104	0.999903	0.000016	1.000000	1.000000	0.999499	0.000431	0.996874	0.000067	0.996762	0.000057	1.003623	0.000082	
1350063197.932044	0.999990	29.414815	16.162332	6.109055	1.000000	1.000000	0.999982	0.007611	1.002463	0.000007	0.999304	0.000030	0.998869	0.000006	1.004505	0.000006	1.000250	0.000006	1.000377	0.000052	1350063197.932266	0.999998	29.478602	16.404771	4.824320	1.000012	0.000064	0.999968	0.000110	0.999886	0.000054	1.000000	1.000000	1.001249	0.000177	1.024895	0.000008	1.021025	0.000008	1.033317	0.000008	
1350063198.932044	1.000000	29.429245	16.161179	6.121399	1.000000	1.000000	1.000024	0.004482	0.999963	0.002868	1.000125	0.000077	1.000106	0.000065	0.999896	0.000048	1.000050	0.000054	0.994307	0.000007	1350063198.932264	0.999998	29.494380	16.431886	4.802744	0.999993	0.000052	0.999978	0.000090	0.999511	0.000017	1.000000	1.000000	0.999984	0.000220	1.000202	0.000050	0.998215	0.000049	0.995243	0.000052	
1350063199.932044	1.000000	29.665894	16.400620	6.115173	1.000000	1.000000	0.999997	0.003944	1.000008	0.000815	0.998741	0.000032	0.994069	0.000007	0.997249	0.000007	0.999142	0.000006	0.999605	0.000050	1350063199.932254	0.999990	29.834893	16.762741	3.496525	0.999972	0.007952	1.000052	0.000074	0.999992	0.000099	1.000000	1.000000	1.000067	0.000224	0.995463	0.000008	1.010086	0.000008	1.022236	0.000008	
1350063200.932044	1.000000	29.780548	16.513428	6.121399	1.000000	1.000000	0.999975	0.000345	0.999956	0.009838	1.000387	0.000123	1.000583	0.000064	0.999989	0.000072	1.000121	0.000051	1.009547	0.000007	1350063200.932223	0.999969	29.501357	16.427816	5.011798	1.000226	0.000051	0.999841	0.000078	0.999976	0.000016	1.000000	1.000000	0.999926	0.000215	1.000650	0.000050	1.000424	0.000051	1.000308	0.000114	
1350063201.932044	1.000000	30.601471	17.337952	6.127563	1.000000	1.000000	1.000058	0.000387	0.999965	0.006589	0.999264	0.000031	1.000251	0.000006	1.004379	0.000006	0.996067	0.000006	0.999763	0.000050	1350063201.932232	1.000009	29.517311	16.443622	4.977082	1.000025	0.000063	1.000187	0.000056	1.000030	0.000052	1.000000	1.000000	0.999990	0.000184	1.002635	0.000008	0.999167	0.000008	0.995967	0.000008	
1350063202.932044	1.000000	29.851730	16.585236	6.127563	1.000000	1.000000	0.999925	0.000357	0.999981	0.009458	1.000281	0.000074	0.999984	0.000071	0.999883	0.000049	1.000672	0.000054	0.998141	0.000007	1350063202.932232	1.000000	29.525742	16.452255	5.006821	0.999954	0.000050	0.999890	0.000098	1.000022	0.000018	1.000000	1.000000	1.000000	0.000213	0.999914	0.000049	0.997844	0.000050	0.999323	0.000052	
1350063203.932044	1.000000	30.604401	17.338852	6.114059	1.000000	1.000000	0.999954	0.000377	0.999994	0.006514	0.999988	0.000031	0.999748	0.000006	1.000000	0.000007	0.992821	0.000006	1.000133	0.000052	1350063203.932250	1.000018	29.547461	16.472072	4.974353	0.999891	0.000057	1.000078	0.000059	1.000000	0.000052	1.000000	1.000000	1.000007	0.000176	0.997869	0.000008	1.021043	0.000008	1.011930	0.000008	
1350063204.932044	1.000000	29.842163	16.575714	6.127563	1.000000	1.000000	0.999949	0.000646	0.999918	0.009450	0.999908	0.000155	0.991598	0.000064	0.991642	0.000063	0.990593	0.000051	0.994549	0.000007	1350063204.932253	1.000003	29.528534	16.455592	5.025314	1.000160	0.000058	0.999923	0.000070	0.999917	0.000056	1.000000	1.000000	0.999965	0.000210	0.999989	0.000071	0.998914	0.000051	0.999453	0.000147	
1350063205.932044	1.000000	30.360794	17.092422	6.133728	1.000000	1.000000	1.000166	0.000369	1.000105	0.007128	0.984353	0.000033	1.000281	0.000007	1.002382	0.000007	1.001133	0.000007	0.990273	0.000051	1350063205.932216	0.999963	29.507209	16.434277	4.988786	0.997963	0.000054	1.000042	0.000055	0.989576	0.000050	1.000000	1.000000	1.000023	0.000151	0.999802	0.000008	1.002801	0.000008	0.990814	0.000008	
1350063206.932044	1.000000	29.623230	16.356247	6.090576	1.000000	1.000000	0.999860	0.000370	0.999921	0.007792	1.005967	0.000086	1.007006	0.000077	1.000144	0.002947	1.002413	0.000203	1.026577	0.000020	1350063206.932263	1.000047	29.522676	16.450537	4.986094	1.001503	0.000071	0.999719	0.000093	0.999749	0.000018	1.000000	1.000000	0.999928	0.000240	0.989328	0.000050	0.988605	0.000050	0.989879	0.000054	
1350063207.932044	1.000000	30.567261	17.315536	6.115234	1.000000	1.000000	1.000069	0.000410	0.999976	0.006690	0.999520	0.000031	0.999178	0.000007	1.000986	0.000007	0.995456	0.000006	1.000171	0.000045	1350063207.932245	0.999982	29.506341	16.433201	4.974607	0.999763	0.000057	1.000502	0.000081	1.008527	0.000062	1.000000	1.000000	1.000094	0.000169	1.019038	0.000028	1.020327	0.000028	1.002145	0.000029	
1350063208.932044	1.000000	30.246536	16.980499	6.101685	1.000000	1.000000	0.999992	0.003281	0.999979	0.011276	1.000007	0.003533	1.000001	0.002757	0.999999	0.002739	1.000008	0.002688	0.999817	0.002732	1350063208.932242	0.999997	29.752030	16.692557	4.912735	0.999962	0.002702	0.999990	0.002929	0.999999	0.002752	1.000000	1.000000	1.000006	0.002809	0.999999	0.002645	0.999983	0.002681	1.000226	0.002638	
1350063209.932044	1.000000	29.271820	16.007355	6.108978	1.000000	1.000000	1.000024	0.000757	0.999992	0.002116	0.998909	0.000041	0.995160	0.000007	0.996508	0.000007	1.001763	0.000007	1.009121	0.000052	1350063209.932259	1.000017	29.515446	16.443890	2.779113	1.000531	0.000174	0.999964	0.000659	1.000000	0.000103	0.999994	1.000000	0.999845	0.000181	0.995399	0.000008	1.000098	0.000008	0.997406	0.000008	
1350063210.932044	1.000000	29.467545	16.205368	6.114029	1.000000	1.000000	1.000819	0.001367	0.999968	0.005773	1.000587	0.000074	1.000572	0.000061	1.000334	0.000050	0.999742	0.000052	1.003117	0.000007	1350063210.932235	0.999976	29.626858	16.553102	4.108223	1.000135	0.000057	0.999961	0.004056	0.997301	0.000017	1.000006	1.000000	1.000035	0.000246	1.000584	0.000050	0.999855	0.000050	1.000593	0.000053	
1350063211.932044	1.000000	29.275009	16.010956	6.121368	1.000000	1.000000	0.997793	0.000517	0.996339	0.000007	0.999954	0.000034	1.002522	0.000006	1.000274	0.000007	1.000439	0.000006	0.999949	0.000053	1350063211.932259	1.000024	29.549444	16.477173	2.807000	0.999911	0.000078	0.999832	0.000096	1.000598	0.000074	1.000000	1.000000	1.000021	0.002181	1.002753	0.000008	0.998086	0.000008	0.994738	0.000008	
1350063212.932044	1.000000	29.266068	16.006332	6.109024	1.000000	1.000000	0.999899	0.000471	1.000180	0.000073	0.999791	0.000083	0.999693	0.000068	0.999958	0.000064	1.000075	0.000057	0.999451	0.000014	1350063212.932257	0.999998	29.511333	16.438645	2.752065	0.999951	0.000071	1.000011	0.000139	0.999925	0.000036	1.000000	1.000000	1.000006	0.000820	0.999725	0.000074	0.999506	0.000074	0.997878	0.000082	
1350063213.932044	1.000000	29.255692	15.996948	6.133728	1.000000	1.000000	1.000086	0.000402	0.999559	0.000006	0.999879	0.000032	1.000125	0.000006	0.999891	0.000007	0.999946	0.000007	0.999978	0.000052	1350063213.932257	1.000000	29.738098	16.666885	2.704987	1.000235	0.000067	0.999985	0.000079	0.999975	0.000062	1.000000	1.000000	1.000017	0.008527	1.000447	0.000008	1.009229	0.000008	1.026368	0.000008	
1350063214.932044	1.000000	29.262665	15.998077	6.121399	1.000000	1.000000	1.000004	0.000654	0.999820	0.000064	1.000136	0.000074	1.000039	0.000070	1.000180	0.000049	0.999929	0.000054	1.002058	0.000007	1350063214.932256	0.999999	29.772962	16.693513	2.711032	0.999246	0.000161	1.000082	0.000089	0.999965	0.000056	0.999994	1.000000	1.000078	0.008598	0.999570	0.000056	0.998085	0.000056	0.996356	0.000058	
1350063215.932044	1.000000	29.258575	15.996872	6.115173	1.000000	1.000000	0.999949	0.000401	1.000820	0.000007	0.999583	0.000035	0.998812	0.000006	0.999837	0.000007	0.996556	0.000006	0.999354	0.000052	1350063215.932279	1.000023	31.039512	17.965241	2.707259	1.000008	0.000239	0.999772	0.000083	0.999953	0.000066	1.000006	1.000000	0.994261	0.000050	1.004800	0.000008	1.009355	0.000008	1.029241	0.000008	
1350063216.932044	1.000000	29.229523	15.995667	6.127472	1.000000	1.000000	1.000019	0.000343	0.989609	0.000066	1.000271	0.000081	0.992207	0.000068	0.991351	0.000063	0.990316	0.000051	1.001895	0.000007	1350063216.932249	0.999970	29.541110	16.466284	2.758368	0.999969	0.000723	1.000070	0.000083	1.000202	0.000023	1.000000	1.000000	1.002029	0.000139	0.999987	0.000059	0.998780	0.000059	0.996618	0.000082	
1350063217.932044	1.000000	29.255615	15.976486	6.115234	1.000000	1.000000	0.999995	0.000912	1.003134	0.000007	0.985010	0.000033	1.001130	0.000007	1.005784	0.000007	1.003476	0.000007	0.989950	0.000050	1350063217.932247	0.999998	29.674068	16.614045	2.784536	0.999973	0.007597	0.999921	0.000102	0.992312	0.000069	1.000000	1.000000	1.000744	0.000008	0.999553	0.000008	1.005907	0.000013	1.025922	0.000008	
1350063218.932044	1.000000	29.521469	16.257767	6.121399	1.000000	1.000000	0.999967	0.003863	0.999962	0.002112	1.005540	0.000087	1.000814	0.000625	1.000137	0.003007	1.007460	0.000066	1.025567	0.000020	1350063218.932260	1.000013	29.516886	16.443388	3.890910	0.999896	0.000237	1.000012	0.000100	1.000981	0.000018	1.000000	1.000000	0.987387	0.000052	0.988818	0.000049	0.990622	0.000056	0.990540	0.000065	
1350063219.932044	1.000000	30.758713	17.498642	6.121399	1.000000	1.000000	1.000185	0.000682	1.000340	0.001936	0.998878	0.000032	1.000102	0.005585	0.999730	0.000007	1.000161	0.000007	0.999232	0.000046	1350063219.932232	0.999972	29.546295	16.472277	3.865357	1.000195	0.001080	0.999962	0.000061	1.003968	0.000124	0.999994	1.000000	1.018518	0.000035	1.015637	0.000035	1.015957	0.000035	1.000838	0.000036	
1350063220.932044	1.000000	29.261108	15.996765	6.109070	1.000000	1.000000	0.999860	0.000430	1.000283	0.000059	1.000410	0.000073	0.994495	0.000075	1.000055	0.000056	0.999873	0.000049	1.004654	0.000007	1350063220.932254	1.000022	29.966887	16.894023	2.746384	0.999946	0.010654	1.000012	0.000094	1.000086	0.000058	1.000006	1.000000	1.000000	0.000067	0.999719	0.000069	0.997929	0.000070	1.006905	0.000090	
1350063221.932044	1.000000	29.234283	15.971802	6.114059	1.000000	1.000000	1.000083	0.000411	0.998804	0.000006	0.999836	0.000033	0.992191	0.000006	0.997941	0.000007	0.991577	0.000007	0.999556	0.000050	1350063221.932257	1.000003	29.923156	16.849633	2.724296	0.999971	0.010973	0.999941	0.000078	0.999355	0.000054	1.000000	1.000000	1.002288	0.000008	1.001449	0.000008	1.014219	0.000008	1.000706	0.000008	
1350063222.932044	1.000000	29.241211	15.980606	6.115234	1.000000	1.000000	0.999937	0.000411	0.999801	0.000064	1.000194	0.000105	1.000813	0.000059	1.000375	0.000048	1.001116	0.000054	1.002595	0.000007	1350063222.932247	0.999990	29.946345	16.869996	2.707333	0.999981	0.010927	0.999877	0.000129	1.000607	0.000063	1.000000	1.000000	0.990073	0.000064	0.999920	0.000082	1.000952	0.000061	0.999102	0.000064	
1350063223.932044	1.000000	29.239380	15.976273	6.109070	1.000000	1.000000	1.000063	0.000433	0.999980	0.000410	0.999339	0.000033	0.994533	0.000006	0.993047	0.000007	0.993984	0.000007	1.000514	0.000050	1350063223.932263	1.000016	29.951472	16.878072	2.707476	0.999945	0.010833	1.000211	0.000079	0.999782	0.000057	1.000000	1.000000	1.005426	0.000117	1.001490	0.000008	0.980249	0.000008	1.006133	0.000008	
1350063224.932044	1.000000	29.640961	16.378952	6.115234	1.000000	1.000000	0.999981	0.002774	0.999974	0.007996	0.999963	0.000072	1.000250	0.000062	1.000363	0.000056	1.000437	0.000049	0.994417	0.000007	1350063224.932264	1.000001	29.571917	16.497039	3.867214	0.999868	0.000560	0.999874	0.000077	0.999895	0.000092	1.000000	1.000000	0.999954	0.000058	0.999893	0.000050	1.000428	0.000057	0.997006	0.000068	
1350063225.932044	1.000000	30.586395	17.323166	6.127563	1.000000	1.000000	0.999969	0.000392	0.999879	0.006330	1.000048	0.000032	1.000109	0.000007	1.005059	0.000007	0.998060	0.000007	0.999862	0.000050	1350063225.932232	0.999968	29.521634	16.460227	3.835572	0.999952	0.000879	1.000144	0.000062	1.000000	0.000050	1.000000	1.000000	0.999653	0.000008	0.998903	0.000008	1.018846	0.000008	1.025879	0.000008	
1350063226.932044	1.000000	29.231339	15.984116	6.127563	1.000000	1.000000	0.999970	0.000385	1.008382	0.000066	1.000063	0.000074	1.000260	0.000059	0.999723	0.000049	1.000475	0.000053	1.004337	0.000007	1350063226.932260	1.000028	29.893987	16.819309	2.719391	0.999973	0.010963	0.999823	0.000105	1.000175	0.000064	1.000000	1.000000	0.999974	0.000075	1.000214	0.000068	0.998671	0.000061	1.000084	0.000064	
1350063227.932044	1.000000	29.261414	15.998886	6.096741	1.000000	1.000000	1.000023	0.000429	1.001957	0.000006	1.000466	0.000033	0.999179	0.000007	1.000000	0.000007	1.000163	0.000007	1.000135	0.000049	1350063227.932257	0.999997	29.898194	16.825232	2.704812	0.999991	0.010875	1.000004	0.000107	0.999150	0.000049	1.000000	1.000000	1.000842	0.000008	0.997652	0.000008	0.999902	0.000008	0.991068	0.000008	
1350063228.932056	1.000012	715799511.192274	715760630.908754	715817503.846834	0.999990	1.000214	0.999987	1.000217	0.999997	1.000214	0.999990	1.000215	0.999990	1.000218	0.999992	1.000212	0.999990	1.000218	0.999990	1.000216	1350063228.932151	0.999894	715848694.973011	715899567.312347	715863665.619187	0.999989	1.000213	0.999987	1.000216	3.893035	0.256923	0.999990	1.000215	0.999990	1.000218	0.999992	1.000213	0.999990	1.000218	0.999990	1.000215	
1350063229.932148	1.000092	0.000000	0.000000	0.000000	-nan	-nan	-nan	-nan	0.000000	inf	-nan	-nan	-nan	0.000000	-nan	-nan	-nan	-nan	-nan	-nan	1350063229.932225	1.000074	0.000000	0.000000	0.000000	-nan	-nan	-nan	-nan	0.000000	inf	-nan	-nan	-nan	-nan	-nan	-nan	-nan	-nan	-nan	-nan	
