ts_0	elapsed_0	pkg_0	pp0_0	dram_0	freq_ratio_0_0	c0_ratio_0_0	freq_ratio_0_1	c0_ratio_0_1	freq_ratio_0_2	c0_ratio_0_2	freq_ratio_0_3	c0_ratio_0_3	freq_ratio_0_4	c0_ratio_0_4	freq_ratio_0_5	c0_ratio_0_5	freq_ratio_0_6	c0_ratio_0_6	freq_ratio_0_7	c0_ratio_0_7	ts_1	elapsed_1	pkg_1	pp0_1	dram_1	freq_ratio_1_0	c0_ratio_1_0	freq_ratio_1_1	c0_ratio_1_1	freq_ratio_1_2	c0_ratio_1_2	freq_ratio_1_3	c0_ratio_1_3	freq_ratio_1_4	c0_ratio_1_4	freq_ratio_1_5	c0_ratio_1_5	freq_ratio_1_6	c0_ratio_1_6	freq_ratio_1_7	c0_ratio_1_7	
1350065719.497651	1.000257	67.875133	54.538519	3.780034	0.967636	0.997736	0.965406	0.643190	0.967635	0.997735	0.967634	0.997733	0.967634	0.997730	0.967634	0.997729	0.967634	0.997728	0.967634	0.997727	1350065719.497744	1.000280	38.924896	25.716130	1.590680	1.000000	1.000000	1.000000	1.000000	1.000037	0.004880	0.999997	0.003273	0.999833	0.002845	1.000001	0.360000	0.999829	0.002860	1.000004	0.003902	
1350065720.497656	1.000005	64.671597	51.310748	3.793224	0.972591	0.995708	0.963791	0.003010	0.972592	0.995706	0.972591	0.995704	0.972591	0.995701	0.972591	0.995698	0.972591	0.995695	0.972591	0.995693	1350065720.497725	0.999981	41.053105	27.863294	1.589554	1.000000	1.000000	1.000000	1.000000	0.999973	0.001933	0.999984	0.000380	1.008153	0.000058	1.000000	1.000000	1.044087	0.000011	1.000059	0.000144	
1350065721.497649	0.999993	64.680623	51.311298	3.801174	0.972534	0.995704	0.963837	0.003040	0.972534	0.995703	0.972534	0.995699	0.972534	0.995696	0.972535	0.995694	0.972534	0.995693	0.972534	0.995688	1350065721.497742	1.000017	41.120779	27.905457	1.591007	1.000000	1.000000	1.000000	1.000000	0.999984	0.001597	0.999994	0.000245	0.999902	0.000012	1.000000	1.000000	1.000000	0.000066	0.999815	0.000111	
1350065722.497649	1.000000	64.676041	51.304016	3.797226	0.971211	0.995719	0.966508	0.003414	0.971211	0.995718	0.971211	0.995715	0.971212	0.995713	0.971211	0.995709	0.971211	0.995707	0.971211	0.995705	1350065722.497742	1.000000	41.064651	27.874237	1.586349	1.000000	1.000000	1.000000	1.000000	0.999924	0.001847	0.999979	0.000361	0.999979	0.000056	1.000000	1.000000	0.996351	0.000012	0.999976	0.000192	
1350065723.497649	1.000000	64.673874	51.300613	3.801376	0.970590	0.995729	0.964904	0.003079	0.970592	0.995728	0.970592	0.995727	0.970592	0.995723	0.970592	0.995719	0.970592	0.995718	0.970593	0.995716	1350065723.497738	0.999996	41.094191	27.891623	1.587882	1.000000	1.000000	1.000000	1.000000	1.000063	0.001679	0.999984	0.000284	0.999900	0.000012	1.000000	1.000000	1.000575	0.000064	0.999978	0.000229	
1350065724.497649	1.000000	64.612259	51.257721	3.770615	0.970380	0.995696	0.962571	0.005264	0.970380	0.995695	0.970379	0.995691	0.970380	0.995689	0.970380	0.995687	0.970380	0.995683	0.970380	0.995680	1350065724.497742	1.000004	41.097352	27.894144	1.584970	1.000000	1.000000	1.000000	1.000000	0.999973	0.001836	0.999994	0.000373	0.905390	0.000071	1.000000	1.000000	0.982501	0.000011	1.000149	0.000129	
1350065725.497649	1.000000	64.679260	51.314240	3.808792	0.970857	0.995832	0.963875	0.002944	0.970855	0.995829	0.970855	0.995827	0.970855	0.995824	0.970854	0.995819	0.970854	0.995817	0.970853	0.995816	1350065725.497742	1.000000	41.094162	27.889832	1.586548	1.000000	1.000000	1.000000	1.000000	0.999983	0.001666	0.999992	0.000298	1.566065	0.000012	1.000000	1.000000	1.003025	0.000068	0.999870	0.000119	
1350065726.497649	1.000000	63.719498	50.356201	3.793381	0.970942	0.711592	0.985476	0.004898	0.979175	0.996985	0.979175	0.996982	0.979175	0.996980	0.979176	0.996977	0.979176	0.996977	0.979176	0.996975	1350065726.497769	1.000027	42.843954	29.640635	1.780836	1.000000	1.000000	1.000000	1.000000	1.000004	0.286973	1.000073	0.000709	0.999841	0.000063	1.000000	1.000000	0.999743	0.000012	1.000029	0.000237	
1350065727.497649	1.000000	61.225983	47.860153	3.789413	0.999926	0.003515	1.000044	0.006727	0.999999	1.000000	1.000000	1.000000	1.000000	1.000000	0.999999	1.000000	1.000000	1.000000	1.000000	1.000000	1350065727.497774	1.000005	47.210686	34.006956	2.927033	1.000000	1.000000	1.000000	1.000000	1.000000	1.000000	0.999991	0.001610	1.000096	0.000012	1.000000	1.000000	0.988809	0.000048	0.999707	0.000080	
1350065728.497656	1.000007	60.620369	47.255731	3.789525	1.000164	0.001529	0.999492	0.000770	1.000001	1.000000	1.000001	1.000000	1.000000	1.000000	1.000000	1.000000	1.000000	1.000000	1.000000	1.000000	1350065728.497778	1.000004	47.237449	34.032852	1.773125	1.000000	1.000000	1.000000	1.000000	1.000000	1.000000	0.999933	0.002389	1.000000	0.000075	1.000000	1.000000	1.014211	0.000036	1.000056	0.000229	
1350065729.497649	0.999993	60.544196	47.181204	3.797557	1.003073	0.000061	1.000707	0.000800	1.000000	1.000000	1.000000	1.000000	1.000000	1.000000	1.000000	1.000000	1.000000	1.000000	1.000000	1.000000	1350065729.497764	0.999986	47.216088	34.012853	1.591529	1.000000	1.000000	1.000000	1.000000	1.000000	1.000000	1.000063	0.001821	1.000000	0.000011	1.000000	1.000000	1.000388	0.000060	0.999894	0.000127	
1350065730.497649	1.000000	60.556473	47.194077	3.778198	1.000012	0.000291	0.999233	0.000766	1.000000	1.000000	1.000000	1.000000	1.000000	1.000000	1.000000	1.000000	1.000000	1.000000	1.000000	1.000000	1350065730.497771	1.000007	47.227609	34.020959	1.589604	1.000000	1.000000	1.000000	1.000000	1.000000	1.000000	0.999981	0.002111	1.000008	0.000048	1.000000	1.000000	1.000319	0.000012	0.999987	0.000182	
1350065731.497649	1.000000	60.445633	47.077026	3.786087	0.998504	0.000085	1.000482	0.000772	1.000000	1.000000	1.000000	1.000000	1.000000	1.000000	1.000000	1.000000	1.000000	1.000000	1.000000	1.000000	1350065731.497768	0.999997	47.206811	33.996840	1.581624	1.000000	1.000000	1.000000	1.000000	1.000000	1.000000	0.999987	0.001726	0.999968	0.000012	1.000000	1.000000	0.999612	0.000064	1.000194	0.000109	
1350065732.497649	1.000000	60.506470	47.140076	3.786087	1.000463	0.000266	0.999611	0.001047	1.000000	1.000000	1.000001	1.000000	0.999999	1.000000	1.000000	1.000000	1.000000	1.000000	1.000000	1.000000	1350065732.497770	1.000002	47.232988	34.024944	1.593091	1.000000	1.000000	1.000000	1.000000	1.000000	1.000000	0.999928	0.002341	0.999612	0.000065	1.000000	1.000000	0.998788	0.000012	0.999819	0.000126	
1350065733.497649	1.000000	60.400665	47.046432	3.786041	0.997965	0.000066	0.999740	0.000844	1.000000	1.000000	1.000000	1.000000	1.000000	1.000000	1.000000	1.000000	1.000000	1.000000	1.000000	1.000000	1350065733.497773	1.000003	47.177939	33.982561	1.586421	1.000000	1.000000	1.000000	1.000000	1.000000	1.000000	1.000061	0.001928	1.001788	0.000012	1.000000	1.000000	1.000605	0.000061	1.000004	0.000207	
1350065734.497649	1.000000	60.606888	47.239059	3.793457	1.000532	0.000249	1.000034	0.004897	1.000000	1.000000	0.999999	1.000000	1.000000	1.000000	1.000000	1.000000	1.000000	1.000000	1.000000	1.000000	1350065734.497771	0.999998	47.223357	34.014408	1.585849	1.000000	1.000000	1.000000	1.000000	1.000000	1.000000	0.999985	0.001924	0.877366	0.000055	1.000000	1.000000	0.987824	0.000012	0.999984	0.000166	
1350065735.497650	1.000001	59.368107	45.999819	3.789486	0.999418	0.000145	1.000266	0.002186	1.000000	1.000000	1.000000	1.000000	1.000000	1.000000	0.999999	0.999999	1.000000	1.000000	1.000000	1.000000	1350065735.497774	1.000003	46.028773	32.817617	1.587764	1.000000	1.000000	1.000000	1.000000	1.000000	1.000000	0.999915	0.001729	1.029108	0.000232	1.000000	1.000000	1.002664	0.000044	1.000028	0.000265	
1350065736.497650	1.000000	58.497772	45.130356	3.781769	0.999997	0.003989	1.000000	0.001037	1.000000	1.000000	1.000000	1.000000	1.000000	1.000000	1.000000	1.000000	1.000000	1.000000	1.000000	1.000000	1350065736.497772	0.999998	45.546382	32.331345	1.585437	1.000000	1.000000	1.000000	1.000000	1.000000	1.000000	1.000038	0.001997	1.000313	0.000076	1.000000	1.000000	1.001013	0.000024	1.000064	0.000188	
1350065737.497649	0.999999	60.473660	47.105956	3.797352	1.000003	0.000410	0.999987	0.004929	1.000000	1.000000	1.000000	1.000000	1.000000	1.000000	1.000000	1.000000	1.000000	1.000000	1.000000	1.000000	1350065737.497768	0.999996	47.003273	33.790954	1.580878	1.000000	1.000000	1.000000	1.000000	1.000000	1.000000	0.999899	0.001389	0.998249	0.000014	1.000000	1.000000	0.999551	0.000069	0.999982	0.001960	
1350065738.497649	1.000000	60.544266	47.177917	3.785965	0.999928	0.000592	0.998687	0.000553	1.000000	1.000000	1.000000	1.000000	1.000000	1.000000	1.000000	1.000000	1.000000	1.000000	1.000000	1.000000	1350065738.497796	1.000028	47.334388	34.121424	1.583238	1.000000	1.000000	1.000000	1.000000	1.000000	1.000000	0.999997	0.001630	1.000349	0.000047	1.000000	1.000000	1.002236	0.000012	0.999996	0.004614	
1350065739.497649	1.000000	60.800735	47.433792	3.789581	0.999996	0.003360	1.000318	0.002200	1.000000	1.000000	1.000000	1.000000	1.000000	1.000000	1.000000	1.000000	1.000000	1.000000	1.000000	1.000000	1350065739.497775	0.999979	47.230056	34.017269	1.590884	1.000000	1.000000	1.000000	1.000000	1.000000	1.000000	0.999967	0.001359	1.000065	0.000012	1.000000	1.000000	0.989973	0.000051	0.999998	0.000924	
1350065740.497649	1.000000	60.882004	47.510559	3.781830	0.999990	0.001717	0.999992	0.005110	1.000000	1.000000	1.000000	1.000000	1.000000	1.000000	1.000000	1.000000	1.000000	1.000000	1.000000	1.000000	1350065740.497767	0.999992	47.316256	34.103014	2.135897	1.000000	1.000000	1.000000	1.000000	1.000000	1.000000	0.999985	0.001560	1.000017	0.000089	1.000000	1.000000	1.004835	0.000107	0.999998	0.003349	
1350065741.497649	1.000000	60.439926	47.083435	3.785294	1.000017	0.000427	0.999841	0.000582	0.999999	1.000000	1.000000	1.000000	1.000000	1.000000	1.000000	1.000000	1.000000	1.000000	0.999999	1.000000	1350065741.497769	1.000002	47.482545	34.269405	1.576276	1.000000	1.000000	1.000000	1.000000	1.000000	1.000000	1.000091	0.001441	0.999768	0.000012	1.000000	1.000000	0.999945	0.000035	0.999995	0.009131	
1350065742.497649	1.000000	60.525986	47.155930	3.777786	1.000033	0.000636	1.000074	0.000852	1.000001	1.000000	1.000001	1.000000	1.000000	1.000000	1.000000	1.000000	1.000000	1.000000	1.000001	1.000000	1350065742.497768	0.999999	47.380676	34.181032	1.587511	1.000000	1.000000	1.000000	1.000000	1.000000	1.000000	0.999889	0.001523	0.999665	0.000054	1.000000	1.000000	0.996664	0.000012	0.999997	0.007287	
1350065743.497649	1.000000	60.499420	47.132050	3.785843	0.999679	0.000496	0.998613	0.000639	1.000000	1.000000	0.999999	1.000000	0.999999	1.000000	1.000000	1.000000	1.000000	1.000000	1.000000	1.000000	1350065743.497774	1.000006	47.200768	33.988048	1.584707	1.000000	1.000000	1.000000	1.000000	1.000000	1.000000	1.000053	0.001780	1.000025	0.000031	1.000000	1.000000	0.999746	0.000064	0.999996	0.000213	
1350065744.497649	1.000000	60.756271	47.385773	3.796539	1.000035	0.003785	1.000034	0.008211	1.000000	1.000000	1.000000	1.000000	1.000001	1.000000	0.999999	1.000000	1.000000	1.000000	1.000000	1.000000	1350065744.497777	1.000003	47.578313	34.365830	1.584895	1.000000	1.000000	1.000000	1.000000	1.000000	1.000000	0.999996	0.004411	1.000003	0.002857	1.000000	1.000000	1.000001	0.002797	1.000001	0.003596	
1350065745.497649	1.000000	61.031540	47.660355	3.793350	1.000044	0.001524	1.000037	0.008673	1.000000	1.000000	1.000000	1.000000	1.000000	1.000000	1.000000	1.000000	1.000000	1.000000	1.000000	1.000000	1350065745.497770	0.999993	47.204474	33.990775	2.365632	1.000000	1.000000	1.000000	1.000000	1.000000	1.000000	0.999970	0.001334	0.995809	0.000158	1.000000	1.000000	1.000026	0.000090	1.000161	0.000084	
1350065746.497649	1.000000	60.552795	47.181320	3.778320	0.999871	0.000653	0.999746	0.001678	1.000000	1.000000	1.000000	1.000000	1.000000	1.000000	1.000000	1.000000	1.000000	1.000000	1.000000	1.000000	1350065746.497770	1.000000	47.249268	34.034698	1.744431	1.000000	1.000000	1.000000	1.000000	1.000000	1.000000	0.999982	0.002674	1.000037	0.000385	1.000000	1.000000	1.000800	0.000048	0.999897	0.000180	
1350065747.497649	1.000000	60.491730	47.120392	3.797516	1.000132	0.000520	1.000449	0.000850	1.000000	1.000000	0.999999	1.000000	1.000000	1.000000	1.000000	1.000000	1.000000	1.000000	1.000000	1.000000	1350065747.497770	1.000000	47.225403	34.011566	1.579819	1.000000	1.000000	1.000000	1.000000	1.000000	1.000000	0.999910	0.001910	0.999991	0.000244	1.000000	1.000000	0.999325	0.000058	0.999959	0.000122	
1350065748.497649	1.000000	60.483780	47.113968	3.778305	0.999808	0.000713	0.999028	0.000542	1.000000	1.000000	1.000001	1.000000	1.000000	1.000000	1.000000	1.000000	1.000001	1.000000	1.000000	1.000000	1350065748.497772	1.000002	47.217714	34.005703	1.589566	1.000000	1.000000	1.000000	1.000000	1.000000	1.000000	1.000037	0.001980	0.999998	0.000322	1.000000	1.000000	1.001105	0.000012	1.000014	0.000226	
1350065749.497649	1.000000	57.467255	44.112854	3.793762	0.999719	0.000424	1.001324	0.000543	1.000001	0.511504	1.000000	1.000000	1.000000	1.000000	1.000000	1.000000	1.000000	1.000000	1.000000	1.000000	1350065749.497791	1.000019	50.094839	36.883147	1.592499	1.000000	1.000000	1.000000	1.000000	1.000000	1.000000	1.000002	0.489654	1.000109	0.000804	1.000000	1.000000	1.000378	0.000062	0.999947	0.000101	
1350065750.497649	1.000000	54.610077	41.244980	3.797440	1.000102	0.000652	0.999685	0.002303	0.999847	0.003634	0.999999	1.000000	1.000000	1.000000	1.000000	1.000000	1.000000	1.000000	1.000000	1.000000	1350065750.497801	1.000010	53.094653	39.881360	1.588134	1.000000	1.000000	1.000000	1.000000	1.000000	1.000000	1.000000	1.000000	0.999878	0.001488	1.000000	1.000000	0.997647	0.000012	1.000019	0.000200	
1350065751.497649	1.000000	54.852814	41.491653	3.801514	1.000061	0.000453	1.000043	0.008823	1.014632	0.000023	1.000001	1.000000	1.000001	1.000000	0.999999	1.000000	1.000000	1.000000	1.000000	1.000000	1350065751.497783	0.999982	53.067126	39.853236	2.232904	1.000000	1.000000	1.000000	1.000000	1.000000	1.000000	1.000000	1.000000	1.000002	0.001325	1.000000	1.000000	0.989232	0.000046	0.999857	0.000076	
1350065752.497649	1.000000	54.733749	41.374680	3.801208	0.999991	0.001834	1.000028	0.005842	1.003500	0.000054	1.000000	1.000000	0.999999	1.000000	1.000001	1.000000	1.000000	1.000000	1.000000	1.000000	1350065752.497799	1.000016	52.995797	39.793798	1.882493	1.000000	1.000000	1.000000	1.000000	1.000000	1.000000	1.000000	1.000000	1.000112	0.001350	1.000000	1.000000	1.019433	0.000026	0.994910	0.000106	
1350065753.497649	1.000000	53.615875	40.256729	3.808746	0.999998	0.007859	1.000049	0.000491	1.000860	0.000013	1.000000	1.000000	1.000000	1.000000	1.000000	1.000001	1.000000	1.000000	1.000000	1.000000	1350065753.497790	0.999991	51.920041	38.703125	2.350592	1.000000	1.000000	1.000000	1.000000	1.000000	1.000000	1.000000	1.000000	1.000030	0.001015	1.000000	1.000000	0.999902	0.000047	1.000361	0.001463	
1350065754.497652	1.000003	715784468.420377	715763315.928077	715817700.686822	0.999988	1.000205	0.999986	1.000208	0.999996	1.000205	0.999988	1.000205	0.999988	1.000208	0.999991	1.000203	0.999988	1.000208	0.999988	1.000206	1350065754.497752	0.999962	715795666.330468	715834790.200301	715809609.639419	0.999988	1.000204	0.999986	1.000207	3.893142	0.256914	0.999988	1.000205	0.999988	1.000208	0.999991	1.000203	0.999988	1.000208	0.999988	1.000206	
1350065755.497649	0.999997	0.000000	0.000000	0.000000	-nan	-nan	-nan	-nan	721330181250.048950	inf	-nan	-nan	-nan	0.000000	-nan	-nan	-nan	-nan	-nan	-nan	1350065755.497722	0.999970	0.000000	0.000000	0.000000	-nan	-nan	-nan	-nan	1.345745	inf	-nan	-nan	-nan	-nan	-nan	-nan	-nan	-nan	-nan	-nan	
