ts_0	elapsed_0	pkg_0	pp0_0	dram_0	freq_ratio_0_0	c0_ratio_0_0	freq_ratio_0_1	c0_ratio_0_1	freq_ratio_0_2	c0_ratio_0_2	freq_ratio_0_3	c0_ratio_0_3	freq_ratio_0_4	c0_ratio_0_4	freq_ratio_0_5	c0_ratio_0_5	freq_ratio_0_6	c0_ratio_0_6	freq_ratio_0_7	c0_ratio_0_7	ts_1	elapsed_1	pkg_1	pp0_1	dram_1	freq_ratio_1_0	c0_ratio_1_0	freq_ratio_1_1	c0_ratio_1_1	freq_ratio_1_2	c0_ratio_1_2	freq_ratio_1_3	c0_ratio_1_3	freq_ratio_1_4	c0_ratio_1_4	freq_ratio_1_5	c0_ratio_1_5	freq_ratio_1_6	c0_ratio_1_6	freq_ratio_1_7	c0_ratio_1_7	
1350065719.499118	1.000256	64.940052	51.641211	6.058202	0.999885	0.003934	1.000000	1.000000	1.000000	1.000000	1.000000	1.000000	1.000000	1.000000	1.000000	1.000000	1.000000	1.000000	1.000000	1.000000	1350065719.499188	1.000272	41.750270	28.557722	2.799226	1.000000	0.999999	1.000000	1.000000	0.999999	1.000000	1.005892	0.000089	0.993736	0.000064	0.993723	0.000053	0.993694	0.000064	0.996490	0.000118	
1350065720.499101	0.999983	64.734860	51.421372	6.103009	0.991884	0.002427	0.997181	0.999304	0.997181	0.999303	0.997180	0.999302	0.997181	0.999302	0.997180	0.999301	0.997180	0.999301	0.997180	0.999301	1350065720.499176	0.999988	41.798045	28.597417	2.558807	1.000000	1.000000	1.000000	1.000000	1.000000	1.000000	1.014751	0.000014	1.012243	0.000014	1.015101	0.000014	1.013887	0.000014	1.001251	0.000148	
1350065721.499101	1.000000	64.664978	51.347824	6.090576	0.989006	0.002809	0.995395	0.998892	0.995395	0.998891	0.995395	0.998891	0.995395	0.998891	0.995395	0.998890	0.995396	0.998889	0.995396	0.998888	1350065721.499173	0.999997	41.826912	28.622464	2.707665	1.000000	1.000000	1.000000	1.000000	1.000000	1.000000	1.000128	0.000078	1.000273	0.000056	0.998503	0.000057	0.996446	0.000053	0.998904	0.000167	
1350065722.499101	1.000000	64.663177	51.346237	6.090576	0.986296	0.002733	0.994039	0.998557	0.994039	0.998555	0.994039	0.998554	0.994039	0.998554	0.994039	0.998553	0.994039	0.998552	0.994039	0.998551	1350065722.499171	0.999998	41.894642	28.687341	2.483602	1.000000	1.000000	1.000000	1.000000	1.000000	1.000000	0.999396	0.000013	0.999768	0.000013	1.006869	0.000013	1.016659	0.000014	1.002050	0.000091	
1350065723.499101	1.000000	64.673019	51.354675	6.115234	0.986569	0.003291	0.993543	0.998426	0.993543	0.998425	0.993543	0.998424	0.993543	0.998423	0.993543	0.998422	0.993542	0.998420	0.993542	0.998420	1350065723.499174	1.000003	41.866676	28.657901	2.573707	1.000000	1.000000	1.000000	1.000000	1.000000	1.000000	1.000080	0.000077	0.999988	0.000065	0.999728	0.000062	0.996520	0.000064	0.997919	0.000102	
1350065724.499101	1.000000	64.666672	51.348389	6.109070	0.983517	0.002744	0.993408	0.998388	0.993408	0.998387	0.993408	0.998385	0.993408	0.998384	0.993408	0.998383	0.993408	0.998382	0.993408	0.998381	1350065724.499170	0.999996	41.839815	28.632028	2.623729	1.000000	1.000000	1.000000	1.000000	1.000000	1.000000	1.000258	0.000013	1.014913	0.000013	0.992267	0.000013	1.014756	0.000013	1.003227	0.000062	
1350065725.499102	1.000001	64.606063	51.300076	6.102899	0.985704	0.003166	0.993257	0.998362	0.993257	0.998361	0.993257	0.998360	0.993257	0.998358	0.993257	0.998357	0.993257	0.998356	0.993257	0.998355	1350065725.499173	1.000003	41.831184	28.638354	2.596672	1.000000	1.000000	1.000000	1.000000	1.000000	1.000000	0.999904	0.000084	0.991751	0.000053	0.998852	0.000077	0.995014	0.000063	0.998939	0.000208	
1350065726.499101	0.999999	64.664429	51.343128	6.108969	0.976939	0.005109	0.992808	0.998263	0.992808	0.998263	0.992808	0.998261	0.992808	0.998261	0.992808	0.998259	0.992809	0.998258	0.992809	0.998257	1350065726.499165	0.999992	41.879169	28.670490	2.635489	1.000000	1.000000	1.000000	1.000000	1.000000	1.000000	0.995331	0.000014	1.013578	0.000014	1.012730	0.000014	1.020230	0.000014	1.002668	0.000084	
1350065727.499101	1.000000	59.224014	45.903091	6.121384	0.998842	0.002267	0.999528	0.999886	0.992330	0.061532	0.999528	0.999885	0.999529	0.999885	0.999528	0.999885	0.999528	0.999885	0.999528	0.999885	1350065727.499194	1.000029	47.495719	34.287562	2.584687	1.000000	1.000000	1.000000	1.000000	1.000000	1.000000	1.000000	0.938492	1.000676	0.000092	1.000454	0.000089	1.000335	0.000084	0.998156	0.000109	
1350065728.499101	1.000000	58.869949	45.550278	6.115234	0.999992	0.002328	1.000000	1.000000	0.999698	0.000070	1.000000	1.000000	1.000000	1.000000	1.000000	1.000000	1.000000	1.000000	1.000000	1.000000	1350065728.499194	1.000000	47.889526	34.681000	2.594116	1.000000	1.000000	1.000000	1.000000	1.000000	1.000000	1.000000	1.000000	0.997900	0.000014	0.999513	0.000013	0.998476	0.000014	1.001977	0.000098	
1350065729.499101	1.000000	58.894821	45.575897	6.102905	0.999985	0.002255	1.000000	1.000000	1.000881	0.000021	1.000000	1.000000	1.000000	1.000000	1.000000	1.000000	1.000000	1.000000	1.000000	1.000000	1350065729.499197	1.000003	47.904133	34.694946	2.573555	1.000000	1.000000	1.000000	1.000000	1.000000	1.000000	1.000000	1.000000	0.995997	0.000048	0.996903	0.000062	0.997297	0.000062	0.999077	0.000220	
1350065730.499101	1.000000	58.879318	45.559860	6.102905	0.999969	0.002053	1.000000	1.000000	0.999962	0.000060	1.000000	1.000000	1.000000	1.000000	1.000000	1.000000	1.000000	1.000000	1.000000	1.000000	1350065730.499189	0.999992	47.898963	34.688056	2.578436	1.000000	1.000000	1.000000	1.000000	1.000000	1.000000	1.000000	1.000000	1.014902	0.000014	1.015297	0.000013	1.014092	0.000014	1.000750	0.000148	
1350065731.499101	1.000000	58.863312	45.544769	6.096741	0.999998	0.002230	1.000000	1.000000	0.999928	0.000027	1.000000	1.000000	1.000000	1.000000	1.000000	1.000000	1.000000	1.000000	1.000000	1.000000	1350065731.499191	1.000002	47.909073	34.697062	2.613230	1.000000	1.000000	0.999999	1.000000	1.000000	1.000000	1.000000	1.000000	0.999983	0.000068	0.999834	0.000061	0.998529	0.000060	0.998664	0.000085	
1350065732.499101	1.000000	58.864243	45.545227	6.121399	0.999972	0.002038	1.000000	1.000000	0.999738	0.000081	1.000000	1.000000	1.000000	1.000000	1.000000	1.000000	1.000000	1.000000	1.000000	1.000000	1350065732.499195	1.000004	47.917149	34.706097	2.576619	1.000000	1.000000	1.000000	1.000000	1.000000	1.000001	1.000000	1.000000	0.984139	0.000014	0.983566	0.000013	0.991550	0.000014	1.000017	0.000090	
1350065733.499107	1.000006	58.830872	45.526554	6.090525	0.999979	0.002495	1.000000	1.000000	1.000199	0.000087	1.000000	1.000000	1.000000	1.000000	1.000000	1.000000	1.000000	1.000000	1.000000	1.000000	1350065733.499201	1.000006	47.929509	34.713523	2.582184	1.000000	1.000000	1.000000	1.000000	1.000000	1.000000	1.000001	1.000000	1.003606	0.000055	1.002290	0.000062	0.999924	0.000056	1.000080	0.000163	
1350065734.499101	0.999994	58.861236	45.541531	6.084448	0.999985	0.001970	1.000000	1.000000	0.999839	0.000077	1.000000	1.000000	1.000000	1.000000	1.000000	1.000000	1.000000	1.000000	1.000000	1.000000	1350065734.499197	0.999996	47.880199	34.679370	2.526530	1.000000	1.000000	1.000000	1.000000	1.000000	1.000000	1.000000	1.000000	1.001192	0.000014	1.019941	0.000013	1.014912	0.000014	1.002565	0.000077	
1350065735.499102	1.000001	57.112021	43.792317	6.102899	0.999996	0.002228	1.000000	1.000000	1.000001	0.000528	1.000000	1.000000	1.000000	1.000000	1.000000	1.000000	1.000000	1.000000	1.000000	1.000000	1350065735.499199	1.000002	46.724490	33.508237	2.595073	1.000000	1.000000	1.000000	1.000000	1.000000	1.000000	1.000000	1.000000	0.998776	0.000205	0.998257	0.000244	0.996546	0.000062	0.998313	0.000155	
1350065736.499101	0.999999	56.610787	43.287380	6.096747	0.999987	0.003656	1.000000	1.000000	0.999960	0.000095	1.000000	1.000000	1.000000	1.000000	1.000000	1.000000	1.000000	1.000000	1.000000	1.000000	1350065736.499195	0.999996	46.415197	33.193311	2.494410	1.000000	1.000000	1.000000	1.000000	0.999999	1.000000	1.000000	1.000000	1.023107	0.000009	1.021772	0.000009	1.013872	0.000014	1.002548	0.000092	
1350065737.499101	1.000000	58.552261	45.227142	6.115234	0.999964	0.002100	1.000000	1.000000	0.999629	0.000074	1.000000	1.000000	1.000000	1.000000	1.000000	1.000000	1.000000	1.000000	1.000000	1.000000	1350065737.499192	0.999997	47.714549	34.494064	2.567894	1.000000	1.000000	1.000000	1.000000	1.000001	1.000001	1.000000	1.000000	1.000546	0.000073	1.000337	0.000068	1.000315	0.000070	1.000033	0.000128	
1350065738.499101	1.000000	58.928284	45.608292	6.090576	0.999987	0.002337	1.000000	1.000000	1.000021	0.000108	1.000000	1.000000	1.000000	1.000000	1.000000	1.000000	1.000000	1.000000	1.000000	1.000000	1350065738.499211	1.000019	47.933702	34.719034	2.538785	1.000000	1.000000	1.000000	1.000000	1.000000	1.000000	1.000000	1.000000	0.998700	0.000014	0.999172	0.000014	1.000000	0.000014	0.999482	0.000089	
1350065739.499101	1.000000	58.904144	45.585068	6.102905	0.999990	0.002153	1.000000	1.000000	1.000244	0.000066	1.000000	1.000000	1.000000	1.000000	1.000000	1.000000	1.000000	1.000000	1.000000	1.000000	1350065739.499194	0.999983	47.942538	34.724892	2.645324	1.000000	1.000000	1.000000	0.999999	1.000000	1.000000	1.000000	1.000000	1.000332	0.000093	1.000204	0.000098	1.000008	0.000096	1.000350	0.000119	
1350065740.499101	1.000000	58.883011	45.563095	6.133728	0.999968	0.002000	1.000000	1.000000	0.999817	0.000112	1.000000	1.000000	1.000000	1.000000	1.000000	1.000000	1.000000	1.000000	1.000000	1.000000	1350065740.499192	0.999998	47.943909	34.726018	2.565465	1.000000	1.000000	1.000000	1.000001	0.999999	1.000000	1.000000	1.000000	0.998789	0.000014	0.999277	0.000013	0.999512	0.000013	1.000085	0.000163	
1350065741.499101	1.000000	58.840012	45.534119	6.072083	0.999997	0.002240	1.000000	1.000000	1.000292	0.000067	1.000000	1.000000	1.000000	1.000000	1.000000	1.000000	1.000000	1.000000	1.000000	1.000000	1350065741.499193	1.000001	47.940720	34.725446	2.588560	1.000000	1.000000	1.000000	1.000000	1.000001	1.000000	1.000000	1.000000	0.999641	0.000069	1.000243	0.000070	1.000100	0.000062	0.999807	0.000108	
1350065742.499101	1.000000	59.145691	45.826996	6.114380	0.999987	0.005228	1.000000	1.000000	0.999994	0.002936	1.000000	1.000000	1.000000	1.000000	1.000000	1.000000	1.000000	1.000000	1.000000	1.000000	1350065742.499191	0.999998	47.975677	34.758504	2.605504	1.000000	1.000000	1.000000	1.000000	1.000000	1.000000	1.000000	1.000000	0.994614	0.000014	0.985235	0.000013	0.985216	0.000014	0.999947	0.004044	
1350065743.499101	1.000000	58.898483	45.580048	6.121399	0.999986	0.002543	1.000000	1.000000	0.999872	0.000103	1.000000	1.000000	1.000000	1.000000	1.000000	1.000000	1.000000	1.000000	1.000000	1.000000	1350065743.499195	1.000004	47.959187	34.744412	2.612386	1.000000	1.000000	1.000000	1.000000	1.000000	1.000000	1.000000	1.000000	1.001128	0.000069	1.001292	0.000062	1.000000	0.000061	1.000159	0.000104	
1350065744.499101	1.000000	58.876648	45.558380	6.096741	0.999967	0.001923	1.000000	1.000000	0.999826	0.000086	1.000000	1.000000	1.000000	1.000000	1.000000	1.000000	1.000000	1.000000	1.000000	1.000000	1350065744.499191	0.999996	47.955486	34.736972	2.528117	1.000000	1.000000	1.000000	1.000000	1.000000	1.000000	1.000000	1.000000	1.000112	0.000014	1.007393	0.000013	1.014739	0.000014	1.002008	0.000097	
1350065745.499108	1.000007	58.870015	45.551138	6.096699	1.000002	0.002385	1.000000	1.000000	1.000135	0.000134	1.000000	1.000000	1.000000	1.000000	1.000000	1.000000	1.000000	1.000000	1.000000	1.000000	1350065745.499203	1.000012	47.899453	34.696211	2.616271	1.000000	1.000000	1.000000	1.000000	1.000000	1.000000	1.000000	1.000000	1.000004	0.001184	0.997148	0.000049	0.996690	0.000062	0.998572	0.000141	
1350065746.499101	0.999993	58.876933	45.556574	6.096783	0.999992	0.003955	1.000000	1.000000	0.999962	0.000103	1.000000	1.000000	1.000000	1.000000	1.000000	1.000000	1.000000	1.000000	1.000000	1.000000	1350065746.499191	0.999988	47.949851	34.736162	2.637864	1.000000	1.000000	1.000000	1.000000	1.000000	1.000000	1.000000	1.000000	0.999786	0.000070	1.003363	0.000046	1.003936	0.000047	1.003010	0.000105	
1350065747.499101	1.000000	58.881607	45.561295	6.115234	0.999953	0.002222	1.000000	1.000000	0.999953	0.000066	1.000000	1.000000	1.000000	1.000000	1.000000	1.000000	1.000000	1.000000	1.000000	1.000000	1350065747.499195	1.000004	47.942845	34.726803	2.633031	1.000000	1.000000	1.000000	1.000000	1.000000	1.000000	1.000000	1.000000	1.000296	0.000042	0.999424	0.000058	0.996921	0.000059	0.997051	0.000109	
1350065748.499101	1.000000	58.895538	45.576324	6.127502	0.999992	0.002536	1.000000	1.000000	0.999810	0.000099	1.000000	1.000000	1.000000	1.000000	1.000000	1.000000	1.000000	1.000000	1.000000	1.000000	1350065748.499193	0.999998	47.937942	34.719594	2.562764	1.000000	1.000000	1.000000	1.000000	1.000000	1.000000	1.000000	1.000000	0.999465	0.000014	1.003279	0.000013	1.029806	0.000013	1.002466	0.000077	
1350065749.499101	1.000000	58.890503	45.571106	6.090576	0.999963	0.002202	1.000000	1.000000	1.000255	0.000067	1.000000	1.000000	1.000000	1.000000	1.000000	1.000000	1.000000	1.000000	1.000000	1.000000	1350065749.499193	1.000000	47.977783	34.759811	2.612228	1.000000	1.000000	1.000000	1.000000	1.000000	1.000000	1.000000	1.000000	0.999177	0.000058	0.999255	0.000062	0.995054	0.000048	1.000117	0.000165	
1350065750.499101	1.000000	58.826035	45.520615	6.121399	0.999996	0.001972	1.000000	1.000000	0.999786	0.000121	1.000000	1.000000	1.000000	1.000000	1.000000	1.000000	1.000000	1.000000	1.000000	1.000000	1350065750.499194	1.000001	47.968552	34.752256	2.604749	1.000000	1.000000	1.000000	1.000000	1.000000	1.000000	1.000000	1.000000	0.999580	0.000014	1.016686	0.000013	1.002804	0.000013	0.999803	0.000127	
1350065751.499101	1.000000	58.877563	45.557678	6.096741	1.000004	0.002274	1.000000	1.000000	1.000300	0.000067	1.000000	1.000000	1.000000	1.000000	1.000000	1.000000	1.000000	1.000000	1.000000	1.000000	1350065751.499194	1.000000	47.954254	34.738083	2.625473	1.000000	1.000000	1.000000	1.000000	1.000000	1.000000	1.000000	1.000000	1.000581	0.000082	0.997739	0.000090	1.000025	0.000063	0.999295	0.000151	
1350065752.499101	1.000000	58.845139	45.525085	6.127563	0.999946	0.001950	1.000000	1.000000	0.999795	0.000083	1.000000	1.000000	1.000000	1.000000	1.000000	1.000000	1.000000	1.000000	1.000000	1.000000	1350065752.499195	1.000001	47.959961	34.743512	2.515974	1.000000	1.000000	1.000000	1.000000	1.000000	1.000000	1.000000	1.000000	1.000477	0.000014	1.002717	0.000013	0.999254	0.000013	1.001106	0.000091	
1350065753.499101	1.000000	57.412521	44.092636	6.084396	1.000019	0.002302	1.000000	1.000000	1.000219	0.000067	1.000000	1.000000	1.000000	1.000000	1.000000	1.000000	1.000000	1.000000	1.000000	1.000000	1350065753.499191	0.999996	47.011482	33.793029	2.577891	1.000000	1.000000	0.999999	1.000000	1.000000	1.000000	1.000000	1.000000	0.996366	0.000051	0.996532	0.000061	0.995706	0.000062	1.000026	0.000204	
1350065754.499117	1.000016	715795946.654256	715764205.121853	715771105.157918	0.999985	1.000186	0.999983	1.000191	0.999993	1.000187	0.999986	1.000187	0.999986	1.000190	0.999988	1.000185	0.999986	1.000191	0.999986	1.000188	1350065754.499208	1.000017	715777475.077951	715765558.141784	715751666.593626	0.999986	1.000187	0.999983	1.000190	3.893327	0.256896	0.999986	1.000188	0.999986	1.000190	0.999988	1.000186	0.999986	1.000191	0.999986	1.000189	
1350065755.499102	0.999985	0.000000	0.000000	0.000000	-nan	-nan	-nan	-nan	0.000000	inf	-nan	-nan	-nan	0.000000	-nan	-nan	-nan	-nan	-nan	-nan	1350065755.499171	0.999963	0.000000	0.000000	0.000000	-nan	-nan	-nan	-nan	0.000000	inf	-nan	-nan	-nan	-nan	-nan	-nan	-nan	-nan	-nan	-nan	
