ts_0	elapsed_0	pkg_0	pp0_0	dram_0	freq_ratio_0_0	c0_ratio_0_0	freq_ratio_0_1	c0_ratio_0_1	freq_ratio_0_2	c0_ratio_0_2	freq_ratio_0_3	c0_ratio_0_3	freq_ratio_0_4	c0_ratio_0_4	freq_ratio_0_5	c0_ratio_0_5	freq_ratio_0_6	c0_ratio_0_6	freq_ratio_0_7	c0_ratio_0_7	ts_1	elapsed_1	pkg_1	pp0_1	dram_1	freq_ratio_1_0	c0_ratio_1_0	freq_ratio_1_1	c0_ratio_1_1	freq_ratio_1_2	c0_ratio_1_2	freq_ratio_1_3	c0_ratio_1_3	freq_ratio_1_4	c0_ratio_1_4	freq_ratio_1_5	c0_ratio_1_5	freq_ratio_1_6	c0_ratio_1_6	freq_ratio_1_7	c0_ratio_1_7	
1349417998.399706	1.001227	63.725876	49.869601	0.000000	0.999963	0.994600	0.999935	0.986001	0.999965	0.984644	0.999996	0.984079	0.999982	0.984060	0.999976	0.984045	0.999973	0.983673	0.999976	0.984430	1349417998.399791	1.000346	60.327625	46.618806	0.000000	0.999975	0.986049	0.999962	0.987126	0.999981	0.985366	1.000001	0.985532	0.999981	0.985760	1.000001	0.984582	1.000149	0.002145	0.999956	0.986956	
1349417999.399706	1.000000	65.742783	51.688019	0.000000	1.000000	0.999802	1.000000	0.999985	1.000000	0.999906	1.000000	0.999730	1.000000	0.999739	1.000000	0.999751	1.000000	0.999821	1.000000	0.999562	1349417999.399792	1.000001	62.323579	48.429077	0.000000	1.000000	0.999650	1.000000	0.999726	1.000000	0.999554	1.000000	0.999705	1.000000	0.999729	1.000000	0.999650	0.999984	0.005650	1.000000	0.999925	
1349418000.399704	0.999998	64.186264	50.251835	0.000000	1.000000	0.984723	1.000000	0.984744	1.000000	0.984732	1.000000	0.984476	1.000000	0.984670	1.000000	0.984590	1.000000	0.984640	1.000000	0.984560	1349418000.399786	0.999994	65.372933	51.573519	0.000000	1.000000	0.984586	1.000000	0.984645	1.000000	0.984533	1.000000	0.984613	1.000000	0.984634	1.000000	0.984496	1.000001	0.769540	1.000000	0.999993	
1349418001.399706	1.000002	65.469068	51.300226	0.000000	0.999984	0.989118	1.000000	0.989053	1.000000	0.989069	1.000000	0.988980	1.000000	0.989031	1.000000	0.988977	1.000000	0.989054	1.000000	0.988983	1349418001.399791	1.000005	67.942470	53.926900	0.000000	1.000000	0.989016	1.000000	0.989037	1.000000	0.989005	1.000000	0.988997	1.000000	0.989067	1.000000	0.988977	1.000000	0.988993	1.000000	1.000000	
1349418002.399705	0.999999	63.212020	49.257509	0.000000	0.999849	0.963279	0.999981	0.959517	0.999917	0.963120	0.999981	0.962914	0.999918	0.963102	0.999936	0.963045	0.999919	0.963132	0.999945	0.962994	1349418002.399788	0.999997	65.774572	51.949197	0.000000	1.000000	0.963024	1.000000	0.963166	1.000000	0.963037	1.000000	0.962973	1.000000	0.963192	1.000000	0.962990	1.000000	0.962965	1.000000	1.000000	
1349418003.399706	1.000001	64.118286	50.047697	0.000000	0.999870	0.966239	0.999981	0.966018	0.999919	0.966150	0.999982	0.965949	0.999903	0.966159	0.999954	0.966089	0.999921	0.966176	0.999945	0.966024	1349418003.399807	1.000019	66.523466	52.591725	0.000000	1.000000	0.966107	0.999999	0.966168	1.000000	0.966092	1.000000	0.966008	1.000000	0.966235	1.000000	0.966067	1.000000	0.966001	1.000000	1.000000	
1349418004.399711	1.000005	66.231175	51.950423	0.000000	0.999916	0.993828	0.999982	0.993694	0.999941	0.993761	0.999983	0.993605	0.999894	0.993811	0.999971	0.993618	0.999942	0.993791	0.999959	0.993695	1349418004.399798	0.999991	68.522349	54.394551	0.000000	1.000000	0.993693	1.000001	0.993785	1.000000	0.993705	1.000000	0.993614	1.000000	0.993790	1.000000	0.993605	1.000000	0.993606	1.000000	0.999998	
1349418005.399705	0.999994	70.023000	55.075035	0.000000	1.000000	0.999942	1.000000	0.999924	1.000000	1.000000	1.000000	0.999932	1.000000	0.999939	1.000000	0.999829	1.000000	0.999954	1.000000	0.999992	1349418005.399788	0.999990	72.228674	57.493969	0.000000	1.000000	0.999949	1.000000	1.000000	1.000000	0.999947	1.000000	0.999961	1.000000	1.000000	1.000000	0.999899	1.000000	0.999907	1.000000	1.000000	
1349418006.399706	1.000001	70.130762	55.165780	0.000000	1.000000	0.999910	1.000000	1.000000	1.000000	0.999961	1.000000	0.999919	1.000000	0.999893	1.000000	0.999949	1.000000	0.999989	0.999999	0.999867	1349418006.399792	1.000004	72.448681	57.684291	0.000000	1.000000	0.999881	1.000000	0.999914	1.000000	0.999877	1.000000	0.999832	1.000000	0.999948	1.000000	0.999882	1.000000	0.999869	1.000000	0.999996	
1349418007.399720	1.000014	715788068.814424	715753064.988284	715817815.529897	0.999969	1.000011	0.999971	1.000031	0.999972	1.000032	0.999970	1.000015	0.999971	1.000021	0.999974	1.000020	0.999971	1.000021	0.999972	1.000022	1349418007.399833	1.000041	715765281.942242	715780427.873918	715798531.258594	0.999972	1.000025	0.999967	1.000017	3.894210	0.256793	0.999970	1.000014	0.999971	1.000020	0.999974	1.000020	0.999971	1.000022	0.999971	1.000020	
1349418008.399701	0.999981	0.000000	0.000000	0.000000	-nan	-nan	-nan	-nan	0.000000	inf	-nan	-nan	-nan	0.000000	-nan	-nan	-nan	-nan	-nan	-nan	1349418008.399776	0.999943	0.000000	0.000000	0.000000	-nan	-nan	-nan	-nan	0.000000	inf	-nan	-nan	-nan	-nan	-nan	-nan	-nan	-nan	-nan	-nan	
