ts_0	elapsed_0	pkg_0	pp0_0	dram_0	freq_ratio_0_0	c0_ratio_0_0	freq_ratio_0_1	c0_ratio_0_1	freq_ratio_0_2	c0_ratio_0_2	freq_ratio_0_3	c0_ratio_0_3	freq_ratio_0_4	c0_ratio_0_4	freq_ratio_0_5	c0_ratio_0_5	freq_ratio_0_6	c0_ratio_0_6	freq_ratio_0_7	c0_ratio_0_7	ts_1	elapsed_1	pkg_1	pp0_1	dram_1	freq_ratio_1_0	c0_ratio_1_0	freq_ratio_1_1	c0_ratio_1_1	freq_ratio_1_2	c0_ratio_1_2	freq_ratio_1_3	c0_ratio_1_3	freq_ratio_1_4	c0_ratio_1_4	freq_ratio_1_5	c0_ratio_1_5	freq_ratio_1_6	c0_ratio_1_6	freq_ratio_1_7	c0_ratio_1_7	
1349417998.400658	1.001137	63.219576	49.488942	0.000000	0.999953	0.947885	0.999878	0.959819	0.999972	0.959456	0.999996	0.937813	0.999973	0.958596	0.999995	0.830348	0.999969	0.808723	0.999966	0.738278	1349417998.400753	1.000345	64.537626	50.829358	0.000000	0.999992	0.960670	1.000001	0.959965	0.999981	0.959691	1.000002	0.967440	0.999981	0.959004	1.000001	0.929657	1.000001	0.929495	0.999901	0.960876	
1349417999.400655	0.999997	68.498900	54.577241	0.000000	0.999965	0.985220	0.999953	0.985278	0.999966	0.985254	1.000000	0.985152	0.999967	0.985252	1.000000	0.985169	0.999968	0.985250	0.999940	0.985305	1349417999.400742	0.999989	67.240651	53.329549	0.000000	1.000005	0.985175	1.000000	0.985337	1.000000	0.985215	1.000000	1.000000	1.000000	0.985195	1.000000	0.985214	1.000000	0.985192	1.000000	0.985211	
1349418000.400655	1.000000	67.781235	53.980148	0.000000	0.999937	0.983857	0.999891	0.983992	0.999921	0.983898	0.999981	0.983771	0.999923	0.983895	0.999962	0.983805	0.999923	0.983893	0.999911	0.983903	1349418000.400744	1.000002	66.615046	52.842490	0.000000	1.000000	0.983829	1.000000	0.984007	0.999997	0.983795	1.000000	1.000000	1.000000	0.983786	1.000000	0.983767	1.000000	0.983765	1.000000	0.983762	
1349418001.400656	1.000001	69.421885	55.418419	0.000000	0.999980	0.988326	0.999975	0.988455	0.999988	0.988345	1.000000	0.988256	0.999988	0.988351	1.000000	0.988280	0.999989	0.988348	0.999976	0.988397	1349418001.400749	1.000005	67.587278	53.656851	0.000000	1.000000	0.988274	0.999996	0.988402	1.000003	0.988342	1.000000	1.000000	1.000000	0.988293	1.000000	0.988303	1.000000	0.988290	1.000000	0.988309	
1349418002.400655	0.999999	67.033923	53.229848	0.000000	0.999931	0.961887	0.999914	0.961983	0.999928	0.961956	1.000000	0.961745	0.999930	0.961951	1.000000	0.961758	0.999932	0.961947	0.999901	0.962008	1349418002.400742	0.999993	65.471690	51.728263	0.000000	1.000000	0.961793	1.000004	0.962158	1.000000	0.961852	1.000000	1.000000	1.000000	0.961819	1.000000	0.961798	1.000000	0.961798	1.000000	0.961837	
1349418003.400656	1.000001	69.001002	55.083337	0.000000	0.999977	0.990408	0.999945	0.990629	0.999954	0.990628	1.000000	0.990357	0.999956	0.990592	0.999991	0.990397	0.999957	0.990596	0.999958	0.990741	1349418003.400748	1.000006	67.001294	53.167728	0.000000	1.000000	0.990389	0.999996	0.990737	1.000000	0.990663	1.000000	0.999959	1.000000	0.990442	1.000000	0.990567	1.000000	0.990437	1.000000	0.990582	
1349418004.400664	1.000008	70.379648	56.263414	0.000000	0.999945	0.993133	0.999921	0.993193	0.999883	0.993266	0.999981	0.993065	0.999924	0.993189	0.999982	0.993063	0.999933	0.993173	0.999915	0.993152	1349418004.400757	1.000009	68.117577	54.080122	0.000000	1.000000	0.993117	1.000004	0.993264	1.000000	0.993035	1.000000	1.000000	1.000000	0.993060	1.000000	0.993006	1.000000	0.993027	1.000000	0.993001	
1349418005.400657	0.999993	74.595395	59.885546	0.000000	1.000000	0.999945	1.000000	0.999960	1.000000	0.999902	1.000000	0.999898	1.000000	1.000000	1.000000	0.999870	1.000000	0.999951	1.000000	1.000000	1349418005.400745	0.999988	71.357861	56.743596	0.000000	1.000000	0.999918	1.000000	0.999902	1.000000	0.999953	1.000000	1.000000	1.000000	0.999871	1.000000	0.999941	1.000000	0.999869	1.000000	0.999949	
1349418006.400656	0.999999	74.733775	60.016186	0.000000	1.000000	0.999952	1.000000	0.999953	1.000000	0.999951	1.000000	0.999951	1.000000	1.000000	1.000000	0.999904	1.000000	1.000000	1.000000	1.000000	1349418006.400748	1.000003	71.524192	56.880027	0.000000	1.000000	0.999959	1.000000	0.999955	1.000000	0.999941	1.000000	1.000000	1.000000	0.999919	1.000000	0.999933	1.000000	0.999918	1.000000	0.999932	
1349418007.400660	1.000004	715802553.709605	715813712.151348	715824983.400036	0.999970	1.000013	0.999969	1.000023	0.999971	1.000023	0.999971	1.000019	0.999972	1.000022	0.999973	1.000012	0.999972	1.000022	0.999971	1.000015	1349418007.400779	1.000031	715751201.565274	715773126.881501	715805698.742530	0.999971	1.000015	0.999969	1.000021	3.894321	0.256783	0.999972	1.000019	0.999971	1.000018	0.999974	1.000017	0.999971	1.000019	0.999971	1.000018	
1349418008.400652	0.999992	0.000000	0.000000	0.000000	-nan	-nan	-nan	-nan	0.000000	inf	-nan	-nan	-nan	0.000000	-nan	-nan	-nan	-nan	-nan	-nan	1349418008.400728	0.999949	0.000000	0.000000	0.000000	-nan	-nan	-nan	-nan	0.000000	inf	-nan	-nan	-nan	-nan	-nan	-nan	-nan	-nan	-nan	-nan	
