ts_0	elapsed_0	pkg_0	pp0_0	dram_0	freq_ratio_0_0	c0_ratio_0_0	freq_ratio_0_1	c0_ratio_0_1	freq_ratio_0_2	c0_ratio_0_2	freq_ratio_0_3	c0_ratio_0_3	freq_ratio_0_4	c0_ratio_0_4	freq_ratio_0_5	c0_ratio_0_5	freq_ratio_0_6	c0_ratio_0_6	freq_ratio_0_7	c0_ratio_0_7	ts_1	elapsed_1	pkg_1	pp0_1	dram_1	freq_ratio_1_0	c0_ratio_1_0	freq_ratio_1_1	c0_ratio_1_1	freq_ratio_1_2	c0_ratio_1_2	freq_ratio_1_3	c0_ratio_1_3	freq_ratio_1_4	c0_ratio_1_4	freq_ratio_1_5	c0_ratio_1_5	freq_ratio_1_6	c0_ratio_1_6	freq_ratio_1_7	c0_ratio_1_7	
1349476838.209855	1.000477	54.714848	40.694712	8.991514	0.999906	0.982523	0.999955	0.976430	1.000000	0.975997	0.999681	0.004896	1.000000	0.975177	0.999924	0.010332	1.000023	0.004108	0.999957	0.968358	1349476838.210019	1.000430	56.570563	42.695504	8.667003	0.995498	0.007889	1.000002	0.976393	1.000001	0.975938	1.000001	0.975387	1.000053	0.008998	1.000145	0.003113	1.000001	0.969722	0.999991	0.993260	
1349476839.209849	0.999994	55.081917	40.825866	10.020827	1.000001	1.000000	1.000001	0.999962	1.000000	0.999880	0.998895	0.000229	1.000000	1.000000	1.007422	0.000056	0.999878	0.000214	1.000000	1.000000	1349476839.210012	0.999993	55.970114	41.865722	10.070840	0.999995	0.004339	1.000000	1.000000	1.000000	0.999874	1.000000	0.999942	0.994964	0.000026	0.989083	0.000013	1.000000	1.000000	1.000000	1.000000	
1349476840.209852	1.000003	55.297985	41.032572	10.019561	1.000000	1.000000	1.000000	0.999911	1.000000	0.999897	1.002200	0.000349	1.000000	1.000000	0.999351	0.000050	1.000064	0.002506	1.000000	1.000000	1349476840.210019	1.000007	56.001947	41.946060	10.022468	0.999984	0.004507	1.000000	1.000000	1.000000	0.999812	1.000000	0.999900	1.000050	0.000108	0.999983	0.000090	1.000000	1.000000	1.000000	1.000000	
1349476841.209849	0.999997	55.229419	40.975103	9.993134	1.000000	1.000000	1.000000	0.999967	1.000000	0.999949	0.996801	0.000230	1.000000	1.000000	0.998673	0.000019	0.999829	0.000884	1.000000	1.000000	1349476841.210009	0.999990	56.167646	42.004510	10.038873	1.000002	0.002709	1.000000	1.000000	1.000000	0.999935	1.000000	0.999954	0.999793	0.002950	1.002705	0.000015	1.000000	1.000000	1.000000	1.000000	
1349476842.209849	1.000000	55.160355	40.940796	10.021500	1.000000	0.999999	1.000000	0.999993	1.000000	0.999964	1.000032	0.000599	1.000000	0.999963	0.999872	0.000109	0.997322	0.000224	1.000000	1.000000	1349476842.210009	1.000000	56.142227	42.022110	10.072418	1.000012	0.000624	1.000000	0.999991	1.000000	0.999960	1.000000	0.999959	0.999992	0.004564	0.999194	0.000065	1.000000	1.000000	1.000000	1.000000	
1349476843.209850	1.000001	55.292840	41.057685	9.991552	1.000000	1.000000	1.000000	0.999996	1.000000	0.999980	1.000022	0.000345	1.000000	0.999992	1.000157	0.000025	1.000226	0.003038	1.000000	0.999991	1349476843.210010	1.000001	56.142891	42.020346	10.048300	0.999976	0.000144	1.000000	0.999991	1.000000	0.999919	1.000000	0.999991	1.000005	0.004345	0.999908	0.000017	1.000000	0.999990	1.000000	1.000000	
1349476844.209855	1.000005	55.297956	41.065270	10.021114	1.000000	1.000000	1.000000	1.000000	1.000000	0.999957	0.999954	0.000441	1.000000	0.999991	1.001036	0.000069	0.999476	0.000244	1.000000	0.999991	1349476844.210028	1.000018	56.186236	42.056758	10.078738	0.999950	0.000217	1.000000	0.999992	1.000000	0.999989	1.000000	0.999992	0.999958	0.004336	0.999716	0.000071	1.000000	1.000000	1.000000	1.000000	
1349476845.209866	1.000011	715780375.478182	715780701.253753	715775641.675851	0.999992	1.000146	0.999990	1.000150	0.999992	1.000154	0.999992	1.000147	0.999992	1.000149	0.999995	1.000144	0.999992	1.000149	0.999992	1.000147	1349476845.209967	0.999939	715863487.106314	715848323.600806	715824613.962659	0.999992	1.000147	0.999989	1.000149	3.892887	0.256916	0.999992	1.000147	0.999992	1.000149	0.999995	1.000144	0.999992	1.000149	0.999992	1.000147	
1349476846.210013	1.000147	0.000000	0.000000	0.000000	-nan	-nan	-nan	-nan	1.000008	inf	-nan	-nan	-nan	0.000000	-nan	-nan	-nan	-nan	-nan	-nan	1349476846.210094	1.000127	0.000000	0.000000	0.000000	-nan	-nan	-nan	-nan	1.345745	inf	-nan	-nan	-nan	-nan	-nan	-nan	-nan	-nan	-nan	-nan	
