ts_0	elapsed_0	pkg_0	pp0_0	dram_0	freq_ratio_0_0	c0_ratio_0_0	freq_ratio_0_1	c0_ratio_0_1	freq_ratio_0_2	c0_ratio_0_2	freq_ratio_0_3	c0_ratio_0_3	freq_ratio_0_4	c0_ratio_0_4	freq_ratio_0_5	c0_ratio_0_5	freq_ratio_0_6	c0_ratio_0_6	freq_ratio_0_7	c0_ratio_0_7	ts_1	elapsed_1	pkg_1	pp0_1	dram_1	freq_ratio_1_0	c0_ratio_1_0	freq_ratio_1_1	c0_ratio_1_1	freq_ratio_1_2	c0_ratio_1_2	freq_ratio_1_3	c0_ratio_1_3	freq_ratio_1_4	c0_ratio_1_4	freq_ratio_1_5	c0_ratio_1_5	freq_ratio_1_6	c0_ratio_1_6	freq_ratio_1_7	c0_ratio_1_7	
1349419927.032254	1.001275	76.910586	62.537646	0.000000	1.192922	0.994395	1.192164	0.986833	1.192277	0.986231	1.192240	0.985320	1.192234	0.979531	1.192232	0.985565	1.150732	0.001125	1.067434	0.000039	1349419927.032401	1.000392	80.259877	65.847298	0.000000	1.192309	0.987348	1.192322	0.986970	1.191926	0.006310	1.192281	0.986452	1.192315	0.986767	0.682036	0.000060	1.192317	0.980722	1.192298	0.988464	
1349419928.032255	1.000001	78.355592	63.869476	0.000000	1.192218	0.999274	1.192218	0.999278	1.192218	0.999278	1.192218	0.999270	1.192219	0.999242	1.192218	0.999269	1.153796	0.001186	1.153708	0.000101	1349419928.032394	0.999993	81.726578	67.247352	0.000000	1.192292	0.999882	1.192293	0.999878	1.154297	0.000156	1.192293	0.999878	1.192293	0.999878	1.142420	0.000059	1.192292	0.999878	1.192292	0.999886	
1349419929.032253	0.999998	78.566648	64.075638	0.000000	1.192139	0.999107	1.192139	0.999114	1.192139	0.999109	1.192140	0.999017	1.192140	0.999018	1.192140	0.999073	1.153867	0.002118	1.144929	0.000014	1349419929.032395	1.000001	81.931852	67.455288	0.000000	1.192295	0.999800	1.192291	0.999721	1.153956	0.000218	1.192289	0.999640	1.192289	0.999637	1.150067	0.000017	1.192289	0.999636	1.192295	0.999799	
1349419930.032251	0.999998	78.752515	64.243546	0.000000	1.192227	0.998410	1.192228	0.998395	1.192227	0.998401	1.192226	0.998297	1.192226	0.998278	1.192226	0.998341	1.153794	0.001083	1.155034	0.000111	1349419930.032388	0.999993	82.212116	67.720637	0.000000	1.192253	0.998383	1.192248	0.998229	1.151796	0.000549	1.192247	0.998172	1.192246	0.998151	1.159163	0.000135	1.192246	0.998135	1.192310	0.999259	
1349419931.032251	1.000000	77.620071	63.274475	0.000000	1.192206	0.998127	1.192205	0.998128	1.192205	0.998130	1.192205	0.998082	1.192205	0.998081	1.192204	0.998095	1.153843	0.001466	1.154738	0.000017	1349419931.032388	1.000000	80.988998	66.647232	0.000000	1.190738	0.988343	1.190733	0.988201	1.154326	0.006720	1.190736	0.988256	1.190736	0.988245	1.155888	0.000012	1.190733	0.988188	1.190814	0.989328	
1349419932.032269	1.000018	78.045464	63.647116	0.000000	1.191733	0.993068	1.191733	0.993063	1.191734	0.993048	1.191731	0.992916	1.191731	0.992913	1.191732	0.992981	1.153818	0.002565	1.154958	0.001974	1349419932.032411	1.000023	81.597803	67.195392	0.000000	1.192306	0.998170	1.192299	0.997972	1.155165	0.000072	1.192298	0.997942	1.192299	0.997944	1.153774	0.000087	1.192299	0.997957	1.192430	0.999822	
1349419933.032257	0.999988	78.933573	64.439367	0.000000	1.191632	0.993422	1.191632	0.993409	1.191632	0.993393	1.191631	0.993298	1.191630	0.993309	1.191632	0.993370	1.153824	0.004793	1.147237	0.000033	1349419933.032395	0.999984	82.534049	68.019565	0.000000	1.192294	0.998726	1.192293	0.998645	1.152592	0.000164	1.192294	0.998706	1.192293	0.998700	1.153700	0.000014	1.192293	0.998656	1.192337	0.999864	
1349419934.032259	1.000002	78.967333	64.488219	0.000000	1.191917	0.996597	1.191918	0.996620	1.191918	0.996627	1.191916	0.996453	1.191917	0.996524	1.191917	0.996546	1.153861	0.002560	1.153618	0.001423	1349419934.032396	1.000001	82.558591	68.048153	0.000000	1.192302	0.999880	1.192300	0.999817	1.150865	0.000062	1.192301	0.999813	1.192300	0.999750	1.153440	0.000075	1.192298	0.999740	1.192302	0.999888	
1349419935.032255	0.999996	79.171845	64.672351	0.000000	1.191729	0.997433	1.191730	0.997441	1.191729	0.997438	1.191730	0.997426	1.191730	0.997432	1.191730	0.997422	1.153792	0.004567	1.153840	0.001098	1349419935.032397	1.000001	82.718564	68.192989	0.000000	1.192294	0.999884	1.192292	0.999879	1.151191	0.000139	1.192294	0.999884	1.192294	0.999886	1.154612	0.000028	1.192294	0.999886	1.192294	0.999886	
1349419936.032253	0.999998	79.060362	64.567811	0.000000	1.191613	0.993246	1.191613	0.993210	1.191612	0.993267	1.191612	0.993101	1.191612	0.993088	1.191611	0.993170	1.153972	0.000380	1.153804	0.005322	1349419936.032393	0.999996	82.778061	68.256121	0.000000	1.192299	0.999805	1.192299	0.999726	1.157324	0.000086	1.192297	0.999688	1.192296	0.999685	1.153807	0.000111	1.192293	0.999552	1.192299	0.999804	
1349419937.032252	0.999999	79.085219	64.606019	0.000000	1.191961	0.997089	1.191961	0.997085	1.191961	0.997082	1.191962	0.997070	1.191961	0.997076	1.191962	0.997064	1.153887	0.000497	1.153765	0.002454	1349419937.032390	0.999997	82.801587	68.276899	0.000000	1.192294	0.999886	1.192292	0.999888	1.155164	0.000149	1.192294	0.999825	1.192294	0.999832	1.154044	0.000020	1.192294	0.999888	1.192294	0.999889	
1349419938.032254	1.000002	72.895521	58.368404	0.000000	1.189928	0.999518	1.189846	0.101855	1.189928	0.999525	1.189927	0.999385	1.189927	0.999367	1.189928	0.999519	1.159040	0.007541	1.155266	0.005007	1349419938.032480	1.000090	86.663277	72.176267	0.000000	1.157665	0.999924	1.157665	0.999802	1.153850	0.899046	1.157663	0.999847	1.157663	0.999870	1.153297	0.001690	1.157663	0.999838	1.157664	0.999933	
1349419939.032255	1.000001	715783748.249325	715818348.859347	715827202.055601	0.999969	1.000014	0.999972	1.000038	0.999980	1.000027	0.999970	1.000015	0.999970	1.000020	0.999974	1.000020	0.999969	1.000016	0.999973	1.000031	1349419939.032347	0.999867	715882370.034237	715902455.409410	715923129.393011	0.999973	1.000031	0.999967	1.000018	3.894183	0.256796	0.999970	1.000014	0.999969	1.000016	0.999976	1.000027	0.999969	1.000016	0.999973	1.000030	
1349419940.032249	0.999994	0.000000	0.000000	0.000000	-nan	-nan	-nan	-nan	8.000000	inf	-nan	-nan	-nan	0.000000	-nan	-nan	-nan	-nan	-nan	-nan	1349419940.032307	0.999960	0.000000	0.000000	0.000000	-nan	-nan	-nan	-nan	0.000000	inf	-nan	-nan	-nan	-nan	-nan	-nan	-nan	-nan	-nan	-nan	
